CHILDID	PASSID	ASSETR3	NUMOWNR3	VALASTR3	ASTACTR3
VN011001	1	24	1	30000	23
VN011001	2	23	1	20	23
VN011001	3	1	3	20	11
VN011001	4	8	1	1500	11
VN011002	1	1	4	200	11
VN011002	2	2	1	1200	11
VN011002	3	23	3	350	23
VN011003	1	1	6	350	11
VN011003	2	8	3	100	11
VN011003	3	40	5	50	30
VN011004	1	1	5	120	11
VN011004	2	2	1	1000	11
VN011004	3	3	1	50	11
VN011004	4	4	1	250	11
VN011004	5	8	4	560	11
VN011005	0	1	5	100	11
VN011005	1	1	5	100	11
VN011005	2	8	1	1000	11
VN011006	1	1	5	200	11
VN011006	2	2	1	2000	7
VN011006	3	3	1	50	11
VN011006	4	23	4	20	23
VN011008	1	1	4	100	11
VN011008	2	25	1	5000	23
VN011008	3	40	70	2000	14
VN011008	4	23	2	200	23
VN011009	1	1	4	100	11
VN011009	2	3	1	120	11
VN011009	3	8	3	250	11
VN011009	4	13	20	10000	14
VN011010	1	1	5	200	11
VN011010	2	8	4	160	11
VN011010	3	13	3	120	7
VN011011	1	1	3	50	11
VN011011	2	15	3	100	12
VN011011	3	24	1	3000	12
VN011011	4	40	1	1500	12
VN011012	1	1	5	100	11
VN011012	2	13	2	350	14
VN011012	3	8	1	200	11
VN011013	1	1	4	130	11
VN011013	2	8	4	350	11
VN011014	1	13	3	120	40
VN011015	1	1	3	80	11
VN011015	2	3	1	115	11
VN011016	1	1	11	300	11
VN011016	2	25	2	400	9
VN011017	1	1	5	250	11
VN011017	2	26	7	2600	21
VN011017	3	25	1	250000	24
VN011018	1	1	3	50	11
VN011018	2	13	2	65	7
VN011019	1	1	4	60	11
VN011019	2	8	3	50	11
VN011020	1	1	8	200	11
VN011020	2	3	1	80	11
VN011020	3	8	5	420	11
VN011020	4	15	10	250	12
VN011021	1	1	4	80	11
VN011021	2	10	5	100	7
VN011021	3	8	1	150	11
VN011022	1	1	4	40	11
VN011022	2	8	1	420	11
VN011024	1	1	4	120	11
VN011024	2	8	5	250	11
VN011024	3	13	3	1200	7
VN011025	1	1	4	150	11
VN011025	2	2	1	600	11
VN011025	3	8	5	250	11
VN011026	1	1	8	50	11
VN011026	2	25	1	2000	24
VN011028	1	1	7	200	11
VN011028	2	13	3	50	7
VN011029	1	1	5	120	11
VN011029	2	2	1	600	11
VN011029	3	3	1	80	11
VN011029	4	8	6	200	11
VN011030	1	1	5	100	11
VN011031	1	1	7	178	11
VN011032	1	1	5	200	11
VN011032	2	3	1	60	11
VN011032	3	8	6	180	11
VN011033	1	24	1	15000	23
VN011033	2	23	3	200	23
VN011033	3	40	1	2000	23
VN011033	4	25	1	500	23
VN011034	1	1	3	30	11
VN011034	2	23	2	500	23
VN011034	3	24	1	12000	23
VN011034	4	25	1	1000	23
VN011034	5	40	1	1000	23
VN011035	1	1	4	200	11
VN011035	2	99	13	100	7
VN011037	1	1	3	100	11
VN011037	2	8	3	520	11
VN011038	1	1	6	250	11
VN011038	2	2	1	600	11
VN011038	3	8	5	200	11
VN011038	4	25	1	10000	23
VN011039	1	1	8	50	11
VN011039	2	14	6	1000	9
VN011040	1	1	4	120	11
VN011040	2	3	1	80	11
VN011040	3	8	5	200	11
VN011041	1	1	8	200	11
VN011041	2	40	13	100	40
VN011041	3	8	1	500	11
VN011042	1	1	3	70	11
VN011043	1	1	2	60	11
VN011043	2	13	1	30	7
VN011044	1	1	8	200	11
VN011044	2	8	5	1200	11
VN011047	1	1	12	100	11
VN011047	2	13	15	300	7
VN011048	1	1	5	120	11
VN011050	1	1	3	100	11
VN011052	1	1	8	60	11
VN011052	2	23	19	2000	23
VN011061	1	1	3	95	11
VN011061	2	15	4	150	12
VN011061	3	24	1	9000	12
VN011063	1	1	5	150	11
VN011063	2	8	6	120	11
VN011069	1	1	6	250	11
VN011069	2	2	1	600	11
VN011069	3	3	1	70	11
VN011069	4	8	6	270	11
VN011074	1	13	2	100	7
VN011074	2	1	3	80	11
VN011088	1	1	10	1000	11
VN021002	1	1	3	60	11
VN021004	1	40	6	3000	10
VN021004	2	40	5	1000	10
VN021004	3	40	6	300	10
VN021005	1	24	1	20000	23
VN021005	2	25	1	1500	24
VN021007	1	15	-77	300	12
VN021008	1	15	-77	100	12
VN021009	1	17	5	3000	16
VN021011	1	30	1	60000	30
VN021011	2	40	1	20000	30
VN021011	3	40	3	2000	30
VN021011	4	23	3	200	23
VN021012	1	40	1	1000	11
VN021012	2	1	-77	400	11
VN021013	1	1	3	30	11
VN021014	1	23	4	100	23
VN021015	1	30	2	18000	30
VN021017	1	24	1	100000	23
VN021018	1	24	1	10000	2
VN021018	2	40	8	2000	12
VN021018	3	9	-77	1000	2
VN021020	1	25	1	3000	23
VN021022	1	25	1	6000	40
VN021022	2	13	-77	300	7
VN021022	3	1	10	250	11
VN021022	4	3	1	50	11
VN021023	1	40	1	5000	24
VN021023	2	23	4	400	23
VN021023	3	1	3	100	11
VN021023	4	3	1	60	11
VN021024	1	1	20	200	11
VN021024	2	40	1	2000	11
VN021024	3	4	1	200	11
VN021024	4	3	1	400	11
VN021025	1	1	4	100	11
VN021026	1	30	1	10000	30
VN021026	2	40	5	1000	30
VN021027	1	30	1	5000	30
VN021027	2	40	4	1000	30
VN021029	1	22	-77	500	22
VN021029	2	1	3	30	11
VN021030	1	1	4	80	11
VN021030	2	13	2	50	7
VN021031	1	3	1	80	11
VN021031	2	1	10	300	11
VN021031	3	8	2	700	11
VN021032	1	2	1	700	11
VN021032	2	1	-77	150	11
VN021033	1	2	1	1000	11
VN021033	2	4	2	200	11
VN021033	3	1	4	80	11
VN021034	1	1	3	100	11
VN021036	1	40	1	500	11
VN021036	2	1	-77	200	11
VN021037	1	4	1	100	11
VN021037	2	1	8	80	11
VN021037	3	3	1	30	11
VN021040	1	13	1	4000	7
VN021040	2	13	1	1200	7
VN021041	1	40	6	1000	30
VN021041	2	30	1	600	30
VN021041	3	1	8	150	11
VN021041	4	3	1	60	11
VN021042	1	1	10	320	11
VN021044	1	40	21	12000	30
VN021044	2	30	2	4000	30
VN021046	1	40	8	2000	30
VN021046	2	30	2	1000	30
VN021046	3	40	4	1000	30
VN021046	4	1	3	100	11
VN021046	5	3	1	50	11
VN021047	1	25	1	3000	23
VN021047	2	23	3	100	23
VN021048	1	40	25	7000	30
VN021048	2	40	1	3000	11
VN021048	3	30	2	2000	30
VN021048	4	40	1	1500	11
VN021049	1	24	1	2000000	23
VN021056	1	1	2	20	11
VN021069	1	1	5	20	11
VN021072	1	4	1	50	11
VN021072	2	3	1	200	11
VN021072	3	1	5	200	11
VN021089	1	23	1	1000	23
VN021089	2	15	-77	300	23
VN021089	3	1	5	200	11
VN021090	1	24	1	50000	23
VN021090	2	8	3	5000	11
VN021090	3	23	13	4300	23
VN021094	1	40	4	6000	11
VN021094	2	40	2	2000	11
VN021094	3	26	1	1000	21
VN021094	4	1	8	80	11
VN021094	5	4	1	60	11
VN031001	1	1	3	50	11
VN031002	1	1	10	300	11
VN031002	2	2	1	3000	11
VN031002	3	3	1	400	11
VN031002	4	4	2	600	11
VN031002	5	8	3	15000	11
VN031004	1	1	4	60	11
VN031004	2	4	1	100	11
VN031004	3	8	1	1000	11
VN031005	1	1	10	250	11
VN031005	2	2	1	1500	11
VN031005	3	4	2	350	11
VN031005	4	8	6	1200	11
VN031006	1	1	5	150	11
VN031006	2	2	1	3000	10
VN031006	3	3	1	60	11
VN031006	4	4	2	200	11
VN031006	5	8	4	2000	11
VN031007	1	1	8	100	11
VN031007	2	2	1	1500	11
VN031007	3	4	1	200	11
VN031007	4	8	3	1500	11
VN031008	1	1	6	200	11
VN031008	2	2	1	2000	11
VN031008	3	3	1	500	11
VN031008	4	4	1	400	11
VN031008	5	8	3	1000	11
VN031009	1	1	7	150	11
VN031009	2	2	1	1500	11
VN031009	3	8	2	1000	11
VN031009	4	4	2	300	11
VN031010	1	1	5	150	11
VN031010	2	2	1	1200	11
VN031010	3	4	2	400	11
VN031010	4	8	5	1500	11
VN031011	1	1	7	100	11
VN031011	2	2	1	1000	11
VN031011	3	4	2	300	11
VN031011	4	23	5	3000	23
VN031012	1	1	5	160	11
VN031012	2	4	2	400	11
VN031012	3	8	8	1500	11
VN031013	1	1	8	100	11
VN031018	1	1	5	200	11
VN031018	2	4	1	200	11
VN031018	3	8	3	800	11
VN031020	1	1	5	160	11
VN031020	2	8	6	1500	11
VN031020	3	13	3	150	7
VN031021	1	1	12	200	11
VN031021	2	13	4	100	7
VN031021	3	8	1	500	11
VN031023	1	1	10	230	11
VN031023	2	4	2	800	11
VN031023	3	2	1	3000	11
VN031023	4	8	3	1000	11
VN031024	1	1	5	120	11
VN031024	2	8	3	750	11
VN031025	1	1	5	400	11
VN031025	2	2	1	1500	11
VN031025	3	8	6	380	11
VN031025	4	4	1	370	11
VN031027	1	1	6	100	11
VN031027	2	4	2	320	11
VN031027	3	8	1	600	11
VN031028	1	1	5	300	11
VN031028	2	4	1	450	11
VN031028	3	8	5	1200	11
VN031029	1	1	10	100	11
VN031029	2	4	3	500	11
VN031029	3	8	4	4000	11
VN031031	1	1	10	100	11
VN031031	2	8	1	500	11
VN031032	1	1	4	40	11
VN031032	2	4	1	200	11
VN031032	3	8	2	3500	11
VN031033	1	1	4	20	11
VN031033	2	2	1	1000	11
VN031033	3	3	1	150	11
VN031033	4	4	1	150	11
VN031033	5	8	1	800	11
VN031034	1	1	6	120	11
VN031034	2	4	1	200	11
VN031034	3	8	1	400	11
VN031035	1	1	6	250	11
VN031035	2	2	1	1500	11
VN031035	3	4	2	450	11
VN031035	4	8	7	1200	11
VN031036	1	1	3	120	11
VN031036	2	2	1	1200	11
VN031036	3	8	5	700	11
VN031038	1	1	10	150	11
VN031038	2	4	1	250	11
VN031038	3	2	1	1500	11
VN031038	4	8	2	1500	11
VN031039	1	23	5	500	23
VN031039	2	24	1	30000	23
VN031039	3	25	1	3000	24
VN031040	1	13	2	50	7
VN031041	1	1	3	60	11
VN031041	2	25	1	1000	9
VN031041	3	9	7	6000	2
VN031041	4	8	1	300	11
VN031043	1	1	3	80	11
VN031043	2	3	1	50	11
VN031043	3	4	1	60	11
VN031043	4	8	1	2000	11
VN031044	1	13	5	150	7
VN031044	2	1	6	50	11
VN031044	3	4	2	400	11
VN031046	1	22	4	250	28
VN031046	2	40	2	10000	28
VN031046	3	8	1	200	11
VN031047	1	1	5	100	11
VN031047	2	2	1	1000	11
VN031047	3	8	1	300	11
VN031048	1	23	20	8000	12
VN031048	2	24	1	300000	12
VN031048	3	15	5	3000	12
VN031049	1	1	10	100	11
VN031049	2	2	1	1000	11
VN031049	3	4	3	600	11
VN031049	4	8	1	1000	11
VN031050	1	1	5	140	11
VN031050	2	4	1	200	11
VN031050	3	2	1	850	11
VN031050	4	8	6	1200	11
VN031052	1	1	15	300	11
VN031052	2	4	2	5	11
VN031052	3	8	1	2000	11
VN031052	4	2	1	2000	11
VN031058	1	1	5	50	11
VN031059	1	1	5	80	11
VN031059	2	8	3	60	11
VN031060	1	1	7	100	11
VN031060	2	4	1	300	11
VN031060	3	2	1	1200	24
VN031060	4	8	1	1000	11
VN031079	1	1	5	120	11
VN031079	2	2	1	1500	11
VN031079	3	4	1	200	11
VN031079	4	8	6	600	11
VN031096	1	1	12	300	11
VN031096	2	8	2	3000	11
VN031096	3	4	2	400	11
VN031098	1	1	17	350	11
VN031098	2	2	1	5000	11
VN031098	3	4	2	600	11
VN031098	4	3	1	100	11
VN031098	5	8	4	1600	11
VN031108	1	1	10	400	11
VN031108	2	4	2	480	11
VN031108	3	8	5	600	11
VN031108	4	2	1	700	11
VN031134	1	1	7	150	11
VN031134	2	4	2	400	11
VN031134	3	8	1	800	11
VN031134	4	11	8	2000	4
VN031134	5	24	1	10000	4
VN041001	1	30	1	5000	30
VN041001	2	40	1	5000	30
VN041001	3	40	2	100	30
VN041002	1	30	1	15000	30
VN041002	2	40	4	4000	40
VN041003	1	40	6	4000	30
VN041003	2	8	3	3000	11
VN041003	3	30	1	1500	30
VN041004	1	24	1	60000	23
VN041006	1	30	1	15000	30
VN041006	2	40	6	5000	30
VN041006	3	40	1	1000	30
VN041007	1	30	1	70000	30
VN041007	2	40	30	30000	30
VN041007	3	40	11	8000	11
VN041007	4	40	1	7000	11
VN041007	5	40	1	3000	11
VN041008	1	15	13	1200	12
VN041009	1	30	1	50000	30
VN041009	2	40	30	30000	30
VN041009	3	40	12	12000	30
VN041009	4	40	1	7000	30
VN041009	5	40	2	1000	30
VN041010	1	40	20	30000	30
VN041010	2	30	1	20000	30
VN041010	3	40	10	15000	30
VN041010	4	40	1	3000	30
VN041011	1	30	1	15000	30
VN041011	2	40	10	10000	30
VN041011	3	40	2	10000	40
VN041011	4	40	1	2000	30
VN041012	1	30	1	10000	30
VN041012	2	40	2	200	30
VN041013	1	40	1	500	30
VN041013	2	40	9	90	30
VN041014	1	30	1	10000	30
VN041014	2	40	1	2000	30
VN041015	1	40	5	5000	30
VN041015	2	40	1	300	30
VN041016	1	24	1	100000	23
VN041016	2	14	4	3300	9
VN041016	3	23	2	1700	23
VN041017	1	40	2	1500	30
VN041017	2	30	1	1000	30
VN041017	3	15	-77	1000	12
VN041017	4	40	1	500	30
VN041019	1	40	5	1000	30
VN041019	2	40	1	300	30
VN041020	1	13	5	150	7
VN041021	1	30	1	5000	30
VN041021	2	40	1	5000	30
VN041021	3	40	5	5000	11
VN041021	4	40	1	3000	23
VN041022	1	25	1	6000	23
VN041022	2	40	4	800	11
VN041023	1	9	10	1500	2
VN041023	2	24	1	2000	23
VN041024	1	24	-77	26000	12
VN041024	2	25	2	20000	24
VN041024	3	15	-77	10000	12
VN041024	4	40	2	4000	12
VN041025	1	40	7	7000	40
VN041025	2	40	1	1500	40
VN041025	3	40	1	200	40
VN041025	4	25	1	50	23
VN041025	5	23	1	13	23
VN041026	1	9	-77	5000	2
VN041026	2	23	-77	1000	23
VN041027	1	30	1	10000	30
VN041027	2	40	3	3000	30
VN041027	3	40	1	2000	30
VN041030	1	30	1	200000	30
VN041030	2	40	1	5000	30
VN041030	3	40	6	2000	30
VN041030	4	40	1	200	30
VN041030	5	40	4	100	30
VN041031	1	30	1	40000	30
VN041031	2	40	1	5000	30
VN041031	3	40	2	1000	30
VN041032	1	30	1	30000	30
VN041032	2	40	1	10000	30
VN041032	3	40	1	3000	30
VN041032	4	40	1	350	30
VN041032	5	40	2	1000	30
VN041032	6	26	1	1000	21
VN041034	1	30	1	50000	30
VN041034	2	40	1	20000	30
VN041036	1	40	2	400000	23
VN041036	2	40	1000	20000	23
VN041037	1	30	1	100000	23
VN041037	2	40	2	2000	12
VN041037	3	40	700	3500	12
VN041038	1	30	1	3500	30
VN041038	2	40	1	2000	30
VN041038	3	40	1	2000	30
VN041038	4	40	1	500	30
VN041038	5	40	4	500	30
VN041039	1	30	1	7000	30
VN041039	2	40	1	1000	30
VN041039	3	40	4	200	30
VN041039	4	40	1	500	30
VN041040	1	30	1	30000	30
VN041040	2	40	1	4000	30
VN041040	3	40	1	1500	30
VN041040	4	40	4	400	30
VN041041	1	30	1	20000	30
VN041041	2	40	1	4000	30
VN041041	3	40	4	500	30
VN041041	4	40	1	400	30
VN041042	1	13	4	3000	14
VN041043	1	40	1	2000	12
VN041043	2	40	1	1000	12
VN041043	3	40	4	200	12
VN041046	1	30	1	5000	30
VN041046	2	40	2	1000	30
VN041047	1	8	2	4000	11
VN041047	2	8	1	1000	11
VN041047	3	40	1	2500	11
VN041049	1	40	1	-88	30
VN041049	2	40	1	-88	30
VN041049	3	40	1	-88	30
VN041050	1	30	1	15000	30
VN041050	2	40	20	20000	30
VN041050	3	40	4	800	30
VN041059	1	1	8	1340	11
VN041092	1	30	1	30000	30
VN041092	2	40	1	8000	30
VN041092	3	40	2	1500	30
VN041092	4	40	1	1500	23
VN041106	1	40	1	6000	30
VN041106	2	40	1	1000	30
VN041109	1	30	1	10000	30
VN041109	2	40	1	2000	30
VN041109	3	40	1	500	30
VN041110	1	40	6	20000	30
VN041114	1	30	1	15000	30
VN041114	2	40	1	4000	30
VN041130	1	24	1	60000	23
VN051001	1	1	2	10	40
VN051001	2	40	1	6	40
VN051002	1	22	10	200	22
VN051004	1	40	2	3000	40
VN051004	2	40	15	1000	40
VN051005	1	40	4	2800	11
VN051006	1	1	1	10	11
VN051008	1	40	2	1000	11
VN051008	2	40	1	500	11
VN051009	1	40	4	10000	11
VN051011	1	40	26	8000	40
VN051012	1	40	4	6000	40
VN051013	1	40	1	1000	11
VN051013	2	40	1	500	11
VN051015	1	24	1	15000	23
VN051015	2	25	1	5000	40
VN051017	1	40	4	12000	40
VN051017	2	24	1	13000	23
VN051018	1	24	1	5000	23
VN051018	2	40	6	3000	40
VN051019	1	1	2	50	11
VN051020	1	13	10	500	40
VN051020	2	40	3	50	40
VN051020	3	1	2	50	11
VN051021	1	40	2	500	40
VN051021	2	40	24	1000	40
VN051022	1	40	4	25000	11
VN051023	1	25	1	2000	24
VN051024	1	40	3	5000	40
VN051024	2	40	45	2000	40
VN051024	3	1	3	60	11
VN051024	4	40	2	20	40
VN051024	5	25	1	4000	40
VN051025	2	1	3	60	11
VN051026	1	1	10	120	11
VN051026	2	3	1	300	11
VN051027	1	1	3	50	10
VN051027	2	13	7	200	7
VN051028	1	8	1	200	11
VN051028	2	1	2	50	11
VN051029	1	24	1	10000	23
VN051031	1	1	3	50	11
VN051031	2	40	3	350	40
VN051031	3	40	4	500	40
VN051034	1	24	1	20000	23
VN051035	1	1	5	100	11
VN051035	2	24	1	40000	23
VN051037	1	7	1	2000	11
VN051037	2	1	10	130	11
VN051037	3	3	2	1200	11
VN051038	1	8	1	350	11
VN051038	2	8	4	40	11
VN051041	1	1	7	20	11
VN051044	1	8	1	400	11
VN051044	2	1	3	50	11
VN051045	1	8	1	500	11
VN051045	2	1	2	50	11
VN051046	1	1	3	10	11
VN051047	1	1	5	15	11
VN051047	2	3	1	20	11
VN051048	1	1	4	15	11
VN051048	2	3	1	30	11
VN051050	1	1	4	30	11
VN061006	1	25	1	4000	24
VN061008	1	25	1	10000	27
VN061009	1	24	1	17000	23
VN061012	1	25	1	5000	40
VN061013	1	1	2	10	11
VN061014	1	1	5	30	11
VN061014	2	6	0	0	11
VN061014	3	25	1	100	11
VN061015	1	40	1	1500	40
VN061015	2	40	20	300	40
VN061015	3	40	4	10	40
VN061016	1	8	2	4000	11
VN061017	1	3	1	50	12
VN061017	2	25	1	500	11
VN061017	3	6	0	0	11
VN061017	4	40	4	25000	23
VN061019	1	1	3	15	11
VN061019	2	3	2	10	11
VN061019	3	26	3	1000	21
VN061019	4	22	2	300	22
VN061019	5	30	1	500	11
VN061020	1	8	3	250	30
VN061021	1	40	3	3000	40
VN061021	2	40	40	1200	40
VN061023	1	1	7	50	11
VN061023	2	25	1	500	11
VN061023	3	6	0	0	11
VN061023	4	3	0	0	11
VN061024	1	30	0	0	30
VN061026	1	40	1	1500	40
VN061026	2	40	1	1500	40
VN061026	3	25	1	2500	40
VN061026	4	40	1	300	23
VN061026	5	24	1	5000	23
VN061028	1	25	1	3000	24
VN061030	1	24	0	1	23
VN061031	1	25	1	3000	24
VN061032	1	40	20	10000	40
VN061033	1	25	1	20000	40
VN061037	1	15	3	60	12
VN061037	2	40	2	2000	40
VN061039	1	40	2	2100	22
VN061039	2	22	25	300	22
VN061039	3	40	1	1000	22
VN061040	1	1	2	5	11
VN061040	2	3	0	200	11
VN061040	3	6	0	-88	11
VN061040	4	4	0	-88	11
VN061041	1	8	1	1500	11
VN061041	2	1	4	50	11
VN061041	3	3	1	200	11
VN061042	1	26	1	2000	21
VN061042	2	17	1	2000	16
VN061043	1	1	2	30	11
VN061044	1	1	2	3	11
VN061044	2	3	2	30	11
VN061046	1	8	1	750	11
VN061046	2	3	1	200	11
VN061046	3	1	3	5	11
VN061047	1	1	2	20	11
VN061047	2	3	1	1000	11
VN061047	3	40	10	1000	40
VN061047	4	25	1	2500	40
VN061049	1	1	2	25	11
VN061049	2	25	2	2500	23
VN061055	1	26	1	75	21
VN061056	1	40	1	500	11
VN061056	2	99	-99	-99	99
VN061057	1	1	1	5	40
VN061057	2	40	1	2000	30
VN061057	3	40	4	40	30
VN061057	4	20	8	80	30
VN061079	1	1	2	15	11
VN061079	2	40	1	3000	40
VN071002	1	1	5	100	11
VN071003	1	3	1	1200	11
VN071003	2	99	5	60	11
VN071004	1	25	1	20000	24
VN071005	1	1	5	90	11
VN071006	1	40	1	1000	40
VN071007	1	3	1	1000	11
VN071007	2	24	1	8000	23
VN071007	3	1	10	100	11
VN071007	4	40	1	1500	23
VN071008	1	40	1	1500	12
VN071008	2	15	2	200	12
VN071009	1	14	3	8000	9
VN071009	2	40	1	2000	23
VN071009	3	40	1	2000	23
VN071010	1	24	1	150000	23
VN071011	1	1	5	65	11
VN071013	1	3	1	1500	11
VN071013	2	8	1	1000	11
VN071013	3	40	1	300	11
VN071014	1	3	1	1000	11
VN071014	2	1	4	50	11
VN071015	1	1	3	100	11
VN071015	2	3	1	1500	11
VN071015	3	40	1	1000	11
VN071018	1	1	6	200	11
VN071019	1	3	1	3000	11
VN071019	2	8	1	2000	11
VN071020	1	30	1	3000	30
VN071020	2	40	1	10000	30
VN071021	1	3	1	1500	11
VN071021	2	8	1	1000	11
VN071023	1	3	1	1500	11
VN071023	2	40	1	1200	11
VN071023	3	1	3	40	11
VN071024	1	1	10	500	11
VN071024	2	24	1	10000	23
VN071024	3	3	1	1500	11
VN071024	4	40	1	1000	11
VN071025	1	25	1	10000	24
VN071025	2	15	1	500	23
VN071026	1	13	10	1000	40
VN071027	1	1	3	100	11
VN071027	2	3	1	800	11
VN071029	1	40	10	80	14
VN071032	1	1	3	280	11
VN071032	2	3	1	1000	11
VN071032	3	40	1	1000	11
VN071033	1	15	5	500	23
VN071034	1	1	6	200	11
VN071035	1	3	1	3000	11
VN071036	1	25	1	3000	24
VN071038	1	3	1	700	11
VN071039	1	8	1	700	11
VN071039	2	3	1	300	11
VN071041	1	1	3	75	11
VN071042	1	1	5	150	11
VN071043	1	1	5	100	11
VN071044	1	13	6	1000	7
VN071046	1	1	3	20	11
VN071047	1	3	1	200	11
VN071047	2	1	4	70	11
VN071048	1	40	10	300	11
VN071048	2	1	4	90	11
VN071049	1	8	1	2000	11
VN071073	1	1	3	100	11
VN071073	2	3	1	1000	11
VN071091	1	3	1	2000	11
VN071091	2	40	1	4500	11
VN071112	1	40	10	20000	14
VN071112	2	14	4	10000	9
VN071112	3	26	1	500	21
VN071120	1	8	1	600	11
VN071120	2	3	1	500	11
VN071121	1	3	1	300	11
VN071121	2	8	1	200	11
VN081001	1	13	2	200	7
VN081001	2	1	2	50	8
VN081003	1	1	4	100	11
VN081005	1	1	5	100	11
VN081006	1	40	4	200	40
VN081007	1	40	15	40000	11
VN081008	1	1	5	50	11
VN081011	1	1	1	50	11
VN081012	1	24	1	1000	23
VN081013	1	40	8	25	30
VN081013	2	1	5	80	11
VN081017	1	1	4	1000	11
VN081017	2	8	2	50	23
VN081018	1	40	7	500	30
VN081020	1	1	5	500	11
VN081021	1	1	5	100	11
VN081022	1	26	5	1500	21
VN081023	1	13	4	50	7
VN081025	1	13	10	1500	7
VN081025	2	1	6	100	11
VN081026	1	1	2	100	11
VN081028	1	25	1	100	23
VN081028	2	1	4	80	11
VN081029	1	25	1	15000	24
VN081030	1	40	2	20000	40
VN081030	2	1	4	50	11
VN081031	1	15	8	700	12
VN081032	1	1	5	80	11
VN081034	1	40	1	2000	12
VN081034	2	40	1	1000	12
VN081034	3	15	2	500	12
VN081035	1	24	1	50000	23
VN081036	1	40	4	50	14
VN081038	1	24	1	100000	23
VN081038	2	40	1	8000	23
VN081039	1	1	5	100	11
VN081041	1	15	9	350	23
VN081042	1	13	8	700	7
VN081046	1	1	3	40	11
VN081047	1	15	4	2000	12
VN081047	2	25	1	150	23
VN081049	1	40	1	600	11
VN081073	1	1	3	100	11
VN081073	2	13	3	75	7
VN081092	1	9	7	300	2
VN081105	1	3	1	100	11
VN081105	2	1	4	80	11
VN081108	1	1	3	75	11
VN081108	2	3	1	800	11
VN081108	3	40	1	500	11
VN081120	1	40	1	500	11
VN081130	1	40	30	500	23
VN081139	1	40	1	1000	23
VN081139	2	40	2	1000	11
VN081139	3	15	2	500	23
VN081145	1	40	2	600	24
VN081145	2	1	4	60	11
VN081150	1	26	5	4000	21
VN081150	2	23	20	2000	12
VN091001	1	4	2	50	11
VN091001	2	1	11	100	11
VN091003	1	1	15	130	11
VN091003	2	25	1	2000	11
VN091003	3	4	2	250	11
VN091005	1	4	1	80	11
VN091005	2	1	10	2300	11
VN091006	1	1	8	130	11
VN091008	1	1	15	100	11
VN091008	2	4	4	400	11
VN091008	3	3	1	50	11
VN091008	4	6	1	100	11
VN091008	5	26	1	150	21
VN091008	6	25	2	5000	24
VN091009	1	4	2	140	11
VN091009	2	1	16	150	11
VN091010	1	4	2	200	11
VN091010	2	6	1	500	11
VN091010	3	1	9	150	11
VN091011	1	1	8	10	11
VN091011	2	4	2	20	11
VN091011	3	3	1	20	11
VN091011	4	25	1	5500	24
VN091012	1	1	10	10	11
VN091012	2	3	1	20	11
VN091012	3	25	1	2000	24
VN091012	4	4	2	20	11
VN091012	5	26	1	20	21
VN091013	1	4	2	300	11
VN091013	2	1	13	120	11
VN091014	1	4	4	200	11
VN091014	2	1	10	100	11
VN091015	1	1	11	100	11
VN091016	1	1	9	20	11
VN091016	2	4	2	50	11
VN091017	1	4	2	250	11
VN091017	2	1	8	150	11
VN091018	1	4	2	400	11
VN091018	2	1	11	100	11
VN091019	1	3	1	80	11
VN091019	2	4	2	200	11
VN091019	3	1	9	150	11
VN091020	1	6	1	7000	11
VN091020	2	40	1	3000	40
VN091020	3	4	4	600	11
VN091020	4	1	10	200	11
VN091021	1	4	1	200	11
VN091021	2	1	9	-77	11
VN091021	3	4	1	-77	11
VN091022	1	1	13	275	11
VN091022	2	3	1	80	11
VN091022	3	4	4	800	11
VN091022	4	6	1	300	11
VN091022	5	8	7	210	11
VN091022	6	40	1	30	11
VN091024	1	3	1	90	11
VN091024	2	4	2	200	11
VN091024	3	1	9	195	11
VN091025	1	4	2	200	11
VN091025	2	1	15	100	11
VN091026	1	1	13	70	11
VN091026	2	4	2	100	11
VN091026	3	3	1	20	11
VN091026	4	6	1	30	11
VN091027	1	4	1	100	11
VN091027	2	1	6	120	11
VN091027	3	40	1	3000	40
VN091028	1	1	12	50	11
VN091028	2	4	2	100	11
VN091028	3	26	1	100	21
VN091028	4	25	1	2000	24
VN091029	1	4	2	200	11
VN091029	2	1	17	400	11
VN091030	1	4	2	100	11
VN091030	2	1	8	100	11
VN091031	1	4	2	210	11
VN091031	2	6	1	400	11
VN091031	3	1	9	200	11
VN091032	1	6	1	200	11
VN091032	2	4	2	200	11
VN091032	3	1	9	150	11
VN091033	1	1	17	110	11
VN091036	1	1	5	110	11
VN091036	2	4	2	400	11
VN091037	1	6	1	300	11
VN091037	2	4	4	300	11
VN091037	3	1	10	120	11
VN091039	1	4	4	600	11
VN091039	2	1	11	150	11
VN091041	1	1	9	10	11
VN091041	2	4	2	20	11
VN091041	3	3	1	40	11
VN091042	1	1	8	200	11
VN091044	1	1	14	20	11
VN091044	2	4	2	30	11
VN091044	3	3	1	50	99
VN091044	4	6	1	80	11
VN091044	5	25	1	4000	24
VN091045	1	1	5	20	11
VN091045	2	25	1	4000	24
VN091045	3	4	2	20	11
VN091046	1	40	2	8000	40
VN091047	1	25	1	14000	23
VN091047	2	23	2	700	23
VN091048	1	8	3	50	11
VN091048	2	23	3	1700	23
VN091048	3	25	1	6000	23
VN091049	1	4	2	350	11
VN091049	2	1	10	120	11
VN091050	1	4	2	300	11
VN091050	2	1	9	100	11
VN091052	1	4	6	500	11
VN091052	2	1	12	200	11
VN091052	3	3	1	150	11
VN091053	1	4	2	200	11
VN091053	2	6	1	600	11
VN091053	3	1	8	70	11
VN091056	1	1	4	100	11
VN091056	2	4	2	150	11
VN091056	3	3	1	50	11
VN091056	4	6	1	600	11
VN091056	5	25	0	4000	24
VN091057	1	4	1	100	11
VN091057	2	6	1	200	11
VN091057	3	1	6	120	11
VN091061	1	1	9	99	11
VN091061	2	4	1	120	11
VN091061	3	40	1	30	11
VN091062	1	1	12	20	11
VN091062	2	4	2	10	11
VN091062	3	25	1	2000	24
VN091062	4	6	1	50	11
VN091064	1	1	11	5	11
VN091064	2	6	1	100	11
VN091064	3	4	2	10	11
VN091064	4	3	1	60	11
VN091064	5	25	1	4000	24
VN091070	1	4	1	150	11
VN091070	2	6	1	250	11
VN091070	3	1	8	200	11
VN091071	1	1	6	90	11
VN091071	2	4	1	200	11
VN101001	1	1	14	300	11
VN101001	2	4	2	260	11
VN101004	1	4	2	200	11
VN101004	2	3	1	100	11
VN101004	3	2	1	500	11
VN101004	4	6	1	200	11
VN101004	5	1	14	180	11
VN101005	1	40	2	50000	40
VN101009	1	6	1	400	11
VN101009	2	4	2	200	11
VN101009	3	1	10	200	11
VN101010	1	1	7	300	11
VN101010	2	4	2	500	11
VN101010	3	6	1	700	11
VN101010	4	13	1	1700	7
VN101011	1	1	8	350	11
VN101011	2	4	2	300	11
VN101011	3	6	1	150	11
VN101013	1	1	4	20	11
VN101013	2	40	4	40	40
VN101014	1	4	2	300	11
VN101014	2	6	1	100	11
VN101014	3	1	8	100	11
VN101015	1	40	9	-77	40
VN101015	2	25	1	25000	24
VN101016	1	26	10	200	21
VN101016	2	25	1	7000	24
VN101017	1	40	-77	30000	40
VN101017	2	23	8	1000	23
VN101017	3	1	8	100	11
VN101018	1	4	2	300	11
VN101018	2	6	1	400	11
VN101018	3	8	1	40	11
VN101018	4	1	6	150	11
VN101019	1	25	1	320	24
VN101019	2	1	6	120	11
VN101019	3	8	1	50	11
VN101020	1	4	2	250	11
VN101020	2	6	1	200	11
VN101020	3	1	10	200	11
VN101020	4	8	1	100	11
VN101021	1	6	1	400	11
VN101021	2	1	14	200	11
VN101022	1	1	10	30	11
VN101022	2	3	1	40	11
VN101022	3	4	2	300	11
VN101022	4	6	1	1000	11
VN101022	5	25	1	3000	24
VN101022	6	23	6	100	23
VN101023	1	2	1	1500	11
VN101023	2	4	2	800	11
VN101023	3	1	17	150	11
VN101024	1	4	2	200	11
VN101024	2	6	1	300	11
VN101024	3	1	9	150	11
VN101025	1	1	7	320	11
VN101025	2	4	2	500	11
VN101025	3	6	1	1500	11
VN101026	1	4	2	160	11
VN101026	2	1	10	100	11
VN101027	1	4	2	400	11
VN101027	2	1	12	180	11
VN101028	1	6	1	8000	11
VN101028	2	1	5	300	11
VN101028	3	8	1	20000	40
VN101029	1	4	1	400	11
VN101029	2	1	12	110	11
VN101030	1	40	1	10000	40
VN101030	2	7	1	7000	11
VN101030	3	1	7	150	11
VN101031	1	1	5	25	11
VN101031	2	25	1	5000	24
VN101034	1	1	10	50	11
VN101034	2	4	2	100	11
VN101034	3	6	1	150	11
VN101034	4	25	1	4000	24
VN101034	5	13	4	100	10
VN101034	6	3	1	50	11
VN101035	1	4	2	200	11
VN101035	2	6	1	50	11
VN101035	3	8	1	50	11
VN101035	4	1	6	100	11
VN101036	1	4	2	700	11
VN101036	2	6	1	350	11
VN101036	3	1	8	300	11
VN101037	1	4	2	300	11
VN101037	2	3	1	80	11
VN101037	3	2	1	200	11
VN101037	4	1	11	200	11
VN101038	1	1	6	24	11
VN101039	1	4	2	300	11
VN101039	2	1	9	200	11
VN101040	1	4	2	300	11
VN101040	2	3	1	100	11
VN101040	3	6	1	300	11
VN101040	4	1	9	200	11
VN101041	1	4	1	100	11
VN101041	2	6	1	200	11
VN101041	3	1	6	300	11
VN101042	1	1	8	20	11
VN101042	2	4	2	100	11
VN101042	3	3	1	50	11
VN101042	4	25	1	2000	24
VN101042	5	6	1	200	11
VN101042	6	40	2	60	11
VN101043	1	1	7	150	11
VN101044	1	1	6	300	11
VN101045	1	1	12	100	11
VN101047	1	1	8	40	11
VN101047	2	3	1	50	11
VN101047	3	40	1	150	11
VN101047	4	25	1	4000	24
VN101047	5	40	1	50	23
VN101047	6	13	6	300	14
VN101048	1	1	9	30	11
VN101048	2	3	1	40	11
VN101048	3	4	2	50	11
VN101048	4	25	1	4000	24
VN101048	5	40	0	100	11
VN101049	1	4	2	500	11
VN101049	2	1	6	200	11
VN101049	3	99	0	200	11
VN101050	1	1	6	200	11
VN101051	1	1	6	12	11
VN101051	2	3	1	30	11
VN101051	3	6	1	100	11
VN101051	4	25	1	150	24
VN101054	1	4	2	250	11
VN101054	2	3	0	100	11
VN101054	3	6	1	150	11
VN101054	4	1	11	200	11
VN101059	1	1	4	150	11
VN101059	2	4	2	300	11
VN101064	1	4	2	500	11
VN101064	2	1	9	200	11
VN101067	1	4	2	300	11
VN101067	2	6	1	500	11
VN101067	3	1	9	600	11
VN101083	1	4	3	500	11
VN101083	2	1	13	150	11
VN101083	3	40	1	400	11
VN111001	1	40	2	2000	40
VN111001	2	1	5	250	11
VN111002	1	6	1	700	11
VN111002	2	1	12	60	11
VN111003	1	6	1	400	11
VN111003	2	1	7	160	11
VN111004	1	1	6	50	11
VN111004	2	3	1	80	11
VN111004	3	8	2	20	11
VN111005	1	1	13	282	11
VN111005	2	4	1	500	11
VN111005	3	8	1	200	11
VN111006	1	1	6	100	11
VN111006	2	4	1	200	11
VN111006	3	6	1	100	11
VN111006	4	8	2	20	11
VN111008	1	4	1	200	11
VN111008	2	40	1	300	11
VN111008	3	1	5	80	11
VN111009	1	40	1	1000	12
VN111009	2	1	20	200	11
VN111010	1	1	4	100	11
VN111010	2	24	1	150000	23
VN111010	3	40	1	8000	23
VN111011	1	1	9	150	11
VN111012	1	1	6	240	11
VN111012	2	3	1	150	11
VN111012	3	4	1	120	11
VN111012	4	15	1	400	12
VN111013	1	99	7	150	11
VN111014	1	1	6	100	11
VN111014	2	40	1	1500	12
VN111014	3	40	1	250	30
VN111015	1	26	2	2500	21
VN111016	1	25	1	2000	24
VN111016	2	1	3	10	11
VN111017	1	25	1	1500	40
VN111017	2	1	3	5	11
VN111018	1	1	10	300	11
VN111018	2	13	5	5000	40
VN111019	1	1	2	60	11
VN111019	2	25	1	3000	23
VN111019	3	23	3	2000	23
VN111020	1	1	14	200	11
VN111020	2	40	1	500	11
VN111021	1	40	1	4000	12
VN111021	2	1	6	20	11
VN111022	1	6	1	200	11
VN111022	2	4	2	700	11
VN111022	3	1	8	115	11
VN111025	1	1	20	50	11
VN111027	1	1	10	200	11
VN111027	2	40	1	800	12
VN111027	3	24	1	30000	23
VN111027	4	40	2	700	23
VN111027	5	40	1	200	30
VN111028	1	1	6	120	11
VN111028	2	3	1	50	11
VN111030	1	4	1	400	11
VN111030	2	40	1	200	11
VN111030	3	3	1	60	11
VN111030	4	1	5	50	11
VN111031	1	25	1	1000	7
VN111032	1	1	10	50	11
VN111033	1	3	1	50	11
VN111033	2	1	5	60	11
VN111034	1	15	130	1700	12
VN111034	2	23	65	4100	12
VN111034	3	24	1	250000	12
VN111034	4	25	1	10000	12
VN111034	5	40	4	800	12
VN111035	1	1	4	40	11
VN111035	2	3	1	200	11
VN111035	3	8	2	20	12
VN111035	4	13	3	20000	7
VN111036	1	1	10	50	11
VN111038	1	1	7	140	11
VN111039	1	1	8	200	11
VN111039	2	2	1	1800	11
VN111039	3	40	10	30000	40
VN111040	1	1	6	200	11
VN111040	2	3	1	50	11
VN111040	3	8	4	130	11
VN111040	4	40	1	200	30
VN111041	1	40	1	20000	40
VN111041	2	3	1	500	11
VN111041	3	1	6	600	11
VN111042	1	3	1	60	11
VN111042	2	1	6	90	11
VN111043	1	17	2	7500	16
VN111043	2	24	2	500	23
VN111043	3	40	1	2000	23
VN111043	4	3	1	50	11
VN111043	5	1	6	112	11
VN111044	1	1	7	150	11
VN111045	1	1	8	230	11
VN111047	1	1	14	360	11
VN111047	2	40	3	25000	40
VN111048	1	1	4	30	11
VN111048	2	4	1	300	11
VN111048	3	8	3	30	11
VN111048	4	40	1	3000	40
VN111050	1	40	1	4000	12
VN111050	2	1	6	50	11
VN111057	1	2	1	1000	11
VN111057	2	3	1	40	13
VN111057	3	4	1	60	11
VN111057	4	1	9	310	11
VN111057	5	15	1	1000	12
VN111065	1	1	4	37	11
VN111065	2	2	1	700	11
VN111065	3	3	1	120	11
VN111065	4	4	1	50	11
VN111065	5	6	1	200	11
VN111065	6	8	3	20	11
VN111069	1	1	9	210	11
VN111069	2	4	1	50	11
VN111069	3	40	1	5000	40
VN111069	4	40	1	1000	12
VN111086	1	2	1	100	11
VN111086	2	4	1	300	11
VN111086	3	99	6	150	11
VN111086	4	40	1	150	11
VN111109	1	1	9	20	11
VN111111	1	4	1	200	11
VN111111	2	40	1	150	11
VN111111	3	1	5	100	11
VN111119	1	4	2	500	11
VN111119	2	1	7	120	11
VN111119	3	3	1	80	11
VN121001	1	1	22	475	11
VN121001	2	4	2	500	11
VN121001	3	8	2	400	11
VN121001	4	40	1	10000	40
VN121001	5	40	2	3500	12
VN121001	6	40	2	1100	12
VN121002	1	2	1	50	11
VN121002	2	1	9	210	11
VN121003	1	1	4	30	11
VN121003	2	24	1	150000	23
VN121003	3	40	1	20000	40
VN121004	1	2	1	600	11
VN121004	2	4	2	400	11
VN121004	3	3	1	60	11
VN121004	4	1	7	110	11
VN121004	5	6	1	2500	11
VN121004	6	40	1	10000	11
VN121005	1	1	5	40	11
VN121005	2	3	1	100	11
VN121005	3	4	2	150	11
VN121005	4	40	1	1500	40
VN121005	5	13	1	2000	7
VN121005	6	8	4	20	11
VN121006	1	1	4	100	12
VN121006	2	4	1	200	11
VN121006	3	3	1	40	11
VN121007	1	1	6	50	11
VN121007	2	3	1	100	11
VN121007	3	4	2	200	11
VN121007	4	6	1	1000	11
VN121007	5	40	1	4000	40
VN121007	6	8	4	30	11
VN121008	1	4	2	500	11
VN121008	2	1	7	200	11
VN121009	1	6	1	700	11
VN121009	2	3	1	120	11
VN121009	3	1	13	500	11
VN121011	1	1	9	270	11
VN121011	2	4	1	200	11
VN121011	3	8	1	150	11
VN121012	1	1	4	50	11
VN121012	2	3	1	200	11
VN121012	3	8	4	40	11
VN121012	4	13	6	12000	7
VN121013	1	40	1	17000	40
VN121013	2	2	1	600	11
VN121013	3	4	2	400	11
VN121013	4	3	1	50	11
VN121013	5	1	7	140	11
VN121014	1	40	1	20000	40
VN121014	2	25	1	2000	23
VN121019	1	40	1	12000	10
VN121019	2	4	2	500	11
VN121019	3	1	10	300	11
VN121019	4	40	1	20000	40
VN121019	5	8	1	4000	11
VN121019	6	40	1	10000	40
VN121020	1	40	1	4000	11
VN121020	2	1	10	200	11
VN121020	3	3	1	100	11
VN121021	1	1	4	180	11
VN121021	2	25	1	3000	23
VN121021	3	40	2	300	23
VN121022	1	6	1	150	11
VN121022	2	4	1	80	11
VN121022	3	1	20	1000	11
VN121023	1	22	10	3000	28
VN121023	2	40	3	3000	13
VN121023	3	1	11	500	11
VN121025	1	3	1	60	11
VN121025	2	1	7	120	11
VN121025	3	40	1	3000	11
VN121028	1	4	2	300	11
VN121028	2	6	1	200	11
VN121028	3	1	6	100	11
VN121030	1	4	2	350	11
VN121030	2	3	1	50	11
VN121030	3	1	7	160	11
VN121031	1	2	1	1000	11
VN121031	2	4	2	500	11
VN121031	3	3	1	60	11
VN121031	4	1	6	90	11
VN121032	1	8	1	400	11
VN121032	2	1	6	90	11
VN121032	3	8	2	70	11
VN121032	4	40	1	500	11
VN121033	1	4	2	500	11
VN121033	2	3	1	70	11
VN121033	3	1	5	60	11
VN121034	1	1	7	90	11
VN121034	2	4	1	250	11
VN121034	3	8	1	150	11
VN121035	1	4	2	300	11
VN121035	2	3	1	40	11
VN121035	3	1	6	130	11
VN121036	1	1	6	110	11
VN121036	2	13	1	4000	7
VN121036	3	13	1	3000	7
VN121036	4	13	1	500	7
VN121037	1	1	8	169	11
VN121037	2	4	2	600	11
VN121037	3	8	1	250	11
VN121038	1	8	1	200	11
VN121038	2	4	1	200	11
VN121038	3	8	1	200	11
VN121038	4	2	1	200	11
VN121038	5	1	11	110	11
VN121038	6	15	1	50	12
VN121039	1	4	2	400	11
VN121039	2	3	1	50	11
VN121039	3	1	6	120	11
VN121040	1	4	1	200	11
VN121040	2	3	1	50	11
VN121040	3	1	6	100	11
VN121041	1	1	7	155	11
VN121041	2	4	1	250	11
VN121041	3	8	1	150	11
VN121042	1	1	5	200	11
VN121042	2	3	1	100	11
VN121042	3	4	2	400	11
VN121042	4	8	2	20	11
VN121043	1	4	2	300	11
VN121043	2	1	5	100	11
VN121044	1	8	1	250	11
VN121044	2	2	1	100	11
VN121044	3	1	7	160	11
VN121044	4	4	1	100	11
VN121044	5	8	1	100	11
VN121044	6	40	1	3000	11
VN121045	1	1	60	300	11
VN121047	1	1	10	300	11
VN121048	1	40	1	10000	11
VN121048	2	1	5	200	11
VN121049	1	6	1	350	11
VN121049	2	4	2	400	11
VN121049	3	3	1	70	11
VN121049	4	1	6	110	11
VN121050	1	1	7	100	11
VN121052	1	1	4	80	8
VN121057	1	40	1	600	11
VN121057	2	1	7	40	11
VN121061	1	1	5	125	11
VN121061	2	4	1	200	11
VN121063	1	1	12	400	11
VN121063	2	3	1	500	11
VN121074	1	3	1	50	11
VN121074	2	1	17	150	11
VN121088	1	40	4	200	12
VN121094	1	1	5	40	11
VN121094	2	3	1	100	11
VN121094	3	8	3	20	11
VN121109	1	4	2	400	11
VN121109	2	1	7	170	11
VN121124	1	1	8	100	11
VN121124	2	2	1	500	11
VN121124	3	4	2	200	11
VN121124	4	6	1	200	11
VN121124	5	8	8	100	11
VN131001	1	26	1	3000	21
VN131001	2	1	5	10	11
VN131002	1	26	1	1500	21
VN131002	2	3	1	40	11
VN131002	3	13	2	30	7
VN131002	4	1	2	10	11
VN131004	1	25	1	10000	24
VN131004	2	23	3	500	23
VN131005	1	26	1	2000	21
VN131005	2	13	3	50	7
VN131006	1	40	1	10	11
VN131006	2	1	6	50	11
VN131008	1	6	1	200	11
VN131008	2	40	1	200	11
VN131008	3	1	5	50	11
VN131009	1	25	2	3500	11
VN131009	2	1	4	20	11
VN131010	1	13	15	200000	23
VN131011	1	26	1	2000	21
VN131012	1	40	1	1000	23
VN131012	2	23	5	1000	23
VN131013	1	25	1	10000	23
VN131013	2	26	1	3000	21
VN131014	1	26	1	2000	21
VN131014	2	13	6	700	7
VN131017	1	40	1	200	11
VN131019	1	13	12	40000	40
VN131019	2	26	1	3000	21
VN131019	3	1	2	10	11
VN131020	1	26	1	1500	21
VN131021	1	26	1	2000	21
VN131022	1	25	1	10000	23
VN131022	2	23	4	80	23
VN131023	1	25	1	6000	23
VN131023	2	3	1	150	11
VN131024	1	26	1	2000	21
VN131025	1	25	1	500	11
VN131025	2	1	7	100	11
VN131026	1	25	2	1500000	24
VN131026	2	26	2	2000	21
VN131026	3	3	1	50	11
VN131027	1	25	2	25000	23
VN131027	2	40	2	1500	11
VN131027	3	26	1	3000	21
VN131028	1	25	1	300000	24
VN131028	2	26	1	3	21
VN131028	3	40	1	1000	11
VN131030	1	1	10	50	11
VN131031	1	40	1	100	11
VN131031	2	1	8	10	11
VN131033	1	25	2	15000	23
VN131036	1	40	1	400	11
VN131036	2	3	1	30	11
VN131036	3	1	1	10	11
VN131037	1	40	1	1000	11
VN131037	2	1	4	40	11
VN131038	1	40	1	150	11
VN131038	2	3	1	80	11
VN131039	1	26	1	1200	21
VN131039	2	1	5	40	11
VN131040	1	40	1	2500	23
VN131041	1	25	1	12000	23
VN131041	2	40	3	500	40
VN131041	3	23	1	130	23
VN131041	4	1	6	100	11
VN131042	1	1	11	100	11
VN131043	1	40	2	3100	30
VN131043	2	3	1	60	11
VN131043	3	1	3	15	11
VN131045	1	40	1	800	11
VN131045	2	1	12	100	11
VN131046	1	40	1	500	11
VN131046	2	1	4	80	11
VN131047	1	25	1	8000	23
VN131047	2	6	1	100	11
VN131047	3	3	1	80	11
VN131047	4	1	6	100	11
VN131047	5	23	1	100	23
VN131048	1	1	7	100	11
VN131049	1	25	1	150	11
VN131049	2	1	7	100	11
VN131050	1	3	1	50	11
VN131050	2	1	8	220	11
VN131050	3	25	1	200	23
VN131051	1	25	1	14000	23
VN131051	2	23	3	1500	23
VN131052	1	1	20	200	11
VN131053	1	13	2	1500	14
VN131053	2	25	1	11000	23
VN131054	1	13	16	27300	40
VN131054	2	3	1	40	11
VN131054	3	1	5	75	11
VN131055	1	25	1	1000	23
VN131055	2	1	10	100	11
VN131056	1	1	6	50	11
VN131058	1	1	5	50	11
VN141001	1	40	1	2500	11
VN141001	2	40	1	200	11
VN141001	3	3	1	20	11
VN141001	4	1	7	20	11
VN141002	1	25	1	7000	23
VN141002	2	3	1	400	11
VN141002	3	40	2	300	11
VN141002	4	1	0	50	11
VN141003	1	25	1	7000	23
VN141004	1	25	1	10000	24
VN141004	2	23	3	500	23
VN141005	1	26	1	1200	14
VN141005	2	40	1	200	11
VN141005	3	1	6	20	11
VN141006	1	40	2	400	11
VN141006	2	1	6	100	11
VN141007	1	40	1	100	11
VN141007	2	3	1	700	11
VN141007	3	1	7	50	11
VN141008	1	40	1	800	11
VN141009	1	3	2	1200	11
VN141009	2	40	2	400	11
VN141009	3	1	6	50	11
VN141011	1	3	1	700	11
VN141012	1	3	1	500	11
VN141012	2	1	2	10	11
VN141012	3	40	1	300	11
VN141013	1	8	1	10000	11
VN141013	2	40	4	3300	11
VN141014	1	40	1	200	11
VN141014	2	40	2	30	11
VN141014	3	1	2	20	11
VN141015	1	88	-99	-99	99
VN141016	1	3	2	1100	11
VN141016	2	1	6	240	11
VN141016	3	8	6	160	11
VN141017	1	25	1	3000	23
VN141017	2	40	1	200	11
VN141017	3	3	1	50	11
VN141018	1	40	2	800000	10
VN141018	2	40	1	100000	10
VN141019	1	3	1	100	11
VN141019	2	1	3	80	11
VN141019	3	8	1	20	11
VN141020	1	25	2	8000	24
VN141020	2	40	1	1000	11
VN141025	1	3	1	500	11
VN141025	2	40	1	200	11
VN141025	3	40	8	50	11
VN141025	4	1	8	20	11
VN141026	1	3	1	80	11
VN141026	2	1	3	50	11
VN141027	1	40	1	200000	24
VN141027	2	40	1	1000	11
VN141027	3	1	4	10	11
VN141028	1	3	1	200	11
VN141028	2	40	1	100	11
VN141028	3	1	6	50	11
VN141029	1	3	1	200	11
VN141029	2	1	6	100	11
VN141030	1	25	2	10000	23
VN141030	2	40	1	700	11
VN141031	1	40	1	500	11
VN141031	2	3	1	500	11
VN141032	1	25	1	10000	11
VN141032	2	40	2	600	11
VN141032	3	3	1	300	11
VN141032	4	1	3	5	11
VN141033	1	40	2	100000	24
VN141033	2	3	1	400	11
VN141033	3	1	2	50	11
VN141034	1	25	1	10000	23
VN141034	2	40	2	2000	11
VN141034	3	3	1	1000	11
VN141034	4	1	7	1000	11
VN141035	1	40	1	100000	24
VN141036	1	25	1	200	24
VN141037	1	3	1	300	11
VN141037	2	1	5	50	11
VN141037	3	40	4	5	11
VN141039	1	3	1	200	11
VN141039	2	40	1	100	11
VN141041	1	25	2	800	23
VN141042	1	40	1	400	11
VN141042	2	25	2	1000	23
VN141043	1	40	1	3000	11
VN141043	2	3	1	500	11
VN141043	3	40	1	200	11
VN141043	4	1	4	20	11
VN141044	1	25	2	5000	23
VN141044	2	23	1	50	23
VN141045	1	40	1	300	11
VN141045	2	25	1	250	23
VN141047	1	25	2	15000	23
VN141047	2	40	1	500	11
VN141048	1	25	2	25000	23
VN141048	2	3	1	800	11
VN141049	1	40	1	300	11
VN141050	1	3	1	200	11
VN141050	2	40	1	500	11
VN141051	1	25	1	12000	23
VN141051	2	40	2	1000	11
VN141051	3	3	1	800	11
VN141052	1	25	2	20000	24
VN141062	1	40	1	3000	12
VN141062	2	40	0	2000	23
VN141062	3	15	60	500	12
VN141066	1	3	1	700	11
VN141066	2	1	1	20	11
VN141073	1	40	0	300	11
VN141073	2	3	1	50	11
VN141073	3	1	4	30	11
VN141076	1	1	4	60	11
VN151001	1	1	5	50	11
VN151001	2	25	1	5000	23
VN151002	1	2	1	50	11
VN151002	2	3	1	15	11
VN151002	3	1	4	10	11
VN151003	1	2	1	500	11
VN151003	2	3	1	150	11
VN151004	1	1	3	30	11
VN151005	1	1	8	60	11
VN151005	2	30	1	5000	30
VN151006	1	2	1	1000	11
VN151006	2	3	3	300	11
VN151007	1	40	2	8000	40
VN151007	2	1	5	40	11
VN151007	3	25	1	20000	23
VN151008	1	1	6	50	11
VN151008	2	2	1	500	11
VN151010	1	2	1	1000	11
VN151010	2	1	4	60	11
VN151010	3	3	1	120	11
VN151010	4	40	1	4000	23
VN151011	1	3	1	70	11
VN151011	2	2	1	50	11
VN151012	1	2	1	500	11
VN151012	2	3	1	150	11
VN151012	3	1	3	20	11
VN151013	1	2	1	200	11
VN151013	2	3	1	50	11
VN151014	1	1	1	1000	11
VN151014	2	1	9	50	11
VN151014	3	2	1	600	11
VN151015	1	40	3	16000	40
VN151015	2	40	5	12000	40
VN151015	3	40	1	10000	40
VN151016	1	1	7	300	11
VN151016	2	7	1	30000	11
VN151017	1	40	1	1200	40
VN151017	2	2	1	300	11
VN151017	3	1	6	30	11
VN151018	1	2	1	600	11
VN151018	2	1	4	20	11
VN151019	1	2	1	1000	11
VN151019	2	1	5	50	11
VN151019	3	8	1	5000	11
VN151020	1	1	3	60	11
VN151020	2	25	1	3000	23
VN151020	3	23	1	150	23
VN151021	1	6	1	3000	11
VN151021	2	1	5	100	11
VN151021	3	40	1	300	11
VN151022	1	40	4	1600	11
VN151022	2	1	7	200	11
VN151023	1	40	1	20	11
VN151023	2	2	1	700	11
VN151023	3	8	5	30	11
VN151024	1	1	8	50	11
VN151025	1	2	1	300	11
VN151025	2	1	7	100	11
VN151025	3	3	1	150	11
VN151028	1	77	0	0	88
VN151029	1	2	1	400	11
VN151030	1	3	1	1000	11
VN151030	2	1	3	20	11
VN151032	1	2	1	400	11
VN151032	2	1	10	15	11
VN151032	3	8	1	10	11
VN151034	1	18	1	300	18
VN151034	2	1	10	100	11
VN151036	1	4	1	6000	11
VN151036	2	1	3	20	11
VN151037	1	1	6	50	11
VN151038	1	1	4	20	11
VN151039	1	1	6	100	11
VN151041	1	25	1	200	11
VN151042	1	1	14	70	11
VN151042	2	25	1	100	11
VN151043	1	1	4	20	11
VN151044	1	99	6	20	11
VN151044	2	3	1	30	11
VN151045	1	1	5	60	11
VN151045	2	3	1	30	11
VN151046	1	1	5	20	11
VN151046	2	2	1	150	11
VN151047	1	40	1	500	11
VN151047	2	1	10	50	11
VN151047	3	2	2	150	11
VN151047	4	23	1	500	23
VN151049	1	2	1	1000	11
VN151049	2	13	1	5000	40
VN151049	3	3	1	50	11
VN151049	4	1	5	50	11
VN151051	1	1	4	30	11
VN151051	2	13	4	20	40
VN151075	1	6	1	12000	11
VN151075	2	7	1	9000	11
VN151079	1	7	1	9000	24
VN151079	2	1	6	30	11
VN151081	1	2	1	200	11
VN151081	2	3	1	60	11
VN151081	3	1	5	25	11
VN161001	1	1	10	60	11
VN161002	1	26	10	2000	21
VN161002	2	40	8	20000	21
VN161003	1	1	8	60	11
VN161004	1	2	1	100	11
VN161004	2	3	1	50	11
VN161004	3	1	3	50	11
VN161005	1	1	7	40	11
VN161006	1	3	2	120	11
VN161006	2	2	1	60	11
VN161006	3	1	6	50	11
VN161007	1	25	2	15000	23
VN161007	2	1	20	300	11
VN161008	1	40	1	1500	23
VN161008	2	23	5	1050	23
VN161008	3	40	30	150	23
VN161009	1	6	1	3500	11
VN161009	2	2	1	100	11
VN161009	3	3	1	40	11
VN161009	4	1	6	30	11
VN161010	1	23	4	1700	23
VN161010	2	25	1	200000	24
VN161010	3	25	3	16000	24
VN161011	1	3	1	50	11
VN161011	2	1	6	40	11
VN161012	1	4	1	15000	11
VN161012	2	6	1	12000	11
VN161012	3	3	1	50	11
VN161012	4	2	1	60	11
VN161012	5	1	6	40	11
VN161013	1	1	10	60	11
VN161013	2	40	3	15	14
VN161014	1	25	1	150	11
VN161015	1	13	15	1500	7
VN161015	2	40	1000	30	7
VN161015	3	1	8	50	11
VN161016	1	2	1	1000	23
VN161016	2	3	1	50	11
VN161016	3	1	6	100	11
VN161017	1	1	9	50	11
VN161018	1	1	10	60	11
VN161019	1	1	9	60	11
VN161020	1	4	1	12000	11
VN161020	2	3	1	50	11
VN161020	3	2	1	50	11
VN161020	4	1	6	40	11
VN161021	1	2	1	70	11
VN161021	2	3	1	10	11
VN161021	3	1	10	50	11
VN161022	1	3	1	50	11
VN161022	2	2	1	50	11
VN161022	3	1	4	30	11
VN161023	1	4	1	4000	11
VN161023	2	1	15	80	11
VN161024	1	3	1	50	11
VN161024	2	2	1	50	11
VN161024	3	1	5	40	11
VN161025	1	1	11	60	11
VN161025	2	25	1	100	11
VN161026	1	2	1	100	11
VN161026	2	3	1	30	11
VN161026	3	1	10	50	11
VN161027	1	2	1	100	11
VN161027	2	3	1	30	11
VN161027	3	1	5	30	11
VN161028	1	2	1	50	11
VN161028	2	3	1	30	11
VN161028	3	1	5	30	11
VN161029	1	1	12	80	11
VN161030	1	6	1	12000	11
VN161030	2	2	1	100	11
VN161030	3	3	1	70	11
VN161030	4	1	3	30	11
VN161032	1	2	1	100	11
VN161032	2	3	1	1000	11
VN161032	3	1	6	30	11
VN161033	1	2	1	150	11
VN161033	2	3	1	30	11
VN161033	3	1	5	25	11
VN161034	1	2	1	100	11
VN161034	2	3	1	30	11
VN161034	3	1	5	25	11
VN161035	1	2	1	50	11
VN161035	2	3	1	30	11
VN161035	3	1	5	30	11
VN161036	1	1	12	70	11
VN161036	2	13	6	40	7
VN161037	1	2	1	200	11
VN161037	2	3	1	40	11
VN161037	3	1	5	30	11
VN161038	1	2	1	60	11
VN161038	2	3	1	50	11
VN161038	3	1	5	40	11
VN161039	1	1	8	60	11
VN161040	1	1	11	60	11
VN161041	1	1	12	80	11
VN161043	1	1	12	80	11
VN161043	2	25	1	100	11
VN161044	1	1	10	70	11
VN161044	2	25	1	100	11
VN161045	1	2	1	50	11
VN161045	2	1	5	30	11
VN161045	3	3	1	30	11
VN161047	1	2	1	50	11
VN161047	2	1	5	30	11
VN161047	3	3	1	30	11
VN161048	1	1	12	70	11
VN161048	2	25	1	100	11
VN161049	1	2	1	200	11
VN161049	2	3	1	50	11
VN161049	3	1	5	20	11
VN161050	1	1	15	100	11
VN161050	2	25	1	100	11
VN171001	1	24	0	24000	23
VN171001	2	23	60	10000	23
VN171003	1	25	2	25000	28
VN171004	1	25	1	3000	24
VN171006	1	25	1	4000	23
VN171007	1	22	10	2000	23
VN171008	1	24	1	20000	23
VN171008	2	23	1	400	8
VN171008	3	25	3	20000	10
VN171009	1	12	1	200	8
VN171011	1	25	1	150	23
VN171011	2	23	1	50	23
VN171012	1	24	1	5000	14
VN171013	1	20	3	150	10
VN171015	1	24	1	2000	23
VN171015	2	12	1	300	8
VN171015	3	25	1	1500	23
VN171017	1	25	2	9000	28
VN171017	2	12	1	30	8
VN171017	3	26	1	1000	21
VN171021	1	24	1	3000	23
VN171021	2	25	1	2000	24
VN171024	1	24	1	70000	9
VN171025	1	24	1	10000	23
VN171026	1	24	1	3000	23
VN171026	2	25	2	7000	24
VN171027	1	25	1	3000	23
VN171030	1	25	1	5000	24
VN171031	1	25	2	15000	10
VN171033	1	25	2	14000	23
VN171034	1	25	1	5000	24
VN171035	1	25	2	20000	28
VN171038	1	14	3	12000	9
VN171040	1	24	1	2000	23
VN171042	1	24	1	3000	23
VN171042	2	26	1	1000	21
VN171042	3	25	1	7000	24
VN171043	1	9	1	10000	40
VN171044	1	25	1	9000	28
VN171045	1	25	2	1200000	24
VN171045	2	25	2	30000	28
VN171047	1	24	1	8000	23
VN171048	1	25	2	50000	23
VN171049	1	17	1	3000	40
VN171051	1	24	1	150000	23
VN171053	1	24	1	8000	23
VN171059	1	25	1	6000	23
VN171060	1	25	1	80000	24
VN171061	1	24	1	12000	23
VN171063	1	23	1	300	12
VN171080	1	23	1	500	40
VN181001	1	24	1	30000	23
VN181001	2	23	5	150	23
VN181002	1	24	9	450	23
VN181005	1	24	1	500	23
VN181006	1	1	15	1000	13
VN181006	2	23	3	20000	23
VN181006	3	30	1	800000	23
VN181008	1	25	1	1000	23
VN181011	1	23	2	3000	23
VN181011	2	40	3	1500	40
VN181015	1	26	3	1500	21
VN181015	2	15	1	2000	12
VN181015	3	24	1	700000	21
VN181017	1	24	1	100000	23
VN181021	1	10	10	3000	3
VN181021	2	13	3	3000	7
VN181021	3	24	1	50000	2
VN181026	1	24	1	50000	23
VN181027	1	24	1	300	23
VN181027	2	23	40	100	23
VN181030	1	24	1	6000000	23
VN181033	1	15	74	1200	12
VN181036	1	25	3	40000	28
VN181036	2	12	1	2000	8
VN181036	3	88	0	400	99
VN181039	1	24	5	250	23
VN181039	2	40	1	3000	40
VN181042	1	40	20	500	40
VN181042	2	24	1	60000	40
VN181043	1	13	1	2000	18
VN181043	2	23	1	1000	23
VN181044	1	15	3	20	23
VN181044	2	24	1	15000	23
VN181044	3	23	5	200	23
VN181045	1	23	2	500	23
VN181046	1	24	1	10000	23
VN181049	1	9	10	500	2
VN181049	2	24	1	800000	2
VN181050	1	40	10	1000	23
VN181050	2	24	1	800000	23
VN181052	1	24	1	10000000	23
VN181056	1	24	1	1000000	23
VN181058	1	13	5	100	7
VN181058	2	24	1	6000	23
VN181059	1	24	1	15000	23
VN181059	2	23	4	200	23
VN181078	1	24	1	10000	23
VN181078	2	23	6	400	23
VN191001	1	24	1	100	23
VN191001	2	15	10	200	23
VN191002	1	23	50	1000	23
VN191002	2	24	1	100000	23
VN191003	1	24	1	70000	23
VN191003	2	23	8	2500	23
VN191003	3	25	1	6500	24
VN191004	1	9	10	500	2
VN191004	2	23	3	200	23
VN191004	3	24	1	20000	2
VN191005	1	40	1	20	13
VN191005	2	40	2	60	13
VN191006	1	1	20	200	11
VN191006	2	30	1	1000	30
VN191007	1	23	2	50	23
VN191008	1	40	1	6000	30
VN191008	2	40	6	2000	30
VN191009	1	40	2	60	13
VN191009	2	40	1	30	13
VN191012	1	23	15	600	23
VN191012	2	24	1	70000	23
VN191015	1	14	5	10000	9
VN191015	2	23	8	500	23
VN191015	3	24	1	12000	23
VN191017	1	1	3	50	13
VN191018	88	 	 	 	 
VN191019	88	 	 	 	 
VN191020	1	24	1	200	23
VN191020	2	13	5	700	14
VN191021	1	24	1	6000	23
VN191022	1	24	1	150000	23
VN191023	1	40	1	8000	30
VN191023	2	40	5	300	30
VN191024	1	1	3	50	13
VN191024	2	26	1	300	21
VN191026	1	24	1	1000	23
VN191026	2	23	1	50	23
VN191027	1	40	10	3000	40
VN191027	2	24	1	300000	40
VN191028	1	25	1	60000	24
VN191029	1	40	3	15000	30
VN191029	2	23	4	100	23
VN191030	1	40	4	20000	30
VN191030	2	23	4	300	23
VN191033	1	1	5	100	11
VN191035	1	13	4	20	7
VN191035	2	23	10	200	23
VN191036	1	24	1	500000	23
VN191037	88	 	 	 	 
VN191040	1	40	2	10000	13
VN191041	1	40	1	13000	30
VN191041	2	40	10	2500	30
VN191044	1	1	11	50	11
VN191045	1	1	3	80	11
VN191045	2	24	1	1500	23
VN191046	1	3	1	100	11
VN191046	2	1	10	100	11
VN191047	1	6	1	6000	11
VN191047	2	1	5	50	11
VN191048	1	1	5	60	11
VN191049	1	24	1	100000	23
VN191049	2	23	50	10000	23
VN191050	1	1	5	40	11
VN191052	88	 	 	 	 
VN191057	1	24	1	100000	23
VN191070	1	23	15	1000	23
VN191070	2	40	4	500	30
VN201002	1	25	1	300	28
VN201003	1	24	1	5000	23
VN201004	1	25	2	30000	28
VN201004	2	12	1	300	8
VN201005	1	26	1	300	21
VN201006	1	12	1	300	8
VN201006	2	25	2	35000	23
VN201006	3	24	1	20000	23
VN201008	1	24	1	15000	23
VN201008	2	12	1	300	8
VN201008	3	25	1	15000	28
VN201009	1	24	1	5000	2
VN201009	2	12	1	300	8
VN201009	3	9	15	1000	2
VN201009	4	25	1	7000	10
VN201011	1	40	1	2600	23
VN201011	2	40	1	3500	23
VN201012	1	24	1	20000	23
VN201012	2	25	2	8000	23
VN201012	3	12	1	300	8
VN201012	4	23	35	3000	23
VN201013	1	24	1	4000	23
VN201014	1	26	1	1000	14
VN201015	1	17	1	5000	16
VN201015	2	24	1	17000	23
VN201016	1	23	50	1000	23
VN201024	1	40	3	100	7
VN201024	2	40	1	120	23
VN201025	1	15	62	5000	23
VN201030	1	40	1	2000	23
VN201031	1	24	1	2000	23
VN201032	1	25	1	16000	40
VN201034	1	25	3	33000	40
VN201037	1	25	1	3000	24
VN201038	1	24	1	2000	23
VN201039	1	24	1	20000	23
VN201039	2	25	2	15000	23
VN201039	3	13	2	1200	7
VN201045	1	13	4	300	7
VN201045	2	23	1	80	23
VN201049	1	26	1	2000	21
VN201049	2	24	1	18000	21
VN201052	1	25	3	3000	24
VN201054	1	26	6	14000	21
VN201054	2	25	1	15	28
VN201054	3	12	3	900	21
VN201056	1	25	2	15000	28
VN201056	2	12	1	150	8
VN201059	1	26	1	200	21
VN201064	1	88	1	-99	99
VN201065	1	24	1	1000000	23
VN201065	2	25	4	800000	24
VN201068	1	25	2	4500	28
VN201071	1	25	2	17000	23
VN201073	1	13	3	4200	7
VN201073	2	25	1	2000	23
VN201074	1	25	2	9000	23
VN201074	2	30	1	100000	30
VN201084	1	14	1	1500	9
VN201086	1	15	1	300	23
VN201086	2	24	1	1000	23
VN201089	1	26	1	1000	21
VN201104	1	30	1	200000	30
