CHILDCODE	HHDCIDR4	MADDECR4	WHOPRVR4
18001	1	0	3
18001	2	1	3
18001	4	1	1
18001	5	1	1
18001	6	1	1
18001	7	1	1
18002	1	0	3
18002	2	1	3
18002	4	1	3
18002	5	1	1
18002	6	1	3
18002	7	1	3
18003	1	0	3
18003	2	0	3
18003	4	1	3
18003	5	1	1
18003	6	1	1
18003	7	1	1
18004	1	1	6
18004	2	1	1
18004	4	1	6
18004	5	1	6
18004	6	1	1
18004	7	1	1
18005	1	1	6
18005	2	1	1
18005	4	1	6
18005	5	1	1
18005	6	1	6
18005	7	1	6
18006	1	0	3
18006	2	0	3
18006	4	1	3
18006	5	1	1
18006	6	1	1
18006	7	1	1
18007	1	0	3
18007	2	0	3
18007	4	1	7
18007	5	1	1
18007	6	1	7
18007	7	1	7
18008	1	1	3
18008	2	1	4
18008	4	1	3
18008	5	1	1
18008	6	1	3
18008	7	1	3
18009	1	1	3
18009	2	1	3
18009	4	1	3
18009	5	1	1
18009	6	1	3
18009	7	1	1
18010	1	1	3
18010	2	1	3
18010	4	1	1
18010	5	0	3
18010	6	0	1
18010	7	1	3
18011	1	1	2
18011	2	1	1
18011	4	1	2
18011	5	1	2
18011	6	1	2
18011	7	1	1
18012	1	1	3
18012	2	1	3
18012	4	1	1
18012	5	1	1
18012	6	1	1
18012	7	1	1
18013	1	0	3
18013	2	1	3
18013	4	1	1
18013	5	1	1
18013	6	1	1
18013	7	1	1
18015	1	1	3
18015	2	0	3
18015	4	1	3
18015	5	1	1
18015	6	1	8
18015	7	1	8
18016	1	0	3
18016	2	1	3
18016	4	1	1
18016	5	1	1
18016	6	1	1
18016	7	1	1
18017	1	0	3
18017	2	1	3
18017	4	1	1
18017	5	0	3
18017	6	1	3
18017	7	0	3
18018	1	1	6
18018	2	1	1
18018	4	1	2
18018	5	1	1
18018	6	1	1
18018	7	1	6
18019	1	0	3
18019	2	0	3
18019	4	1	3
18019	5	1	1
18019	6	1	3
18019	7	1	3
18020	1	1	4
18020	2	1	4
18020	4	1	4
18020	5	1	4
18020	6	1	4
18020	7	1	4
18021	1	1	4
18021	2	1	1
18021	4	1	7
18021	5	1	7
18021	6	1	7
18021	7	1	7
18022	1	1	2
18022	2	1	2
18022	4	1	2
18022	5	1	2
18022	6	1	2
18022	7	1	2
18023	1	0	3
18023	2	0	3
18023	4	0	3
18023	5	1	1
18023	6	1	1
18023	7	1	1
18024	1	1	3
18024	2	1	3
18024	4	1	1
18024	5	1	1
18024	6	1	1
18024	7	1	1
18025	1	1	3
18025	2	1	3
18025	4	1	1
18025	5	1	1
18025	6	1	1
18025	7	1	1
18026	1	0	3
18026	2	0	3
18026	4	1	3
18026	5	0	3
18026	6	1	3
18026	7	0	3
18027	1	1	6
18027	2	1	1
18027	4	1	6
18027	5	1	1
18027	6	1	6
18027	7	1	6
18028	1	1	3
18028	2	1	3
18028	4	1	1
18028	5	1	3
18028	6	1	3
18028	7	1	1
18029	1	1	3
18029	2	1	3
18029	4	1	3
18029	5	1	1
18029	6	1	1
18029	7	1	1
18030	1	0	3
18030	2	1	3
18030	4	1	3
18030	5	1	1
18030	6	1	1
18030	7	1	1
18031	1	0	4
18031	2	1	8
18031	4	1	1
18031	5	1	1
18031	6	1	1
18031	7	1	1
18032	1	1	2
18032	2	1	2
18032	4	1	2
18032	5	1	2
18032	6	1	2
18032	7	1	2
18034	1	1	3
18034	2	1	3
18034	4	0	1
18034	5	1	1
18034	6	0	3
18034	7	1	1
18035	1	0	4
18035	2	0	4
18035	4	1	1
18035	5	1	4
18035	6	1	1
18035	7	1	4
18036	1	1	4
18036	2	1	4
18036	4	1	1
18036	5	1	1
18036	6	1	1
18036	7	1	1
18037	1	1	3
18037	2	0	3
18037	4	1	3
18037	5	1	1
18037	6	1	3
18037	7	1	1
18038	1	1	1
18038	2	1	1
18038	4	1	1
18038	5	1	1
18038	6	1	1
18038	7	1	1
18039	1	0	3
18039	2	0	3
18039	4	0	3
18039	5	0	3
18039	6	1	3
18039	7	1	3
18040	1	0	4
18040	2	0	4
18040	4	1	1
18040	5	1	1
18040	6	1	1
18040	7	1	1
18041	1	1	3
18041	2	0	3
18041	4	1	3
18041	5	0	3
18041	6	1	1
18041	7	1	1
18042	1	1	3
18042	2	1	3
18042	4	1	1
18042	5	1	3
18042	6	1	3
18042	7	1	3
18043	1	0	3
18043	2	0	3
18043	4	1	7
18043	5	1	1
18043	6	1	3
18043	7	1	7
18044	1	0	3
18044	2	0	3
18044	4	0	3
18044	5	0	3
18044	6	0	3
18044	7	0	3
18045	1	1	6
18045	2	1	6
18045	4	1	6
18045	5	1	6
18045	6	1	6
18045	7	1	6
18046	1	0	2
18046	2	1	3
18046	4	1	1
18046	5	1	1
18046	6	1	3
18046	7	1	1
18047	1	0	4
18047	2	1	4
18047	4	1	1
18047	5	1	1
18047	6	1	6
18047	7	1	1
18048	1	0	3
18048	2	1	3
18048	4	1	3
18048	5	1	1
18048	6	1	1
18048	7	1	1
18049	1	0	3
18049	2	0	3
18049	4	1	3
18049	5	1	1
18049	6	1	3
18049	7	1	3
18050	1	0	3
18050	2	1	3
18050	4	1	3
18050	5	1	1
18050	6	1	1
18050	7	1	3
28001	1	1	7
28001	2	1	7
28001	4	1	1
28001	5	1	1
28001	6	1	1
28001	7	1	1
28002	1	0	3
28002	2	1	3
28002	4	1	3
28002	5	1	1
28002	6	0	3
28002	7	1	7
28003	1	1	7
28003	2	1	3
28003	4	1	1
28003	5	1	1
28003	6	1	1
28003	7	1	1
28004	1	1	8
28004	2	1	3
28004	4	1	1
28004	5	1	1
28004	6	1	1
28004	7	1	1
28006	1	0	4
28006	2	0	4
28006	4	1	1
28006	5	1	1
28006	6	1	1
28006	7	1	1
28007	1	1	3
28007	2	0	3
28007	4	1	1
28007	5	1	7
28007	6	1	7
28007	7	1	1
28008	1	1	3
28008	2	0	2
28008	4	1	3
28008	5	1	1
28008	6	1	1
28008	7	1	1
28009	1	1	7
28009	2	0	4
28009	4	1	1
28009	5	1	1
28009	6	1	2
28009	7	1	2
28011	1	0	3
28011	2	1	3
28011	4	0	3
28011	5	1	1
28011	6	0	3
28011	7	0	3
28012	1	1	7
28012	2	1	7
28012	4	1	7
28012	5	1	7
28012	6	1	7
28012	7	1	7
28013	1	1	3
28013	2	1	3
28013	4	1	3
28013	5	1	1
28013	6	1	1
28013	7	1	1
28014	1	1	2
28014	2	1	1
28014	4	1	6
28014	5	1	1
28014	6	1	2
28014	7	1	2
28015	1	0	4
28015	2	1	1
28015	4	1	1
28015	5	1	1
28015	6	1	1
28015	7	1	1
28016	1	0	3
28016	2	1	3
28016	4	0	3
28016	5	1	1
28016	6	1	1
28016	7	0	3
28017	1	0	3
28017	2	1	3
28017	4	1	1
28017	5	1	1
28017	6	1	1
28017	7	1	1
28018	1	1	3
28018	2	1	3
28018	4	1	3
28018	5	1	3
28018	6	1	3
28018	7	1	3
28020	1	0	3
28020	2	1	3
28020	4	1	3
28020	5	1	3
28020	6	0	3
28020	7	0	3
28021	1	1	3
28021	2	1	3
28021	4	1	3
28021	5	1	3
28021	6	1	3
28021	7	1	3
28022	1	0	3
28022	2	1	3
28022	4	1	1
28022	5	1	1
28022	6	1	1
28022	7	1	1
28023	1	0	3
28023	2	0	3
28023	4	1	1
28023	5	1	1
28023	6	1	1
28023	7	1	1
28024	1	1	3
28024	2	1	3
28024	4	1	1
28024	5	1	1
28024	6	1	7
28024	7	1	1
28025	1	1	6
28025	2	1	6
28025	4	1	6
28025	5	1	6
28025	6	1	6
28025	7	1	6
38001	1	1	4
38001	2	1	4
38001	4	1	4
38001	5	1	1
38001	6	1	1
38001	7	1	4
38002	1	1	77
38002	2	1	77
38002	4	0	77
38002	5	1	1
38002	6	1	1
38002	7	1	1
38003	1	0	2
38003	2	0	2
38003	4	1	1
38003	5	0	2
38003	6	1	2
38003	7	1	1
38004	1	0	3
38004	2	1	4
38004	4	1	3
38004	5	1	3
38004	6	1	3
38004	7	1	3
38005	1	0	3
38005	2	0	3
38005	4	0	3
38005	5	0	3
38005	6	0	3
38005	7	0	3
38006	1	1	1
38006	2	1	1
38006	4	1	1
38006	5	1	1
38006	6	1	1
38006	7	1	1
38007	1	1	3
38007	2	1	3
38007	4	1	1
38007	5	1	1
38007	6	1	1
38007	7	1	1
38008	1	1	1
38008	2	1	1
38008	4	1	1
38008	5	1	1
38008	6	1	1
38008	7	1	1
38010	1	1	3
38010	2	0	3
38010	4	1	1
38010	5	1	1
38010	6	1	3
38010	7	1	1
38011	1	1	3
38011	2	1	7
38011	4	1	7
38011	5	1	1
38011	6	1	7
38011	7	1	7
38012	1	 	 
38012	2	 	 
38012	4	 	 
38012	5	 	 
38012	6	 	 
38012	7	 	 
38013	1	1	3
38013	2	1	3
38013	4	1	3
38013	5	1	1
38013	6	1	3
38013	7	1	1
38015	1	0	4
38015	2	1	9
38015	4	1	1
38015	5	1	1
38015	6	1	1
38015	7	1	1
38017	1	1	6
38017	2	1	6
38017	4	1	6
38017	5	1	6
38017	6	1	6
38017	7	1	6
38019	1	1	1
38019	2	1	1
38019	4	1	1
38019	5	1	1
38019	6	1	1
38019	7	1	1
38020	1	 	 
38020	2	 	 
38020	4	 	 
38020	5	 	 
38020	6	 	 
38020	7	 	 
38021	1	1	1
38021	2	1	1
38021	4	1	1
38021	5	1	1
38021	6	1	1
38021	7	1	1
38022	1	 	 
38022	2	 	 
38022	4	 	 
38022	5	 	 
38022	6	 	 
38022	7	 	 
38023	1	1	3
38023	2	1	7
38023	4	1	1
38023	5	1	1
38023	6	1	7
38023	7	1	1
38024	1	1	4
38024	2	1	8
38024	4	1	1
38024	5	1	1
38024	6	1	1
38024	7	1	1
38025	1	1	8
38025	2	1	8
38025	4	0	8
38025	5	0	8
38025	6	1	8
38025	7	0	8
48001	1	0	4
48001	2	0	4
48001	4	1	8
48001	5	1	1
48001	6	1	8
48001	7	1	1
48002	1	1	6
48002	2	1	6
48002	4	1	6
48002	5	1	6
48002	6	1	6
48002	7	1	6
48003	1	1	3
48003	2	0	3
48003	4	1	1
48003	5	1	1
48003	6	1	1
48003	7	0	4
48004	1	0	3
48004	2	1	7
48004	4	1	7
48004	5	1	7
48004	6	1	7
48004	7	1	1
48005	1	1	4
48005	2	1	4
48005	4	1	7
48005	5	1	1
48005	6	1	1
48005	7	1	1
48006	1	1	8
48006	2	0	3
48006	4	1	3
48006	5	1	1
48006	6	1	1
48006	7	1	3
48007	1	1	3
48007	2	1	3
48007	4	0	3
48007	5	1	3
48007	6	1	1
48007	7	1	1
48008	1	1	6
48008	2	1	6
48008	4	1	6
48008	5	1	6
48008	6	1	6
48008	7	1	6
48009	1	1	3
48009	2	1	3
48009	4	1	1
48009	5	1	1
48009	6	1	1
48009	7	1	1
48010	1	1	3
48010	2	1	3
48010	4	1	3
48010	5	1	1
48010	6	1	3
48010	7	1	7
48011	1	 	 
48011	2	 	 
48011	4	 	 
48011	5	 	 
48011	6	 	 
48011	7	 	 
48013	1	 	 
48013	2	 	 
48013	4	 	 
48013	5	 	 
48013	6	 	 
48013	7	 	 
48014	1	1	1
48014	2	1	1
48014	4	1	1
48014	5	1	1
48014	6	1	1
48014	7	1	1
48015	1	0	3
48015	2	0	3
48015	4	0	3
48015	5	1	1
48015	6	1	1
48015	7	1	1
48016	1	1	3
48016	2	1	3
48016	4	1	1
48016	5	1	1
48016	6	0	3
48016	7	1	1
48017	1	1	3
48017	2	0	3
48017	4	1	3
48017	5	1	1
48017	6	1	3
48017	7	1	1
48018	1	1	6
48018	2	1	6
48018	4	1	1
48018	5	1	1
48018	6	1	1
48018	7	1	1
48019	1	1	3
48019	2	0	3
48019	4	1	1
48019	5	1	1
48019	6	1	1
48019	7	1	1
48020	1	0	3
48020	2	1	3
48020	4	1	3
48020	5	1	1
48020	6	1	3
48020	7	1	1
48021	1	0	3
48021	2	1	3
48021	4	1	3
48021	5	1	1
48021	6	1	1
48021	7	1	1
48022	1	1	3
48022	2	1	3
48022	4	1	1
48022	5	1	1
48022	6	1	1
48022	7	1	1
48023	1	1	2
48023	2	1	2
48023	4	1	2
48023	5	1	2
48023	6	1	2
48023	7	1	2
48024	1	1	1
48024	2	1	1
48024	4	1	1
48024	5	1	1
48024	6	1	1
48024	7	1	1
48025	1	0	3
48025	2	1	7
48025	4	1	1
48025	5	1	1
48025	6	1	1
48025	7	1	1
48026	1	1	3
48026	2	1	3
48026	4	1	3
48026	5	1	3
48026	6	1	3
48026	7	1	3
58002	1	1	7
58002	2	1	7
58002	4	1	7
58002	5	1	1
58002	6	1	7
58002	7	1	7
58003	1	1	3
58003	2	0	3
58003	4	1	3
58003	5	1	3
58003	6	1	3
58003	7	1	3
58004	1	1	1
58004	2	1	1
58004	4	1	1
58004	5	1	1
58004	6	1	1
58004	7	1	1
58006	1	0	3
58006	2	1	3
58006	4	1	3
58006	5	1	1
58006	6	1	3
58006	7	1	3
58007	1	1	1
58007	2	1	1
58007	4	1	1
58007	5	1	1
58007	6	1	1
58007	7	1	1
58008	1	1	7
58008	2	1	7
58008	4	1	7
58008	5	1	1
58008	6	1	7
58008	7	1	1
58011	1	1	3
58011	2	1	3
58011	4	1	3
58011	5	1	1
58011	6	1	3
58011	7	1	1
58012	1	1	3
58012	2	1	3
58012	4	0	3
58012	5	1	1
58012	6	1	3
58012	7	1	1
58013	1	1	3
58013	2	1	3
58013	4	1	3
58013	5	1	3
58013	6	1	2
58013	7	1	3
58014	1	1	3
58014	2	0	3
58014	4	1	3
58014	5	1	1
58014	6	0	3
58014	7	1	1
58015	1	1	3
58015	2	1	3
58015	4	1	3
58015	5	1	1
58015	6	1	1
58015	7	1	1
58016	1	1	3
58016	2	0	3
58016	4	1	1
58016	5	1	7
58016	6	1	7
58016	7	1	7
58017	1	1	3
58017	2	0	3
58017	4	1	1
58017	5	1	1
58017	6	1	1
58017	7	1	1
58019	1	1	3
58019	2	1	3
58019	4	1	7
58019	5	1	7
58019	6	1	3
58019	7	1	7
58020	1	0	88
58020	2	1	8
58020	4	1	1
58020	5	1	1
58020	6	1	1
58020	7	1	1
58021	1	1	3
58021	2	1	3
58021	4	1	1
58021	5	1	1
58021	6	1	1
58021	7	1	1
58022	1	1	1
58022	2	1	1
58022	4	1	1
58022	5	1	1
58022	6	1	1
58022	7	1	1
58023	1	1	4
58023	2	0	4
58023	4	1	4
58023	5	1	1
58023	6	1	7
58023	7	1	4
58025	1	0	3
58025	2	1	3
58025	4	1	1
58025	5	0	1
58025	6	1	1
58025	7	1	1
58026	1	1	3
58026	2	1	3
58026	4	1	3
58026	5	1	3
58026	6	1	1
58026	7	1	1
58027	1	0	3
58027	2	0	3
58027	4	1	1
58027	5	1	1
58027	6	1	5
58027	7	1	1
58028	1	1	2
58028	2	1	2
58028	4	1	2
58028	5	1	2
58028	6	1	1
58028	7	1	1
58029	1	1	3
58029	2	1	3
58029	4	1	1
58029	5	1	1
58029	6	1	3
58029	7	1	1
58030	1	1	1
58030	2	1	1
58030	4	1	1
58030	5	1	1
58030	6	1	1
58030	7	1	1
68001	1	1	3
68001	2	1	3
68001	4	1	3
68001	5	1	3
68001	6	1	3
68001	7	0	3
68002	1	1	6
68002	2	1	6
68002	4	1	6
68002	5	1	6
68002	6	1	6
68002	7	1	6
68003	1	0	3
68003	2	0	3
68003	4	1	1
68003	5	1	3
68003	6	1	3
68003	7	1	1
68004	1	1	1
68004	2	1	7
68004	4	1	7
68004	5	1	1
68004	6	1	1
68004	7	1	1
68005	1	1	6
68005	2	1	6
68005	4	1	6
68005	5	1	6
68005	6	1	6
68005	7	1	6
68006	1	1	3
68006	2	1	3
68006	4	1	1
68006	5	1	1
68006	6	1	3
68006	7	1	1
68007	1	1	3
68007	2	1	3
68007	4	1	3
68007	5	1	2
68007	6	1	3
68007	7	1	3
68008	1	1	3
68008	2	1	3
68008	4	1	1
68008	5	1	1
68008	6	1	1
68008	7	1	1
68009	1	1	3
68009	2	1	3
68009	4	1	3
68009	5	1	1
68009	6	1	3
68009	7	1	1
68010	1	1	3
68010	2	1	3
68010	4	1	3
68010	5	1	1
68010	6	1	1
68010	7	1	1
68011	1	1	6
68011	2	1	1
68011	4	1	1
68011	5	1	1
68011	6	1	1
68011	7	1	6
68012	1	1	6
68012	2	1	6
68012	4	1	6
68012	5	1	6
68012	6	1	6
68012	7	1	6
68013	1	0	3
68013	2	0	3
68013	4	1	1
68013	5	1	1
68013	6	1	1
68013	7	1	1
68015	1	0	3
68015	2	1	3
68015	4	1	3
68015	5	0	3
68015	6	1	3
68015	7	1	4
68016	1	1	3
68016	2	1	8
68016	4	1	8
68016	5	1	1
68016	6	1	1
68016	7	1	1
68017	1	1	2
68017	2	0	2
68017	4	1	1
68017	5	1	1
68017	6	1	1
68017	7	1	1
68018	1	0	4
68018	2	1	4
68018	4	1	3
68018	5	1	3
68018	6	1	3
68018	7	1	3
68019	1	1	2
68019	2	0	3
68019	4	1	3
68019	5	1	1
68019	6	1	3
68019	7	1	1
68020	1	0	3
68020	2	1	3
68020	4	1	3
68020	5	1	1
68020	6	1	3
68020	7	1	1
68021	1	0	3
68021	2	1	3
68021	4	1	3
68021	5	1	1
68021	6	1	3
68021	7	1	3
68022	1	1	7
68022	2	1	7
68022	4	1	7
68022	5	1	7
68022	6	1	7
68022	7	1	7
68023	1	0	3
68023	2	0	3
68023	4	1	1
68023	5	1	1
68023	6	1	1
68023	7	1	1
68024	1	0	3
68024	2	0	3
68024	4	1	3
68024	5	1	1
68024	6	1	1
68024	7	1	1
68025	1	1	3
68025	2	1	1
68025	4	1	1
68025	5	1	1
68025	6	1	1
68025	7	1	1
78001	1	1	3
78001	2	1	3
78001	4	1	1
78001	5	1	1
78001	6	1	1
78001	7	1	1
78002	1	0	3
78002	2	1	3
78002	4	0	3
78002	5	1	1
78002	6	1	3
78002	7	1	3
78003	1	1	7
78003	2	1	7
78003	4	1	1
78003	5	1	7
78003	6	1	1
78003	7	1	1
78005	1	0	3
78005	2	1	3
78005	4	0	3
78005	5	1	1
78005	6	1	1
78005	7	1	1
78006	1	1	4
78006	2	1	3
78006	4	1	5
78006	5	1	1
78006	6	1	1
78006	7	1	3
78007	1	0	4
78007	2	1	4
78007	4	1	7
78007	5	1	1
78007	6	1	1
78007	7	1	1
78008	1	0	3
78008	2	0	3
78008	4	0	3
78008	5	1	1
78008	6	1	3
78008	7	1	1
78009	1	1	4
78009	2	0	3
78009	4	1	3
78009	5	1	1
78009	6	1	1
78009	7	1	3
78010	1	0	88
78010	2	1	1
78010	4	1	7
78010	5	1	1
78010	6	1	1
78010	7	1	7
78011	1	1	3
78011	2	0	3
78011	4	1	1
78011	5	1	1
78011	6	1	3
78011	7	1	1
78012	1	0	3
78012	2	1	3
78012	4	1	3
78012	5	1	3
78012	6	1	1
78012	7	1	1
78013	1	0	7
78013	2	0	3
78013	4	1	3
78013	5	1	1
78013	6	1	3
78013	7	1	3
78014	1	1	3
78014	2	1	3
78014	4	1	3
78014	5	1	1
78014	6	1	3
78014	7	1	1
78015	1	1	3
78015	2	0	3
78015	4	1	3
78015	5	1	1
78015	6	0	3
78015	7	1	1
78016	1	1	3
78016	2	1	3
78016	4	1	3
78016	5	1	3
78016	6	1	3
78016	7	1	1
78017	1	1	6
78017	2	1	1
78017	4	1	1
78017	5	1	6
78017	6	1	6
78017	7	1	1
78018	1	1	6
78018	2	1	1
78018	4	1	1
78018	5	1	6
78018	6	1	6
78018	7	1	6
78019	1	0	3
78019	2	1	7
78019	4	1	3
78019	5	1	1
78019	6	1	3
78019	7	1	3
78020	1	0	4
78020	2	1	3
78020	4	1	1
78020	5	1	1
78020	6	1	3
78020	7	1	1
78021	1	1	3
78021	2	1	3
78021	4	1	3
78021	5	1	1
78021	6	1	1
78021	7	1	2
78022	1	 	 
78022	2	 	 
78022	4	 	 
78022	5	 	 
78022	6	 	 
78022	7	 	 
78024	1	0	3
78024	2	1	3
78024	4	1	3
78024	5	0	3
78024	6	1	3
78024	7	1	3
78026	1	0	3
78026	2	0	3
78026	4	1	1
78026	5	1	1
78026	6	1	3
78026	7	1	1
78027	1	0	4
78027	2	1	3
78027	4	1	1
78027	5	1	1
78027	6	1	1
78027	7	1	3
78028	1	1	3
78028	2	0	3
78028	4	0	3
78028	5	1	1
78028	6	0	3
78028	7	0	3
78029	1	0	3
78029	2	0	3
78029	4	1	3
78029	5	1	1
78029	6	1	3
78029	7	1	1
78030	1	1	3
78030	2	1	3
78030	4	1	1
78030	5	1	1
78030	6	1	3
78030	7	1	1
78031	1	1	3
78031	2	1	9
78031	4	1	3
78031	5	1	1
78031	6	1	1
78031	7	1	1
78032	1	1	3
78032	2	1	3
78032	4	0	3
78032	5	1	1
78032	6	1	3
78032	7	0	3
78033	1	0	3
78033	2	1	3
78033	4	1	1
78033	5	1	1
78033	6	1	3
78033	7	1	1
78034	1	1	3
78034	2	1	3
78034	4	1	1
78034	5	1	1
78034	6	1	3
78034	7	1	3
78035	1	1	3
78035	2	1	3
78035	4	1	1
78035	5	1	1
78035	6	0	3
78035	7	1	1
78036	1	0	3
78036	2	0	3
78036	4	1	1
78036	5	1	1
78036	6	1	1
78036	7	1	1
78037	1	1	3
78037	2	1	3
78037	4	1	1
78037	5	1	1
78037	6	1	1
78037	7	1	1
78038	1	1	3
78038	2	1	3
78038	4	0	3
78038	5	0	3
78038	6	0	3
78038	7	1	3
78039	1	1	7
78039	2	0	3
78039	4	1	7
78039	5	1	1
78039	6	1	7
78039	7	1	1
78040	1	0	3
78040	2	0	3
78040	4	0	3
78040	5	1	1
78040	6	1	3
78040	7	1	1
78041	1	 	 
78041	2	 	 
78041	4	 	 
78041	5	 	 
78041	6	 	 
78041	7	 	 
78042	1	1	3
78042	2	1	3
78042	4	1	1
78042	5	1	1
78042	6	1	3
78042	7	1	3
78043	1	1	3
78043	2	1	3
78043	4	1	3
78043	5	1	1
78043	6	1	3
78043	7	1	1
78044	1	1	3
78044	2	1	3
78044	4	0	3
78044	5	1	1
78044	6	1	3
78044	7	1	1
78045	1	1	3
78045	2	1	3
78045	4	1	1
78045	5	1	1
78045	6	1	1
78045	7	1	1
78046	1	0	3
78046	2	0	3
78046	4	1	3
78046	5	1	1
78046	6	0	3
78046	7	1	3
78047	1	0	3
78047	2	1	3
78047	4	1	3
78047	5	1	1
78047	6	1	1
78047	7	1	1
78048	1	0	3
78048	2	1	3
78048	4	1	1
78048	5	1	1
78048	6	1	3
78048	7	1	1
78049	1	1	3
78049	2	0	3
78049	4	1	3
78049	5	1	1
78049	6	1	3
78049	7	1	3
78050	1	1	3
78050	2	0	3
78050	4	1	1
78050	5	1	3
78050	6	1	3
78050	7	1	1
78051	1	1	3
78051	2	1	3
78051	4	1	3
78051	5	1	1
78051	6	1	7
78051	7	1	1
78052	1	1	3
78052	2	1	3
78052	4	1	3
78052	5	1	1
78052	6	1	1
78052	7	1	3
88001	1	1	3
88001	2	1	4
88001	4	1	1
88001	5	1	1
88001	6	1	1
88001	7	1	1
88002	1	1	3
88002	2	0	3
88002	4	1	1
88002	5	1	1
88002	6	1	2
88002	7	1	1
88003	1	 	 
88003	2	 	 
88003	4	 	 
88003	5	 	 
88003	6	 	 
88003	7	 	 
88004	1	1	4
88004	2	1	4
88004	4	1	1
88004	5	1	1
88004	6	1	3
88004	7	1	1
88005	1	1	3
88005	2	1	3
88005	4	1	1
88005	5	1	1
88005	6	1	3
88005	7	0	3
88007	1	1	3
88007	2	0	3
88007	4	1	3
88007	5	1	1
88007	6	1	1
88007	7	1	1
88008	1	0	3
88008	2	0	3
88008	4	0	3
88008	5	1	1
88008	6	1	1
88008	7	1	1
88009	1	1	3
88009	2	1	3
88009	4	1	1
88009	5	1	1
88009	6	1	1
88009	7	1	1
88010	1	1	3
88010	2	1	3
88010	4	1	1
88010	5	1	1
88010	6	1	1
88010	7	1	1
88011	1	1	3
88011	2	0	3
88011	4	1	1
88011	5	1	1
88011	6	1	1
88011	7	1	1
88012	1	0	3
88012	2	1	3
88012	4	1	1
88012	5	1	1
88012	6	1	1
88012	7	1	1
88013	1	1	3
88013	2	1	3
88013	4	1	1
88013	5	1	6
88013	6	1	1
88013	7	1	1
88014	1	1	3
88014	2	1	1
88014	4	1	3
88014	5	1	1
88014	6	1	3
88014	7	0	3
88015	1	1	3
88015	2	1	3
88015	4	1	3
88015	5	1	1
88015	6	1	1
88015	7	1	3
88016	1	1	8
88016	2	0	3
88016	4	0	3
88016	5	1	1
88016	6	1	1
88016	7	1	1
88017	1	1	3
88017	2	1	3
88017	4	1	1
88017	5	1	1
88017	6	1	3
88017	7	1	1
88019	1	1	3
88019	2	1	1
88019	4	1	3
88019	5	0	3
88019	6	0	3
88019	7	1	3
88020	1	1	3
88020	2	1	3
88020	4	1	1
88020	5	1	3
88020	6	1	3
88020	7	1	1
88021	1	1	3
88021	2	0	3
88021	4	1	1
88021	5	1	1
88021	6	1	1
88021	7	1	1
88022	1	0	3
88022	2	1	3
88022	4	1	3
88022	5	1	1
88022	6	1	3
88022	7	1	1
88024	1	0	3
88024	2	0	3
88024	4	1	1
88024	5	1	1
88024	6	1	1
88024	7	1	1
88025	1	0	3
88025	2	0	3
88025	4	1	1
88025	5	1	1
88025	6	0	3
88025	7	1	1
88026	1	0	3
88026	2	0	2
88026	4	1	1
88026	5	1	1
88026	6	1	1
88026	7	1	1
88027	1	1	1
88027	2	0	3
88027	4	0	3
88027	5	0	3
88027	6	1	1
88027	7	1	1
88028	1	0	3
88028	2	0	3
88028	4	1	3
88028	5	1	3
88028	6	1	3
88028	7	1	3
88029	1	0	3
88029	2	1	3
88029	4	1	1
88029	5	1	1
88029	6	1	1
88029	7	1	1
88031	1	0	4
88031	2	0	4
88031	4	0	4
88031	5	1	1
88031	6	0	4
88031	7	0	4
98001	1	1	1
98001	2	1	1
98001	4	1	1
98001	5	1	1
98001	6	1	1
98001	7	1	1
98002	1	0	3
98002	2	1	1
98002	4	1	1
98002	5	1	1
98002	6	1	1
98002	7	1	1
98004	1	1	8
98004	2	1	8
98004	4	1	1
98004	5	1	1
98004	6	1	1
98004	7	1	1
98006	1	1	1
98006	2	1	1
98006	4	1	1
98006	5	1	1
98006	6	1	1
98006	7	1	1
98007	1	1	1
98007	2	1	1
98007	4	1	1
98007	5	1	1
98007	6	1	1
98007	7	1	1
98008	1	0	3
98008	2	1	1
98008	4	1	1
98008	5	1	1
98008	6	1	1
98008	7	1	1
98009	1	0	3
98009	2	0	3
98009	4	1	3
98009	5	1	3
98009	6	1	3
98009	7	1	3
98010	1	1	3
98010	2	1	1
98010	4	1	1
98010	5	1	1
98010	6	1	1
98010	7	1	1
98011	1	1	3
98011	2	1	3
98011	4	1	1
98011	5	1	1
98011	6	1	3
98011	7	1	3
98012	1	0	2
98012	2	1	1
98012	4	1	2
98012	5	0	88
98012	6	1	1
98012	7	1	1
98013	1	0	3
98013	2	1	3
98013	4	1	1
98013	5	1	1
98013	6	1	1
98013	7	1	1
98014	1	1	3
98014	2	1	3
98014	4	0	3
98014	5	1	7
98014	6	1	3
98014	7	1	7
98015	1	 	 
98015	2	 	 
98015	4	 	 
98015	5	 	 
98015	6	 	 
98015	7	 	 
98016	1	0	4
98016	2	1	4
98016	4	1	1
98016	5	1	1
98016	6	1	8
98016	7	1	1
98017	1	1	3
98017	2	1	3
98017	4	1	1
98017	5	1	1
98017	6	1	3
98017	7	1	1
98018	1	0	4
98018	2	0	4
98018	4	1	4
98018	5	1	1
98018	6	1	4
98018	7	1	4
98020	1	1	8
98020	2	1	4
98020	4	1	1
98020	5	1	1
98020	6	1	1
98020	7	1	1
98022	1	0	3
98022	2	0	3
98022	4	1	3
98022	5	1	1
98022	6	1	3
98022	7	1	1
98023	1	1	3
98023	2	1	3
98023	4	1	3
98023	5	0	3
98023	6	1	1
98023	7	1	1
98024	1	1	4
98024	2	1	4
98024	4	1	1
98024	5	1	1
98024	6	1	4
98024	7	1	1
98025	1	1	3
98025	2	1	3
98025	4	1	1
98025	5	1	1
98025	6	0	3
98025	7	0	3
98026	1	1	1
98026	2	1	1
98026	4	1	1
98026	5	1	1
98026	6	1	1
98026	7	1	1
98028	1	1	3
98028	2	1	7
98028	4	1	7
98028	5	1	1
98028	6	1	7
98028	7	1	7
98029	1	1	3
98029	2	0	3
98029	4	1	1
98029	5	1	1
98029	6	1	1
98029	7	1	1
108002	1	1	3
108002	2	1	7
108002	4	1	3
108002	5	1	1
108002	6	0	3
108002	7	1	1
108003	1	1	4
108003	2	1	4
108003	4	1	3
108003	5	1	1
108003	6	1	3
108003	7	1	1
108004	1	0	3
108004	2	0	3
108004	4	0	3
108004	5	1	1
108004	6	1	1
108004	7	1	1
108006	1	1	3
108006	2	1	3
108006	4	1	1
108006	5	1	1
108006	6	1	1
108006	7	1	1
108007	1	1	3
108007	2	1	7
108007	4	1	3
108007	5	1	1
108007	6	1	3
108007	7	1	1
108008	1	1	4
108008	2	0	4
108008	4	1	3
108008	5	1	1
108008	6	1	3
108008	7	1	1
108009	1	1	3
108009	2	1	3
108009	4	0	3
108009	5	1	1
108009	6	0	3
108009	7	1	3
108011	1	1	3
108011	2	1	3
108011	4	1	3
108011	5	1	1
108011	6	1	3
108011	7	1	1
108013	1	1	3
108013	2	1	3
108013	4	1	1
108013	5	1	1
108013	6	1	3
108013	7	1	1
108016	1	1	3
108016	2	1	3
108016	4	1	3
108016	5	1	1
108016	6	1	3
108016	7	1	3
108017	1	1	3
108017	2	1	3
108017	4	1	3
108017	5	1	1
108017	6	1	3
108017	7	1	1
108018	1	1	7
108018	2	0	3
108018	4	1	7
108018	5	1	1
108018	6	1	7
108018	7	1	1
108020	1	1	3
108020	2	1	3
108020	4	1	3
108020	5	1	3
108020	6	1	3
108020	7	1	3
108021	1	0	3
108021	2	1	3
108021	4	1	3
108021	5	1	1
108021	6	1	3
108021	7	1	3
108022	1	0	3
108022	2	1	3
108022	4	1	3
108022	5	1	3
108022	6	1	3
108022	7	1	3
108023	1	0	3
108023	2	1	3
108023	4	1	3
108023	5	1	1
108023	6	1	1
108023	7	1	1
108024	1	1	4
108024	2	1	3
108024	4	1	1
108024	5	1	1
108024	6	1	1
108024	7	1	3
108025	1	1	3
108025	2	0	3
108025	4	1	3
108025	5	1	1
108025	6	1	3
108025	7	0	3
108026	1	0	3
108026	2	0	3
108026	4	0	3
108026	5	1	1
108026	6	0	3
108026	7	1	1
108028	1	1	3
108028	2	1	3
108028	4	1	3
108028	5	1	3
108028	6	1	3
108028	7	1	3
108029	1	0	3
108029	2	1	3
108029	4	1	1
108029	5	1	1
108029	6	1	3
108029	7	1	1
118001	1	1	1
118001	2	1	1
118001	4	1	3
118001	5	1	3
118001	6	1	3
118001	7	1	3
118002	1	1	3
118002	2	1	3
118002	4	1	1
118002	5	1	1
118002	6	1	1
118002	7	1	1
118004	1	0	3
118004	2	1	3
118004	4	0	3
118004	5	0	3
118004	6	0	3
118004	7	0	3
118005	1	0	4
118005	2	1	4
118005	4	1	1
118005	5	1	1
118005	6	1	4
118005	7	1	1
118006	1	1	4
118006	2	1	4
118006	4	1	1
118006	5	1	4
118006	6	1	1
118006	7	1	1
118007	1	0	3
118007	2	1	1
118007	4	1	1
118007	5	1	1
118007	6	1	1
118007	7	1	1
118009	1	1	3
118009	2	1	3
118009	4	1	1
118009	5	1	1
118009	6	1	3
118009	7	1	3
118011	1	1	4
118011	2	1	4
118011	4	1	4
118011	5	1	1
118011	6	1	4
118011	7	1	1
118013	1	1	3
118013	2	1	3
118013	4	1	1
118013	5	1	1
118013	6	1	1
118013	7	1	1
118014	1	1	1
118014	2	1	1
118014	4	1	1
118014	5	1	1
118014	6	1	1
118014	7	1	1
118015	1	0	3
118015	2	0	3
118015	4	0	3
118015	5	1	7
118015	6	1	1
118015	7	1	1
118017	1	1	1
118017	2	1	2
118017	4	1	1
118017	5	1	1
118017	6	1	1
118017	7	1	1
118018	1	1	3
118018	2	1	3
118018	4	1	1
118018	5	1	1
118018	6	1	3
118018	7	1	3
118019	1	1	3
118019	2	1	3
118019	4	1	1
118019	5	1	1
118019	6	1	3
118019	7	1	3
118020	1	1	1
118020	2	0	2
118020	4	1	1
118020	5	1	2
118020	6	1	1
118020	7	1	1
118021	1	1	3
118021	2	1	3
118021	4	1	1
118021	5	1	1
118021	6	1	3
118021	7	1	1
118022	1	1	4
118022	2	1	4
118022	4	1	4
118022	5	1	1
118022	6	1	1
118022	7	1	1
118023	1	1	3
118023	2	1	1
118023	4	1	1
118023	5	1	1
118023	6	1	1
118023	7	1	1
118024	1	1	3
118024	2	1	3
118024	4	0	3
118024	5	1	1
118024	6	0	3
118024	7	0	3
118027	1	1	1
118027	2	1	1
118027	4	1	1
118027	5	1	1
118027	6	1	1
118027	7	1	1
118028	1	0	4
118028	2	0	4
118028	4	1	1
118028	5	1	1
118028	6	1	1
118028	7	1	1
118029	1	1	3
118029	2	1	3
118029	4	1	1
118029	5	1	1
118029	6	1	4
118029	7	1	4
118030	1	1	3
118030	2	1	3
118030	4	1	1
118030	5	1	1
118030	6	1	3
118030	7	1	1
128002	1	0	4
128002	2	0	4
128002	4	1	1
128002	5	1	1
128002	6	1	1
128002	7	1	1
128003	1	0	4
128003	2	0	4
128003	4	1	4
128003	5	1	1
128003	6	1	4
128003	7	1	4
128004	1	0	3
128004	2	0	3
128004	4	1	7
128004	5	0	3
128004	6	1	7
128004	7	1	1
128005	1	1	4
128005	2	1	3
128005	4	1	1
128005	5	1	1
128005	6	1	3
128005	7	1	1
128006	1	1	4
128006	2	1	4
128006	4	1	1
128006	5	1	1
128006	6	1	4
128006	7	1	3
128007	1	0	3
128007	2	0	3
128007	4	1	1
128007	5	1	1
128007	6	1	1
128007	7	1	1
128008	1	0	3
128008	2	1	3
128008	4	1	1
128008	5	1	1
128008	6	1	3
128008	7	1	3
128009	1	1	3
128009	2	0	3
128009	4	1	5
128009	5	1	1
128009	6	0	3
128009	7	1	1
128010	1	1	4
128010	2	1	4
128010	4	1	4
128010	5	1	1
128010	6	1	1
128010	7	1	1
128011	1	1	3
128011	2	1	3
128011	4	1	1
128011	5	1	1
128011	6	1	3
128011	7	1	1
128012	1	1	3
128012	2	1	7
128012	4	1	7
128012	5	1	1
128012	6	1	1
128012	7	1	7
128013	1	0	5
128013	2	0	3
128013	4	1	1
128013	5	1	1
128013	6	1	1
128013	7	1	1
128014	1	0	3
128014	2	1	4
128014	4	0	3
128014	5	1	1
128014	6	1	1
128014	7	1	1
128015	1	0	3
128015	2	0	3
128015	4	1	1
128015	5	1	1
128015	6	1	1
128015	7	1	1
128016	1	1	3
128016	2	1	3
128016	4	1	1
128016	5	1	1
128016	6	1	1
128016	7	1	1
128017	1	1	3
128017	2	1	3
128017	4	0	3
128017	5	1	1
128017	6	1	3
128017	7	1	3
128019	1	1	3
128019	2	0	3
128019	4	1	1
128019	5	1	1
128019	6	1	1
128019	7	1	1
128020	1	1	3
128020	2	1	1
128020	4	1	1
128020	5	1	1
128020	6	1	1
128020	7	1	1
128021	1	1	3
128021	2	1	3
128021	4	1	1
128021	5	1	1
128021	6	1	1
128021	7	1	1
128022	1	1	3
128022	2	1	3
128022	4	1	3
128022	5	1	1
128022	6	1	3
128022	7	1	3
128023	1	0	3
128023	2	1	3
128023	4	1	1
128023	5	1	1
128023	6	1	1
128023	7	1	1
128024	1	1	3
128024	2	0	3
128024	4	1	3
128024	5	1	1
128024	6	1	3
128024	7	1	3
128026	1	1	3
128026	2	0	3
128026	4	1	4
128026	5	1	1
128026	6	1	1
128026	7	1	1
128027	1	 	 
128027	2	 	 
128027	4	 	 
128027	5	 	 
128027	6	 	 
128027	7	 	 
128028	1	0	3
128028	2	0	3
128028	4	1	1
128028	5	1	1
128028	6	1	1
128028	7	1	1
128030	1	0	3
128030	2	0	3
128030	4	1	1
128030	5	1	1
128030	6	1	1
128030	7	1	1
128031	1	0	3
128031	2	1	3
128031	4	1	1
128031	5	1	1
128031	6	1	1
128031	7	1	1
128032	1	1	3
128032	2	0	3
128032	4	1	1
128032	5	1	1
128032	6	1	1
128032	7	1	1
128033	1	1	3
128033	2	1	8
128033	4	1	3
128033	5	1	1
128033	6	1	1
128033	7	1	1
128034	1	0	3
128034	2	0	3
128034	4	1	1
128034	5	1	1
128034	6	1	1
128034	7	1	1
128037	1	1	7
128037	2	1	7
128037	4	1	7
128037	5	1	7
128037	6	1	7
128037	7	1	7
128038	1	1	8
128038	2	1	8
128038	4	1	1
128038	5	1	1
128038	6	1	1
128038	7	1	1
128039	1	0	3
128039	2	0	3
128039	4	1	7
128039	5	1	7
128039	6	1	3
128039	7	1	1
128040	1	0	3
128040	2	0	3
128040	4	1	1
128040	5	1	1
128040	6	1	1
128040	7	1	1
128041	1	1	3
128041	2	1	3
128041	4	1	1
128041	5	1	1
128041	6	1	1
128041	7	1	1
128042	1	1	3
128042	2	1	7
128042	4	1	1
128042	5	1	1
128042	6	1	3
128042	7	1	1
128043	1	1	3
128043	2	1	3
128043	4	1	3
128043	5	1	1
128043	6	1	1
128043	7	1	1
128044	1	1	7
128044	2	0	88
128044	4	1	1
128044	5	1	1
128044	6	1	1
128044	7	1	1
128045	1	0	2
128045	2	0	3
128045	4	1	3
128045	5	1	1
128045	6	1	3
128045	7	1	3
128046	1	1	3
128046	2	1	3
128046	4	1	3
128046	5	1	1
128046	6	1	3
128046	7	1	1
128047	1	0	3
128047	2	1	3
128047	4	1	1
128047	5	1	1
128047	6	1	1
128047	7	1	1
128048	1	1	3
128048	2	1	8
128048	4	1	1
128048	5	1	8
128048	6	1	3
128048	7	1	1
128049	1	1	3
128049	2	1	3
128049	4	1	1
128049	5	1	1
128049	6	1	3
128049	7	1	1
128050	1	1	7
128050	2	1	3
128050	4	1	1
128050	5	1	1
128050	6	1	1
128050	7	1	1
128051	1	0	3
128051	2	0	3
128051	4	1	1
128051	5	1	1
128051	6	1	1
128051	7	1	1
138002	1	1	3
138002	2	1	3
138002	4	1	3
138002	5	1	1
138002	6	1	3
138002	7	1	3
138004	1	1	4
138004	2	0	4
138004	4	1	1
138004	5	1	1
138004	6	1	1
138004	7	1	1
138005	1	0	3
138005	2	0	3
138005	4	1	3
138005	5	1	1
138005	6	0	3
138005	7	1	1
138007	1	1	3
138007	2	1	3
138007	4	1	1
138007	5	1	1
138007	6	1	1
138007	7	1	1
138008	1	1	3
138008	2	0	3
138008	4	1	3
138008	5	1	1
138008	6	1	3
138008	7	1	3
138009	1	1	3
138009	2	1	3
138009	4	1	1
138009	5	1	1
138009	6	1	1
138009	7	1	1
138011	1	1	3
138011	2	0	3
138011	4	1	1
138011	5	1	1
138011	6	1	1
138011	7	1	1
138012	1	1	3
138012	2	0	3
138012	4	1	3
138012	5	1	1
138012	6	1	1
138012	7	1	1
138013	1	1	3
138013	2	1	3
138013	4	1	1
138013	5	1	1
138013	6	1	1
138013	7	1	1
138014	1	1	2
138014	2	1	1
138014	4	1	2
138014	5	1	2
138014	6	1	2
138014	7	1	2
138015	1	0	4
138015	2	0	4
138015	4	1	1
138015	5	1	1
138015	6	1	1
138015	7	1	1
138016	1	0	3
138016	2	0	3
138016	4	0	3
138016	5	0	3
138016	6	1	1
138016	7	1	1
138017	1	1	3
138017	2	1	3
138017	4	1	3
138017	5	1	1
138017	6	1	3
138017	7	1	3
138018	1	0	3
138018	2	0	3
138018	4	1	1
138018	5	1	1
138018	6	1	3
138018	7	1	3
138020	1	1	1
138020	2	0	3
138020	4	1	1
138020	5	1	1
138020	6	1	1
138020	7	1	1
138021	1	0	4
138021	2	0	4
138021	4	0	4
138021	5	0	4
138021	6	0	4
138021	7	0	4
138022	1	0	3
138022	2	0	3
138022	4	1	3
138022	5	1	1
138022	6	1	3
138022	7	1	1
138023	1	1	2
138023	2	1	1
138023	4	1	1
138023	5	1	1
138023	6	1	1
138023	7	1	1
138024	1	1	3
138024	2	0	3
138024	4	1	1
138024	5	1	1
138024	6	1	1
138024	7	1	3
138025	1	1	3
138025	2	0	3
138025	4	1	1
138025	5	0	3
138025	6	1	1
138025	7	1	1
138027	1	1	3
138027	2	1	3
138027	4	1	3
138027	5	1	1
138027	6	1	3
138027	7	1	1
138028	1	0	3
138028	2	1	3
138028	4	0	3
138028	5	1	7
138028	6	1	7
138028	7	1	7
138029	1	1	7
138029	2	1	7
138029	4	1	1
138029	5	1	1
138029	6	1	1
138029	7	1	1
138030	1	1	3
138030	2	1	3
138030	4	1	1
138030	5	1	1
138030	6	1	1
138030	7	1	1
138031	1	1	2
138031	2	1	1
138031	4	1	1
138031	5	0	2
138031	6	1	1
138031	7	1	1
138033	1	1	4
138033	2	1	4
138033	4	0	3
138033	5	0	3
138033	6	0	3
138033	7	1	3
138035	1	0	3
138035	2	0	3
138035	4	1	4
138035	5	1	1
138035	6	1	1
138035	7	1	1
138036	1	0	3
138036	2	0	3
138036	4	1	7
138036	5	1	1
138036	6	1	1
138036	7	1	1
138037	1	0	3
138037	2	1	3
138037	4	1	3
138037	5	1	3
138037	6	1	1
138037	7	0	3
138038	1	1	3
138038	2	1	3
138038	4	0	3
138038	5	1	1
138038	6	1	3
138038	7	1	1
138039	1	0	3
138039	2	0	3
138039	4	0	3
138039	5	1	1
138039	6	1	1
138039	7	1	1
138040	1	1	6
138040	2	1	6
138040	4	1	1
138040	5	1	6
138040	6	1	1
138040	7	1	1
138041	1	1	3
138041	2	1	7
138041	4	1	1
138041	5	1	1
138041	6	1	3
138041	7	1	1
138042	1	0	2
138042	2	0	2
138042	4	1	1
138042	5	1	1
138042	6	1	2
138042	7	1	2
138044	1	1	3
138044	2	0	3
138044	4	1	3
138044	5	1	1
138044	6	1	3
138044	7	1	1
138045	1	0	3
138045	2	0	3
138045	4	1	3
138045	5	1	1
138045	6	1	1
138045	7	1	1
138046	1	1	1
138046	2	1	1
138046	4	1	1
138046	5	1	1
138046	6	1	1
138046	7	1	1
138047	1	1	3
138047	2	0	3
138047	4	1	3
138047	5	1	1
138047	6	1	3
138047	7	1	1
138048	1	1	3
138048	2	0	3
138048	4	1	3
138048	5	1	1
138048	6	1	1
138048	7	1	1
138049	1	0	3
138049	2	0	3
138049	4	1	3
138049	5	1	1
138049	6	1	1
138049	7	1	1
138050	1	1	3
138050	2	0	3
138050	4	1	1
138050	5	1	3
138050	6	1	1
138050	7	1	1
138051	1	1	3
138051	2	0	2
138051	4	1	3
138051	5	1	1
138051	6	0	3
138051	7	1	3
138053	1	1	3
138053	2	0	3
138053	4	0	3
138053	5	1	1
138053	6	1	1
138053	7	0	3
148001	1	0	3
148001	2	1	3
148001	4	1	1
148001	5	1	1
148001	6	1	1
148001	7	1	1
148002	1	1	3
148002	2	1	3
148002	4	1	3
148002	5	1	1
148002	6	1	1
148002	7	1	1
148003	1	0	4
148003	2	1	7
148003	4	0	5
148003	5	1	1
148003	6	1	2
148003	7	1	1
148004	1	1	2
148004	2	1	1
148004	4	1	1
148004	5	1	1
148004	6	1	1
148004	7	1	1
148005	1	0	3
148005	2	1	3
148005	4	0	3
148005	5	1	3
148005	6	0	3
148005	7	0	3
148006	1	0	2
148006	2	0	2
148006	4	1	1
148006	5	1	1
148006	6	1	3
148006	7	1	1
148007	1	0	3
148007	2	0	3
148007	4	0	3
148007	5	1	1
148007	6	1	1
148007	7	1	3
148008	1	1	3
148008	2	0	3
148008	4	1	3
148008	5	1	3
148008	6	1	3
148008	7	1	1
148009	1	1	7
148009	2	1	7
148009	4	1	3
148009	5	1	1
148009	6	1	1
148009	7	1	1
148010	1	0	3
148010	2	1	3
148010	4	1	1
148010	5	1	1
148010	6	1	3
148010	7	1	1
148011	1	1	3
148011	2	1	8
148011	4	1	8
148011	5	1	1
148011	6	1	1
148011	7	1	1
148012	1	0	3
148012	2	1	3
148012	4	1	1
148012	5	1	1
148012	6	1	3
148012	7	1	1
148013	1	0	3
148013	2	1	3
148013	4	0	3
148013	5	1	3
148013	6	1	3
148013	7	1	3
148014	1	1	3
148014	2	0	3
148014	4	1	1
148014	5	1	1
148014	6	1	3
148014	7	1	3
148015	1	0	4
148015	2	0	3
148015	4	1	3
148015	5	1	1
148015	6	1	3
148015	7	0	3
148016	1	0	3
148016	2	1	3
148016	4	1	3
148016	5	1	1
148016	6	1	3
148016	7	1	1
148017	1	0	3
148017	2	0	3
148017	4	1	1
148017	5	1	1
148017	6	0	7
148017	7	1	3
148018	1	1	3
148018	2	1	3
148018	4	1	3
148018	5	1	1
148018	6	1	1
148018	7	1	1
148019	1	1	8
148019	2	0	3
148019	4	1	3
148019	5	1	1
148019	6	1	3
148019	7	1	1
148020	1	1	8
148020	2	1	8
148020	4	1	1
148020	5	1	1
148020	6	1	8
148020	7	1	1
148021	1	 	 
148021	2	 	 
148021	4	 	 
148021	5	 	 
148021	6	 	 
148021	7	 	 
148022	1	0	3
148022	2	0	3
148022	4	1	3
148022	5	1	1
148022	6	1	3
148022	7	1	1
148023	1	1	6
148023	2	1	6
148023	4	1	6
148023	5	1	6
148023	6	1	6
148023	7	1	6
148024	1	0	3
148024	2	0	3
148024	4	1	3
148024	5	1	1
148024	6	0	3
148024	7	0	3
148025	1	0	3
148025	2	0	3
148025	4	0	3
148025	5	1	1
148025	6	0	3
148025	7	1	1
148026	1	1	4
148026	2	1	3
148026	4	1	3
148026	5	1	1
148026	6	1	1
148026	7	1	1
148027	1	0	3
148027	2	0	3
148027	4	1	1
148027	5	0	3
148027	6	1	1
148027	7	1	1
148028	1	1	4
148028	2	0	4
148028	4	1	1
148028	5	1	1
148028	6	1	4
148028	7	1	1
148029	1	0	3
148029	2	1	3
148029	4	1	1
148029	5	1	1
148029	6	0	3
148029	7	0	3
148030	1	0	3
148030	2	0	3
148030	4	1	3
148030	5	1	1
148030	6	1	7
148030	7	1	1
148031	1	1	2
148031	2	1	2
148031	4	1	1
148031	5	1	1
148031	6	1	1
148031	7	1	1
148033	1	1	3
148033	2	0	3
148033	4	1	1
148033	5	1	1
148033	6	1	1
148033	7	0	1
148034	1	1	8
148034	2	1	7
148034	4	1	7
148034	5	1	1
148034	6	1	3
148034	7	1	7
148035	1	1	3
148035	2	1	3
148035	4	1	1
148035	5	1	1
148035	6	0	3
148035	7	1	1
148036	1	0	3
148036	2	1	7
148036	4	1	1
148036	5	1	1
148036	6	0	3
148036	7	1	1
148038	1	1	3
148038	2	1	3
148038	4	1	1
148038	5	1	1
148038	6	1	1
148038	7	1	1
148039	1	1	3
148039	2	1	3
148039	4	1	1
148039	5	1	1
148039	6	1	1
148039	7	1	1
148040	1	0	3
148040	2	0	2
148040	4	1	1
148040	5	1	1
148040	6	1	1
148040	7	1	1
148041	1	0	3
148041	2	0	3
148041	4	1	3
148041	5	1	1
148041	6	1	1
148041	7	1	1
148042	1	1	3
148042	2	1	3
148042	4	1	1
148042	5	1	1
148042	6	1	3
148042	7	1	1
148043	1	0	3
148043	2	0	3
148043	4	1	1
148043	5	1	1
148043	6	1	1
148043	7	1	1
148044	1	0	3
148044	2	0	3
148044	4	1	1
148044	5	1	1
148044	6	0	3
148044	7	0	3
148045	1	0	3
148045	2	0	3
148045	4	1	1
148045	5	1	1
148045	6	1	1
148045	7	1	1
148046	1	0	3
148046	2	0	3
148046	4	0	3
148046	5	1	1
148046	6	0	3
148046	7	1	1
148047	1	0	3
148047	2	0	3
148047	4	1	1
148047	5	1	1
148047	6	1	1
148047	7	1	1
148048	1	0	3
148048	2	0	3
148048	4	0	3
148048	5	1	1
148048	6	0	3
148048	7	0	3
148049	1	0	3
148049	2	1	7
148049	4	1	1
148049	5	1	1
148049	6	1	1
148049	7	1	1
148051	1	1	3
148051	2	1	3
148051	4	1	1
148051	5	1	1
148051	6	1	1
148051	7	1	1
158001	1	1	1
158001	2	1	1
158001	4	1	1
158001	5	1	1
158001	6	1	1
158001	7	1	1
158002	1	1	3
158002	2	1	3
158002	4	1	3
158002	5	1	1
158002	6	1	1
158002	7	1	1
158003	1	1	6
158003	2	1	6
158003	4	1	6
158003	5	1	6
158003	6	1	6
158003	7	1	6
158004	1	1	1
158004	2	1	1
158004	4	1	1
158004	5	1	1
158004	6	1	1
158004	7	1	1
158005	1	1	3
158005	2	1	3
158005	4	1	3
158005	5	1	1
158005	6	1	3
158005	7	1	1
158006	1	1	1
158006	2	1	1
158006	4	1	5
158006	5	1	1
158006	6	1	1
158006	7	1	1
158007	1	0	3
158007	2	0	3
158007	4	1	3
158007	5	1	3
158007	6	1	3
158007	7	0	3
158008	1	0	3
158008	2	0	3
158008	4	1	1
158008	5	1	1
158008	6	1	1
158008	7	1	1
158009	1	0	3
158009	2	1	3
158009	4	1	3
158009	5	1	1
158009	6	1	1
158009	7	1	1
158010	1	1	3
158010	2	1	3
158010	4	0	77
158010	5	1	1
158010	6	1	3
158010	7	1	1
158011	1	0	4
158011	2	0	4
158011	4	1	1
158011	5	1	1
158011	6	0	4
158011	7	0	4
158013	1	1	1
158013	2	1	1
158013	4	1	1
158013	5	1	1
158013	6	1	1
158013	7	1	1
158014	1	 	 
158014	2	 	 
158014	4	 	 
158014	5	 	 
158014	6	 	 
158014	7	 	 
158015	1	1	3
158015	2	0	3
158015	4	1	1
158015	5	1	1
158015	6	1	3
158015	7	1	3
158016	1	1	3
158016	2	1	3
158016	4	1	1
158016	5	1	1
158016	6	1	1
158016	7	1	1
158018	1	1	3
158018	2	1	3
158018	4	1	3
158018	5	1	1
158018	6	1	1
158018	7	1	1
158019	1	1	1
158019	2	1	1
158019	4	1	1
158019	5	1	1
158019	6	1	1
158019	7	1	1
158021	1	0	3
158021	2	1	3
158021	4	1	1
158021	5	1	1
158021	6	1	1
158021	7	1	3
158022	1	0	3
158022	2	0	3
158022	4	1	3
158022	5	1	3
158022	6	1	3
158022	7	1	3
158023	1	1	1
158023	2	1	1
158023	4	1	1
158023	5	1	1
158023	6	1	1
158023	7	1	1
158024	1	1	3
158024	2	1	3
158024	4	1	1
158024	5	1	1
158024	6	1	1
158024	7	1	1
158025	1	1	2
158025	2	0	3
158025	4	1	1
158025	5	1	1
158025	6	1	1
158025	7	1	1
158026	1	0	3
158026	2	1	3
158026	4	1	1
158026	5	1	1
158026	6	1	1
158026	7	1	1
158032	1	0	3
158032	2	1	1
158032	4	1	1
158032	5	1	1
158032	6	1	1
158032	7	1	1
158033	1	0	3
158033	2	0	3
158033	4	0	3
158033	5	1	1
158033	6	1	1
158033	7	1	1
158034	1	0	3
158034	2	0	3
158034	4	1	1
158034	5	1	1
158034	6	1	1
158034	7	1	1
158035	1	1	3
158035	2	1	3
158035	4	1	1
158035	5	1	1
158035	6	1	1
158035	7	1	1
158036	1	1	3
158036	2	0	3
158036	4	1	3
158036	5	1	1
158036	6	1	1
158036	7	1	1
158037	1	1	3
158037	2	0	3
158037	4	1	1
158037	5	1	1
158037	6	1	1
158037	7	1	1
158038	1	1	6
158038	2	1	1
158038	4	1	6
158038	5	1	1
158038	6	1	6
158038	7	1	6
158039	1	1	1
158039	2	1	1
158039	4	1	1
158039	5	1	1
158039	6	1	1
158039	7	1	1
158040	1	1	2
158040	2	1	1
158040	4	1	1
158040	5	1	1
158040	6	1	1
158040	7	1	1
158041	1	1	1
158041	2	1	1
158041	4	1	1
158041	5	1	1
158041	6	1	1
158041	7	1	1
158042	1	1	3
158042	2	0	3
158042	4	1	1
158042	5	1	3
158042	6	1	1
158042	7	1	3
158043	1	1	3
158043	2	1	3
158043	4	1	1
158043	5	1	1
158043	6	1	1
158043	7	1	1
158044	1	1	3
158044	2	1	3
158044	4	1	3
158044	5	1	1
158044	6	1	3
158044	7	1	1
158045	1	0	3
158045	2	0	3
158045	4	1	1
158045	5	1	1
158045	6	1	1
158045	7	1	1
158047	1	1	8
158047	2	1	1
158047	4	1	1
158047	5	1	1
158047	6	1	8
158047	7	1	1
158048	1	1	3
158048	2	1	3
158048	4	1	1
158048	5	1	1
158048	6	1	1
158048	7	1	1
158049	1	1	3
158049	2	1	3
158049	4	1	7
158049	5	0	3
158049	6	1	3
158049	7	1	3
158050	1	0	3
158050	2	1	3
158050	4	1	1
158050	5	1	1
158050	6	1	1
158050	7	1	1
158051	1	1	3
158051	2	1	3
158051	4	1	1
158051	5	1	2
158051	6	1	1
158051	7	1	1
158052	1	0	3
158052	2	1	7
158052	4	1	3
158052	5	1	1
158052	6	1	1
158052	7	1	1
158053	1	0	3
158053	2	1	3
158053	4	1	3
158053	5	1	1
158053	6	1	3
158053	7	1	3
158054	1	0	2
158054	2	1	2
158054	4	0	2
158054	5	1	2
158054	6	1	2
158054	7	0	2
158055	1	0	2
158055	2	1	6
158055	4	1	1
158055	5	1	6
158055	6	1	6
158055	7	1	6
158056	1	0	3
158056	2	1	7
158056	4	1	7
158056	5	1	1
158056	6	1	1
158056	7	1	1
158057	1	1	3
158057	2	1	3
158057	4	1	1
158057	5	1	1
158057	6	1	1
158057	7	1	1
168001	1	0	3
168001	2	0	3
168001	4	1	1
168001	5	1	1
168001	6	1	1
168001	7	1	1
168002	1	0	3
168002	2	0	3
168002	4	1	1
168002	5	1	1
168002	6	1	1
168002	7	1	1
168004	1	 	79
168004	2	 	79
168004	4	 	79
168004	5	 	79
168004	6	 	79
168004	7	 	79
168005	1	1	6
168005	2	1	6
168005	4	1	6
168005	5	1	6
168005	6	1	6
168005	7	1	6
168006	1	0	3
168006	2	1	3
168006	4	1	1
168006	5	1	1
168006	6	1	3
168006	7	1	1
168007	1	1	7
168007	2	1	7
168007	4	1	1
168007	5	1	1
168007	6	1	1
168007	7	1	1
168008	1	0	3
168008	2	0	3
168008	4	1	1
168008	5	1	1
168008	6	0	3
168008	7	1	1
168009	1	1	3
168009	2	1	3
168009	4	1	1
168009	5	1	1
168009	6	1	1
168009	7	1	1
168010	1	1	3
168010	2	1	7
168010	4	1	1
168010	5	1	1
168010	6	1	3
168010	7	1	1
168011	1	1	7
168011	2	1	7
168011	4	1	1
168011	5	1	1
168011	6	1	1
168011	7	1	1
168012	1	0	3
168012	2	0	3
168012	4	1	1
168012	5	1	1
168012	6	1	3
168012	7	1	1
168013	1	1	3
168013	2	1	3
168013	4	0	3
168013	5	1	3
168013	6	1	3
168013	7	1	3
168015	1	1	3
168015	2	1	3
168015	4	1	1
168015	5	1	1
168015	6	1	3
168015	7	1	3
168016	1	1	3
168016	2	1	1
168016	4	1	1
168016	5	1	1
168016	6	1	3
168016	7	1	1
168017	1	0	3
168017	2	0	3
168017	4	1	7
168017	5	1	7
168017	6	1	7
168017	7	1	1
168018	1	1	3
168018	2	0	3
168018	4	1	1
168018	5	1	1
168018	6	1	2
168018	7	1	1
168019	1	1	1
168019	2	1	1
168019	4	1	1
168019	5	1	1
168019	6	1	1
168019	7	1	1
168020	1	0	4
168020	2	0	4
168020	4	1	1
168020	5	1	1
168020	6	1	1
168020	7	1	1
168022	1	1	1
168022	2	1	1
168022	4	1	1
168022	5	1	1
168022	6	1	1
168022	7	1	1
168023	1	1	3
168023	2	1	3
168023	4	1	1
168023	5	1	1
168023	6	1	1
168023	7	1	1
168024	1	0	3
168024	2	1	3
168024	4	0	3
168024	5	1	1
168024	6	1	1
168024	7	1	1
168025	1	1	3
168025	2	1	1
168025	4	1	1
168025	5	1	1
168025	6	1	1
168025	7	1	1
178001	1	1	7
178001	2	1	7
178001	4	1	7
178001	5	1	1
178001	6	1	1
178001	7	1	1
178002	1	1	3
178002	2	1	3
178002	4	1	1
178002	5	1	1
178002	6	1	3
178002	7	1	3
178003	1	0	3
178003	2	0	3
178003	4	1	1
178003	5	1	1
178003	6	1	1
178003	7	1	1
178004	1	1	7
178004	2	1	7
178004	4	1	7
178004	5	1	1
178004	6	1	1
178004	7	1	1
178006	1	0	3
178006	2	0	3
178006	4	1	1
178006	5	1	1
178006	6	1	3
178006	7	1	1
178007	1	0	3
178007	2	0	3
178007	4	1	3
178007	5	1	1
178007	6	1	3
178007	7	1	1
178009	1	1	3
178009	2	1	3
178009	4	0	1
178009	5	0	1
178009	6	1	3
178009	7	1	1
178010	1	1	6
178010	2	1	6
178010	4	1	6
178010	5	1	6
178010	6	1	6
178010	7	1	6
178011	1	1	7
178011	2	0	3
178011	4	1	1
178011	5	1	1
178011	6	1	7
178011	7	1	1
178013	1	0	4
178013	2	1	4
178013	4	1	1
178013	5	1	1
178013	6	1	1
178013	7	1	1
178015	1	1	1
178015	2	1	1
178015	4	1	1
178015	5	1	1
178015	6	1	1
178015	7	1	1
178019	1	0	4
178019	2	0	4
178019	4	1	1
178019	5	1	1
178019	6	1	4
178019	7	1	1
178020	1	1	1
178020	2	1	1
178020	4	1	1
178020	5	1	1
178020	6	1	1
178020	7	1	1
178021	1	1	8
178021	2	1	8
178021	4	1	1
178021	5	1	1
178021	6	1	1
178021	7	1	1
178022	1	1	4
178022	2	1	4
178022	4	1	8
178022	5	1	1
178022	6	1	1
178022	7	1	1
178024	1	1	3
178024	2	1	3
178024	4	1	1
178024	5	1	1
178024	6	1	1
178024	7	1	1
178025	1	1	1
178025	2	0	1
178025	4	1	1
178025	5	1	1
178025	6	1	1
178025	7	1	1
178026	1	1	1
178026	2	1	1
178026	4	1	1
178026	5	1	1
178026	6	1	1
178026	7	1	1
178027	1	1	1
178027	2	1	1
178027	4	1	1
178027	5	1	1
178027	6	1	1
178027	7	1	1
178028	1	1	1
178028	2	1	1
178028	4	1	1
178028	5	1	1
178028	6	1	1
178028	7	1	1
178029	1	1	6
178029	2	1	6
178029	4	1	6
178029	5	1	6
178029	6	1	6
178029	7	1	6
178030	1	1	7
178030	2	1	7
178030	4	1	1
178030	5	1	1
178030	6	1	1
178030	7	1	1
178031	1	0	4
178031	2	0	4
178031	4	1	4
178031	5	1	8
178031	6	1	1
178031	7	1	9
178035	1	1	8
178035	2	1	8
178035	4	1	1
178035	5	1	6
178035	6	1	6
178035	7	1	6
178036	1	1	3
178036	2	1	3
178036	4	1	3
178036	5	1	1
178036	6	1	3
178036	7	1	1
188001	1	1	3
188001	2	0	3
188001	4	1	3
188001	5	1	1
188001	6	1	3
188001	7	1	3
188002	1	1	3
188002	2	1	3
188002	4	1	1
188002	5	1	1
188002	6	0	3
188002	7	1	1
188003	1	1	1
188003	2	1	2
188003	4	1	2
188003	5	0	2
188003	6	1	2
188003	7	1	2
188004	1	1	1
188004	2	1	1
188004	4	1	1
188004	5	1	1
188004	6	1	1
188004	7	1	1
188005	1	1	3
188005	2	1	3
188005	4	1	3
188005	5	1	3
188005	6	1	3
188005	7	1	1
188006	1	1	1
188006	2	0	3
188006	4	1	1
188006	5	1	1
188006	6	1	1
188006	7	1	1
188007	1	1	6
188007	2	1	6
188007	4	1	6
188007	5	1	6
188007	6	1	6
188007	7	1	6
188009	1	1	1
188009	2	1	1
188009	4	1	1
188009	5	1	1
188009	6	1	1
188009	7	1	1
188010	1	1	3
188010	2	1	3
188010	4	1	3
188010	5	1	1
188010	6	1	3
188010	7	1	1
188011	1	1	7
188011	2	1	1
188011	4	1	7
188011	5	1	1
188011	6	1	3
188011	7	1	1
188012	1	0	4
188012	2	0	4
188012	4	1	4
188012	5	1	1
188012	6	1	4
188012	7	1	4
188013	1	1	7
188013	2	1	7
188013	4	1	1
188013	5	1	1
188013	6	1	1
188013	7	1	1
188014	1	1	1
188014	2	1	1
188014	4	1	1
188014	5	1	1
188014	6	1	1
188014	7	1	1
188015	1	1	3
188015	2	1	3
188015	4	1	7
188015	5	1	1
188015	6	1	1
188015	7	1	3
188016	1	1	1
188016	2	1	1
188016	4	1	2
188016	5	1	1
188016	6	1	1
188016	7	1	1
188017	1	0	3
188017	2	1	3
188017	4	1	7
188017	5	1	3
188017	6	1	3
188017	7	1	3
188018	1	1	3
188018	2	1	3
188018	4	1	1
188018	5	0	3
188018	6	1	3
188018	7	1	3
188019	1	1	1
188019	2	0	3
188019	4	1	1
188019	5	1	1
188019	6	1	1
188019	7	1	1
188020	1	 	 
188020	2	 	 
188020	4	 	 
188020	5	 	 
188020	6	 	 
188020	7	 	 
188021	1	0	3
188021	2	0	3
188021	4	1	1
188021	5	1	1
188021	6	1	1
188021	7	1	1
188022	1	1	1
188022	2	1	1
188022	4	1	1
188022	5	1	1
188022	6	1	1
188022	7	1	1
188023	1	1	3
188023	2	1	3
188023	4	1	1
188023	5	1	1
188023	6	1	3
188023	7	1	3
188024	1	0	3
188024	2	0	3
188024	4	0	3
188024	5	0	3
188024	6	1	3
188024	7	1	3
188025	1	0	3
188025	2	0	3
188025	4	1	3
188025	5	1	3
188025	6	1	3
188025	7	1	1
188026	1	1	1
188026	2	1	1
188026	4	1	1
188026	5	1	1
188026	6	1	1
188026	7	1	1
188027	1	0	3
188027	2	0	3
188027	4	1	1
188027	5	1	1
188027	6	1	1
188027	7	1	1
198001	1	1	3
198001	2	1	3
198001	4	1	3
198001	5	1	1
198001	6	1	1
198001	7	1	1
198002	1	0	3
198002	2	0	3
198002	4	0	3
198002	5	0	3
198002	6	0	3
198002	7	0	3
198003	1	0	3
198003	2	0	3
198003	4	1	1
198003	5	1	1
198003	6	0	1
198003	7	0	1
198004	1	1	6
198004	2	0	6
198004	4	1	1
198004	5	1	6
198004	6	1	1
198004	7	1	6
198006	1	1	3
198006	2	1	7
198006	4	1	7
198006	5	1	1
198006	6	1	1
198006	7	1	1
198007	1	1	3
198007	2	1	3
198007	4	1	1
198007	5	1	1
198007	6	1	7
198007	7	0	7
198008	1	1	3
198008	2	1	3
198008	4	1	7
198008	5	1	1
198008	6	1	7
198008	7	1	1
198009	1	1	1
198009	2	1	1
198009	4	1	1
198009	5	1	1
198009	6	1	1
198009	7	1	1
198010	1	1	6
198010	2	1	1
198010	4	1	1
198010	5	1	6
198010	6	1	1
198010	7	1	1
198011	1	0	3
198011	2	1	4
198011	4	1	1
198011	5	1	1
198011	6	1	4
198011	7	1	4
198012	1	1	3
198012	2	1	3
198012	4	1	3
198012	5	1	1
198012	6	1	3
198012	7	1	3
198013	1	0	2
198013	2	0	2
198013	4	1	1
198013	5	1	1
198013	6	1	1
198013	7	1	1
198014	1	1	6
198014	2	1	6
198014	4	1	6
198014	5	1	6
198014	6	1	6
198014	7	1	1
198015	1	1	3
198015	2	0	3
198015	4	1	1
198015	5	1	3
198015	6	1	1
198015	7	1	1
198016	1	1	7
198016	2	1	7
198016	4	1	7
198016	5	1	1
198016	6	1	1
198016	7	1	1
198017	1	 	 
198017	2	 	 
198017	4	 	 
198017	5	 	 
198017	6	 	 
198017	7	 	 
198018	1	0	2
198018	2	0	2
198018	4	1	1
198018	5	0	2
198018	6	1	1
198018	7	1	1
198021	1	1	3
198021	2	0	3
198021	4	1	1
198021	5	1	1
198021	6	1	3
198021	7	1	1
198022	1	1	3
198022	2	0	3
198022	4	1	1
198022	5	1	1
198022	6	1	1
198022	7	1	1
198024	1	1	3
198024	2	0	3
198024	4	1	7
198024	5	1	7
198024	6	1	3
198024	7	1	1
198025	1	1	3
198025	2	1	3
198025	4	1	7
198025	5	1	7
198025	6	1	7
198025	7	1	7
198026	1	1	5
198026	2	1	4
198026	4	1	4
198026	5	1	1
198026	6	0	5
198026	7	1	1
198027	1	1	3
198027	2	1	1
198027	4	1	1
198027	5	1	1
198027	6	1	3
198027	7	1	1
198028	1	0	3
198028	2	0	3
198028	4	1	1
198028	5	1	1
198028	6	1	1
198028	7	1	1
198030	1	1	3
198030	2	1	3
198030	4	1	1
198030	5	1	1
198030	6	1	3
198030	7	1	1
198031	1	 	 
198031	2	 	 
198031	4	 	 
198031	5	 	 
198031	6	 	 
198031	7	 	 
208001	1	1	3
208001	2	1	3
208001	4	1	1
208001	5	1	1
208001	6	1	1
208001	7	1	1
208002	1	1	3
208002	2	0	3
208002	4	1	1
208002	5	1	7
208002	6	1	1
208002	7	1	1
208003	1	1	1
208003	2	1	1
208003	4	1	1
208003	5	1	1
208003	6	1	1
208003	7	1	1
208005	1	0	3
208005	2	0	3
208005	4	1	1
208005	5	1	1
208005	6	1	1
208005	7	1	1
208006	1	1	3
208006	2	0	3
208006	4	1	1
208006	5	1	1
208006	6	1	1
208006	7	1	1
208007	1	1	3
208007	2	1	3
208007	4	1	1
208007	5	1	1
208007	6	1	1
208007	7	1	1
208008	1	0	6
208008	2	0	6
208008	4	0	6
208008	5	0	6
208008	6	0	6
208008	7	0	6
208009	1	0	3
208009	2	0	3
208009	4	0	3
208009	5	1	1
208009	6	0	3
208009	7	1	3
208010	1	0	3
208010	2	1	3
208010	4	1	3
208010	5	1	3
208010	6	1	1
208010	7	1	1
208011	1	1	3
208011	2	1	7
208011	4	1	1
208011	5	1	1
208011	6	1	1
208011	7	1	1
208012	1	1	3
208012	2	1	3
208012	4	0	1
208012	5	1	1
208012	6	1	3
208012	7	1	1
208013	1	1	3
208013	2	1	3
208013	4	1	3
208013	5	1	1
208013	6	1	1
208013	7	1	3
208014	1	1	3
208014	2	1	3
208014	4	1	7
208014	5	1	1
208014	6	1	7
208014	7	1	1
208015	1	1	3
208015	2	1	3
208015	4	1	3
208015	5	1	3
208015	6	1	3
208015	7	1	3
208017	1	0	3
208017	2	0	3
208017	4	1	1
208017	5	1	1
208017	6	0	3
208017	7	1	1
208018	1	1	3
208018	2	1	3
208018	4	1	1
208018	5	1	1
208018	6	1	1
208018	7	1	1
208019	1	1	3
208019	2	1	3
208019	4	1	1
208019	5	1	1
208019	6	1	3
208019	7	1	1
208020	1	1	7
208020	2	0	3
208020	4	1	3
208020	5	1	3
208020	6	1	3
208020	7	1	1
208021	1	1	3
208021	2	1	3
208021	4	1	1
208021	5	1	1
208021	6	1	3
208021	7	1	1
208022	1	 	 
208022	2	 	 
208022	4	 	 
208022	5	 	 
208022	6	 	 
208022	7	 	 
208023	1	1	6
208023	2	1	1
208023	4	1	6
208023	5	1	6
208023	6	1	6
208023	7	1	6
208024	1	1	3
208024	2	1	3
208024	4	1	3
208024	5	1	1
208024	6	1	3
208024	7	1	3
208025	1	1	3
208025	2	1	3
208025	4	1	1
208025	5	1	1
208025	6	1	3
208025	7	1	1
208026	1	1	3
208026	2	1	3
208026	4	1	7
208026	5	1	1
208026	6	1	1
208026	7	1	1
208027	1	1	3
208027	2	0	3
208027	4	1	3
208027	5	1	1
208027	6	1	3
208027	7	1	3
208028	1	0	3
208028	2	0	3
208028	4	1	1
208028	5	1	1
208028	6	1	3
208028	7	1	1
208029	1	1	3
208029	2	0	3
208029	4	1	1
208029	5	1	1
208029	6	1	1
208029	7	1	1
208030	1	1	3
208030	2	0	3
208030	4	1	1
208030	5	1	1
208030	6	1	7
208030	7	1	1
208031	1	1	7
208031	2	1	7
208031	4	1	1
208031	5	1	3
208031	6	0	6
208031	7	1	3
208032	1	0	2
208032	2	1	2
208032	4	1	1
208032	5	1	1
208032	6	1	1
208032	7	1	1
208033	1	1	2
208033	2	0	2
208033	4	1	1
208033	5	1	1
208033	6	1	1
208033	7	1	1
208034	1	1	4
208034	2	0	3
208034	4	1	1
208034	5	0	4
208034	6	1	4
208034	7	0	4
208037	1	0	3
208037	2	1	3
208037	4	1	1
208037	5	1	1
208037	6	1	3
208037	7	1	1
208038	1	1	3
208038	2	1	3
208038	4	1	1
208038	5	1	1
208038	6	1	1
208038	7	1	3
208041	1	1	2
208041	2	1	2
208041	4	1	1
208041	5	0	1
208041	6	1	1
208041	7	1	1
208042	1	1	3
208042	2	0	3
208042	4	1	1
208042	5	1	1
208042	6	1	3
208042	7	1	1
208043	1	0	3
208043	2	0	3
208043	4	0	3
208043	5	1	1
208043	6	1	1
208043	7	1	1
208044	1	1	3
208044	2	0	3
208044	4	1	3
208044	5	1	3
208044	6	0	3
208044	7	0	3
208046	1	1	3
208046	2	0	3
208046	4	1	3
208046	5	1	1
208046	6	1	1
208046	7	1	1
208047	1	1	3
208047	2	1	3
208047	4	0	3
208047	5	1	1
208047	6	1	3
208047	7	1	3
208048	1	0	3
208048	2	1	3
208048	4	1	3
208048	5	1	1
208048	6	1	3
208048	7	0	3
208049	1	1	3
208049	2	0	3
208049	4	1	1
208049	5	1	1
208049	6	1	3
208049	7	1	1
208050	1	1	3
208050	2	0	3
208050	4	1	1
208050	5	1	1
208050	6	1	7
208050	7	1	1
208051	1	1	3
208051	2	0	3
208051	4	1	1
208051	5	1	1
208051	6	1	3
208051	7	1	1
