CHILDCODE	ACTIDR4	ACTR4	ACTOWNR4	ACTMTHR4	ACTDAYHR4	ACTHRSR4	PYMRECR4	ERNCSHR4	ERNKNDR4	HWPAIDR4	PRFACTR4	MTHPRFR4
11001	1	13	3	7	26	4	1	50	 	2	1	6
11001	2	88	 	 	 	 	 	 	 	 	 	 
11001	3	88	 	 	 	 	 	 	 	 	 	 
11002	1	 	 	 	 	 	 	 	 	 	 	 
11002	2	 	 	 	 	 	 	 	 	 	 	 
11002	3	 	 	 	 	 	 	 	 	 	 	 
11003	1	12	3	2	24	10	1	500	 	4	0	0
11003	2	88	 	 	 	 	 	 	 	 	 	 
11003	3	88	 	 	 	 	 	 	 	 	 	 
11004	1	12	1	6	25	10	1	800	 	4	1	8
11004	2	88	 	 	 	 	 	 	 	 	 	 
11004	3	88	 	 	 	 	 	 	 	 	 	 
11005	1	12	1	2	26	8	1	500	 	4	0	0
11005	2	88	 	 	 	 	 	 	 	 	 	 
11005	3	88	 	 	 	 	 	 	 	 	 	 
11006	1	 	 	 	 	 	 	 	 	 	 	 
11006	2	 	 	 	 	 	 	 	 	 	 	 
11006	3	 	 	 	 	 	 	 	 	 	 	 
11007	1	 	 	 	 	 	 	 	 	 	 	 
11007	2	 	 	 	 	 	 	 	 	 	 	 
11007	3	 	 	 	 	 	 	 	 	 	 	 
11008	1	 	 	 	 	 	 	 	 	 	 	 
11008	2	 	 	 	 	 	 	 	 	 	 	 
11008	3	 	 	 	 	 	 	 	 	 	 	 
11009	1	12	3	4	26	6	1	900	 	4	1	4
11009	2	88	 	 	 	 	 	 	 	 	 	 
11009	3	88	 	 	 	 	 	 	 	 	 	 
11010	1	 	 	 	 	 	 	 	 	 	 	 
11010	2	 	 	 	 	 	 	 	 	 	 	 
11010	3	 	 	 	 	 	 	 	 	 	 	 
11012	1	10	2	1	24	15	0	 	 	 	0	2
11012	2	88	 	 	 	 	 	 	 	 	 	 
11012	3	88	 	 	 	 	 	 	 	 	 	 
11013	1	 	 	 	 	 	 	 	 	 	 	 
11013	2	 	 	 	 	 	 	 	 	 	 	 
11013	3	 	 	 	 	 	 	 	 	 	 	 
11014	1	 	 	 	 	 	 	 	 	 	 	 
11014	2	 	 	 	 	 	 	 	 	 	 	 
11014	3	 	 	 	 	 	 	 	 	 	 	 
11015	1	 	 	 	 	 	 	 	 	 	 	 
11015	2	 	 	 	 	 	 	 	 	 	 	 
11015	3	 	 	 	 	 	 	 	 	 	 	 
11016	1	 	 	 	 	 	 	 	 	 	 	 
11016	2	 	 	 	 	 	 	 	 	 	 	 
11016	3	 	 	 	 	 	 	 	 	 	 	 
11017	1	 	 	 	 	 	 	 	 	 	 	 
11017	2	 	 	 	 	 	 	 	 	 	 	 
11017	3	 	 	 	 	 	 	 	 	 	 	 
11018	1	 	 	 	 	 	 	 	 	 	 	 
11018	2	 	 	 	 	 	 	 	 	 	 	 
11018	3	 	 	 	 	 	 	 	 	 	 	 
11019	1	 	 	 	 	 	 	 	 	 	 	 
11019	2	 	 	 	 	 	 	 	 	 	 	 
11019	3	 	 	 	 	 	 	 	 	 	 	 
11020	1	 	 	 	 	 	 	 	 	 	 	 
11020	2	 	 	 	 	 	 	 	 	 	 	 
11020	3	 	 	 	 	 	 	 	 	 	 	 
11021	1	 	 	 	 	 	 	 	 	 	 	 
11021	2	 	 	 	 	 	 	 	 	 	 	 
11021	3	 	 	 	 	 	 	 	 	 	 	 
11022	1	9	6	11	20	8	1	150	 	3	1	12
11022	2	88	 	 	 	 	 	 	 	 	 	 
11022	3	88	 	 	 	 	 	 	 	 	 	 
11024	1	10	2	12	4	3	0	 	 	 	1	12
11024	2	88	 	 	 	 	 	 	 	 	 	 
11024	3	88	 	 	 	 	 	 	 	 	 	 
11025	1	 	 	 	 	 	 	 	 	 	 	 
11025	2	 	 	 	 	 	 	 	 	 	 	 
11025	3	 	 	 	 	 	 	 	 	 	 	 
11026	1	13	3	12	26	9	1	700	 	4	1	12
11026	2	88	 	 	 	 	 	 	 	 	 	 
11026	3	88	 	 	 	 	 	 	 	 	 	 
11027	1	 	 	 	 	 	 	 	 	 	 	 
11027	2	 	 	 	 	 	 	 	 	 	 	 
11027	3	 	 	 	 	 	 	 	 	 	 	 
11028	1	13	3	3	26	10	1	700	 	4	1	12
11028	2	88	 	 	 	 	 	 	 	 	 	 
11028	3	88	 	 	 	 	 	 	 	 	 	 
11029	1	12	4	3	12	4	1	70	 	3	0	0
11029	2	88	 	 	 	 	 	 	 	 	 	 
11029	3	88	 	 	 	 	 	 	 	 	 	 
11030	1	12	3	8	30	12	1	2280	 	4	0	0
11030	2	88	 	 	 	 	 	 	 	 	 	 
11030	3	88	 	 	 	 	 	 	 	 	 	 
11031	1	 	 	 	 	 	 	 	 	 	 	 
11031	2	 	 	 	 	 	 	 	 	 	 	 
11031	3	 	 	 	 	 	 	 	 	 	 	 
11032	1	13	1	2	26	8	1	660	 	4	1	12
11032	2	88	 	 	 	 	 	 	 	 	 	 
11032	3	88	 	 	 	 	 	 	 	 	 	 
11033	1	12	1	12	26	5	1	40	 	2	1	12
11033	2	88	 	 	 	 	 	 	 	 	 	 
11033	3	88	 	 	 	 	 	 	 	 	 	 
11034	1	12	3	2	30	6	1	375	 	4	0	2
11034	2	88	 	 	 	 	 	 	 	 	 	 
11034	3	88	 	 	 	 	 	 	 	 	 	 
11035	1	 	 	 	 	 	 	 	 	 	 	 
11035	2	 	 	 	 	 	 	 	 	 	 	 
11035	3	 	 	 	 	 	 	 	 	 	 	 
11036	1	 	 	 	 	 	 	 	 	 	 	 
11036	2	 	 	 	 	 	 	 	 	 	 	 
11036	3	 	 	 	 	 	 	 	 	 	 	 
11037	1	 	 	 	 	 	 	 	 	 	 	 
11037	2	 	 	 	 	 	 	 	 	 	 	 
11037	3	 	 	 	 	 	 	 	 	 	 	 
11038	1	 	 	 	 	 	 	 	 	 	 	 
11038	2	 	 	 	 	 	 	 	 	 	 	 
11038	3	 	 	 	 	 	 	 	 	 	 	 
11039	1	12	3	10	12	3	1	30	 	2	1	6
11039	2	88	 	 	 	 	 	 	 	 	 	 
11039	3	88	 	 	 	 	 	 	 	 	 	 
11040	1	 	 	 	 	 	 	 	 	 	 	 
11040	2	 	 	 	 	 	 	 	 	 	 	 
11040	3	 	 	 	 	 	 	 	 	 	 	 
11042	1	 	 	 	 	 	 	 	 	 	 	 
11042	2	 	 	 	 	 	 	 	 	 	 	 
11042	3	 	 	 	 	 	 	 	 	 	 	 
11043	1	13	1	5	26	9	1	400	 	4	1	12
11043	2	88	 	 	 	 	 	 	 	 	 	 
11043	3	88	 	 	 	 	 	 	 	 	 	 
11044	1	10	2	12	30	1	0	 	 	 	1	12
11044	2	88	 	 	 	 	 	 	 	 	 	 
11044	3	88	 	 	 	 	 	 	 	 	 	 
11045	1	 	 	 	 	 	 	 	 	 	 	 
11045	2	 	 	 	 	 	 	 	 	 	 	 
11045	3	 	 	 	 	 	 	 	 	 	 	 
11046	1	 	 	 	 	 	 	 	 	 	 	 
11046	2	 	 	 	 	 	 	 	 	 	 	 
11046	3	 	 	 	 	 	 	 	 	 	 	 
11048	1	9	3	5	12	2	1	500	 	4	0	6
11048	2	88	 	 	 	 	 	 	 	 	 	 
11048	3	88	 	 	 	 	 	 	 	 	 	 
11049	1	 	 	 	 	 	 	 	 	 	 	 
11049	2	 	 	 	 	 	 	 	 	 	 	 
11049	3	 	 	 	 	 	 	 	 	 	 	 
11050	1	10	2	12	24	2	1	100	 	4	1	12
11050	2	88	 	 	 	 	 	 	 	 	 	 
11050	3	88	 	 	 	 	 	 	 	 	 	 
21002	1	12	1	2	24	8	1	50	 	2	0	2
21002	2	1	2	1	20	8	0	 	 	 	0	1
21002	3	88	 	 	 	 	 	 	 	 	 	 
21003	1	9	3	2	8	6	0	 	 	 	0	12
21003	2	88	 	 	 	 	 	 	 	 	 	 
21003	3	88	 	 	 	 	 	 	 	 	 	 
21004	1	 	 	 	 	 	 	 	 	 	 	 
21004	2	 	 	 	 	 	 	 	 	 	 	 
21004	3	 	 	 	 	 	 	 	 	 	 	 
21005	1	 	 	 	 	 	 	 	 	 	 	 
21005	2	 	 	 	 	 	 	 	 	 	 	 
21005	3	 	 	 	 	 	 	 	 	 	 	 
21006	1	 	 	 	 	 	 	 	 	 	 	 
21006	2	 	 	 	 	 	 	 	 	 	 	 
21006	3	 	 	 	 	 	 	 	 	 	 	 
21007	1	 	 	 	 	 	 	 	 	 	 	 
21007	2	 	 	 	 	 	 	 	 	 	 	 
21007	3	 	 	 	 	 	 	 	 	 	 	 
21008	1	9	2	12	15	3	1	200	 	4	1	12
21008	2	88	 	 	 	 	 	 	 	 	 	 
21008	3	88	 	 	 	 	 	 	 	 	 	 
21009	1	13	3	8	30	15	1	1000	 	4	1	5
21009	2	88	 	 	 	 	 	 	 	 	 	 
21009	3	88	 	 	 	 	 	 	 	 	 	 
21010	1	13	1	3	12	10	1	900	 	4	1	12
21010	2	88	 	 	 	 	 	 	 	 	 	 
21010	3	88	 	 	 	 	 	 	 	 	 	 
21011	1	 	 	 	 	 	 	 	 	 	 	 
21011	2	 	 	 	 	 	 	 	 	 	 	 
21011	3	 	 	 	 	 	 	 	 	 	 	 
21012	1	12	3	12	24	8	1	20	 	2	1	12
21012	2	88	 	 	 	 	 	 	 	 	 	 
21012	3	88	 	 	 	 	 	 	 	 	 	 
21013	1	12	1	9	5	3	1	30	 	2	1	9
21013	2	4	2	12	30	1	0	 	 	 	1	12
21013	3	88	 	 	 	 	 	 	 	 	 	 
21014	1	13	1	4	28	4	1	1200	 	4	1	12
21014	2	88	 	 	 	 	 	 	 	 	 	 
21014	3	88	 	 	 	 	 	 	 	 	 	 
21015	1	 	 	 	 	 	 	 	 	 	 	 
21015	2	 	 	 	 	 	 	 	 	 	 	 
21015	3	 	 	 	 	 	 	 	 	 	 	 
21016	1	 	 	 	 	 	 	 	 	 	 	 
21016	2	 	 	 	 	 	 	 	 	 	 	 
21016	3	 	 	 	 	 	 	 	 	 	 	 
21017	1	12	1	12	12	9	1	30	 	2	1	4
21017	2	88	 	 	 	 	 	 	 	 	 	 
21017	3	88	 	 	 	 	 	 	 	 	 	 
21018	1	 	 	 	 	 	 	 	 	 	 	 
21018	2	 	 	 	 	 	 	 	 	 	 	 
21018	3	 	 	 	 	 	 	 	 	 	 	 
21019	1	13	1	12	24	8	1	800	 	4	1	12
21019	2	88	 	 	 	 	 	 	 	 	 	 
21019	3	88	 	 	 	 	 	 	 	 	 	 
21020	1	 	 	 	 	 	 	 	 	 	 	 
21020	2	 	 	 	 	 	 	 	 	 	 	 
21020	3	 	 	 	 	 	 	 	 	 	 	 
21021	1	 	 	 	 	 	 	 	 	 	 	 
21021	2	 	 	 	 	 	 	 	 	 	 	 
21021	3	 	 	 	 	 	 	 	 	 	 	 
21022	1	 	 	 	 	 	 	 	 	 	 	 
21022	2	 	 	 	 	 	 	 	 	 	 	 
21022	3	 	 	 	 	 	 	 	 	 	 	 
21023	1	12	1	2	8	6	1	30	 	2	1	12
21023	2	88	 	 	 	 	 	 	 	 	 	 
21023	3	88	 	 	 	 	 	 	 	 	 	 
21024	1	13	3	11	30	12	1	2850	 	4	1	12
21024	2	88	 	 	 	 	 	 	 	 	 	 
21024	3	88	 	 	 	 	 	 	 	 	 	 
21027	1	10	2	7	4	14	0	 	 	 	1	5
21027	2	88	 	 	 	 	 	 	 	 	 	 
21027	3	88	 	 	 	 	 	 	 	 	 	 
21028	1	9	2	12	20	3	0	 	 	 	1	12
21028	2	88	 	 	 	 	 	 	 	 	 	 
21028	3	88	 	 	 	 	 	 	 	 	 	 
21029	1	13	3	6	30	17	1	2500	 	4	0	0
21029	2	88	 	 	 	 	 	 	 	 	 	 
21029	3	88	 	 	 	 	 	 	 	 	 	 
21031	1	13	1	2	24	8	1	500	 	4	1	12
21031	2	88	 	 	 	 	 	 	 	 	 	 
21031	3	88	 	 	 	 	 	 	 	 	 	 
21032	1	12	1	2	22	10	1	35	 	2	0	0
21032	2	88	 	 	 	 	 	 	 	 	 	 
21032	3	88	 	 	 	 	 	 	 	 	 	 
21033	1	12	1	1	10	3	1	50	 	2	0	0
21033	2	88	 	 	 	 	 	 	 	 	 	 
21033	3	88	 	 	 	 	 	 	 	 	 	 
21034	1	12	3	3	15	6	1	300	 	4	1	3
21034	2	88	 	 	 	 	 	 	 	 	 	 
21034	3	88	 	 	 	 	 	 	 	 	 	 
21035	1	 	 	 	 	 	 	 	 	 	 	 
21035	2	 	 	 	 	 	 	 	 	 	 	 
21035	3	 	 	 	 	 	 	 	 	 	 	 
21036	1	12	1	1	23	9	1	480	 	4	0	0
21036	2	88	 	 	 	 	 	 	 	 	 	 
21036	3	88	 	 	 	 	 	 	 	 	 	 
21037	1	 	 	 	 	 	 	 	 	 	 	 
21037	2	 	 	 	 	 	 	 	 	 	 	 
21037	3	 	 	 	 	 	 	 	 	 	 	 
21038	1	12	4	2	24	8	1	40	 	2	0	0
21038	2	88	 	 	 	 	 	 	 	 	 	 
21038	3	88	 	 	 	 	 	 	 	 	 	 
21040	1	10	2	12	30	2	0	 	 	 	1	12
21040	2	88	 	 	 	 	 	 	 	 	 	 
21040	3	88	 	 	 	 	 	 	 	 	 	 
21041	1	 	 	 	 	 	 	 	 	 	 	 
21041	2	 	 	 	 	 	 	 	 	 	 	 
21041	3	 	 	 	 	 	 	 	 	 	 	 
21042	1	 	 	 	 	 	 	 	 	 	 	 
21042	2	 	 	 	 	 	 	 	 	 	 	 
21042	3	 	 	 	 	 	 	 	 	 	 	 
21043	1	 	 	 	 	 	 	 	 	 	 	 
21043	2	 	 	 	 	 	 	 	 	 	 	 
21043	3	 	 	 	 	 	 	 	 	 	 	 
21045	1	 	 	 	 	 	 	 	 	 	 	 
21045	2	 	 	 	 	 	 	 	 	 	 	 
21045	3	 	 	 	 	 	 	 	 	 	 	 
21046	1	9	6	12	30	3	1	18	 	2	1	12
21046	2	88	 	 	 	 	 	 	 	 	 	 
21046	3	88	 	 	 	 	 	 	 	 	 	 
21047	1	 	 	 	 	 	 	 	 	 	 	 
21047	2	 	 	 	 	 	 	 	 	 	 	 
21047	3	 	 	 	 	 	 	 	 	 	 	 
21048	1	12	4	2	24	8	3	250	150	4	0	2
21048	2	88	 	 	 	 	 	 	 	 	 	 
21048	3	88	 	 	 	 	 	 	 	 	 	 
21050	1	13	1	5	24	8	1	400	 	4	0	0
21050	2	88	 	 	 	 	 	 	 	 	 	 
21050	3	88	 	 	 	 	 	 	 	 	 	 
31001	1	12	1	2	24	8	1	40	 	2	0	2
31001	2	12	1	1	24	8	1	20	 	3	0	88
31001	3	88	 	 	 	 	 	 	 	 	 	 
31002	1	12	1	10	8	16	1	700	 	4	1	12
31002	2	88	 	 	 	 	 	 	 	 	 	 
31002	3	88	 	 	 	 	 	 	 	 	 	 
31003	1	13	1	10	24	8	1	1200	 	4	1	6
31003	2	11	6	12	15	3	1	6000	 	5	1	12
31003	3	88	 	 	 	 	 	 	 	 	 	 
31004	1	12	3	1	6	4	1	50	 	2	0	0
31004	2	88	 	 	 	 	 	 	 	 	 	 
31004	3	88	 	 	 	 	 	 	 	 	 	 
31006	1	10	2	12	30	4	0	 	 	 	1	12
31006	2	88	 	 	 	 	 	 	 	 	 	 
31006	3	88	 	 	 	 	 	 	 	 	 	 
31007	1	13	1	10	24	8	1	1900	 	4	0	0
31007	2	9	6	2	30	8	1	60	 	2	1	12
31007	3	88	 	 	 	 	 	 	 	 	 	 
31009	1	12	1	2	24	10	1	50	 	2	0	2
31009	2	88	 	 	 	 	 	 	 	 	 	 
31009	3	88	 	 	 	 	 	 	 	 	 	 
31010	1	 	 	 	 	 	 	 	 	 	 	 
31010	2	 	 	 	 	 	 	 	 	 	 	 
31010	3	 	 	 	 	 	 	 	 	 	 	 
31011	1	 	 	 	 	 	 	 	 	 	 	 
31011	2	 	 	 	 	 	 	 	 	 	 	 
31011	3	 	 	 	 	 	 	 	 	 	 	 
31012	1	12	1	4	24	10	1	50	 	2	1	12
31012	2	88	 	 	 	 	 	 	 	 	 	 
31012	3	88	 	 	 	 	 	 	 	 	 	 
31013	1	12	1	2	24	8	1	40	 	2	0	2
31013	2	88	 	 	 	 	 	 	 	 	 	 
31013	3	88	 	 	 	 	 	 	 	 	 	 
31015	1	12	1	12	26	8	1	300	 	3	1	12
31015	2	88	 	 	 	 	 	 	 	 	 	 
31015	3	88	 	 	 	 	 	 	 	 	 	 
31016	1	12	1	2	26	9	1	140	 	3	0	3
31016	2	88	 	 	 	 	 	 	 	 	 	 
31016	3	88	 	 	 	 	 	 	 	 	 	 
31017	1	13	1	12	26	8	1	1900	 	4	1	77
31017	2	88	 	 	 	 	 	 	 	 	 	 
31017	3	88	 	 	 	 	 	 	 	 	 	 
31018	1	 	 	 	 	 	 	 	 	 	 	 
31018	2	 	 	 	 	 	 	 	 	 	 	 
31018	3	 	 	 	 	 	 	 	 	 	 	 
31019	1	12	1	8	8	24	3	75	20	7	1	3
31019	2	12	1	1	30	10	1	2700	 	4	0	77
31019	3	12	3	1	20	8	1	50	 	2	1	77
31020	1	12	1	12	16	4	1	50	 	2	1	12
31020	2	88	 	 	 	 	 	 	 	 	 	 
31020	3	88	 	 	 	 	 	 	 	 	 	 
31021	1	 	 	 	 	 	 	 	 	 	 	 
31021	2	 	 	 	 	 	 	 	 	 	 	 
31021	3	 	 	 	 	 	 	 	 	 	 	 
31022	1	 	 	 	 	 	 	 	 	 	 	 
31022	2	 	 	 	 	 	 	 	 	 	 	 
31022	3	 	 	 	 	 	 	 	 	 	 	 
31023	1	 	 	 	 	 	 	 	 	 	 	 
31023	2	 	 	 	 	 	 	 	 	 	 	 
31023	3	 	 	 	 	 	 	 	 	 	 	 
31024	1	13	1	2	24	8	1	400	 	4	0	0
31024	2	13	1	1	24	8	1	450	 	4	1	12
31024	3	88	 	 	 	 	 	 	 	 	 	 
31026	1	 	 	 	 	 	 	 	 	 	 	 
31026	2	 	 	 	 	 	 	 	 	 	 	 
31026	3	 	 	 	 	 	 	 	 	 	 	 
31027	1	12	1	3	26	10	1	500	 	3	1	12
31027	2	88	 	 	 	 	 	 	 	 	 	 
31027	3	88	 	 	 	 	 	 	 	 	 	 
31028	1	 	 	 	 	 	 	 	 	 	 	 
31028	2	 	 	 	 	 	 	 	 	 	 	 
31028	3	 	 	 	 	 	 	 	 	 	 	 
31029	1	13	1	2	24	8	1	500	 	4	1	12
31029	2	88	 	 	 	 	 	 	 	 	 	 
31029	3	88	 	 	 	 	 	 	 	 	 	 
31030	1	13	1	10	24	8	1	1400	 	4	1	12
31030	2	88	 	 	 	 	 	 	 	 	 	 
31030	3	88	 	 	 	 	 	 	 	 	 	 
31033	1	12	1	2	24	8	1	400	 	4	0	0
31033	2	88	 	 	 	 	 	 	 	 	 	 
31033	3	88	 	 	 	 	 	 	 	 	 	 
31034	1	12	1	4	4	6	1	150	 	2	0	6
31034	2	88	 	 	 	 	 	 	 	 	 	 
31034	3	88	 	 	 	 	 	 	 	 	 	 
31035	1	 	 	 	 	 	 	 	 	 	 	 
31035	2	 	 	 	 	 	 	 	 	 	 	 
31035	3	 	 	 	 	 	 	 	 	 	 	 
31036	1	 	 	 	 	 	 	 	 	 	 	 
31036	2	 	 	 	 	 	 	 	 	 	 	 
31036	3	 	 	 	 	 	 	 	 	 	 	 
31037	1	10	2	12	16	3	0	 	 	 	1	12
31037	2	88	 	 	 	 	 	 	 	 	 	 
31037	3	88	 	 	 	 	 	 	 	 	 	 
31038	1	13	1	2	24	11	1	300	 	4	0	0
31038	2	88	 	 	 	 	 	 	 	 	 	 
31038	3	88	 	 	 	 	 	 	 	 	 	 
31039	1	 	 	 	 	 	 	 	 	 	 	 
31039	2	 	 	 	 	 	 	 	 	 	 	 
31039	3	 	 	 	 	 	 	 	 	 	 	 
31040	1	 	 	 	 	 	 	 	 	 	 	 
31040	2	 	 	 	 	 	 	 	 	 	 	 
31040	3	 	 	 	 	 	 	 	 	 	 	 
31042	1	 	 	 	 	 	 	 	 	 	 	 
31042	2	 	 	 	 	 	 	 	 	 	 	 
31042	3	 	 	 	 	 	 	 	 	 	 	 
31043	1	12	3	7	24	10	1	3000	 	7	0	6
31043	2	12	1	5	24	10	1	1500	 	4	1	12
31043	3	88	 	 	 	 	 	 	 	 	 	 
31044	1	12	1	4	20	8	1	40	 	2	0	4
31044	2	88	 	 	 	 	 	 	 	 	 	 
31044	3	88	 	 	 	 	 	 	 	 	 	 
31045	1	 	 	 	 	 	 	 	 	 	 	 
31045	2	 	 	 	 	 	 	 	 	 	 	 
31045	3	 	 	 	 	 	 	 	 	 	 	 
31046	1	13	1	12	30	8	1	400	 	4	1	12
31046	2	88	 	 	 	 	 	 	 	 	 	 
31046	3	88	 	 	 	 	 	 	 	 	 	 
31048	1	 	 	 	 	 	 	 	 	 	 	 
31048	2	 	 	 	 	 	 	 	 	 	 	 
31048	3	 	 	 	 	 	 	 	 	 	 	 
31050	1	 	 	 	 	 	 	 	 	 	 	 
31050	2	 	 	 	 	 	 	 	 	 	 	 
31050	3	 	 	 	 	 	 	 	 	 	 	 
41001	1	4	2	6	30	3	0	 	 	 	1	3
41001	2	88	 	 	 	 	 	 	 	 	 	 
41001	3	88	 	 	 	 	 	 	 	 	 	 
41002	1	1	2	10	4	5	0	 	 	 	1	12
41002	2	10	2	10	2	10	0	 	 	 	1	12
41002	3	88	 	 	 	 	 	 	 	 	 	 
41003	1	 	 	 	 	 	 	 	 	 	 	 
41003	2	 	 	 	 	 	 	 	 	 	 	 
41003	3	 	 	 	 	 	 	 	 	 	 	 
41005	1	88	 	 	 	 	 	 	 	 	 	 
41005	2	88	 	 	 	 	 	 	 	 	 	 
41005	3	88	 	 	 	 	 	 	 	 	 	 
41006	1	 	 	 	 	 	 	 	 	 	 	 
41006	2	 	 	 	 	 	 	 	 	 	 	 
41006	3	 	 	 	 	 	 	 	 	 	 	 
41007	1	11	1	3	30	1	0	 	 	 	0	6
41007	2	88	 	 	 	 	 	 	 	 	 	 
41007	3	88	 	 	 	 	 	 	 	 	 	 
41008	1	12	3	10	4	11	1	80	 	2	1	12
41008	2	12	3	2	4	4	1	160	 	7	0	2
41008	3	88	 	 	 	 	 	 	 	 	 	 
41009	1	 	 	 	 	 	 	 	 	 	 	 
41009	2	 	 	 	 	 	 	 	 	 	 	 
41009	3	 	 	 	 	 	 	 	 	 	 	 
41010	1	20	3	12	4	6	1	10	 	2	1	12
41010	2	1	2	2	20	12	0	 	 	 	0	0
41010	3	88	 	 	 	 	 	 	 	 	 	 
41011	1	 	 	 	 	 	 	 	 	 	 	 
41011	2	 	 	 	 	 	 	 	 	 	 	 
41011	3	 	 	 	 	 	 	 	 	 	 	 
41012	1	10	6	12	8	3	1	600	 	5	1	12
41012	2	88	 	 	 	 	 	 	 	 	 	 
41012	3	88	 	 	 	 	 	 	 	 	 	 
41013	1	 	 	 	 	 	 	 	 	 	 	 
41013	2	 	 	 	 	 	 	 	 	 	 	 
41013	3	 	 	 	 	 	 	 	 	 	 	 
41014	1	 	 	 	 	 	 	 	 	 	 	 
41014	2	 	 	 	 	 	 	 	 	 	 	 
41014	3	 	 	 	 	 	 	 	 	 	 	 
41015	1	 	 	 	 	 	 	 	 	 	 	 
41015	2	 	 	 	 	 	 	 	 	 	 	 
41015	3	 	 	 	 	 	 	 	 	 	 	 
41016	1	 	 	 	 	 	 	 	 	 	 	 
41016	2	 	 	 	 	 	 	 	 	 	 	 
41016	3	 	 	 	 	 	 	 	 	 	 	 
41017	1	 	 	 	 	 	 	 	 	 	 	 
41017	2	 	 	 	 	 	 	 	 	 	 	 
41017	3	 	 	 	 	 	 	 	 	 	 	 
41018	1	13	3	3	26	8	1	40	 	2	1	2
41018	2	88	 	 	 	 	 	 	 	 	 	 
41018	3	88	 	 	 	 	 	 	 	 	 	 
41020	1	 	 	 	 	 	 	 	 	 	 	 
41020	2	 	 	 	 	 	 	 	 	 	 	 
41020	3	 	 	 	 	 	 	 	 	 	 	 
41021	1	10	2	12	22	5	0	 	 	 	1	12
41021	2	10	6	12	4	9	1	2400	 	5	1	12
41021	3	88	 	 	 	 	 	 	 	 	 	 
41022	1	1	2	6	20	4	2	 	3000	5	0	6
41022	2	5	2	10	20	2	0	 	 	 	1	12
41022	3	88	 	 	 	 	 	 	 	 	 	 
41023	1	12	3	1	3	9	1	120	 	7	0	0
41023	2	88	 	 	 	 	 	 	 	 	 	 
41023	3	88	 	 	 	 	 	 	 	 	 	 
41024	1	10	2	12	24	3	1	40	 	2	1	12
41024	2	10	2	10	4	9	1	1000	 	2	1	10
41024	3	7	6	2	4	4	1	15	 	2	0	0
41025	1	10	2	3	30	6	0	 	 	 	1	12
41025	2	88	 	 	 	 	 	 	 	 	 	 
41025	3	88	 	 	 	 	 	 	 	 	 	 
41026	1	1	2	2	4	6	0	 	 	 	0	2
41026	2	88	 	 	 	 	 	 	 	 	 	 
41026	3	88	 	 	 	 	 	 	 	 	 	 
41027	1	 	 	 	 	 	 	 	 	 	 	 
41027	2	 	 	 	 	 	 	 	 	 	 	 
41027	3	 	 	 	 	 	 	 	 	 	 	 
41028	1	 	 	 	 	 	 	 	 	 	 	 
41028	2	 	 	 	 	 	 	 	 	 	 	 
41028	3	 	 	 	 	 	 	 	 	 	 	 
41029	1	10	2	12	4	8	0	 	 	 	1	12
41029	2	88	 	 	 	 	 	 	 	 	 	 
41029	3	88	 	 	 	 	 	 	 	 	 	 
41030	1	19	3	12	7	10	1	200	 	4	1	12
41030	2	88	 	 	 	 	 	 	 	 	 	 
41030	3	88	 	 	 	 	 	 	 	 	 	 
41031	1	 	 	 	 	 	 	 	 	 	 	 
41031	2	 	 	 	 	 	 	 	 	 	 	 
41031	3	 	 	 	 	 	 	 	 	 	 	 
41032	1	 	 	 	 	 	 	 	 	 	 	 
41032	2	 	 	 	 	 	 	 	 	 	 	 
41032	3	 	 	 	 	 	 	 	 	 	 	 
41034	1	10	6	6	26	4	1	300	 	4	1	2
41034	2	88	 	 	 	 	 	 	 	 	 	 
41034	3	88	 	 	 	 	 	 	 	 	 	 
41035	1	12	3	8	24	14	1	55	 	2	0	2
41035	2	88	 	 	 	 	 	 	 	 	 	 
41035	3	88	 	 	 	 	 	 	 	 	 	 
41036	1	13	3	3	24	9	1	20	 	2	0	0
41036	2	88	 	 	 	 	 	 	 	 	 	 
41036	3	88	 	 	 	 	 	 	 	 	 	 
41037	1	12	3	12	20	3	2	 	200	4	1	1
41037	2	88	 	 	 	 	 	 	 	 	 	 
41037	3	88	 	 	 	 	 	 	 	 	 	 
41038	1	11	3	1	15	7	1	400	 	7	0	1
41038	2	20	2	12	24	5	0	 	 	 	1	4
41038	3	88	 	 	 	 	 	 	 	 	 	 
41039	1	13	4	1	24	8	1	800	 	4	1	3
41039	2	12	4	4	3	1	1	50	 	7	0	0
41039	3	88	 	 	 	 	 	 	 	 	 	 
41040	1	13	3	1	30	10	1	600	 	4	1	9
41040	2	88	 	 	 	 	 	 	 	 	 	 
41040	3	88	 	 	 	 	 	 	 	 	 	 
41041	1	12	3	2	30	7	1	100	 	4	0	2
41041	2	88	 	 	 	 	 	 	 	 	 	 
41041	3	88	 	 	 	 	 	 	 	 	 	 
41042	1	 	 	 	 	 	 	 	 	 	 	 
41042	2	 	 	 	 	 	 	 	 	 	 	 
41042	3	 	 	 	 	 	 	 	 	 	 	 
41043	1	20	2	12	25	1	0	 	 	 	1	12
41043	2	20	6	2	5	3	1	500	 	7	0	2
41043	3	88	 	 	 	 	 	 	 	 	 	 
41044	1	 	 	 	 	 	 	 	 	 	 	 
41044	2	 	 	 	 	 	 	 	 	 	 	 
41044	3	 	 	 	 	 	 	 	 	 	 	 
41045	1	11	6	5	15	6	1	7000	 	7	1	5
41045	2	88	 	 	 	 	 	 	 	 	 	 
41045	3	88	 	 	 	 	 	 	 	 	 	 
41046	1	12	3	12	3	3	0	 	 	 	0	2
41046	2	88	 	 	 	 	 	 	 	 	 	 
41046	3	88	 	 	 	 	 	 	 	 	 	 
41047	1	 	 	 	 	 	 	 	 	 	 	 
41047	2	 	 	 	 	 	 	 	 	 	 	 
41047	3	 	 	 	 	 	 	 	 	 	 	 
41048	1	9	2	12	30	4	0	 	 	 	1	12
41048	2	88	 	 	 	 	 	 	 	 	 	 
41048	3	88	 	 	 	 	 	 	 	 	 	 
41049	1	 	 	 	 	 	 	 	 	 	 	 
41049	2	 	 	 	 	 	 	 	 	 	 	 
41049	3	 	 	 	 	 	 	 	 	 	 	 
41050	1	3	2	1	21	9	0	 	 	 	0	1
41050	2	88	 	 	 	 	 	 	 	 	 	 
41050	3	88	 	 	 	 	 	 	 	 	 	 
51001	1	 	 	 	 	 	 	 	 	 	 	 
51001	2	 	 	 	 	 	 	 	 	 	 	 
51001	3	 	 	 	 	 	 	 	 	 	 	 
51002	1	1	2	3	10	8	0	 	 	 	0	0
51002	2	88	 	 	 	 	 	 	 	 	 	 
51002	3	88	 	 	 	 	 	 	 	 	 	 
51003	1	13	3	5	24	4	1	500	 	4	0	4
51003	2	20	2	10	20	6	0	 	 	 	1	3
51003	3	88	 	 	 	 	 	 	 	 	 	 
51004	1	1	3	9	15	6	0	 	 	 	1	9
51004	2	88	 	 	 	 	 	 	 	 	 	 
51004	3	88	 	 	 	 	 	 	 	 	 	 
51005	1	10	2	12	3	5	0	 	 	 	1	1
51005	2	1	2	12	8	1	0	 	 	 	1	1
51005	3	10	2	5	8	2	0	 	 	 	1	1
51006	1	20	3	11	30	7	1	50	 	2	1	3
51006	2	88	 	 	 	 	 	 	 	 	 	 
51006	3	88	 	 	 	 	 	 	 	 	 	 
51007	1	10	2	8	16	7	0	 	 	 	1	0
51007	2	1	2	2	15	12	0	 	 	 	0	1
51007	3	88	 	 	 	 	 	 	 	 	 	 
51008	1	19	3	9	30	8	1	400	 	4	0	0
51008	2	1	2	1	10	8	0	 	 	 	0	1
51008	3	88	 	 	 	 	 	 	 	 	 	 
51009	1	19	3	5	30	3	1	30	 	4	0	0
51009	2	1	2	2	6	11	0	 	 	 	0	2
51009	3	88	 	 	 	 	 	 	 	 	 	 
51010	1	12	3	2	26	11	1	27	 	2	1	6
51010	2	9	3	5	3	8	1	70	 	4	0	0
51010	3	88	 	 	 	 	 	 	 	 	 	 
51012	1	12	1	12	30	12	1	6500	 	4	1	12
51012	2	12	1	0	3	12	1	4500	 	4	0	3
51012	3	88	 	 	 	 	 	 	 	 	 	 
51013	1	1	3	2	10	11	0	 	 	 	0	2
51013	2	88	 	 	 	 	 	 	 	 	 	 
51013	3	88	 	 	 	 	 	 	 	 	 	 
51014	1	10	6	6	8	4	1	140	 	4	1	12
51014	2	11	2	5	4	4	0	 	 	 	1	6
51014	3	88	 	 	 	 	 	 	 	 	 	 
51015	1	12	3	2	30	10	0	 	 	 	0	0
51015	2	88	 	 	 	 	 	 	 	 	 	 
51015	3	88	 	 	 	 	 	 	 	 	 	 
51016	1	 	 	 	 	 	 	 	 	 	 	 
51016	2	 	 	 	 	 	 	 	 	 	 	 
51016	3	 	 	 	 	 	 	 	 	 	 	 
51017	1	13	3	7	30	6	1	250	 	4	1	77
51017	2	88	 	 	 	 	 	 	 	 	 	 
51017	3	88	 	 	 	 	 	 	 	 	 	 
51018	1	4	2	12	20	8	0	 	 	 	1	12
51018	2	1	2	6	15	6	0	 	 	 	1	6
51018	3	88	 	 	 	 	 	 	 	 	 	 
51019	1	13	3	12	24	10	1	600	 	4	0	1
51019	2	88	 	 	 	 	 	 	 	 	 	 
51019	3	88	 	 	 	 	 	 	 	 	 	 
51021	1	 	 	 	 	 	 	 	 	 	 	 
51021	2	 	 	 	 	 	 	 	 	 	 	 
51021	3	 	 	 	 	 	 	 	 	 	 	 
51022	1	 	 	 	 	 	 	 	 	 	 	 
51022	2	 	 	 	 	 	 	 	 	 	 	 
51022	3	 	 	 	 	 	 	 	 	 	 	 
51023	1	12	1	3	26	8	1	330	 	4	1	12
51023	2	10	6	1	2	2	1	60	 	4	0	0
51023	3	88	 	 	 	 	 	 	 	 	 	 
51024	1	12	4	1	20	9	1	30	 	2	0	2
51024	2	88	 	 	 	 	 	 	 	 	 	 
51024	3	88	 	 	 	 	 	 	 	 	 	 
51025	1	 	 	 	 	 	 	 	 	 	 	 
51025	2	 	 	 	 	 	 	 	 	 	 	 
51025	3	 	 	 	 	 	 	 	 	 	 	 
51026	1	 	 	 	 	 	 	 	 	 	 	 
51026	2	 	 	 	 	 	 	 	 	 	 	 
51026	3	 	 	 	 	 	 	 	 	 	 	 
51027	1	 	 	 	 	 	 	 	 	 	 	 
51027	2	 	 	 	 	 	 	 	 	 	 	 
51027	3	 	 	 	 	 	 	 	 	 	 	 
51028	1	12	3	2	5	2	1	30	 	2	0	2
51028	2	88	 	 	 	 	 	 	 	 	 	 
51028	3	88	 	 	 	 	 	 	 	 	 	 
51029	1	 	 	 	 	 	 	 	 	 	 	 
51029	2	 	 	 	 	 	 	 	 	 	 	 
51029	3	 	 	 	 	 	 	 	 	 	 	 
51030	1	13	3	12	24	9	1	250	 	4	1	10
51030	2	88	 	 	 	 	 	 	 	 	 	 
51030	3	88	 	 	 	 	 	 	 	 	 	 
51031	1	13	4	12	20	4	1	750	 	4	1	12
51031	2	88	 	 	 	 	 	 	 	 	 	 
51031	3	88	 	 	 	 	 	 	 	 	 	 
51032	1	 	 	 	 	 	 	 	 	 	 	 
51032	2	 	 	 	 	 	 	 	 	 	 	 
51032	3	 	 	 	 	 	 	 	 	 	 	 
51033	1	1	2	5	15	11	0	 	 	 	0	5
51033	2	88	 	 	 	 	 	 	 	 	 	 
51033	3	88	 	 	 	 	 	 	 	 	 	 
51034	1	12	7	10	4	12	2	 	30	4	1	6
51034	2	88	 	 	 	 	 	 	 	 	 	 
51034	3	88	 	 	 	 	 	 	 	 	 	 
51035	1	1	2	4	10	12	0	 	 	 	0	0
51035	2	88	 	 	 	 	 	 	 	 	 	 
51035	3	88	 	 	 	 	 	 	 	 	 	 
51036	1	1	2	3	20	13	0	 	 	 	0	2
51036	2	88	 	 	 	 	 	 	 	 	 	 
51036	3	88	 	 	 	 	 	 	 	 	 	 
51038	1	10	2	2	5	4	0	 	 	 	0	2
51038	2	88	 	 	 	 	 	 	 	 	 	 
51038	3	88	 	 	 	 	 	 	 	 	 	 
51039	1	10	2	12	4	8	0	 	 	 	1	3
51039	2	1	2	2	20	11	0	 	 	 	0	0
51039	3	88	 	 	 	 	 	 	 	 	 	 
51040	1	 	 	 	 	 	 	 	 	 	 	 
51040	2	 	 	 	 	 	 	 	 	 	 	 
51040	3	 	 	 	 	 	 	 	 	 	 	 
51041	1	 	 	 	 	 	 	 	 	 	 	 
51041	2	 	 	 	 	 	 	 	 	 	 	 
51041	3	 	 	 	 	 	 	 	 	 	 	 
51042	1	13	1	2	30	9	1	700	 	4	0	0
51042	2	88	 	 	 	 	 	 	 	 	 	 
51042	3	88	 	 	 	 	 	 	 	 	 	 
51043	1	 	 	 	 	 	 	 	 	 	 	 
51043	2	 	 	 	 	 	 	 	 	 	 	 
51043	3	 	 	 	 	 	 	 	 	 	 	 
51044	1	19	3	4	30	5	2	 	200	4	1	6
51044	2	1	2	4	15	9	0	 	 	 	0	4
51044	3	88	 	 	 	 	 	 	 	 	 	 
51045	1	12	2	2	8	12	0	 	 	 	0	2
51045	2	88	 	 	 	 	 	 	 	 	 	 
51045	3	88	 	 	 	 	 	 	 	 	 	 
51046	1	 	 	 	 	 	 	 	 	 	 	 
51046	2	 	 	 	 	 	 	 	 	 	 	 
51046	3	 	 	 	 	 	 	 	 	 	 	 
51047	1	19	3	8	30	10	1	200	 	4	0	0
51047	2	10	2	1	12	3	0	 	 	 	1	12
51047	3	88	 	 	 	 	 	 	 	 	 	 
51048	1	 	 	 	 	 	 	 	 	 	 	 
51048	2	 	 	 	 	 	 	 	 	 	 	 
51048	3	 	 	 	 	 	 	 	 	 	 	 
51049	1	10	6	12	20	5	1	400	 	4	1	12
51049	2	1	3	1	7	8	0	 	 	 	0	1
51049	3	88	 	 	 	 	 	 	 	 	 	 
51050	1	 	 	 	 	 	 	 	 	 	 	 
51050	2	 	 	 	 	 	 	 	 	 	 	 
51050	3	 	 	 	 	 	 	 	 	 	 	 
61002	1	1	6	6	15	9	1	2100	 	5	0	6
61002	2	4	2	12	10	2	0	 	 	 	0	12
61002	3	88	 	 	 	 	 	 	 	 	 	 
61003	1	 	 	 	 	 	 	 	 	 	 	 
61003	2	 	 	 	 	 	 	 	 	 	 	 
61003	3	 	 	 	 	 	 	 	 	 	 	 
61004	1	1	2	3	20	9	0	 	 	 	1	3
61004	2	12	1	4	6	7	1	600	 	4	0	5
61004	3	88	 	 	 	 	 	 	 	 	 	 
61005	1	1	2	7	15	5	0	 	 	 	0	7
61005	2	10	6	6	16	5	1	80	 	4	1	0
61005	3	88	 	 	 	 	 	 	 	 	 	 
61007	1	1	6	8	15	8	1	1850	 	5	1	8
61007	2	4	6	10	30	2	0	 	 	 	1	12
61007	3	88	 	 	 	 	 	 	 	 	 	 
61008	1	1	2	7	16	4	0	 	 	 	1	9
61008	2	5	1	1	6	4	1	60	 	2	0	0
61008	3	88	 	 	 	 	 	 	 	 	 	 
61009	1	1	2	7	15	5	0	 	 	 	0	4
61009	2	88	 	 	 	 	 	 	 	 	 	 
61009	3	88	 	 	 	 	 	 	 	 	 	 
61010	1	 	 	 	 	 	 	 	 	 	 	 
61010	2	 	 	 	 	 	 	 	 	 	 	 
61010	3	 	 	 	 	 	 	 	 	 	 	 
61011	1	1	2	11	14	9	0	 	 	 	1	11
61011	2	4	2	3	14	1	0	 	 	 	1	3
61011	3	88	 	 	 	 	 	 	 	 	 	 
61012	1	1	2	7	18	9	0	 	 	 	1	9
61012	2	4	2	3	1	10	0	 	 	 	0	5
61012	3	88	 	 	 	 	 	 	 	 	 	 
61014	1	5	3	8	30	10	2	 	9000	7	0	0
61014	2	11	2	4	15	3	1	350	 	3	0	0
61014	3	88	 	 	 	 	 	 	 	 	 	 
61015	1	1	2	8	20	10	0	 	 	 	1	10
61015	2	4	2	2	10	4	0	 	 	 	1	3
61015	3	88	 	 	 	 	 	 	 	 	 	 
61016	1	1	2	12	20	7	0	 	 	 	1	12
61016	2	4	2	12	10	4	0	 	 	 	1	12
61016	3	88	 	 	 	 	 	 	 	 	 	 
61018	1	6	3	12	30	12	2	 	480	5	1	12
61018	2	88	 	 	 	 	 	 	 	 	 	 
61018	3	88	 	 	 	 	 	 	 	 	 	 
61019	1	1	2	3	10	8	0	 	 	 	0	5
61019	2	4	2	2	10	3	0	 	 	 	0	0
61019	3	88	 	 	 	 	 	 	 	 	 	 
61020	1	10	6	6	26	7	1	400	 	4	0	0
61020	2	1	2	5	15	9	0	 	 	 	0	5
61020	3	88	 	 	 	 	 	 	 	 	 	 
61021	1	13	1	11	30	14	1	600	 	4	0	12
61021	2	10	6	1	15	6	1	100	 	4	1	0
61021	3	88	 	 	 	 	 	 	 	 	 	 
61022	1	1	2	2	15	11	0	 	 	 	0	4
61022	2	12	3	1	10	13	1	40	 	2	0	0
61022	3	88	 	 	 	 	 	 	 	 	 	 
61023	1	1	6	4	15	9	1	2800	 	5	0	4
61023	2	88	 	 	 	 	 	 	 	 	 	 
61023	3	88	 	 	 	 	 	 	 	 	 	 
61024	1	1	6	5	20	9	1	2500	 	5	0	6
61024	2	88	 	 	 	 	 	 	 	 	 	 
61024	3	88	 	 	 	 	 	 	 	 	 	 
61025	1	10	6	2	25	5	1	300	 	4	0	2
61025	2	88	 	 	 	 	 	 	 	 	 	 
61025	3	88	 	 	 	 	 	 	 	 	 	 
61026	1	 	 	 	 	 	 	 	 	 	 	 
61026	2	 	 	 	 	 	 	 	 	 	 	 
61026	3	 	 	 	 	 	 	 	 	 	 	 
61027	1	1	2	3	13	8	0	 	 	 	0	0
61027	2	88	 	 	 	 	 	 	 	 	 	 
61027	3	88	 	 	 	 	 	 	 	 	 	 
61029	1	13	3	8	20	9	1	1250	 	4	1	12
61029	2	88	 	 	 	 	 	 	 	 	 	 
61029	3	88	 	 	 	 	 	 	 	 	 	 
61031	1	1	2	7	16	6	0	 	 	 	0	5
61031	2	88	 	 	 	 	 	 	 	 	 	 
61031	3	88	 	 	 	 	 	 	 	 	 	 
61033	1	1	2	6	10	4	0	 	 	 	0	5
61033	2	88	 	 	 	 	 	 	 	 	 	 
61033	3	88	 	 	 	 	 	 	 	 	 	 
61034	1	1	2	7	20	6	0	 	 	 	1	10
61034	2	12	3	4	25	6	1	20	 	2	1	6
61034	3	10	6	3	25	3	1	650	 	4	0	4
61036	1	10	6	12	16	8	1	500	 	4	1	12
61036	2	1	2	6	20	4	0	 	 	 	0	6
61036	3	4	2	8	10	6	0	 	 	 	1	8
61037	1	1	2	9	18	8	0	 	 	 	0	9
61037	2	4	2	4	15	5	0	 	 	 	0	0
61037	3	10	6	2	15	4	1	50	 	4	0	12
61038	1	1	2	10	24	8	0	 	 	 	0	10
61038	2	4	2	8	6	10	0	 	 	 	1	8
61038	3	88	 	 	 	 	 	 	 	 	 	 
61039	1	1	2	4	15	8	0	 	 	 	0	5
61039	2	88	 	 	 	 	 	 	 	 	 	 
61039	3	88	 	 	 	 	 	 	 	 	 	 
61041	1	13	1	12	26	8	1	800	 	4	1	12
61041	2	10	6	5	26	5	1	100	 	3	0	0
61041	3	88	 	 	 	 	 	 	 	 	 	 
61044	1	1	2	4	15	9	0	 	 	 	0	4
61044	2	4	2	4	5	4	0	 	 	 	0	5
61044	3	88	 	 	 	 	 	 	 	 	 	 
61046	1	4	2	12	18	5	0	 	 	 	1	3
61046	2	1	2	11	16	4	0	 	 	 	1	7
61046	3	10	2	3	12	7	3	100	400	4	0	6
61047	1	12	3	12	30	10	3	200	540	4	1	3
61047	2	88	 	 	 	 	 	 	 	 	 	 
61047	3	88	 	 	 	 	 	 	 	 	 	 
61049	1	10	2	12	8	8	0	 	 	 	1	12
61049	2	4	2	9	5	4	0	 	 	 	0	0
61049	3	1	2	4	13	6	0	 	 	 	1	2
61050	1	1	2	4	20	6	0	 	 	 	0	5
61050	2	12	3	1	8	8	1	30	 	2	1	4
61050	3	88	 	 	 	 	 	 	 	 	 	 
61051	1	12	1	1	5	9	1	30	 	2	0	0
61051	2	88	 	 	 	 	 	 	 	 	 	 
61051	3	88	 	 	 	 	 	 	 	 	 	 
61052	1	1	2	6	15	9	0	 	 	 	0	0
61052	2	12	4	5	15	9	1	700	 	4	1	0
61052	3	88	 	 	 	 	 	 	 	 	 	 
61054	1	11	6	12	20	3	1	30	 	4	1	12
61054	2	1	2	8	15	4	0	 	 	 	0	8
61054	3	88	 	 	 	 	 	 	 	 	 	 
61056	1	10	2	12	30	6	0	 	 	 	1	12
61056	2	1	3	2	10	6	0	 	 	 	0	1
61056	3	88	 	 	 	 	 	 	 	 	 	 
61057	1	 	 	 	 	 	 	 	 	 	 	 
61057	2	 	 	 	 	 	 	 	 	 	 	 
61057	3	 	 	 	 	 	 	 	 	 	 	 
61058	1	6	3	8	20	9	2	 	1350	5	0	0
61058	2	1	2	4	20	8	0	 	 	 	1	5
61058	3	10	6	1	14	4	1	200	 	4	0	1
61059	1	1	2	10	20	6	0	 	 	 	1	8
61059	2	5	3	2	12	5	1	150	 	4	0	2
61059	3	12	1	2	6	9	1	300	 	4	0	2
71001	1	1	2	12	30	5	0	 	 	 	1	12
71001	2	88	 	 	 	 	 	 	 	 	 	 
71001	3	88	 	 	 	 	 	 	 	 	 	 
71002	1	12	2	6	15	9	1	600	 	4	1	2
71002	2	88	 	 	 	 	 	 	 	 	 	 
71002	3	88	 	 	 	 	 	 	 	 	 	 
71003	1	1	2	5	20	4	0	 	 	 	1	6
71003	2	12	3	2	26	8	1	600	 	4	0	0
71003	3	88	 	 	 	 	 	 	 	 	 	 
71004	1	1	2	12	14	4	0	 	 	 	1	12
71004	2	88	 	 	 	 	 	 	 	 	 	 
71004	3	88	 	 	 	 	 	 	 	 	 	 
71005	1	10	2	3	30	11	0	 	 	 	0	10
71005	2	1	2	9	14	5	0	 	 	 	0	5
71005	3	4	2	4	15	6	0	 	 	 	1	5
71006	1	1	2	8	25	6	0	 	 	 	1	8
71006	2	12	4	2	26	8	1	45	 	2	0	2
71006	3	10	2	2	30	6	0	 	 	 	0	1
71007	1	12	1	8	29	8	3	800	400	4	0	10
71007	2	1	2	3	15	10	0	 	 	 	1	0
71007	3	88	 	 	 	 	 	 	 	 	 	 
71008	1	4	2	6	10	4	0	 	 	 	1	2
71008	2	1	2	4	6	9	0	 	 	 	0	6
71008	3	88	 	 	 	 	 	 	 	 	 	 
71009	1	4	2	12	15	6	0	 	 	 	1	12
71009	2	88	 	 	 	 	 	 	 	 	 	 
71009	3	88	 	 	 	 	 	 	 	 	 	 
71010	1	10	2	10	30	6	0	 	 	 	1	0
71010	2	1	2	1	15	10	0	 	 	 	0	0
71010	3	88	 	 	 	 	 	 	 	 	 	 
71011	1	1	2	6	30	4	0	 	 	 	1	6
71011	2	4	2	6	25	4	0	 	 	 	1	6
71011	3	88	 	 	 	 	 	 	 	 	 	 
71012	1	4	2	8	18	5	0	 	 	 	1	9
71012	2	1	2	5	18	5	0	 	 	 	0	2
71012	3	10	2	4	10	5	0	 	 	 	0	6
71013	1	12	1	12	30	4	1	100	 	4	1	4
71013	2	1	2	2	6	5	0	 	 	 	0	2
71013	3	88	 	 	 	 	 	 	 	 	 	 
71014	1	1	6	4	24	6	0	 	 	 	1	7
71014	2	4	6	2	20	10	0	 	 	 	0	0
71014	3	12	1	1	25	10	1	80	 	2	1	3
71015	1	12	1	12	30	5	1	280	 	3	1	12
71015	2	88	 	 	 	 	 	 	 	 	 	 
71015	3	88	 	 	 	 	 	 	 	 	 	 
71016	1	12	1	8	30	4	1	40	 	3	1	8
71016	2	88	 	 	 	 	 	 	 	 	 	 
71016	3	88	 	 	 	 	 	 	 	 	 	 
71017	1	1	2	12	14	4	0	 	 	 	1	12
71017	2	4	2	12	8	6	0	 	 	 	1	10
71017	3	88	 	 	 	 	 	 	 	 	 	 
71018	1	12	1	12	30	6	1	300	 	4	1	7
71018	2	1	2	2	4	8	0	 	 	 	0	12
71018	3	88	 	 	 	 	 	 	 	 	 	 
71019	1	1	2	2	10	11	0	 	 	 	0	2
71019	2	88	 	 	 	 	 	 	 	 	 	 
71019	3	88	 	 	 	 	 	 	 	 	 	 
71020	1	1	2	9	3	10	0	 	 	 	1	12
71020	2	4	2	9	2	10	0	 	 	 	1	12
71020	3	10	2	12	1	6	0	 	 	 	1	12
71021	1	1	2	12	19	6	0	 	 	 	1	7
71021	2	10	2	4	12	3	0	 	 	 	0	6
71021	3	88	 	 	 	 	 	 	 	 	 	 
71022	1	12	1	12	30	5	1	50	 	3	1	12
71022	2	1	2	3	20	8	0	 	 	 	0	3
71022	3	88	 	 	 	 	 	 	 	 	 	 
71024	1	1	2	12	15	2	0	 	 	 	1	2
71024	2	12	1	1	15	8	1	325	 	3	0	0
71024	3	88	 	 	 	 	 	 	 	 	 	 
71025	1	1	2	8	10	4	0	 	 	 	1	6
71025	2	12	1	2	30	10	1	10	 	2	0	0
71025	3	88	 	 	 	 	 	 	 	 	 	 
71026	1	4	2	11	8	8	0	 	 	 	1	0
71026	2	1	2	11	10	3	0	 	 	 	1	12
71026	3	12	3	1	5	4	1	18	 	2	0	2
71027	1	1	2	12	15	5	0	 	 	 	1	12
71027	2	4	2	12	15	5	0	 	 	 	1	12
71027	3	88	 	 	 	 	 	 	 	 	 	 
71028	1	1	2	5	2	6	0	 	 	 	1	2
71028	2	88	 	 	 	 	 	 	 	 	 	 
71028	3	88	 	 	 	 	 	 	 	 	 	 
71029	1	1	2	9	15	5	0	 	 	 	1	6
71029	2	4	2	12	15	3	0	 	 	 	1	6
71029	3	88	 	 	 	 	 	 	 	 	 	 
71030	1	12	1	10	20	3	1	40	 	2	1	6
71030	2	1	2	2	6	10	0	 	 	 	0	2
71030	3	88	 	 	 	 	 	 	 	 	 	 
71031	1	1	2	3	3	3	0	 	 	 	1	7
71031	2	88	 	 	 	 	 	 	 	 	 	 
71031	3	88	 	 	 	 	 	 	 	 	 	 
71032	1	1	2	3	8	7	0	 	 	 	0	0
71032	2	88	 	 	 	 	 	 	 	 	 	 
71032	3	88	 	 	 	 	 	 	 	 	 	 
71033	1	1	2	2	6	10	0	 	 	 	0	3
71033	2	88	 	 	 	 	 	 	 	 	 	 
71033	3	88	 	 	 	 	 	 	 	 	 	 
71034	1	4	2	12	15	4	0	 	 	 	1	12
71034	2	1	2	5	10	4	0	 	 	 	1	5
71034	3	88	 	 	 	 	 	 	 	 	 	 
71035	1	1	2	11	18	7	0	 	 	 	1	11
71035	2	4	2	6	12	5	0	 	 	 	1	6
71035	3	88	 	 	 	 	 	 	 	 	 	 
71036	1	 	 	 	 	 	 	 	 	 	 	 
71036	2	 	 	 	 	 	 	 	 	 	 	 
71036	3	 	 	 	 	 	 	 	 	 	 	 
71037	1	1	2	2	16	7	0	 	 	 	0	2
71037	2	88	 	 	 	 	 	 	 	 	 	 
71037	3	88	 	 	 	 	 	 	 	 	 	 
71038	1	1	2	8	15	9	0	 	 	 	1	6
71038	2	10	2	2	28	10	0	 	 	 	0	2
71038	3	12	3	2	23	5	1	20	 	2	0	0
71039	1	12	1	12	30	8	1	500	 	4	0	6
71039	2	1	2	1	7	5	0	 	 	 	0	2
71039	3	88	 	 	 	 	 	 	 	 	 	 
71040	1	12	1	9	30	6	1	560	 	2	0	12
71040	2	5	1	3	30	11	3	292	180	4	0	0
71040	3	1	2	3	12	6	0	 	 	 	0	4
71041	1	12	1	7	20	8	1	30	 	2	1	7
71041	2	88	 	 	 	 	 	 	 	 	 	 
71041	3	88	 	 	 	 	 	 	 	 	 	 
71042	1	4	2	8	25	6	0	 	 	 	1	9
71042	2	88	 	 	 	 	 	 	 	 	 	 
71042	3	88	 	 	 	 	 	 	 	 	 	 
71043	1	 	 	 	 	 	 	 	 	 	 	 
71043	2	 	 	 	 	 	 	 	 	 	 	 
71043	3	 	 	 	 	 	 	 	 	 	 	 
71044	1	12	1	6	30	5	1	50	 	3	1	0
71044	2	1	2	2	15	10	0	 	 	 	1	2
71044	3	88	 	 	 	 	 	 	 	 	 	 
71045	1	1	2	4	15	6	0	 	 	 	1	4
71045	2	12	1	1	30	10	1	300	 	4	0	0
71045	3	88	 	 	 	 	 	 	 	 	 	 
71046	1	1	2	9	10	4	0	 	 	 	1	10
71046	2	12	4	3	10	9	1	25	 	2	0	3
71046	3	88	 	 	 	 	 	 	 	 	 	 
71047	1	1	2	12	25	8	0	 	 	 	1	12
71047	2	12	4	6	5	9	1	72	 	2	1	12
71047	3	88	 	 	 	 	 	 	 	 	 	 
71048	1	 	 	 	 	 	 	 	 	 	 	 
71048	2	 	 	 	 	 	 	 	 	 	 	 
71048	3	 	 	 	 	 	 	 	 	 	 	 
71049	1	12	1	12	30	4	1	50	 	3	1	12
71049	2	88	 	 	 	 	 	 	 	 	 	 
71049	3	88	 	 	 	 	 	 	 	 	 	 
81001	1	1	2	2	15	5	0	 	 	 	1	2
81001	2	88	 	 	 	 	 	 	 	 	 	 
81001	3	88	 	 	 	 	 	 	 	 	 	 
81002	1	3	6	12	20	2	1	1000	 	4	1	12
81002	2	1	6	2	10	4	0	 	 	 	0	4
81002	3	88	 	 	 	 	 	 	 	 	 	 
81003	1	1	2	3	15	5	0	 	 	 	1	3
81003	2	3	2	2	5	5	1	500	 	4	1	4
81003	3	88	 	 	 	 	 	 	 	 	 	 
81004	1	1	2	6	15	5	0	 	 	 	1	6
81004	2	5	3	4	3	4	1	125	 	2	0	0
81004	3	88	 	 	 	 	 	 	 	 	 	 
81005	1	1	2	3	15	4	0	 	 	 	0	12
81005	2	13	1	2	22	8	1	450	 	4	0	12
81005	3	88	 	 	 	 	 	 	 	 	 	 
81006	1	5	3	6	30	10	1	400	 	4	1	10
81006	2	1	2	3	15	6	0	 	 	 	0	6
81006	3	3	6	2	16	6	1	300	 	4	1	2
81007	1	3	6	6	30	10	1	1000	 	4	1	6
81007	2	1	2	6	15	6	0	 	 	 	0	7
81007	3	7	3	2	4	6	0	 	 	 	0	2
81009	1	1	2	4	15	4	0	 	 	 	1	0
81009	2	88	 	 	 	 	 	 	 	 	 	 
81009	3	88	 	 	 	 	 	 	 	 	 	 
81010	1	1	2	4	15	8	0	 	 	 	1	4
81010	2	5	1	4	20	5	1	350	 	4	0	4
81010	3	88	 	 	 	 	 	 	 	 	 	 
81011	1	 	 	 	 	 	 	 	 	 	 	 
81011	2	 	 	 	 	 	 	 	 	 	 	 
81011	3	 	 	 	 	 	 	 	 	 	 	 
81012	1	 	 	 	 	 	 	 	 	 	 	 
81012	2	 	 	 	 	 	 	 	 	 	 	 
81012	3	 	 	 	 	 	 	 	 	 	 	 
81013	1	12	3	10	10	8	1	30	 	2	1	10
81013	2	1	2	3	15	8	0	 	 	 	0	3
81013	3	88	 	 	 	 	 	 	 	 	 	 
81014	1	1	2	6	10	8	0	 	 	 	0	6
81014	2	11	3	2	20	6	1	70	 	2	0	8
81014	3	88	 	 	 	 	 	 	 	 	 	 
81015	1	1	2	5	15	5	0	 	 	 	0	7
81015	2	5	2	2	30	5	1	600	 	5	0	4
81015	3	3	3	2	20	5	0	 	 	 	0	10
81016	1	1	2	2	15	5	0	 	 	 	1	2
81016	2	88	 	 	 	 	 	 	 	 	 	 
81016	3	88	 	 	 	 	 	 	 	 	 	 
81017	1	1	2	5	10	4	0	 	 	 	1	4
81017	2	3	6	2	20	8	1	1000	 	4	1	0
81017	3	11	6	3	20	10	1	50	 	2	1	12
81018	1	1	2	7	10	5	0	 	 	 	1	7
81018	2	5	6	3	10	6	1	700	 	5	0	5
81018	3	88	 	 	 	 	 	 	 	 	 	 
81019	1	1	2	4	15	5	0	 	 	 	1	4
81019	2	3	3	3	15	7	1	500	 	4	1	4
81019	3	88	 	 	 	 	 	 	 	 	 	 
81020	1	10	6	12	30	6	1	50	 	2	1	12
81020	2	1	6	9	15	6	0	 	 	 	1	9
81020	3	88	 	 	 	 	 	 	 	 	 	 
81021	1	1	2	4	15	5	0	 	 	 	1	5
81021	2	88	 	 	 	 	 	 	 	 	 	 
81021	3	88	 	 	 	 	 	 	 	 	 	 
81023	1	1	6	6	20	6	0	 	 	 	1	6
81023	2	3	6	3	10	12	0	 	 	 	1	5
81023	3	88	 	 	 	 	 	 	 	 	 	 
81024	1	1	2	3	20	8	0	 	 	 	1	4
81024	2	12	3	2	15	9	0	 	 	 	1	3
81024	3	88	 	 	 	 	 	 	 	 	 	 
81025	1	13	3	8	20	2	1	600	 	4	1	8
81025	2	1	2	4	10	8	0	 	 	 	0	4
81025	3	88	 	 	 	 	 	 	 	 	 	 
81026	1	1	2	6	26	8	0	 	 	 	1	6
81026	2	3	6	10	30	9	3	0	2500	5	1	12
81026	3	88	 	 	 	 	 	 	 	 	 	 
81027	1	1	2	4	20	6	0	 	 	 	0	0
81027	2	1	6	3	20	6	1	3700	 	7	0	0
81027	3	88	 	 	 	 	 	 	 	 	 	 
81028	1	3	6	3	30	4	2	 	30	2	1	5
81028	2	5	3	3	14	6	1	15	 	2	1	4
81028	3	1	2	6	3	3	0	 	 	 	1	6
81029	1	1	3	6	10	6	0	 	 	 	1	6
81029	2	3	6	2	30	7	1	4000	 	5	1	2
81029	3	4	3	2	20	2	0	 	 	 	1	2
81030	1	1	6	8	30	8	0	 	 	 	1	8
81030	2	4	6	12	30	4	0	 	 	 	1	12
81030	3	88	 	 	 	 	 	 	 	 	 	 
81031	1	5	3	9	30	8	1	400	 	4	1	0
81031	2	3	6	2	30	8	1	450	 	4	0	2
81031	3	1	2	2	15	4	0	 	 	 	0	6
81032	1	13	1	5	26	11	1	400	 	4	1	12
81032	2	1	2	4	15	6	0	 	 	 	1	4
81032	3	88	 	 	 	 	 	 	 	 	 	 
81033	1	1	2	6	25	4	0	 	 	 	0	3
81033	2	3	6	1	18	4	1	300	 	4	0	0
81033	3	88	 	 	 	 	 	 	 	 	 	 
81034	1	13	1	2	22	9	1	450	 	4	1	0
81034	2	1	2	2	15	6	0	 	 	 	0	4
81034	3	88	 	 	 	 	 	 	 	 	 	 
81035	1	1	2	3	10	5	0	 	 	 	0	3
81035	2	88	 	 	 	 	 	 	 	 	 	 
81035	3	88	 	 	 	 	 	 	 	 	 	 
81036	1	1	2	6	7	5	0	 	 	 	1	7
81036	2	1	3	2	5	6	0	 	 	 	0	3
81036	3	88	 	 	 	 	 	 	 	 	 	 
81037	1	3	1	12	20	6	1	300	 	4	1	12
81037	2	1	2	3	10	5	0	 	 	 	1	4
81037	3	88	 	 	 	 	 	 	 	 	 	 
81038	1	1	2	6	10	5	0	 	 	 	0	2
81038	2	11	3	1	15	6	1	25	 	2	0	0
81038	3	88	 	 	 	 	 	 	 	 	 	 
81039	1	13	3	10	28	11	1	500	 	4	1	12
81039	2	88	 	 	 	 	 	 	 	 	 	 
81039	3	88	 	 	 	 	 	 	 	 	 	 
81040	1	1	2	12	15	6	0	 	 	 	1	12
81040	2	3	2	4	15	5	3	200	350	5	1	4
81040	3	88	 	 	 	 	 	 	 	 	 	 
81041	1	1	2	4	15	4	0	 	 	 	1	4
81041	2	3	6	12	26	2	1	200	 	4	1	12
81041	3	88	 	 	 	 	 	 	 	 	 	 
81042	1	1	2	5	15	4	0	 	 	 	1	5
81042	2	3	6	2	15	9	1	1000	 	4	1	2
81042	3	5	6	1	12	5	1	30	 	2	0	1
81043	1	1	2	6	20	6	0	 	 	 	1	6
81043	2	13	4	2	10	6	1	30	 	2	0	2
81043	3	88	 	 	 	 	 	 	 	 	 	 
81044	1	5	3	5	15	8	1	15	 	2	0	7
81044	2	1	2	2	15	6	0	 	 	 	0	3
81044	3	88	 	 	 	 	 	 	 	 	 	 
81045	1	1	2	4	15	6	0	 	 	 	1	5
81045	2	3	2	12	20	5	1	500	 	4	1	12
81045	3	88	 	 	 	 	 	 	 	 	 	 
81046	1	1	2	4	10	5	0	 	 	 	1	4
81046	2	88	 	 	 	 	 	 	 	 	 	 
81046	3	88	 	 	 	 	 	 	 	 	 	 
81047	1	1	2	4	15	4	0	 	 	 	1	5
81047	2	11	6	3	20	3	1	100	 	4	1	6
81047	3	88	 	 	 	 	 	 	 	 	 	 
81048	1	1	2	9	15	6	0	 	 	 	1	9
81048	2	4	2	10	30	2	0	 	 	 	1	10
81048	3	5	3	3	10	5	1	20	 	2	1	5
81049	1	1	6	5	10	4	0	 	 	 	1	8
81049	2	88	 	 	 	 	 	 	 	 	 	 
81049	3	88	 	 	 	 	 	 	 	 	 	 
81050	1	3	3	12	15	6	1	50	 	2	1	12
81050	2	5	3	4	20	5	1	100	 	2	1	4
81050	3	1	2	4	10	6	0	 	 	 	1	4
91001	1	1	6	8	15	7	0	 	 	 	0	0
91001	2	13	3	2	30	12	1	1500	 	4	0	12
91001	3	88	 	 	 	 	 	 	 	 	 	 
91002	1	1	2	3	15	6	0	 	 	 	0	3
91002	2	4	2	10	10	2	0	 	 	 	1	2
91002	3	88	 	 	 	 	 	 	 	 	 	 
91003	1	1	2	1	15	6	0	 	 	 	0	1
91003	2	88	 	 	 	 	 	 	 	 	 	 
91003	3	88	 	 	 	 	 	 	 	 	 	 
91004	1	 	 	 	 	 	 	 	 	 	 	 
91004	2	 	 	 	 	 	 	 	 	 	 	 
91004	3	 	 	 	 	 	 	 	 	 	 	 
91005	1	1	2	6	10	5	0	 	 	 	0	6
91005	2	88	 	 	 	 	 	 	 	 	 	 
91005	3	88	 	 	 	 	 	 	 	 	 	 
91006	1	1	2	4	15	10	0	 	 	 	0	6
91006	2	5	3	2	8	10	1	30	 	2	0	3
91006	3	88	 	 	 	 	 	 	 	 	 	 
91007	1	1	6	8	15	6	0	 	 	 	0	8
91007	2	10	1	3	26	8	1	840	 	4	1	1
91007	3	88	 	 	 	 	 	 	 	 	 	 
91008	1	1	6	7	15	5	0	 	 	 	0	8
91008	2	5	3	4	15	8	1	30	 	2	0	6
91008	3	88	 	 	 	 	 	 	 	 	 	 
91010	1	1	6	6	4	5	0	 	 	 	0	6
91010	2	88	 	 	 	 	 	 	 	 	 	 
91010	3	88	 	 	 	 	 	 	 	 	 	 
91011	1	1	6	5	15	4	0	 	 	 	1	4
91011	2	5	3	3	5	8	1	30	 	2	0	3
91011	3	10	6	2	30	2	0	 	 	 	1	12
91012	1	 	 	 	 	 	 	 	 	 	 	 
91012	2	 	 	 	 	 	 	 	 	 	 	 
91012	3	 	 	 	 	 	 	 	 	 	 	 
91013	1	1	6	2	20	6	0	 	 	 	0	6
91013	2	88	 	 	 	 	 	 	 	 	 	 
91013	3	88	 	 	 	 	 	 	 	 	 	 
91014	1	1	2	4	15	6	0	 	 	 	1	4
91014	2	88	 	 	 	 	 	 	 	 	 	 
91014	3	88	 	 	 	 	 	 	 	 	 	 
91015	1	1	2	8	20	8	0	 	 	 	1	8
91015	2	5	3	1	15	8	1	30	 	2	0	0
91015	3	88	 	 	 	 	 	 	 	 	 	 
91017	1	1	6	2	20	6	0	 	 	 	0	3
91017	2	88	 	 	 	 	 	 	 	 	 	 
91017	3	88	 	 	 	 	 	 	 	 	 	 
91018	1	1	3	6	20	5	0	 	 	 	0	6
91018	2	4	2	12	20	2	0	 	 	 	1	12
91018	3	88	 	 	 	 	 	 	 	 	 	 
91019	1	88	 	 	 	 	 	 	 	 	 	 
91019	2	88	 	 	 	 	 	 	 	 	 	 
91019	3	88	 	 	 	 	 	 	 	 	 	 
91020	1	1	2	3	15	7	0	 	 	 	0	6
91020	2	3	3	3	4	8	1	40	 	2	0	0
91020	3	13	3	2	20	4	1	250	 	4	0	0
91021	1	1	2	6	15	6	0	 	 	 	0	8
91021	2	4	2	6	15	3	0	 	 	 	1	6
91021	3	5	3	3	10	8	1	45	 	2	0	5
91022	1	1	2	9	18	10	0	 	 	 	1	9
91022	2	4	2	12	10	3	0	 	 	 	1	12
91022	3	88	 	 	 	 	 	 	 	 	 	 
91023	1	1	2	4	15	6	0	 	 	 	0	5
91023	2	5	2	1	10	8	1	30	 	2	0	2
91023	3	88	 	 	 	 	 	 	 	 	 	 
91024	1	1	2	4	15	5	0	 	 	 	1	4
91024	2	4	2	4	15	3	0	 	 	 	1	5
91024	3	88	 	 	 	 	 	 	 	 	 	 
91025	1	1	2	3	10	6	0	 	 	 	1	4
91025	2	4	2	4	8	2	0	 	 	 	1	12
91025	3	88	 	 	 	 	 	 	 	 	 	 
91026	1	13	4	12	22	8	1	957	 	4	1	12
91026	2	1	6	2	8	6	0	 	 	 	0	2
91026	3	88	 	 	 	 	 	 	 	 	 	 
91027	1	1	6	9	26	6	0	 	 	 	0	9
91027	2	13	1	1	20	8	1	30	 	2	0	0
91027	3	88	 	 	 	 	 	 	 	 	 	 
91028	1	10	6	12	16	3	0	 	 	 	1	8
91028	2	1	6	6	15	5	0	 	 	 	0	0
91028	3	88	 	 	 	 	 	 	 	 	 	 
91029	1	1	2	7	15	6	0	 	 	 	0	9
91029	2	10	6	6	4	8	1	80	 	2	1	6
91029	3	88	 	 	 	 	 	 	 	 	 	 
91030	1	1	2	3	15	6	0	 	 	 	0	2
91030	2	88	 	 	 	 	 	 	 	 	 	 
91030	3	88	 	 	 	 	 	 	 	 	 	 
91031	1	1	2	3	15	6	0	 	 	 	0	3
91031	2	88	 	 	 	 	 	 	 	 	 	 
91031	3	88	 	 	 	 	 	 	 	 	 	 
91032	1	9	1	4	20	8	1	1000	 	4	1	12
91032	2	1	2	2	10	4	0	 	 	 	0	0
91032	3	88	 	 	 	 	 	 	 	 	 	 
91033	1	1	2	8	20	6	0	 	 	 	1	9
91033	2	4	2	12	10	3	0	 	 	 	1	12
91033	3	88	 	 	 	 	 	 	 	 	 	 
91034	1	1	2	6	15	8	0	 	 	 	0	2
91034	2	88	 	 	 	 	 	 	 	 	 	 
91034	3	88	 	 	 	 	 	 	 	 	 	 
91035	1	1	6	6	20	7	0	 	 	 	0	6
91035	2	88	 	 	 	 	 	 	 	 	 	 
91035	3	88	 	 	 	 	 	 	 	 	 	 
91036	1	1	2	8	5	6	0	 	 	 	0	8
91036	2	4	2	8	5	3	0	 	 	 	1	12
91036	3	88	 	 	 	 	 	 	 	 	 	 
91037	1	1	2	3	8	5	0	 	 	 	1	4
91037	2	4	2	4	6	2	0	 	 	 	1	2
91037	3	88	 	 	 	 	 	 	 	 	 	 
91038	1	1	2	6	20	5	0	 	 	 	0	6
91038	2	10	6	12	1	8	1	1000	 	5	1	6
91038	3	88	 	 	 	 	 	 	 	 	 	 
91039	1	1	2	5	20	6	0	 	 	 	0	3
91039	2	1	3	1	8	9	1	70	 	2	0	0
91039	3	88	 	 	 	 	 	 	 	 	 	 
91040	1	1	2	2	20	6	0	 	 	 	1	2
91040	2	88	 	 	 	 	 	 	 	 	 	 
91040	3	88	 	 	 	 	 	 	 	 	 	 
91041	1	1	2	4	15	10	0	 	 	 	1	4
91041	2	10	6	2	8	3	1	36	 	2	0	0
91041	3	5	3	2	2	8	1	30	 	2	0	0
91042	1	1	2	3	15	6	0	 	 	 	0	5
91042	2	88	 	 	 	 	 	 	 	 	 	 
91042	3	88	 	 	 	 	 	 	 	 	 	 
91043	1	1	2	6	21	8	0	 	 	 	0	6
91043	2	4	2	12	30	2	0	 	 	 	0	6
91043	3	13	4	0	2	22	1	30	 	2	1	4
91044	1	1	2	5	20	6	0	 	 	 	0	5
91044	2	5	3	1	5	8	1	50	 	2	0	0
91044	3	88	 	 	 	 	 	 	 	 	 	 
91045	1	5	3	3	15	7	1	40	 	2	0	3
91045	2	1	6	6	4	6	0	 	 	 	0	6
91045	3	88	 	 	 	 	 	 	 	 	 	 
91046	1	1	6	8	20	5	0	 	 	 	0	8
91046	2	4	6	10	10	4	0	 	 	 	1	12
91046	3	88	 	 	 	 	 	 	 	 	 	 
91047	1	1	3	3	15	5	0	 	 	 	0	2
91047	2	5	3	2	15	4	1	40	 	2	0	2
91047	3	88	 	 	 	 	 	 	 	 	 	 
91048	1	5	3	9	20	8	1	50	 	2	0	9
91048	2	1	2	3	10	8	0	 	 	 	0	5
91048	3	88	 	 	 	 	 	 	 	 	 	 
91049	1	1	2	2	15	4	0	 	 	 	1	4
91049	2	88	 	 	 	 	 	 	 	 	 	 
91049	3	88	 	 	 	 	 	 	 	 	 	 
91050	1	1	2	4	15	6	0	 	 	 	1	6
91050	2	88	 	 	 	 	 	 	 	 	 	 
91050	3	88	 	 	 	 	 	 	 	 	 	 
101001	1	12	4	1	20	4	1	20	 	2	0	0
101001	2	88	 	 	 	 	 	 	 	 	 	 
101001	3	88	 	 	 	 	 	 	 	 	 	 
101002	1	10	2	2	30	12	0	 	 	 	0	0
101002	2	88	 	 	 	 	 	 	 	 	 	 
101002	3	88	 	 	 	 	 	 	 	 	 	 
101003	1	4	2	12	20	5	0	 	 	 	1	2
101003	2	1	2	1	15	7	0	 	 	 	0	1
101003	3	88	 	 	 	 	 	 	 	 	 	 
101004	1	1	2	1	7	2	0	 	 	 	1	1
101004	2	88	 	 	 	 	 	 	 	 	 	 
101004	3	88	 	 	 	 	 	 	 	 	 	 
101005	1	13	1	3	24	8	1	600	 	4	1	12
101005	2	88	 	 	 	 	 	 	 	 	 	 
101005	3	88	 	 	 	 	 	 	 	 	 	 
101006	1	9	2	12	30	3	1	50	 	2	1	12
101006	2	1	2	10	8	6	0	 	 	 	1	8
101006	3	88	 	 	 	 	 	 	 	 	 	 
101007	1	10	5	9	30	16	0	 	 	 	0	0
101007	2	11	2	3	26	6	0	 	 	 	1	1
101007	3	88	 	 	 	 	 	 	 	 	 	 
101009	1	 	 	 	 	 	 	 	 	 	 	 
101009	2	 	 	 	 	 	 	 	 	 	 	 
101009	3	 	 	 	 	 	 	 	 	 	 	 
101010	1	5	1	6	30	6	1	750	 	4	0	12
101010	2	12	3	3	18	13	1	50	 	2	0	2
101010	3	1	6	2	8	1	0	 	 	 	0	3
101011	1	 	 	 	 	 	 	 	 	 	 	 
101011	2	 	 	 	 	 	 	 	 	 	 	 
101011	3	 	 	 	 	 	 	 	 	 	 	 
101012	1	10	2	12	30	6	0	 	 	 	1	12
101012	2	88	 	 	 	 	 	 	 	 	 	 
101012	3	88	 	 	 	 	 	 	 	 	 	 
101013	1	 	 	 	 	 	 	 	 	 	 	 
101013	2	 	 	 	 	 	 	 	 	 	 	 
101013	3	 	 	 	 	 	 	 	 	 	 	 
101014	1	9	2	5	30	6	0	 	 	 	1	12
101014	2	88	 	 	 	 	 	 	 	 	 	 
101014	3	88	 	 	 	 	 	 	 	 	 	 
101015	1	 	 	 	 	 	 	 	 	 	 	 
101015	2	 	 	 	 	 	 	 	 	 	 	 
101015	3	 	 	 	 	 	 	 	 	 	 	 
101016	1	10	2	1	7	1	0	 	 	 	0	0
101016	2	88	 	 	 	 	 	 	 	 	 	 
101016	3	88	 	 	 	 	 	 	 	 	 	 
101017	1	10	6	12	16	1	1	500	 	4	1	6
101017	2	1	2	2	16	3	0	 	 	 	0	2
101017	3	88	 	 	 	 	 	 	 	 	 	 
101018	1	 	 	 	 	 	 	 	 	 	 	 
101018	2	 	 	 	 	 	 	 	 	 	 	 
101018	3	 	 	 	 	 	 	 	 	 	 	 
101019	1	 	 	 	 	 	 	 	 	 	 	 
101019	2	 	 	 	 	 	 	 	 	 	 	 
101019	3	 	 	 	 	 	 	 	 	 	 	 
101020	1	12	1	3	10	6	1	25	 	2	0	3
101020	2	1	2	3	8	10	0	 	 	 	0	3
101020	3	88	 	 	 	 	 	 	 	 	 	 
101021	1	4	2	12	30	4	0	 	 	 	1	3
101021	2	88	 	 	 	 	 	 	 	 	 	 
101021	3	88	 	 	 	 	 	 	 	 	 	 
101022	1	10	2	2	7	3	0	 	 	 	1	1
101022	2	88	 	 	 	 	 	 	 	 	 	 
101022	3	88	 	 	 	 	 	 	 	 	 	 
101023	1	 	 	 	 	 	 	 	 	 	 	 
101023	2	 	 	 	 	 	 	 	 	 	 	 
101023	3	 	 	 	 	 	 	 	 	 	 	 
101024	1	 	 	 	 	 	 	 	 	 	 	 
101024	2	 	 	 	 	 	 	 	 	 	 	 
101024	3	 	 	 	 	 	 	 	 	 	 	 
101025	1	 	 	 	 	 	 	 	 	 	 	 
101025	2	 	 	 	 	 	 	 	 	 	 	 
101025	3	 	 	 	 	 	 	 	 	 	 	 
101027	1	9	2	12	26	10	0	 	 	 	1	3
101027	2	88	 	 	 	 	 	 	 	 	 	 
101027	3	88	 	 	 	 	 	 	 	 	 	 
101028	1	 	 	 	 	 	 	 	 	 	 	 
101028	2	 	 	 	 	 	 	 	 	 	 	 
101028	3	 	 	 	 	 	 	 	 	 	 	 
101029	1	4	2	12	30	5	0	 	 	 	1	12
101029	2	88	 	 	 	 	 	 	 	 	 	 
101029	3	88	 	 	 	 	 	 	 	 	 	 
101030	1	11	1	5	10	8	1	40	 	2	1	0
101030	2	88	 	 	 	 	 	 	 	 	 	 
101030	3	88	 	 	 	 	 	 	 	 	 	 
101031	1	 	 	 	 	 	 	 	 	 	 	 
101031	2	 	 	 	 	 	 	 	 	 	 	 
101031	3	 	 	 	 	 	 	 	 	 	 	 
101032	1	12	1	4	30	13	1	250	 	4	1	3
101032	2	9	6	4	24	4	1	20	 	2	0	0
101032	3	88	 	 	 	 	 	 	 	 	 	 
101033	1	10	2	12	28	4	1	50	 	2	1	4
101033	2	88	 	 	 	 	 	 	 	 	 	 
101033	3	88	 	 	 	 	 	 	 	 	 	 
101034	1	 	 	 	 	 	 	 	 	 	 	 
101034	2	 	 	 	 	 	 	 	 	 	 	 
101034	3	 	 	 	 	 	 	 	 	 	 	 
101035	1	11	2	12	26	10	0	 	 	 	0	1
101035	2	88	 	 	 	 	 	 	 	 	 	 
101035	3	88	 	 	 	 	 	 	 	 	 	 
101036	1	10	2	1	15	12	0	 	 	 	0	0
101036	2	88	 	 	 	 	 	 	 	 	 	 
101036	3	88	 	 	 	 	 	 	 	 	 	 
101037	1	11	2	11	30	2	0	 	 	 	0	11
101037	2	4	2	12	30	4	0	 	 	 	1	2
101037	3	88	 	 	 	 	 	 	 	 	 	 
101038	1	 	 	 	 	 	 	 	 	 	 	 
101038	2	 	 	 	 	 	 	 	 	 	 	 
101038	3	 	 	 	 	 	 	 	 	 	 	 
101040	1	13	1	12	24	10	1	400	 	4	1	12
101040	2	88	 	 	 	 	 	 	 	 	 	 
101040	3	88	 	 	 	 	 	 	 	 	 	 
101041	1	 	 	 	 	 	 	 	 	 	 	 
101041	2	 	 	 	 	 	 	 	 	 	 	 
101041	3	 	 	 	 	 	 	 	 	 	 	 
101042	1	 	 	 	 	 	 	 	 	 	 	 
101042	2	 	 	 	 	 	 	 	 	 	 	 
101042	3	 	 	 	 	 	 	 	 	 	 	 
101044	1	 	 	 	 	 	 	 	 	 	 	 
101044	2	 	 	 	 	 	 	 	 	 	 	 
101044	3	 	 	 	 	 	 	 	 	 	 	 
101045	1	11	2	4	3	6	0	 	 	 	1	6
101045	2	4	2	5	5	3	0	 	 	 	1	2
101045	3	88	 	 	 	 	 	 	 	 	 	 
101046	1	10	2	5	10	3	0	 	 	 	1	8
101046	2	88	 	 	 	 	 	 	 	 	 	 
101046	3	88	 	 	 	 	 	 	 	 	 	 
101047	1	 	 	 	 	 	 	 	 	 	 	 
101047	2	 	 	 	 	 	 	 	 	 	 	 
101047	3	 	 	 	 	 	 	 	 	 	 	 
101048	1	 	 	 	 	 	 	 	 	 	 	 
101048	2	 	 	 	 	 	 	 	 	 	 	 
101048	3	 	 	 	 	 	 	 	 	 	 	 
101049	1	 	 	 	 	 	 	 	 	 	 	 
101049	2	 	 	 	 	 	 	 	 	 	 	 
101049	3	 	 	 	 	 	 	 	 	 	 	 
101050	1	1	2	12	20	3	0	 	 	 	1	12
101050	2	6	1	6	15	4	2	 	3000	7	1	6
101050	3	5	1	3	15	8	1	32	 	2	1	3
111002	1	 	 	 	 	 	 	 	 	 	 	 
111002	2	 	 	 	 	 	 	 	 	 	 	 
111002	3	 	 	 	 	 	 	 	 	 	 	 
111003	1	12	1	12	27	10	1	45	 	2	1	6
111003	2	1	2	6	30	3	0	 	 	 	1	12
111003	3	88	 	 	 	 	 	 	 	 	 	 
111004	1	 	 	 	 	 	 	 	 	 	 	 
111004	2	 	 	 	 	 	 	 	 	 	 	 
111004	3	 	 	 	 	 	 	 	 	 	 	 
111005	1	4	2	12	30	2	0	 	 	 	1	12
111005	2	1	2	3	30	4	0	 	 	 	0	6
111005	3	88	 	 	 	 	 	 	 	 	 	 
111006	1	 	 	 	 	 	 	 	 	 	 	 
111006	2	 	 	 	 	 	 	 	 	 	 	 
111006	3	 	 	 	 	 	 	 	 	 	 	 
111008	1	1	2	1	15	4	0	 	 	 	0	1
111008	2	88	 	 	 	 	 	 	 	 	 	 
111008	3	88	 	 	 	 	 	 	 	 	 	 
111009	1	1	2	2	30	8	0	 	 	 	0	2
111009	2	88	 	 	 	 	 	 	 	 	 	 
111009	3	88	 	 	 	 	 	 	 	 	 	 
111010	1	11	6	12	12	10	1	50	 	2	1	12
111010	2	1	2	6	8	6	0	 	 	 	1	12
111010	3	88	 	 	 	 	 	 	 	 	 	 
111011	1	1	2	3	20	8	0	 	 	 	0	4
111011	2	88	 	 	 	 	 	 	 	 	 	 
111011	3	88	 	 	 	 	 	 	 	 	 	 
111012	1	1	2	2	15	3	0	 	 	 	0	2
111012	2	88	 	 	 	 	 	 	 	 	 	 
111012	3	88	 	 	 	 	 	 	 	 	 	 
111013	1	4	2	12	30	9	0	 	 	 	1	12
111013	2	1	2	5	20	9	0	 	 	 	1	3
111013	3	88	 	 	 	 	 	 	 	 	 	 
111015	1	1	2	1	18	3	0	 	 	 	0	1
111015	2	88	 	 	 	 	 	 	 	 	 	 
111015	3	88	 	 	 	 	 	 	 	 	 	 
111016	1	12	1	12	25	12	1	1500	 	4	1	4
111016	2	1	2	4	5	3	0	 	 	 	0	3
111016	3	88	 	 	 	 	 	 	 	 	 	 
111017	1	 	 	 	 	 	 	 	 	 	 	 
111017	2	 	 	 	 	 	 	 	 	 	 	 
111017	3	 	 	 	 	 	 	 	 	 	 	 
111018	1	12	1	12	30	10	1	1800	 	4	1	12
111018	2	1	2	6	25	4	0	 	 	 	1	4
111018	3	88	 	 	 	 	 	 	 	 	 	 
111019	1	1	2	4	30	6	0	 	 	 	1	12
111019	2	88	 	 	 	 	 	 	 	 	 	 
111019	3	88	 	 	 	 	 	 	 	 	 	 
111020	1	1	2	2	14	6	0	 	 	 	0	2
111020	2	88	 	 	 	 	 	 	 	 	 	 
111020	3	88	 	 	 	 	 	 	 	 	 	 
111021	1	12	1	12	30	3	0	 	 	 	1	12
111021	2	88	 	 	 	 	 	 	 	 	 	 
111021	3	88	 	 	 	 	 	 	 	 	 	 
111022	1	11	6	10	26	7	1	240	 	3	1	12
111022	2	12	1	1	3	11	1	24	 	2	0	0
111022	3	88	 	 	 	 	 	 	 	 	 	 
111023	1	12	6	12	29	11	1	1400	 	4	1	12
111023	2	1	2	12	15	2	0	 	 	 	1	12
111023	3	88	 	 	 	 	 	 	 	 	 	 
111024	1	 	 	 	 	 	 	 	 	 	 	 
111024	2	 	 	 	 	 	 	 	 	 	 	 
111024	3	 	 	 	 	 	 	 	 	 	 	 
111025	1	12	1	4	28	11	1	40	 	2	0	0
111025	2	9	6	4	26	9	1	100	 	2	1	10
111025	3	1	2	5	12	6	2	 	600	5	1	7
111027	1	12	1	12	30	8	1	400	 	4	1	12
111027	2	88	 	 	 	 	 	 	 	 	 	 
111027	3	88	 	 	 	 	 	 	 	 	 	 
111028	1	1	2	4	15	3	2	 	3000	5	1	5
111028	2	4	2	3	4	3	0	 	 	 	0	2
111028	3	88	 	 	 	 	 	 	 	 	 	 
111029	1	12	3	6	30	14	1	100	 	2	1	12
111029	2	13	4	1	20	8	1	1380	 	4	1	12
111029	3	1	2	1	8	10	0	 	 	 	0	4
111030	1	2	2	1	20	6	0	 	 	 	1	3
111030	2	88	 	 	 	 	 	 	 	 	 	 
111030	3	88	 	 	 	 	 	 	 	 	 	 
111031	1	13	1	9	28	11	1	1400	 	4	1	6
111031	2	1	2	6	18	8	2	 	2800	5	1	5
111031	3	88	 	 	 	 	 	 	 	 	 	 
111032	1	1	2	1	30	2	0	 	 	 	1	1
111032	2	88	 	 	 	 	 	 	 	 	 	 
111032	3	88	 	 	 	 	 	 	 	 	 	 
111033	1	 	 	 	 	 	 	 	 	 	 	 
111033	2	 	 	 	 	 	 	 	 	 	 	 
111033	3	 	 	 	 	 	 	 	 	 	 	 
111034	1	1	2	1	15	4	0	 	 	 	0	1
111034	2	88	 	 	 	 	 	 	 	 	 	 
111034	3	88	 	 	 	 	 	 	 	 	 	 
111035	1	5	1	5	26	10	1	550	 	4	1	12
111035	2	88	 	 	 	 	 	 	 	 	 	 
111035	3	88	 	 	 	 	 	 	 	 	 	 
111036	1	1	2	8	23	10	2	 	4050	5	1	8
111036	2	88	 	 	 	 	 	 	 	 	 	 
111036	3	88	 	 	 	 	 	 	 	 	 	 
111037	1	10	2	12	8	12	0	 	 	 	1	12
111037	2	88	 	 	 	 	 	 	 	 	 	 
111037	3	88	 	 	 	 	 	 	 	 	 	 
111038	1	1	2	2	15	7	0	 	 	 	0	2
111038	2	88	 	 	 	 	 	 	 	 	 	 
111038	3	88	 	 	 	 	 	 	 	 	 	 
111040	1	1	6	9	5	8	0	 	 	 	1	3
111040	2	88	 	 	 	 	 	 	 	 	 	 
111040	3	88	 	 	 	 	 	 	 	 	 	 
111041	1	6	3	8	18	10	2	 	1600	5	0	0
111041	2	12	1	5	26	11	1	25	 	2	1	12
111041	3	88	 	 	 	 	 	 	 	 	 	 
111042	1	10	6	3	30	12	1	70	 	2	1	12
111042	2	88	 	 	 	 	 	 	 	 	 	 
111042	3	88	 	 	 	 	 	 	 	 	 	 
111043	1	1	2	8	18	9	2	 	1800	5	1	8
111043	2	12	1	4	27	8	1	932	 	4	0	0
111043	3	88	 	 	 	 	 	 	 	 	 	 
111044	1	12	1	12	26	10	1	500	 	4	1	12
111044	2	88	 	 	 	 	 	 	 	 	 	 
111044	3	88	 	 	 	 	 	 	 	 	 	 
111045	1	13	1	9	28	11	1	800	 	4	1	12
111045	2	1	2	8	15	10	0	 	 	 	0	5
111045	3	88	 	 	 	 	 	 	 	 	 	 
111046	1	 	 	 	 	 	 	 	 	 	 	 
111046	2	 	 	 	 	 	 	 	 	 	 	 
111046	3	 	 	 	 	 	 	 	 	 	 	 
111047	1	12	1	12	28	8	1	80	 	2	1	12
111047	2	1	2	3	10	5	0	 	 	 	0	0
111047	3	88	 	 	 	 	 	 	 	 	 	 
111048	1	1	2	7	20	8	2	 	1500	5	1	10
111048	2	4	2	12	30	6	0	 	 	 	1	12
111048	3	88	 	 	 	 	 	 	 	 	 	 
121001	1	10	6	12	30	6	1	40	 	2	1	12
121001	2	1	2	3	7	8	0	 	 	 	1	4
121001	3	88	 	 	 	 	 	 	 	 	 	 
121002	1	1	2	6	18	5	0	 	 	 	1	6
121002	2	88	 	 	 	 	 	 	 	 	 	 
121002	3	88	 	 	 	 	 	 	 	 	 	 
121004	1	9	6	12	24	7	1	15600	 	5	1	3
121004	2	88	 	 	 	 	 	 	 	 	 	 
121004	3	88	 	 	 	 	 	 	 	 	 	 
121005	1	10	6	10	10	4	1	1000	 	4	0	6
121005	2	1	6	1	30	4	2	 	6000	5	0	3
121005	3	88	 	 	 	 	 	 	 	 	 	 
121007	1	10	6	12	30	6	0	 	 	 	1	12
121007	2	1	6	2	5	6	0	 	 	 	1	2
121007	3	88	 	 	 	 	 	 	 	 	 	 
121008	1	10	6	12	30	4	0	 	 	 	1	12
121008	2	88	 	 	 	 	 	 	 	 	 	 
121008	3	88	 	 	 	 	 	 	 	 	 	 
121009	1	9	2	12	30	10	1	500	 	4	1	12
121009	2	88	 	 	 	 	 	 	 	 	 	 
121009	3	88	 	 	 	 	 	 	 	 	 	 
121010	1	10	2	12	8	5	0	 	 	 	1	12
121010	2	1	2	2	21	7	0	 	 	 	0	2
121010	3	88	 	 	 	 	 	 	 	 	 	 
121011	1	20	3	12	30	5	0	 	 	 	1	12
121011	2	1	2	1	15	7	0	 	 	 	0	1
121011	3	88	 	 	 	 	 	 	 	 	 	 
121012	1	9	2	11	29	6	1	100	 	2	1	12
121012	2	1	2	4	8	4	0	 	 	 	1	4
121012	3	88	 	 	 	 	 	 	 	 	 	 
121013	1	10	6	6	30	12	0	 	 	 	1	12
121013	2	1	6	6	15	5	0	 	 	 	0	0
121013	3	88	 	 	 	 	 	 	 	 	 	 
121014	1	 	 	 	 	 	 	 	 	 	 	 
121014	2	 	 	 	 	 	 	 	 	 	 	 
121014	3	 	 	 	 	 	 	 	 	 	 	 
121015	1	10	6	10	15	7	1	10000	 	5	1	8
121015	2	88	 	 	 	 	 	 	 	 	 	 
121015	3	88	 	 	 	 	 	 	 	 	 	 
121020	1	1	6	1	15	8	0	 	 	 	0	3
121020	2	88	 	 	 	 	 	 	 	 	 	 
121020	3	88	 	 	 	 	 	 	 	 	 	 
121021	1	12	4	8	30	12	1	250	 	4	0	10
121021	2	88	 	 	 	 	 	 	 	 	 	 
121021	3	88	 	 	 	 	 	 	 	 	 	 
121022	1	 	 	 	 	 	 	 	 	 	 	 
121022	2	 	 	 	 	 	 	 	 	 	 	 
121022	3	 	 	 	 	 	 	 	 	 	 	 
121023	1	13	3	4	30	8	1	3500	 	4	0	7
121023	2	11	6	3	4	10	0	 	 	 	1	3
121023	3	88	 	 	 	 	 	 	 	 	 	 
121024	1	 	 	 	 	 	 	 	 	 	 	 
121024	2	 	 	 	 	 	 	 	 	 	 	 
121024	3	 	 	 	 	 	 	 	 	 	 	 
121026	1	1	2	6	12	4	0	 	 	 	1	6
121026	2	4	2	12	30	2	0	 	 	 	1	12
121026	3	88	 	 	 	 	 	 	 	 	 	 
121027	1	10	2	12	30	16	0	 	 	 	1	12
121027	2	19	2	12	30	2	0	 	 	 	1	12
121027	3	88	 	 	 	 	 	 	 	 	 	 
121028	1	1	2	12	26	8	0	 	 	 	1	12
121028	2	88	 	 	 	 	 	 	 	 	 	 
121028	3	88	 	 	 	 	 	 	 	 	 	 
121030	1	10	6	12	30	12	1	30	 	2	1	12
121030	2	88	 	 	 	 	 	 	 	 	 	 
121030	3	88	 	 	 	 	 	 	 	 	 	 
121031	1	10	2	12	26	12	3	4300	1200	5	0	0
121031	2	88	 	 	 	 	 	 	 	 	 	 
121031	3	88	 	 	 	 	 	 	 	 	 	 
121033	1	1	6	2	15	7	0	 	 	 	0	2
121033	2	88	 	 	 	 	 	 	 	 	 	 
121033	3	88	 	 	 	 	 	 	 	 	 	 
121034	1	10	6	12	30	10	1	24000	 	5	1	12
121034	2	88	 	 	 	 	 	 	 	 	 	 
121034	3	88	 	 	 	 	 	 	 	 	 	 
121037	1	10	2	12	26	8	0	 	 	 	1	12
121037	2	88	 	 	 	 	 	 	 	 	 	 
121037	3	88	 	 	 	 	 	 	 	 	 	 
121038	1	10	2	4	6	8	0	 	 	 	1	12
121038	2	88	 	 	 	 	 	 	 	 	 	 
121038	3	88	 	 	 	 	 	 	 	 	 	 
121040	1	 	 	 	 	 	 	 	 	 	 	 
121040	2	 	 	 	 	 	 	 	 	 	 	 
121040	3	 	 	 	 	 	 	 	 	 	 	 
121043	1	1	6	12	20	3	0	 	 	 	1	12
121043	2	4	6	12	20	2	0	 	 	 	1	12
121043	3	5	3	8	10	5	1	20	 	2	1	10
121047	1	13	1	7	30	14	1	700	 	4	1	7
121047	2	88	 	 	 	 	 	 	 	 	 	 
121047	3	88	 	 	 	 	 	 	 	 	 	 
121048	1	10	6	7	30	6	1	60	 	2	0	4
121048	2	1	6	4	20	4	0	 	 	 	1	5
121048	3	4	6	4	22	1	0	 	 	 	1	3
121053	1	10	6	9	26	8	1	100	 	2	0	6
121053	2	88	 	 	 	 	 	 	 	 	 	 
121053	3	88	 	 	 	 	 	 	 	 	 	 
121054	1	9	4	12	16	11	1	60	 	2	1	12
121054	2	88	 	 	 	 	 	 	 	 	 	 
121054	3	88	 	 	 	 	 	 	 	 	 	 
121056	1	 	 	 	 	 	 	 	 	 	 	 
121056	2	 	 	 	 	 	 	 	 	 	 	 
121056	3	 	 	 	 	 	 	 	 	 	 	 
131001	1	12	3	8	15	8	1	15	 	2	0	8
131001	2	20	2	5	14	2	0	 	 	 	1	12
131001	3	88	 	 	 	 	 	 	 	 	 	 
131002	1	12	3	12	24	8	1	200	 	3	1	12
131002	2	20	2	6	10	4	0	 	 	 	1	12
131002	3	88	 	 	 	 	 	 	 	 	 	 
131004	1	9	6	12	15	12	1	250	 	2	1	12
131004	2	12	3	8	12	5	1	150	 	2	0	0
131004	3	88	 	 	 	 	 	 	 	 	 	 
131005	1	7	2	5	10	2	0	 	 	 	1	3
131005	2	88	 	 	 	 	 	 	 	 	 	 
131005	3	88	 	 	 	 	 	 	 	 	 	 
131006	1	12	3	12	30	10	1	15	 	2	1	12
131006	2	88	 	 	 	 	 	 	 	 	 	 
131006	3	88	 	 	 	 	 	 	 	 	 	 
131007	1	7	2	12	30	3	0	 	 	 	1	12
131007	2	88	 	 	 	 	 	 	 	 	 	 
131007	3	88	 	 	 	 	 	 	 	 	 	 
131008	1	7	2	12	30	4	0	 	 	 	0	0
131008	2	88	 	 	 	 	 	 	 	 	 	 
131008	3	88	 	 	 	 	 	 	 	 	 	 
131009	1	20	2	12	30	2	0	 	 	 	1	12
131009	2	88	 	 	 	 	 	 	 	 	 	 
131009	3	88	 	 	 	 	 	 	 	 	 	 
131010	1	10	2	2	30	7	1	300	 	4	1	3
131010	2	20	2	12	30	2	0	 	 	 	1	12
131010	3	88	 	 	 	 	 	 	 	 	 	 
131011	1	10	2	9	20	4	0	 	 	 	1	12
131011	2	88	 	 	 	 	 	 	 	 	 	 
131011	3	88	 	 	 	 	 	 	 	 	 	 
131012	1	1	2	8	5	7	0	 	 	 	1	3
131012	2	88	 	 	 	 	 	 	 	 	 	 
131012	3	88	 	 	 	 	 	 	 	 	 	 
131013	1	7	2	12	30	3	0	 	 	 	1	6
131013	2	88	 	 	 	 	 	 	 	 	 	 
131013	3	88	 	 	 	 	 	 	 	 	 	 
131015	1	10	2	6	15	3	0	 	 	 	1	12
131015	2	88	 	 	 	 	 	 	 	 	 	 
131015	3	88	 	 	 	 	 	 	 	 	 	 
131016	1	10	2	6	18	4	0	 	 	 	1	12
131016	2	88	 	 	 	 	 	 	 	 	 	 
131016	3	88	 	 	 	 	 	 	 	 	 	 
131017	1	7	2	12	30	3	0	 	 	 	1	6
131017	2	88	 	 	 	 	 	 	 	 	 	 
131017	3	88	 	 	 	 	 	 	 	 	 	 
131018	1	10	3	9	15	5	1	30	 	2	1	12
131018	2	20	2	10	10	4	0	 	 	 	1	12
131018	3	88	 	 	 	 	 	 	 	 	 	 
131020	1	9	3	8	15	5	1	20	 	2	1	12
131020	2	7	2	12	20	4	0	 	 	 	1	12
131020	3	88	 	 	 	 	 	 	 	 	 	 
131021	1	12	3	7	24	14	1	50	 	2	1	12
131021	2	88	 	 	 	 	 	 	 	 	 	 
131021	3	88	 	 	 	 	 	 	 	 	 	 
131022	1	10	2	12	30	6	0	 	 	 	1	12
131022	2	88	 	 	 	 	 	 	 	 	 	 
131022	3	88	 	 	 	 	 	 	 	 	 	 
131023	1	10	3	12	28	2	1	600	 	4	1	0
131023	2	88	 	 	 	 	 	 	 	 	 	 
131023	3	88	 	 	 	 	 	 	 	 	 	 
131024	1	7	2	12	30	3	0	 	 	 	1	6
131024	2	88	 	 	 	 	 	 	 	 	 	 
131024	3	88	 	 	 	 	 	 	 	 	 	 
131025	1	10	3	4	6	7	1	60	 	2	1	0
131025	2	88	 	 	 	 	 	 	 	 	 	 
131025	3	88	 	 	 	 	 	 	 	 	 	 
131026	1	7	2	12	30	4	0	 	 	 	1	10
131026	2	88	 	 	 	 	 	 	 	 	 	 
131026	3	88	 	 	 	 	 	 	 	 	 	 
131027	1	10	2	12	8	8	0	 	 	 	1	12
131027	2	88	 	 	 	 	 	 	 	 	 	 
131027	3	88	 	 	 	 	 	 	 	 	 	 
131028	1	7	2	12	30	3	0	 	 	 	0	2
131028	2	88	 	 	 	 	 	 	 	 	 	 
131028	3	88	 	 	 	 	 	 	 	 	 	 
131029	1	4	2	12	6	4	0	 	 	 	1	12
131029	2	88	 	 	 	 	 	 	 	 	 	 
131029	3	88	 	 	 	 	 	 	 	 	 	 
131030	1	 	 	 	 	 	 	 	 	 	 	 
131030	2	 	 	 	 	 	 	 	 	 	 	 
131030	3	 	 	 	 	 	 	 	 	 	 	 
131031	1	20	2	8	15	3	0	 	 	 	1	9
131031	2	88	 	 	 	 	 	 	 	 	 	 
131031	3	88	 	 	 	 	 	 	 	 	 	 
131032	1	10	2	6	10	3	0	 	 	 	1	12
131032	2	88	 	 	 	 	 	 	 	 	 	 
131032	3	88	 	 	 	 	 	 	 	 	 	 
131033	1	10	3	6	15	8	1	70	 	2	1	12
131033	2	88	 	 	 	 	 	 	 	 	 	 
131033	3	88	 	 	 	 	 	 	 	 	 	 
131034	1	10	2	12	26	6	3	120	50	3	1	9
131034	2	88	 	 	 	 	 	 	 	 	 	 
131034	3	88	 	 	 	 	 	 	 	 	 	 
131035	1	20	2	8	6	3	0	 	 	 	1	12
131035	2	88	 	 	 	 	 	 	 	 	 	 
131035	3	88	 	 	 	 	 	 	 	 	 	 
131036	1	20	2	12	23	3	0	 	 	 	1	7
131036	2	88	 	 	 	 	 	 	 	 	 	 
131036	3	88	 	 	 	 	 	 	 	 	 	 
131037	1	 	 	 	 	 	 	 	 	 	 	 
131037	2	 	 	 	 	 	 	 	 	 	 	 
131037	3	 	 	 	 	 	 	 	 	 	 	 
131038	1	10	2	12	4	7	1	150	 	4	1	7
131038	2	7	2	12	20	3	0	 	 	 	1	7
131038	3	88	 	 	 	 	 	 	 	 	 	 
131039	1	7	2	12	30	2	0	 	 	 	1	8
131039	2	88	 	 	 	 	 	 	 	 	 	 
131039	3	88	 	 	 	 	 	 	 	 	 	 
131040	1	10	2	12	12	2	0	 	 	 	1	12
131040	2	88	 	 	 	 	 	 	 	 	 	 
131040	3	88	 	 	 	 	 	 	 	 	 	 
131041	1	7	2	12	24	3	0	 	 	 	1	4
131041	2	88	 	 	 	 	 	 	 	 	 	 
131041	3	88	 	 	 	 	 	 	 	 	 	 
131042	1	7	2	12	30	5	0	 	 	 	1	8
131042	2	88	 	 	 	 	 	 	 	 	 	 
131042	3	88	 	 	 	 	 	 	 	 	 	 
131043	1	12	3	2	30	11	1	30	 	2	0	0
131043	2	10	2	6	8	10	0	 	 	 	0	0
131043	3	88	 	 	 	 	 	 	 	 	 	 
131044	1	 	 	 	 	 	 	 	 	 	 	 
131044	2	 	 	 	 	 	 	 	 	 	 	 
131044	3	 	 	 	 	 	 	 	 	 	 	 
131045	1	20	2	12	30	4	0	 	 	 	1	7
131045	2	88	 	 	 	 	 	 	 	 	 	 
131045	3	88	 	 	 	 	 	 	 	 	 	 
131046	1	20	2	12	20	8	0	 	 	 	0	12
131046	2	88	 	 	 	 	 	 	 	 	 	 
131046	3	88	 	 	 	 	 	 	 	 	 	 
131047	1	12	3	10	26	15	1	70	 	2	1	12
131047	2	88	 	 	 	 	 	 	 	 	 	 
131047	3	88	 	 	 	 	 	 	 	 	 	 
131048	1	10	3	2	4	6	1	50	 	2	1	12
131048	2	88	 	 	 	 	 	 	 	 	 	 
131048	3	88	 	 	 	 	 	 	 	 	 	 
131049	1	13	1	2	9	8	1	35	 	3	0	2
131049	2	88	 	 	 	 	 	 	 	 	 	 
131049	3	88	 	 	 	 	 	 	 	 	 	 
131050	1	 	 	 	 	 	 	 	 	 	 	 
131050	2	 	 	 	 	 	 	 	 	 	 	 
131050	3	 	 	 	 	 	 	 	 	 	 	 
141001	1	12	1	4	24	12	1	200	 	4	0	12
141001	2	88	 	 	 	 	 	 	 	 	 	 
141001	3	88	 	 	 	 	 	 	 	 	 	 
141002	1	 	 	 	 	 	 	 	 	 	 	 
141002	2	 	 	 	 	 	 	 	 	 	 	 
141002	3	 	 	 	 	 	 	 	 	 	 	 
141004	1	9	2	12	8	5	0	 	 	 	1	11
141004	2	20	2	12	24	1	0	 	 	 	1	12
141004	3	88	 	 	 	 	 	 	 	 	 	 
141005	1	 	 	 	 	 	 	 	 	 	 	 
141005	2	 	 	 	 	 	 	 	 	 	 	 
141005	3	 	 	 	 	 	 	 	 	 	 	 
141006	1	4	6	12	30	3	1	3800	 	5	1	12
141006	2	88	 	 	 	 	 	 	 	 	 	 
141006	3	88	 	 	 	 	 	 	 	 	 	 
141007	1	11	2	3	24	7	0	 	 	 	0	1
141007	2	88	 	 	 	 	 	 	 	 	 	 
141007	3	88	 	 	 	 	 	 	 	 	 	 
141008	1	 	 	 	 	 	 	 	 	 	 	 
141008	2	 	 	 	 	 	 	 	 	 	 	 
141008	3	 	 	 	 	 	 	 	 	 	 	 
141009	1	19	2	12	20	4	0	 	 	 	1	12
141009	2	20	2	3	2	6	0	 	 	 	1	12
141009	3	88	 	 	 	 	 	 	 	 	 	 
141010	1	12	2	12	15	5	1	15	 	2	0	3
141010	2	88	 	 	 	 	 	 	 	 	 	 
141010	3	88	 	 	 	 	 	 	 	 	 	 
141011	1	 	 	 	 	 	 	 	 	 	 	 
141011	2	 	 	 	 	 	 	 	 	 	 	 
141011	3	 	 	 	 	 	 	 	 	 	 	 
141012	1	 	 	 	 	 	 	 	 	 	 	 
141012	2	 	 	 	 	 	 	 	 	 	 	 
141012	3	 	 	 	 	 	 	 	 	 	 	 
141013	1	 	 	 	 	 	 	 	 	 	 	 
141013	2	 	 	 	 	 	 	 	 	 	 	 
141013	3	 	 	 	 	 	 	 	 	 	 	 
141014	1	 	 	 	 	 	 	 	 	 	 	 
141014	2	 	 	 	 	 	 	 	 	 	 	 
141014	3	 	 	 	 	 	 	 	 	 	 	 
141015	1	12	5	3	16	5	3	250	450	4	1	10
141015	2	20	4	2	12	3	0	 	 	 	1	6
141015	3	88	 	 	 	 	 	 	 	 	 	 
141016	1	 	 	 	 	 	 	 	 	 	 	 
141016	2	 	 	 	 	 	 	 	 	 	 	 
141016	3	 	 	 	 	 	 	 	 	 	 	 
141017	1	 	 	 	 	 	 	 	 	 	 	 
141017	2	 	 	 	 	 	 	 	 	 	 	 
141017	3	 	 	 	 	 	 	 	 	 	 	 
141018	1	 	 	 	 	 	 	 	 	 	 	 
141018	2	 	 	 	 	 	 	 	 	 	 	 
141018	3	 	 	 	 	 	 	 	 	 	 	 
141019	1	 	 	 	 	 	 	 	 	 	 	 
141019	2	 	 	 	 	 	 	 	 	 	 	 
141019	3	 	 	 	 	 	 	 	 	 	 	 
141020	1	12	1	2	26	8	1	400	 	3	1	10
141020	2	88	 	 	 	 	 	 	 	 	 	 
141020	3	88	 	 	 	 	 	 	 	 	 	 
141021	1	 	 	 	 	 	 	 	 	 	 	 
141021	2	 	 	 	 	 	 	 	 	 	 	 
141021	3	 	 	 	 	 	 	 	 	 	 	 
141022	1	 	 	 	 	 	 	 	 	 	 	 
141022	2	 	 	 	 	 	 	 	 	 	 	 
141022	3	 	 	 	 	 	 	 	 	 	 	 
141023	1	 	 	 	 	 	 	 	 	 	 	 
141023	2	 	 	 	 	 	 	 	 	 	 	 
141023	3	 	 	 	 	 	 	 	 	 	 	 
141024	1	 	 	 	 	 	 	 	 	 	 	 
141024	2	 	 	 	 	 	 	 	 	 	 	 
141024	3	 	 	 	 	 	 	 	 	 	 	 
141025	1	 	 	 	 	 	 	 	 	 	 	 
141025	2	 	 	 	 	 	 	 	 	 	 	 
141025	3	 	 	 	 	 	 	 	 	 	 	 
141026	1	12	1	3	24	9	1	2000	 	4	0	10
141026	2	10	2	5	5	2	0	 	 	 	1	12
141026	3	88	 	 	 	 	 	 	 	 	 	 
141028	1	12	3	2	24	10	1	300	 	3	1	1
141028	2	9	2	3	26	10	1	500	 	3	0	0
141028	3	88	 	 	 	 	 	 	 	 	 	 
141029	1	12	2	2	4	3	0	 	 	 	1	12
141029	2	88	 	 	 	 	 	 	 	 	 	 
141029	3	88	 	 	 	 	 	 	 	 	 	 
141030	1	9	1	12	20	3	1	400	 	4	1	12
141030	2	10	2	12	10	6	0	 	 	 	1	12
141030	3	88	 	 	 	 	 	 	 	 	 	 
141031	1	12	1	1	7	13	1	420	 	3	0	0
141031	2	88	 	 	 	 	 	 	 	 	 	 
141031	3	88	 	 	 	 	 	 	 	 	 	 
141032	1	 	 	 	 	 	 	 	 	 	 	 
141032	2	 	 	 	 	 	 	 	 	 	 	 
141032	3	 	 	 	 	 	 	 	 	 	 	 
141033	1	9	2	12	26	5	0	 	 	 	1	10
141033	2	88	 	 	 	 	 	 	 	 	 	 
141033	3	88	 	 	 	 	 	 	 	 	 	 
141034	1	12	1	3	4	3	1	480	 	7	1	1
141034	2	88	 	 	 	 	 	 	 	 	 	 
141034	3	88	 	 	 	 	 	 	 	 	 	 
141035	1	 	 	 	 	 	 	 	 	 	 	 
141035	2	 	 	 	 	 	 	 	 	 	 	 
141035	3	 	 	 	 	 	 	 	 	 	 	 
141036	1	 	 	 	 	 	 	 	 	 	 	 
141036	2	 	 	 	 	 	 	 	 	 	 	 
141036	3	 	 	 	 	 	 	 	 	 	 	 
141037	1	 	 	 	 	 	 	 	 	 	 	 
141037	2	 	 	 	 	 	 	 	 	 	 	 
141037	3	 	 	 	 	 	 	 	 	 	 	 
141038	1	 	 	 	 	 	 	 	 	 	 	 
141038	2	 	 	 	 	 	 	 	 	 	 	 
141038	3	 	 	 	 	 	 	 	 	 	 	 
141039	1	20	6	8	10	2	1	70	 	2	0	77
141039	2	88	 	 	 	 	 	 	 	 	 	 
141039	3	88	 	 	 	 	 	 	 	 	 	 
141040	1	11	1	3	26	4	1	400	 	4	1	12
141040	2	88	 	 	 	 	 	 	 	 	 	 
141040	3	88	 	 	 	 	 	 	 	 	 	 
141041	1	20	2	12	30	3	0	 	 	 	1	12
141041	2	88	 	 	 	 	 	 	 	 	 	 
141041	3	88	 	 	 	 	 	 	 	 	 	 
141042	1	11	2	12	26	8	0	 	 	 	1	12
141042	2	88	 	 	 	 	 	 	 	 	 	 
141042	3	88	 	 	 	 	 	 	 	 	 	 
141044	1	20	2	12	16	3	0	 	 	 	1	12
141044	2	88	 	 	 	 	 	 	 	 	 	 
141044	3	88	 	 	 	 	 	 	 	 	 	 
141045	1	 	 	 	 	 	 	 	 	 	 	 
141045	2	 	 	 	 	 	 	 	 	 	 	 
141045	3	 	 	 	 	 	 	 	 	 	 	 
141046	1	20	7	12	6	3	1	600	 	5	1	12
141046	2	88	 	 	 	 	 	 	 	 	 	 
141046	3	88	 	 	 	 	 	 	 	 	 	 
141047	1	 	 	 	 	 	 	 	 	 	 	 
141047	2	 	 	 	 	 	 	 	 	 	 	 
141047	3	 	 	 	 	 	 	 	 	 	 	 
141048	1	9	1	4	2	5	1	3600	 	5	0	6
141048	2	88	 	 	 	 	 	 	 	 	 	 
141048	3	88	 	 	 	 	 	 	 	 	 	 
141049	1	20	7	12	27	2	0	 	 	 	1	12
141049	2	88	 	 	 	 	 	 	 	 	 	 
141049	3	88	 	 	 	 	 	 	 	 	 	 
151001	1	1	2	3	7	5	0	 	 	 	1	3
151001	2	10	7	12	29	12	1	2000	 	1	1	12
151001	3	88	 	 	 	 	 	 	 	 	 	 
151002	1	 	 	 	 	 	 	 	 	 	 	 
151002	2	 	 	 	 	 	 	 	 	 	 	 
151002	3	 	 	 	 	 	 	 	 	 	 	 
151004	1	1	2	10	11	3	0	 	 	 	1	10
151004	2	88	 	 	 	 	 	 	 	 	 	 
151004	3	88	 	 	 	 	 	 	 	 	 	 
151005	1	1	2	3	24	5	0	 	 	 	1	6
151005	2	11	3	1	3	4	0	 	 	 	0	1
151005	3	88	 	 	 	 	 	 	 	 	 	 
151008	1	1	2	12	15	3	0	 	 	 	1	12
151008	2	10	2	12	4	2	1	160	 	4	1	12
151008	3	88	 	 	 	 	 	 	 	 	 	 
151009	1	1	6	8	20	6	1	450	 	5	0	10
151009	2	10	6	8	26	11	0	 	 	 	0	12
151009	3	88	 	 	 	 	 	 	 	 	 	 
151010	1	1	2	2	20	6	0	 	 	 	0	0
151010	2	88	 	 	 	 	 	 	 	 	 	 
151010	3	88	 	 	 	 	 	 	 	 	 	 
151011	1	1	2	12	20	2	0	 	 	 	1	12
151011	2	88	 	 	 	 	 	 	 	 	 	 
151011	3	88	 	 	 	 	 	 	 	 	 	 
151012	1	1	2	12	20	8	0	 	 	 	1	12
151012	2	10	2	8	15	4	1	100	 	3	0	10
151012	3	88	 	 	 	 	 	 	 	 	 	 
151014	1	 	 	 	 	 	 	 	 	 	 	 
151014	2	 	 	 	 	 	 	 	 	 	 	 
151014	3	 	 	 	 	 	 	 	 	 	 	 
151015	1	1	2	5	3	4	2	 	200	5	0	3
151015	2	88	 	 	 	 	 	 	 	 	 	 
151015	3	88	 	 	 	 	 	 	 	 	 	 
151016	1	5	2	3	5	3	1	900	 	5	1	2
151016	2	88	 	 	 	 	 	 	 	 	 	 
151016	3	88	 	 	 	 	 	 	 	 	 	 
151018	1	20	6	3	18	4	1	450	 	7	0	7
151018	2	88	 	 	 	 	 	 	 	 	 	 
151018	3	88	 	 	 	 	 	 	 	 	 	 
151019	1	1	2	2	24	4	0	 	 	 	0	3
151019	2	88	 	 	 	 	 	 	 	 	 	 
151019	3	88	 	 	 	 	 	 	 	 	 	 
151020	1	1	2	4	24	6	0	 	 	 	1	6
151020	2	10	2	12	30	3	0	 	 	 	1	12
151020	3	88	 	 	 	 	 	 	 	 	 	 
151021	1	5	2	3	12	5	0	 	 	 	1	5
151021	2	10	6	3	8	3	0	 	 	 	1	8
151021	3	88	 	 	 	 	 	 	 	 	 	 
151023	1	1	2	12	15	6	1	2500	 	5	1	12
151023	2	10	2	5	10	4	2	 	3400	5	0	6
151023	3	10	6	10	15	4	0	 	 	 	1	6
151024	1	 	 	 	 	 	 	 	 	 	 	 
151024	2	 	 	 	 	 	 	 	 	 	 	 
151024	3	 	 	 	 	 	 	 	 	 	 	 
151025	1	1	2	4	20	6	0	 	 	 	1	5
151025	2	88	 	 	 	 	 	 	 	 	 	 
151025	3	88	 	 	 	 	 	 	 	 	 	 
151026	1	1	2	5	20	4	0	 	 	 	1	4
151026	2	11	3	1	2	5	1	500	 	4	0	1
151026	3	88	 	 	 	 	 	 	 	 	 	 
151027	1	 	 	 	 	 	 	 	 	 	 	 
151027	2	 	 	 	 	 	 	 	 	 	 	 
151027	3	 	 	 	 	 	 	 	 	 	 	 
151028	1	10	6	5	30	10	1	30	 	2	1	12
151028	2	88	 	 	 	 	 	 	 	 	 	 
151028	3	88	 	 	 	 	 	 	 	 	 	 
151029	1	 	 	 	 	 	 	 	 	 	 	 
151029	2	 	 	 	 	 	 	 	 	 	 	 
151029	3	 	 	 	 	 	 	 	 	 	 	 
151030	1	1	2	3	15	4	0	 	 	 	0	3
151030	2	88	 	 	 	 	 	 	 	 	 	 
151030	3	88	 	 	 	 	 	 	 	 	 	 
151031	1	1	2	9	24	5	0	 	 	 	0	10
151031	2	88	 	 	 	 	 	 	 	 	 	 
151031	3	88	 	 	 	 	 	 	 	 	 	 
151032	1	1	3	10	20	6	1	10000	 	5	0	12
151032	2	88	 	 	 	 	 	 	 	 	 	 
151032	3	88	 	 	 	 	 	 	 	 	 	 
151033	1	 	 	 	 	 	 	 	 	 	 	 
151033	2	 	 	 	 	 	 	 	 	 	 	 
151033	3	 	 	 	 	 	 	 	 	 	 	 
151034	1	 	 	 	 	 	 	 	 	 	 	 
151034	2	 	 	 	 	 	 	 	 	 	 	 
151034	3	 	 	 	 	 	 	 	 	 	 	 
151035	1	10	6	3	15	6	1	700	 	5	0	3
151035	2	88	 	 	 	 	 	 	 	 	 	 
151035	3	88	 	 	 	 	 	 	 	 	 	 
151039	1	 	 	 	 	 	 	 	 	 	 	 
151039	2	 	 	 	 	 	 	 	 	 	 	 
151039	3	 	 	 	 	 	 	 	 	 	 	 
151041	1	1	2	11	28	4	0	 	 	 	1	12
151041	2	88	 	 	 	 	 	 	 	 	 	 
151041	3	88	 	 	 	 	 	 	 	 	 	 
151042	1	10	6	12	10	5	1	1000	 	4	1	12
151042	2	1	2	4	20	5	0	 	 	 	1	6
151042	3	88	 	 	 	 	 	 	 	 	 	 
151043	1	1	2	2	1	3	0	 	 	 	0	4
151043	2	88	 	 	 	 	 	 	 	 	 	 
151043	3	88	 	 	 	 	 	 	 	 	 	 
151044	1	1	2	3	20	6	0	 	 	 	1	10
151044	2	88	 	 	 	 	 	 	 	 	 	 
151044	3	88	 	 	 	 	 	 	 	 	 	 
151045	1	1	2	4	20	5	0	 	 	 	1	4
151045	2	9	1	2	8	3	0	 	 	 	0	2
151045	3	88	 	 	 	 	 	 	 	 	 	 
151049	1	 	 	 	 	 	 	 	 	 	 	 
151049	2	 	 	 	 	 	 	 	 	 	 	 
151049	3	 	 	 	 	 	 	 	 	 	 	 
151051	1	 	 	 	 	 	 	 	 	 	 	 
151051	2	 	 	 	 	 	 	 	 	 	 	 
151051	3	 	 	 	 	 	 	 	 	 	 	 
151052	1	 	 	 	 	 	 	 	 	 	 	 
151052	2	 	 	 	 	 	 	 	 	 	 	 
151052	3	 	 	 	 	 	 	 	 	 	 	 
151053	1	 	 	 	 	 	 	 	 	 	 	 
151053	2	 	 	 	 	 	 	 	 	 	 	 
151053	3	 	 	 	 	 	 	 	 	 	 	 
151054	1	1	2	3	24	5	0	 	 	 	1	4
151054	2	88	 	 	 	 	 	 	 	 	 	 
151054	3	88	 	 	 	 	 	 	 	 	 	 
151056	1	1	2	6	15	5	0	 	 	 	0	5
151056	2	88	 	 	 	 	 	 	 	 	 	 
151056	3	88	 	 	 	 	 	 	 	 	 	 
151057	1	5	2	3	10	6	2	 	400	5	1	5
151057	2	88	 	 	 	 	 	 	 	 	 	 
151057	3	88	 	 	 	 	 	 	 	 	 	 
151059	1	1	2	4	12	5	1	680	 	5	0	6
151059	2	10	2	2	18	5	0	 	 	 	0	4
151059	3	10	2	4	18	6	0	 	 	 	0	12
151064	1	1	2	4	15	4	0	 	 	 	1	5
151064	2	88	 	 	 	 	 	 	 	 	 	 
151064	3	88	 	 	 	 	 	 	 	 	 	 
151066	1	10	6	6	26	8	1	600	 	4	1	12
151066	2	88	 	 	 	 	 	 	 	 	 	 
151066	3	88	 	 	 	 	 	 	 	 	 	 
151067	1	1	2	12	15	3	0	 	 	 	1	12
151067	2	88	 	 	 	 	 	 	 	 	 	 
151067	3	88	 	 	 	 	 	 	 	 	 	 
151068	1	1	2	3	15	4	2	 	3000	5	0	4
151068	2	10	2	7	20	8	0	 	 	 	0	12
151068	3	88	 	 	 	 	 	 	 	 	 	 
151069	1	1	2	6	5	5	0	 	 	 	1	7
151069	2	88	 	 	 	 	 	 	 	 	 	 
151069	3	88	 	 	 	 	 	 	 	 	 	 
151070	1	1	2	4	20	5	0	 	 	 	1	5
151070	2	10	6	12	8	5	1	90	 	4	1	12
151070	3	88	 	 	 	 	 	 	 	 	 	 
161002	1	2	2	2	3	4	0	 	 	 	1	6
161002	2	88	 	 	 	 	 	 	 	 	 	 
161002	3	88	 	 	 	 	 	 	 	 	 	 
161003	1	19	3	12	28	9	1	300	 	4	1	12
161003	2	10	3	12	29	8	1	300	 	4	1	12
161003	3	88	 	 	 	 	 	 	 	 	 	 
161005	1	1	2	6	20	6	0	 	 	 	0	0
161005	2	12	6	6	30	14	1	9000	 	5	1	12
161005	3	88	 	 	 	 	 	 	 	 	 	 
161006	1	1	2	5	10	8	0	 	 	 	1	6
161006	2	5	6	2	15	6	1	360	 	5	0	4
161006	3	4	2	12	30	2	0	 	 	 	1	12
161007	1	4	2	12	30	3	0	 	 	 	1	12
161007	2	11	2	12	30	2	0	 	 	 	1	12
161007	3	88	 	 	 	 	 	 	 	 	 	 
161008	1	1	2	3	6	8	0	 	 	 	1	2
161008	2	5	3	1	20	5	1	30	 	2	1	1
161008	3	88	 	 	 	 	 	 	 	 	 	 
161009	1	1	2	2	26	8	0	 	 	 	1	2
161009	2	88	 	 	 	 	 	 	 	 	 	 
161009	3	88	 	 	 	 	 	 	 	 	 	 
161010	1	13	3	6	30	10	1	1500	 	4	0	0
161010	2	1	2	3	20	7	0	 	 	 	0	6
161010	3	88	 	 	 	 	 	 	 	 	 	 
161011	1	1	2	6	16	4	0	 	 	 	1	12
161011	2	12	3	6	26	10	1	500	 	4	1	0
161011	3	88	 	 	 	 	 	 	 	 	 	 
161016	1	1	2	7	15	5	0	 	 	 	1	6
161016	2	88	 	 	 	 	 	 	 	 	 	 
161016	3	88	 	 	 	 	 	 	 	 	 	 
161017	1	12	3	8	30	12	3	300	700	4	1	77
161017	2	88	 	 	 	 	 	 	 	 	 	 
161017	3	88	 	 	 	 	 	 	 	 	 	 
161018	1	1	2	12	20	2	0	 	 	 	1	12
161018	2	5	3	5	17	3	1	550	 	5	1	5
161018	3	88	 	 	 	 	 	 	 	 	 	 
161019	1	1	2	6	8	2	0	 	 	 	1	6
161019	2	4	2	6	10	3	0	 	 	 	1	8
161019	3	88	 	 	 	 	 	 	 	 	 	 
161021	1	12	3	6	30	12	1	500	 	4	1	0
161021	2	88	 	 	 	 	 	 	 	 	 	 
161021	3	88	 	 	 	 	 	 	 	 	 	 
161022	1	1	2	6	20	5	0	 	 	 	0	12
161022	2	88	 	 	 	 	 	 	 	 	 	 
161022	3	88	 	 	 	 	 	 	 	 	 	 
161023	1	1	2	6	15	5	0	 	 	 	1	6
161023	2	88	 	 	 	 	 	 	 	 	 	 
161023	3	88	 	 	 	 	 	 	 	 	 	 
161024	1	1	2	2	25	5	0	 	 	 	1	2
161024	2	88	 	 	 	 	 	 	 	 	 	 
161024	3	88	 	 	 	 	 	 	 	 	 	 
161025	1	19	3	4	30	8	1	300	 	4	0	8
161025	2	20	2	6	30	6	0	 	 	 	0	4
161025	3	88	 	 	 	 	 	 	 	 	 	 
161026	1	19	3	8	30	9	1	100	 	4	0	0
161026	2	7	2	4	30	4	0	 	 	 	1	5
161026	3	4	2	3	20	2	0	 	 	 	1	5
161029	1	4	2	12	26	3	0	 	 	 	1	12
161029	2	1	2	6	15	2	0	 	 	 	1	6
161029	3	88	 	 	 	 	 	 	 	 	 	 
161030	1	1	2	8	20	6	0	 	 	 	1	12
161030	2	88	 	 	 	 	 	 	 	 	 	 
161030	3	88	 	 	 	 	 	 	 	 	 	 
161031	1	19	2	12	26	3	0	 	 	 	1	12
161031	2	1	2	6	20	3	0	 	 	 	1	8
161031	3	4	2	12	24	2	0	 	 	 	1	10
161032	1	7	2	12	30	4	0	 	 	 	1	12
161032	2	4	2	12	20	2	0	 	 	 	1	12
161032	3	88	 	 	 	 	 	 	 	 	 	 
161033	1	13	3	12	29	11	1	600	 	4	1	12
161033	2	88	 	 	 	 	 	 	 	 	 	 
161033	3	88	 	 	 	 	 	 	 	 	 	 
161034	1	7	2	12	30	4	0	 	 	 	1	12
161034	2	4	2	7	20	1	0	 	 	 	1	6
161034	3	88	 	 	 	 	 	 	 	 	 	 
161035	1	10	3	12	30	13	1	300	 	4	0	0
161035	2	1	2	2	10	7	0	 	 	 	1	6
161035	3	88	 	 	 	 	 	 	 	 	 	 
161036	1	1	2	12	28	4	0	 	 	 	1	12
161036	2	4	2	12	26	2	0	 	 	 	1	12
161036	3	88	 	 	 	 	 	 	 	 	 	 
161037	1	1	2	6	30	2	0	 	 	 	1	8
161037	2	4	2	12	30	1	0	 	 	 	1	12
161037	3	88	 	 	 	 	 	 	 	 	 	 
161038	1	7	2	12	30	4	0	 	 	 	1	12
161038	2	4	2	6	15	1	0	 	 	 	1	7
161038	3	1	2	5	10	5	0	 	 	 	1	6
161039	1	4	2	5	10	1	0	 	 	 	1	10
161039	2	19	2	12	30	5	0	 	 	 	1	12
161039	3	88	 	 	 	 	 	 	 	 	 	 
161040	1	19	3	10	29	10	1	400	 	4	1	12
161040	2	88	 	 	 	 	 	 	 	 	 	 
161040	3	88	 	 	 	 	 	 	 	 	 	 
161041	1	2	2	6	20	6	0	 	 	 	1	10
161041	2	88	 	 	 	 	 	 	 	 	 	 
161041	3	88	 	 	 	 	 	 	 	 	 	 
161042	1	1	6	6	20	6	0	 	 	 	1	8
161042	2	88	 	 	 	 	 	 	 	 	 	 
161042	3	88	 	 	 	 	 	 	 	 	 	 
161043	1	1	2	6	20	5	0	 	 	 	1	12
161043	2	88	 	 	 	 	 	 	 	 	 	 
161043	3	88	 	 	 	 	 	 	 	 	 	 
161044	1	1	2	3	15	3	0	 	 	 	1	4
161044	2	4	2	12	8	3	0	 	 	 	1	12
161044	3	88	 	 	 	 	 	 	 	 	 	 
161046	1	1	2	6	24	3	0	 	 	 	1	6
161046	2	4	2	12	30	3	0	 	 	 	1	12
161046	3	88	 	 	 	 	 	 	 	 	 	 
161047	1	12	3	6	26	11	1	400	 	4	0	5
161047	2	1	2	3	22	6	0	 	 	 	1	2
161047	3	88	 	 	 	 	 	 	 	 	 	 
161048	1	19	3	2	30	12	1	450	 	4	0	0
161048	2	4	2	12	26	4	0	 	 	 	1	12
161048	3	88	 	 	 	 	 	 	 	 	 	 
161049	1	4	2	6	26	2	0	 	 	 	1	12
161049	2	19	2	12	26	3	0	 	 	 	1	12
161049	3	88	 	 	 	 	 	 	 	 	 	 
161050	1	1	2	12	26	4	0	 	 	 	1	8
161050	2	4	2	6	20	2	0	 	 	 	1	6
161050	3	88	 	 	 	 	 	 	 	 	 	 
171001	1	12	1	4	29	11	1	696	 	4	1	0
171001	2	5	3	5	4	11	1	40	 	2	1	5
171001	3	88	 	 	 	 	 	 	 	 	 	 
171002	1	12	1	3	29	10	1	25	 	2	0	0
171002	2	88	 	 	 	 	 	 	 	 	 	 
171002	3	88	 	 	 	 	 	 	 	 	 	 
171003	1	10	2	6	30	2	0	 	 	 	0	0
171003	2	1	2	3	15	3	0	 	 	 	0	0
171003	3	4	2	2	15	2	0	 	 	 	0	0
171005	1	 	 	 	 	 	 	 	 	 	 	 
171005	2	 	 	 	 	 	 	 	 	 	 	 
171005	3	 	 	 	 	 	 	 	 	 	 	 
171006	1	 	 	 	 	 	 	 	 	 	 	 
171006	2	 	 	 	 	 	 	 	 	 	 	 
171006	3	 	 	 	 	 	 	 	 	 	 	 
171007	1	9	2	8	24	10	1	200	 	2	1	8
171007	2	1	2	2	20	10	0	 	 	 	1	3
171007	3	4	2	12	30	1	0	 	 	 	1	12
171008	1	11	2	6	16	10	1	1500	 	4	1	6
171008	2	1	2	4	16	10	0	 	 	 	1	4
171008	3	4	2	3	10	6	0	 	 	 	1	3
171010	1	 	 	 	 	 	 	 	 	 	 	 
171010	2	 	 	 	 	 	 	 	 	 	 	 
171010	3	 	 	 	 	 	 	 	 	 	 	 
171011	1	 	 	 	 	 	 	 	 	 	 	 
171011	2	 	 	 	 	 	 	 	 	 	 	 
171011	3	 	 	 	 	 	 	 	 	 	 	 
171012	1	9	6	8	20	10	1	100	 	2	1	8
171012	2	1	2	4	15	8	0	 	 	 	1	5
171012	3	12	1	2	15	10	1	100	 	2	0	1
171014	1	 	 	 	 	 	 	 	 	 	 	 
171014	2	 	 	 	 	 	 	 	 	 	 	 
171014	3	 	 	 	 	 	 	 	 	 	 	 
171015	1	 	 	 	 	 	 	 	 	 	 	 
171015	2	 	 	 	 	 	 	 	 	 	 	 
171015	3	 	 	 	 	 	 	 	 	 	 	 
171016	1	 	 	 	 	 	 	 	 	 	 	 
171016	2	 	 	 	 	 	 	 	 	 	 	 
171016	3	 	 	 	 	 	 	 	 	 	 	 
171017	1	13	1	5	19	11	1	28	 	2	0	5
171017	2	88	 	 	 	 	 	 	 	 	 	 
171017	3	88	 	 	 	 	 	 	 	 	 	 
171018	1	1	2	4	15	10	0	 	 	 	1	6
171018	2	11	6	6	20	8	1	7000	 	7	0	5
171018	3	88	 	 	 	 	 	 	 	 	 	 
171019	1	 	 	 	 	 	 	 	 	 	 	 
171019	2	 	 	 	 	 	 	 	 	 	 	 
171019	3	 	 	 	 	 	 	 	 	 	 	 
171020	1	10	2	5	30	10	0	 	 	 	0	0
171020	2	1	2	1	15	10	0	 	 	 	0	1
171020	3	88	 	 	 	 	 	 	 	 	 	 
171021	1	11	2	4	26	10	1	250	 	3	1	5
171021	2	1	2	4	16	10	0	 	 	 	1	4
171021	3	88	 	 	 	 	 	 	 	 	 	 
171022	1	1	2	6	12	8	0	 	 	 	1	6
171022	2	11	2	3	15	10	1	500	 	3	1	2
171022	3	88	 	 	 	 	 	 	 	 	 	 
171023	1	1	2	12	15	8	0	 	 	 	1	12
171023	2	4	2	12	10	6	0	 	 	 	1	12
171023	3	88	 	 	 	 	 	 	 	 	 	 
171024	1	1	2	2	15	8	0	 	 	 	0	2
171024	2	88	 	 	 	 	 	 	 	 	 	 
171024	3	88	 	 	 	 	 	 	 	 	 	 
171025	1	1	2	10	15	9	0	 	 	 	1	8
171025	2	88	 	 	 	 	 	 	 	 	 	 
171025	3	88	 	 	 	 	 	 	 	 	 	 
171026	1	1	2	8	15	10	0	 	 	 	1	8
171026	2	4	2	12	13	6	0	 	 	 	1	12
171026	3	88	 	 	 	 	 	 	 	 	 	 
171027	1	 	 	 	 	 	 	 	 	 	 	 
171027	2	 	 	 	 	 	 	 	 	 	 	 
171027	3	 	 	 	 	 	 	 	 	 	 	 
171028	1	1	2	2	5	8	0	 	 	 	0	2
171028	2	88	 	 	 	 	 	 	 	 	 	 
171028	3	88	 	 	 	 	 	 	 	 	 	 
171029	1	11	6	4	20	5	1	600	 	5	1	3
171029	2	4	2	4	20	4	0	 	 	 	1	5
171029	3	1	2	3	15	4	0	 	 	 	1	3
171030	1	1	2	7	17	10	0	 	 	 	1	8
171030	2	4	2	12	20	4	0	 	 	 	1	12
171030	3	88	 	 	 	 	 	 	 	 	 	 
171031	1	13	1	1	30	5	1	400	 	4	1	10
171031	2	88	 	 	 	 	 	 	 	 	 	 
171031	3	88	 	 	 	 	 	 	 	 	 	 
171032	1	1	2	6	15	10	0	 	 	 	1	6
171032	2	11	2	4	15	8	1	200	 	3	1	4
171032	3	4	2	12	10	2	0	 	 	 	1	12
171033	1	5	3	2	10	9	1	300	 	2	0	12
171033	2	88	 	 	 	 	 	 	 	 	 	 
171033	3	88	 	 	 	 	 	 	 	 	 	 
171034	1	13	1	2	24	9	1	40	 	4	1	12
171034	2	88	 	 	 	 	 	 	 	 	 	 
171034	3	88	 	 	 	 	 	 	 	 	 	 
171035	1	12	1	8	19	11	1	27	 	2	1	12
171035	2	88	 	 	 	 	 	 	 	 	 	 
171035	3	88	 	 	 	 	 	 	 	 	 	 
171036	1	13	1	12	24	8	1	40	 	2	1	12
171036	2	88	 	 	 	 	 	 	 	 	 	 
171036	3	88	 	 	 	 	 	 	 	 	 	 
171037	1	19	3	12	30	10	1	1000	 	5	0	0
171037	2	88	 	 	 	 	 	 	 	 	 	 
171037	3	88	 	 	 	 	 	 	 	 	 	 
171038	1	 	 	 	 	 	 	 	 	 	 	 
171038	2	 	 	 	 	 	 	 	 	 	 	 
171038	3	 	 	 	 	 	 	 	 	 	 	 
171039	1	1	2	2	20	6	0	 	 	 	0	2
171039	2	9	6	3	20	8	1	60	 	2	0	3
171039	3	88	 	 	 	 	 	 	 	 	 	 
171040	1	9	1	12	20	10	1	100	 	2	1	9
171040	2	4	2	3	20	2	0	 	 	 	1	4
171040	3	1	2	4	10	2	0	 	 	 	1	2
171041	1	 	 	 	 	 	 	 	 	 	 	 
171041	2	 	 	 	 	 	 	 	 	 	 	 
171041	3	 	 	 	 	 	 	 	 	 	 	 
171042	1	1	2	2	10	4	0	 	 	 	1	2
171042	2	88	 	 	 	 	 	 	 	 	 	 
171042	3	88	 	 	 	 	 	 	 	 	 	 
171043	1	13	1	3	30	10	1	1100	 	4	1	3
171043	2	88	 	 	 	 	 	 	 	 	 	 
171043	3	88	 	 	 	 	 	 	 	 	 	 
171044	1	1	2	2	20	9	0	 	 	 	0	2
171044	2	9	6	1	25	10	1	200	 	3	0	2
171044	3	88	 	 	 	 	 	 	 	 	 	 
171045	1	1	5	3	5	10	0	 	 	 	0	3
171045	2	88	 	 	 	 	 	 	 	 	 	 
171045	3	88	 	 	 	 	 	 	 	 	 	 
171046	1	1	2	6	22	10	0	 	 	 	1	6
171046	2	11	6	6	18	8	1	200	 	3	1	6
171046	3	88	 	 	 	 	 	 	 	 	 	 
171047	1	4	2	12	30	2	0	 	 	 	1	12
171047	2	88	 	 	 	 	 	 	 	 	 	 
171047	3	88	 	 	 	 	 	 	 	 	 	 
171048	1	1	2	8	16	10	0	 	 	 	1	8
171048	2	4	2	12	10	4	0	 	 	 	1	12
171048	3	20	6	4	14	6	1	3000	 	7	0	5
171049	1	 	 	 	 	 	 	 	 	 	 	 
171049	2	 	 	 	 	 	 	 	 	 	 	 
171049	3	 	 	 	 	 	 	 	 	 	 	 
171050	1	 	 	 	 	 	 	 	 	 	 	 
171050	2	 	 	 	 	 	 	 	 	 	 	 
171050	3	 	 	 	 	 	 	 	 	 	 	 
181001	1	1	2	7	20	3	0	 	 	 	1	6
181001	2	12	2	3	30	8	1	1850	 	4	0	3
181001	3	4	2	9	5	1	0	 	 	 	1	12
181002	1	13	3	4	30	10	1	600	 	4	1	6
181002	2	1	2	5	10	4	0	 	 	 	1	2
181002	3	88	 	 	 	 	 	 	 	 	 	 
181003	1	4	2	12	22	3	0	 	 	 	1	12
181003	2	11	2	12	10	3	0	 	 	 	1	12
181003	3	1	2	4	15	6	0	 	 	 	1	2
181004	1	1	2	8	20	4	0	 	 	 	1	6
181004	2	10	1	2	30	8	1	3000	 	4	0	5
181004	3	88	 	 	 	 	 	 	 	 	 	 
181005	1	 	 	 	 	 	 	 	 	 	 	 
181005	2	 	 	 	 	 	 	 	 	 	 	 
181005	3	 	 	 	 	 	 	 	 	 	 	 
181006	1	10	6	11	30	12	1	30	 	2	1	6
181006	2	88	 	 	 	 	 	 	 	 	 	 
181006	3	88	 	 	 	 	 	 	 	 	 	 
181007	1	11	2	12	30	4	0	 	 	 	1	12
181007	2	1	2	7	4	4	0	 	 	 	1	8
181007	3	4	2	4	8	3	0	 	 	 	1	5
181008	1	4	2	10	30	4	0	 	 	 	0	0
181008	2	1	3	1	30	14	3	200	170	4	1	3
181008	3	12	2	6	12	3	0	 	 	 	0	0
181009	1	4	2	2	15	5	0	 	 	 	0	0
181009	2	1	2	2	10	3	0	 	 	 	0	0
181009	3	88	 	 	 	 	 	 	 	 	 	 
181010	1	1	2	12	20	3	0	 	 	 	1	12
181010	2	10	2	12	3	8	0	 	 	 	1	12
181010	3	4	2	12	10	2	0	 	 	 	1	12
181011	1	10	2	7	15	8	0	 	 	 	1	12
181011	2	88	 	 	 	 	 	 	 	 	 	 
181011	3	88	 	 	 	 	 	 	 	 	 	 
181012	1	10	6	4	26	6	1	70	 	2	1	0
181012	2	88	 	 	 	 	 	 	 	 	 	 
181012	3	88	 	 	 	 	 	 	 	 	 	 
181013	1	1	2	6	15	7	0	 	 	 	1	8
181013	2	12	1	3	26	10	1	70	 	2	0	0
181013	3	88	 	 	 	 	 	 	 	 	 	 
181014	1	10	2	12	30	10	0	 	 	 	1	0
181014	2	12	3	12	15	2	1	450	 	4	1	0
181014	3	88	 	 	 	 	 	 	 	 	 	 
181015	1	4	2	12	20	3	0	 	 	 	1	2
181015	2	1	2	5	10	5	0	 	 	 	1	5
181015	3	5	3	1	4	10	1	70	 	2	0	0
181016	1	11	2	12	30	3	0	 	 	 	1	12
181016	2	4	2	12	15	2	0	 	 	 	1	12
181016	3	1	2	3	7	2	0	 	 	 	1	4
181017	1	11	2	12	30	3	0	 	 	 	1	12
181017	2	1	2	7	20	6	0	 	 	 	1	12
181017	3	4	2	12	30	2	0	 	 	 	1	7
181018	1	4	2	12	30	3	0	 	 	 	1	12
181018	2	1	2	7	20	4	0	 	 	 	1	7
181018	3	11	2	3	10	3	0	 	 	 	1	4
181019	1	1	2	9	22	6	0	 	 	 	1	12
181019	2	12	4	3	30	12	2	 	1000	4	0	0
181019	3	12	2	9	30	2	0	 	 	 	1	12
181020	1	10	2	12	4	4	0	 	 	 	1	12
181020	2	1	2	2	18	5	0	 	 	 	0	2
181020	3	88	 	 	 	 	 	 	 	 	 	 
181021	1	13	1	7	30	6	1	1000	 	4	1	3
181021	2	1	2	2	10	4	0	 	 	 	79	2
181021	3	88	 	 	 	 	 	 	 	 	 	 
181022	1	11	2	12	30	4	0	 	 	 	1	12
181022	2	1	2	4	20	5	0	 	 	 	1	6
181022	3	4	2	6	8	4	0	 	 	 	1	5
181023	1	19	3	7	30	8	1	400	 	4	1	12
181023	2	4	2	5	20	3	0	 	 	 	79	0
181023	3	1	2	2	15	3	0	 	 	 	79	0
181024	1	10	2	12	30	8	0	 	 	 	1	12
181024	2	88	 	 	 	 	 	 	 	 	 	 
181024	3	88	 	 	 	 	 	 	 	 	 	 
181025	1	13	3	12	30	15	3	1200	600	4	1	0
181025	2	88	 	 	 	 	 	 	 	 	 	 
181025	3	88	 	 	 	 	 	 	 	 	 	 
181026	1	 	 	 	 	 	 	 	 	 	 	 
181026	2	 	 	 	 	 	 	 	 	 	 	 
181026	3	 	 	 	 	 	 	 	 	 	 	 
181027	1	4	2	12	30	3	0	 	 	 	1	12
181027	2	1	2	3	15	6	0	 	 	 	0	3
181027	3	11	2	12	6	2	0	 	 	 	1	12
181028	1	11	2	12	30	4	0	 	 	 	1	12
181028	2	1	2	2	7	2	0	 	 	 	1	4
181028	3	4	2	1	30	1	0	 	 	 	0	2
181029	1	11	2	12	30	4	0	 	 	 	1	12
181029	2	1	2	5	20	5	0	 	 	 	1	5
181029	3	88	 	 	 	 	 	 	 	 	 	 
181030	1	1	2	2	22	8	0	 	 	 	0	2
181030	2	88	 	 	 	 	 	 	 	 	 	 
181030	3	88	 	 	 	 	 	 	 	 	 	 
181031	1	1	2	6	20	10	0	 	 	 	1	12
181031	2	4	2	12	20	3	0	 	 	 	1	6
181031	3	88	 	 	 	 	 	 	 	 	 	 
181032	1	13	3	5	30	15	3	200	720	4	1	12
181032	2	12	3	6	26	9	1	40	 	2	79	0
181032	3	88	 	 	 	 	 	 	 	 	 	 
181033	1	11	2	12	8	6	0	 	 	 	0	12
181033	2	1	2	4	6	2	0	 	 	 	1	0
181033	3	88	 	 	 	 	 	 	 	 	 	 
181034	1	1	2	4	8	4	0	 	 	 	1	5
181034	2	4	2	4	10	2	0	 	 	 	1	0
181034	3	88	 	 	 	 	 	 	 	 	 	 
181035	1	13	3	12	30	12	3	500	500	4	1	12
181035	2	88	 	 	 	 	 	 	 	 	 	 
181035	3	88	 	 	 	 	 	 	 	 	 	 
181036	1	4	2	12	30	10	0	 	 	 	1	12
181036	2	1	2	4	12	5	0	 	 	 	1	4
181036	3	88	 	 	 	 	 	 	 	 	 	 
181037	1	11	2	12	30	4	0	 	 	 	1	12
181037	2	1	2	7	25	4	0	 	 	 	1	7
181037	3	4	2	3	10	3	0	 	 	 	1	2
181038	1	11	2	12	8	4	0	 	 	 	1	12
181038	2	4	2	12	6	2	0	 	 	 	1	12
181038	3	1	2	5	8	3	0	 	 	 	0	5
181039	1	4	2	7	30	3	0	 	 	 	0	2
181039	2	1	2	4	15	3	0	 	 	 	0	2
181039	3	88	 	 	 	 	 	 	 	 	 	 
181040	1	10	6	4	30	10	1	50	 	2	0	0
181040	2	4	2	6	20	4	0	 	 	 	0	0
181040	3	1	2	4	12	5	0	 	 	 	0	0
181041	1	4	2	12	30	4	0	 	 	 	1	12
181041	2	1	2	2	20	4	0	 	 	 	1	4
181041	3	88	 	 	 	 	 	 	 	 	 	 
181042	1	10	2	5	30	12	0	 	 	 	1	12
181042	2	11	2	4	15	8	0	 	 	 	0	0
181042	3	88	 	 	 	 	 	 	 	 	 	 
181043	1	 	 	 	 	 	 	 	 	 	 	 
181043	2	 	 	 	 	 	 	 	 	 	 	 
181043	3	 	 	 	 	 	 	 	 	 	 	 
181045	1	11	2	12	30	4	0	 	 	 	1	12
181045	2	1	2	8	15	3	0	 	 	 	1	9
181045	3	4	2	7	20	2	0	 	 	 	1	5
181046	1	13	3	12	30	15	3	700	720	4	1	12
181046	2	88	 	 	 	 	 	 	 	 	 	 
181046	3	88	 	 	 	 	 	 	 	 	 	 
181047	1	11	2	12	30	4	0	 	 	 	1	12
181047	2	1	2	12	10	3	0	 	 	 	1	12
181047	3	4	2	12	5	2	0	 	 	 	1	12
181048	1	19	3	7	26	12	1	400	 	4	1	6
181048	2	1	2	3	15	3	0	 	 	 	79	0
181048	3	88	 	 	 	 	 	 	 	 	 	 
181049	1	10	6	12	20	10	1	60	 	2	1	12
181049	2	88	 	 	 	 	 	 	 	 	 	 
181049	3	88	 	 	 	 	 	 	 	 	 	 
181050	1	11	2	12	30	4	0	 	 	 	1	12
181050	2	4	2	12	20	2	0	 	 	 	1	12
181050	3	1	2	2	20	6	0	 	 	 	1	1
191001	1	10	2	5	20	2	0	 	 	 	1	12
191001	2	88	 	 	 	 	 	 	 	 	 	 
191001	3	88	 	 	 	 	 	 	 	 	 	 
191002	1	10	6	12	30	6	1	15	 	2	0	0
191002	2	88	 	 	 	 	 	 	 	 	 	 
191002	3	88	 	 	 	 	 	 	 	 	 	 
191003	1	 	 	 	 	 	 	 	 	 	 	 
191003	2	 	 	 	 	 	 	 	 	 	 	 
191003	3	 	 	 	 	 	 	 	 	 	 	 
191004	1	13	3	1	15	13	1	500	 	4	1	12
191004	2	88	 	 	 	 	 	 	 	 	 	 
191004	3	88	 	 	 	 	 	 	 	 	 	 
191005	1	10	6	9	26	8	0	 	 	 	1	12
191005	2	88	 	 	 	 	 	 	 	 	 	 
191005	3	88	 	 	 	 	 	 	 	 	 	 
191006	1	 	 	 	 	 	 	 	 	 	 	 
191006	2	 	 	 	 	 	 	 	 	 	 	 
191006	3	 	 	 	 	 	 	 	 	 	 	 
191007	1	 	 	 	 	 	 	 	 	 	 	 
191007	2	 	 	 	 	 	 	 	 	 	 	 
191007	3	 	 	 	 	 	 	 	 	 	 	 
191008	1	19	3	6	30	20	1	6250	 	4	0	0
191008	2	88	 	 	 	 	 	 	 	 	 	 
191008	3	88	 	 	 	 	 	 	 	 	 	 
191009	1	10	2	4	25	8	0	 	 	 	1	12
191009	2	88	 	 	 	 	 	 	 	 	 	 
191009	3	88	 	 	 	 	 	 	 	 	 	 
191010	1	 	 	 	 	 	 	 	 	 	 	 
191010	2	 	 	 	 	 	 	 	 	 	 	 
191010	3	 	 	 	 	 	 	 	 	 	 	 
191011	1	10	2	12	30	6	0	 	 	 	1	12
191011	2	88	 	 	 	 	 	 	 	 	 	 
191011	3	88	 	 	 	 	 	 	 	 	 	 
191012	1	 	 	 	 	 	 	 	 	 	 	 
191012	2	 	 	 	 	 	 	 	 	 	 	 
191012	3	 	 	 	 	 	 	 	 	 	 	 
191013	1	13	1	6	30	12	3	30	15	2	1	0
191013	2	12	3	6	30	3	1	15	 	2	0	0
191013	3	88	 	 	 	 	 	 	 	 	 	 
191014	1	19	3	12	30	20	1	7500	 	4	0	0
191014	2	88	 	 	 	 	 	 	 	 	 	 
191014	3	88	 	 	 	 	 	 	 	 	 	 
191015	1	 	 	 	 	 	 	 	 	 	 	 
191015	2	 	 	 	 	 	 	 	 	 	 	 
191015	3	 	 	 	 	 	 	 	 	 	 	 
191016	1	4	2	12	30	3	0	 	 	 	1	0
191016	2	88	 	 	 	 	 	 	 	 	 	 
191016	3	88	 	 	 	 	 	 	 	 	 	 
191017	1	10	2	12	12	10	0	 	 	 	1	12
191017	2	88	 	 	 	 	 	 	 	 	 	 
191017	3	88	 	 	 	 	 	 	 	 	 	 
191018	1	10	2	8	30	10	0	 	 	 	1	12
191018	2	1	2	3	5	3	0	 	 	 	1	2
191018	3	88	 	 	 	 	 	 	 	 	 	 
191019	1	13	3	11	30	9	1	450	 	4	0	0
191019	2	88	 	 	 	 	 	 	 	 	 	 
191019	3	88	 	 	 	 	 	 	 	 	 	 
191020	1	10	2	12	4	10	0	 	 	 	1	6
191020	2	88	 	 	 	 	 	 	 	 	 	 
191020	3	88	 	 	 	 	 	 	 	 	 	 
191021	1	 	 	 	 	 	 	 	 	 	 	 
191021	2	 	 	 	 	 	 	 	 	 	 	 
191021	3	 	 	 	 	 	 	 	 	 	 	 
191022	1	 	 	 	 	 	 	 	 	 	 	 
191022	2	 	 	 	 	 	 	 	 	 	 	 
191022	3	 	 	 	 	 	 	 	 	 	 	 
191023	1	10	2	12	21	2	0	 	 	 	1	6
191023	2	88	 	 	 	 	 	 	 	 	 	 
191023	3	88	 	 	 	 	 	 	 	 	 	 
191024	1	1	2	3	15	4	0	 	 	 	0	3
191024	2	10	2	3	4	6	0	 	 	 	1	12
191024	3	88	 	 	 	 	 	 	 	 	 	 
191025	1	4	2	12	30	5	0	 	 	 	1	0
191025	2	88	 	 	 	 	 	 	 	 	 	 
191025	3	88	 	 	 	 	 	 	 	 	 	 
191026	1	10	2	12	8	4	0	 	 	 	1	12
191026	2	88	 	 	 	 	 	 	 	 	 	 
191026	3	88	 	 	 	 	 	 	 	 	 	 
191027	1	13	3	3	28	12	1	300	 	4	1	1
191027	2	88	 	 	 	 	 	 	 	 	 	 
191027	3	88	 	 	 	 	 	 	 	 	 	 
191028	1	 	 	 	 	 	 	 	 	 	 	 
191028	2	 	 	 	 	 	 	 	 	 	 	 
191028	3	 	 	 	 	 	 	 	 	 	 	 
191029	1	10	2	12	4	7	0	 	 	 	1	0
191029	2	88	 	 	 	 	 	 	 	 	 	 
191029	3	88	 	 	 	 	 	 	 	 	 	 
191031	1	13	3	12	26	6	1	500	 	4	1	12
191031	2	88	 	 	 	 	 	 	 	 	 	 
191031	3	88	 	 	 	 	 	 	 	 	 	 
191032	1	4	2	12	30	1	0	 	 	 	1	12
191032	2	10	2	12	6	2	0	 	 	 	1	8
191032	3	88	 	 	 	 	 	 	 	 	 	 
191033	1	 	 	 	 	 	 	 	 	 	 	 
191033	2	 	 	 	 	 	 	 	 	 	 	 
191033	3	 	 	 	 	 	 	 	 	 	 	 
191034	1	9	1	1	3	12	1	75	 	2	0	12
191034	2	88	 	 	 	 	 	 	 	 	 	 
191034	3	88	 	 	 	 	 	 	 	 	 	 
191035	1	13	3	12	30	16	1	350	 	4	1	5
191035	2	88	 	 	 	 	 	 	 	 	 	 
191035	3	88	 	 	 	 	 	 	 	 	 	 
191036	1	13	3	4	30	14	1	400	 	4	0	0
191036	2	10	2	2	15	12	1	40	 	2	0	2
191036	3	88	 	 	 	 	 	 	 	 	 	 
191037	1	10	2	12	30	6	0	 	 	 	1	2
191037	2	88	 	 	 	 	 	 	 	 	 	 
191037	3	88	 	 	 	 	 	 	 	 	 	 
191038	1	 	 	 	 	 	 	 	 	 	 	 
191038	2	 	 	 	 	 	 	 	 	 	 	 
191038	3	 	 	 	 	 	 	 	 	 	 	 
191039	1	9	3	12	26	12	3	500	500	4	1	12
191039	2	88	 	 	 	 	 	 	 	 	 	 
191039	3	88	 	 	 	 	 	 	 	 	 	 
191040	1	10	1	3	3	12	1	130	 	2	1	2
191040	2	88	 	 	 	 	 	 	 	 	 	 
191040	3	88	 	 	 	 	 	 	 	 	 	 
191041	1	9	1	11	30	6	1	300	 	4	0	0
191041	2	88	 	 	 	 	 	 	 	 	 	 
191041	3	88	 	 	 	 	 	 	 	 	 	 
191042	1	1	2	7	15	5	0	 	 	 	1	7
191042	2	88	 	 	 	 	 	 	 	 	 	 
191042	3	88	 	 	 	 	 	 	 	 	 	 
191043	1	9	3	2	24	8	1	600	 	4	0	12
191043	2	88	 	 	 	 	 	 	 	 	 	 
191043	3	88	 	 	 	 	 	 	 	 	 	 
191044	1	 	 	 	 	 	 	 	 	 	 	 
191044	2	 	 	 	 	 	 	 	 	 	 	 
191044	3	 	 	 	 	 	 	 	 	 	 	 
191045	1	9	3	2	12	2	1	900	 	4	1	12
191045	2	88	 	 	 	 	 	 	 	 	 	 
191045	3	88	 	 	 	 	 	 	 	 	 	 
191046	1	 	 	 	 	 	 	 	 	 	 	 
191046	2	 	 	 	 	 	 	 	 	 	 	 
191046	3	 	 	 	 	 	 	 	 	 	 	 
191048	1	10	2	9	30	2	0	 	 	 	0	0
191048	2	88	 	 	 	 	 	 	 	 	 	 
191048	3	88	 	 	 	 	 	 	 	 	 	 
191049	1	10	2	7	10	2	0	 	 	 	0	2
191049	2	88	 	 	 	 	 	 	 	 	 	 
191049	3	88	 	 	 	 	 	 	 	 	 	 
191050	1	9	2	10	30	12	0	 	 	 	0	12
191050	2	88	 	 	 	 	 	 	 	 	 	 
191050	3	88	 	 	 	 	 	 	 	 	 	 
191051	1	 	 	 	 	 	 	 	 	 	 	 
191051	2	 	 	 	 	 	 	 	 	 	 	 
191051	3	 	 	 	 	 	 	 	 	 	 	 
201001	1	9	2	4	30	10	2	 	100	2	1	12
201001	2	88	 	 	 	 	 	 	 	 	 	 
201001	3	88	 	 	 	 	 	 	 	 	 	 
201002	1	1	2	8	15	8	0	 	 	 	1	2
201002	2	88	 	 	 	 	 	 	 	 	 	 
201002	3	88	 	 	 	 	 	 	 	 	 	 
201003	1	 	 	 	 	 	 	 	 	 	 	 
201003	2	 	 	 	 	 	 	 	 	 	 	 
201003	3	 	 	 	 	 	 	 	 	 	 	 
201004	1	1	2	2	17	10	0	 	 	 	0	3
201004	2	88	 	 	 	 	 	 	 	 	 	 
201004	3	88	 	 	 	 	 	 	 	 	 	 
201005	1	13	1	12	26	14	1	1500	 	4	1	12
201005	2	88	 	 	 	 	 	 	 	 	 	 
201005	3	88	 	 	 	 	 	 	 	 	 	 
201006	1	20	2	2	20	6	0	 	 	 	0	0
201006	2	88	 	 	 	 	 	 	 	 	 	 
201006	3	88	 	 	 	 	 	 	 	 	 	 
201007	1	1	2	7	15	9	0	 	 	 	1	5
201007	2	88	 	 	 	 	 	 	 	 	 	 
201007	3	88	 	 	 	 	 	 	 	 	 	 
201008	1	1	2	2	10	6	0	 	 	 	0	2
201008	2	88	 	 	 	 	 	 	 	 	 	 
201008	3	88	 	 	 	 	 	 	 	 	 	 
201009	1	1	2	5	12	8	0	 	 	 	0	5
201009	2	20	1	2	30	10	1	300	 	7	1	1
201009	3	88	 	 	 	 	 	 	 	 	 	 
201010	1	1	2	7	17	10	0	 	 	 	1	7
201010	2	20	1	5	20	6	1	60	 	2	1	10
201010	3	88	 	 	 	 	 	 	 	 	 	 
201011	1	1	2	2	17	4	0	 	 	 	0	2
201011	2	4	2	8	3	4	0	 	 	 	0	2
201011	3	88	 	 	 	 	 	 	 	 	 	 
201012	1	13	4	12	30	18	1	800	 	4	1	12
201012	2	88	 	 	 	 	 	 	 	 	 	 
201012	3	88	 	 	 	 	 	 	 	 	 	 
201013	1	13	4	1	20	5	1	1400	 	4	1	1
201013	2	1	2	2	10	5	0	 	 	 	0	0
201013	3	88	 	 	 	 	 	 	 	 	 	 
201014	1	5	1	10	30	14	1	6000	 	4	0	77
201014	2	88	 	 	 	 	 	 	 	 	 	 
201014	3	88	 	 	 	 	 	 	 	 	 	 
201015	1	 	 	 	 	 	 	 	 	 	 	 
201015	2	 	 	 	 	 	 	 	 	 	 	 
201015	3	 	 	 	 	 	 	 	 	 	 	 
201016	1	1	2	3	15	6	0	 	 	 	0	2
201016	2	88	 	 	 	 	 	 	 	 	 	 
201016	3	88	 	 	 	 	 	 	 	 	 	 
201017	1	 	 	 	 	 	 	 	 	 	 	 
201017	2	 	 	 	 	 	 	 	 	 	 	 
201017	3	 	 	 	 	 	 	 	 	 	 	 
201018	1	4	6	4	4	8	1	1000	 	4	1	6
201018	2	1	2	6	15	10	0	 	 	 	1	6
201018	3	88	 	 	 	 	 	 	 	 	 	 
201019	1	1	2	6	28	8	0	 	 	 	1	6
201019	2	10	6	5	10	8	1	300	 	4	1	7
201019	3	88	 	 	 	 	 	 	 	 	 	 
201020	1	19	3	8	30	14	3	450	600	4	1	12
201020	2	88	 	 	 	 	 	 	 	 	 	 
201020	3	88	 	 	 	 	 	 	 	 	 	 
201021	1	9	5	12	30	10	1	120	 	2	1	12
201021	2	1	2	8	30	4	0	 	 	 	1	2
201021	3	88	 	 	 	 	 	 	 	 	 	 
201022	1	20	2	12	8	8	0	 	 	 	1	12
201022	2	88	 	 	 	 	 	 	 	 	 	 
201022	3	88	 	 	 	 	 	 	 	 	 	 
201023	1	1	2	3	10	7	0	 	 	 	0	2
201023	2	88	 	 	 	 	 	 	 	 	 	 
201023	3	88	 	 	 	 	 	 	 	 	 	 
201024	1	13	1	8	28	16	1	400	 	4	1	2
201024	2	88	 	 	 	 	 	 	 	 	 	 
201024	3	88	 	 	 	 	 	 	 	 	 	 
201025	1	20	2	12	30	3	0	 	 	 	0	2
201025	2	88	 	 	 	 	 	 	 	 	 	 
201025	3	88	 	 	 	 	 	 	 	 	 	 
201026	1	1	2	5	20	10	0	 	 	 	1	5
201026	2	4	2	12	30	5	0	 	 	 	1	12
201026	3	88	 	 	 	 	 	 	 	 	 	 
201027	1	 	 	 	 	 	 	 	 	 	 	 
201027	2	 	 	 	 	 	 	 	 	 	 	 
201027	3	 	 	 	 	 	 	 	 	 	 	 
201028	1	1	2	2	18	10	0	 	 	 	0	3
201028	2	88	 	 	 	 	 	 	 	 	 	 
201028	3	88	 	 	 	 	 	 	 	 	 	 
201029	1	1	2	8	18	8	0	 	 	 	1	6
201029	2	2	6	3	20	8	77	 	 	 	1	6
201029	3	88	 	 	 	 	 	 	 	 	 	 
201030	1	1	2	1	7	8	0	 	 	 	0	0
201030	2	88	 	 	 	 	 	 	 	 	 	 
201030	3	88	 	 	 	 	 	 	 	 	 	 
201031	1	 	 	 	 	 	 	 	 	 	 	 
201031	2	 	 	 	 	 	 	 	 	 	 	 
201031	3	 	 	 	 	 	 	 	 	 	 	 
201032	1	1	2	4	6	7	0	 	 	 	0	5
201032	2	88	 	 	 	 	 	 	 	 	 	 
201032	3	88	 	 	 	 	 	 	 	 	 	 
201035	1	1	2	2	10	6	0	 	 	 	0	2
201035	2	88	 	 	 	 	 	 	 	 	 	 
201035	3	88	 	 	 	 	 	 	 	 	 	 
201036	1	1	2	2	20	10	0	 	 	 	0	2
201036	2	88	 	 	 	 	 	 	 	 	 	 
201036	3	88	 	 	 	 	 	 	 	 	 	 
201037	1	9	2	1	3	10	1	60	 	2	0	3
201037	2	88	 	 	 	 	 	 	 	 	 	 
201037	3	88	 	 	 	 	 	 	 	 	 	 
201038	1	1	2	5	5	6	0	 	 	 	1	0
201038	2	88	 	 	 	 	 	 	 	 	 	 
201038	3	88	 	 	 	 	 	 	 	 	 	 
201039	1	 	 	 	 	 	 	 	 	 	 	 
201039	2	 	 	 	 	 	 	 	 	 	 	 
201039	3	 	 	 	 	 	 	 	 	 	 	 
201040	1	 	 	 	 	 	 	 	 	 	 	 
201040	2	 	 	 	 	 	 	 	 	 	 	 
201040	3	 	 	 	 	 	 	 	 	 	 	 
201042	1	1	2	6	18	8	0	 	 	 	1	6
201042	2	4	2	6	18	4	0	 	 	 	1	6
201042	3	88	 	 	 	 	 	 	 	 	 	 
201043	1	13	4	9	26	5	1	800	 	4	0	12
201043	2	88	 	 	 	 	 	 	 	 	 	 
201043	3	88	 	 	 	 	 	 	 	 	 	 
201044	1	1	2	2	10	7	0	 	 	 	1	2
201044	2	88	 	 	 	 	 	 	 	 	 	 
201044	3	88	 	 	 	 	 	 	 	 	 	 
201045	1	20	4	5	26	8	1	50	 	2	1	4
201045	2	88	 	 	 	 	 	 	 	 	 	 
201045	3	88	 	 	 	 	 	 	 	 	 	 
201046	1	1	2	7	16	10	0	 	 	 	1	5
201046	2	88	 	 	 	 	 	 	 	 	 	 
201046	3	88	 	 	 	 	 	 	 	 	 	 
201047	1	1	2	5	20	8	0	 	 	 	1	5
201047	2	4	2	12	15	2	0	 	 	 	1	10
201047	3	88	 	 	 	 	 	 	 	 	 	 
201049	1	 	 	 	 	 	 	 	 	 	 	 
201049	2	 	 	 	 	 	 	 	 	 	 	 
201049	3	 	 	 	 	 	 	 	 	 	 	 
201050	1	1	2	2	20	10	0	 	 	 	0	2
201050	2	88	 	 	 	 	 	 	 	 	 	 
201050	3	88	 	 	 	 	 	 	 	 	 	 
