childid	passid	passet	numpass	valpass	decpass
PE018002	1	37	1	1500	1
PE018003	1	18	2	45	80
PE018003	2	19	4	11.6	80
PE018003	3	8	1	280	80
PE018003	4	1	0	 	 
PE018003	5	16	0	 	 
PE018003	6	21	0	 	 
PE018004	1	40	1	10	3
PE018004	2	40	1	10	3
PE018004	3	33	2	7	3
PE018004	4	33	1	5	3
PE018004	5	33	2	5	3
PE018004	6	18	0	 	 
PE018004	7	22	1	150	17
PE018004	8	36	1	2880	80
PE018007	1	18	2	10	1
PE018007	2	18	2	15	1
PE018007	3	19	2	10	1
PE018008	1	33	1	100	1
PE018008	2	33	2	8	1
PE018008	3	40	3	45	1
PE018008	4	40	2	8	1
PE018009	1	33	0	 	 
PE018009	2	33	0	 	 
PE018009	3	33	0	 	 
PE018011	1	18	2	10	1
PE018011	2	18	2	10	1
PE018012	1	18	1	20	1
PE018012	2	19	1	20	1
PE018013	1	37	1	3000	80
PE018013	2	33	3	5	1
PE018013	3	33	8	10	1
PE018015	1	38	1	100	80
PE018016	1	18	2	25	1
PE018016	2	19	3	9	1
PE018016	3	18	1	12	1
PE018018	1	37	1	2000	1
PE018018	2	18	1	5	4
PE018018	3	19	2	10	4
PE018018	4	36	1	1000	5
PE018020	1	36	1	500	4
PE018021	1	38	1	30	1
PE018021	2	21	1	33	1
PE018022	1	33	15	5	1
PE018023	1	33	0	 	1
PE018024	1	37	1	2500	1
PE018024	2	36	1	500	2
PE018025	1	18	2	10	1
PE018025	2	33	1	1	1
PE018026	1	37	0	 	 
PE018028	1	18	3	40	80
PE018028	2	19	2	15	80
PE018029	1	33	1	25	1
PE018029	2	33	1	200	1
PE018030	1	33	4	50	1
PE018030	2	39	1	30	1
PE018030	3	33	3	150	1
PE018031	1	1	0	 	 
PE018031	2	26	1	20	1
PE018031	3	33	3	10	1
PE018031	4	33	9	10	1
PE018034	1	37	1	1000	80
PE018034	2	35	5	5000	80
PE018035	1	33	6	80	2
PE018035	2	33	24	6	2
PE018036	1	18	0	 	 
PE018036	2	18	0	 	 
PE018036	3	33	1	1.2	1
PE018036	4	33	1	3	1
PE018038	1	21	1	50	1
PE018039	1	18	0	 	 
PE018039	2	19	0	 	 
PE018039	3	3	0	 	 
PE018041	1	33	1	3000	1
PE018042	1	21	1	200	80
PE018042	2	19	4	5	80
PE018042	3	21	1	5	80
PE018043	1	18	2	17.5	80
PE018043	2	33	1	18	80
PE018043	3	20	1	15	80
PE018043	4	19	1	10	80
PE018043	5	40	1	10	80
PE018043	6	33	1	30	80
PE018044	1	37	1	1000	1
PE018044	2	39	1	30	1
PE018044	3	36	1	100	1
PE018045	1	33	1	10	1
PE018045	2	18	1	20	1
PE018045	3	33	1	3	2
PE018047	1	33	1	200	1
PE018047	2	33	1	200	1
PE018047	3	33	1	20	1
PE018047	4	39	1	30	2
PE018047	5	33	2	50	2
PE018047	6	36	1	200	2
PE018048	1	18	1	10	1
PE018048	2	19	2	5	1
PE018049	1	26	2	500	1
PE018049	2	30	1	300	1
PE018049	3	33	1	300	1
PE018049	4	40	3	10	1
PE018049	5	40	1	5	1
PE018049	6	33	2	1	1
PE018050	1	34	1	4000	1
PE028001	1	21	0	 	 
PE028002	1	18	1	30	1
PE028002	2	19	2	10	1
PE028003	1	20	1	10	1
PE028003	2	19	1	15	1
PE028003	3	18	1	50	1
PE028006	1	33	1	800	1
PE028007	1	19	1	5	1
PE028007	2	18	1	10	1
PE028008	1	18	1	5	1
PE028008	2	19	2	5	1
PE028009	1	18	2	45	1
PE028009	2	19	2	15	1
PE028009	3	21	1	5	1
PE028009	4	21	1	5	1
PE028010	1	33	1	150	80
PE028011	1	18	1	20	18
PE028011	2	19	1	15	18
PE028011	3	33	1	400	1
PE028011	4	33	9	1	1
PE028011	5	33	9	1	1
PE028011	6	33	3	1	1
PE028012	1	18	1	40	1
PE028012	2	19	3	25	1
PE028013	1	18	1	20	1
PE028013	2	19	2	20	1
PE028014	1	18	1	5	1
PE028014	2	19	2	5	1
PE028015	1	18	1	40	1
PE028015	2	19	2	15	1
PE028015	3	18	1	15	1
PE028016	1	19	1	15	1
PE028016	2	21	2	10	1
PE028017	1	19	3	8	1
PE028017	2	18	1	50	1
PE028017	3	21	2	10	1
PE028018	1	19	1	20	1
PE028018	2	18	1	60	1
PE028019	1	18	1	40	1
PE028019	2	21	1	30	1
PE028019	3	20	1	15	1
PE028019	4	18	1	5	1
PE028019	5	33	3	4	2
PE028019	6	23	1	10	2
PE028020	1	18	2	10	1
PE028020	2	19	3	10	1
PE028021	1	18	3	10	3
PE028021	2	8	2	50	3
PE028021	3	19	1	10	3
PE028021	4	20	1	15	3
PE028022	1	18	1	12	1
PE028022	2	19	2	7	1
PE028022	3	21	70	.5	1
PE028022	4	16	0	 	 
PE028023	1	8	1	100	1
PE028023	2	18	1	20	1
PE028023	3	19	1	10	1
PE028024	1	21	2	20	1
PE028024	2	1	0	 	 
PE028025	1	18	1	10	1
PE028025	2	19	3	5	1
PE038001	1	19	2	10	2
PE038001	2	18	3	15	2
PE038001	3	20	3	33	2
PE038002	1	19	3	20	80
PE038002	2	20	1	40	80
PE038002	3	18	8	30	80
PE038002	4	21	1	10	80
PE038002	5	5	1	30	80
PE038003	1	20	2	20	1
PE038003	2	5	1	50	1
PE038003	3	7	1	100	1
PE038003	4	19	1	20	1
PE038004	1	20	8	27.5	1
PE038004	2	18	4	20	1
PE038004	3	19	4	10	1
PE038004	4	19	4	20	1
PE038006	1	5	2	10	1
PE038006	2	18	3	10	1
PE038006	3	20	5	13	1
PE038006	4	19	2	10	1
PE038007	1	19	1	8.5	1
PE038007	2	18	1	15	1
PE038007	3	20	1	30	1
PE038008	1	18	4	10	80
PE038008	2	19	2	10	80
PE038008	3	20	2	45	80
PE038008	4	18	1	5	80
PE038008	5	5	1	30	80
PE038008	6	8	1	150	80
PE038009	1	18	4	20	4
PE038009	2	20	3	25	4
PE038009	3	19	4	30	4
PE038011	1	25	1	3840	1
PE038011	2	33	1	150	1
PE038011	3	33	2	120	1
PE038011	4	33	3	180	1
PE038012	1	18	2	15	1
PE038012	2	20	1	15	1
PE038012	3	19	1	10	1
PE038013	1	33	3	25	2
PE038013	2	39	1	30	4
PE038015	1	18	3	18	3
PE038015	2	20	2	52	3
PE038015	3	19	1	15	3
PE038015	4	22	1	200	3
PE038016	1	18	3	15	1
PE038016	2	20	1	40	1
PE038016	3	20	1	30	1
PE038016	4	5	2	25	1
PE038017	1	18	5	15	1
PE038017	2	20	1	20	1
PE038019	1	20	1	45	1
PE038019	2	18	4	21	1
PE038019	3	21	2	15	1
PE038019	4	19	1	10	1
PE038019	5	5	1	20	1
PE038020	1	20	1	30	1
PE038020	2	18	2	18	1
PE038020	3	19	2	18	1
PE038021	1	20	3	30	80
PE038021	2	18	1	10	80
PE038021	3	18	3	12	80
PE038022	1	18	2	16	1
PE038022	2	20	3	36.5	1
PE038022	3	5	1	50	1
PE038022	4	19	3	10	1
PE038023	1	39	1	120	2
PE038023	2	33	2	300	2
PE038023	3	36	1	1600	2
PE038024	1	20	1	15	2
PE038024	2	18	1	10	2
PE038024	3	21	1	20	2
PE038024	4	18	1	15	2
PE038024	5	3	1	60	2
PE048002	1	18	1	20	1
PE048002	2	19	1	10	1
PE048003	1	18	10	5	80
PE048003	2	18	2	5	80
PE048003	3	19	3	5	80
PE048004	1	20	1	20	80
PE048004	2	18	2	15	80
PE048004	3	19	2	10	80
PE048004	4	5	1	30	80
PE048004	5	21	1	30	80
PE048005	1	18	1	15	2
PE048005	2	18	1	12	2
PE048005	3	19	2	5	2
PE048005	4	18	2	10	2
PE048006	1	18	4	33	1
PE048006	2	19	3	15	1
PE048006	3	21	3	15	1
PE048006	4	20	3	26	1
PE048006	5	7	2	20	1
PE048007	1	18	2	15	80
PE048007	2	19	3	10	80
PE048007	3	20	4	18	80
PE048008	1	19	5	7	1
PE048008	2	18	3	10	1
PE048008	3	20	2	10	1
PE048008	4	34	1	29700	1
PE048009	1	18	17	25	1
PE048009	2	20	5	60	1
PE048009	3	19	4	15	1
PE048009	4	5	3	25	1
PE048010	1	5	2	30	80
PE048010	2	8	1	200	80
PE048010	3	7	5	40	80
PE048010	4	18	10	40	80
PE048010	5	19	2	20	80
PE048011	1	18	11	5	1
PE048011	2	20	2	15	1
PE048011	3	21	2	10	1
PE048011	4	13	1	1000	1
PE048011	5	5	2	0	1
PE048011	6	19	2	5	1
PE048012	1	18	6	36	1
PE048012	2	21	1	20	1
PE048012	3	19	3	20	1
PE048012	4	5	1	 	1
PE048012	5	8	1	280	1
PE048012	6	7	1	30	1
PE048013	1	19	6	10	80
PE048013	2	18	3	25	80
PE048013	3	18	4	15	80
PE048014	1	18	4	90	80
PE048014	2	18	2	40	80
PE048014	3	21	1	13	80
PE048014	4	19	1	12	80
PE048014	5	20	1	40	80
PE048015	1	33	2	1500	1
PE048015	2	33	2	80	1
PE048015	3	33	2	200	1
PE048015	4	33	2	15	1
PE048015	5	33	3	70	1
PE048015	6	33	3	180	1
PE048016	1	18	7	15	1
PE048016	2	20	2	60	1
PE048016	3	7	2	25	1
PE048016	4	5	3	50	1
PE048016	5	8	3	200	1
PE048016	6	3	1	300	1
PE048017	1	18	7	45	1
PE048017	2	21	1	12	1
PE048017	3	22	1	250	1
PE048017	4	5	2	50	1
PE048017	5	20	1	50	1
PE048018	1	18	6	20	1
PE048018	2	19	2	10	1
PE048018	3	20	2	15	1
PE048018	4	18	1	10	1
PE048019	1	18	7	18	1
PE048019	2	19	2	9	1
PE048019	3	18	2	30	1
PE048019	4	21	2	15	1
PE048019	5	20	1	30	1
PE048019	6	21	8	5	1
PE048020	1	18	7	15	80
PE048020	2	18	2	15	80
PE048020	3	21	6	6	80
PE048020	4	21	2	30	80
PE048020	5	19	3	10	80
PE048020	6	8	2	200	80
PE048021	1	18	6	30	80
PE048021	2	20	2	50	80
PE048021	3	5	2	25	80
PE048021	4	19	2	10	80
PE048021	5	18	4	12	80
PE048022	1	18	6	20	1
PE048022	2	19	4	6	1
PE048022	3	18	6	10	1
PE048022	4	20	2	20	1
PE048022	5	18	2	10	1
PE048022	6	20	2	15	1
PE048023	1	18	13	22	2
PE048023	2	19	2	5	2
PE048023	3	5	2	25	1
PE048023	4	8	1	80	1
PE048024	1	5	2	10	1
PE048024	2	18	4	18	1
PE048025	1	18	5	25	1
PE048025	2	18	9	25	2
PE048025	3	19	5	10	2
PE048025	4	18	2	35	2
PE048026	0	18	13	30	2
PE048026	2	20	2	75	2
PE048026	3	5	2	25	2
PE048026	4	19	5	15	2
PE058001	1	20	1	10	1
PE058001	2	19	1	10	1
PE058003	1	18	2	25	1
PE058003	2	18	3	15	1
PE058004	1	18	1	30	1
PE058004	2	19	4	10	1
PE058005	1	18	1	10	1
PE058005	2	19	2	3	1
PE058006	1	18	1	20	80
PE058006	2	19	5	4	80
PE058007	1	19	3	9	1
PE058007	2	20	2	30	1
PE058007	3	18	2	40	1
PE058008	1	18	2	70	1
PE058008	2	19	5	12	1
PE058011	1	18	3	10	1
PE058011	2	20	1	30	1
PE058011	3	19	5	5	1
PE058012	1	18	3	20	1
PE058012	2	19	3	8	1
PE058013	1	18	4	5	1
PE058013	2	19	5	5	1
PE058013	3	8	1	150	1
PE058013	4	18	1	5	1
PE058014	1	18	4	35	1
PE058014	2	19	6	8	1
PE058014	3	1	0	 	 
PE058014	4	8	1	200	1
PE058014	5	21	2	50	1
PE058014	6	21	50	2	1
PE058015	1	18	1	10	1
PE058015	2	19	4	7	1
PE058015	3	20	1	3	1
PE058015	4	33	1	2	1
PE058016	1	19	4	160	1
PE058016	2	18	3	10	1
PE058016	3	20	1	10	1
PE058016	4	33	0	 	 
PE058016	5	33	1	10	2
PE058016	6	33	1	10	2
PE058017	1	18	2	70	80
PE058017	2	19	3	8	80
PE058017	3	18	1	20	80
PE058017	4	20	2	35	80
PE058019	1	19	3	3	80
PE058019	2	18	1	10	80
PE058020	1	20	3	40	1
PE058020	2	19	4	8	1
PE058020	3	18	1	16	1
PE058020	4	37	1	4500	1
PE058021	1	19	3	4	2
PE058022	1	19	4	10	80
PE058022	2	18	1	35	80
PE058023	1	19	4	8	1
PE058023	2	18	6	20	1
PE058023	3	13	1	1000	1
PE058023	4	8	1	100	1
PE058025	1	20	2	25	1
PE058025	2	19	4	7	1
PE058025	3	18	2	10	1
PE058025	4	18	1	25	1
PE058026	1	19	4	9	1
PE058026	2	20	4	15	1
PE058026	3	18	2	8	1
PE058026	4	33	3	100	1
PE058027	1	19	1	7	1
PE058027	2	20	1	10	1
PE058027	3	37	1	2500	1
PE058028	1	21	4	3	1
PE058028	2	19	2	5	1
PE058029	1	19	5	10	1
PE058029	2	18	2	10	1
PE058030	1	20	1	10	1
PE058030	2	18	1	10	1
PE058030	3	19	5	3	1
PE058030	4	39	2	20	2
PE068001	1	35	8	900	80
PE068001	2	25	1	1500	80
PE068002	1	37	1	2000	80
PE068003	1	33	1	10	2
PE068003	2	33	1	20	2
PE068003	3	33	2	3	2
PE068003	4	33	2	1	2
PE068003	5	33	1	2	2
PE068004	1	36	1	500	2
PE068005	1	37	0	 	 
PE068007	1	19	1	3	2
PE068007	2	18	2	3	2
PE068007	3	20	1	10	2
PE068007	4	8	1	25	2
PE068008	1	33	1	40	2
PE068008	2	33	1	10	1
PE068008	3	18	1	12	1
PE068008	4	33	1	8	1
PE068008	5	33	1	8	1
PE068009	1	33	1	100	1
PE068010	1	39	1	40	2
PE068011	1	36	1	600	80
PE068011	2	36	1	600	80
PE068012	1	35	2	2500	5
PE068012	2	33	1	300	1
PE068012	3	33	1	150	1
PE068012	4	33	1	150	1
PE068015	1	26	1	1000	1
PE068015	2	33	1	180	1
PE068015	3	30	1	250	1
PE068016	1	40	1	20	1
PE068016	2	33	1	150	1
PE068016	3	33	1	10	1
PE068016	4	33	2	10	1
PE068016	5	30	1	150	1
PE068017	1	18	1	5	1
PE068017	2	19	1	5	1
PE068017	3	18	1	5	1
PE068018	1	37	2	2000	80
PE068019	1	18	2	10	1
PE068019	2	19	1	10	1
PE068020	1	19	4	5	3
PE068020	2	20	1	6	3
PE068020	3	18	2	6	3
PE068021	1	33	1	10	1
PE068021	2	33	1	10	1
PE068021	3	33	1	10	1
PE068023	1	38	1	100	4
PE068024	1	37	1	4000	1
PE068025	1	19	1	2	3
PE068025	2	18	1	5	1
PE068025	3	36	1	1000	1
PE068025	4	37	1	1500	3
PE078001	1	33	0	 	 
PE078001	2	33	1	3000	1
PE078002	1	33	1	4000	1
PE078002	2	33	1	26	1
PE078004	1	34	1	9000	1
PE078007	1	33	2	150	18
PE078008	1	33	1	3600	1
PE078008	2	33	1	10	1
PE078008	3	33	1	500	1
PE078009	1	38	1	150	2
PE078009	2	18	2	10	2
PE078009	3	40	2	15	2
PE078009	4	33	3	12	2
PE078012	1	33	1	400	3
PE078015	1	35	7	1200	80
PE078015	2	33	2	1000	80
PE078015	3	25	1	2000	80
PE078016	1	3	2	100	1
PE078016	2	33	3	8	1
PE078016	3	33	3	20	1
PE078016	4	33	10	10	1
PE078016	5	33	2	10	1
PE078016	6	33	2	10	1
PE078017	1	24	1	1300	1
PE078017	2	26	1	2200	1
PE078017	3	33	1	200	1
PE078017	4	33	5	500	1
PE078018	1	34	1	10000	4
PE078021	1	18	0	 	 
PE078021	2	20	0	 	 
PE078021	3	19	0	 	 
PE078021	4	8	0	 	 
PE078026	1	40	2	15	1
PE078026	2	33	1	200	1
PE078026	3	33	1	25	1
PE078027	1	34	0	 	 
PE078028	1	26	0	 	 
PE078028	2	33	1	10	1
PE078028	3	40	2	5	2
PE078028	4	33	1	100	1
PE078028	5	33	1	20	1
PE078028	6	39	1	20	1
PE078029	1	33	1	50	2
PE078029	2	33	5	20	2
PE078029	3	33	30	8	2
PE078029	4	33	1	300	2
PE078031	1	3	1	50	1
PE078034	1	33	20	5	1
PE078034	2	40	5	5	1
PE078034	3	33	4	4	1
PE078034	4	33	2	10	1
PE078034	5	33	2	15	1
PE078036	1	38	1	150	2
PE078041	1	33	3	200	2
PE078041	2	33	3	300	2
PE078041	3	33	2	300	2
PE078042	1	33	3	100	2
PE078042	2	33	5	50	2
PE078042	3	33	4	20	2
PE078042	4	33	2	120	2
PE078042	5	34	1	31900	1
PE078043	1	33	1	400	2
PE078045	1	18	5	20	1
PE078045	2	33	3	8	1
PE078045	3	33	2	6	1
PE078045	4	33	2	10	1
PE078045	5	33	1	80	1
PE078046	1	33	3	15	2
PE078046	2	33	1	2	2
PE078046	3	33	1	1	2
PE078046	4	33	2	1	2
PE078047	1	33	2	10	2
PE078049	1	33	2	50	1
PE078049	2	33	2	20	1
PE078049	3	33	3	30	1
PE078049	4	33	1	10	1
PE078049	5	39	1	15	1
PE078050	1	38	1	150	1
PE078050	2	33	2	5	1
PE078050	3	33	1	5	1
PE078050	4	33	2	35	1
PE078051	1	33	1	60000	90
PE078051	2	33	1	10000	90
PE078051	3	33	1	2000	90
PE078051	4	33	1	15000	90
PE078051	5	33	1	1500	90
PE078051	6	33	1	1000	90
PE078052	1	36	1	450	80
PE078052	2	33	1	30	80
PE078052	3	33	3	30	80
PE088001	1	33	2	50	1
PE088001	2	33	1	70	1
PE088001	3	33	1	10	1
PE088003	1	33	2	10	1
PE088003	2	33	2	5	1
PE088003	3	33	5	10	1
PE088004	1	33	1	200	2
PE088004	2	33	8	50	2
PE088004	3	33	24	30	2
PE088004	4	33	30	20	2
PE088007	1	39	1	20	1
PE088007	2	33	1	20	1
PE088007	3	33	1	2	1
PE088008	1	30	3	50	1
PE088008	2	24	1	100	1
PE088008	3	33	1	50	1
PE088008	4	33	1	80	1
PE088008	5	33	3	50	1
PE088008	6	33	1	200	1
PE088011	1	33	0	 	 
PE088011	2	33	2	10	0
PE088012	1	39	1	30	1
PE088012	2	33	1	40	1
PE088012	3	33	2	30	1
PE088014	1	33	1	150	1
PE088014	2	33	1	80	1
PE088014	3	33	1	140	1
PE088014	4	33	4	50	1
PE088014	5	33	2	1	1
PE088014	6	33	2	.5	1
PE088015	1	34	0	 	 
PE088020	1	33	2	18	1
PE088021	1	33	0	 	 
PE088021	2	33	1	30	2
PE088021	3	33	4	15	2
PE088021	4	3	15	5	2
PE088021	5	33	1	50	2
PE088023	1	40	5	5	1
PE088023	2	33	2	10	1
PE088023	3	33	1	600	1
PE088023	4	22	1	200	1
PE088023	5	33	5	2	1
PE088023	6	33	2	3	1
PE088024	1	33	1	15	1
PE088024	2	33	4	20	1
PE088024	3	33	4	15	1
PE088024	4	33	7	10	1
PE088025	1	33	2	50	5
PE088025	2	33	1	100	5
PE088025	3	33	2	100	5
PE088025	4	33	9	15	5
PE088026	1	33	1	240	2
PE088026	2	33	3	120	1
PE088026	3	33	3	100	1
PE088026	4	36	1	200	1
PE088029	1	22	4	70	90
PE088029	2	33	1	120	90
PE098001	1	21	5	8	1
PE098001	2	20	5	15	1
PE098001	3	5	3	15	1
PE098001	4	18	4	8	1
PE098002	1	18	3	5	1
PE098002	2	20	1	5	1
PE098002	3	18	1	150	1
PE098002	4	6	2	10	1
PE098002	5	21	2	10	1
PE098002	6	21	1	10	1
PE098003	1	18	2	5	1
PE098003	2	19	2	5	1
PE098004	1	18	4	15	1
PE098004	2	20	4	20	1
PE098004	3	19	1	6	1
PE098004	4	5	1	15	1
PE098004	5	21	1	15	1
PE098004	6	21	2	10	1
PE098005	1	3	1	30	1
PE098005	2	18	3	10	1
PE098005	3	20	2	8	1
PE098005	4	21	1	10	1
PE098006	1	20	2	50	1
PE098006	2	18	5	11	1
PE098006	3	19	1	10	1
PE098006	4	5	2	10	1
PE098006	5	21	4	8	1
PE098007	1	13	1	2800	1
PE098007	2	18	2	180	1
PE098007	3	19	2	15	1
PE098007	4	20	2	10	1
PE098007	5	21	1	12	1
PE098008	1	18	8	13	1
PE098008	2	19	3	10	1
PE098008	3	20	4	40	1
PE098008	4	5	2	40	1
PE098008	5	3	1	120	1
PE098009	1	6	1	10	1
PE098009	2	18	3	8	1
PE098009	3	19	1	8	1
PE098009	4	20	2	8	1
PE098010	1	5	3	20	1
PE098010	2	20	3	25	1
PE098010	3	21	4	15	1
PE098010	4	18	3	15	1
PE098010	5	19	1	12	1
PE098011	1	5	1	20	1
PE098011	2	18	2	10	1
PE098011	3	20	2	13	1
PE098012	1	20	4	30	3
PE098012	2	18	6	20	3
PE098012	3	21	3	18	3
PE098013	1	18	3	10	1
PE098013	2	19	2	10	1
PE098013	3	20	2	8	1
PE098014	1	18	3	16	1
PE098014	2	20	2	44	1
PE098014	3	5	1	50	1
PE098014	4	21	1	15	1
PE098014	5	19	3	12	1
PE098015	1	5	2	25	1
PE098015	2	20	7	20	1
PE098015	3	18	4	15	1
PE098015	4	21	2	15	1
PE098015	5	19	2	15	1
PE098016	1	20	2	20	1
PE098016	2	18	4	15	1
PE098016	3	5	2	15	1
PE098017	1	18	4	30	80
PE098017	2	20	2	34	80
PE098017	3	19	1	8	80
PE098017	4	21	6	12	80
PE098018	1	35	1	1500	1
PE098019	1	21	7	5	1
PE098020	1	20	4	25	1
PE098020	2	21	3	5	1
PE098020	3	18	4	5	1
PE098020	4	21	3	15	1
PE098021	1	20	6	45	2
PE098021	2	18	7	40	2
PE098021	3	19	2	8	2
PE098021	4	21	1	20	2
PE098022	1	5	2	50	1
PE098022	2	18	6	15	1
PE098022	3	20	4	20	1
PE098022	4	19	2	20	1
PE098022	5	21	1	50	1
PE098023	1	5	2	20	1
PE098023	2	18	2	20	1
PE098023	3	20	1	10	1
PE098023	4	21	4	5	1
PE098023	5	21	1	15	1
PE098024	1	18	3	20	2
PE098024	2	20	2	10	2
PE098025	1	20	3	50	1
PE098025	2	18	5	15	1
PE098025	3	40	1	15	1
PE098025	4	5	1	25	1
PE098025	5	21	1	15	1
PE098025	6	21	1	12	1
PE098026	1	5	1	20	1
PE098026	2	20	2	15	1
PE098026	3	21	2	10	1
PE098026	4	18	5	15	1
PE098027	1	18	3	10	1
PE098027	2	19	2	8	1
PE098027	3	20	1	8	1
PE098028	1	8	1	30	1
PE098028	2	18	4	10	1
PE098028	3	19	2	8	1
PE098028	4	20	2	8	1
PE098029	1	18	6	10	80
PE098029	2	19	7	5	80
PE098029	3	20	1	10	80
PE108002	1	33	1	400	1
PE108005	1	34	0	 	 
PE108007	1	36	1	200	1
PE108008	1	18	2	15	5
PE108008	2	20	1	17	5
PE108009	1	38	1	200	80
PE108010	1	33	1	200	80
PE108010	2	33	1	50	80
PE108010	3	34	1	32000	80
PE108010	4	34	1	96000	80
PE108015	1	18	5	13	2
PE108015	2	19	3	12	2
PE108015	3	20	2	30	2
PE108017	1	33	2	300	2
PE108017	2	33	2	70	2
PE108017	3	33	12	100	2
PE108017	4	33	48	30	2
PE108017	5	33	2	250	2
PE108017	6	33	2	300	2
PE108021	1	38	1	100	7
PE108025	1	36	1	600	80
PE108027	1	34	0	 	 
PE118001	1	18	2	15	1
PE118001	2	19	2	13	1
PE118001	3	20	1	15	1
PE118001	4	21	1	30	1
PE118002	1	18	3	15	2
PE118002	2	18	1	13	2
PE118002	3	20	1	15	2
PE118003	1	18	1	30	1
PE118003	2	21	1	18	1
PE118003	3	18	1	20	1
PE118003	4	20	1	10	1
PE118003	5	18	1	50	1
PE118004	1	18	1	13	1
PE118004	2	18	1	10	1
PE118005	1	19	2	5	1
PE118005	2	6	2	5	1
PE118005	3	18	2	10	1
PE118005	4	20	2	10	1
PE118006	1	18	3	0	1
PE118006	2	19	3	20	1
PE118008	1	21	2	20	1
PE118008	2	18	4	18	1
PE118008	3	5	1	20	1
PE118008	4	20	1	15	1
PE118008	5	21	3	5	1
PE118009	1	18	4	14	1
PE118009	2	21	3	12	1
PE118009	3	6	2	12	1
PE118009	4	21	1	15	1
PE118009	5	18	2	12	1
PE118009	6	20	1	15	1
PE118009	7	21	2	12	1
PE118010	1	21	3	10	1
PE118010	2	18	2	15	1
PE118010	3	21	1	15	1
PE118011	1	18	2	10	1
PE118011	2	18	6	10	1
PE118011	3	20	5	5	1
PE118011	4	21	2	7	1
PE118011	5	19	4	5	1
PE118011	6	6	0	 	 
PE118012	1	18	4	15	2
PE118012	2	19	2	10	2
PE118013	1	6	1	15	1
PE118013	2	18	4	15	1
PE118013	3	19	3	18	1
PE118013	4	20	2	15	1
PE118015	1	21	4	5	1
PE118015	2	18	4	10	1
PE118015	3	6	1	15	1
PE118015	4	20	0	 	 
PE118015	5	19	1	5	1
PE118016	1	18	2	10	2
PE118016	2	19	1	12	2
PE118016	3	20	1	12	2
PE118017	1	21	2	10	80
PE118017	2	18	4	14	80
PE118017	3	21	3	10	80
PE118017	4	6	2	12	80
PE118017	5	21	1	12	80
PE118018	1	18	2	14	2
PE118018	2	21	1	7	2
PE118018	3	6	1	60	2
PE118018	4	21	1	12	2
PE118019	1	19	1	30	1
PE118019	2	21	2	20	1
PE118019	3	18	1	30	1
PE118019	4	6	1	30	1
PE118020	1	21	1	12	1
PE118020	2	18	2	23	1
PE118021	1	18	4	20	1
PE118021	2	21	3	10	1
PE118021	3	21	2	10	1
PE118021	4	19	3	8	1
PE118021	5	20	3	25	1
PE118022	1	21	4	15	1
PE118022	2	18	2	30	1
PE118022	3	19	1	15	1
PE118022	4	20	1	20	1
PE118022	5	21	10	1	2
PE118023	1	18	3	15	2
PE118023	2	21	5	13	2
PE118023	3	21	3	8	2
PE118023	4	20	1	25	2
PE118027	1	18	3	30	1
PE118027	2	21	3	10	1
PE118027	3	20	2	20	1
PE118027	4	21	2	10	1
PE118027	5	21	1	30	1
PE118027	6	6	1	20	1
PE118028	1	21	2	6	1
PE118028	2	18	2	8	1
PE118028	3	6	2	12	1
PE118029	1	21	3	5	2
PE118029	2	21	1	10	2
PE118029	3	18	2	10	2
PE118029	4	18	1	30	2
PE118029	5	20	1	20	2
PE118030	1	18	4	23	1
PE118030	2	21	3	15	1
PE118030	3	6	2	15	1
PE118030	4	20	1	18	1
PE118030	5	19	1	10	1
PE128002	1	33	1	50	16
PE128002	2	33	1	20	16
PE128002	3	33	1	10	16
PE128004	1	33	0	 	 
PE128005	1	33	2	35	3
PE128005	2	33	2	25	3
PE128005	3	33	2	30	3
PE128007	1	26	1	70	1
PE128007	2	33	1	 	6
PE128008	1	33	1	70	2
PE128008	2	36	1	1000	2
PE128008	3	33	3	2	2
PE128008	4	33	5	8	1
PE128008	5	33	5	3	1
PE128008	6	33	2	7	1
PE128011	1	33	2	200	1
PE128011	2	30	1	200	1
PE128011	3	3	2	30	1
PE128011	4	18	4	10	1
PE128011	5	33	1	30	2
PE128011	6	33	1	20	2
PE128013	1	36	1	200	2
PE128014	1	30	1	60	1
PE128014	2	40	1	50	1
PE128014	3	33	1	30	1
PE128015	1	33	1	20	3
PE128015	2	33	1	20	3
PE128015	3	32	0	 	 
PE128016	1	38	1	250	1
PE128016	2	18	3	15	1
PE128016	3	33	1	400	8
PE128016	4	33	1	300	8
PE128017	1	35	5	320	80
PE128017	2	38	1	20	80
PE128019	1	34	2	1230	1
PE128020	1	33	1	20	1
PE128020	2	20	2	5	1
PE128020	3	33	1	5	1
PE128020	4	33	1	5	1
PE128021	1	37	2	2500	1
PE128022	1	22	1	400	1
PE128022	2	40	1	20	1
PE128022	3	33	1	30	1
PE128022	4	33	24	12.5	1
PE128022	5	33	1	600	6
PE128022	6	33	1	300	6
PE128023	1	33	8	300	2
PE128023	2	33	7	700	2
PE128023	3	33	1	60	2
PE128023	4	33	8	30	2
PE128023	5	35	6	400	2
PE128024	1	40	1	8	1
PE128024	2	18	1	10	1
PE128024	3	40	1	15	1
PE128026	1	33	1	15	2
PE128026	2	33	1	24	2
PE128027	1	18	3	30	80
PE128027	2	3	4	60	80
PE128027	3	20	3	50	80
PE128027	4	21	3	35	80
PE128028	1	34	0	 	 
PE128030	1	39	1	40	1
PE128030	2	20	1	23	1
PE128031	1	8	3	90	2
PE128031	2	33	2	100	2
PE128031	3	33	2	70	2
PE128032	1	34	2	11000	80
PE128037	1	33	4	300	80
PE128037	2	29	1	500	80
PE128037	3	33	1	500	80
PE128038	1	39	1	20	90
PE128038	2	36	1	200	90
PE128038	3	33	2	150	90
PE128039	1	29	2	500	2
PE128039	2	22	2	350	2
PE128039	3	33	1	900	2
PE128039	4	33	1	350	2
PE128040	1	33	1	1000	1
PE128040	2	33	1	500	4
PE128040	3	33	1	300	4
PE128041	1	40	3	5	1
PE128041	2	40	2	5	1
PE128041	3	33	12	.5	1
PE128041	4	33	2	7.5	1
PE128041	5	18	5	100	1
PE128043	1	18	2	10	1
PE128045	1	33	3	3	1
PE128045	2	33	7	3	1
PE128045	3	33	1	20	1
PE128045	4	40	2	5	1
PE128045	5	33	4	5	1
PE128046	1	33	1	20	2
PE128046	2	33	1	330	2
PE128046	3	33	20	.5	2
PE128047	1	33	1	100	2
PE128047	2	33	1	140	2
PE128048	1	33	4	150	2
PE128048	2	39	1	50	2
PE128049	1	33	2	20	1
PE128049	2	39	1	30	1
PE128049	3	33	1	100	2
PE128049	4	33	4	30	2
PE128049	5	33	1	180	2
PE128051	1	33	0	 	 
PE128051	2	33	0	 	 
PE138002	1	33	1	350	1
PE138002	2	36	1	500	1
PE138003	1	34	1	105000	1
PE138003	2	33	1	40	2
PE138005	1	35	6	650	2
PE138005	2	33	4	500	2
PE138005	3	39	3	80	2
PE138005	4	33	30	40	2
PE138005	5	33	2	20	2
PE138005	6	33	3	20	2
PE138007	1	33	2	6	1
PE138007	2	33	12	48	1
PE138009	1	22	1	500	2
PE138009	2	29	1	700	2
PE138009	3	33	1	200	2
PE138009	4	33	1	0	2
PE138010	1	35	10	600	9
PE138010	2	33	1	220	7
PE138010	3	33	10	120	9
PE138011	1	36	1	600	2
PE138013	1	33	12	200	1
PE138013	2	33	5	25	1
PE138013	3	33	20	20	1
PE138013	4	33	12	70	1
PE138013	5	30	2	160	1
PE138013	6	33	2	120	1
PE138014	1	33	1	180	2
PE138017	1	37	1	3000	1
PE138017	2	36	1	100	2
PE138021	1	33	1	300	1
PE138021	2	33	1	50	1
PE138022	1	33	2	100	1
PE138023	1	33	1	70	2
PE138023	2	33	1	10	2
PE138023	3	33	2	10	2
PE138023	4	33	1	40	2
PE138026	1	39	1	20	80
PE138026	2	33	1	10	80
PE138028	1	18	2	5	18
PE138028	2	19	3	4	18
PE138029	1	34	1	18000	1
PE138030	1	33	1	10	2
PE138030	2	33	2	5	2
PE138032	1	33	1	100	4
PE138033	1	18	1	8	3
PE138033	2	33	2	5	3
PE138033	3	33	2	5	3
PE138033	4	40	2	10	3
PE138033	5	33	1	15	3
PE138036	1	22	1	200	2
PE138036	2	29	1	150	2
PE138036	3	33	1	50	2
PE138036	4	33	1	20	2
PE138036	5	22	1	700	2
PE138038	1	33	100	800	1
PE138038	2	3	2	50	1
PE138038	3	33	6	30	1
PE138039	1	18	5	5	1
PE138039	2	6	1	5	1
PE138039	3	33	2	10	2
PE138039	4	33	2	20	2
PE138039	5	33	9	1	2
PE138039	6	33	2	180	2
PE138040	1	26	2	200	1
PE138040	2	33	1	200	1
PE138040	3	33	2	3	1
PE138040	4	33	1	80	1
PE138040	5	30	1	80	1
PE138040	6	33	1	5	2
PE138041	1	34	1	10000	1
PE138041	2	36	1	500	2
PE138041	3	33	2	50	2
PE138041	4	33	1	40	2
PE138042	1	10	1	250	80
PE138042	2	18	7	10	80
PE138042	3	19	4	5	80
PE138042	4	20	2	6	80
PE138044	1	33	1	500	1
PE138044	2	33	1	500	1
PE138044	3	33	1	100	1
PE138044	4	33	12	120	1
PE138044	5	40	2	30	1
PE138044	6	33	1	20	1
PE138047	1	33	1	630	1
PE138047	2	33	1	450	1
PE138047	3	33	1	850	1
PE138047	4	33	4	60	2
PE138047	5	33	3	285	2
PE138047	6	33	3	250	2
PE148001	1	20	2	10	1
PE148001	2	40	2	20	1
PE148001	3	33	10	5	1
PE148001	4	18	2	10	1
PE148008	1	33	1	500	2
PE148008	2	33	2	200	2
PE148008	3	39	1	50	2
PE148008	4	36	1	300	2
PE148008	5	33	5	100	2
PE148009	1	35	1	1000	1
PE148010	1	37	1	4950	1
PE148012	1	33	3	12600	1
PE148013	1	18	3	13	5
PE148015	1	33	1	100	1
PE148015	2	30	1	150	1
PE148015	3	33	1	150	1
PE148016	1	33	12	5	2
PE148016	2	33	6	1	2
PE148017	1	33	1	10	1
PE148017	2	40	1	10	1
PE148017	3	40	1	5	1
PE148017	4	33	1	6	1
PE148017	5	33	1	5	1
PE148018	1	3	1	60	1
PE148018	2	33	30	5	1
PE148018	3	18	4	30	1
PE148020	1	34	1	6600	1
PE148026	1	37	1	10000	9
PE148027	1	24	1	200	2
PE148027	2	33	1	200	2
PE148027	3	33	1	20	2
PE148027	4	33	1	25	2
PE148030	1	40	1	5	1
PE148030	2	33	4	5	1
PE148030	3	18	1	15	1
PE148030	4	33	3	6	1
PE148030	5	33	1	10	1
PE148032	1	35	2	3000	4
PE148032	2	34	1	4000	5
PE148036	1	33	4	350	1
PE148036	2	33	5	 	1
PE148036	3	33	2	1000	1
PE148036	4	33	1	100	1
PE148036	5	34	1	1200	1
PE148039	1	26	1	300	1
PE148039	2	33	1	10	1
PE148039	3	33	3	5	1
PE148039	4	40	3	8	1
PE148041	1	18	2	30	1
PE148041	2	21	2	40	1
PE148041	3	20	1	50	1
PE148042	1	34	0	 	 
PE148043	1	33	1	20	2
PE148043	2	24	1	50	1
PE148043	3	33	1	50	1
PE148045	1	22	2	300	2
PE148045	2	29	1	500	2
PE148045	3	33	1	20	2
PE148045	4	33	3	 	2
PE148047	1	33	1	100	1
PE148047	2	33	3	10	1
PE148047	3	18	1	15	1
PE148050	1	33	1	50	2
PE148051	1	33	0	 	 
PE148051	2	33	1	10	1
PE148051	3	3	1	25	1
PE148051	4	33	1	10	1
PE148051	5	33	1	5	1
PE158001	1	18	3	20	1
PE158001	2	21	2	15	1
PE158001	3	21	30	5	1
PE158001	4	21	3	20	1
PE158003	1	26	1	500	1
PE158003	2	30	1	50	1
PE158003	3	33	1	50	1
PE158003	4	33	1	150	1
PE158003	5	33	2	100	1
PE158004	1	18	0	 	 
PE158004	2	19	0	 	 
PE158004	3	21	0	 	 
PE158004	4	21	0	 	 
PE158005	1	18	4	18	1
PE158005	2	19	2	16	1
PE158005	3	39	1	50	2
PE158006	1	37	1	2000	2
PE158006	2	18	4	20	2
PE158006	3	19	2	7	2
PE158006	4	8	1	270	2
PE158007	1	18	1	8	1
PE158007	2	19	1	7	1
PE158007	3	20	1	5	1
PE158007	4	33	4	10	1
PE158007	5	33	8	8	1
PE158007	6	33	2	2	1
PE158008	1	19	8	3	2
PE158008	2	18	1	5	2
PE158008	3	18	1	5	2
PE158008	4	18	2	5	2
PE158008	5	21	1	2	2
PE158008	6	20	1	3	2
PE158009	1	19	4	8	80
PE158009	2	18	5	17	80
PE158009	3	20	2	35	80
PE158009	4	8	1	320	80
PE158010	1	18	8	15	1
PE158010	2	20	1	35	1
PE158010	3	21	4	15	1
PE158010	4	21	2	30	1
PE158011	1	18	5	23	2
PE158011	2	18	5	35	2
PE158011	3	21	3	18	2
PE158012	1	18	5	16	1
PE158012	2	19	4	7.5	1
PE158012	3	20	1	25	1
PE158013	1	18	8	20	1
PE158013	2	19	5	7.5	1
PE158014	1	19	4	7.5	1
PE158014	2	18	6	15	1
PE158016	1	18	3	23	1
PE158016	2	18	3	18	1
PE158016	3	19	2	13	1
PE158017	1	18	4	9	80
PE158017	2	19	3	8	80
PE158017	3	21	1	8	80
PE158019	1	8	2	250	3
PE158019	2	18	9	15	3
PE158019	3	19	7	8	3
PE158019	4	21	3	7	3
PE158020	1	3	1	100	1
PE158020	2	33	2	45	1
PE158020	3	40	2	15	1
PE158020	4	33	4	7	1
PE158020	5	33	2	7	1
PE158020	6	33	1	7	1
PE158021	1	19	1	1	1
PE158021	2	18	2	5	1
PE158021	3	20	1	5	1
PE158022	1	19	5	7	1
PE158022	2	18	7	20	1
PE158023	1	18	5	15	2
PE158023	2	19	3	10	2
PE158023	3	21	1	8	2
PE158024	1	19	4	1	1
PE158024	2	18	1	3	1
PE158024	3	21	4	1	1
PE158024	4	18	1	5	1
PE158024	5	20	1	5	1
PE158024	6	37	1	2000	1
PE158025	1	18	5	27	1
PE158025	2	19	7	7	1
PE158025	3	8	1	125	1
PE158025	4	21	2	20	1
PE158031	1	18	8	12	1
PE158031	2	18	1	10	1
PE158031	3	19	5	7	1
PE158032	1	18	3	28	1
PE158032	2	19	5	10	1
PE158032	3	20	1	22	1
PE158032	4	21	4	10	1
PE158033	1	18	3	25	5
PE158033	2	19	1	8	5
PE158033	3	20	1	10	5
PE158034	1	33	2	15	1
PE158034	2	33	2	12	1
PE158034	3	33	1	12	1
PE158034	4	33	2	7	1
PE158034	5	33	1	3	1
PE158034	6	33	2	22	1
PE158036	1	18	3	5	1
PE158036	2	19	3	5	1
PE158036	3	21	1	2	1
PE158037	1	18	1	10	1
PE158037	2	19	2	6	1
PE158037	3	18	2	5	1
PE158037	4	20	2	10	1
PE158037	5	21	2	5	1
PE158037	6	21	1	12	1
PE158039	1	18	4	15	1
PE158039	2	19	5	5	1
PE158039	3	20	1	10	1
PE158040	1	19	8	7.5	1
PE158040	2	20	2	28	1
PE158040	3	18	3	20	1
PE158040	4	21	3	15	1
PE158040	5	21	1	7	1
PE158041	1	19	33	2	1
PE158041	2	18	3	8	1
PE158041	3	20	1	10	1
PE158041	4	21	2	1	1
PE158042	1	18	4	18	1
PE158042	2	19	6	7	1
PE158042	3	40	1	12	1
PE158042	4	20	1	20	1
PE158043	1	19	3	4	80
PE158043	2	20	1	5	80
PE158043	3	18	2	5	80
PE158044	1	34	1	10000	80
PE158044	2	36	1	400	80
PE158044	3	36	1	800	80
PE158044	4	34	1	8000	80
PE158045	1	19	5	7	1
PE158045	2	21	1	8	1
PE158045	3	18	7	21	1
PE158046	1	3	1	25	80
PE158046	2	8	1	35	80
PE158046	3	18	3	14	80
PE158046	4	19	1	10	80
PE158046	5	20	2	10	80
PE158046	6	33	1	6000	80
PE158047	1	34	2	13727.5	80
PE158047	2	33	1	500	80
PE158047	3	36	1	500	80
PE158047	4	33	2	100	80
PE158048	1	19	4	6.5	1
PE158048	2	18	5	18	1
PE158048	3	21	1	15	1
PE158049	1	36	1	850	80
PE158049	2	33	1	1300	80
PE158049	3	18	6	 	80
PE158049	4	19	2	5	80
PE158050	1	19	7	1	1
PE158050	2	18	6	3	1
PE158050	3	20	1	10	1
PE158050	4	6	1	5	1
PE158050	5	21	1	1	1
PE158051	1	20	1	30	2
PE158051	2	18	4	26	2
PE158051	3	19	7	7.5	2
PE158051	4	21	1	7.5	2
PE158051	5	21	1	35	2
PE158052	1	19	10	5	2
PE158052	2	18	15	25	2
PE158053	1	19	5	8	1
PE158053	2	18	5	90	1
PE158054	1	19	3	7.5	1
PE158054	2	21	2	7.5	1
PE158054	3	18	2	20	1
PE158055	1	18	2	11	1
PE158055	2	19	2	4	1
PE158055	3	20	1	14	1
PE158056	1	19	2	9	1
PE158056	2	18	1	10	1
PE158057	1	36	1	400	1
PE168001	1	18	5	20	1
PE168001	2	18	2	40	1
PE168001	3	20	1	30	1
PE168002	1	18	4	30	1
PE168002	2	9	1	50	1
PE168002	3	21	1	5	1
PE168003	1	18	9	15	1
PE168003	2	20	1	20	1
PE168004	1	18	3	30	1
PE168004	2	3	1	10	1
PE168004	3	5	1	25	1
PE168004	4	6	1	30	1
PE168004	5	7	1	15	1
PE168005	1	18	10	50	1
PE168005	2	20	2	30	1
PE168005	3	8	1	80	1
PE168005	4	5	2	40	1
PE168005	5	5	2	80	1
PE168005	6	3	1	90	1
PE168006	1	18	6	15	1
PE168006	2	18	3	20	1
PE168007	1	3	1	10	1
PE168007	2	18	5	25	1
PE168007	3	20	1	10	1
PE168008	1	18	6	5	1
PE168008	2	6	2	10	1
PE168008	3	39	1	20	1
PE168008	4	19	3	10	1
PE168009	1	18	8	10	1
PE168009	2	20	2	10	1
PE168009	3	18	3	10	1
PE168010	1	18	6	10	1
PE168010	2	20	2	5	1
PE168010	3	21	1	2	1
PE168010	4	13	1	500	80
PE168011	1	3	1	70	1
PE168011	2	5	2	40	1
PE168011	3	18	6	8	1
PE168011	4	19	2	10	1
PE168012	1	18	4	16.5	1
PE168012	2	18	1	20	1
PE168012	3	20	1	15	1
PE168013	1	5	1	1400	1
PE168015	1	18	4	30	1
PE168015	2	18	1	30	1
PE168015	3	3	1	60	1
PE168016	1	18	3	23	1
PE168016	2	18	2	20	1
PE168016	3	9	1	200	1
PE168017	1	31	3	50	1
PE168018	1	18	1	10	1
PE168018	2	5	1	20	1
PE168019	1	18	3	10	1
PE168019	2	18	6	10	1
PE168019	3	5	3	20	1
PE168020	1	3	2	50	80
PE168020	2	6	2	20	80
PE168020	3	7	2	10	80
PE168020	4	8	1	150	80
PE168020	5	1	0	 	 
PE168020	6	18	3	10	80
PE168022	1	18	3	30	1
PE168022	2	6	1	30	1
PE168022	3	19	2	12	1
PE168023	1	18	5	12	1
PE168023	2	6	1	10	1
PE168023	3	21	1	15	1
PE168023	4	20	1	15	1
PE168023	5	19	1	10	1
PE168023	6	8	1	45	1
PE168024	1	20	1	15	1
PE168024	2	40	1	5	1
PE168024	3	18	3	8	1
PE168024	4	5	1	12	1
PE168025	1	18	6	10	1
PE168025	2	5	2	15	1
PE168025	3	18	5	20	1
PE178001	1	18	6	25	1
PE178001	2	20	2	40	1
PE178001	3	5	1	30	1
PE178002	1	18	2	16	1
PE178002	2	20	1	13	1
PE178002	3	19	3	8	1
PE178003	1	5	0	 	 
PE178003	2	18	2	10	1
PE178003	3	20	1	15	1
PE178004	1	1	0	 	 
PE178006	1	18	4	25	1
PE178006	2	5	1	70	1
PE178010	1	18	4	25	1
PE178011	1	24	1	3816	1
PE178011	2	33	1	150	1
PE178011	3	26	1	1535	1
PE178011	4	33	1	200	1
PE178011	5	33	1	400	1
PE178013	1	18	14	20	1
PE178015	1	18	3	10	1
PE178015	2	20	1	20	1
PE178015	3	5	1	100	1
PE178015	4	8	1	150	1
PE178015	5	3	1	150	1
PE178015	6	31	1	100	1
PE178016	1	18	2	12	80
PE178016	2	19	1	15	80
PE178019	1	18	2	10	1
PE178020	1	5	1	30	3
PE178020	2	18	6	11	3
PE178020	3	20	1	15	3
PE178021	1	18	8	10	1
PE178021	2	20	2	5	1
PE178021	3	3	2	20	1
PE178022	1	18	11	7	1
PE178022	2	20	3	15	1
PE178022	3	3	1	30	1
PE178025	1	18	4	10	1
PE178025	2	20	1	15	1
PE178026	1	18	5	11	2
PE178027	1	18	6	15	1
PE178027	2	20	1	45	1
PE178028	1	3	0	 	 
PE178028	2	5	1	20	1
PE178028	3	18	5	13	1
PE178028	4	19	2	5	1
PE178028	5	20	1	30	1
PE178029	1	18	6	20	1
PE178029	2	5	1	20	1
PE178030	1	18	2	10	1
PE178031	1	18	4	15	3
PE178031	2	20	2	12	3
PE178033	1	18	5	16	1
PE178033	2	20	2	18	1
PE178034	1	18	3	10	1
PE178034	2	20	1	10	1
PE178035	1	18	5	15	1
PE178036	1	18	2	15	1
PE178036	2	20	1	20	1
PE188001	1	18	4	12	80
PE188001	2	19	3	17	80
PE188001	3	20	1	30	80
PE188002	1	18	9	12	1
PE188002	2	8	1	250	1
PE188004	1	5	1	25	1
PE188004	2	7	1	30	1
PE188004	3	18	8	16	1
PE188004	4	20	1	25	1
PE188005	1	18	7	11	1
PE188005	2	19	3	12	1
PE188005	3	8	1	150	1
PE188005	4	5	1	30	1
PE188005	5	20	1	20	1
PE188006	1	18	4	15	80
PE188006	2	5	1	20	1
PE188007	1	18	6	12	1
PE188007	2	8	1	250	1
PE188009	1	18	5	10	2
PE188009	2	20	2	10	2
PE188009	3	19	1	5	2
PE188010	1	18	11	19	1
PE188010	2	19	3	15	1
PE188010	3	8	1	50	1
PE188010	4	34	1	5000	1
PE188011	1	5	1	40	1
PE188011	2	19	4	18	1
PE188011	3	18	6	26	1
PE188012	1	18	8	14	1
PE188012	2	5	1	15	1
PE188013	1	18	7	15	1
PE188015	1	18	7	15	1
PE188016	1	3	1	20	1
PE188016	2	5	2	50	1
PE188016	3	7	1	20	1
PE188016	4	18	17	13	1
PE188016	5	19	1	4	1
PE188016	6	20	1	5	1
PE188017	1	18	4	15	1
PE188017	2	5	1	30	1
PE188018	1	18	6	10	80
PE188018	2	19	1	12	80
PE188018	3	20	1	20	80
PE188019	1	18	2	15	1
PE188019	2	20	3	10	1
PE188020	1	1	0	 	 
PE188020	2	3	1	30	1
PE188020	3	5	2	8	1
PE188020	4	8	1	20	1
PE188020	5	9	1	80	1
PE188020	6	18	7	10	1
PE188020	7	20	1	14	1
PE188022	1	18	10	11	1
PE188022	2	8	1	40	1
PE188023	1	5	1	30	1
PE188024	1	18	11	8	1
PE188024	2	19	5	5	1
PE188024	3	8	3	100	1
PE188024	4	20	2	30	1
PE188024	5	5	1	20	1
PE188025	1	21	1	10	1
PE188025	2	18	4	10	1
PE188026	1	18	9	13	5
PE188026	2	19	1	10	5
PE188027	1	18	11	10	1
PE188027	2	20	2	10	1
PE198003	1	19	1	5	2
PE198004	1	18	2	15	2
PE198004	2	20	1	40	2
PE198004	3	21	1	20	2
PE198004	4	21	1	20	2
PE198006	1	18	1	80	1
PE198006	2	19	1	12	1
PE198007	1	33	1	120	2
PE198008	1	18	3	10	1
PE198008	2	19	3	5	1
PE198008	3	1	0	 	 
PE198010	1	33	1	20	1
PE198010	2	33	1	200	1
PE198011	1	18	2	20	1
PE198011	2	19	1	15	1
PE198013	1	1	0	 	 
PE198013	2	4	0	 	 
PE198013	3	36	1	400	2
PE198014	1	19	1	5	2
PE198014	2	18	1	5	2
PE198014	3	38	1	300	1
PE198017	1	18	4	20	1
PE198025	1	18	2	20	1
PE198026	1	33	4	235	2
PE198026	2	26	2	4800	2
PE198027	1	34	1	12000	1
PE198031	1	33	1	1000	1
PE198031	2	33	2	100	1
PE208001	1	34	1	50000	1
PE208002	1	33	1	10	1
PE208002	2	33	1	10	1
PE208002	3	40	2	8	1
PE208002	4	33	2	12	1
PE208003	1	33	1	200	1
PE208003	2	33	2	 	1
PE208003	3	38	1	140	1
PE208003	4	33	1	15	1
PE208003	5	33	1	50	1
PE208007	1	3	1	40	2
PE208007	2	18	4	11	2
PE208009	1	38	1	250	1
PE208009	2	22	1	400	1
PE208009	3	29	1	400	1
PE208011	1	29	2	500	80
PE208011	2	33	2	500	80
PE208011	3	33	1	500	80
PE208015	1	22	4	700	1
PE208015	2	22	1	500	1
PE208015	3	29	1	600	1
PE208015	4	33	1	500	1
PE208015	5	33	1	300	1
PE208015	6	38	1	200	1
PE208017	1	38	1	100	1
PE208017	2	33	3	2	2
PE208017	3	33	1	10	1
PE208018	1	25	1	975	1
PE208018	2	33	5	119	2
PE208018	3	34	1	5850	1
PE208019	1	38	1	400	1
PE208019	2	33	5	100	1
PE208022	1	33	2	80	1
PE208022	2	33	15	150	1
PE208022	3	33	1	15	1
PE208022	4	24	1	150	1
PE208022	5	33	1	300	1
PE208024	1	33	1	300	1
PE208025	1	19	3	8	1
PE208025	2	33	1	200	1
PE208025	3	18	3	8	1
PE208025	4	20	1	8	1
PE208025	5	3	2	25	1
PE208025	6	38	1	150	1
PE208025	70	39	1	30	1
PE208026	1	33	1	1000	1
PE208027	1	33	3	10	2
PE208027	2	33	3	3	2
PE208027	3	37	1	500	1
PE208029	1	33	1	1800	2
PE208029	2	28	0	 	 
PE208030	1	33	0	 	 
PE208030	2	33	3	12	1
PE208030	3	38	1	150	1
PE208030	4	36	0	 	 
PE208031	1	20	1	40	1
PE208031	2	18	2	20	1
PE208031	3	24	1	100	1
PE208031	4	33	1	80	1
PE208031	5	40	1	40	1
PE208032	1	34	1	6600	80
PE208037	1	22	2	415	1
PE208037	2	29	1	250	1
PE208041	1	18	1	5	1
PE208044	1	34	1	13000	1
PE208044	2	18	2	3	1
PE208044	3	19	2	3	1
PE208047	1	26	1	300	1
PE208047	2	24	1	200	1
PE208048	1	29	2	200	80
PE208048	2	22	1	150	80
PE208048	3	33	1	50	80
PE208048	4	33	2	5	80
PE208049	1	6	0	 	 
PE208049	2	18	2	20	1
PE208049	3	38	1	250	1
