childid	foodid	foodcode	foodnum	foodamt	foodcost
PE018003	1	10	96	5	.699999988079071
PE018004	1	10	360	2	.200000002980232
PE018004	2	10	40	5	.800000011920929
PE018005	1	1	12	1	2.20000004768372
PE018005	2	8	12	2	2
PE018007	1	10	140	2	.5
PE018010	1	10	210	1	1
PE018011	1	10	160	1	.5
PE018011	2	9	160	1	.200000002980232
PE018012	1	10	200	1	.5
PE018012	2	9	140	1	.200000002980232
PE018013	1	10	196	2	.200000002980232
PE018013	2	9	160	1	.100000001490116
PE018016	1	1	240	3	.5
PE018017	1	10	180	1	.5
PE018018	1	1	160	1	2
PE018018	2	9	140	1	1
PE018019	1	1	360	2	.5
PE018019	2	9	200	1	.100000001490116
PE018019	3	8	1	2	2
PE018019	4	6	1	1	2
PE018019	5	5	1	1	1
PE018019	6	15	1	1	2
PE018019	7	10	200	1	1.5
PE018020	1	10	336	3	1
PE018020	2	9	160	1	1
PE018022	1	9	200	2	.200000002980232
PE018026	1	10	160	1	.800000011920929
PE018028	1	10	198	1	1
PE018029	1	10	210	2	1
PE018031	1	1	160	3	.5
PE018031	2	9	160	3	.100000001490116
PE018035	1	10	190	1	2
PE018035	2	9	190	1	.100000001490116
PE018038	1	1	12	1	2
PE018038	2	3	12	2	1
PE018039	1	10	288	2	.5
PE018039	2	1	96	2	2
PE018040	1	10	200	1	.5
PE018044	1	10	240	1	2
PE018044	2	9	180	1	.200000002980232
PE018046	1	10	210	1	.5
PE018047	1	10	20	1	1
PE028006	1	1	12	5	2
PE028007	1	10	288	1	1
PE028008	1	10	180	1	1
PE028011	1	10	12	.5	.5
PE028014	1	10	330	2	1
PE028014	2	1	1	6	2.20000004768372
PE028014	3	8	1	1	2
PE028014	4	5	1	1	3
PE028014	5	8	1	2	1.5
PE028014	6	11	1	250	.5
PE028014	7	6	1	1	1.60000002384186
PE028016	1	1	300	1	.5
PE028017	1	1	4	6	2.20000004768372
PE028020	1	1	12	2	2.20000004768372
PE028020	2	3	12	1	1.20000004768372
PE028022	1	1	3	3	2.29999995231628
PE028022	2	8	3	1	1.5
PE028022	3	10	120	1	.5
PE028022	4	5	1	1	3.5
PE028022	5	11	1	500	1.10000002384186
PE028022	6	15	1	500	.800000011920929
PE028022	7	6	1	500	1.20000004768372
PE028023	1	1	4	4	2.20000004768372
PE038001	1	1	2	5	10
PE038001	2	3	2	2	1
PE038002	1	1	60	5	2.20000004768372
PE038002	2	3	1	1	1.5
PE038003	1	1	12	5	2.20000004768372
PE038003	2	3	12	1	2
PE038004	1	1	12	8	2.5
PE038004	2	8	200	3	1
PE038004	3	9	200	3	.5
PE038006	1	1	112	5	2
PE038006	2	3	12	2	1
PE038006	3	10	140	1	2.5
PE038007	1	10	80	1	1
PE038008	1	10	140	1	2
PE038009	1	10	140	1	1
PE038010	1	10	120	1	2.5
PE038011	1	1	2	5	2
PE038011	2	3	2	2	2
PE038011	3	10	180	1	2.5
PE038012	1	10	160	1	2.5
PE038014	1	10	120	1	1.5
PE038015	1	1	3	10	2
PE038015	2	10	180	1	2.5
PE038016	1	10	180	1	2
PE038017	1	10	300	1	5
PE038019	1	10	320	2	2
PE038020	1	1	8	5	11
PE038020	2	3	8	2	2
PE038020	3	10	80	1	3
PE038021	1	10	180	1	2
PE038022	1	10	180	1	2
PE038023	1	1	8	10	2.20000004768372
PE038023	2	3	8	2	1
PE038024	1	10	208	1	3
PE038025	1	10	180	1	1.5
PE048001	1	10	140	1	1.5
PE048001	2	1	180	1	.5
PE048001	3	9	180	1	.200000002980232
PE048002	1	1	54	9	2.5
PE048003	1	1	4	9	2
PE048005	1	8	1	9	1.5
PE048005	2	5	1	2	5
PE048005	3	6	1	2	3
PE048007	1	1	4	12	1.5
PE048007	2	10	200	1	3
PE048007	3	9	200	1	.100000001490116
PE048010	1	1	64	4	1
PE048010	2	9	160	4	.200000002980232
PE048011	1	1	2	12	1.5
PE048012	1	1	2	12	2
PE048013	1	10	200	2	1
PE048015	1	1	160	3	.5
PE048015	2	9	160	3	.300000011920929
PE048017	1	1	180	1	1
PE048017	2	9	80	1	.100000001490116
PE048019	1	1	4	12	1.70000004768372
PE048019	2	10	360	2	1
PE048019	3	9	360	2	.5
PE048019	4	10	120	1	2
PE048020	1	1	180	1	.5
PE048020	2	9	180	1	.300000011920929
PE048021	1	1	4	12	2
PE048024	1	10	180	3	1
PE048024	2	9	180	3	.200000002980232
PE048025	1	1	3	36	2
PE048026	1	10	180	2	1
PE048026	2	9	180	2	.300000011920929
PE058002	1	10	200	2	1.5
PE058004	1	1	144	1	.300000011920929
PE058004	2	9	144	1	.200000002980232
PE058005	1	1	120	1	.300000011920929
PE058005	2	9	120	1	.100000001490116
PE058006	1	1	8	1	1
PE058006	2	1	160	2	.5
PE058006	3	9	160	2	.100000001490116
PE058007	1	10	200	1	1
PE058008	1	1	198	1	1
PE058008	2	9	198	1	.100000001490116
PE058012	1	1	198	1	1
PE058012	2	9	198	1	1
PE058013	1	1	1	1	1
PE058013	2	10	180	1	.5
PE058013	3	9	180	2	.200000002980232
PE058015	1	1	84	7	1
PE058015	2	10	120	2	.5
PE058015	3	9	120	2	.100000001490116
PE058015	4	10	120	1	1
PE058016	1	1	240	1.5	.5
PE058016	2	10	120	1	1
PE058016	3	9	120	1	.5
PE058016	4	10	120	1	1.5
PE058017	1	1	200	2	2
PE058017	2	9	200	2	1
PE058019	1	10	4	2	1
PE058019	2	10	180	1	.5
PE058019	3	9	180	1	.200000002980232
PE058020	1	1	48	1	1
PE058020	2	10	140	1	.5
PE058020	3	9	140	1	.100000001490116
PE058022	1	1	12	1	1
PE058022	2	9	12	1	.100000001490116
PE058025	1	1	40	3.29999995231628	3.40000009536743
PE058025	2	1	200	2	2
PE058025	3	9	200	2	1
PE058026	1	1	12	3	1
PE058026	2	10	180	1	.200000002980232
PE058026	3	9	180	2	.100000001490116
PE058026	4	10	160	1	1
PE058027	1	1	48	1	1
PE058027	2	1	140	1	.5
PE058027	3	9	140	1	.100000001490116
PE058028	1	10	160	2	.5
PE058028	2	9	160	1	.100000001490116
PE058029	1	1	48	1	1
PE058029	2	10	160	4	1
PE058030	1	1	320	2	.5
PE058030	2	9	320	2	.100000001490116
PE068001	1	1	336	1	1.20000004768372
PE068009	1	1	360	2	.5
PE068014	1	1	130	1	1
PE068014	2	10	160	1	2
PE068017	1	10	180	1	1.5
PE068017	2	3	12	1	1
PE068020	1	1	360	1	1.20000004768372
PE068020	2	11	12	2	2
PE078009	1	3	8	4	5
PE078009	2	11	8	5	10
PE078011	1	4	1	9	1
PE078014	1	1	240	4	.200000002980232
PE078019	1	1	360	4	.300000011920929
PE078030	1	1	365	2	.25
PE078033	1	8	12	1	1.79999995231628
PE078035	1	1	365	1	1
PE078036	1	1	365	2	.25
PE078045	1	1	360	2	.5
PE088001	1	10	170	1	.5
PE088002	1	2	180	1	.5
PE088002	2	9	180	1	.200000002980232
PE088008	1	1	160	1	.5
PE088008	2	9	160	1	.100000001490116
PE088013	1	10	72	3	1.5
PE088014	1	1	102	1	.5
PE088014	2	9	204	2	.100000001490116
PE088015	1	3	120	1	.5
PE088015	2	1	120	1	.5
PE088017	1	1	0	1	1
PE088017	2	9	0	1	.100000001490116
PE088019	1	3	4	3	2.5
PE088019	2	2	1	2	2
PE088023	1	3	15	8	.5
PE088023	2	10	15	8	.5
PE088027	1	10	10	1	.5
PE088029	1	10	20	8	.5
PE098001	1	1	180	1	1
PE098001	2	9	180	1	.5
PE098002	1	3	6	3	3
PE098002	2	1	6	6	2.20000004768372
PE098003	1	1	4	1	2
PE098003	2	3	4	.5	3
PE098004	1	1	6	6	2
PE098004	2	8	6	1	7.5
PE098006	1	1	240	1	.5
PE098006	2	9	240	1	.5
PE098008	1	3	6	1	6
PE098008	2	1	6	6	2.20000004768372
PE098008	3	10	360	2	1
PE098011	1	1	6	6	2.20000004768372
PE098011	2	8	6	1	10
PE098011	3	2	120	1	.5
PE098011	4	9	120	1	.5
PE098012	1	1	180	1	1
PE098012	2	9	180	1	.5
PE098013	1	1	6	6	2
PE098013	2	3	6	1	6
PE098016	1	9	180	1	.5
PE098016	2	2	180	1	1
PE098018	1	9	360	2	.5
PE098018	2	2	360	2	.5
PE098019	1	1	180	1	1
PE098019	2	9	180	1	8
PE098022	1	1	6	8	2.20000004768372
PE098022	2	3	6	4	3
PE098023	1	3	6	2	10.5
PE098023	2	1	6	12	2.20000004768372
PE098024	1	8	12	1	3.5
PE098024	2	1	12	2	2.20000004768372
PE098026	1	2	180	1	.5
PE098026	2	9	180	1	.200000002980232
PE098028	1	1	12	2	2
PE098028	2	3	6	3	1
PE098028	3	4	8	3	2
PE098028	4	11	6	1	2
PE098029	1	2	320	1	1
PE098029	2	9	320	1	.5
PE108004	1	1	12	4	2.20000004768372
PE108004	2	3	12	1	3
PE108004	3	10	240	4	.600000023841858
PE108004	4	10	140	1	.5
PE108004	5	10	140	1	1
PE108006	1	1	12	4	2
PE108006	2	3	12	1	3
PE108006	3	10	180	1	2
PE108007	1	3	12	6	.600000023841858
PE108007	2	1	12	3	1.79999995231628
PE108008	1	1	12	4	2
PE108008	2	8	12	5	.800000011920929
PE108009	1	1	12	3	2.20000004768372
PE108009	2	3	12	1	3
PE108009	3	9	14	1	.5
PE108009	4	10	140	1	.5
PE108013	1	1	12	4	1.5
PE108013	2	3	12	1	2.5
PE108016	1	1	12	4	2.20000004768372
PE108016	2	3	12	4	.800000011920929
PE108020	1	3	12	1	2.79999995231628
PE108020	2	1	12	3	2
PE108020	3	10	140	1	2
PE108023	1	1	12	4	2
PE108023	2	3	12	1	3
PE108024	1	1	12	3	2
PE108024	2	3	12	1	1
PE108025	1	1	200	2	.100000001490116
PE108025	2	9	200	2	.200000002980232
PE108026	1	2	180	1	.5
PE108026	2	9	180	1	.5
PE108027	1	2	180	1	1
PE108027	2	9	180	1	.5
PE108029	1	2	180	1	1
PE108029	2	9	180	1	.5
PE118001	1	3	12	2	3
PE118002	1	8	36	3	1.5
PE118002	2	1	160	1	1
PE118002	3	9	160	1	.300000011920929
PE118003	1	8	36	3	1.5
PE118003	2	9	140	1	1
PE118003	3	1	140	0	1
PE118006	1	1	180	1	1
PE118006	2	9	180	1	.5
PE118007	1	1	12	1	4
PE118008	1	8	12	1	2
PE118009	1	8	2	3	1
PE118009	2	4	1	900	1.5
PE118010	1	8	12	1	1
PE118010	2	1	180	1	.5
PE118010	3	9	180	1	.5
PE118011	1	3	12	1	2
PE118012	1	3	12	2	1.5
PE118013	1	3	12	1	2
PE118014	1	10	60	4	2
PE118014	2	1	12	6	2.20000004768372
PE118015	1	8	12	3	2
PE118017	1	8	12	3	2
PE118018	1	8	24	2	2
PE118020	1	8	12	2	1.20000004768372
PE118021	1	3	12	1	2
PE118022	1	8	36	3	1.5
PE118022	2	1	100	1	1
PE118022	3	9	100	1	1
PE118023	1	8	12	2	1
PE118027	1	8	140	3	1
PE118027	2	9	120	1	.5
PE118027	3	1	120	1	.5
PE118028	1	8	36	3	1
PE118028	2	9	160	1	.5
PE118028	3	1	160	1	.5
PE118028	4	10	120	1	2.5
PE118029	1	8	36	3	.5
PE118029	2	9	160	1	.5
PE118029	3	1	160	1	.5
PE118030	1	4	1	5	2
PE118030	2	10	12	2	5
PE128002	1	1	180	1	1
PE128002	2	9	180	1	.200000002980232
PE128004	1	1	240	4	.5
PE128004	2	1	180	3	.200000002980232
PE128004	3	9	180	3	.100000001490116
PE128005	1	1	12	2	2
PE128005	2	3	12	1	1.5
PE128006	1	10	288	3	.5
PE128007	1	1	240	4	.5
PE128009	1	1	24	3	2
PE128009	2	3	24	1	1
PE128009	3	1	180	1	.5
PE128009	4	9	180	1	.100000001490116
PE128011	1	1	12	9	2.09999990463257
PE128011	2	3	12	6	2.5
PE128014	1	10	240	2	.5
PE128015	1	1	240	4	.5
PE128015	2	1	180	1	.200000002980232
PE128015	3	9	180	1	.100000001490116
PE128016	1	10	360	3	.5
PE128016	2	10	240	2	1.5
PE128018	1	1	144	3	2
PE128018	2	3	144	3	1
PE128019	1	3	24	2	2
PE128019	2	1	24	8	2.09999990463257
PE128020	1	1	48	2	2.09999990463257
PE128020	2	3	12	1	1
PE128020	3	10	180	1	.5
PE128020	4	9	80	2	.200000002980232
PE128021	1	1	240	2	.5
PE128021	2	10	120	5	1
PE128022	1	10	240	2	.5
PE128024	1	10	288	3	.5
PE128028	1	1	48	3	2.20000004768372
PE128028	2	1	240	1	.5
PE128028	3	9	240	1	.100000001490116
PE128029	1	1	210	2	1
PE128031	1	10	240	2	1
PE128031	2	2	220	2	.5
PE128032	1	6	220	1	.5
PE128032	2	10	220	1	.5
PE128034	1	1	12	5	2.20000004768372
PE128034	2	3	12	2	1.5
PE128037	1	10	288	4	.5
PE128041	1	10	240	2	2
PE128042	1	1	108	2	1
PE128042	2	3	108	1	1
PE128044	1	1	12	8	2
PE128044	2	3	12	8	2
PE128045	1	1	40	1	1
PE128045	2	9	40	1	.100000001490116
PE128046	1	10	144	3	.5
PE128046	2	3	8	1	3
PE128046	3	1	8	2	2
PE128047	1	10	240	2	.5
PE128050	1	1	52	1	2.20000004768372
PE128050	2	3	52	1	1
PE128051	1	1	20	2	.5
PE128051	2	1	180	2	.800000011920929
PE128051	3	9	180	2	.200000002980232
PE138009	1	3	3	3	4
PE138016	1	10	240	4	1
PE138023	1	10	120	5	.100000001490116
PE138024	1	10	72	4	.5
PE138028	1	1	24	2	2
PE138028	2	3	48	4	1
PE138030	1	1	80	2	.5
PE138030	2	9	80	2	.100000001490116
PE138034	1	1	160	3	.5
PE138034	2	9	160	3	.200000002980232
PE138036	1	10	220	4	.5
PE138036	2	1	320	2	.5
PE138036	3	9	320	2	.200000002980232
PE138037	1	9	148	1	.200000002980232
PE138037	2	1	148	1	.200000002980232
PE138039	1	10	240	4	.5
PE138042	1	6	2	1	2
PE138042	2	8	2	1	2
PE138042	3	5	2	1	4.5
PE138042	4	1	2	2	1
PE138044	1	1	10	1	.5
PE138044	2	9	10	1	.200000002980232
PE138046	1	10	230	4	.5
PE138048	1	10	160	6	.5
PE138048	2	10	180	1	.800000011920929
PE138053	1	10	160	2	.5
PE138053	2	1	140	1	.5
PE138053	3	9	140	1	.100000001490116
PE148001	1	1	48	2	2
PE148001	2	3	48	1	1.79999995231628
PE148002	1	3	240	400	1
PE148002	2	1	240	2	2.5
PE148004	1	1	48	5	2
PE148004	2	8	48	1000	1.79999995231628
PE148004	3	10	40	1	.5
PE148004	4	9	40	1	.100000001490116
PE148005	1	3	48	1	1.5
PE148005	2	1	48	5	1.70000004768372
PE148006	1	1	48	2	2
PE148006	2	3	48	2	2
PE148010	1	1	48	6	1.20000004768372
PE148010	2	3	48	1	1.5
PE148011	1	1	48	2	2
PE148011	2	3	48	1	1.5
PE148011	3	10	240	2	1
PE148014	1	1	48	2	1.5
PE148014	2	3	48	500	.5
PE148015	1	1	280	2	.5
PE148015	2	9	280	2	.200000002980232
PE148017	1	1	48	2	1.5
PE148017	2	3	48	250	.5
PE148018	1	1	12	8	1.5
PE148018	2	8	12	4	2.5
PE148018	3	10	180	3	.5
PE148018	4	9	180	3	.200000002980232
PE148019	1	1	48	2	1.60000002384186
PE148019	2	8	48	1	1
PE148021	1	1	48	3	1
PE148021	2	3	48	1	.800000011920929
PE148021	3	1	25	1	.5
PE148021	4	9	25	1	.100000001490116
PE148022	1	3	48	125	.5
PE148022	2	1	48	205	.5
PE148024	1	1	12	4	1.5
PE148024	2	8	12	2	2
PE148025	1	1	12	6	1.5
PE148025	2	8	12	2	1.5
PE148026	1	1	48	3	2.20000004768372
PE148026	2	8	48	1	2
PE148026	3	10	180	2	3.5
PE148026	4	10	190	2	1
PE148026	5	9	190	2	.200000002980232
PE148027	1	1	48	3	1
PE148027	2	3	48	.25	2
PE148028	1	1	12	3	1.20000004768372
PE148028	2	8	12	1	2
PE148028	3	10	240	3	1
PE148029	1	1	48	2	1
PE148029	2	3	48	1	1.5
PE148030	1	1	146	3	1.79999995231628
PE148030	2	8	146	1	1
PE148030	3	1	140	1	.5
PE148030	4	9	140	1	.200000002980232
PE148030	5	10	140	1	1
PE148031	1	1	12	4	1.20000004768372
PE148031	2	8	12	2	2
PE148031	3	10	180	1	.5
PE148033	1	1	48	2	1.5
PE148033	2	3	48	2	2
PE148034	1	1	24	2	1.79999995231628
PE148034	2	8	24	750	2.09999990463257
PE148034	3	10	15	1	.5
PE148034	4	9	15	1	.100000001490116
PE148035	1	1	48	2	2
PE148035	2	3	48	1	.699999988079071
PE148035	3	10	144	1	2.5
PE148037	1	1	24	3	1.5
PE148037	2	3	24	1	1.5
PE148038	1	1	48	1	1
PE148038	2	3	24	1	1
PE148039	1	1	48	2	1.79999995231628
PE148039	2	3	48	1	1
PE148040	1	1	48	3	1
PE148040	2	3	48	1	1.5
PE148040	3	10	40	12	1
PE148041	1	1	12	4	1.20000004768372
PE148041	2	8	12	2	1.5
PE148042	1	1	48	2	1.20000004768372
PE148042	2	3	48	58	1.5
PE148043	1	1	48	6	1.5
PE148043	2	8	48	2	2
PE148043	3	9	10	1	.300000011920929
PE148043	4	10	10	1	1
PE148045	1	1	42	2	1.70000004768372
PE148045	2	8	42	1	1
PE148046	1	1	48	1	2.20000004768372
PE148046	2	3	24	.5	1.5
PE148047	1	1	48	2	1.5
PE148047	2	3	48	1	1.20000004768372
PE148048	1	1	48	2	1.5
PE148048	2	3	48	1	2
PE148049	1	1	24	2	2
PE148049	2	8	24	290	.699999988079071
PE148049	3	10	20	1	.5
PE148049	4	9	20	1	.100000001490116
PE148051	1	3	48	250	1
PE148051	2	1	48	1	1.79999995231628
PE158003	1	10	200	1	1
PE158008	1	1	12	6	2.20000004768372
PE158009	1	1	144	12	1.20000004768372
PE158009	2	10	200	1	1
PE158009	3	10	160	1	1
PE158010	1	10	240	2	2
PE158011	1	10	180	1	2
PE158012	1	10	180	1	1.5
PE158013	1	10	120	1	2
PE158014	1	10	220	1	2
PE158016	1	10	140	1	2
PE158017	1	10	120	1	1
PE158018	1	1	12	7	2.20000004768372
PE158019	1	10	120	1	1
PE158020	1	10	163	1	1
PE158022	1	10	200	1	2.5
PE158023	1	10	180	1	2
PE158025	1	10	140	1	2
PE158026	1	10	120	2	1
PE158031	1	1	48	4	2
PE158031	2	3	72	6	1
PE158031	3	10	360	3	2
PE158032	1	10	240	2	2.5
PE158034	1	1	12	3	1.89999997615814
PE158034	2	10	144	1	3
PE158037	1	10	136	1	2
PE158039	1	10	72	1	1.5
PE158040	1	1	12	4	2.20000004768372
PE158040	2	10	160	1	2
PE158042	1	10	20	1	2
PE158045	1	1	12	4	2
PE158045	2	3	6	3	1
PE158046	1	10	170	1	1
PE158047	1	10	12	1	1
PE158048	1	10	104	1	1
PE158054	1	10	360	3	2
PE158056	1	10	180	1	2.5
PE158057	1	1	36	3	2
PE158057	2	10	180	1	1
PE168001	1	4	9	3	3
PE168001	2	1	5	3	1.5
PE168001	3	3	5	1	2
PE168001	4	10	180	1	1
PE168001	5	10	360	2	.5
PE168001	6	9	360	2	.300000011920929
PE168002	1	8	4	25	2
PE168002	2	6	4	8	2.5
PE168002	3	5	4	3	4
PE168002	4	1	6	9	1.20000004768372
PE168002	5	3	6	2	2.5
PE168002	6	10	240	5	1
PE168003	1	1	6	3	2
PE168003	2	3	6	1	3
PE168003	3	2	1	8	1
PE168003	4	5	1	5	5
PE168003	5	6	1	8	2
PE168003	6	8	4	25	1.5
PE168003	7	5	4	3	5
PE168004	1	10	20	4	3
PE168004	2	8	4	1	3
PE168004	3	1	4	3	1
PE168005	1	5	3	2	80
PE168005	2	2	3	25	.5
PE168005	3	6	3	5	4
PE168005	4	1	6	1	1
PE168005	5	1	6	6	1
PE168006	1	1	4	6	1
PE168006	2	3	4	1	2
PE168006	3	6	3	2	1
PE168006	4	8	3	6	1.5
PE168006	5	5	3	3	3.5
PE168007	1	3	12	1	3
PE168007	2	1	12	6	1.29999995231628
PE168007	3	10	9	2	.5
PE168007	4	9	9	2	.5
PE168008	1	1	6	3	1.20000004768372
PE168008	2	3	6	1	3
PE168009	1	1	6	2	1
PE168010	1	1	4	6	1.5
PE168010	2	3	4	2	3
PE168011	1	8	6	1	1.5
PE168011	2	1	6	6	1.20000004768372
PE168012	1	1	6	4	1
PE168012	2	8	6	1	1
PE168012	3	4	11	3	5
PE168012	4	8	2	23	2
PE168012	5	6	2	23	1
PE168012	6	5	2	1	4.5
PE168012	7	10	140	3	.5
PE168012	8	9	140	3	.300000011920929
PE168013	1	10	160	4	.5
PE168013	2	9	160	4	.5
PE168015	1	1	6	6	1.20000004768372
PE168015	2	3	6	1	2
PE168015	3	10	180	1	.5
PE168015	4	9	180	1	.300000011920929
PE168016	1	8	4	1	2
PE168016	2	1	4	6	1
PE168017	1	1	6	6	.800000011920929
PE168017	2	3	6	1	3
PE168018	1	1	12	3	1.20000004768372
PE168018	2	3	12	500	2
PE168019	1	1	5	3	1
PE168019	2	1	5	.5	3
PE168019	3	10	140	3	.5
PE168019	4	9	140	3	.5
PE168020	1	1	6	12	1.20000004768372
PE168020	2	8	6	2	1.5
PE168021	1	10	160	1	.5
PE168021	2	9	160	0	.5
PE168022	1	9	180	1	.5
PE168022	2	10	180	1	.5
PE168023	1	10	140	1	.5
PE168023	2	9	140	1	.300000011920929
PE168024	1	10	140	3	.5
PE168024	2	9	140	3	.400000005960464
PE168024	3	1	10	6	1
PE168025	1	1	6	6	1
PE168025	2	3	6	2	3
PE178001	1	10	180	2	3.5
PE178002	1	1	4	4	2.20000004768372
PE178002	2	3	4	3	2
PE178002	3	10	360	2	3
PE178003	1	10	180	1	.5
PE178004	1	10	72	4	1
PE178006	1	10	180	2	.5
PE178007	1	10	14	2	1
PE178007	2	9	14	2	.100000001490116
PE178009	1	3	4	3	.800000011920929
PE178009	2	1	4	1	2.20000004768372
PE178009	3	10	180	2	2.5
PE178010	1	10	190	2	1.5
PE178011	1	1	2	3	2.20000004768372
PE178011	2	3	2	6	1
PE178011	3	10	360	2	2
PE178013	1	10	180	1	2.5
PE178015	1	1	4	4	2.20000004768372
PE178015	2	3	4	4	1
PE178015	3	10	180	4	1
PE178016	1	10	160	1	1
PE178019	1	1	4	7	2
PE178019	2	3	4	4	1
PE178019	3	10	180	1	3
PE178020	1	1	4	4	2.20000004768372
PE178020	2	8	4	4	1
PE178020	3	10	160	1	1.5
PE178021	1	1	4	7	2
PE178021	2	3	4	1	2
PE178021	3	10	180	4	3
PE178022	1	10	180	1	1
PE178024	1	10	160	1	3
PE178025	1	3	2	3	2
PE178025	2	1	2	9	2.20000004768372
PE178025	3	10	180	2	3
PE178026	1	1	4	4	2
PE178026	2	3	4	1	4
PE178027	1	10	180	1	3
PE178028	1	10	280	2	2
PE178029	1	1	6	8	2
PE178029	2	10	180	3	1
PE178029	3	3	6	3	3
PE178030	1	3	4	1	4
PE178030	2	1	4	7	2.5
PE178030	3	10	180	3	2.5
PE178031	1	10	180	3	2
PE178033	1	1	3	5	2.5
PE178033	2	3	3	2	3
PE178033	3	4	12	3	1.5
PE178034	1	10	140	1	1.5
PE178035	1	1	4	8	2.20000004768372
PE178035	2	3	4	2	1
PE178035	3	10	180	1	1
PE178036	1	1	3	8	2.40000009536743
PE178036	2	3	3	2	2
PE178036	3	10	180	3	3
PE188001	1	1	6	6	1
PE188001	2	8	6	6	1.5
PE188001	3	10	140	3	.5
PE188001	4	9	140	2	.100000001490116
PE188001	5	10	140	1	1
PE188001	6	4	11	3	10
PE188002	1	1	12	4	1.5
PE188002	2	8	12	4	2
PE188002	3	10	160	2	.5
PE188002	4	9	160	2	.100000001490116
PE188002	5	10	160	1	1
PE188003	1	10	240	1	.5
PE188003	2	9	240	1	1
PE188004	1	1	6	3	1
PE188004	2	8	6	4	2
PE188004	3	10	140	3	.5
PE188004	4	9	140	2	.100000001490116
PE188004	5	10	140	1	1
PE188005	1	10	180	2	1
PE188005	2	9	180	2	.200000002980232
PE188006	1	1	12	4	1
PE188006	2	10	140	2	1
PE188006	3	9	140	2	.100000001490116
PE188007	1	1	12	4	1.20000004768372
PE188007	2	8	12	2	4
PE188007	3	10	142	3	.5
PE188007	4	9	142	3	.200000002980232
PE188008	1	1	4	4	1.5
PE188008	2	8	4	8	1.5
PE188008	3	10	160	2	.200000002980232
PE188008	4	9	160	2	.200000002980232
PE188008	5	10	160	1	1
PE188009	1	10	200	2	1
PE188009	2	9	200	2	.200000002980232
PE188010	1	1	6	4	2.20000004768372
PE188010	2	8	6	4	2
PE188010	3	1	180	1	.5
PE188010	4	9	180	1	.200000002980232
PE188011	1	10	240	4	.5
PE188011	2	9	240	1	.300000011920929
PE188011	3	10	240	1	.300000011920929
PE188012	1	10	140	3	1
PE188012	2	9	140	3	.100000001490116
PE188012	3	10	140	1	1.5
PE188013	1	10	148	2	.5
PE188013	2	9	148	2	.200000002980232
PE188015	1	10	140	2	.5
PE188015	2	9	140	2	.5
PE188016	1	10	296	2	.5
PE188016	2	9	296	2	.100000001490116
PE188017	1	1	12	4	2
PE188017	2	9	240	3	.5
PE188017	3	10	240	3	.5
PE188017	4	10	290	1	1
PE188017	5	4	12	3	2
PE188018	1	1	24	4	2
PE188018	2	8	12	2	2
PE188019	1	1	12	4	2
PE188019	2	8	12	4	2
PE188019	3	10	142	4	.5
PE188019	4	9	142	4	.200000002980232
PE188019	5	10	142	2	1
PE188020	1	1	6	4	2
PE188020	2	8	6	4	1
PE188020	3	10	296	2	.5
PE188020	4	9	296	2	.100000001490116
PE188020	5	10	200	1	.5
PE188020	6	10	200	1	1
PE188020	7	10	200	1	.5
PE188021	1	1	6	4	2
PE188021	2	8	6	4	1
PE188021	3	10	140	2	.5
PE188021	4	9	140	2	.200000002980232
PE188022	1	1	6	4	2
PE188022	2	8	6	1	2
PE188022	3	4	12	3	1.5
PE188022	4	10	140	1	.5
PE188022	5	9	140	1	.100000001490116
PE188023	1	10	120	1	.5
PE188023	2	9	120	1	.200000002980232
PE188024	1	1	6	4	2.20000004768372
PE188024	2	8	6	2	2
PE188024	3	10	140	1	1
PE188024	4	10	140	1	2
PE188025	1	10	180	2	.5
PE188025	2	10	180	1	.5
PE188025	3	9	180	1	.5
PE188026	1	10	140	145	.5
PE188026	2	9	140	145	.200000002980232
PE188027	1	10	200	3	1.5
PE188027	2	9	180	1	.100000001490116
PE188027	3	10	180	1	.200000002980232
PE198002	1	10	180	1	1
PE198002	2	9	180	1	.5
PE198003	1	1	1	6	1.5
PE198003	2	10	280	2	.5
PE198003	3	9	280	2	.5
PE198004	1	10	180	1	.5
PE198004	2	9	180	1	.5
PE198006	1	10	184	1	.5
PE198006	2	9	184	1	.5
PE198007	1	10	180	1	.5
PE198007	2	9	180	1	.200000002980232
PE198009	1	1	2	1	1.5
PE198009	2	10	140	3	.5
PE198009	3	9	140	3	.5
PE198012	1	10	180	1	.5
PE198012	2	9	180	1	.5
PE198014	1	8	12	3	1
PE198014	2	10	160	2	.5
PE198014	3	9	160	2	.5
PE198015	1	1	12	1	1
PE198015	2	10	180	3	.5
PE198015	3	9	180	3	.300000011920929
PE198017	1	10	180	1	.200000002980232
PE198017	2	9	180	1	.200000002980232
PE198018	1	10	180	1	.5
PE198018	2	9	180	1	.5
PE198019	1	1	6	6	1
PE198019	2	3	6	2	1
PE198022	1	1	12	1	2
PE198022	2	2	12	1	2
PE198024	1	10	180	1	.200000002980232
PE198024	2	9	180	1	.200000002980232
PE198024	3	1	12	1	1
PE198025	1	10	180	1	.5
PE198025	2	9	180	1	.300000011920929
PE198025	3	2	12	2	3
PE198028	1	8	8	1	1
PE198031	1	10	180	1	1
PE198031	2	9	180	1	.5
PE208001	1	10	153	3	.5
PE208001	2	9	153	3	.5
PE208002	1	10	140	2	.5
PE208002	2	9	140	2	.5
PE208008	1	1	120	1	.5
PE208008	2	9	120	1	.200000002980232
PE208017	1	1	4	8	2
PE208017	2	3	4	2	2.5
PE208017	3	9	140	2	.5
PE208017	4	1	7	2	3
PE208018	1	1	12	4	1.5
PE208018	2	3	12	1	2
PE208019	1	1	12	4	1.5
PE208019	2	3	12	1	1
PE208020	1	1	12	4	1.79999995231628
PE208020	2	3	12	1	2.5
PE208022	1	1	8	4	2.20000004768372
PE208022	2	8	8	900	3
PE208024	1	2	12	1	2
PE208024	2	9	160	1	.5
PE208025	1	9	140	1	.200000002980232
PE208025	2	1	8	1	1
PE208027	1	9	184	1	2
PE208030	1	1	12	4	1.5
PE208030	2	8	12	1	2
PE208030	3	9	210	3	.300000011920929
PE208030	4	2	21	3	1
PE208031	1	1	12	4	1.5
PE208031	2	8	12	1	3.5
PE208033	1	1	12	4	2
PE208033	2	8	12	1	2
PE208033	3	9	184	1	.5
PE208035	1	1	8	8	2
PE208035	2	3	8	2	1
PE208037	1	8	3	2	2
PE208037	2	1	3	6	2
PE208037	3	10	184	2	.5
PE208037	4	9	184	2	.100000001490116
PE208040	1	9	360	2	.300000011920929
PE208042	1	9	184	1	.5
PE208049	1	1	4	12	1.5
PE208049	2	8	4	3	2
PE208051	1	1	4	3	1
PE208051	2	3	4	2	2
