childid	plotid	larea	lunit	lown	luse	trans	transid1	transid2	collat	collat1	collat2
PE018001	1	160	1	4	4	2	1	 	1	1	 
PE018002	1	100	1	4	4	2	1	2	1	1	2
PE018003	1	137.5	1	4	4	1	2	1	1	2	1
PE018003	2	.5	2	2	1	 	 	 	 	 	 
PE018003	3	180	1	2	1	 	 	 	 	 	 
PE018003	4	1	2	1	1	 	 	 	 	 	 
PE018004	1	160	1	4	4	1	1	3	1	1	3
PE018004	2	120	1	6	4	 	 	 	 	 	 
PE018005	1	200	1	4	4	4	1	2	1	1	2
PE018006	1	130	1	4	4	0	 	 	1	4	5
PE018007	1	130	1	4	4	2	1	2	1	1	2
PE018008	1	175	1	4	4	1	1	2	1	1	2
PE018009	1	201.600006103516	1	4	4	1	1	2	1	1	2
PE018010	1	150	1	4	4	1	1	2	1	1	2
PE018011	1	32	1	2	4	 	 	 	 	 	 
PE018011	2	400	1	4	4	1	1	2	1	1	2
PE018012	1	147	1	4	4	2	1	2	1	1	2
PE018012	2	1	2	1	1	 	 	 	 	 	 
PE018013	1	150	1	4	4	2	1	2	1	1	2
PE018015	1	120	1	4	4	2	1	2	1	1	2
PE018016	1	150	1	4	4	1	1	2	1	1	2
PE018016	2	10000	1	4	1	1	1	2	1	1	2
PE018017	1	48	1	4	4	1	2	 	1	2	 
PE018018	1	150	1	4	4	2	4	5	1	4	5
PE018019	1	24	1	2	4	 	 	 	 	 	 
PE018020	1	280	1	4	4	2	4	 	1	4	 
PE018021	1	150	1	4	4	1	1	2	1	1	2
PE018022	1	24	1	2	4	 	 	 	 	 	 
PE018022	2	160	1	4	8	1	1	2	1	1	2
PE018023	1	180	1	4	4	1	1	2	1	1	2
PE018023	2	71	1	4	4	1	1	2	1	1	2
PE018024	1	150	1	4	4	1	1	2	1	1	2
PE018025	1	162	1	4	4	1	2	 	1	2	 
PE018026	1	176.399993896484	1	4	4	3	1	2	1	1	2
PE018027	1	150	1	7	4	 	 	 	 	 	 
PE018028	1	60	2	4	4	1	1	2	1	1	2
PE018029	1	185	1	4	4	1	1	 	1	1	 
PE018030	1	150	1	4	4	2	1	 	1	1	 
PE018031	1	16	1	1	4	 	 	 	 	 	 
PE018032	1	18	1	2	4	 	 	 	 	 	 
PE018033	1	48	1	4	4	1	1	 	1	1	 
PE018034	1	150	1	4	4	1	1	2	1	1	2
PE018035	1	180	1	4	4	1	2	 	1	2	 
PE018036	1	 	1	4	4	2	1	 	0	 	 
PE018037	1	192	1	4	4	0	 	 	1	1	2
PE018038	1	162	1	4	4	1	1	2	1	1	2
PE018039	1	90	1	6	4	 	 	 	 	 	 
PE018040	1	88	1	4	4	2	5	6	1	5	6
PE018041	1	162	1	4	4	2	1	2	1	1	2
PE018042	1	75	1	4	4	2	1	2	1	1	2
PE018043	1	262.5	1	4	4	1	4	 	1	4	 
PE018044	1	138	1	4	4	1	1	2	1	1	2
PE018045	1	28	1	4	4	2	1	 	1	1	 
PE018046	1	180	1	4	4	1	1	2	1	1	2
PE018046	2	5	2	4	8	1	1	2	1	1	2
PE018047	1	60	1	4	4	0	 	 	0	 	 
PE018048	1	132	1	4	4	2	1	2	1	1	2
PE018048	2	5000	1	4	1	2	1	2	1	1	2
PE018049	1	192	1	4	4	0	 	 	1	1	2
PE018050	1	154	1	4	4	4	1	2	1	1	2
PE028001	1	60	1	4	4	1	1	2	1	1	2
PE028002	1	90	1	4	4	1	1	2	1	1	2
PE028003	1	60	1	2	4	 	 	 	 	 	 
PE028003	2	120	1	2	14	 	 	 	 	 	 
PE028003	3	1	2	1	1	 	 	 	 	 	 
PE028004	1	60	1	4	4	1	2	3	1	2	3
PE028006	1	45	1	4	4	4	1	 	1	1	 
PE028007	1	165	1	4	4	0	 	 	1	1	 
PE028007	2	1	8	4	1	0	 	 	1	1	 
PE028008	1	96	1	4	4	0	 	 	1	1	2
PE028008	2	2	8	4	1	0	 	 	1	1	2
PE028009	1	100	1	4	4	1	1	2	1	1	2
PE028009	2	1.5	2	4	1	1	1	2	1	1	2
PE028010	1	112	1	4	4	1	1	2	1	1	2
PE028010	2	100	1	4	14	1	1	2	1	1	2
PE028011	1	16	1	4	4	2	18	1	1	18	1
PE028011	2	250	1	4	1	2	18	1	1	18	1
PE028012	1	360	1	4	4	1	1	 	0	 	 
PE028012	2	2	8	4	1	1	1	 	0	 	 
PE028012	3	2	8	4	1	1	1	 	0	 	 
PE028013	1	108	1	4	4	1	1	2	1	1	2
PE028013	2	1	2	3	1	 	 	 	 	 	 
PE028014	1	96	1	4	4	1	1	2	1	1	2
PE028015	1	75	1	4	4	2	1	2	1	1	2
PE028015	2	1	2	4	1	2	1	2	1	1	2
PE028015	3	2500	1	4	1	4	1	3	1	1	3
PE028016	1	169	1	4	4	4	1	2	1	1	2
PE028016	2	1.5	2	4	1	4	1	2	1	1	2
PE028017	1	90	1	4	4	1	1	2	1	1	2
PE028017	2	11000	1	4	1	1	1	2	1	1	2
PE028018	1	400	1	4	4	1	1	2	1	2	1
PE028018	2	2500	1	4	1	1	1	2	1	2	1
PE028019	1	25	1	4	4	2	1	 	1	1	 
PE028020	1	420	1	4	4	1	1	2	1	1	2
PE028020	2	12500	1	4	1	1	1	2	1	1	2
PE028021	1	100	1	4	4	0	 	 	1	3	 
PE028021	2	2	2	4	1	0	 	 	1	3	 
PE028022	1	94	1	4	4	1	1	2	1	1	2
PE028022	2	1250	1	2	1	 	 	 	 	 	 
PE028023	1	96	1	4	4	2	1	2	1	1	2
PE028023	2	1	2	4	1	2	1	2	1	1	2
PE028024	1	140	1	4	4	1	1	 	1	1	 
PE028024	2	1	2	4	1	1	1	 	1	1	 
PE028024	3	4	2	1	1	 	 	 	 	 	 
PE028025	1	49	1	4	4	2	1	2	1	1	2
PE028025	2	42	1	4	1	2	1	2	1	1	2
PE038001	1	400	1	4	4	1	2	3	0	 	 
PE038001	2	500	1	4	1	1	2	3	0	 	 
PE038002	1	40	1	4	4	1	1	2	1	1	2
PE038002	2	1	2	4	1	1	1	2	1	1	2
PE038002	3	2	2	4	1	1	1	2	1	1	2
PE038002	4	2	2	4	1	1	1	2	1	1	2
PE038002	5	1	2	4	1	1	1	2	1	1	2
PE038002	6	1	2	4	1	1	1	2	1	1	2
PE038003	1	100	1	4	4	0	 	 	0	 	 
PE038003	2	5000	1	4	1	0	 	 	0	 	 
PE038003	3	1	2	1	2	 	 	 	 	 	 
PE038004	1	100	1	4	4	1	1	2	1	1	2
PE038004	2	1	2	3	1	 	 	 	 	 	 
PE038004	3	1	2	3	1	 	 	 	 	 	 
PE038004	4	1	2	3	1	 	 	 	 	 	 
PE038004	5	100	1	4	12	1	1	2	1	1	2
PE038006	1	24	1	4	4	2	1	2	1	1	2
PE038006	2	1	2	2	1	 	 	 	 	 	 
PE038006	3	1	2	1	1	 	 	 	 	 	 
PE038007	1	400	1	4	4	1	1	 	1	1	 
PE038007	2	27	2	4	1	1	1	 	1	1	 
PE038008	1	2	2	4	4	4	1	2	1	1	2
PE038008	2	2	2	4	1	4	1	2	1	1	2
PE038008	3	5	2	4	1	4	1	2	1	1	2
PE038009	1	25	1	4	4	4	3	4	1	3	4
PE038009	2	2	2	4	1	4	3	4	1	3	4
PE038009	3	2	2	4	1	4	3	4	1	3	4
PE038009	4	50	1	4	1	4	3	4	1	3	4
PE038009	5	50	1	4	1	4	3	4	1	3	4
PE038009	6	50	1	4	2	4	3	4	1	3	4
PE038010	1	40	1	2	4	 	 	 	 	 	 
PE038011	1	195	1	4	4	1	1	2	1	1	2
PE038011	2	1	2	4	2	1	1	2	1	1	2
PE038011	3	7500	1	4	2	1	1	2	1	1	2
PE038011	4	1	2	4	1	1	1	2	1	1	2
PE038011	5	1	2	4	1	1	1	2	1	1	2
PE038012	1	270	1	4	4	4	1	2	0	 	 
PE038012	2	270	1	4	1	2	1	2	0	 	 
PE038013	1	36	1	4	4	4	4	 	1	4	 
PE038013	2	100	1	4	4	4	1	2	1	1	2
PE038014	1	200	1	4	4	4	1	 	1	1	 
PE038015	1	150	1	4	4	1	3	4	1	3	4
PE038015	2	5000	1	4	1	1	3	4	1	3	4
PE038015	3	5000	1	4	1	1	3	4	1	3	4
PE038015	4	2500	1	4	1	1	3	4	1	3	4
PE038015	5	375	1	4	1	1	3	4	1	3	4
PE038016	1	82	1	4	4	1	1	2	1	1	2
PE038016	2	1.5	2	5	1	 	 	 	 	 	 
PE038016	3	1	2	5	1	 	 	 	 	 	 
PE038017	1	150	1	2	4	 	 	 	 	 	 
PE038017	2	250	1	1	1	 	 	 	 	 	 
PE038017	3	5000	1	1	2	 	 	 	 	 	 
PE038019	1	50	1	4	4	1	1	2	1	1	2
PE038019	2	2	2	4	1	1	1	2	1	1	2
PE038019	3	1	2	4	2	1	1	2	1	1	2
PE038019	4	1	2	4	1	1	1	2	1	1	2
PE038019	5	1	2	4	2	1	1	2	1	1	2
PE038019	6	1	2	4	1	1	1	2	1	1	2
PE038019	7	2500	1	4	1	1	1	2	1	1	2
PE038019	8	2500	1	4	1	1	1	2	1	1	2
PE038019	9	1	2	4	12	1	1	2	1	1	2
PE038019	10	5000	1	4	10	1	1	2	1	1	2
PE038019	11	7500	1	4	10	1	1	2	1	1	2
PE038019	12	7500	1	4	2	1	1	2	1	1	2
PE038019	13	2500	1	4	2	1	1	2	1	1	2
PE038019	14	7500	1	4	1	1	1	2	1	1	2
PE038019	15	7500	1	4	1	1	1	2	1	1	2
PE038019	16	7500	1	4	1	1	1	2	1	1	2
PE038020	1	130	1	4	4	1	1	2	1	1	2
PE038020	2	2500	1	4	1	1	1	2	1	1	2
PE038020	3	2500	1	4	1	1	1	2	1	1	2
PE038021	1	140	1	4	4	1	1	2	1	1	2
PE038021	2	6	2	5	1	 	 	 	 	 	 
PE038022	1	70	1	4	4	1	1	2	1	1	2
PE038022	2	2500	1	4	1	1	1	2	1	1	2
PE038023	1	100	1	4	4	1	1	2	1	1	2
PE038024	1	90	1	2	4	 	 	 	 	 	 
PE038024	2	28	1	4	4	1	2	 	1	2	 
PE038025	1	60	1	4	2	1	2	 	1	2	 
PE038025	2	.5	2	4	1	1	2	 	1	2	 
PE048001	1	90	1	1	4	 	 	 	 	 	 
PE048002	1	200	1	4	4	2	2	 	1	2	 
PE048002	2	1	2	4	1	2	2	 	1	2	 
PE048002	3	5000	1	4	1	2	2	 	1	2	 
PE048003	1	24	1	4	4	2	1	2	1	1	2
PE048003	2	50	1	4	1	2	1	2	1	1	2
PE048004	1	50	1	2	4	 	 	 	 	 	 
PE048004	2	5	1	2	1	 	 	 	 	 	 
PE048005	1	160	1	4	4	1	1	2	1	1	2
PE048005	2	1.5	2	4	1	1	1	2	1	1	2
PE048006	1	25	1	1	4	 	 	 	 	 	 
PE048006	2	1	2	4	1	1	1	2	1	1	2
PE048006	3	.5	2	4	1	1	1	2	1	1	2
PE048006	4	.5	2	4	1	1	1	2	1	1	2
PE048006	5	.5	2	4	1	1	1	2	1	1	2
PE048006	6	.5	2	4	1	1	1	2	1	1	2
PE048006	7	.5	2	4	1	1	1	2	1	1	2
PE048006	8	.5	2	4	1	1	1	2	1	1	2
PE048006	9	.5	2	4	1	1	1	2	1	1	2
PE048006	10	.5	2	4	1	1	1	2	1	1	2
PE048006	11	.5	2	4	1	1	1	2	1	1	2
PE048006	12	.5	2	4	1	1	1	2	1	1	2
PE048007	1	68	1	4	4	1	1	2	1	1	2
PE048007	2	10	2	4	2	1	1	2	1	1	2
PE048007	3	2	2	4	1	1	1	2	1	1	2
PE048007	4	1	2	4	1	1	1	2	1	1	2
PE048007	5	1	2	4	1	1	1	2	1	1	2
PE048008	1	40	1	4	4	1	1	2	1	1	2
PE048008	2	6	2	4	1	1	1	2	1	1	2
PE048008	3	80	1	4	8	1	1	2	1	1	2
PE048009	1	72	1	4	4	1	1	2	1	1	2
PE048009	2	20	2	4	1	1	1	2	1	1	2
PE048009	3	2	2	4	1	1	1	2	1	1	2
PE048009	4	2	2	4	1	1	1	2	1	1	2
PE048009	5	1	2	4	1	1	1	2	1	1	2
PE048009	6	5000	1	4	1	1	1	2	1	1	2
PE048009	7	100	1	4	4	1	1	2	1	1	2
PE048010	1	18	1	1	4	 	 	 	 	 	 
PE048010	2	22	1	4	4	1	1	2	1	1	2
PE048010	3	15	2	4	1	1	1	2	1	1	2
PE048010	4	1	2	4	1	1	1	2	1	1	2
PE048010	5	30	2	4	2	1	1	2	1	1	2
PE048011	1	88.5	1	4	4	1	1	2	1	1	2
PE048011	2	18	2	4	1	1	1	2	1	1	2
PE048011	3	12000	1	4	1	1	1	2	1	1	2
PE048011	4	2	2	4	2	1	1	2	1	1	2
PE048011	5	750	1	4	1	1	1	2	1	1	2
PE048012	1	66	1	4	4	1	1	2	1	1	2
PE048012	2	3	2	4	1	1	1	2	1	1	2
PE048012	3	1	2	4	2	1	1	2	1	1	2
PE048013	1	50	1	4	4	1	1	2	1	1	2
PE048013	2	6	2	4	1	1	1	2	1	1	2
PE048014	1	240	1	4	4	4	1	2	1	1	2
PE048014	2	1.5	2	4	1	2	1	2	1	1	2
PE048014	3	.5	2	4	1	2	1	2	0	 	 
PE048014	4	2.5	2	4	1	4	1	2	0	 	 
PE048014	5	3	2	4	1	2	1	2	0	 	 
PE048015	1	60	1	1	4	 	 	 	 	 	 
PE048015	2	220	1	4	4	1	1	2	1	1	2
PE048015	3	300	1	4	4	1	1	2	1	1	2
PE048015	4	600	1	4	11	1	1	2	1	1	2
PE048016	1	240	1	4	4	1	1	 	1	1	 
PE048016	2	200	1	4	3	1	1	 	1	1	 
PE048016	3	4	2	4	2	1	1	 	1	1	 
PE048016	4	3	2	4	2	1	1	 	1	1	 
PE048016	5	3	2	4	1	1	1	 	1	1	 
PE048016	6	1	2	4	1	1	1	 	1	1	 
PE048016	7	1	2	4	1	1	1	 	1	1	 
PE048016	8	3	2	4	1	0	 	 	0	 	 
PE048017	1	70	1	4	4	1	1	2	1	1	2
PE048017	2	4	2	4	14	1	1	2	1	1	2
PE048017	3	1	2	4	1	1	1	2	1	1	2
PE048017	4	1	2	4	1	1	1	2	1	1	2
PE048017	5	1	2	4	1	1	1	2	1	1	2
PE048018	1	80	1	4	4	2	1	2	1	1	2
PE048018	2	4	2	4	1	2	1	2	1	1	2
PE048018	3	1	2	4	1	2	1	2	1	1	2
PE048019	1	90	1	4	4	1	1	 	1	1	 
PE048019	2	3	2	4	1	1	1	 	1	1	 
PE048020	1	120	1	4	4	1	4	5	1	4	5
PE048020	2	3	2	4	1	1	4	5	1	4	5
PE048020	3	1.5	2	4	1	1	1	2	1	1	2
PE048020	4	1.5	2	4	10	1	4	5	1	4	5
PE048020	5	200	1	4	1	1	1	2	1	1	2
PE048021	1	40	1	4	4	1	1	 	1	1	 
PE048021	2	1	2	4	1	1	1	 	1	1	 
PE048022	1	190	1	4	4	1	1	2	1	1	2
PE048022	2	4.5	2	4	1	1	1	2	1	1	2
PE048023	1	140	1	2	4	 	 	 	 	 	 
PE048023	2	5	2	4	1	1	1	2	1	1	2
PE048023	3	6	2	4	11	1	1	2	1	1	2
PE048023	4	2	2	4	1	1	1	2	1	1	2
PE048024	1	100	1	4	4	1	1	2	1	1	2
PE048024	2	1.5	2	4	1	1	1	2	1	1	2
PE048024	3	1	2	4	1	1	1	2	1	1	2
PE048024	4	1	2	4	1	1	1	2	1	1	2
PE048025	1	210	1	4	4	2	1	2	1	1	2
PE048025	2	11	2	4	1	2	1	2	1	1	2
PE048025	3	6	2	4	2	2	1	2	1	1	2
PE048026	1	320	1	4	4	0	 	 	0	 	 
PE048026	2	6	2	4	1	1	1	2	1	1	2
PE048026	3	5	2	4	1	1	1	2	1	1	2
PE048026	4	5	2	4	1	1	1	2	1	1	2
PE048026	5	2	2	4	1	1	1	2	1	1	2
PE048026	6	1	2	4	1	1	1	2	1	1	2
PE048026	7	3200	1	4	1	1	1	2	1	1	2
PE058001	1	15	1	1	4	 	 	 	 	 	 
PE058001	2	6	2	4	6	3	1	2	1	1	2
PE058002	1	200	1	4	4	1	1	2	1	1	2
PE058002	2	3	2	4	6	1	1	2	1	1	2
PE058003	1	200	1	4	4	4	1	2	1	1	2
PE058004	1	200	1	4	4	1	1	2	1	1	2
PE058004	2	1.5	2	4	1	1	1	2	1	1	2
PE058005	1	800	1	4	4	4	1	2	0	 	 
PE058006	1	375	1	4	4	1	1	2	1	1	2
PE058006	2	1	2	1	1	 	 	 	 	 	 
PE058007	1	150	1	2	4	 	 	 	 	 	 
PE058008	1	300	1	4	4	 	 	 	 	 	 
PE058008	2	1	2	4	1	 	 	 	 	 	 
PE058008	3	1	2	1	1	 	 	 	 	 	 
PE058011	1	30	1	1	4	 	 	 	 	 	 
PE058011	2	.5	2	4	1	1	1	2	1	1	2
PE058011	3	250	1	3	1	 	 	 	 	 	 
PE058012	1	200	1	4	4	1	1	2	1	1	2
PE058012	2	2	2	4	1	1	1	2	1	1	2
PE058012	3	1.5	2	1	1	 	 	 	 	 	 
PE058013	1	15	1	1	4	 	 	 	 	 	 
PE058013	2	1	2	1	10	 	 	 	 	 	 
PE058014	1	85	1	4	4	1	1	2	1	1	2
PE058014	2	3	2	1	1	 	 	 	 	 	 
PE058014	3	280	1	4	4	1	1	2	1	1	2
PE058014	4	2	2	4	1	1	1	2	1	1	2
PE058015	1	300	1	4	4	1	1	2	1	1	2
PE058016	1	28	1	2	4	 	 	 	 	 	 
PE058016	2	170	1	4	4	1	2	 	1	2	 
PE058017	1	66	1	4	4	1	2	 	1	2	 
PE058017	2	29	2	4	1	1	2	 	1	2	 
PE058019	1	380	1	4	4	4	1	2	1	1	2
PE058019	2	1	2	4	1	4	1	2	1	1	2
PE058020	1	166	1	4	4	3	1	16	1	1	16
PE058020	2	6	2	4	1	3	1	16	1	1	16
PE058021	1	18	1	4	4	1	2	 	1	2	 
PE058021	2	1	2	4	1	1	2	 	1	2	 
PE058021	3	.5	2	4	1	1	2	 	1	2	 
PE058022	1	60	1	4	4	1	1	2	1	1	2
PE058022	2	2	2	4	1	1	1	2	1	1	2
PE058022	3	1	2	4	1	1	1	2	1	1	2
PE058023	1	450	1	4	4	1	1	2	1	1	2
PE058023	2	50	2	4	1	1	1	2	1	1	2
PE058023	3	2	2	4	1	1	1	2	1	1	2
PE058023	4	1.5	2	1	1	 	 	 	 	 	 
PE058025	1	450	1	4	4	1	1	2	1	1	2
PE058025	2	2	2	4	1	1	1	2	1	1	2
PE058025	3	1	2	4	2	1	1	2	1	1	2
PE058025	4	1	2	4	1	1	1	2	1	1	2
PE058026	1	45	1	4	4	1	1	2	1	1	2
PE058026	2	10	2	4	2	1	1	2	1	1	2
PE058026	3	3	2	4	1	1	1	2	1	1	2
PE058026	4	50	1	4	4	1	1	2	1	1	2
PE058027	1	375	1	4	4	4	1	2	1	1	2
PE058027	2	2500	1	4	1	4	1	2	1	1	2
PE058028	1	375	1	4	4	4	1	2	1	1	2
PE058028	2	2	2	4	1	4	1	2	1	1	2
PE058029	1	100	1	4	4	1	1	 	1	1	 
PE058029	2	1	2	4	1	1	1	 	1	1	 
PE058029	3	200	1	4	2	1	1	 	1	1	 
PE058030	1	770	1	4	4	1	1	 	1	1	 
PE058030	2	10	2	4	1	1	1	 	1	1	 
PE058030	3	4	2	4	1	1	1	 	1	1	 
PE058030	4	30	2	4	8	1	1	 	1	1	 
PE058030	5	40	2	4	8	1	1	 	1	1	 
PE068001	1	150	1	4	4	1	1	2	1	1	2
PE068002	1	480	1	4	4	1	1	2	1	1	2
PE068003	1	35	1	1	4	 	 	 	 	 	 
PE068004	1	275	1	4	1	1	2	 	1	2	 
PE068005	1	60	1	1	4	 	 	 	 	 	 
PE068006	1	138	1	4	4	4	1	2	1	1	2
PE068007	1	90	1	4	4	4	1	 	0	 	 
PE068007	2	1	2	4	1	4	1	 	0	 	 
PE068008	1	240	1	4	4	1	7	 	1	7	 
PE068009	1	160	1	4	4	1	1	2	1	1	2
PE068010	1	150	1	4	4	0	 	 	0	 	 
PE068011	1	90	1	1	4	 	 	 	 	 	 
PE068012	1	128	1	4	4	3	1	2	1	1	2
PE068013	1	140	1	4	4	1	2	 	1	2	 
PE068014	1	70	1	2	4	 	 	 	 	 	 
PE068015	1	96	1	4	4	3	1	2	1	1	2
PE068016	1	176	1	4	4	1	1	2	1	1	2
PE068016	2	90	1	4	8	1	1	2	1	1	2
PE068016	3	10.5	1	4	8	1	1	2	1	1	2
PE068017	1	40	1	2	4	 	 	 	 	 	 
PE068018	1	300	1	4	4	4	1	5	1	1	5
PE068019	1	240	1	4	4	4	1	2	1	1	2
PE068019	2	360	1	4	3	2	1	2	1	1	2
PE068020	1	450	1	4	4	1	3	 	1	3	 
PE068020	2	1	2	4	1	1	3	 	1	3	 
PE068020	3	6	2	4	12	1	3	 	1	3	 
PE068021	1	40	1	2	4	 	 	 	 	 	 
PE068022	1	140	1	4	4	1	1	 	1	1	 
PE068023	1	40	1	1	4	 	 	 	 	 	 
PE068024	1	50	1	3	4	 	 	 	 	 	 
PE068025	1	125	1	4	1	3	1	3	0	 	 
PE078001	1	80	1	4	4	0	 	 	0	 	 
PE078001	2	180	1	4	8	0	 	 	0	 	 
PE078002	1	90	1	2	4	 	 	 	 	 	 
PE078003	1	60	1	2	4	 	 	 	 	 	 
PE078003	2	100	1	4	8	1	1	 	1	1	 
PE078004	1	120	1	4	4	1	1	2	1	1	2
PE078004	2	370	1	4	4	1	1	2	1	1	2
PE078005	1	500	1	4	4	0	 	 	0	 	 
PE078006	1	40	1	1	4	 	 	 	 	 	 
PE078007	1	180	1	1	4	 	 	 	 	 	 
PE078008	1	120	1	4	4	1	1	 	1	1	 
PE078009	1	38	1	1	4	 	 	 	 	 	 
PE078010	1	140	1	4	4	0	 	 	0	 	 
PE078010	2	200	1	4	8	0	 	 	0	 	 
PE078011	1	35	1	1	4	 	 	 	 	 	 
PE078012	1	130	1	4	4	0	 	 	0	 	 
PE078013	1	78	1	4	4	0	 	 	1	2	 
PE078013	2	250	1	4	8	1	2	 	1	2	 
PE078014	1	60	1	2	4	 	 	 	 	 	 
PE078014	2	60	1	4	4	1	1	 	1	1	 
PE078014	3	1	2	4	8	1	1	 	1	1	 
PE078014	4	500	1	4	8	1	1	 	1	1	 
PE078015	1	110	1	1	4	 	 	 	 	 	 
PE078015	2	110	1	4	11	1	1	2	1	1	2
PE078016	1	40	1	1	4	 	 	 	 	 	 
PE078017	1	340	1	4	4	2	1	2	0	 	 
PE078017	2	500	1	4	8	2	1	2	0	 	 
PE078018	1	80	1	1	4	 	 	 	 	 	 
PE078019	1	50	1	4	4	4	2	 	0	 	 
PE078020	1	40	1	4	4	1	4	 	1	4	 
PE078021	1	40	1	2	4	 	 	 	 	 	 
PE078021	2	300	1	4	1	0	 	 	0	 	 
PE078022	1	120	1	4	4	1	4	 	1	4	 
PE078023	1	50	1	1	4	 	 	 	 	 	 
PE078024	1	200	1	4	4	1	3	 	1	3	 
PE078024	2	80	1	4	8	1	1	2	1	1	2
PE078026	1	120	1	4	4	0	 	 	0	 	 
PE078027	1	63	1	4	4	1	1	 	1	1	 
PE078028	1	98	1	4	4	1	1	2	1	1	2
PE078029	1	75	1	4	4	0	 	 	1	2	 
PE078030	1	60	1	1	4	 	 	 	 	 	 
PE078031	1	60	1	4	4	 	 	 	 	 	 
PE078032	1	90	1	1	4	 	 	 	 	 	 
PE078033	1	35	1	2	4	 	 	 	 	 	 
PE078034	1	40	1	1	4	 	 	 	 	 	 
PE078035	1	200	1	1	4	 	 	 	 	 	 
PE078036	1	210	1	2	4	 	 	 	 	 	 
PE078037	1	48	1	2	4	 	 	 	 	 	 
PE078038	1	1111	1	4	4	0	 	 	0	 	 
PE078039	1	60	1	4	4	0	 	 	0	 	 
PE078040	1	25	1	4	4	0	 	 	1	1	2
PE078041	1	130	1	4	4	0	 	 	1	2	 
PE078041	2	80	1	4	4	0	 	 	1	2	 
PE078042	1	168	1	4	4	1	1	2	1	1	2
PE078042	2	108	1	4	4	1	1	2	1	1	2
PE078043	1	32	1	1	4	 	 	 	 	 	 
PE078044	1	120	1	4	4	1	1	2	1	1	2
PE078044	2	60	1	4	3	1	1	2	1	1	2
PE078045	1	160	1	4	4	0	 	 	1	1	2
PE078045	2	400	1	4	1	0	 	 	0	 	 
PE078045	3	16	1	4	4	0	 	 	0	 	 
PE078046	1	30	1	1	4	 	 	 	 	 	 
PE078047	1	158	1	4	4	1	1	2	0	 	 
PE078048	1	120	1	4	4	1	1	2	1	1	2
PE078048	2	40	1	4	4	1	1	2	1	1	2
PE078049	1	76	1	4	4	1	1	 	0	 	 
PE078050	1	70	1	1	4	 	 	 	 	 	 
PE078051	1	240	1	4	4	2	1	 	1	1	 
PE078051	2	80	1	4	8	2	1	 	1	1	 
PE078052	1	96	1	7	4	 	 	 	 	 	 
PE088001	1	300	1	4	4	1	3	2	1	3	2
PE088002	1	240	1	4	4	1	2	 	1	2	 
PE088003	1	100	1	2	4	 	 	 	 	 	 
PE088004	1	300	1	2	4	 	 	 	 	 	 
PE088004	2	6	1	4	4	0	 	 	1	2	 
PE088004	3	7	2	4	8	0	 	 	1	3	 
PE088005	1	40	1	2	4	 	 	 	 	 	 
PE088007	1	300	1	4	4	1	2	 	1	2	 
PE088008	1	105	1	4	4	4	1	 	1	1	 
PE088009	1	140	1	2	4	 	 	 	 	 	 
PE088010	1	105	1	4	4	1	1	2	0	 	 
PE088011	1	90	1	2	4	 	 	 	 	 	 
PE088012	1	20	1	2	4	 	 	 	 	 	 
PE088013	1	300	1	1	4	 	 	 	 	 	 
PE088014	1	150	1	4	4	2	3	 	1	3	 
PE088015	1	270	1	2	4	 	 	 	 	 	 
PE088016	1	210	1	4	4	1	1	 	1	1	 
PE088017	1	300	1	2	4	 	 	 	 	 	 
PE088018	1	300	1	4	4	1	3	 	1	3	 
PE088019	1	60	1	1	4	 	 	 	 	 	 
PE088020	1	150	1	4	4	1	2	 	0	 	 
PE088021	1	90	1	4	4	1	1	2	1	1	2
PE088022	1	150	1	4	4	1	2	 	1	2	 
PE088023	1	300	1	2	4	 	 	 	 	 	 
PE088024	1	150	1	4	4	1	1	2	0	 	 
PE088025	1	100	1	4	4	4	5	 	1	5	 
PE088026	1	100	1	4	4	2	1	2	1	1	2
PE088026	2	20	1	4	4	2	1	2	1	1	2
PE088027	1	150	1	4	4	0	 	 	1	90	 
PE088028	1	270	1	4	4	1	6	7	1	6	7
PE088029	1	150	1	4	4	1	1	 	1	1	 
PE088031	1	150	1	4	4	1	1	 	1	1	 
PE088032	1	125	1	2	4	 	 	 	 	 	 
PE098001	1	200	1	4	4	1	1	 	1	1	 
PE098001	2	.5	2	4	1	1	1	 	1	1	 
PE098001	3	.5	2	4	1	1	1	 	1	1	 
PE098001	4	.5	2	4	1	1	1	 	1	1	 
PE098001	5	.5	2	4	1	1	1	 	1	1	 
PE098001	6	.5	2	4	1	1	1	 	1	1	 
PE098001	7	5	2	4	1	1	1	 	1	1	 
PE098001	8	.5	2	4	1	1	1	 	1	1	 
PE098001	9	.5	2	4	1	1	1	 	1	1	 
PE098002	1	500	1	4	4	0	 	 	0	 	 
PE098002	2	1000	1	4	11	0	 	 	0	 	 
PE098002	3	2500	1	4	8	0	 	 	1	80	 
PE098002	4	2500	1	4	2	0	 	 	1	80	 
PE098002	5	2500	1	4	2	0	 	 	0	 	 
PE098002	6	2500	1	4	2	0	 	 	0	 	 
PE098002	7	1000	1	4	2	0	 	 	0	 	 
PE098002	8	1000	1	4	2	0	 	 	0	 	 
PE098002	9	1000	1	2	2	 	 	 	 	 	 
PE098002	10	500	1	2	1	 	 	 	 	 	 
PE098002	11	500	1	2	1	 	 	 	 	 	 
PE098002	12	500	1	2	1	 	 	 	 	 	 
PE098003	1	360	1	2	4	 	 	 	 	 	 
PE098003	2	6	2	2	1	 	 	 	 	 	 
PE098003	3	2	2	4	1	1	1	2	1	1	2
PE098003	4	72	1	4	4	1	1	2	1	1	2
PE098003	5	5900	1	4	1	1	1	2	1	1	2
PE098003	6	10000	1	5	1	 	 	 	 	 	 
PE098004	1	100	1	4	4	1	1	2	0	 	 
PE098004	2	2	3	3	1	 	 	 	 	 	 
PE098004	3	1	3	3	1	 	 	 	 	 	 
PE098004	4	1.5	3	3	1	 	 	 	 	 	 
PE098004	5	.5	3	3	1	 	 	 	 	 	 
PE098004	6	30	1	4	3	1	1	2	0	 	 
PE098005	1	100	1	4	4	1	1	 	1	1	 
PE098005	2	500	1	4	1	1	1	 	1	1	 
PE098005	3	180	1	4	1	1	1	 	1	1	 
PE098005	4	80	1	4	1	1	1	 	1	1	 
PE098006	1	120	1	4	4	1	1	2	1	1	2
PE098007	1	160	1	4	4	1	1	 	1	1	 
PE098007	2	600	1	4	1	1	1	 	1	1	 
PE098007	3	200	1	4	1	1	1	 	1	1	 
PE098008	1	100	1	4	4	0	 	 	0	 	 
PE098008	2	1500	1	4	1	0	 	 	0	 	 
PE098008	3	11	1	4	2	0	 	 	0	 	 
PE098008	4	1000	1	4	8	0	 	 	0	 	 
PE098008	5	880	1	4	1	0	 	 	0	 	 
PE098008	6	600	1	4	1	0	 	 	0	 	 
PE098009	1	100	1	4	4	0	 	 	0	 	 
PE098009	2	1	2	2	1	 	 	 	 	 	 
PE098009	3	1	2	2	1	 	 	 	 	 	 
PE098009	4	5000	1	2	1	 	 	 	 	 	 
PE098010	1	100	1	4	4	1	1	2	1	1	2
PE098010	2	650	1	4	1	1	1	2	1	1	2
PE098010	3	250	1	4	1	1	1	2	1	1	2
PE098010	4	350	1	4	1	1	1	2	1	1	2
PE098010	5	150	1	4	1	1	1	2	1	1	2
PE098010	6	1200	1	3	1	 	 	 	 	 	 
PE098010	7	750	1	3	2	 	 	 	 	 	 
PE098010	8	450	1	3	2	 	 	 	 	 	 
PE098011	1	50	1	4	4	0	 	 	0	 	 
PE098011	2	2500	1	3	1	 	 	 	 	 	 
PE098011	3	1250	1	3	1	 	 	 	 	 	 
PE098012	1	120	1	4	4	1	1	 	0	 	 
PE098012	2	.5	2	4	1	1	1	 	0	 	 
PE098012	3	2500	1	4	1	1	1	 	0	 	 
PE098012	4	2500	1	4	1	1	1	 	0	 	 
PE098012	5	1250	1	4	1	1	1	 	0	 	 
PE098012	6	1250	1	4	1	1	1	 	0	 	 
PE098012	7	1250	1	4	1	1	1	 	0	 	 
PE098012	8	1250	1	4	1	1	1	 	0	 	 
PE098013	1	100	1	4	4	0	 	 	0	 	 
PE098013	2	600	1	1	1	 	 	 	 	 	 
PE098013	3	600	1	2	1	 	 	 	 	 	 
PE098014	1	180	1	4	4	0	 	 	1	 	 
PE098014	2	600	1	3	1	 	 	 	 	 	 
PE098014	3	300	1	3	1	 	 	 	 	 	 
PE098014	4	280	1	3	1	 	 	 	 	 	 
PE098014	5	150	1	3	1	 	 	 	 	 	 
PE098014	6	80	1	3	1	 	 	 	 	 	 
PE098014	7	30	1	3	1	 	 	 	 	 	 
PE098015	1	60	1	4	4	1	1	2	0	 	 
PE098015	2	500	1	4	1	1	1	2	0	 	 
PE098015	3	4	2	4	1	1	1	2	0	 	 
PE098015	4	2	2	4	1	1	1	2	0	 	 
PE098016	1	60	1	4	4	1	1	2	0	 	 
PE098016	2	40	1	4	1	1	1	2	0	 	 
PE098016	3	2500	1	4	1	1	1	2	0	 	 
PE098017	1	88	1	4	4	0	 	 	0	 	 
PE098017	2	3	3	3	1	 	 	 	 	 	 
PE098017	3	1	3	3	1	 	 	 	 	 	 
PE098017	4	1	3	3	1	 	 	 	 	 	 
PE098017	5	.5	3	3	1	 	 	 	 	 	 
PE098018	1	80	1	1	4	 	 	 	 	 	 
PE098019	1	150	1	4	4	0	 	 	0	 	 
PE098019	2	.5	3	4	1	0	 	 	0	 	 
PE098019	3	20	1	4	1	0	 	 	0	 	 
PE098020	1	96	1	4	4	1	1	2	0	 	 
PE098020	2	33	2	4	1	1	1	2	0	 	 
PE098020	3	200	1	4	4	1	1	2	0	 	 
PE098021	1	300	1	4	4	1	3	 	1	3	 
PE098021	2	3	3	4	1	1	3	 	1	3	 
PE098021	3	.5	3	4	1	1	3	 	1	1	 
PE098021	4	.5	3	4	1	1	3	 	1	3	 
PE098021	5	.5	3	4	1	1	 	3	1	3	 
PE098022	1	500	1	4	4	0	 	 	0	 	 
PE098022	2	500	1	4	1	0	 	 	0	 	 
PE098022	3	500	1	4	1	0	 	 	0	 	 
PE098022	4	500	1	3	1	 	 	 	 	 	 
PE098022	5	500	1	3	1	 	 	 	 	 	 
PE098022	6	500	1	3	1	 	 	 	 	 	 
PE098023	1	35	1	4	4	1	1	2	1	1	2
PE098023	2	.5	3	4	1	1	1	2	1	1	2
PE098023	3	.5	3	4	1	1	1	2	1	1	2
PE098023	4	2.5	3	3	1	 	 	 	 	 	 
PE098024	1	80	1	4	4	2	2	 	0	 	 
PE098024	2	70	1	4	1	2	2	 	0	 	 
PE098024	3	35	1	4	8	2	2	 	0	 	 
PE098024	4	25	1	4	1	2	2	 	0	 	 
PE098025	1	42	1	4	4	1	1	 	1	1	 
PE098025	2	.5	3	4	1	1	1	 	1	1	 
PE098025	3	2	3	4	10	1	1	 	1	1	 
PE098025	4	1	3	4	1	1	1	 	1	1	 
PE098025	5	.5	3	4	1	1	1	 	1	1	 
PE098025	6	.5	3	4	1	1	1	 	1	1	 
PE098025	7	70	1	4	3	1	1	 	1	1	 
PE098026	1	250	1	4	4	1	1	2	1	1	2
PE098026	2	1000	1	4	1	1	1	2	1	1	2
PE098026	3	1000	1	3	1	 	 	 	 	 	 
PE098027	1	100	1	4	4	0	 	 	1	2	 
PE098027	2	100	1	2	1	 	 	 	 	 	 
PE098028	1	150	1	4	4	0	 	 	1	1	2
PE098028	2	70	1	4	8	0	 	 	1	1	2
PE098029	1	300	1	4	4	0	 	 	0	 	 
PE098029	2	.25	2	2	1	 	 	 	 	 	 
PE108002	1	594	1	4	4	1	1	2	1	1	2
PE108003	1	200	1	4	4	0	 	 	0	 	 
PE108004	1	45	1	6	4	0	 	 	0	 	 
PE108005	1	60	1	1	4	 	 	 	 	 	 
PE108006	1	50	1	2	4	 	 	 	 	 	 
PE108007	1	270	1	4	4	1	1	2	1	1	2
PE108008	1	100	1	4	4	1	5	 	0	 	 
PE108008	2	100	1	4	6	1	5	 	0	 	 
PE108008	3	.5	3	4	1	1	5	 	0	 	 
PE108009	1	55	1	4	4	1	1	2	1	1	2
PE108010	1	100	1	4	4	1	2	1	1	2	1
PE108010	2	100	1	1	4	 	 	 	 	 	 
PE108011	1	122	1	4	4	0	 	 	0	 	 
PE108011	2	122	1	2	4	 	 	 	 	 	 
PE108013	1	100	1	2	4	 	 	 	 	 	 
PE108015	1	60	1	4	4	0	 	 	1	2	 
PE108015	2	30	1	4	1	0	 	 	0	 	 
PE108016	1	53	1	4	4	0	 	 	1	1	2
PE108017	1	320	1	1	4	 	 	 	 	 	 
PE108020	1	120	1	4	4	0	 	 	1	4	 
PE108021	1	140	1	4	4	1	6	7	1	6	7
PE108022	1	50	1	2	4	 	 	 	 	 	 
PE108023	1	220	1	4	4	0	 	 	1	1	2
PE108024	1	180	1	4	4	0	 	 	0	 	 
PE108025	1	120	1	4	4	1	1	2	1	1	2
PE108026	1	472.5	1	4	4	1	5	 	1	5	 
PE108026	2	1.5	2	4	8	1	5	 	1	5	 
PE108027	1	24	1	2	4	 	 	 	 	 	 
PE108028	1	100	1	4	4	1	3	4	0	 	 
PE108029	1	70	1	4	4	1	1	2	1	1	2
PE118001	1	100	1	1	4	 	 	 	 	 	 
PE118001	2	200	1	4	1	0	 	 	1	80	 
PE118001	3	103	1	4	8	0	 	 	1	80	 
PE118002	1	90	1	1	4	 	 	 	 	 	 
PE118002	2	5000	1	2	1	 	 	 	 	 	 
PE118003	1	90	1	4	4	1	1	2	0	 	 
PE118003	2	1500	1	4	1	2	1	2	0	 	 
PE118003	3	1500	1	4	1	2	1	2	0	 	 
PE118004	1	90	1	4	4	1	1	 	1	1	 
PE118004	2	80	1	4	1	1	1	 	1	1	 
PE118005	1	100	1	4	4	0	 	 	1	80	 
PE118005	2	1	2	4	8	0	 	 	1	80	 
PE118005	3	650	1	4	1	0	 	 	1	80	 
PE118005	4	500	1	4	1	0	 	 	1	80	 
PE118005	5	500	1	4	8	0	 	 	1	80	 
PE118005	6	150	1	4	8	0	 	 	1	80	 
PE118005	7	160	1	4	1	0	 	 	1	80	 
PE118005	8	100	1	4	1	0	 	 	1	80	 
PE118005	9	100	1	4	8	0	 	 	1	80	 
PE118006	1	30	1	4	4	0	 	 	1	1	2
PE118006	2	5	2	4	1	0	 	 	1	1	2
PE118007	1	35	1	1	4	 	 	 	 	 	 
PE118008	1	40	1	4	4	1	1	 	0	 	 
PE118008	2	.5	2	4	4	1	1	 	0	 	 
PE118008	3	30	1	4	1	1	1	 	0	 	 
PE118009	1	160	1	4	4	1	1	 	1	1	 
PE118009	2	2500	1	4	1	1	1	 	1	1	 
PE118009	3	1250	1	4	1	1	1	 	1	1	 
PE118009	4	160	1	4	1	1	1	 	1	1	 
PE118009	5	120	1	4	1	1	1	 	1	1	 
PE118010	1	60	1	4	4	0	 	 	0	 	 
PE118010	2	5	2	4	1	0	 	 	0	 	 
PE118011	1	160	1	4	4	0	 	 	0	 	 
PE118011	2	500	1	4	1	0	 	 	0	 	 
PE118011	3	400	1	4	1	0	 	 	0	 	 
PE118011	4	1	2	4	8	0	 	 	0	 	 
PE118011	5	1	2	4	8	0	 	 	0	 	 
PE118011	6	150	1	4	8	0	 	 	0	 	 
PE118011	7	150	1	4	8	0	 	 	0	 	 
PE118011	8	150	1	2	1	 	 	 	 	 	 
PE118011	9	150	1	2	1	 	 	 	 	 	 
PE118012	1	35	1	4	4	0	 	 	0	 	 
PE118012	2	1000	1	1	1	 	 	 	 	 	 
PE118013	1	180	1	4	4	0	 	 	1	1	2
PE118013	2	50000	1	4	1	0	 	 	1	1	2
PE118013	3	5000	1	4	1	0	 	 	1	1	2
PE118013	4	3000	1	4	8	0	 	 	1	1	2
PE118014	1	200	1	2	4	 	 	 	 	 	 
PE118015	1	200	1	2	4	 	 	 	 	 	 
PE118015	2	625	1	2	1	 	 	 	 	 	 
PE118015	3	625	1	2	1	 	 	 	 	 	 
PE118016	1	60	1	4	4	0	 	 	1	2	 
PE118016	2	5	2	4	1	0	 	 	1	2	 
PE118016	3	4	2	4	1	0	 	 	1	2	 
PE118017	1	280	1	4	4	1	2	1	1	2	1
PE118017	2	1	3	4	1	1	2	1	1	2	1
PE118017	3	1	3	4	1	1	2	1	1	2	1
PE118018	1	100	1	4	4	1	2	 	1	2	 
PE118018	2	2	3	4	1	1	2	 	1	2	 
PE118018	3	2	3	4	1	1	2	 	1	2	 
PE118018	4	2	3	4	1	1	2	 	1	2	 
PE118018	5	2	3	4	1	1	2	 	1	2	 
PE118019	1	200	1	4	4	1	1	 	1	1	 
PE118019	2	1	3	4	1	1	1	 	1	1	 
PE118019	3	1	3	4	1	1	1	 	1	1	 
PE118020	1	42	1	2	4	 	 	 	 	 	 
PE118020	2	50	1	4	4	1	1	2	1	1	2
PE118020	3	.5	2	4	1	1	1	2	1	1	2
PE118020	4	.5	2	2	1	 	 	 	 	 	 
PE118021	1	180	1	4	4	0	 	 	0	 	 
PE118021	2	100	1	4	11	0	 	 	1	1	 
PE118021	3	100	1	4	11	0	 	 	0	 	 
PE118022	1	90	1	4	4	4	1	 	1	1	 
PE118022	2	2	2	4	1	2	1	 	1	1	 
PE118023	1	18	1	4	4	1	1	2	1	1	2
PE118023	2	80	1	4	1	1	1	2	1	1	2
PE118023	3	40	1	2	1	 	 	 	 	 	 
PE118027	1	25	1	4	4	2	1	2	0	 	 
PE118027	2	.5	2	4	1	4	1	2	1	1	2
PE118027	3	1	2	4	1	4	1	2	1	1	2
PE118027	4	3	2	4	1	4	1	2	1	1	2
PE118028	1	50	1	4	4	2	3	 	0	 	 
PE118028	2	1	2	4	1	4	3	 	1	3	 
PE118029	1	90	1	4	4	2	1	2	0	 	 
PE118029	2	.5	2	4	1	2	1	2	1	1	2
PE118029	3	2000	1	4	1	2	1	2	0	 	 
PE118029	4	1000	1	4	1	2	1	2	0	 	 
PE118029	5	500	1	4	1	2	1	2	0	 	 
PE118030	1	160	1	4	4	1	1	 	1	1	 
PE118030	2	1	2	4	1	1	1	 	1	1	 
PE118030	3	100	1	4	1	1	1	 	1	1	 
PE128002	1	50	1	1	4	 	 	 	 	 	 
PE128003	1	90	1	4	4	1	1	3	1	1	3
PE128004	1	90	1	4	4	1	17	 	1	17	 
PE128005	1	90	1	4	4	1	3	 	1	3	 
PE128005	2	6	1	4	6	0	 	 	1	1	 
PE128006	1	120	1	4	4	2	2	 	0	 	 
PE128007	1	90	1	4	4	1	1	2	1	1	2
PE128008	1	540	1	4	4	2	2	 	1	2	 
PE128009	1	80	1	4	4	1	4	 	1	4	 
PE128010	1	12	1	1	4	 	 	 	 	 	 
PE128011	1	540	1	4	4	2	1	 	1	1	 
PE128012	1	90	1	4	4	1	3	 	1	3	 
PE128013	1	90	1	4	4	0	 	 	1	3	4
PE128014	1	90	1	4	4	4	1	2	0	 	 
PE128015	1	90	1	4	4	1	3	 	1	3	 
PE128016	1	90	1	4	4	1	1	2	1	1	2
PE128017	1	180	1	4	4	2	1	2	1	1	2
PE128018	1	90	1	4	4	1	1	 	1	1	 
PE128019	1	90	1	4	4	1	1	2	1	1	2
PE128020	1	90	1	4	4	1	2	1	1	2	1
PE128021	1	90	1	4	4	1	1	2	1	1	2
PE128022	1	22.5	1	4	4	1	4	6	1	4	6
PE128023	1	90	1	4	4	1	2	 	1	2	 
PE128024	1	90	1	4	4	1	1	2	1	1	2
PE128026	1	120	1	4	4	2	1	2	1	1	2
PE128027	1	120	1	4	4	1	1	2	1	1	2
PE128028	1	90	1	4	4	4	80	 	1	80	 
PE128029	1	90	1	4	4	1	16	 	1	16	 
PE128030	1	90	1	4	4	1	7	 	1	7	 
PE128031	1	90	1	4	4	1	1	2	1	1	2
PE128032	1	90	1	4	4	1	1	2	1	1	2
PE128033	1	90	1	4	4	1	2	1	1	2	1
PE128034	1	90	1	4	4	0	 	 	1	1	 
PE128037	1	45	1	4	4	1	5	6	1	5	6
PE128038	1	120	1	2	4	 	 	 	 	 	 
PE128038	2	120	1	4	4	4	1	2	1	1	2
PE128039	1	90	1	4	4	1	1	2	1	1	2
PE128039	2	 	2	4	8	2	1	 	1	1	 
PE128040	1	120	1	4	4	1	1	2	1	1	 
PE128041	1	120	1	4	4	0	 	 	1	1	2
PE128042	1	45	1	2	4	 	 	 	 	 	 
PE128043	1	120	1	4	4	4	1	2	1	1	2
PE128044	1	20	1	3	4	 	 	 	 	 	 
PE128045	1	90	1	2	4	 	 	 	 	 	 
PE128046	1	28	1	2	4	 	 	 	 	 	 
PE128047	1	120	1	4	4	1	5	 	1	5	 
PE128048	1	90	1	4	4	1	2	 	1	2	 
PE128049	1	90	1	4	4	1	1	2	1	1	2
PE128050	1	90	1	4	4	1	1	 	1	1	 
PE128051	1	150	1	4	4	1	1	2	1	1	2
PE138002	1	180	1	4	4	0	 	 	1	2	 
PE138003	1	90	1	4	4	0	 	 	0	 	 
PE138004	1	90	1	4	4	 	 	 	 	 	 
PE138005	1	200	1	4	4	1	2	 	1	2	 
PE138005	2	186	1	4	4	1	2	 	1	2	 
PE138005	3	89	1	4	4	1	2	 	1	2	 
PE138007	1	90	1	4	4	1	1	 	1	1	 
PE138008	1	160	1	2	4	 	 	 	 	 	 
PE138009	1	90	1	4	4	1	2	 	1	2	 
PE138010	1	130	1	4	4	1	11	6	1	11	6
PE138010	2	700	1	4	4	1	6	 	1	6	 
PE138011	1	90	1	4	4	1	1	2	1	1	2
PE138012	1	90	1	4	4	2	2	 	1	2	 
PE138013	1	92	1	4	4	1	1	2	1	1	2
PE138013	2	500	1	4	8	1	1	2	1	1	2
PE138014	1	20	1	1	4	 	 	 	 	 	 
PE138015	1	90	1	1	4	 	 	 	 	 	 
PE138016	1	45	1	4	4	2	2	 	1	2	 
PE138016	2	120	1	4	8	2	1	2	0	 	 
PE138017	1	90	1	4	4	0	 	 	1	1	 
PE138020	1	90	1	4	4	1	1	 	1	1	 
PE138021	1	90	1	4	4	1	1	4	1	1	 
PE138022	1	90	1	4	4	1	1	 	1	1	 
PE138023	1	90	1	4	4	1	1	 	1	1	 
PE138024	1	90	1	4	4	0	 	 	1	1	 
PE138025	1	90	1	4	4	1	1	 	1	1	 
PE138026	1	10	1	1	4	 	 	 	 	 	 
PE138027	1	90	1	4	4	1	2	 	1	2	 
PE138027	2	5000	1	4	1	1	5	 	1	5	90
PE138028	1	300	1	4	4	0	 	 	0	 	 
PE138028	2	1	2	4	1	4	17	18	1	17	18
PE138028	3	500	1	4	1	4	17	18	1	17	18
PE138029	1	60	1	2	4	 	 	 	 	 	 
PE138030	1	90	1	4	4	0	 	 	0	 	 
PE138030	2	200	1	3	8	 	 	 	 	 	 
PE138031	1	90	1	4	4	2	1	 	1	1	 
PE138031	2	9	1	2	4	 	 	 	 	 	 
PE138032	1	200	1	4	4	1	1	2	1	1	2
PE138033	1	90	1	4	4	2	3	4	0	 	 
PE138034	1	90	1	4	4	2	1	90	1	1	90
PE138035	1	90	1	4	4	2	1	2	1	1	2
PE138035	2	4	1	4	4	4	2	 	0	 	 
PE138036	1	90	1	4	4	2	4	 	1	4	2
PE138036	2	350	1	4	4	2	4	 	1	4	2
PE138036	3	400	1	4	6	2	4	 	1	4	2
PE138036	7	300	1	1	1	 	 	 	 	 	 
PE138037	1	54	1	4	4	1	2	 	1	2	 
PE138038	1	90	1	4	4	1	1	 	1	1	 
PE138038	2	240	1	4	8	1	1	 	1	1	 
PE138039	1	70	1	2	4	 	 	 	 	 	 
PE138039	2	100	1	4	4	1	4	2	0	 	 
PE138039	3	500	1	4	1	1	4	2	0	 	 
PE138039	4	500	1	4	1	1	4	2	0	 	 
PE138039	5	500	1	4	1	1	4	2	0	 	 
PE138040	1	90	1	4	4	1	2	 	1	2	 
PE138040	2	90	1	4	4	1	2	 	1	2	 
PE138041	1	120	1	4	4	1	1	2	1	1	2
PE138041	2	2	1	4	4	1	1	2	1	1	2
PE138042	1	100	1	4	4	0	 	 	1	16	 
PE138042	2	5	2	4	10	0	 	 	1	16	 
PE138042	3	3	2	4	1	0	 	 	1	17	 
PE138043	1	90	1	4	4	0	 	 	1	2	 
PE138044	1	90	1	4	4	1	1	 	1	1	 
PE138045	1	90	1	4	4	1	2	 	1	2	 
PE138046	1	90	1	2	4	 	 	 	 	 	 
PE138047	1	90	1	7	4	 	 	 	 	 	 
PE138048	1	47	1	4	4	0	 	 	1	1	2
PE138049	1	95	1	4	1	0	 	 	0	 	 
PE138050	1	90	1	4	4	0	 	 	0	 	 
PE138051	1	90	1	4	4	1	2	1	1	2	1
PE138051	2	2000	1	4	6	1	1	 	1	1	 
PE138051	3	800	1	4	6	1	1	 	1	1	 
PE138051	4	600	1	4	6	1	1	 	1	1	 
PE138052	1	90	1	2	4	 	 	 	 	 	 
PE138053	1	90	1	4	4	2	1	2	1	1	2
PE138053	2	90	1	4	4	2	1	2	1	1	2
PE148001	1	140.300003051758	1	4	4	4	1	2	1	1	2
PE148002	1	90	1	4	4	1	1	 	1	1	 
PE148003	1	250	1	4	4	1	3	 	1	3	 
PE148004	1	120	4	4	4	2	1	 	0	 	 
PE148005	1	120	1	2	4	 	 	 	 	 	 
PE148006	1	111	1	4	4	1	1	2	0	 	 
PE148007	1	200	1	4	4	1	4	 	1	4	 
PE148008	1	200	1	4	4	1	1	2	1	1	2
PE148009	1	180	1	1	4	 	 	 	 	 	 
PE148010	1	80	1	4	4	1	2	 	1	2	 
PE148011	1	150	1	4	4	4	90	4	1	90	4
PE148012	1	120	1	4	4	4	1	2	1	1	2
PE148012	2	80	1	4	4	4	1	2	1	1	2
PE148012	3	4000	1	4	1	4	1	2	1	1	2
PE148013	1	40	1	4	4	1	2	1	1	2	1
PE148013	2	100	1	4	6	1	2	1	1	2	1
PE148014	1	250	1	4	4	1	2	 	0	 	 
PE148015	1	500	1	4	4	4	24	 	1	24	 
PE148015	2	500	1	4	4	4	24	 	1	24	 
PE148015	3	50	1	4	8	4	1	 	0	 	 
PE148016	1	250	1	4	4	1	1	2	1	2	1
PE148017	1	65	1	4	4	2	3	 	0	 	 
PE148018	1	120	1	4	4	1	1	2	1	1	2
PE148018	2	120	1	4	4	1	1	2	1	1	2
PE148019	1	40	1	2	4	 	 	 	 	 	 
PE148020	1	180	1	4	4	1	1	2	1	1	2
PE148021	1	120	1	4	4	4	1	 	1	1	 
PE148022	1	9	1	2	4	 	 	 	 	 	 
PE148022	2	200	1	4	4	2	1	2	0	 	 
PE148023	1	200	1	4	4	1	1	2	1	1	2
PE148024	1	180	1	4	4	1	2	 	1	2	 
PE148025	1	160	1	4	4	1	1	2	1	1	2
PE148026	1	144	1	4	4	2	1	 	1	1	 
PE148027	1	153	1	4	4	4	1	2	1	1	2
PE148028	1	270	1	4	4	1	3	 	1	3	 
PE148029	1	40	1	2	4	 	 	 	 	 	 
PE148030	1	200	1	4	4	4	1	2	1	1	2
PE148031	1	30	1	2	4	 	 	 	 	 	 
PE148032	1	500	1	4	4	4	80	 	1	2	 
PE148032	2	1500	1	4	4	4	80	 	1	2	 
PE148032	3	139	1	4	8	4	80	 	1	1	 
PE148033	1	160	1	4	4	2	1	2	0	 	 
PE148034	1	117	1	4	4	4	1	 	1	1	 
PE148035	1	50	1	1	4	4	1	2	1	1	2
PE148036	1	100	1	2	4	 	 	 	 	 	 
PE148037	1	40	1	2	4	 	 	 	 	 	 
PE148038	1	148	1	4	4	2	1	2	0	 	 
PE148039	1	250	1	4	4	4	1	2	1	1	2
PE148040	1	250	1	4	4	1	1	2	1	1	2
PE148041	1	55	1	4	4	1	1	2	1	1	2
PE148041	2	200	1	4	4	1	1	2	1	1	2
PE148042	1	130.100006103516	1	4	4	1	1	2	1	1	2
PE148043	1	100	1	1	4	 	 	 	 	 	 
PE148044	1	120	1	2	4	 	 	 	 	 	 
PE148045	1	200	1	4	4	4	1	2	1	1	2
PE148045	2	200	1	4	4	4	1	2	1	1	2
PE148046	1	90	1	2	4	 	 	 	 	 	 
PE148047	1	280	1	4	4	2	1	2	0	 	 
PE148047	2	6	1	4	4	2	1	2	0	 	 
PE148048	1	300	1	4	4	0	 	 	0	 	 
PE148049	1	150	1	4	4	1	1	 	1	1	 
PE148050	1	220	1	4	4	1	1	2	1	1	2
PE148051	1	40	1	4	4	1	1	2	0	 	 
PE158001	1	120	1	4	4	2	1	2	0	 	 
PE158001	2	9600	1	4	1	4	2	 	1	1	2
PE158002	1	50	1	4	4	0	 	 	0	 	 
PE158002	2	80	1	2	4	 	 	 	 	 	 
PE158003	1	50	1	4	4	4	1	 	1	1	 
PE158003	2	190	1	4	1	4	1	 	1	1	 
PE158003	3	150	1	4	1	4	1	 	1	1	 
PE158004	1	150	1	4	4	0	 	 	0	 	 
PE158005	1	40	1	4	4	1	1	2	1	1	2
PE158006	1	200	1	7	4	 	 	 	 	 	 
PE158006	2	1	6	7	1	 	 	 	 	 	 
PE158007	1	10	1	1	4	 	 	 	 	 	 
PE158007	2	5000	1	1	1	 	 	 	 	 	 
PE158007	3	15	1	1	4	 	 	 	 	 	 
PE158008	1	1000	2	4	4	0	 	 	0	 	 
PE158008	2	2500	2	4	1	0	 	 	0	 	 
PE158009	1	100	1	2	4	 	 	 	 	 	 
PE158009	2	70000	1	2	1	 	 	 	 	 	 
PE158010	1	450	1	4	4	1	1	2	1	1	2
PE158010	2	8	6	4	1	1	1	2	1	1	2
PE158011	1	72	1	4	4	2	1	2	1	1	2
PE158011	2	1300	1	4	1	2	1	2	1	1	2
PE158012	1	600	1	2	4	 	 	 	 	 	 
PE158012	2	5	6	4	1	1	1	 	1	1	 
PE158012	3	1.5	6	4	1	1	1	 	1	1	 
PE158013	1	450	1	4	4	1	1	2	1	1	2
PE158013	2	3.5	6	4	1	1	1	2	1	1	2
PE158014	1	36	1	4	4	0	 	 	0	 	 
PE158014	2	400	1	4	1	0	 	 	0	 	 
PE158015	1	16	1	2	4	 	 	 	 	 	 
PE158016	1	450	1	5	4	 	 	 	 	 	 
PE158016	2	3000	1	5	1	 	 	 	 	 	 
PE158017	1	180	1	4	4	1	1	 	1	1	 
PE158017	2	1	6	4	1	1	1	 	1	1	 
PE158017	3	5	6	4	1	1	5	 	1	5	 
PE158018	1	32	1	7	4	 	 	 	 	 	 
PE158019	1	450	1	4	4	3	90	 	0	 	 
PE158019	2	6	6	4	1	3	90	 	0	 	 
PE158019	3	1	6	4	1	3	90	 	0	 	 
PE158020	1	40	1	1	4	 	 	 	 	 	 
PE158020	2	300	1	4	8	3	1	2	0	 	 
PE158021	1	300	1	4	4	0	 	 	0	 	 
PE158021	2	300	1	4	1	0	 	 	0	 	 
PE158022	1	400	1	5	4	 	 	 	 	 	 
PE158022	2	30000	1	5	1	 	 	 	 	 	 
PE158023	1	24	1	5	4	 	 	 	 	 	 
PE158023	2	.5	2	5	1	 	 	 	 	 	 
PE158024	1	30	1	4	4	0	 	 	1	1	 
PE158024	2	2	2	4	1	0	 	 	0	 	 
PE158025	1	250	1	4	4	1	1	2	1	1	2
PE158025	2	2	6	4	1	1	1	2	1	1	2
PE158025	3	.5	6	1	1	 	 	 	 	 	 
PE158026	1	150	1	4	4	0	 	 	0	 	 
PE158031	1	300	1	5	4	 	 	 	 	 	 
PE158031	2	10000	1	5	1	 	 	 	 	 	 
PE158031	3	10000	1	5	1	 	 	 	 	 	 
PE158032	1	28	1	4	4	3	90	 	1	1	 
PE158032	2	2	6	4	1	3	90	 	1	1	 
PE158033	1	90	1	4	4	0	 	 	1	1	 
PE158034	1	300	1	4	4	1	1	2	1	1	2
PE158034	2	1.5	6	4	1	1	1	2	1	1	2
PE158035	1	56	1	4	4	1	1	2	1	1	2
PE158036	1	300	1	4	4	1	1	 	1	1	 
PE158036	2	9	2	4	1	1	1	 	1	1	 
PE158037	1	160	1	4	4	1	1	2	1	1	2
PE158037	2	2	6	4	1	1	1	2	1	1	2
PE158038	1	200	1	4	4	1	1	2	1	1	 
PE158038	2	100	1	4	3	1	1	2	0	 	 
PE158039	1	300	1	4	4	1	1	2	1	1	2
PE158039	2	6	2	4	1	1	1	2	1	1	2
PE158039	3	5	1	4	4	1	1	2	1	1	2
PE158039	4	.5	1	1	1	 	 	 	 	 	 
PE158040	1	300	1	2	4	 	 	 	 	 	 
PE158040	2	25	2	7	1	 	 	 	 	 	 
PE158040	3	150	1	4	8	1	1	2	1	1	2
PE158041	1	160	1	4	4	1	1	2	1	1	2
PE158041	2	4	2	4	1	1	1	2	1	1	2
PE158042	1	300	1	4	4	0	 	 	0	 	 
PE158042	2	2	6	4	1	0	 	 	0	 	 
PE158043	1	30	1	5	4	 	 	 	 	 	 
PE158043	2	4	6	4	1	0	 	 	1	1	2
PE158043	3	1	6	1	1	 	 	 	 	 	 
PE158044	1	360	1	1	4	 	 	 	 	 	 
PE158045	1	100	1	5	4	 	 	 	 	 	 
PE158045	2	300	1	5	3	 	 	 	 	 	 
PE158045	3	5	6	5	1	 	 	 	 	 	 
PE158046	1	80	1	4	4	0	 	 	1	1	3
PE158046	2	2000	1	4	1	0	 	 	1	1	3
PE158047	1	110	1	4	4	1	1	2	1	1	2
PE158048	1	250	1	4	4	0	 	 	1	1	2
PE158048	2	2	6	2	1	 	 	 	 	 	 
PE158048	3	.5	6	1	1	 	 	 	 	 	 
PE158049	1	50	1	5	4	 	 	 	 	 	 
PE158049	2	5	6	4	1	0	 	 	1	1	2
PE158050	1	60	1	4	4	4	1	 	0	 	 
PE158050	2	3	2	4	1	0	 	 	0	 	 
PE158050	3	240	1	4	1	4	1	 	0	 	 
PE158051	1	450	1	4	4	3	90	 	0	 	 
PE158051	2	2	6	4	1	3	90	 	0	 	 
PE158052	1	300	1	4	4	1	2	 	1	2	 
PE158052	2	3	2	4	1	1	2	 	1	2	 
PE158052	3	8	2	4	1	1	2	 	1	2	 
PE158052	4	20	1	1	4	 	 	 	 	 	 
PE158053	1	70	1	4	4	1	1	 	0	 	 
PE158053	2	3	6	4	1	1	1	 	0	 	 
PE158053	3	1.5	6	4	1	1	1	 	0	 	 
PE158054	1	80	1	4	4	3	90	 	0	 	 
PE158054	2	2	6	5	1	 	 	 	 	 	 
PE158055	1	15	1	4	4	1	1	2	1	1	2
PE158055	2	4	6	5	1	 	 	 	 	 	 
PE158056	1	250	1	5	4	 	 	 	 	 	 
PE158056	2	250	1	5	4	 	 	 	 	 	 
PE158056	3	10000	1	5	1	 	 	 	 	 	 
PE158057	1	360	1	4	4	1	1	 	1	1	 
PE168001	1	320	1	4	4	0	 	 	0	 	 
PE168001	2	500	1	2	1	 	 	 	 	 	 
PE168001	3	50	1	4	1	0	 	 	0	 	 
PE168001	4	30	1	4	1	0	 	 	0	 	 
PE168002	1	30	1	4	4	0	 	 	0	 	 
PE168002	2	100	1	4	1	0	 	 	0	 	 
PE168002	3	50	1	4	1	0	 	 	0	 	 
PE168002	4	30	1	4	1	0	 	 	0	 	 
PE168002	5	30	1	4	1	0	 	 	0	 	 
PE168002	6	20	1	4	8	0	 	 	0	 	 
PE168002	7	20	1	4	8	0	 	 	0	 	 
PE168002	8	20	1	4	8	0	 	 	0	 	 
PE168003	1	100	1	4	4	1	1	2	1	1	2
PE168003	2	625	1	4	1	1	1	2	1	1	2
PE168003	3	625	1	4	1	1	1	2	1	1	2
PE168004	1	70	1	4	4	0	 	 	1	1	 
PE168004	2	2	3	4	1	0	 	 	1	1	2
PE168004	3	1	3	4	1	0	 	 	1	1	2
PE168004	4	1250	1	4	1	0	 	 	1	1	2
PE168004	5	2	3	4	1	0	 	 	1	1	2
PE168004	6	2	3	4	1	0	 	 	1	1	2
PE168004	7	1	3	4	1	0	 	 	1	1	 
PE168004	8	1250	1	4	1	0	 	 	1	1	 
PE168004	9	180	1	4	14	0	 	 	1	1	 
PE168005	1	800	1	4	4	0	 	 	1	1	 
PE168005	2	2	2	4	1	0	 	 	1	1	 
PE168005	3	1.5	2	4	1	0	 	 	1	1	 
PE168005	4	1	2	4	1	0	 	 	1	1	 
PE168005	5	1	3	4	1	0	 	 	1	1	 
PE168005	6	1	2	4	8	0	 	 	1	1	 
PE168005	7	1	3	4	8	0	 	 	1	1	 
PE168006	1	80	1	4	4	1	1	2	1	1	2
PE168006	2	3	3	4	1	1	1	2	1	1	2
PE168006	3	2	3	4	1	1	1	2	1	1	2
PE168006	4	3	3	4	1	1	1	2	1	1	2
PE168006	5	2	3	4	8	1	1	2	1	1	2
PE168006	6	.25	3	4	8	1	1	2	1	1	2
PE168007	1	180	1	4	4	0	 	 	1	1	2
PE168007	2	.25	2	4	1	0	 	 	1	1	2
PE168007	3	1	3	4	1	0	 	 	1	1	2
PE168007	4	1	3	1	1	 	 	 	 	 	 
PE168008	1	100	1	4	4	0	 	 	1	1	2
PE168008	2	200	1	4	1	0	 	 	1	1	2
PE168009	1	180	1	4	4	1	1	 	0	 	 
PE168009	2	.5	2	4	1	0	 	 	1	1	 
PE168009	3	2500	2	4	1	0	 	 	1	1	 
PE168009	4	1250	2	4	1	0	 	 	1	1	 
PE168009	5	1250	2	4	1	0	 	 	1	1	 
PE168009	6	1250	2	4	1	0	 	 	1	1	 
PE168009	7	1250	2	4	1	0	 	 	1	1	 
PE168009	8	625	2	4	1	1	1	 	0	 	 
PE168010	1	30	1	4	4	0	 	 	0	 	 
PE168010	2	2500	1	4	1	0	 	 	0	 	 
PE168010	3	2500	1	4	1	0	 	 	0	 	 
PE168010	4	30	1	4	4	0	 	 	0	 	 
PE168011	1	120	1	4	4	0	 	 	0	 	 
PE168011	2	7	2	4	1	0	 	 	0	 	 
PE168011	3	5	2	4	1	0	 	 	0	 	 
PE168011	4	2	2	4	1	0	 	 	0	 	 
PE168011	5	1	2	4	1	0	 	 	0	 	 
PE168011	6	1	2	4	1	0	 	 	0	 	 
PE168011	7	1	3	4	1	0	 	 	0	 	 
PE168011	8	1	3	4	1	0	 	 	0	 	 
PE168011	9	1250	1	4	1	0	 	 	0	 	 
PE168012	1	200	1	4	4	0	 	 	1	1	2
PE168012	2	.5	2	4	1	0	 	 	1	1	2
PE168012	3	1250	1	4	1	0	 	 	1	1	2
PE168012	4	1250	1	4	1	0	 	 	1	1	2
PE168012	5	1250	1	5	1	 	 	 	 	 	 
PE168012	6	400	1	4	1	0	 	 	1	1	2
PE168012	7	200	1	4	1	0	 	 	1	1	2
PE168013	1	32	1	4	4	2	1	2	0	 	 
PE168013	2	12500	1	4	1	2	1	2	0	 	 
PE168013	3	5000	1	4	1	2	1	2	0	 	 
PE168013	4	5000	1	4	1	2	1	2	0	 	 
PE168013	5	225	1	4	1	2	1	2	0	 	 
PE168015	1	60	1	4	4	1	1	2	1	1	2
PE168015	2	5000	1	2	1	 	 	 	 	 	 
PE168015	3	2500	1	2	1	 	 	 	 	 	 
PE168015	4	400	1	4	8	1	1	2	1	1	2
PE168016	1	120	1	4	4	1	1	2	1	1	2
PE168016	2	2500	1	4	1	1	1	2	1	1	2
PE168016	3	2500	1	4	1	1	1	2	1	1	2
PE168016	4	2500	1	4	1	1	1	2	1	1	2
PE168016	5	1250	1	4	1	1	1	2	1	1	2
PE168016	6	1250	1	4	8	1	1	2	1	1	2
PE168016	7	1250	1	4	8	1	1	2	1	1	2
PE168016	8	100	1	4	3	1	1	2	1	1	2
PE168016	9	100	1	4	4	1	1	2	1	1	2
PE168017	1	50	1	4	4	2	2	1	0	 	 
PE168017	2	5000	1	4	1	2	2	1	1	1	2
PE168017	3	5000	1	4	1	2	2	1	1	1	2
PE168017	4	2500	1	4	1	2	2	1	1	1	2
PE168017	5	2500	1	4	1	2	2	1	0	 	 
PE168017	6	625	1	4	1	2	2	1	0	 	 
PE168017	7	625	1	4	1	2	2	1	0	 	 
PE168017	8	50	1	4	1	2	2	1	0	 	 
PE168017	9	40	1	4	1	2	2	1	0	 	 
PE168018	1	24	1	2	4	 	 	 	 	 	 
PE168018	2	1	3	2	1	 	 	 	 	 	 
PE168019	1	100	1	4	4	0	 	 	0	 	 
PE168019	2	1	2	4	1	0	 	 	0	 	 
PE168019	3	1250	1	4	1	0	 	 	0	 	 
PE168019	4	30	1	4	4	0	 	 	0	 	 
PE168020	1	1500	1	5	4	3	80	 	1	80	 
PE168020	2	1	2	5	1	3	80	 	1	80	 
PE168020	3	1	2	5	1	3	80	 	1	80	 
PE168020	4	1	2	5	1	3	80	 	1	80	 
PE168020	5	1	2	5	1	3	80	 	1	80	 
PE168020	6	1	2	5	1	3	80	 	1	80	 
PE168021	1	120	1	4	4	2	1	2	1	1	2
PE168021	2	50000	1	4	1	2	1	2	1	1	2
PE168021	3	30000	1	4	1	2	1	2	1	1	2
PE168021	4	30000	1	4	1	2	1	2	1	1	2
PE168021	5	30000	1	4	1	2	1	2	1	1	2
PE168022	1	50	1	4	4	1	1	2	1	1	2
PE168022	2	1	2	2	1	 	 	 	 	 	 
PE168022	3	.5	2	4	1	1	1	2	1	1	2
PE168022	4	200	1	4	14	1	1	2	1	1	2
PE168023	1	100	1	2	4	 	 	 	 	 	 
PE168023	2	1	2	2	1	 	 	 	 	 	 
PE168023	3	.5	2	2	2	 	 	 	 	 	 
PE168024	1	80	1	4	4	0	 	 	0	 	 
PE168024	2	625	1	4	1	0	 	 	0	 	 
PE168024	3	625	1	4	1	0	 	 	0	 	 
PE168025	1	30	1	4	4	2	1	2	0	 	 
PE168025	2	7500	1	5	1	3	1	 	0	 	 
PE168025	3	7500	1	5	1	3	1	 	0	 	 
PE168025	4	7500	1	5	1	3	1	 	0	 	 
PE168025	5	5000	1	5	1	3	1	 	0	 	 
PE168025	6	5000	1	5	1	3	1	 	0	 	 
PE168025	7	2500	1	5	1	3	1	 	0	 	 
PE168025	8	2500	1	5	1	3	1	 	0	 	 
PE178001	1	200	1	1	4	 	 	 	 	 	 
PE178001	2	1	3	4	1	1	1	2	1	1	2
PE178001	3	5	2	4	10	1	1	2	1	1	2
PE178002	1	160	1	1	4	 	 	 	 	 	 
PE178002	2	2	3	3	1	 	 	 	 	 	 
PE178002	3	1	3	3	1	 	 	 	 	 	 
PE178003	1	200	1	4	4	4	1	2	1	1	2
PE178003	2	94	1	4	4	4	1	2	1	1	2
PE178003	3	2500	1	2	1	 	 	 	 	 	 
PE178003	4	1250	1	3	1	 	 	 	 	 	 
PE178004	1	140	1	4	4	1	2	 	1	2	 
PE178004	2	4	3	3	1	 	 	 	 	 	 
PE178006	1	200	1	4	4	0	 	 	1	1	2
PE178006	2	2	3	2	1	 	 	 	 	 	 
PE178006	3	1	3	2	1	 	 	 	 	 	 
PE178006	4	.5	3	2	1	 	 	 	 	 	 
PE178006	5	1	2	3	1	 	 	 	 	 	 
PE178007	1	150	1	4	4	2	1	4	1	1	4
PE178009	1	120	1	7	4	 	 	 	 	 	 
PE178009	2	200	1	2	1	 	 	 	 	 	 
PE178010	1	200	1	2	4	 	 	 	 	 	 
PE178010	2	1	3	3	1	 	 	 	 	 	 
PE178010	3	1	3	3	1	 	 	 	 	 	 
PE178010	4	1	3	3	1	 	 	 	 	 	 
PE178011	1	70	1	1	4	 	 	 	 	 	 
PE178013	1	180	1	4	4	1	1	 	1	2	 
PE178013	2	1	2	4	1	1	2	 	1	2	 
PE178013	3	.5	2	4	1	1	2	 	1	2	 
PE178013	4	.5	2	4	1	1	2	 	1	2	 
PE178013	5	.5	2	4	1	1	2	 	1	2	 
PE178013	6	.5	2	4	1	1	2	 	1	2	 
PE178013	7	2	2	4	1	1	1	2	1	1	2
PE178013	8	1	2	4	1	1	1	2	1	1	2
PE178013	9	1	2	3	1	 	 	 	 	 	 
PE178013	10	1	2	3	1	 	 	 	 	 	 
PE178015	1	200	1	4	4	0	 	 	1	1	2
PE178015	2	300	1	5	1	 	 	 	 	 	 
PE178015	3	300	1	5	1	 	 	 	 	 	 
PE178015	4	300	1	3	1	 	 	 	 	 	 
PE178016	1	200	1	4	4	2	1	 	1	1	 
PE178016	2	1	2	4	10	2	2	 	1	2	 
PE178019	1	80	1	2	4	 	 	 	 	 	 
PE178019	2	1	3	4	1	1	1	2	1	1	2
PE178019	3	15	2	4	10	1	1	2	1	1	2
PE178019	4	1	3	5	1	 	 	 	 	 	 
PE178019	5	200	1	4	4	1	1	2	1	1	2
PE178020	1	200	1	4	4	1	3	 	1	3	 
PE178020	2	5000	1	4	1	1	3	 	1	3	 
PE178021	1	160	1	1	4	 	 	 	 	 	 
PE178021	2	100	1	4	4	3	1	2	1	1	2
PE178021	3	1	3	3	1	 	 	 	 	 	 
PE178021	4	1	3	3	1	 	 	 	 	 	 
PE178021	5	1	3	3	1	 	 	 	 	 	 
PE178021	6	1	3	3	1	 	 	 	 	 	 
PE178021	7	1	3	3	1	 	 	 	 	 	 
PE178022	1	240	1	2	4	 	 	 	 	 	 
PE178022	2	2	3	3	1	 	 	 	 	 	 
PE178022	3	1	2	3	1	 	 	 	 	 	 
PE178022	4	2	3	3	1	 	 	 	 	 	 
PE178024	1	150	1	4	4	2	1	 	1	1	 
PE178024	2	2500	1	4	1	2	1	 	1	1	 
PE178024	3	1250	1	4	8	2	1	 	1	1	 
PE178025	1	70	1	4	4	1	1	 	1	1	 
PE178025	2	100	1	4	4	1	1	 	1	1	 
PE178025	3	1250	1	4	1	1	1	 	1	1	 
PE178025	4	1	2	4	1	1	1	 	1	1	 
PE178025	5	3	2	4	10	1	1	 	1	1	 
PE178026	1	100	1	4	4	1	2	3	1	2	3
PE178026	2	100	1	4	4	1	2	3	1	2	3
PE178026	3	.5	3	4	1	1	2	3	1	2	3
PE178026	4	.5	3	4	1	1	2	3	1	2	3
PE178026	5	.5	3	4	1	1	2	3	1	2	3
PE178027	1	50	1	4	4	1	1	2	1	1	2
PE178027	2	.5	3	4	1	1	1	2	1	1	2
PE178027	3	.5	3	4	1	1	1	2	1	1	2
PE178027	4	.5	2	3	1	 	 	 	 	 	 
PE178027	5	.5	2	3	1	 	 	 	 	 	 
PE178028	1	200	1	4	4	4	1	2	1	1	2
PE178028	2	4	3	1	1	 	 	 	 	 	 
PE178028	3	.5	3	4	1	4	1	2	1	1	2
PE178028	4	.5	3	4	1	4	1	2	1	1	2
PE178029	1	250	1	4	4	0	 	 	0	 	 
PE178029	2	250	1	4	4	0	 	 	0	 	 
PE178029	3	1	3	4	1	0	 	 	0	 	 
PE178029	4	1	3	4	1	0	 	 	0	 	 
PE178029	5	1	3	4	1	0	 	 	0	 	 
PE178029	6	1	3	4	1	0	 	 	0	 	 
PE178029	7	1	3	4	1	0	 	 	0	 	 
PE178030	1	216	1	4	4	1	1	2	1	1	2
PE178030	2	.5	3	4	1	1	1	2	1	1	2
PE178030	3	.5	2	3	1	 	 	 	 	 	 
PE178030	4	.5	3	4	8	1	1	2	1	1	2
PE178031	1	120	1	4	4	1	2	 	1	2	 
PE178031	2	2	3	4	1	1	2	 	1	2	 
PE178031	3	1	3	4	1	1	2	 	1	2	 
PE178031	4	1	3	4	10	1	2	 	1	2	 
PE178033	1	70	1	4	4	1	1	2	1	1	2
PE178033	2	1	3	4	1	1	1	2	1	1	2
PE178033	3	1	3	4	1	1	1	2	1	1	2
PE178033	4	.5	3	4	1	1	6	 	1	6	 
PE178033	5	.5	3	4	1	1	6	 	1	6	 
PE178033	6	.5	3	4	1	1	6	 	1	6	 
PE178034	1	100	1	4	4	1	1	2	1	1	2
PE178034	2	3	3	4	1	1	1	2	1	1	2
PE178034	3	3	3	4	1	1	1	2	1	1	2
PE178035	1	100	1	4	4	1	1	 	0	 	 
PE178035	2	2.5	2	4	2	1	1	 	0	 	 
PE178035	3	2500	1	4	1	1	2	 	0	 	 
PE178035	4	1250	1	4	2	1	2	 	0	 	 
PE178036	1	72	1	4	4	1	1	2	1	1	2
PE178036	2	1	3	4	1	1	1	2	1	1	2
PE178036	3	1	3	4	1	1	1	2	1	1	2
PE188001	1	40	1	4	4	0	 	 	1	1	2
PE188001	2	1	7	4	1	0	 	 	1	1	2
PE188001	3	40	1	4	14	0	 	 	0	 	 
PE188002	1	54	1	4	4	0	 	 	0	 	 
PE188002	2	3	7	4	1	0	 	 	0	 	 
PE188003	1	70	1	4	4	0	 	 	1	2	0
PE188003	2	150	1	4	1	0	 	 	1	2	0
PE188003	3	150	1	4	1	0	 	 	1	2	0
PE188003	4	100	1	4	1	0	 	 	1	2	0
PE188003	5	100	1	4	1	0	 	 	1	2	0
PE188004	1	180	1	4	4	0	 	 	0	 	 
PE188004	2	.5	2	4	1	0	 	 	0	 	 
PE188004	3	.5	3	4	1	0	 	 	1	1	2
PE188004	4	.5	3	4	1	0	 	 	1	1	2
PE188004	5	.5	3	4	1	0	 	 	1	1	2
PE188004	6	.5	3	4	2	0	 	 	1	1	2
PE188004	7	.5	3	4	1	0	 	 	1	1	2
PE188004	8	.5	3	4	1	0	 	 	1	1	2
PE188004	9	.5	3	4	1	0	 	 	1	1	2
PE188004	10	.5	3	4	1	0	 	 	1	1	2
PE188005	1	450	1	4	4	0	 	 	1	1	 
PE188005	2	2	2	4	1	0	 	 	1	1	 
PE188006	1	35	1	4	4	0	 	 	0	 	 
PE188006	2	14	1	4	14	0	 	 	0	 	 
PE188006	3	1200	1	4	1	0	 	 	0	 	 
PE188006	4	120	1	4	1	0	 	 	0	 	 
PE188006	5	200	1	4	1	0	 	 	0	 	 
PE188006	6	63	1	4	4	0	 	 	0	 	 
PE188007	1	54	1	4	4	0	 	 	0	 	 
PE188007	2	1	7	4	1	1	1	2	1	1	2
PE188007	3	1	7	4	1	1	1	2	1	1	2
PE188007	4	1	7	4	1	1	1	2	1	1	2
PE188007	5	1	7	4	1	1	1	2	1	1	2
PE188008	1	200	1	4	4	2	2	 	0	 	 
PE188008	2	1800	1	4	1	2	2	 	0	 	 
PE188008	3	900	1	4	1	2	2	 	0	 	 
PE188008	4	900	1	4	1	2	2	 	0	 	 
PE188008	5	900	1	1	1	 	 	 	 	 	 
PE188008	6	450	1	4	1	3	2	 	0	 	 
PE188008	7	450	1	4	1	3	2	 	0	 	 
PE188008	8	450	1	4	1	2	2	 	0	 	 
PE188008	9	225	1	4	1	2	2	 	0	 	 
PE188008	10	225	1	4	1	2	2	 	0	 	 
PE188008	11	225	1	4	1	2	2	 	0	 	 
PE188008	12	225	1	4	1	2	2	 	0	 	 
PE188009	1	50	1	1	4	 	 	 	 	 	 
PE188009	2	200	1	4	8	0	 	 	1	2	 
PE188009	3	.5	2	4	1	3	2	 	1	2	 
PE188009	4	900	1	4	1	0	 	 	1	2	 
PE188009	5	450	1	4	1	0	 	 	1	2	 
PE188010	1	100	1	4	4	3	1	2	1	1	2
PE188010	2	2	7	4	1	3	1	2	1	1	2
PE188010	3	1	7	4	1	3	1	2	1	1	2
PE188010	4	1	7	4	1	3	1	2	1	1	2
PE188011	1	40	1	2	4	 	 	 	 	 	 
PE188011	2	400	1	2	14	 	 	 	 	 	 
PE188011	3	2	2	5	1	 	 	 	 	 	 
PE188011	4	1	2	5	1	 	 	 	 	 	 
PE188011	5	2	7	5	1	 	 	 	 	 	 
PE188012	1	120	1	4	4	1	1	2	1	1	 
PE188012	2	1	7	4	1	1	1	2	1	1	 
PE188012	3	.25	7	4	1	1	1	2	1	1	 
PE188012	4	.25	7	4	1	1	1	2	1	1	 
PE188013	1	266	1	4	4	1	1	2	0	 	 
PE188013	2	750	1	4	1	1	1	2	0	 	 
PE188013	3	1500	1	4	1	1	1	2	0	 	 
PE188013	4	1400	1	4	1	1	1	2	0	 	 
PE188013	5	3000	1	4	1	1	1	2	0	 	 
PE188014	1	 	1	2	4	 	 	 	 	 	 
PE188015	1	500	1	4	4	2	1	2	0	 	 
PE188015	2	2000	1	4	1	2	1	2	0	 	 
PE188015	3	450	1	4	1	2	1	2	0	 	 
PE188015	4	300	1	4	1	2	1	2	0	 	 
PE188015	5	300	1	4	1	2	1	2	0	 	 
PE188015	6	300	1	4	1	2	1	2	0	 	 
PE188015	7	300	1	4	1	2	1	2	0	 	 
PE188015	8	300	1	4	1	2	1	2	0	 	 
PE188015	9	300	1	4	1	2	1	2	0	 	 
PE188015	10	300	1	4	1	2	1	2	0	 	 
PE188015	11	300	1	4	1	2	1	2	0	 	 
PE188015	12	200	1	4	1	2	1	2	0	 	 
PE188016	1	300	1	4	4	1	1	2	1	1	2
PE188016	2	1	2	4	1	1	1	2	1	1	2
PE188016	3	1	2	4	1	1	1	2	1	1	2
PE188016	4	.5	2	4	1	1	1	2	1	1	2
PE188016	5	450	1	4	1	1	1	2	1	1	2
PE188017	1	200	4	4	4	3	1	2	1	1	2
PE188017	2	1	7	5	1	 	 	 	 	 	 
PE188017	3	1	7	5	1	 	 	 	 	 	 
PE188017	4	1	7	5	1	 	 	 	 	 	 
PE188017	5	1	7	5	1	 	 	 	 	 	 
PE188017	6	1	7	4	1	3	1	2	1	1	2
PE188018	1	300	1	4	4	1	1	2	1	1	2
PE188018	2	2500	1	4	1	1	1	2	1	1	2
PE188018	3	2500	1	4	1	1	1	2	1	1	2
PE188018	4	2500	1	4	1	1	1	2	1	1	2
PE188018	5	1250	1	4	1	1	1	2	1	1	2
PE188018	6	1250	1	4	1	1	1	2	1	1	2
PE188018	7	1250	1	4	1	1	1	2	1	1	2
PE188018	8	1250	1	4	1	1	1	2	1	1	2
PE188019	1	200	1	4	4	0	 	 	1	1	2
PE188019	2	1	2	4	1	0	 	 	1	1	2
PE188019	3	1	2	4	8	0	 	 	1	1	2
PE188020	1	120	1	4	4	1	1	2	1	1	2
PE188020	2	1	2	1	1	 	 	 	 	 	 
PE188020	3	.5	2	1	1	 	 	 	 	 	 
PE188020	4	.5	2	4	1	1	1	2	1	1	2
PE188020	5	2500	1	4	1	1	1	2	1	1	2
PE188020	6	2500	1	4	1	1	1	2	1	1	2
PE188020	7	2500	1	4	1	1	1	2	1	1	2
PE188021	1	396	1	4	4	4	1	2	0	 	 
PE188021	2	1500	1	4	1	4	1	2	1	1	2
PE188021	3	1500	1	4	1	4	1	2	1	1	2
PE188021	4	500	1	4	1	4	1	2	1	1	2
PE188021	5	500	1	4	1	4	1	2	1	1	2
PE188021	6	60	1	4	1	4	1	2	1	1	2
PE188022	1	80	1	4	4	1	1	2	1	1	2
PE188022	2	.25	2	4	1	1	1	2	1	1	2
PE188022	3	.25	2	1	1	 	 	 	 	 	 
PE188022	4	.25	2	1	1	 	 	 	 	 	 
PE188022	5	750	1	4	1	1	1	2	1	1	2
PE188022	6	750	1	4	1	1	1	2	1	1	2
PE188023	1	500	1	4	4	2	1	2	0	 	 
PE188023	2	10000	1	4	8	2	1	2	0	 	 
PE188023	3	5000	1	4	1	2	1	2	0	 	 
PE188023	4	2500	1	4	8	2	1	2	0	 	 
PE188023	5	900	1	4	1	2	1	2	0	 	 
PE188023	6	800	1	4	1	2	1	2	0	 	 
PE188023	7	500	1	4	1	2	1	2	0	 	 
PE188023	8	500	1	4	1	2	1	2	0	 	 
PE188023	9	500	1	4	1	2	1	2	0	 	 
PE188023	10	450	1	4	1	2	1	2	0	 	 
PE188023	11	400	1	4	1	2	1	2	0	 	 
PE188023	12	400	1	4	1	2	1	2	0	 	 
PE188023	13	400	1	4	1	2	1	2	0	 	 
PE188023	14	400	1	4	1	2	1	2	0	 	 
PE188023	15	400	1	4	1	2	1	2	0	 	 
PE188023	16	375	1	4	1	2	1	2	0	 	 
PE188023	17	300	1	4	1	2	1	2	0	 	 
PE188024	1	210	1	4	4	1	1	 	1	1	2
PE188024	2	5	2	4	1	1	1	 	1	1	2
PE188025	1	100	1	4	4	0	 	 	0	 	 
PE188025	2	3600	1	4	1	0	 	 	0	 	 
PE188025	3	3600	1	4	1	0	 	 	0	 	 
PE188025	4	3600	1	1	1	 	 	 	 	 	 
PE188025	5	3600	1	1	1	 	 	 	 	 	 
PE188025	6	3600	1	1	1	 	 	 	 	 	 
PE188025	7	3600	1	1	1	 	 	 	 	 	 
PE188026	1	180	1	4	4	3	5	1	1	5	1
PE188026	2	.25	2	4	1	3	5	1	1	5	1
PE188026	3	.25	2	4	1	3	5	1	1	5	1
PE188027	1	160	1	5	4	 	 	 	 	 	 
PE188027	2	500	1	5	2	 	 	 	 	 	 
PE188027	3	250	1	5	1	 	 	 	 	 	 
PE188027	4	125	1	5	1	 	 	 	 	 	 
PE198001	1	200	1	4	4	0	 	 	1	16	 
PE198001	2	9	4	4	6	0	 	 	1	16	 
PE198002	1	300	1	4	4	0	 	 	1	2	 
PE198002	2	5.5	4	4	6	0	 	 	1	2	 
PE198003	1	180	1	4	4	4	1	2	1	1	2
PE198004	1	200	1	4	4	1	2	 	1	2	 
PE198004	2	25	1	1	4	 	 	 	 	 	 
PE198006	1	200	1	4	4	1	2	1	1	2	1
PE198007	1	200	1	4	4	4	2	 	1	2	 
PE198008	1	160	1	4	4	4	1	2	1	1	2
PE198008	2	.5	4	4	15	0	 	 	0	 	 
PE198008	3	.25	4	4	15	0	 	 	0	 	 
PE198009	1	120	1	1	4	 	 	 	 	 	 
PE198010	1	200	1	4	4	1	1	2	1	1	2
PE198011	1	120	1	4	4	0	 	 	0	 	 
PE198011	2	200	1	4	1	1	1	2	1	1	2
PE198012	1	200	1	4	4	1	2	 	1	2	 
PE198013	1	280	1	4	4	2	1	 	1	1	2
PE198013	2	100	1	4	4	4	1	 	1	1	2
PE198013	3	4	4	4	1	1	1	 	1	1	2
PE198013	4	260	1	4	4	1	1	 	1	1	2
PE198013	5	260	1	4	4	1	1	 	1	1	2
PE198014	1	150	1	2	4	 	 	 	 	 	 
PE198014	2	225	1	4	8	0	 	 	0	 	 
PE198015	1	40	1	4	4	0	 	 	0	 	 
PE198016	1	220	1	4	4	1	2	1	1	2	1
PE198017	1	400	1	4	4	0	 	 	0	 	 
PE198018	1	200	1	4	4	1	2	90	1	2	90
PE198019	1	60	1	2	4	 	 	 	 	 	 
PE198019	2	200	1	4	4	1	1	2	1	1	2
PE198021	1	200	1	4	4	4	1	 	1	1	 
PE198022	1	140	1	4	4	1	2	 	1	2	 
PE198024	1	330	1	4	4	2	1	 	1	1	 
PE198025	1	240	1	4	4	1	1	 	1	1	 
PE198026	1	380	1	4	4	2	3	 	1	3	 
PE198026	2	180	1	4	4	4	1	 	1	1	 
PE198026	3	200	1	4	4	4	3	 	1	3	 
PE198027	1	180	1	4	4	1	1	2	1	1	2
PE198028	1	300	1	4	4	2	1	 	1	1	 
PE198028	2	2	4	2	1	 	 	 	 	 	 
PE198030	1	180	1	4	4	2	1	2	1	1	2
PE198031	1	200	1	4	4	1	1	 	1	1	 
PE208001	1	50	1	4	4	0	 	 	1	1	 
PE208001	2	8.5	1	4	4	0	 	 	0	 	 
PE208002	1	450	1	4	4	2	2	 	0	 	 
PE208003	1	244	1	4	4	1	1	 	1	1	 
PE208006	1	80	1	4	4	1	1	2	1	1	2
PE208006	2	180	1	4	8	1	1	2	1	1	2
PE208006	3	2	2	4	1	1	1	2	1	1	2
PE208007	1	90	1	2	4	 	 	 	 	 	 
PE208007	2	60	1	2	4	 	 	 	 	 	 
PE208007	3	1	3	2	1	 	 	 	 	 	 
PE208007	4	1	3	2	1	 	 	 	 	 	 
PE208008	1	16	1	2	4	 	 	 	 	 	 
PE208008	2	12	1	1	4	 	 	 	 	 	 
PE208009	1	160	1	4	4	1	1	 	1	1	 
PE208009	2	150	1	4	1	1	1	 	1	1	 
PE208009	3	100	1	4	1	1	1	 	1	1	 
PE208010	1	70	1	1	4	 	 	 	 	 	 
PE208011	1	60	1	2	4	 	 	 	 	 	 
PE208012	1	36	1	1	4	 	 	 	 	 	 
PE208012	2	540	1	4	4	2	2	 	1	2	 
PE208013	1	100	1	2	4	 	 	 	 	 	 
PE208013	2	9	1	1	4	 	 	 	 	 	 
PE208013	3	120	1	4	8	4	2	 	1	2	 
PE208014	1	50	1	1	4	 	 	 	 	 	 
PE208015	1	120	1	4	4	1	1	2	1	1	2
PE208017	1	175	1	2	4	 	 	 	 	 	 
PE208017	2	160	1	4	8	4	1	2	1	1	2
PE208018	1	600	1	2	4	 	 	 	 	 	 
PE208018	2	300	1	4	8	4	1	2	1	1	2
PE208019	1	90	1	4	4	1	1	 	1	1	 
PE208020	1	80	1	4	4	1	1	2	0	 	 
PE208021	1	80	1	4	4	1	1	 	1	1	 
PE208021	2	90	1	4	8	1	1	2	1	1	2
PE208022	1	189	1	4	4	0	 	 	1	1	 
PE208022	2	378	1	1	5	 	 	 	 	 	 
PE208023	1	120	1	1	4	 	 	 	 	 	 
PE208024	1	45	1	4	4	2	1	 	0	 	 
PE208024	2	100	1	4	4	2	1	 	0	 	 
PE208024	3	800	1	4	1	2	1	 	0	 	 
PE208024	4	800	1	4	1	2	1	 	0	 	 
PE208024	5	1800	1	4	1	2	1	 	0	 	 
PE208024	6	3000	1	4	1	2	1	 	0	 	 
PE208024	7	1800	1	4	1	2	1	 	0	 	 
PE208024	8	450	1	4	1	2	1	 	0	 	 
PE208024	9	250	1	4	1	2	1	 	0	 	 
PE208024	10	250	1	4	1	2	1	 	0	 	 
PE208024	11	250	1	4	1	2	1	 	0	 	 
PE208024	12	1000	1	4	1	2	1	 	0	 	 
PE208024	13	1000	1	4	1	2	1	 	0	 	 
PE208024	14	1600	1	4	1	2	1	 	0	 	 
PE208024	15	1800	1	4	8	2	1	 	0	 	 
PE208025	1	24	1	1	4	 	 	 	 	 	 
PE208025	2	150	1	4	8	0	 	 	1	1	2
PE208025	3	1.5	2	4	1	0	 	 	1	1	2
PE208025	4	2500	1	4	1	0	 	 	1	1	2
PE208025	5	5000	1	3	1	 	 	 	 	 	 
PE208026	1	60	1	2	4	 	 	 	 	 	 
PE208026	2	200	1	4	8	4	2	1	1	1	2
PE208026	3	200	1	4	8	4	1	2	1	1	2
PE208026	4	200	1	4	8	4	1	2	1	1	2
PE208026	5	200	1	4	8	4	1	2	1	1	2
PE208026	6	200	1	4	8	4	1	2	1	1	2
PE208026	7	200	1	4	8	4	1	2	1	1	2
PE208026	8	200	1	4	8	4	1	2	1	1	2
PE208026	9	200	1	4	8	4	1	2	1	1	2
PE208027	1	200	1	4	4	1	1	90	1	1	90
PE208028	1	200	1	4	4	1	1	2	1	1	2
PE208029	1	300	1	2	4	 	 	 	 	 	 
PE208030	1	100	1	1	4	 	 	 	 	 	 
PE208031	1	420	1	1	4	0	 	 	0	 	 
PE208031	2	300	1	4	8	0	 	 	0	 	 
PE208031	3	40	1	1	5	 	 	 	 	 	 
PE208032	1	180	1	4	4	0	 	 	1	1	2
PE208032	2	180	1	4	8	0	 	 	1	1	2
PE208032	3	180	1	4	8	0	 	 	1	1	2
PE208033	1	225	1	2	4	 	 	 	 	 	 
PE208034	1	32	1	1	4	 	 	 	 	 	 
PE208035	1	300	1	4	4	1	1	2	0	 	 
PE208037	1	15	1	2	4	 	 	 	 	 	 
PE208037	2	153	1	4	8	1	1	 	0	 	 
PE208038	1	20	1	2	4	 	 	 	 	 	 
PE208038	2	160	1	4	4	1	1	2	0	 	 
PE208038	3	200	1	4	8	1	1	2	0	 	 
PE208040	1	40	1	1	4	 	 	 	 	 	 
PE208040	2	120	1	4	8	1	1	 	1	1	 
PE208041	1	36	1	2	4	 	 	 	 	 	 
PE208042	1	80	1	1	4	 	 	 	 	 	 
PE208042	2	80	1	2	4	 	 	 	 	 	 
PE208043	1	100	1	1	4	 	 	 	 	 	 
PE208043	2	120	1	4	4	1	1	2	1	1	2
PE208044	1	80	1	1	4	 	 	 	 	 	 
PE208044	2	180	1	4	4	4	1	2	1	1	2
PE208044	3	1	2	4	1	4	1	 	1	1	 
PE208044	4	300	1	4	1	4	2	 	1	1	2
PE208046	1	4200	1	4	4	1	1	 	1	1	 
PE208047	1	100	1	1	4	 	 	 	 	 	 
PE208047	2	120	1	4	4	0	 	 	0	 	 
PE208048	1	80	1	2	4	 	 	 	 	 	 
PE208049	1	360	1	4	4	4	1	2	1	1	2
PE208049	2	160	1	4	1	4	1	2	1	1	2
PE208050	1	175	1	4	4	1	1	2	1	1	2
PE208050	2	175	1	4	4	1	1	2	1	1	2
PE208051	1	80	1	4	4	2	1	2	1	1	2
PE208051	2	40	1	4	4	2	1	2	0	 	 
PE208051	3	5000	1	4	6	2	1	2	0	 	 
