CHILDCODE	RNKINCR4	IMPACTR4	INCPEBR4
18001	1	7	13
18001	2	12	7
18002	1	6	13
18002	2	9	4
18002	3	12	3
18003	1	11	12
18003	2	12	8
18004	1	6	20
18005	1	6	11
18005	2	9	9
18006	1	3	12
18006	2	12	8
18007	1	12	7
18007	2	9	7
18007	3	10	6
18008	1	12	20
18009	1	12	20
18010	1	3	14
18010	2	7	6
18011	1	12	20
18012	1	9	14
18012	2	7	6
18013	1	9	15
18013	2	7	5
18015	1	12	10
18015	2	12	5
18015	3	12	5
18016	1	1	13
18016	2	6	4
18016	3	12	3
18017	1	9	7
18017	2	12	13
18018	1	12	13
18018	2	9	7
18019	1	6	15
18019	2	9	5
18020	1	9	20
18021	1	12	11
18021	2	7	5
18021	3	11	4
18022	1	12	20
18023	1	12	8
18023	2	11	6
18024	1	12	10
18024	2	7	5
18024	3	9	5
18025	1	9	13
18025	2	12	6
18025	3	7	1
18026	1	9	12
18026	2	12	8
18027	1	6	20
18028	1	10	2
18028	2	11	18
18029	1	9	17
18029	2	10	3
18030	1	7	20
18031	1	8	13
18031	2	9	5
18031	3	10	2
18032	1	6	20
18034	1	12	20
18035	1	9	14
18035	2	10	6
18036	1	9	13
18036	2	12	6
18036	3	7	1
18037	1	11	20
18038	1	12	20
18039	1	9	14
18039	2	10	6
18040	1	7	12
18040	2	12	8
18041	1	7	12
18041	2	3	8
18042	1	11	9
18042	2	12	11
18043	1	12	20
18044	1	9	12
18044	2	11	5
18044	3	7	3
18045	1	12	20
18047	1	6	13
18047	2	10	7
18048	1	1	11
18048	2	10	9
18049	1	9	15
18049	2	7	5
18050	1	7	10
18050	2	12	9
18050	3	10	1
28001	1	11	20
28002	1	1	18
28002	2	9	2
28003	1	1	17
28003	2	12	3
28004	1	1	7
28004	2	1	5
28004	3	11	5
28004	4	2	3
28006	1	1	12
28006	2	11	4
28006	3	12	2
28006	4	7	2
28007	1	1	5
28007	2	11	15
28008	1	11	17
28008	2	2	2
28008	3	11	1
28009	1	1	12
28009	2	12	8
28011	1	7	15
28011	2	1	5
28012	1	1	15
28012	2	11	5
28013	1	1	17
28013	2	8	2
28013	3	11	1
28014	1	11	20
28015	1	10	13
28015	2	11	7
28016	1	1	6
28016	2	12	14
28017	1	1	10
28017	2	11	10
28018	1	1	12
28018	2	1	8
28020	1	1	13
28020	2	11	4
28020	3	7	3
28021	1	1	12
28021	2	7	4
28021	3	2	2
28021	4	12	2
28022	1	1	8
28022	2	11	6
28022	3	12	4
28022	4	9	2
28023	1	1	12
28023	2	7	5
28023	3	11	3
28024	1	1	10
28024	2	11	6
28024	3	9	4
28025	1	11	15
28025	2	9	5
38001	1	11	20
38001	2	1	0
38002	1	1	14
38002	2	2	6
38003	1	1	9
38003	2	2	5
38003	3	9	4
38003	4	11	2
38004	1	1	5
38004	2	10	15
38005	1	1	18
38005	2	7	2
38006	1	12	10
38006	2	9	10
38007	1	12	20
38008	1	12	20
38010	1	9	14
38010	2	12	6
38011	1	7	8
38011	2	12	6
38011	3	1	3
38011	4	2	3
38012	1	12	11
38012	2	7	9
38013	1	12	20
38015	1	11	10
38015	2	1	5
38015	3	7	3
38015	4	2	2
38017	1	11	15
38017	2	6	5
38019	1	12	20
38020	1	12	8
38020	2	11	7
38020	3	1	5
38021	1	12	20
38022	1	11	12
38022	2	11	8
38023	1	11	10
38023	2	7	6
38023	3	9	4
38024	1	12	20
38025	1	12	20
48001	1	12	20
48002	1	1	16
48002	2	2	4
48004	1	12	11
48004	2	1	6
48004	3	11	3
48005	1	1	6
48005	2	8	8
48005	3	12	6
48006	1	7	12
48006	2	11	4
48006	3	1	3
48006	4	2	1
48007	1	1	12
48007	2	2	8
48008	1	6	17
48008	2	1	2
48008	3	2	1
48009	1	1	18
48009	2	12	2
48010	1	1	5
48010	2	2	15
48011	1	1	12
48011	2	1	8
48013	1	1	15
48013	2	11	5
48014	1	12	20
48015	1	11	10
48015	2	7	4
48015	3	9	6
48016	1	1	18
48016	2	11	2
48017	1	8	15
48017	2	1	5
48018	1	12	12
48018	2	1	8
48019	1	1	14
48019	2	12	4
48019	3	9	2
48020	1	1	12
48020	2	7	8
48021	1	9	20
48022	1	1	12
48022	2	2	8
48023	1	1	11
48023	2	11	9
48024	1	1	20
48025	1	1	14
48025	2	2	3
48025	3	12	3
48026	1	1	15
48026	2	9	3
48026	3	6	2
58002	1	12	16
58002	2	1	4
58003	1	11	11
58003	2	2	9
58004	1	12	20
58006	1	11	20
58007	1	12	20
58008	1	1	12
58008	2	2	2
58008	3	11	4
58008	4	6	2
58011	1	1	16
58011	2	11	4
58012	1	1	10
58012	2	2	6
58012	3	12	4
58013	1	11	20
58014	1	1	20
58015	1	3	20
58016	1	1	11
58016	2	11	9
58017	1	12	20
58019	1	1	9
58019	2	2	1
58019	3	9	3
58019	4	11	7
58020	1	12	13
58020	2	6	7
58021	1	1	20
58022	1	12	20
58023	1	2	11
58023	2	1	9
58025	1	11	12
58025	2	1	8
58026	1	1	11
58026	2	12	9
58027	1	12	12
58027	2	1	8
58028	1	12	13
58028	2	11	7
58029	1	1	9
58029	2	11	11
58030	1	12	20
68001	1	8	7
68001	2	12	13
68002	1	12	20
68003	1	8	10
68003	2	12	8
68003	3	7	2
68004	1	7	10
68004	2	12	8
68004	3	9	2
68005	1	6	16
68005	2	12	4
68006	1	7	20
68007	1	7	20
68008	1	12	20
68009	1	7	12
68009	2	9	8
68010	1	8	6
68010	2	12	14
68011	1	6	3
68011	2	7	4
68011	3	9	13
68012	1	7	20
68013	1	12	20
68015	1	7	16
68015	2	9	4
68016	1	9	12
68016	2	12	8
68017	1	11	20
68018	1	7	7
68018	2	6	7
68018	3	12	6
68019	1	12	20
68020	1	12	14
68020	2	1	6
68021	1	7	20
68022	1	12	12
68022	2	7	8
68023	1	12	18
68023	2	6	2
68024	1	6	14
68024	2	7	6
68025	1	7	12
68025	2	12	8
78001	1	11	8
78001	2	7	12
78002	1	8	15
78002	2	9	5
78003	1	7	14
78003	2	12	6
78005	1	9	4
78005	2	12	16
78006	1	12	9
78006	2	12	9
78006	3	12	1
78006	4	12	1
78007	1	12	20
78008	1	7	18
78008	2	6	1
78008	3	10	1
78009	1	12	10
78009	2	10	4
78009	3	12	6
78010	1	12	17
78010	2	12	3
78011	1	7	20
78012	1	12	18
78012	2	10	2
78013	1	7	8
78013	2	12	12
78014	1	9	14
78014	2	7	6
78015	1	12	5
78015	2	12	4
78015	3	12	4
78015	4	12	3
78015	5	12	2
78015	6	9	2
78016	1	7	12
78016	2	9	8
78017	1	8	15
78017	2	9	5
78018	1	12	20
78019	1	12	20
78020	1	7	14
78020	2	12	6
78021	1	6	9
78021	2	7	11
78022	1	12	12
78022	2	12	7
78022	4	9	1
78024	1	12	20
78026	1	12	12
78026	2	9	8
78027	1	12	14
78027	2	7	5
78027	3	1	1
78028	1	12	14
78028	2	7	6
78029	1	7	9
78029	2	12	11
78030	1	12	20
78031	2	6	14
78031	3	12	6
78032	1	12	12
78032	2	7	8
78033	1	12	20
78034	1	12	20
78035	1	12	14
78035	2	7	6
78036	1	12	13
78036	2	12	7
78037	1	6	15
78037	2	9	5
78038	1	7	12
78038	2	11	8
78039	1	9	20
78040	1	12	12
78040	2	12	8
78041	1	7	15
78041	2	12	3
78041	3	9	2
78042	1	7	20
78043	1	6	12
78043	2	7	8
78044	1	12	20
78045	1	7	2
78045	2	12	18
78046	1	12	20
78047	1	9	5
78047	2	12	15
78048	1	12	15
78048	2	9	5
78049	1	7	15
78049	2	9	5
78050	1	7	20
78051	1	8	18
78051	2	12	2
78052	1	7	15
78052	2	9	5
88001	1	12	12
88001	2	12	6
88001	3	7	2
88002	1	9	20
88003	1	9	13
88003	2	12	7
88004	1	12	10
88004	2	12	3
88004	3	7	3
88004	4	9	3
88004	5	10	1
88005	1	12	20
88007	1	7	5
88007	2	12	15
88008	1	8	15
88008	2	6	5
88009	1	12	11
88009	2	7	9
88010	1	6	20
88011	1	6	12
88011	2	9	6
88011	3	10	2
88012	1	7	20
88013	1	9	20
88014	1	8	15
88014	2	12	5
88015	1	6	17
88015	2	12	3
88016	1	8	7
88016	2	12	11
88016	4	9	2
88017	1	8	20
88019	1	12	20
88020	1	7	9
88020	2	9	6
88020	3	12	5
88021	1	6	10
88021	2	10	5
88021	3	12	5
88022	1	7	14
88022	2	10	6
88024	1	8	20
88025	1	12	20
88026	1	12	12
88026	2	9	8
88027	1	9	20
88028	1	12	12
88028	2	7	8
88029	1	8	20
88031	1	6	8
88031	2	12	12
98001	1	12	20
98002	1	1	16
98002	2	2	4
98004	1	12	20
98006	1	2	20
98007	1	12	20
98008	1	12	13
98008	2	12	7
98009	1	1	13
98009	2	2	7
98010	1	1	14
98010	2	2	6
98011	1	1	16
98011	2	11	4
98012	1	12	20
98013	1	8	6
98013	2	12	5
98013	3	11	4
98013	4	2	3
98013	5	1	2
98014	1	12	16
98014	2	6	4
98015	1	12	15
98015	2	7	5
98016	1	12	20
98017	1	1	12
98017	2	12	8
98018	1	8	17
98018	2	12	2
98018	3	7	1
98020	1	1	18
98020	2	12	2
98022	1	1	15
98022	2	11	5
98023	1	1	20
98024	1	11	20
98025	1	11	11
98025	2	2	5
98025	3	1	4
98026	1	12	20
98028	1	1	20
98029	1	11	18
98029	2	11	2
108002	1	7	14
108002	2	9	6
108003	1	12	20
108004	1	12	15
108004	2	6	5
108006	1	12	20
108007	1	7	20
108008	1	9	9
108008	2	12	6
108008	3	9	5
108009	1	6	15
108009	2	7	5
108011	1	12	20
108013	1	10	20
108016	1	6	12
108016	2	7	8
108017	1	12	8
108017	2	12	7
108017	3	12	5
108018	1	9	15
108018	2	6	5
108020	1	7	13
108020	2	12	4
108020	3	6	3
108021	1	11	20
108022	1	12	20
108023	1	12	12
108023	2	9	7
108023	3	9	1
108024	1	12	9
108024	2	12	6
108024	3	10	5
108025	1	6	11
108025	2	8	5
108025	3	7	4
108026	1	8	10
108026	2	9	10
108028	1	9	10
108028	2	8	7
108028	3	12	3
108029	1	7	12
108029	2	7	8
118001	1	12	20
118002	1	7	10
118002	2	9	6
118002	3	1	3
118002	4	2	1
118005	1	9	10
118005	2	12	10
118006	1	1	10
118006	2	2	3
118006	3	12	7
118007	1	6	20
118009	1	1	19
118009	2	6	1
118011	1	6	12
118011	2	12	8
118013	1	1	20
118014	2	12	20
118015	1	1	14
118015	2	2	6
118017	1	1	20
118018	1	2	11
118018	2	12	4
118018	3	7	5
118019	1	1	10
118019	2	1	10
118020	1	11	13
118020	2	10	7
118022	1	12	20
118023	1	12	8
118023	2	1	7
118023	3	11	5
118027	1	12	20
118028	1	1	10
118028	2	11	5
118028	3	12	5
118029	1	12	8
118029	2	12	7
118029	3	7	5
128002	1	7	13
128002	2	12	7
128003	1	12	14
128003	2	8	4
128003	3	9	2
128004	1	7	7
128004	2	7	7
128004	3	7	4
128004	4	7	2
128005	1	12	10
128005	2	9	6
128005	3	10	4
128006	1	12	10
128006	2	10	10
128007	1	9	12
128007	2	12	8
128008	1	12	12
128008	2	7	8
128009	1	9	19
128009	2	10	1
128010	1	12	12
128010	2	9	8
128011	1	9	20
128012	1	12	20
128013	1	12	19
128013	2	6	1
128014	1	12	20
128015	1	6	11
128015	2	7	9
128016	3	10	10
128016	4	12	6
128016	5	7	4
128017	1	7	7
128017	2	12	5
128017	3	7	5
128017	4	12	3
128019	1	12	20
128020	1	12	14
128020	2	12	6
128021	1	6	18
128021	2	12	2
128022	1	12	9
128022	2	12	6
128022	3	7	5
128023	1	7	18
128023	2	9	2
128024	1	9	11
128024	2	12	9
128026	1	7	5
128026	2	7	5
128026	3	12	5
128026	4	12	5
128027	1	9	15
128027	2	12	5
128028	1	6	10
128028	2	12	6
128028	3	7	4
128030	1	7	18
128030	2	12	2
128031	1	12	15
128031	2	9	5
128032	1	10	13
128032	2	6	6
128032	3	9	1
128033	1	8	12
128033	2	12	5
128033	3	9	3
128034	1	12	20
128037	1	6	10
128037	2	9	6
128037	3	12	4
128038	1	12	15
128038	2	9	5
128039	1	12	16
128039	2	7	4
128040	1	12	12
128040	2	7	6
128040	3	9	2
128041	1	9	6
128041	2	12	4
128041	3	6	4
128041	4	12	4
128041	5	12	2
128042	1	7	9
128042	2	7	7
128042	3	1	4
128043	1	12	17
128043	2	7	3
128044	1	7	8
128044	2	12	5
128044	3	12	4
128044	4	12	3
128045	1	9	9
128045	2	12	7
128045	3	7	4
128046	1	12	9
128046	2	7	7
128046	3	9	4
128047	1	12	6
128047	2	6	6
128047	3	6	3
128047	4	6	3
128047	5	12	2
128048	1	12	7
128048	2	12	6
128048	3	7	5
128048	4	12	2
128049	1	6	8
128049	2	7	7
128049	3	7	5
128050	1	9	10
128050	2	7	7
128050	3	12	2
128050	4	12	1
128051	1	12	20
138002	1	7	11
138002	2	12	9
138004	1	12	16
138004	3	7	4
138005	1	7	14
138005	2	12	6
138007	1	7	8
138007	2	12	7
138007	3	8	5
138008	1	8	15
138008	2	7	5
138009	1	8	10
138009	2	10	10
138011	1	12	20
138012	1	12	18
138012	4	8	2
138013	1	9	14
138013	2	12	6
138014	1	8	20
138015	1	12	15
138015	2	7	5
138016	1	5	10
138016	2	9	7
138016	3	12	3
138017	1	7	4
138017	2	9	10
138017	3	6	6
138018	1	9	20
138021	1	9	8
138021	2	12	7
138021	3	12	5
138023	1	6	13
138023	2	12	7
138024	1	9	13
138024	2	9	4
138024	3	9	3
138025	1	12	20
138027	1	12	20
138029	1	6	15
138029	2	12	5
138030	1	7	16
138030	2	7	4
138031	1	12	12
138031	2	6	8
138033	1	9	13
138033	3	12	4
138033	4	10	3
138036	1	12	15
138036	2	9	3
138036	3	8	2
138037	1	12	12
138037	2	7	8
138038	1	9	18
138038	2	8	2
138039	1	7	9
138039	2	9	11
138040	1	12	20
138041	1	6	9
138041	2	7	7
138041	3	12	4
138042	1	9	18
138042	2	12	2
138044	1	8	20
138045	1	12	20
138046	1	12	10
138046	2	5	6
138046	3	12	4
138047	1	7	12
138047	2	8	5
138047	3	12	3
138048	1	12	12
138048	2	9	8
138049	1	12	7
138049	2	12	6
138049	3	12	3
138049	4	12	4
138050	1	8	15
138050	2	9	5
138051	1	6	13
138051	2	12	7
138053	1	12	12
138053	2	7	8
148001	1	12	18
148001	2	9	2
148002	1	12	20
148003	1	12	20
148004	1	12	20
148005	1	12	10
148005	2	10	7
148005	3	10	3
148006	1	6	17
148006	2	12	3
148007	1	12	20
148008	1	7	20
148009	1	12	10
148009	2	7	10
148010	1	6	7
148010	2	9	6
148010	3	12	5
148010	4	7	2
148011	1	12	12
148011	2	9	5
148011	3	7	3
148012	1	2	11
148012	2	7	9
148013	1	12	20
148014	1	12	14
148014	2	12	6
148015	1	12	10
148015	2	7	10
148016	1	12	20
148017	1	9	11
148017	2	7	9
148018	1	12	20
148019	1	12	20
148020	1	12	20
148021	1	12	13
148021	2	6	7
148022	1	12	20
148023	1	12	20
148024	1	12	16
148024	2	9	4
148025	1	12	20
148026	1	12	20
148027	1	12	20
148028	1	12	18
148028	2	9	2
148029	1	12	20
148030	1	12	20
148031	1	12	20
148033	1	7	15
148033	2	9	5
148034	1	12	20
148035	1	9	9
148035	2	12	11
148036	1	9	20
148038	1	12	20
148039	1	12	20
148040	1	6	10
148040	2	7	3
148040	3	9	5
148040	4	12	2
148041	1	12	20
148042	1	6	14
148042	2	12	6
148043	1	9	12
148043	2	9	6
148043	3	9	2
148044	1	12	20
148045	1	12	13
148045	2	9	7
148046	1	9	7
148046	2	12	13
148047	1	12	15
148047	2	7	5
148048	1	12	13
148048	2	6	7
148049	2	12	20
148051	1	12	14
148051	2	9	6
158001	1	11	20
158002	1	1	12
158002	2	9	8
158003	1	12	20
158004	1	11	20
158005	1	8	20
158006	1	12	20
158007	1	7	20
158008	1	11	9
158008	2	11	4
158008	3	11	4
158008	5	1	3
158009	1	1	20
158010	1	9	13
158010	2	1	7
158011	1	12	20
158013	1	12	20
158014	1	1	15
158014	2	11	5
158015	1	6	15
158015	2	12	5
158016	1	1	17
158016	2	11	3
158018	1	11	15
158018	2	9	5
158019	1	12	20
158021	1	6	10
158021	2	7	7
158021	3	11	3
158022	1	1	20
158023	1	12	20
158024	1	6	15
158024	2	7	2
158024	3	6	3
158025	1	9	15
158025	2	6	5
158026	1	7	20
158033	1	7	20
158034	1	12	20
158035	1	9	15
158035	2	7	5
158036	1	1	20
158037	1	9	15
158037	2	11	5
158038	1	9	20
158039	1	10	20
158040	1	11	20
158042	1	2	14
158042	2	1	6
158043	1	1	8
158043	2	7	7
158043	3	11	5
158044	1	7	8
158044	2	6	7
158044	3	7	5
158045	3	12	20
158048	1	1	20
158049	1	1	10
158049	2	6	10
158050	1	12	9
158050	2	11	6
158050	3	11	5
158051	1	1	8
158051	2	11	7
158051	3	6	5
158052	1	12	20
158053	1	1	7
158053	2	1	7
158053	3	1	6
158054	1	1	20
158055	1	11	20
158056	1	1	20
158057	1	7	20
168001	1	11	10
168001	2	1	7
168001	3	2	3
168002	1	12	20
168004	1	12	11
168004	2	2	5
168004	3	1	4
168005	1	1	5
168005	2	12	11
168005	3	7	4
168006	1	12	12
168006	2	1	6
168006	3	7	2
168007	1	12	11
168007	2	7	4
168007	3	2	3
168007	4	1	2
168008	1	1	7
168008	2	7	5
168008	3	12	8
168009	1	7	20
168010	1	12	16
168010	2	6	4
168011	1	12	12
168011	2	1	5
168011	3	2	3
168012	1	11	11
168012	2	1	4
168012	3	12	4
168012	4	2	1
168013	1	7	10
168013	2	1	6
168013	3	6	4
168015	1	2	5
168015	2	12	15
168016	1	1	5
168016	2	12	15
168017	1	12	15
168017	2	9	5
168018	1	12	13
168018	2	1	5
168018	3	2	1
168018	4	6	1
168019	1	11	20
168020	1	11	20
168022	1	12	20
168023	1	2	10
168023	2	1	5
168023	3	8	5
168024	1	11	10
168024	2	1	6
168024	3	2	4
168025	1	12	20
178001	1	12	20
178002	1	6	13
178002	2	9	5
178002	3	11	2
178003	1	11	8
178003	2	12	8
178003	3	7	4
178004	1	12	16
178004	2	7	4
178006	1	1	10
178006	2	2	10
178007	1	12	20
178009	1	11	12
178009	2	9	6
178009	3	7	2
178010	1	11	20
178011	1	10	10
178011	2	7	7
178011	3	9	3
178013	1	2	10
178013	2	7	6
178013	3	9	4
178015	1	9	20
178019	1	6	18
178019	2	12	2
178020	1	9	20
178021	1	12	20
178022	1	7	8
178022	2	9	5
178022	3	11	4
178022	4	12	3
178024	1	8	12
178024	2	11	7
178024	3	2	1
178025	1	12	20
178026	1	11	20
178027	1	12	20
178028	1	12	20
178029	1	5	20
178029	2	1	0
178030	1	11	10
178030	2	12	6
178030	3	2	3
178030	4	1	1
178031	1	7	9
178031	2	12	6
178031	3	9	5
178035	1	12	16
178035	2	2	3
178035	3	11	1
178035	7	1	0
178036	1	1	15
178036	2	2	5
178036	3	5	0
188001	1	1	9
188001	2	2	6
188001	3	7	5
188002	1	1	6
188002	2	2	5
188002	3	12	9
188003	1	8	20
188004	1	12	20
188005	1	1	13
188005	2	2	5
188005	3	11	2
188006	1	1	9
188006	2	2	5
188006	3	12	3
188006	4	6	2
188006	5	11	1
188007	1	6	15
188007	2	12	5
188009	1	12	20
188010	1	1	10
188010	2	2	8
188010	3	6	2
188011	1	1	7
188011	2	7	6
188011	3	2	4
188011	4	11	3
188012	1	11	10
188012	2	1	4
188012	3	2	6
188013	1	1	13
188013	2	12	7
188014	1	12	20
188015	3	11	14
188015	4	2	4
188015	5	1	2
188016	1	12	20
188017	1	1	8
188017	2	2	5
188017	3	11	2
188017	4	12	5
188018	1	1	8
188018	2	2	5
188018	3	6	4
188018	4	11	3
188019	1	1	12
188019	2	12	5
188019	3	2	3
188020	1	1	9
188020	2	2	11
188021	1	9	8
188021	2	1	5
188021	3	8	4
188021	4	2	3
188022	1	12	20
188023	1	1	12
188023	2	2	8
188024	1	1	9
188024	2	12	7
188024	3	2	4
188025	1	12	8
188025	2	1	5
188025	3	7	3
188025	4	11	2
188025	5	6	2
188026	1	1	20
188027	1	2	17
188027	2	1	3
198001	1	3	20
198002	1	12	20
198003	1	11	15
198003	2	1	5
198004	1	12	8
198004	2	11	10
198004	3	7	2
198006	1	1	20
198007	1	12	10
198007	2	10	3
198007	3	3	7
198008	1	11	20
198009	1	10	20
198010	1	8	5
198010	2	12	12
198010	3	7	3
198011	1	7	20
198012	1	3	6
198012	2	9	10
198012	3	12	4
198013	1	1	13
198013	2	7	7
198014	1	12	20
198015	1	5	15
198015	2	7	5
198016	1	7	1
198016	2	1	19
198017	1	10	20
198018	1	11	8
198018	2	12	12
198021	1	12	13
198021	2	9	7
198022	1	12	18
198022	2	2	2
198024	1	12	12
198024	2	10	8
198025	1	7	12
198025	2	1	8
198027	1	11	20
198028	1	1	20
198030	1	9	10
198030	2	12	10
198031	1	8	20
208001	1	6	16
208001	2	7	4
208002	1	9	15
208002	2	7	5
208003	1	7	8
208003	2	9	7
208003	3	12	3
208003	4	11	2
208005	1	6	15
208005	2	7	5
208006	1	7	20
208007	1	7	10
208007	2	12	10
208008	1	12	20
208009	1	12	19
208009	2	7	1
208011	1	8	20
208012	1	12	20
208013	1	9	12
208013	2	12	8
208014	1	12	10
208014	2	 	10
208015	1	8	15
208015	2	7	5
208017	1	7	6
208017	2	6	6
208017	3	12	5
208017	4	12	3
208018	1	7	20
208019	1	7	11
208019	2	11	9
208020	1	7	13
208020	2	12	7
208021	1	7	18
208021	2	9	2
208022	1	9	20
208023	1	6	16
208023	2	12	4
208024	1	12	9
208024	2	2	8
208024	3	1	3
208025	1	6	9
208025	2	7	11
208026	1	12	15
208026	2	7	5
208027	1	9	12
208027	2	6	6
208027	3	12	2
208028	1	2	8
208028	2	12	7
208028	3	9	5
208029	1	7	13
208029	2	2	7
208030	1	12	18
208030	2	7	2
208031	1	7	14
208031	2	6	6
208032	1	6	12
208032	2	7	8
208033	1	12	14
208033	2	10	6
208034	1	7	12
208034	2	7	8
208037	1	1	4
208037	2	2	3
208037	3	7	1
208037	4	12	12
208038	1	12	18
208038	2	6	2
208041	1	1	12
208041	2	6	8
208042	1	6	12
208042	2	7	8
208043	1	8	15
208043	2	10	5
208044	1	6	18
208044	2	11	2
208046	1	12	20
208047	1	9	13
208047	2	7	7
208048	1	7	20
208049	1	6	4
208049	2	8	10
208049	3	9	6
208050	1	7	20
208051	1	5	12
208051	2	7	8
