CHILDCODE	MOVEIDR5	YRMOVER5	WHMOVER5	TYPKEBR5	MTHSTYR5	MVALNER5	MVFTHRR5	MVMTHRR5	MVSIBLR5	MVSPSER5	MVSPPTR5	MVSPSBR5	MVCHCHR5	MVOTRLR5	MVSPRLR5	MVALLHR5	MVNONHR5	RSNMVR51	RSNMVR52	KNWANYR5	KNWBSTR5
11006	1	2009	3	4	0	N	N	N	N	Y	N	N	N	N	N	N	N	21	88	1	4
11009	1	2008	2	6	0	Y	 	 	 	 	 	 	 	 	 	 	 	37	88	0	 
11012	1	2006	2	4	0	Y	 	 	 	 	 	 	 	 	 	 	 	5	88	0	 
11016	1	2009	3	2	0	Y	 	 	 	 	 	 	 	 	 	 	 	2	88	1	1
11037	1	2007	3	6	0	Y	 	 	 	 	 	 	 	 	 	 	 	29	88	1	1
11037	2	2007	3	4	10	Y	 	 	 	 	 	 	 	 	 	 	 	5	88	0	 
11042	1	2009	3	4	0	N	N	N	N	N	N	N	N	N	N	Y	N	34	14	0	 
21002	1	2008	2	6	0	N	N	N	N	N	N	N	N	N	N	Y	N	14	23	1	1
21016	1	2009	2	4	0	Y	 	 	 	 	 	 	 	 	 	 	 	5	88	0	 
21016	2	2006	3	4	29	Y	 	 	 	 	 	 	 	 	 	 	 	5	88	0	 
21019	1	2008	3	2	0	N	N	N	N	Y	N	N	N	N	N	N	N	38	88	0	 
21020	1	2008	3	6	0	Y	 	 	 	 	 	 	 	 	 	 	 	30	88	1	1
21020	2	2008	3	4	6	N	N	N	N	N	N	N	N	N	N	N	Y	5	88	0	 
21021	1	2009	3	5	0	Y	 	 	 	 	 	 	 	 	 	 	 	5	88	0	 
21021	2	2008	3	6	2	Y	 	 	 	 	 	 	 	 	 	 	 	24	88	1	1
21021	3	2008	3	5	10	Y	 	 	 	 	 	 	 	 	 	 	 	5	88	0	 
21021	4	2007	3	6	2	Y	 	 	 	 	 	 	 	 	 	 	 	24	88	1	1
21021	5	2007	3	5	10	Y	 	 	 	 	 	 	 	 	 	 	 	5	88	0	 
21021	6	2006	3	6	2	Y	 	 	 	 	 	 	 	 	 	 	 	24	88	1	1
21021	7	2006	3	5	10	Y	 	 	 	 	 	 	 	 	 	 	 	5	88	0	 
21030	1	2009	3	6	0	Y	 	 	 	 	 	 	 	 	 	 	 	23	88	1	1
21030	2	2006	4	 	38	Y	 	 	 	 	 	 	 	 	 	 	 	2	88	0	 
21032	1	2006	3	5	0	Y	 	 	 	 	 	 	 	 	 	 	 	5	88	0	 
21036	1	2009	2	4	0	Y	 	 	 	 	 	 	 	 	 	 	 	38	88	0	 
21039	1	2009	2	6	0	Y	 	 	 	 	 	 	 	 	 	 	 	23	88	1	1
21039	2	2006	4	 	26	Y	 	 	 	 	 	 	 	 	 	 	 	2	88	0	 
31003	1	2009	3	6	0	Y	 	 	 	 	 	 	 	 	 	 	 	23	88	1	1
31003	2	2008	3	2	2	Y	 	 	 	 	 	 	 	 	 	 	 	22	88	1	4
31010	1	2009	3	4	0	Y	 	 	 	 	 	 	 	 	 	 	 	5	4	1	5
31010	2	2008	3	4	8	Y	 	 	 	 	 	 	 	 	 	 	 	5	88	1	5
31010	3	2007	3	4	8	Y	 	 	 	 	 	 	 	 	 	 	 	5	88	1	5
31010	4	2006	3	4	7	Y	 	 	 	 	 	 	 	 	 	 	 	5	88	1	5
31012	1	2007	3	6	0	Y	 	 	 	 	 	 	 	 	 	 	 	23	88	1	1
31012	2	2007	3	5	1	Y	 	 	 	 	 	 	 	 	 	 	 	22	88	1	4
31025	1	2009	4	 	0	Y	 	 	 	 	 	 	 	 	 	 	 	23	88	1	1
31025	2	2006	4	 	39	Y	 	 	 	 	 	 	 	 	 	 	 	2	88	0	 
31031	1	2008	1	6	0	Y	 	 	 	 	 	 	 	 	 	 	 	23	5	1	1
31031	2	2006	3	4	24	Y	 	 	 	 	 	 	 	 	 	 	 	1	88	1	4
31034	1	2009	3	6	0	Y	 	 	 	 	 	 	 	 	 	 	 	30	88	1	1
31034	2	2008	3	5	7	Y	 	 	 	 	 	 	 	 	 	 	 	2	88	1	5
31035	1	2009	3	6	0	Y	 	 	 	 	 	 	 	 	 	 	 	5	88	1	1
31035	2	2008	3	4	9	N	N	N	N	N	N	N	N	N	N	N	Y	5	88	1	5
31035	3	2007	3	4	9	N	N	N	N	N	N	N	N	N	N	N	Y	5	88	1	5
31035	4	2006	3	4	8	N	N	N	N	N	N	N	N	N	N	N	Y	5	88	1	5
31038	1	2009	3	6	0	Y	 	 	 	 	 	 	 	 	 	 	 	23	88	1	1
31038	2	2008	3	4	10	Y	 	 	 	 	 	 	 	 	 	 	 	5	88	0	 
31038	3	2008	3	6	2	Y	 	 	 	 	 	 	 	 	 	 	 	23	88	1	1
31038	4	2007	3	4	10	Y	 	 	 	 	 	 	 	 	 	 	 	5	88	1	5
31038	5	2007	3	6	2	Y	 	 	 	 	 	 	 	 	 	 	 	23	88	1	1
31038	6	2006	3	4	10	Y	 	 	 	 	 	 	 	 	 	 	 	5	88	0	 
31038	7	2006	3	6	2	Y	 	 	 	 	 	 	 	 	 	 	 	23	88	1	1
31039	1	2006	3	6	0	Y	 	 	 	 	 	 	 	 	 	 	 	23	88	1	1
31039	2	2006	3	5	7	Y	 	 	 	 	 	 	 	 	 	 	 	5	88	1	5
31043	1	2006	3	6	0	Y	 	 	 	 	 	 	 	 	 	 	 	23	88	1	1
31043	2	2006	3	4	3	Y	 	 	 	 	 	 	 	 	 	 	 	2	88	1	4
31044	1	2009	3	6	0	Y	 	 	 	 	 	 	 	 	 	 	 	24	88	1	1
31044	2	2008	3	5	12	Y	 	 	 	 	 	 	 	 	 	 	 	5	88	0	 
31050	1	2009	3	6	0	Y	 	 	 	 	 	 	 	 	 	 	 	23	88	1	1
31050	2	2008	3	4	9	Y	 	 	 	 	 	 	 	 	 	 	 	5	88	1	5
31050	3	2008	3	6	3	Y	 	 	 	 	 	 	 	 	 	 	 	23	88	1	1
31050	5	2007	3	4	9	Y	 	 	 	 	 	 	 	 	 	 	 	5	88	1	5
31050	6	2007	3	6	3	Y	 	 	 	 	 	 	 	 	 	 	 	23	88	1	1
31050	7	2006	3	4	9	Y	 	 	 	 	 	 	 	 	 	 	 	5	88	1	5
31050	8	2006	3	6	3	Y	 	 	 	 	 	 	 	 	 	 	 	23	88	1	1
41001	1	2009	2	4	0	Y	 	 	 	 	 	 	 	 	 	 	 	5	88	0	 
41001	2	2008	2	2	2	Y	 	 	 	 	 	 	 	 	 	 	 	23	88	1	1
41003	1	2008	3	6	0	Y	 	 	 	 	 	 	 	 	 	 	 	2	88	0	 
41009	1	2009	3	6	0	Y	 	 	 	 	 	 	 	 	 	 	 	5	88	1	7
41010	1	2008	2	3	0	Y	 	 	 	 	 	 	 	 	 	 	 	2	88	1	2
41010	2	2008	2	4	1	Y	 	 	 	 	 	 	 	 	 	 	 	5	88	0	 
41011	1	2007	2	4	0	N	N	N	Y	N	N	N	N	N	N	N	N	5	88	1	2
41012	1	2008	2	5	1	Y	 	 	 	 	 	 	 	 	 	 	 	38	88	0	 
41013	1	2008	2	2	0	Y	 	 	 	 	 	 	 	 	 	 	 	5	88	0	 
41013	2	2008	2	2	1	Y	 	 	 	 	 	 	 	 	 	 	 	5	88	0	 
41014	1	2009	2	2	0	Y	 	 	 	 	 	 	 	 	 	 	 	5	88	0	 
41014	2	2007	2	4	28	Y	 	 	 	 	 	 	 	 	 	 	 	5	88	0	 
41015	1	2009	2	4	0	Y	 	 	 	 	 	 	 	 	 	 	 	5	88	1	5
41015	2	2008	2	3	2	Y	 	 	 	 	 	 	 	 	 	 	 	24	88	1	1
41015	3	2008	2	4	10	Y	 	 	 	 	 	 	 	 	 	 	 	5	88	1	5
41015	4	2007	2	3	2	Y	 	 	 	 	 	 	 	 	 	 	 	24	88	1	1
41015	5	2007	2	4	10	Y	 	 	 	 	 	 	 	 	 	 	 	5	88	1	5
41017	1	2006	2	4	0	Y	 	 	 	 	 	 	 	 	 	 	 	5	88	1	5
41018	1	2007	3	6	0	Y	 	 	 	 	 	 	 	 	 	 	 	5	88	0	 
41022	1	2008	3	3	0	Y	 	 	 	 	 	 	 	 	 	 	 	5	23	1	1
41025	1	2007	2	2	0	Y	 	 	 	 	 	 	 	 	 	 	 	25	88	1	1
41027	1	2009	2	4	0	Y	 	 	 	 	 	 	 	 	 	 	 	5	88	0	 
41027	2	2008	2	4	10	Y	 	 	 	 	 	 	 	 	 	 	 	5	88	0	 
41029	1	2008	1	2	0	Y	 	 	 	 	 	 	 	 	 	 	 	23	88	1	1
41030	1	2008	3	2	0	Y	 	 	 	 	 	 	 	 	 	 	 	20	88	1	4
41030	2	2008	2	1	2	Y	 	 	 	 	 	 	 	 	 	 	 	9	88	0	 
41030	3	2007	2	1	8	Y	 	 	 	 	 	 	 	 	 	 	 	9	88	0	 
41030	4	2006	3	6	21	Y	 	 	 	 	 	 	 	 	 	 	 	1	88	1	5
41032	1	2006	3	3	0	Y	 	 	 	 	 	 	 	 	 	 	 	5	88	1	1
41034	1	2008	1	2	0	Y	 	 	 	 	 	 	 	 	 	 	 	5	88	1	2
41035	1	2009	2	3	0	Y	 	 	 	 	 	 	 	 	 	 	 	23	88	1	1
41035	2	2009	2	4	2	Y	 	 	 	 	 	 	 	 	 	 	 	6	88	1	5
41040	1	2007	2	3	0	N	N	N	N	N	N	N	N	N	N	N	Y	23	88	1	5
41040	2	2007	2	5	1	N	N	N	N	N	N	N	N	N	N	N	Y	38	88	0	 
41042	1	2007	3	2	0	Y	 	 	 	 	 	 	 	 	 	 	 	5	88	1	1
41043	1	2009	3	6	0	Y	 	 	 	 	 	 	 	 	 	 	 	1	5	1	4
41045	1	2008	3	3	0	Y	 	 	 	 	 	 	 	 	 	 	 	9	88	1	1
41045	2	2008	3	5	1	Y	 	 	 	 	 	 	 	 	 	 	 	5	88	0	 
41046	1	2009	2	2	0	Y	 	 	 	 	 	 	 	 	 	 	 	23	88	1	2
41046	2	2008	2	2	2	Y	 	 	 	 	 	 	 	 	 	 	 	22	88	1	2
41047	1	2006	2	4	0	Y	 	 	 	 	 	 	 	 	 	 	 	5	88	0	 
41048	1	2009	3	6	0	N	N	N	Y	N	N	N	N	N	N	N	N	5	88	0	 
41048	2	2008	3	3	20	N	N	N	Y	N	N	N	N	N	N	N	N	23	88	1	1
41050	1	2007	3	6	0	Y	 	 	 	 	 	 	 	 	 	 	 	5	88	0	 
51001	1	2009	3	1	0	Y	 	 	 	 	 	 	 	 	 	 	 	5	88	1	1
51001	2	2008	3	6	1	N	N	N	Y	N	N	N	N	N	N	N	N	22	88	1	4
51003	1	2009	2	1	0	Y	 	 	 	 	 	 	 	 	 	 	 	23	88	1	1
51003	2	2008	2	5	3	Y	 	 	 	 	 	 	 	 	 	 	 	2	88	0	 
51004	1	2008	2	4	0	Y	 	 	 	 	 	 	 	 	 	 	 	5	88	0	 
51004	2	2007	2	1	3	Y	 	 	 	 	 	 	 	 	 	 	 	23	88	1	1
51004	3	2006	2	4	8	Y	 	 	 	 	 	 	 	 	 	 	 	5	88	0	 
51005	1	2007	3	6	0	Y	 	 	 	 	 	 	 	 	 	 	 	1	88	0	 
51007	1	2008	3	6	0	Y	 	 	 	 	 	 	 	 	 	 	 	2	88	1	5
51008	1	2008	2	1	0	N	N	N	Y	N	N	N	N	N	N	N	N	23	88	1	1
51008	2	2008	2	2	3	N	N	N	Y	N	N	N	N	N	N	N	N	24	88	0	 
51010	1	2008	3	1	0	Y	 	 	 	 	 	 	 	 	 	 	 	23	88	1	1
51010	2	2006	3	6	24	Y	 	 	 	 	 	 	 	 	 	 	 	2	88	0	 
51012	1	2007	3	6	0	Y	 	 	 	 	 	 	 	 	 	 	 	1	88	0	 
51013	1	2008	3	1	0	Y	 	 	 	 	 	 	 	 	 	 	 	23	88	1	1
51013	2	2007	3	6	5	Y	 	 	 	 	 	 	 	 	 	 	 	22	88	1	2
51014	1	2006	2	2	0	Y	 	 	 	 	 	 	 	 	 	 	 	1	88	1	4
51015	1	2008	2	3	0	Y	 	 	 	 	 	 	 	 	 	 	 	1	5	1	4
51016	1	2008	2	1	0	N	N	N	Y	N	N	N	N	N	N	N	N	23	88	1	1
51017	1	2008	2	2	0	Y	 	 	 	 	 	 	 	 	 	 	 	5	88	1	4
51017	2	2007	3	4	3	Y	 	 	 	 	 	 	 	 	 	 	 	23	88	1	1
51022	1	2007	3	4	0	Y	 	 	 	 	 	 	 	 	 	 	 	5	88	0	 
51024	1	2007	2	4	0	Y	 	 	 	 	 	 	 	 	 	 	 	5	88	0	 
51025	1	2007	3	5	0	Y	 	 	 	 	 	 	 	 	 	 	 	5	88	0	 
51027	1	2009	2	4	0	Y	 	 	 	 	 	 	 	 	 	 	 	5	88	0	 
51027	2	2008	2	1	3	Y	 	 	 	 	 	 	 	 	 	 	 	23	88	0	 
51027	3	2008	2	4	9	Y	 	 	 	 	 	 	 	 	 	 	 	5	88	0	 
51027	4	2007	2	1	3	Y	 	 	 	 	 	 	 	 	 	 	 	23	88	1	1
51027	5	2007	2	4	9	Y	 	 	 	 	 	 	 	 	 	 	 	5	88	0	 
51027	6	2006	1	1	3	Y	 	 	 	 	 	 	 	 	 	 	 	23	88	1	1
51030	1	2007	1	3	0	Y	 	 	 	 	 	 	 	 	 	 	 	2	88	1	4
51031	1	2008	3	3	0	Y	 	 	 	 	 	 	 	 	 	 	 	1	88	0	 
51031	2	2008	3	3	5	N	N	N	N	N	N	N	N	N	N	N	Y	1	88	0	 
51031	3	2007	2	3	12	Y	 	 	 	 	 	 	 	 	 	 	 	1	88	0	 
51036	1	2008	1	1	0	N	N	N	Y	N	N	N	N	N	N	N	N	1	88	1	5
51037	1	2009	2	2	0	Y	 	 	 	 	 	 	 	 	 	 	 	1	88	0	 
51037	2	2006	2	1	36	Y	 	 	 	 	 	 	 	 	 	 	 	1	88	0	 
51038	1	2008	3	2	0	Y	 	 	 	 	 	 	 	 	 	 	 	21	2	1	3
51041	1	2008	2	1	0	N	N	N	N	N	N	N	N	N	N	N	Y	23	88	1	1
51041	2	2008	2	2	2	Y	 	 	 	 	 	 	 	 	 	 	 	22	88	1	4
51042	1	2007	3	4	0	Y	 	 	 	 	 	 	 	 	 	 	 	5	88	0	 
51043	1	2009	2	4	0	Y	 	 	 	 	 	 	 	 	 	 	 	5	88	0	 
51043	2	2008	2	1	2	Y	 	 	 	 	 	 	 	 	 	 	 	23	88	1	1
51043	3	2008	2	4	10	Y	 	 	 	 	 	 	 	 	 	 	 	5	88	0	 
51043	4	2007	2	1	3	Y	 	 	 	 	 	 	 	 	 	 	 	5	23	1	1
51043	5	2007	2	4	9	Y	 	 	 	 	 	 	 	 	 	 	 	23	88	1	1
51043	6	2006	2	1	3	Y	 	 	 	 	 	 	 	 	 	 	 	23	88	1	1
51046	1	2009	3	1	0	N	N	N	N	N	N	N	N	N	N	N	Y	1	88	0	 
51046	2	2006	3	1	4	N	N	N	N	N	N	N	N	N	N	N	Y	1	88	0	 
51047	1	2009	3	6	0	Y	 	 	 	 	 	 	 	 	 	 	 	21	88	1	3
51047	2	2009	3	4	1	N	N	N	N	N	N	N	Y	N	N	N	N	8	88	1	4
51047	3	2006	3	6	34	Y	 	 	 	 	 	 	 	 	 	 	 	14	88	1	4
51048	1	2008	1	6	0	Y	 	 	 	 	 	 	 	 	 	 	 	1	88	1	1
51048	2	2007	3	3	7	Y	 	 	 	 	 	 	 	 	 	 	 	2	88	1	1
51050	1	2007	2	4	0	Y	 	 	 	 	 	 	 	 	 	 	 	5	88	1	5
61004	1	2008	1	3	0	N	N	N	N	Y	N	N	N	N	N	N	N	1	12	1	4
61005	1	2008	1	2	0	N	N	N	N	Y	N	N	N	N	N	N	N	12	88	0	 
61007	1	2008	1	3	0	N	N	N	N	Y	N	N	N	N	N	N	N	1	88	1	4
61008	1	2009	2	1	0	N	N	N	N	N	N	N	N	N	N	N	Y	23	88	1	1
61008	2	2008	2	1	2	N	N	N	N	N	N	N	N	N	N	N	Y	1	2	0	 
61008	3	2007	2	1	12	N	N	N	N	N	N	N	N	N	N	N	Y	23	88	1	1
61008	4	2006	2	1	3	N	N	N	N	N	N	N	N	N	N	N	Y	1	2	0	 
61011	1	2009	2	1	0	N	N	N	N	N	N	N	N	N	N	N	Y	23	88	1	1
61011	2	2008	2	1	2	N	N	N	N	N	N	N	N	N	N	N	Y	2	88	0	 
61012	1	2009	2	1	0	N	N	N	N	N	N	N	N	N	N	N	Y	23	88	1	1
61012	2	2008	2	1	2	N	N	N	N	N	N	N	N	N	N	N	Y	1	2	0	 
61012	3	2008	2	1	10	N	N	N	N	N	N	N	N	N	N	N	Y	23	37	1	1
61012	4	2007	2	1	2	N	N	N	N	N	N	N	N	N	N	N	Y	1	2	0	 
61014	1	2009	3	2	0	Y	 	 	 	 	 	 	 	 	 	 	 	2	88	1	4
61015	1	2009	2	1	0	Y	 	 	 	 	 	 	 	 	 	 	 	23	88	1	1
61015	2	2008	2	1	3	Y	 	 	 	 	 	 	 	 	 	 	 	1	2	1	2
61015	3	2008	2	1	10	Y	 	 	 	 	 	 	 	 	 	 	 	23	88	1	1
61015	4	2007	2	1	2	Y	 	 	 	 	 	 	 	 	 	 	 	1	2	1	2
61018	1	2009	1	3	0	Y	 	 	 	 	 	 	 	 	 	 	 	23	88	1	1
61018	2	2008	1	1	6	Y	 	 	 	 	 	 	 	 	 	 	 	1	88	0	 
61019	1	2007	1	1	0	Y	 	 	 	 	 	 	 	 	 	 	 	12	88	0	 
61020	1	2009	2	4	0	Y	 	 	 	 	 	 	 	 	 	 	 	5	88	1	5
61020	2	2008	2	1	2	Y	 	 	 	 	 	 	 	 	 	 	 	23	88	1	1
61020	3	2008	2	4	9	Y	 	 	 	 	 	 	 	 	 	 	 	5	88	1	5
61020	4	2007	2	1	2	Y	 	 	 	 	 	 	 	 	 	 	 	23	88	1	1
61020	5	2007	2	4	9	Y	 	 	 	 	 	 	 	 	 	 	 	5	88	1	5
61021	1	2009	2	5	0	Y	 	 	 	 	 	 	 	 	 	 	 	28	88	1	5
61021	2	2007	3	3	5	Y	 	 	 	 	 	 	 	 	 	 	 	2	88	1	4
61022	1	2007	1	3	0	Y	 	 	 	 	 	 	 	 	 	 	 	5	28	1	4
61023	1	 	 	 	 	 	 	 	 	 	 	 	 	 	 	 	 	 	 	 	 
61024	1	 	 	 	 	 	 	 	 	 	 	 	 	 	 	 	 	 	 	 	 
61025	1	2009	2	3	0	Y	 	 	 	 	 	 	 	 	 	 	 	5	88	0	 
61025	2	2008	2	3	3	Y	 	 	 	 	 	 	 	 	 	 	 	23	88	1	1
61025	3	2008	2	3	9	Y	 	 	 	 	 	 	 	 	 	 	 	5	88	0	 
61025	4	2007	2	3	3	Y	 	 	 	 	 	 	 	 	 	 	 	23	88	1	1
61025	5	2007	2	3	9	Y	 	 	 	 	 	 	 	 	 	 	 	5	88	0	 
61026	1	2008	2	4	0	Y	 	 	 	 	 	 	 	 	 	 	 	5	88	0	 
61027	1	2008	2	1	0	N	N	N	N	N	N	N	N	N	N	N	Y	23	88	1	1
61027	2	2006	2	4	24	N	N	N	N	N	N	N	N	N	N	N	Y	5	88	0	 
61029	1	2009	2	1	0	Y	 	 	 	 	 	 	 	 	 	 	 	38	23	1	1
61031	1	2007	3	5	0	Y	 	 	 	 	 	 	 	 	 	 	 	5	88	0	 
61031	2	2006	3	1	2	N	N	N	N	N	N	N	N	N	N	N	Y	2	88	1	5
61031	3	2005	3	1	2	N	N	N	N	N	N	N	N	N	N	N	Y	2	88	1	5
61034	1	2006	3	1	0	N	N	N	N	N	N	N	N	N	N	Y	N	23	88	1	1
61034	2	2006	3	1	1	N	N	N	N	N	N	N	N	N	N	N	Y	1	88	0	 
61036	1	2009	2	3	0	Y	 	 	 	 	 	 	 	 	 	 	 	23	88	1	4
61036	2	2009	2	1	2	Y	 	 	 	 	 	 	 	 	 	 	 	1	88	0	 
61036	3	2008	2	3	6	Y	 	 	 	 	 	 	 	 	 	 	 	37	88	1	4
61036	4	2008	2	5	2	Y	 	 	 	 	 	 	 	 	 	 	 	6	88	1	4
61036	5	2007	1	3	12	Y	 	 	 	 	 	 	 	 	 	 	 	2	34	1	4
61037	1	2006	2	3	0	N	N	N	N	N	N	N	N	N	N	Y	N	34	88	1	4
61038	1	2008	1	1	0	N	N	N	N	N	N	N	N	N	N	N	Y	23	88	1	1
61038	2	2008	2	1	2	N	N	N	N	N	N	N	N	N	N	N	Y	2	88	0	 
61043	1	2008	3	1	0	N	N	N	N	N	N	N	N	N	N	N	Y	23	88	1	1
61043	2	2007	3	1	2	Y	 	 	 	 	 	 	 	 	 	 	 	1	88	0	 
61046	1	2007	1	3	0	N	N	N	N	N	N	N	N	N	N	Y	N	22	88	1	4
61050	1	2009	3	5	0	Y	 	 	 	 	 	 	 	 	 	 	 	5	88	0	 
61050	2	2009	3	1	4	Y	 	 	 	 	 	 	 	 	 	 	 	5	88	0	 
61051	1	2006	3	5	0	Y	 	 	 	 	 	 	 	 	 	 	 	1	88	0	 
61056	1	2009	2	4	0	Y	 	 	 	 	 	 	 	 	 	 	 	5	88	1	5
61057	1	2008	2	4	0	N	N	N	N	N	N	N	N	Y	N	N	N	22	88	1	4
71004	1	2007	2	5	0	Y	 	 	 	 	 	 	 	 	 	 	 	2	88	1	5
71006	1	2008	3	2	0	Y	 	 	 	 	 	 	 	 	 	 	 	1	88	1	4
71008	1	2007	2	1	0	N	N	N	N	N	N	N	N	N	N	N	Y	5	23	1	1
71008	2	2006	2	1	3	Y	 	 	 	 	 	 	 	 	 	 	 	2	88	0	 
71010	1	2009	2	1	0	N	N	N	Y	N	N	N	N	N	N	N	N	1	88	0	 
71010	2	2007	2	1	18	N	N	N	Y	N	N	N	N	N	N	N	N	1	88	0	 
71017	1	2009	2	2	0	Y	 	 	 	 	 	 	 	 	 	 	 	1	88	0	 
71017	2	2008	3	3	11	Y	 	 	 	 	 	 	 	 	 	 	 	5	88	1	1
71019	1	2007	2	1	0	N	N	N	N	N	N	N	N	N	N	N	Y	23	88	1	1
71019	2	2007	2	3	2	N	N	N	N	N	N	N	N	N	N	N	Y	9	88	0	 
71020	1	2009	2	1	0	Y	 	 	 	 	 	 	 	 	 	 	 	1	88	0	 
71020	2	2008	2	3	8	Y	 	 	 	 	 	 	 	 	 	 	 	2	88	1	1
71024	1	2009	2	4	0	Y	 	 	 	 	 	 	 	 	 	 	 	5	88	1	4
71024	2	2008	2	1	2	Y	 	 	 	 	 	 	 	 	 	 	 	23	38	1	1
71024	3	2008	2	4	10	Y	 	 	 	 	 	 	 	 	 	 	 	5	88	1	4
71024	4	2007	2	1	2	Y	 	 	 	 	 	 	 	 	 	 	 	23	38	1	1
71024	5	2007	2	4	10	Y	 	 	 	 	 	 	 	 	 	 	 	5	88	1	4
71024	6	2006	2	1	2	Y	 	 	 	 	 	 	 	 	 	 	 	23	38	1	1
71024	7	2006	2	4	10	Y	 	 	 	 	 	 	 	 	 	 	 	5	88	1	4
71025	1	2009	2	5	0	Y	 	 	 	 	 	 	 	 	 	 	 	5	88	1	4
71025	2	2008	2	1	2	Y	 	 	 	 	 	 	 	 	 	 	 	24	88	1	1
71025	3	2008	2	5	10	Y	 	 	 	 	 	 	 	 	 	 	 	5	88	1	4
71025	4	2007	2	1	2	Y	 	 	 	 	 	 	 	 	 	 	 	24	88	1	1
71025	5	2007	2	5	10	Y	 	 	 	 	 	 	 	 	 	 	 	5	88	1	4
71028	1	2008	3	2	0	Y	 	 	 	 	 	 	 	 	 	 	 	23	88	1	1
71028	2	2007	3	6	12	Y	 	 	 	 	 	 	 	 	 	 	 	1	88	0	 
71028	3	2007	2	2	3	Y	 	 	 	 	 	 	 	 	 	 	 	1	88	1	5
71030	1	2008	2	1	0	Y	 	 	 	 	 	 	 	 	 	 	 	23	88	1	1
71030	2	2008	2	4	10	Y	 	 	 	 	 	 	 	 	 	 	 	5	88	0	 
71030	3	2007	2	1	2	Y	 	 	 	 	 	 	 	 	 	 	 	23	88	1	1
71030	4	2007	2	4	10	Y	 	 	 	 	 	 	 	 	 	 	 	5	88	0	 
71032	1	2007	3	6	0	Y	 	 	 	 	 	 	 	 	 	 	 	23	88	1	4
71032	2	2007	3	3	2	Y	 	 	 	 	 	 	 	 	 	 	 	23	88	1	1
71034	1	2006	1	3	0	N	N	Y	N	N	N	N	N	Y	N	N	N	13	37	1	1
71037	1	2008	2	4	0	Y	 	 	 	 	 	 	 	 	 	 	 	5	88	0	 
71038	1	2007	2	3	0	Y	 	 	 	 	 	 	 	 	 	 	 	37	88	1	1
71038	2	2007	3	2	2	Y	 	 	 	 	 	 	 	 	 	 	 	2	88	0	 
71039	1	2009	3	1	0	Y	 	 	 	 	 	 	 	 	 	 	 	23	88	1	1
71039	2	2008	3	6	3	Y	 	 	 	 	 	 	 	 	 	 	 	2	88	0	 
71043	1	2008	3	1	0	Y	 	 	 	 	 	 	 	 	 	 	 	23	88	1	1
71043	2	2008	3	3	60	Y	 	 	 	 	 	 	 	 	 	 	 	1	88	1	4
71047	1	2007	3	1	0	Y	 	 	 	 	 	 	 	 	 	 	 	23	88	1	1
71047	2	2007	3	6	2	N	N	N	N	N	N	N	N	N	N	N	Y	1	88	0	 
71049	1	2009	2	1	0	Y	 	 	 	 	 	 	 	 	 	 	 	23	88	1	1
71049	2	2009	2	3	2	N	N	N	N	N	N	N	N	N	N	N	Y	24	88	0	 
81001	1	2008	2	3	0	N	N	N	N	Y	N	N	N	N	N	N	N	1	88	1	1
81001	2	2007	2	3	3	N	N	N	N	Y	N	N	N	N	N	N	N	12	88	0	 
81004	1	2009	1	1	0	N	N	N	N	N	N	N	N	N	Y	N	N	23	88	1	4
81004	2	2008	1	2	9	N	N	N	N	N	N	N	N	N	Y	N	N	5	88	1	4
81006	1	2009	3	6	0	N	N	N	N	N	N	N	N	N	N	N	Y	2	88	0	 
81008	1	2008	2	3	0	Y	 	 	 	 	 	 	 	 	 	 	 	5	88	1	4
81008	2	2005	4	 	36	N	N	N	N	N	N	N	N	N	N	N	Y	2	88	1	2
81010	1	2007	2	1	0	N	N	N	Y	N	N	N	N	N	N	N	N	5	88	1	2
81011	1	2009	3	6	0	N	N	N	N	N	N	N	N	N	N	Y	N	23	88	1	3
81013	1	2009	1	3	0	N	N	N	N	Y	N	N	N	N	N	N	N	2	88	1	4
81013	2	2007	1	1	24	Y	 	 	 	 	 	 	 	 	 	 	 	38	88	1	1
81013	3	2006	1	1	12	N	N	N	N	Y	N	N	N	N	N	N	N	12	88	1	4
81014	1	 	 	 	 	 	 	 	 	 	 	 	 	 	 	 	 	 	 	 	 
81015	1	2009	1	1	0	N	N	N	N	N	N	N	N	N	N	N	Y	1	88	0	 
81015	2	2009	2	1	2	N	N	N	N	N	N	N	N	N	N	N	Y	1	88	0	 
81018	1	2009	1	1	0	N	N	N	Y	N	N	N	N	N	N	N	N	5	88	1	2
81018	2	2007	1	3	27	N	N	N	Y	N	N	N	N	N	N	N	N	5	88	1	2
81022	1	2009	1	3	0	N	N	N	N	Y	N	N	N	N	N	N	N	12	88	1	3
81022	2	2007	4	 	24	Y	 	 	 	 	 	 	 	 	 	 	 	1	88	1	6
81022	3	2007	3	1	2	Y	 	 	 	 	 	 	 	 	 	 	 	23	88	1	1
81022	4	2004	4	 	24	Y	 	 	 	 	 	 	 	 	 	 	 	1	88	0	 
81024	1	2009	1	3	0	N	N	N	N	N	N	N	N	N	N	N	N	23	88	1	1
81024	2	2008	3	6	3	Y	 	 	 	 	 	 	 	 	 	 	 	1	88	0	 
81025	1	2009	1	1	0	N	N	N	N	N	N	N	N	N	N	N	N	22	88	1	1
81025	2	2008	1	1	4	Y	 	 	 	 	 	 	 	 	 	 	 	23	88	1	4
81026	1	2009	1	1	0	Y	 	 	 	 	 	 	 	 	 	 	 	1	88	0	 
81026	2	2008	2	4	2	Y	 	 	 	 	 	 	 	 	 	 	 	1	88	0	 
81026	3	2008	2	1	2	Y	 	 	 	 	 	 	 	 	 	 	 	1	88	0	 
81028	1	2009	1	3	0	Y	 	 	 	 	 	 	 	 	 	 	 	5	88	1	88
81028	2	2008	1	2	24	Y	 	 	 	 	 	 	 	 	 	 	 	5	88	1	88
81035	1	2009	1	2	0	N	N	N	N	Y	N	N	N	N	N	N	N	12	88	1	3
81037	1	2009	1	1	0	Y	 	 	 	 	 	 	 	 	 	 	 	2	88	0	 
81037	2	2000	2	3	2	N	N	N	N	N	N	N	N	Y	N	N	N	1	88	0	 
81039	1	2009	1	3	0	N	N	N	Y	N	N	N	N	N	N	N	N	1	2	1	2
81039	2	2008	2	4	12	Y	 	 	 	 	 	 	 	 	 	 	 	5	88	0	 
81041	1	2009	1	1	0	N	N	N	Y	N	N	N	N	N	N	N	N	23	88	0	 
81041	2	2008	2	3	3	N	N	N	Y	N	N	N	N	N	N	N	N	23	88	0	 
81043	1	2009	2	1	0	N	N	N	N	N	N	N	N	Y	N	N	N	23	88	1	1
81043	2	2008	2	1	3	N	N	N	N	N	N	N	N	N	N	N	Y	2	88	0	 
81046	1	2008	3	4	0	Y	 	 	 	 	 	 	 	 	 	 	 	3	2	1	1
81047	1	2009	2	1	0	Y	 	 	 	 	 	 	 	 	 	 	 	12	88	0	 
81047	2	2006	2	1	2	Y	 	 	 	 	 	 	 	 	 	 	 	12	88	0	 
81050	1	2009	1	1	0	N	N	N	N	N	Y	N	N	N	N	N	N	12	88	1	5
81050	2	2007	1	3	26	N	N	N	N	N	Y	N	N	N	N	N	N	23	88	1	1
91001	1	2006	2	2	0	Y	 	 	 	 	 	 	 	 	 	 	 	1	88	0	 
91001	2	2006	2	2	3	Y	 	 	 	 	 	 	 	 	 	 	 	1	88	0	 
91002	1	2009	2	1	0	N	N	N	N	N	N	N	Y	N	N	N	N	23	88	1	3
91002	2	2008	2	1	2	N	N	N	N	N	N	N	Y	N	N	N	N	33	88	1	1
91004	1	2008	1	4	0	N	Y	N	N	N	N	N	N	N	N	N	N	1	88	1	4
91004	2	2008	2	1	3	N	Y	N	N	N	N	N	N	N	N	N	N	23	88	1	1
91004	3	2007	2	3	8	N	N	N	N	N	N	N	N	N	N	N	Y	1	88	0	 
91005	1	2009	2	4	0	Y	 	 	 	 	 	 	 	 	 	 	 	5	88	1	2
91005	2	2008	2	1	2	Y	 	 	 	 	 	 	 	 	 	 	 	23	88	1	1
91005	3	2008	2	4	10	Y	 	 	 	 	 	 	 	 	 	 	 	5	88	1	2
91005	4	2007	2	1	2	Y	 	 	 	 	 	 	 	 	 	 	 	23	88	1	1
91005	5	2007	2	4	10	Y	 	 	 	 	 	 	 	 	 	 	 	5	88	1	2
91006	1	2009	2	3	0	Y	 	 	 	 	 	 	 	 	 	 	 	1	88	1	4
91006	2	2009	1	1	2	Y	 	 	 	 	 	 	 	 	 	 	 	2	88	1	1
91007	1	2007	1	1	0	Y	 	 	 	 	 	 	 	 	 	 	 	23	88	1	1
91007	2	2006	1	3	12	Y	 	 	 	 	 	 	 	 	 	 	 	38	88	1	2
91011	1	2009	2	4	0	N	N	N	N	Y	N	N	N	N	N	N	N	12	88	0	 
91011	2	2006	2	4	3	N	N	N	N	Y	N	N	N	N	N	N	N	12	88	0	 
91012	1	2007	2	4	0	N	N	N	Y	N	N	N	N	N	N	N	N	5	88	1	7
91013	1	2009	1	3	0	Y	 	 	 	 	 	 	 	 	 	 	 	15	88	1	5
91013	2	2007	2	4	12	Y	 	 	 	 	 	 	 	 	 	 	 	5	88	1	4
91015	1	2008	2	1	0	Y	 	 	 	 	 	 	 	 	 	 	 	37	88	1	1
91015	2	2008	2	4	2	Y	 	 	 	 	 	 	 	 	 	 	 	1	88	0	 
91016	1	2009	2	1	0	N	Y	Y	N	N	N	N	N	N	N	N	N	5	88	1	7
91016	2	2006	4	 	24	Y	 	 	 	 	 	 	 	 	 	 	 	1	2	0	 
91017	1	2009	2	2	0	Y	 	 	 	 	 	 	 	 	 	 	 	1	88	0	 
91017	2	2008	2	3	9	Y	 	 	 	 	 	 	 	 	 	 	 	5	88	0	 
91017	3	2008	2	4	3	Y	 	 	 	 	 	 	 	 	 	 	 	28	88	1	2
91018	1	2009	1	3	0	N	N	N	Y	N	N	N	N	N	N	N	N	2	1	0	 
91018	2	2008	2	5	2	N	N	N	Y	Y	N	N	N	N	N	N	N	29	1	1	2
91019	1	2009	2	1	0	Y	 	 	 	 	 	 	 	 	 	 	 	1	88	0	 
91019	2	2006	2	3	36	N	N	N	Y	N	N	N	N	N	N	N	N	5	88	1	2
91023	1	2007	2	4	0	Y	 	 	 	 	 	 	 	 	 	 	 	28	88	0	 
91025	1	2008	2	1	0	Y	 	 	 	 	 	 	 	 	 	 	 	23	88	1	1
91025	2	2008	2	2	3	Y	 	 	 	 	 	 	 	 	 	 	 	1	88	0	 
91025	3	2008	3	1	3	Y	 	 	 	 	 	 	 	 	 	 	 	7	88	0	 
91025	4	2008	3	1	2	Y	 	 	 	 	 	 	 	 	 	 	 	7	88	0	 
91028	1	2008	1	1	0	N	N	N	Y	Y	N	N	N	N	N	N	N	2	88	1	1
91028	2	2008	1	3	2	N	N	N	Y	Y	N	N	N	N	N	N	N	2	88	1	2
91030	1	2009	3	5	0	Y	 	 	 	 	 	 	 	 	 	 	 	5	88	0	 
91030	2	2007	3	5	2	Y	 	 	 	 	 	 	 	 	 	 	 	5	88	0	 
91031	1	2009	3	5	0	Y	 	 	 	 	 	 	 	 	 	 	 	5	88	0	 
91031	2	2007	3	2	24	Y	 	 	 	 	 	 	 	 	 	 	 	5	88	0	 
91032	1	 	 	 	 	 	 	 	 	 	 	 	 	 	 	 	 	 	 	 	 
91033	1	2008	1	1	0	N	N	N	N	N	N	N	N	N	N	N	Y	38	88	1	1
91033	2	2008	2	3	3	Y	 	 	 	 	 	 	 	 	 	 	 	2	88	0	 
91039	1	2009	2	1	0	N	N	N	N	N	N	N	N	N	N	N	Y	7	79	0	 
91039	2	2009	2	6	3	N	N	N	N	N	N	N	N	N	N	N	Y	7	88	0	 
91039	3	2008	3	4	1	N	N	N	N	N	N	N	N	N	N	N	Y	7	88	0	 
91039	4	2008	3	5	1	N	N	N	N	N	N	N	N	N	N	N	Y	7	88	0	 
91039	5	2007	3	3	10	N	N	N	N	N	N	N	N	N	N	N	Y	7	88	0	 
91039	6	2007	3	3	2	Y	 	 	 	 	 	 	 	 	 	 	 	7	88	0	 
91040	1	2009	3	4	0	Y	 	 	 	 	 	 	 	 	 	 	 	5	88	0	 
91042	1	2007	2	2	0	N	N	N	N	Y	N	N	N	N	N	N	N	35	88	1	5
91042	2	2007	2	4	6	N	N	N	N	N	Y	N	N	N	N	N	N	2	88	0	 
91043	1	2006	1	1	0	Y	 	 	 	 	 	 	 	 	 	 	 	23	88	0	 
91043	2	2006	2	3	2	Y	 	 	 	 	 	 	 	 	 	 	 	2	88	0	 
91044	1	2008	1	1	0	Y	 	 	 	 	 	 	 	 	 	 	 	23	88	1	1
91044	2	2008	2	2	6	Y	 	 	 	 	 	 	 	 	 	 	 	2	88	1	4
91044	3	2008	1	1	2	Y	 	 	 	 	 	 	 	 	 	 	 	23	88	1	1
91044	4	2008	2	3	2	Y	 	 	 	 	 	 	 	 	 	 	 	2	88	1	4
91045	1	2007	2	4	0	Y	 	 	 	 	 	 	 	 	 	 	 	2	88	1	2
91047	1	2009	1	1	0	N	N	N	N	N	Y	N	N	N	N	N	N	1	88	1	5
91047	2	2008	2	4	6	N	N	N	N	N	N	N	N	N	N	N	Y	1	88	1	5
91049	1	2009	1	1	0	Y	 	 	 	 	 	 	 	 	 	 	 	12	88	1	3
91049	2	2008	2	2	6	N	N	N	N	Y	N	N	N	N	N	N	N	2	88	0	 
91050	1	2006	1	1	0	Y	 	 	 	 	 	 	 	 	 	 	 	12	88	1	2
101001	1	2009	3	6	0	N	N	N	N	N	N	N	Y	N	N	N	N	21	88	1	3
101003	2	2007	3	3	28	Y	 	 	 	 	 	 	 	 	 	 	 	5	88	1	2
101003	3	2006	2	2	12	Y	 	 	 	 	 	 	 	 	 	 	 	5	88	0	 
101004	1	2008	3	6	0	N	N	N	Y	N	N	N	N	N	N	N	N	5	88	1	1
101013	1	2009	1	3	0	Y	 	 	 	 	 	 	 	 	 	 	 	24	88	1	4
101013	2	2008	3	6	2	Y	 	 	 	 	 	 	 	 	 	 	 	24	88	1	4
101016	1	2009	2	4	0	Y	 	 	 	 	 	 	 	 	 	 	 	5	88	0	 
101016	2	2005	2	4	48	Y	 	 	 	 	 	 	 	 	 	 	 	5	88	0	 
101017	1	2009	2	4	0	Y	 	 	 	 	 	 	 	 	 	 	 	5	88	0	 
101017	2	2008	2	3	2	Y	 	 	 	 	 	 	 	 	 	 	 	23	88	1	1
101017	3	2008	2	4	10	Y	 	 	 	 	 	 	 	 	 	 	 	5	88	0	 
101017	4	2007	2	3	2	Y	 	 	 	 	 	 	 	 	 	 	 	23	88	1	1
101017	5	2007	2	4	10	Y	 	 	 	 	 	 	 	 	 	 	 	5	88	0	 
101019	1	2009	2	4	0	Y	 	 	 	 	 	 	 	 	 	 	 	2	88	1	5
101019	2	2008	2	4	1	Y	 	 	 	 	 	 	 	 	 	 	 	24	88	1	5
101019	3	2007	4	 	4	Y	 	 	 	 	 	 	 	 	 	 	 	1	88	1	1
101019	4	2006	2	4	14	Y	 	 	 	 	 	 	 	 	 	 	 	5	88	1	4
101020	1	2008	3	6	0	Y	 	 	 	 	 	 	 	 	 	 	 	2	88	1	4
101021	1	2009	3	2	0	Y	 	 	 	 	 	 	 	 	 	 	 	24	88	1	1
101021	2	2006	3	5	27	Y	 	 	 	 	 	 	 	 	 	 	 	6	88	0	 
101025	1	2009	2	4	0	Y	 	 	 	 	 	 	 	 	 	 	 	5	88	0	 
101025	2	2008	2	3	2	Y	 	 	 	 	 	 	 	 	 	 	 	24	88	1	1
101025	3	2008	2	4	10	Y	 	 	 	 	 	 	 	 	 	 	 	5	88	0	 
101025	4	2007	2	3	2	Y	 	 	 	 	 	 	 	 	 	 	 	23	88	0	 
101025	5	2007	2	4	10	Y	 	 	 	 	 	 	 	 	 	 	 	5	88	0	 
101030	1	2008	3	6	0	Y	 	 	 	 	 	 	 	 	 	 	 	1	88	0	 
101034	1	2008	3	6	0	Y	 	 	 	 	 	 	 	 	 	 	 	5	88	1	4
101041	1	2009	3	3	0	Y	 	 	 	 	 	 	 	 	 	 	 	23	88	1	1
101041	2	2007	3	3	12	Y	 	 	 	 	 	 	 	 	 	 	 	23	88	1	2
101041	3	2006	3	4	10	Y	 	 	 	 	 	 	 	 	 	 	 	5	88	0	 
101042	1	2009	3	4	0	Y	 	 	 	 	 	 	 	 	 	 	 	5	88	0	 
101042	2	2007	3	4	23	Y	 	 	 	 	 	 	 	 	 	 	 	5	88	0	 
101045	1	2009	2	3	0	N	N	Y	N	N	N	N	N	N	N	N	N	23	88	1	1
101045	2	2009	2	4	4	N	N	N	N	N	N	N	N	N	N	N	Y	38	88	0	 
111003	1	2007	3	1	0	N	N	N	N	N	N	N	N	N	N	N	Y	2	88	1	1
111003	3	2007	3	6	2	N	N	N	N	N	N	N	N	N	N	N	Y	2	88	1	5
111008	1	2008	1	1	0	Y	 	 	 	 	 	 	 	 	 	 	 	23	25	1	1
111008	2	2006	1	3	24	Y	 	 	 	 	 	 	 	 	 	 	 	5	88	0	 
111009	1	2009	1	1	0	Y	 	 	 	 	 	 	 	 	 	 	 	3	88	1	1
111009	2	2008	1	3	7	Y	 	 	 	 	 	 	 	 	 	 	 	2	88	0	 
111011	1	2007	1	3	0	Y	 	 	 	 	 	 	 	 	 	 	 	2	1	0	 
111012	1	2009	3	5	0	Y	 	 	 	 	 	 	 	 	 	 	 	5	88	0	 
111012	2	2007	3	5	2	Y	 	 	 	 	 	 	 	 	 	 	 	5	88	0	 
111015	1	2008	1	6	0	Y	 	 	 	 	 	 	 	 	 	 	 	5	88	0	 
111015	2	2006	3	6	26	Y	 	 	 	 	 	 	 	 	 	 	 	5	88	1	4
111016	1	2008	1	1	0	Y	 	 	 	 	 	 	 	 	 	 	 	23	88	1	1
111016	2	2008	3	3	2	Y	 	 	 	 	 	 	 	 	 	 	 	1	88	0	 
111017	1	2009	1	1	0	N	N	N	N	Y	N	N	N	N	N	N	N	12	88	1	3
111021	1	2008	1	1	0	Y	 	 	 	 	 	 	 	 	 	 	 	23	88	1	1
111021	2	2007	1	3	7	Y	 	 	 	 	 	 	 	 	 	 	 	6	88	1	2
111023	1	2009	3	3	0	Y	 	 	 	 	 	 	 	 	 	 	 	2	88	0	 
111023	2	2008	2	3	5	Y	 	 	 	 	 	 	 	 	 	 	 	2	88	0	 
111035	1	2009	1	3	0	N	N	N	N	Y	N	N	N	N	N	N	N	14	88	0	 
111035	2	2008	1	3	6	N	N	N	N	N	Y	N	N	N	N	N	N	14	88	0	 
111035	3	2008	1	3	5	N	N	N	N	N	Y	N	N	N	N	N	N	14	26	0	 
111035	4	2007	2	1	12	Y	 	 	 	 	 	 	 	 	 	 	 	9	88	1	2
111035	5	2006	2	3	9	Y	 	 	 	 	 	 	 	 	 	 	 	2	21	0	 
111041	1	2008	2	1	0	Y	 	 	 	 	 	 	 	 	 	 	 	3	2	1	1
111041	2	2006	2	3	20	Y	 	 	 	 	 	 	 	 	 	 	 	4	88	0	 
111045	1	2008	1	2	0	N	N	N	N	N	N	N	N	N	N	N	N	12	88	1	1
121003	1	2007	1	1	0	N	N	N	N	N	N	N	N	Y	N	N	N	37	88	1	4
121003	2	2006	4	 	24	N	N	N	N	N	N	N	N	N	N	N	Y	1	88	0	 
121007	1	2008	1	1	0	Y	 	 	 	 	 	 	 	 	 	 	 	38	88	1	1
121007	2	2007	4	 	10	Y	 	 	 	 	 	 	 	 	 	 	 	2	88	0	 
121009	1	2008	3	1	0	Y	 	 	 	 	 	 	 	 	 	 	 	1	23	1	1
121010	1	2008	3	1	0	N	N	N	N	Y	N	N	N	N	N	N	N	12	88	0	 
121012	1	2008	3	1	0	N	N	N	N	N	N	N	N	Y	N	N	N	23	88	1	1
121012	2	2008	3	6	3	N	N	N	N	N	N	N	Y	N	N	N	N	9	88	1	4
121014	1	2007	2	6	0	Y	 	 	 	 	 	 	 	 	 	 	 	2	88	1	1
121015	1	2009	4	 	0	Y	 	 	 	 	 	 	 	 	 	 	 	30	23	1	1
121015	2	2008	4	 	8	Y	 	 	 	 	 	 	 	 	 	 	 	2	88	0	 
121015	3	2007	3	3	14	N	N	N	N	N	N	N	N	N	N	N	Y	1	88	1	5
121015	4	2006	3	6	12	Y	 	 	 	 	 	 	 	 	 	 	 	2	88	1	4
121020	1	2006	3	3	0	N	N	N	N	N	N	N	N	N	Y	N	N	12	88	1	4
121023	1	2007	4	 	0	N	N	N	N	N	N	N	N	N	N	N	N	23	88	1	1
121023	2	2005	4	 	24	N	N	N	N	N	N	N	N	N	N	N	N	2	88	1	4
121026	1	2006	3	4	0	N	N	N	N	N	N	N	N	N	Y	N	N	2	88	1	2
121031	1	2008	3	1	0	Y	 	 	 	 	 	 	 	 	 	 	 	1	88	1	2
121031	2	2006	1	1	20	Y	 	 	 	 	 	 	 	 	 	 	 	23	88	1	1
121031	3	2006	4	 	3	N	N	N	N	N	N	N	N	N	N	N	Y	2	88	0	 
121034	1	 	 	 	 	 	 	 	 	 	 	 	 	 	 	 	 	 	 	 	 
121038	1	2008	1	3	0	Y	 	 	 	 	 	 	 	 	 	 	 	1	88	1	5
121039	1	2008	4	 	0	Y	 	 	 	 	 	 	 	 	 	 	 	24	88	1	1
121039	2	2004	4	 	53	Y	 	 	 	 	 	 	 	 	 	 	 	2	88	1	5
121040	1	2008	1	3	0	N	N	N	N	Y	N	N	N	N	N	N	N	12	88	1	4
121043	1	2008	3	1	0	Y	 	 	 	 	 	 	 	 	 	 	 	23	88	1	1
121043	2	2008	3	6	3	Y	 	 	 	 	 	 	 	 	 	 	 	1	88	1	4
121046	1	2009	1	2	0	N	N	N	N	Y	N	N	N	N	N	N	N	12	88	0	 
121046	2	2006	4	 	29	Y	 	 	 	 	 	 	 	 	 	 	 	23	88	1	1
121046	3	2004	4	 	27	N	N	N	N	N	N	N	N	N	N	N	N	2	88	0	 
121047	1	2008	3	3	0	Y	 	 	 	 	 	 	 	 	 	 	 	1	23	1	4
121050	1	2007	3	3	0	N	N	N	N	N	N	N	N	N	Y	N	N	12	88	0	 
121050	2	2006	4	 	6	Y	 	 	 	 	 	 	 	 	 	 	 	23	88	1	1
121050	3	2004	4	 	24	Y	 	 	 	 	 	 	 	 	 	 	 	2	88	0	 
121053	1	2007	1	3	0	Y	 	 	 	 	 	 	 	 	 	 	 	1	88	1	5
121054	1	2009	2	2	0	Y	 	 	 	 	 	 	 	 	 	 	 	2	88	1	5
121055	1	2007	1	1	0	Y	 	 	 	 	 	 	 	 	 	 	 	38	88	1	1
121055	2	2006	3	1	12	Y	 	 	 	 	 	 	 	 	 	 	 	1	88	1	4
121057	1	2006	4	 	0	Y	 	 	 	 	 	 	 	 	 	 	 	9	23	1	1
121057	2	2006	4	 	3	Y	 	 	 	 	 	 	 	 	 	 	 	2	88	0	 
131007	1	2009	2	4	0	Y	 	 	 	 	 	 	 	 	 	 	 	5	88	0	 
131007	2	2008	2	4	14	Y	 	 	 	 	 	 	 	 	 	 	 	5	88	0	 
131008	1	2009	2	4	0	Y	 	 	 	 	 	 	 	 	 	 	 	1	88	1	4
131008	2	2008	2	4	12	Y	 	 	 	 	 	 	 	 	 	 	 	1	88	1	4
131009	1	2008	3	3	0	Y	 	 	 	 	 	 	 	 	 	 	 	5	23	1	1
131009	2	2008	3	4	1	N	N	N	N	N	N	N	N	N	N	N	Y	24	88	1	4
131010	1	2009	3	3	0	N	N	N	N	Y	N	N	N	N	N	N	N	12	88	0	 
131020	1	2008	3	3	0	Y	 	 	 	 	 	 	 	 	 	 	 	23	31	1	1
131020	2	2007	3	6	16	Y	 	 	 	 	 	 	 	 	 	 	 	2	1	1	5
131021	1	2009	3	3	0	Y	 	 	 	 	 	 	 	 	 	 	 	23	88	1	1
131021	2	2009	3	5	2	Y	 	 	 	 	 	 	 	 	 	 	 	2	88	0	 
131021	3	2008	3	6	2	Y	 	 	 	 	 	 	 	 	 	 	 	2	88	1	5
131022	1	2009	2	3	0	N	N	N	N	N	N	N	N	N	N	N	Y	3	88	1	1
131022	2	2008	2	1	3	N	N	N	N	N	N	N	N	N	N	N	Y	1	88	1	5
131025	1	2009	2	3	0	Y	 	 	 	 	 	 	 	 	 	 	 	23	88	1	1
131025	2	2008	3	3	3	Y	 	 	 	 	 	 	 	 	 	 	 	23	88	1	1
131025	3	2008	2	4	9	Y	 	 	 	 	 	 	 	 	 	 	 	5	88	1	5
131025	4	2007	2	3	3	Y	 	 	 	 	 	 	 	 	 	 	 	23	88	1	1
131025	5	2007	2	4	9	Y	 	 	 	 	 	 	 	 	 	 	 	5	88	1	5
131026	1	2009	2	3	0	Y	 	 	 	 	 	 	 	 	 	 	 	24	23	1	1
131026	2	2008	2	4	3	Y	 	 	 	 	 	 	 	 	 	 	 	5	88	1	4
131027	1	2007	3	3	0	Y	 	 	 	 	 	 	 	 	 	 	 	23	24	1	1
131027	2	2007	3	6	6	Y	 	 	 	 	 	 	 	 	 	 	 	2	88	1	4
131029	1	2009	3	2	0	Y	 	 	 	 	 	 	 	 	 	 	 	23	88	1	1
131029	2	2008	3	4	12	Y	 	 	 	 	 	 	 	 	 	 	 	5	88	1	2
131034	1	2009	3	3	0	Y	 	 	 	 	 	 	 	 	 	 	 	2	37	0	 
131036	1	2008	2	3	0	N	N	N	N	N	N	N	N	Y	N	N	N	23	5	1	1
131036	2	2008	2	5	2	N	N	N	N	N	N	N	N	Y	N	N	N	24	88	1	4
131041	1	2009	2	4	0	Y	 	 	 	 	 	 	 	 	 	 	 	5	88	0	 
131041	3	2008	2	4	10	Y	 	 	 	 	 	 	 	 	 	 	 	5	88	0	 
131049	1	2009	2	4	0	Y	 	 	 	 	 	 	 	 	 	 	 	5	88	0	 
131049	2	2009	2	4	4	Y	 	 	 	 	 	 	 	 	 	 	 	5	88	0	 
131050	1	2009	3	5	0	Y	 	 	 	 	 	 	 	 	 	 	 	5	88	0	 
131050	2	2008	3	5	3	Y	 	 	 	 	 	 	 	 	 	 	 	5	88	0	 
141001	1	2009	3	6	0	Y	 	 	 	 	 	 	 	 	 	 	 	2	88	0	 
141001	2	2008	3	4	12	Y	 	 	 	 	 	 	 	 	 	 	 	2	88	0	 
141001	3	2006	3	6	12	Y	 	 	 	 	 	 	 	 	 	 	 	2	88	0	 
141011	1	2009	1	5	0	N	N	Y	N	N	N	N	N	N	N	N	N	28	88	0	 
141011	2	2008	1	5	6	N	N	Y	N	N	N	N	N	N	N	N	N	28	88	0	 
141013	1	2007	3	3	0	Y	 	 	 	 	 	 	 	 	 	 	 	5	88	0	 
141015	1	2009	3	5	0	Y	 	 	 	 	 	 	 	 	 	 	 	23	88	1	1
141015	2	2008	3	6	5	N	N	N	N	N	N	N	N	N	N	N	Y	6	88	0	 
141019	1	2008	3	5	0	Y	 	 	 	 	 	 	 	 	 	 	 	23	88	1	1
141026	1	2008	3	5	0	Y	 	 	 	 	 	 	 	 	 	 	 	23	88	1	1
141026	2	2008	3	6	3	Y	 	 	 	 	 	 	 	 	 	 	 	38	88	1	4
141028	1	2008	1	5	0	Y	 	 	 	 	 	 	 	 	 	 	 	23	88	1	1
141028	2	2008	1	5	3	Y	 	 	 	 	 	 	 	 	 	 	 	1	88	1	5
141028	3	2007	2	5	9	Y	 	 	 	 	 	 	 	 	 	 	 	23	88	1	1
141028	4	2006	2	4	4	Y	 	 	 	 	 	 	 	 	 	 	 	1	88	1	5
141030	1	2008	3	6	0	Y	 	 	 	 	 	 	 	 	 	 	 	5	88	0	 
141031	1	2009	2	4	0	Y	 	 	 	 	 	 	 	 	 	 	 	5	88	0	 
141032	1	2008	2	5	0	Y	 	 	 	 	 	 	 	 	 	 	 	23	88	1	1
141032	2	2006	2	4	31	Y	 	 	 	 	 	 	 	 	 	 	 	5	88	0	 
141036	1	2008	3	5	0	Y	 	 	 	 	 	 	 	 	 	 	 	23	88	0	 
141036	2	2007	3	6	15	Y	 	 	 	 	 	 	 	 	 	 	 	5	88	0	 
141041	1	2008	2	5	0	N	N	N	N	N	N	N	N	N	N	Y	N	14	88	0	 
141044	1	2009	2	4	0	Y	 	 	 	 	 	 	 	 	 	 	 	5	88	1	5
141044	2	2008	2	4	14	Y	 	 	 	 	 	 	 	 	 	 	 	5	88	1	5
141048	1	2009	1	4	0	Y	 	 	 	 	 	 	 	 	 	 	 	23	88	1	1
141048	2	2008	3	6	3	Y	 	 	 	 	 	 	 	 	 	 	 	29	2	1	1
141048	3	2007	3	5	10	Y	 	 	 	 	 	 	 	 	 	 	 	23	88	1	1
141048	4	2007	3	6	2	Y	 	 	 	 	 	 	 	 	 	 	 	1	24	1	1
141050	1	2009	1	5	0	N	N	N	N	Y	N	N	N	N	N	N	N	12	88	1	1
141050	2	2007	1	5	24	N	N	N	N	Y	N	N	N	N	N	N	N	12	88	1	3
141050	3	2005	4	 	24	Y	 	 	 	 	 	 	 	 	 	 	 	1	88	0	 
151001	1	2007	2	1	0	N	N	N	N	N	N	N	N	Y	N	N	N	23	88	1	1
151001	2	2007	2	5	2	N	N	N	N	N	N	N	N	Y	N	N	N	1	88	1	4
151002	1	2009	2	5	0	Y	 	 	 	 	 	 	 	 	 	 	 	5	88	1	4
151002	2	2008	1	5	3	Y	 	 	 	 	 	 	 	 	 	 	 	5	88	1	4
151005	1	2009	3	6	0	Y	 	 	 	 	 	 	 	 	 	 	 	1	88	1	5
151009	1	2009	3	1	0	Y	 	 	 	 	 	 	 	 	 	 	 	23	37	1	1
151009	2	2008	3	6	5	Y	 	 	 	 	 	 	 	 	 	 	 	1	88	1	2
151012	1	2006	3	1	0	N	N	N	Y	N	N	N	N	N	N	N	Y	23	88	1	1
151012	2	2006	3	2	5	N	N	N	Y	N	N	N	N	N	N	N	Y	2	88	0	 
151020	1	2009	2	3	0	Y	 	 	 	 	 	 	 	 	 	 	 	23	88	1	1
151020	2	2008	2	5	3	Y	 	 	 	 	 	 	 	 	 	 	 	6	88	1	5
151028	1	2008	1	1	0	Y	 	 	 	 	 	 	 	 	 	 	 	3	88	1	1
151028	2	2008	3	3	2	Y	 	 	 	 	 	 	 	 	 	 	 	1	88	1	5
151028	3	2007	3	3	12	Y	 	 	 	 	 	 	 	 	 	 	 	1	88	1	5
151028	4	2006	3	4	10	Y	 	 	 	 	 	 	 	 	 	 	 	1	88	1	5
151030	1	2009	1	1	0	N	N	N	N	Y	N	N	N	N	N	N	N	12	88	0	 
151034	1	2007	1	3	0	Y	 	 	 	 	 	 	 	 	 	 	 	5	88	1	2
151039	1	2009	2	3	0	Y	 	 	 	 	 	 	 	 	 	 	 	38	88	1	3
151045	1	2008	2	5	0	N	N	N	Y	N	N	N	N	N	N	N	N	1	88	1	5
151049	1	2006	2	1	0	N	N	N	N	Y	N	N	N	N	N	N	N	12	88	1	2
151058	1	2009	2	1	0	N	N	N	N	Y	N	N	N	N	N	N	N	12	88	1	5
151058	2	2008	4	 	8	Y	 	 	 	 	 	 	 	 	 	 	 	23	88	1	1
151064	1	2009	2	5	0	Y	 	 	 	 	 	 	 	 	 	 	 	5	88	1	4
151064	2	2008	2	5	14	Y	 	 	 	 	 	 	 	 	 	 	 	5	88	1	4
151064	3	2007	2	3	24	Y	 	 	 	 	 	 	 	 	 	 	 	5	88	1	2
161003	1	2007	3	6	0	Y	 	 	 	 	 	 	 	 	 	 	 	2	88	1	4
161003	2	2007	3	1	3	N	N	N	N	N	N	N	N	N	N	N	Y	24	88	1	1
161006	1	2009	3	3	0	Y	 	 	 	 	 	 	 	 	 	 	 	2	88	0	 
161006	2	2007	3	6	27	Y	 	 	 	 	 	 	 	 	 	 	 	1	88	0	 
161008	1	2009	3	1	0	Y	 	 	 	 	 	 	 	 	 	 	 	2	88	1	4
161008	2	2008	3	6	4	Y	 	 	 	 	 	 	 	 	 	 	 	23	16	1	1
161010	1	2009	3	1	0	Y	 	 	 	 	 	 	 	 	 	 	 	23	88	1	2
161010	2	2007	3	6	24	Y	 	 	 	 	 	 	 	 	 	 	 	2	88	1	2
161011	1	2007	3	1	0	N	N	N	N	N	N	N	N	Y	N	N	N	2	88	1	4
161011	2	2006	3	6	12	N	N	N	N	N	N	N	N	Y	N	N	N	5	3	1	1
161013	1	2009	4	 	0	N	N	N	N	N	N	N	N	N	N	N	N	23	88	1	1
161016	1	2009	1	1	0	Y	 	 	 	 	 	 	 	 	 	 	 	23	88	1	1
161016	2	2008	3	6	8	Y	 	 	 	 	 	 	 	 	 	 	 	2	88	0	 
161016	3	2007	3	1	6	Y	 	 	 	 	 	 	 	 	 	 	 	23	88	1	1
161016	4	2007	3	6	6	Y	 	 	 	 	 	 	 	 	 	 	 	2	88	1	5
161017	1	2009	3	1	0	Y	 	 	 	 	 	 	 	 	 	 	 	23	88	1	1
161017	2	2008	3	5	7	Y	 	 	 	 	 	 	 	 	 	 	 	2	88	1	5
161018	1	2009	3	1	0	Y	 	 	 	 	 	 	 	 	 	 	 	5	88	1	1
161018	2	2008	3	6	2	Y	 	 	 	 	 	 	 	 	 	 	 	2	88	1	4
161020	1	2009	2	1	0	Y	 	 	 	 	 	 	 	 	 	 	 	23	24	1	1
161020	2	2008	2	1	7	Y	 	 	 	 	 	 	 	 	 	 	 	23	88	1	1
161020	3	2008	2	1	5	N	N	N	N	N	Y	N	N	Y	N	N	N	12	88	1	4
161020	4	2007	3	1	10	Y	 	 	 	 	 	 	 	 	 	 	 	23	88	1	1
161020	5	2007	3	6	2	Y	 	 	 	 	 	 	 	 	 	 	 	1	88	1	5
161021	1	2009	3	1	0	N	N	N	Y	N	N	N	N	N	N	N	Y	23	24	1	1
161021	2	2008	3	6	10	N	N	N	Y	N	N	N	N	N	N	N	N	2	10	1	4
161021	3	2008	3	1	2	N	N	N	Y	N	N	N	N	Y	N	N	Y	23	24	1	1
161021	6	2006	3	6	18	N	N	N	N	N	N	N	N	N	N	N	Y	2	10	1	4
161025	1	2009	3	6	0	Y	 	 	 	 	 	 	 	 	 	 	 	2	88	1	4
161026	1	2009	3	1	0	Y	 	 	 	 	 	 	 	 	 	 	 	23	88	1	1
161026	2	2009	3	5	5	Y	 	 	 	 	 	 	 	 	 	 	 	2	88	1	4
161029	1	2009	3	1	0	N	N	N	N	N	N	N	N	N	N	N	N	5	23	1	1
161029	2	2008	3	6	2	Y	 	 	 	 	 	 	 	 	 	 	 	24	88	1	2
161035	1	2009	1	6	0	Y	 	 	 	 	 	 	 	 	 	 	 	2	88	0	 
161035	2	2006	3	6	30	Y	 	 	 	 	 	 	 	 	 	 	 	2	88	0	 
161038	1	2006	2	2	0	N	N	N	N	Y	N	N	N	N	N	N	N	12	88	1	4
161039	1	2008	2	1	0	Y	 	 	 	 	 	 	 	 	 	 	 	23	24	1	1
161039	2	2008	2	4	5	N	N	N	Y	N	N	N	N	N	N	N	N	9	88	1	2
161039	3	2007	3	1	10	Y	 	 	 	 	 	 	 	 	 	 	 	23	24	1	1
161039	4	2007	3	6	2	Y	 	 	 	 	 	 	 	 	 	 	 	24	88	1	2
161041	1	2006	3	6	0	Y	 	 	 	 	 	 	 	 	 	 	 	2	10	1	5
161042	1	2009	3	1	0	Y	 	 	 	 	 	 	 	 	 	 	 	23	24	1	4
161042	2	2008	3	6	5	Y	 	 	 	 	 	 	 	 	 	 	 	23	24	1	2
161044	1	2008	3	6	0	Y	 	 	 	 	 	 	 	 	 	 	 	2	88	1	5
161045	1	2009	3	1	0	Y	 	 	 	 	 	 	 	 	 	 	 	24	23	1	1
161045	3	2008	3	6	9	N	N	N	N	N	N	N	N	Y	N	N	Y	1	37	1	3
161045	4	2007	3	1	2	N	N	N	N	N	N	N	N	Y	N	N	Y	23	88	1	1
161045	5	2007	3	6	10	N	N	N	N	Y	N	N	N	N	N	N	Y	1	37	1	4
161045	6	2006	3	1	2	N	N	N	N	Y	N	N	N	N	N	N	Y	23	88	1	1
161045	7	2006	3	6	10	Y	 	 	 	 	 	 	 	 	 	 	 	12	88	1	4
161047	1	2009	3	1	0	Y	 	 	 	 	 	 	 	 	 	 	 	23	88	1	1
161047	2	2008	3	6	9	Y	 	 	 	 	 	 	 	 	 	 	 	2	88	1	2
161047	3	2008	3	1	2	Y	 	 	 	 	 	 	 	 	 	 	 	24	88	1	1
161047	4	2006	3	6	18	Y	 	 	 	 	 	 	 	 	 	 	 	1	88	1	2
161048	1	2009	3	1	0	Y	 	 	 	 	 	 	 	 	 	 	 	20	88	1	1
161048	2	2008	3	6	12	Y	 	 	 	 	 	 	 	 	 	 	 	2	88	1	4
161048	3	2007	3	1	2	Y	 	 	 	 	 	 	 	 	 	 	 	23	24	1	1
161048	4	2007	3	6	10	Y	 	 	 	 	 	 	 	 	 	 	 	2	88	1	4
161050	1	2007	1	1	0	N	N	N	N	N	Y	N	N	N	N	N	N	12	88	0	 
171001	1	2006	1	1	0	N	N	N	N	Y	N	N	N	N	N	N	N	12	88	0	 
171002	1	2006	1	1	0	N	N	N	N	N	N	Y	N	N	N	N	N	12	88	0	 
171003	1	2007	2	1	0	N	N	N	Y	N	N	N	N	N	N	N	N	5	88	0	 
171005	1	2008	2	5	0	Y	 	 	 	 	 	 	 	 	 	 	 	2	88	1	2
171007	1	2008	2	2	0	N	N	N	Y	N	N	N	N	N	N	N	N	1	88	1	2
171012	1	2009	1	1	0	Y	 	 	 	 	 	 	 	 	 	 	 	23	88	1	1
171012	2	2008	4	 	2	N	N	N	N	N	N	N	N	N	N	N	Y	2	88	0	 
171013	1	2008	4	 	0	Y	 	 	 	 	 	 	 	 	 	 	 	23	88	1	4
171013	2	2005	4	 	24	Y	 	 	 	 	 	 	 	 	 	 	 	2	88	0	 
171014	1	2008	2	3	0	Y	 	 	 	 	 	 	 	 	 	 	 	1	23	1	4
171020	1	2007	1	3	0	Y	 	 	 	 	 	 	 	 	 	 	 	12	88	1	3
171021	1	2009	2	1	0	Y	 	 	 	 	 	 	 	 	 	 	 	14	88	1	1
171021	2	2008	2	3	2	N	N	N	N	N	N	N	N	N	N	N	Y	2	88	1	5
171021	3	2008	2	3	2	N	N	N	N	N	N	N	N	N	N	N	Y	1	88	0	 
171030	1	2008	2	5	0	Y	 	 	 	 	 	 	 	 	 	 	 	88	 	1	4
171032	1	2008	3	2	0	Y	 	 	 	 	 	 	 	 	 	 	 	2	88	1	5
171032	2	2008	1	1	2	N	N	N	N	N	N	Y	N	N	N	N	N	23	88	1	1
171035	1	2007	1	1	0	Y	 	 	 	 	 	 	 	 	 	 	 	12	88	0	 
171038	1	2009	2	4	0	Y	 	 	 	 	 	 	 	 	 	 	 	5	88	0	 
171038	2	2009	2	4	3	Y	 	 	 	 	 	 	 	 	 	 	 	5	88	0	 
171038	3	2008	2	4	2	Y	 	 	 	 	 	 	 	 	 	 	 	5	88	0	 
171042	1	2007	1	2	0	N	N	N	Y	N	N	N	N	N	N	N	N	5	88	1	2
171046	1	2007	2	1	0	Y	 	 	 	 	 	 	 	 	 	 	 	35	88	0	 
171046	2	2007	2	4	1	Y	 	 	 	 	 	 	 	 	 	 	 	2	88	0	 
181002	1	2009	3	6	0	Y	 	 	 	 	 	 	 	 	 	 	 	1	88	1	5
181002	2	2008	3	6	12	Y	 	 	 	 	 	 	 	 	 	 	 	1	88	1	5
181003	1	2009	2	5	0	Y	 	 	 	 	 	 	 	 	 	 	 	2	88	0	 
181004	1	2009	2	1	0	Y	 	 	 	 	 	 	 	 	 	 	 	24	88	1	1
181004	2	2009	2	5	4	Y	 	 	 	 	 	 	 	 	 	 	 	2	88	1	4
181004	3	2008	2	3	6	Y	 	 	 	 	 	 	 	 	 	 	 	2	88	0	 
181004	4	2008	2	1	4	Y	 	 	 	 	 	 	 	 	 	 	 	2	88	1	4
181004	5	2007	2	3	4	Y	 	 	 	 	 	 	 	 	 	 	 	2	88	0	 
181004	6	2007	2	1	8	Y	 	 	 	 	 	 	 	 	 	 	 	23	88	1	1
181007	1	2009	2	5	0	Y	 	 	 	 	 	 	 	 	 	 	 	1	88	1	4
181007	2	2007	3	5	27	Y	 	 	 	 	 	 	 	 	 	 	 	1	88	1	4
181008	1	2009	2	5	0	Y	 	 	 	 	 	 	 	 	 	 	 	2	88	1	4
181008	2	2007	2	1	24	Y	 	 	 	 	 	 	 	 	 	 	 	23	88	1	1
181010	1	2009	2	1	0	Y	 	 	 	 	 	 	 	 	 	 	 	23	88	1	1
181010	2	2009	2	5	30	Y	 	 	 	 	 	 	 	 	 	 	 	24	88	1	2
181012	1	2008	2	3	0	Y	 	 	 	 	 	 	 	 	 	 	 	23	88	1	4
181012	2	2008	3	6	4	Y	 	 	 	 	 	 	 	 	 	 	 	24	88	1	4
181016	1	2009	1	2	0	Y	 	 	 	 	 	 	 	 	 	 	 	1	88	1	4
181016	2	2007	1	1	15	Y	 	 	 	 	 	 	 	 	 	 	 	1	88	1	1
181019	1	2006	1	1	0	Y	 	 	 	 	 	 	 	 	 	 	 	23	88	1	1
181019	2	2009	2	5	27	Y	 	 	 	 	 	 	 	 	 	 	 	1	88	1	4
181019	3	2008	1	1	1	Y	 	 	 	 	 	 	 	 	 	 	 	23	88	1	1
181020	1	2009	3	4	0	Y	 	 	 	 	 	 	 	 	 	 	 	5	88	1	5
181021	1	2009	3	1	0	Y	 	 	 	 	 	 	 	 	 	 	 	23	88	1	1
181021	2	2008	3	5	12	Y	 	 	 	 	 	 	 	 	 	 	 	1	88	1	4
181022	1	2009	2	2	0	Y	 	 	 	 	 	 	 	 	 	 	 	2	88	0	 
181022	2	2008	2	3	4	N	N	N	Y	N	N	N	N	N	N	N	N	14	88	1	2
181023	1	2009	2	5	0	Y	 	 	 	 	 	 	 	 	 	 	 	2	88	1	5
181023	2	2007	3	5	5	Y	 	 	 	 	 	 	 	 	 	 	 	1	88	1	4
181023	3	2008	2	3	13	Y	 	 	 	 	 	 	 	 	 	 	 	1	88	0	 
181025	1	2007	2	5	0	Y	 	 	 	 	 	 	 	 	 	 	 	1	88	1	5
181025	2	2007	3	3	8	Y	 	 	 	 	 	 	 	 	 	 	 	1	88	1	5
181025	3	2007	3	6	2	Y	 	 	 	 	 	 	 	 	 	 	 	2	88	1	4
181026	1	2009	2	4	0	Y	 	 	 	 	 	 	 	 	 	 	 	5	88	0	 
181026	2	2009	2	4	5	Y	 	 	 	 	 	 	 	 	 	 	 	5	88	0	 
181028	1	2007	1	1	0	Y	 	 	 	 	 	 	 	 	 	 	 	23	88	1	1
181028	2	2007	2	5	24	Y	 	 	 	 	 	 	 	 	 	 	 	1	88	1	4
181029	1	2007	1	1	0	Y	 	 	 	 	 	 	 	 	 	 	 	23	88	1	1
181029	2	2007	2	5	24	Y	 	 	 	 	 	 	 	 	 	 	 	1	88	1	4
181032	1	2008	2	3	0	Y	 	 	 	 	 	 	 	 	 	 	 	2	88	1	6
181032	2	2008	2	1	1	Y	 	 	 	 	 	 	 	 	 	 	 	24	88	1	1
181032	3	2009	2	1	2	Y	 	 	 	 	 	 	 	 	 	 	 	24	88	1	1
181033	1	2009	2	1	0	Y	 	 	 	 	 	 	 	 	 	 	 	13	23	1	1
181033	2	2009	2	5	11	Y	 	 	 	 	 	 	 	 	 	 	 	13	88	1	3
181034	1	2009	2	4	0	Y	 	 	 	 	 	 	 	 	 	 	 	5	88	1	2
181034	2	2007	2	1	2	Y	 	 	 	 	 	 	 	 	 	 	 	24	88	1	1
181036	1	2009	2	4	0	Y	 	 	 	 	 	 	 	 	 	 	 	2	88	1	2
181036	2	2008	2	1	1	Y	 	 	 	 	 	 	 	 	 	 	 	23	88	1	2
181038	1	2009	2	4	0	Y	 	 	 	 	 	 	 	 	 	 	 	1	88	1	2
181038	2	2008	2	1	2	Y	 	 	 	 	 	 	 	 	 	 	 	23	88	1	1
181039	1	2009	2	1	0	Y	 	 	 	 	 	 	 	 	 	 	 	1	88	0	 
181040	1	2009	2	1	0	Y	 	 	 	 	 	 	 	 	 	 	 	24	23	1	1
181040	2	2009	2	3	3	Y	 	 	 	 	 	 	 	 	 	 	 	2	88	0	 
181040	3	2008	2	5	8	Y	 	 	 	 	 	 	 	 	 	 	 	2	88	1	4
181040	4	2008	2	1	2	Y	 	 	 	 	 	 	 	 	 	 	 	23	88	1	1
181040	5	2007	3	6	2	Y	 	 	 	 	 	 	 	 	 	 	 	2	88	1	4
181040	6	2007	3	5	4	Y	 	 	 	 	 	 	 	 	 	 	 	2	88	1	4
181041	1	2009	2	5	0	Y	 	 	 	 	 	 	 	 	 	 	 	2	88	1	2
181041	2	2007	2	1	1	Y	 	 	 	 	 	 	 	 	 	 	 	23	88	1	1
181043	1	2009	2	4	0	N	N	N	N	N	N	N	N	N	N	N	N	1	88	1	4
181043	2	2009	2	4	2	N	N	N	N	N	N	N	N	N	N	N	N	1	88	1	4
181045	1	2009	2	4	0	Y	 	 	 	 	 	 	 	 	 	 	 	2	88	1	4
181045	2	2006	2	1	1	Y	 	 	 	 	 	 	 	 	 	 	 	1	2	1	1
181048	1	2009	2	1	0	Y	 	 	 	 	 	 	 	 	 	 	 	25	23	1	1
181048	2	2008	2	5	30	Y	 	 	 	 	 	 	 	 	 	 	 	1	88	1	2
181049	1	2009	2	5	0	Y	 	 	 	 	 	 	 	 	 	 	 	1	88	1	5
181049	2	2008	3	3	1	N	N	N	N	N	N	N	N	N	N	N	Y	4	88	0	 
181049	3	2006	2	1	1	Y	 	 	 	 	 	 	 	 	 	 	 	23	88	1	1
181050	1	2009	2	3	0	N	N	N	N	Y	N	N	N	N	N	N	N	12	88	1	2
181050	2	2007	2	1	9	Y	 	 	 	 	 	 	 	 	 	 	 	23	88	1	1
191003	1	 	 	 	 	 	 	 	 	 	 	 	 	 	 	 	 	 	 	 	 
191006	1	2009	2	5	0	Y	 	 	 	 	 	 	 	 	 	 	 	5	88	1	4
191006	2	2006	2	3	48	Y	 	 	 	 	 	 	 	 	 	 	 	5	88	1	4
191007	1	2009	2	1	0	Y	 	 	 	 	 	 	 	 	 	 	 	1	88	0	 
191007	2	2006	3	3	24	Y	 	 	 	 	 	 	 	 	 	 	 	5	88	0	 
191009	1	2008	2	3	0	Y	 	 	 	 	 	 	 	 	 	 	 	23	88	1	1
191009	2	2008	3	5	2	Y	 	 	 	 	 	 	 	 	 	 	 	24	88	1	5
191010	1	2009	3	3	0	Y	 	 	 	 	 	 	 	 	 	 	 	23	88	1	1
191010	2	2009	3	4	1	Y	 	 	 	 	 	 	 	 	 	 	 	1	88	1	4
191013	1	2009	2	5	0	Y	 	 	 	 	 	 	 	 	 	 	 	1	88	1	5
191013	2	2009	2	3	2	Y	 	 	 	 	 	 	 	 	 	 	 	1	88	1	5
191014	1	2009	2	3	0	Y	 	 	 	 	 	 	 	 	 	 	 	23	88	1	1
191014	2	2007	2	3	2	Y	 	 	 	 	 	 	 	 	 	 	 	24	88	1	2
191015	1	2008	2	3	0	Y	 	 	 	 	 	 	 	 	 	 	 	23	88	1	1
191015	2	2008	2	2	1	Y	 	 	 	 	 	 	 	 	 	 	 	2	88	0	 
191022	1	2008	3	6	0	Y	 	 	 	 	 	 	 	 	 	 	 	1	22	1	2
191022	2	2006	2	5	30	Y	 	 	 	 	 	 	 	 	 	 	 	5	88	0	 
191024	1	2009	3	3	0	Y	 	 	 	 	 	 	 	 	 	 	 	23	88	1	1
191024	2	2007	3	6	3	Y	 	 	 	 	 	 	 	 	 	 	 	24	88	1	2
191027	1	2009	2	3	0	Y	 	 	 	 	 	 	 	 	 	 	 	5	88	1	5
191027	2	2006	2	5	3	Y	 	 	 	 	 	 	 	 	 	 	 	1	88	1	4
191030	1	2009	4	 	0	Y	 	 	 	 	 	 	 	 	 	 	 	23	88	1	1
191030	2	2006	4	 	25	Y	 	 	 	 	 	 	 	 	 	 	 	1	88	0	 
191031	1	2009	1	5	0	Y	 	 	 	 	 	 	 	 	 	 	 	1	88	1	4
191031	2	2006	2	4	23	Y	 	 	 	 	 	 	 	 	 	 	 	2	88	0	 
191032	1	2009	2	5	0	Y	 	 	 	 	 	 	 	 	 	 	 	1	88	1	1
191032	2	2009	2	3	7	Y	 	 	 	 	 	 	 	 	 	 	 	1	88	1	1
191033	1	2009	2	4	0	Y	 	 	 	 	 	 	 	 	 	 	 	5	88	1	2
191033	2	2008	2	3	2	Y	 	 	 	 	 	 	 	 	 	 	 	23	88	1	1
191033	3	2007	2	3	2	Y	 	 	 	 	 	 	 	 	 	 	 	23	88	1	1
191034	1	2008	3	3	0	Y	 	 	 	 	 	 	 	 	 	 	 	23	88	1	1
191034	2	2008	3	4	7	Y	 	 	 	 	 	 	 	 	 	 	 	2	88	1	5
191036	1	2009	2	3	0	Y	 	 	 	 	 	 	 	 	 	 	 	23	88	1	1
191036	2	2008	2	5	6	Y	 	 	 	 	 	 	 	 	 	 	 	2	88	1	4
191038	1	2009	2	4	0	Y	 	 	 	 	 	 	 	 	 	 	 	23	88	1	1
191038	2	2008	2	3	30	Y	 	 	 	 	 	 	 	 	 	 	 	24	88	1	2
191039	1	 	 	 	 	 	 	 	 	 	 	 	 	 	 	 	 	 	 	 	 
191039	2	 	 	 	 	 	 	 	 	 	 	 	 	 	 	 	 	 	 	 	 
191042	1	2009	2	5	0	Y	 	 	 	 	 	 	 	 	 	 	 	1	88	1	2
191042	2	2008	2	3	1	Y	 	 	 	 	 	 	 	 	 	 	 	23	88	1	1
191043	1	2006	2	3	0	Y	 	 	 	 	 	 	 	 	 	 	 	23	88	1	1
191043	2	2006	2	5	1	Y	 	 	 	 	 	 	 	 	 	 	 	5	88	1	4
191046	1	2009	3	5	0	Y	 	 	 	 	 	 	 	 	 	 	 	5	88	1	4
191046	2	2009	2	3	4	Y	 	 	 	 	 	 	 	 	 	 	 	5	88	0	 
191047	1	2009	3	5	0	Y	 	 	 	 	 	 	 	 	 	 	 	23	88	1	1
191047	2	2005	4	 	36	Y	 	 	 	 	 	 	 	 	 	 	 	2	88	1	6
191048	1	2007	3	6	0	Y	 	 	 	 	 	 	 	 	 	 	 	4	88	0	 
191050	1	2009	3	3	0	Y	 	 	 	 	 	 	 	 	 	 	 	1	23	1	1
191050	2	2009	3	2	1	Y	 	 	 	 	 	 	 	 	 	 	 	1	88	0	 
201001	1	2006	2	3	0	Y	 	 	 	 	 	 	 	 	 	 	 	1	88	1	4
201003	1	2009	2	1	0	Y	 	 	 	 	 	 	 	 	 	 	 	23	88	1	1
201003	2	2008	2	3	6	Y	 	 	 	 	 	 	 	 	 	 	 	38	88	1	4
201009	1	2007	2	3	0	Y	 	 	 	 	 	 	 	 	 	 	 	1	88	1	2
201010	1	2008	3	1	0	Y	 	 	 	 	 	 	 	 	 	 	 	1	88	1	5
201010	2	2007	2	3	23	Y	 	 	 	 	 	 	 	 	 	 	 	1	88	1	4
201010	3	2006	4	 	2	Y	 	 	 	 	 	 	 	 	 	 	 	1	88	0	 
201012	1	2007	2	3	0	Y	 	 	 	 	 	 	 	 	 	 	 	5	24	1	1
201012	2	2005	2	1	30	Y	 	 	 	 	 	 	 	 	 	 	 	7	88	0	 
201013	1	2007	2	5	0	Y	 	 	 	 	 	 	 	 	 	 	 	5	2	1	4
201017	1	2009	2	2	0	Y	 	 	 	 	 	 	 	 	 	 	 	2	88	0	 
201019	1	2007	3	1	0	Y	 	 	 	 	 	 	 	 	 	 	 	1	88	0	 
201021	1	2007	2	3	0	Y	 	 	 	 	 	 	 	 	 	 	 	2	88	1	4
201021	2	2006	2	4	7	Y	 	 	 	 	 	 	 	 	 	 	 	2	88	0	 
201023	1	2008	2	3	0	Y	 	 	 	 	 	 	 	 	 	 	 	12	88	1	3
201023	2	2008	1	1	5	Y	 	 	 	 	 	 	 	 	 	 	 	23	88	1	1
201023	3	2007	4	 	7	N	N	N	N	N	N	N	N	Y	N	N	N	2	88	1	2
201025	1	2009	3	3	0	Y	 	 	 	 	 	 	 	 	 	 	 	2	88	1	2
201028	1	2008	3	6	0	Y	 	 	 	 	 	 	 	 	 	 	 	2	23	1	4
201030	1	2009	2	3	0	Y	 	 	 	 	 	 	 	 	 	 	 	14	88	1	2
201030	2	2007	2	3	24	Y	 	 	 	 	 	 	 	 	 	 	 	2	88	1	2
201031	1	2006	2	3	0	N	N	N	N	N	N	N	N	Y	N	N	N	5	1	1	2
201035	1	2009	2	4	0	Y	 	 	 	 	 	 	 	 	 	 	 	5	88	1	5
201038	1	2009	3	1	0	Y	 	 	 	 	 	 	 	 	 	 	 	23	88	1	1
201038	2	2007	3	6	5	Y	 	 	 	 	 	 	 	 	 	 	 	2	88	1	4
201039	1	2009	2	3	0	Y	 	 	 	 	 	 	 	 	 	 	 	5	1	1	2
201039	2	2008	2	1	12	Y	 	 	 	 	 	 	 	 	 	 	 	23	88	1	1
201044	1	2009	2	3	0	N	N	N	Y	N	N	N	N	N	N	N	N	29	88	0	 
201044	2	2008	2	1	6	Y	 	 	 	 	 	 	 	 	 	 	 	1	88	0	 
201046	1	2009	2	1	0	Y	 	 	 	 	 	 	 	 	 	 	 	23	88	1	1
201046	2	2009	2	3	2	Y	 	 	 	 	 	 	 	 	 	 	 	1	88	1	5
201046	3	2007	2	2	9	Y	 	 	 	 	 	 	 	 	 	 	 	1	88	1	5
201047	1	2009	4	 	0	Y	 	 	 	 	 	 	 	 	 	 	 	23	88	1	1
201047	2	2007	4	 	12	Y	 	 	 	 	 	 	 	 	 	 	 	2	88	1	2
201048	1	2008	1	5	0	Y	 	 	 	 	 	 	 	 	 	 	 	24	88	1	3
201048	2	2006	4	 	36	Y	 	 	 	 	 	 	 	 	 	 	 	1	88	1	5
201049	1	2008	1	1	0	Y	 	 	 	 	 	 	 	 	 	 	 	2	88	1	4
201049	2	2007	1	3	17	Y	 	 	 	 	 	 	 	 	 	 	 	2	88	1	4
201050	1	21	3	4	0	N	N	N	N	N	N	N	N	N	N	N	Y	5	88	1	5
201050	2	20	3	4	10	Y	 	 	 	 	 	 	 	 	 	 	 	5	88	1	5
201050	3	19	3	5	10	N	N	N	N	N	N	N	N	N	N	N	Y	5	88	1	5
