CHILDCODE	TRANIDR5	TYPTRNR5	DELTRNR5	PAYTRNR5	TRNCMPR5	DURTTLR5	ATDTRNR5	ADDTRNR5	CRTDIPR5
11005	1	1	2	1	1	90	 	 	1
11006	1	1	2	1	1	36	 	 	1
11006	2	1	2	1	1	36	 	 	1
11016	1	3	5	0	1	30	 	 	0
11016	2	3	3	0	1	30	 	 	0
11019	1	2	3	0	1	60	 	 	 
11020	1	2	3	1	1	90	 	 	 
11022	1	1	1	1	1	900	 	 	1
11025	1	1	1	1	1	660	 	 	1
11034	1	3	3	0	1	7	 	 	0
11037	1	2	3	0	1	7	 	 	 
11040	1	 	 	 	 	 	 	 	 
11042	1	3	3	1	0	 	90	90	0
21012	1	2	6	0	1	7	 	 	 
21024	1	3	3	0	1	30	 	 	0
21029	1	1	2	1	1	40	 	 	1
21031	1	2	3	0	1	30	 	 	 
21032	1	2	7	1	0	 	250	250	 
21032	2	3	3	0	1	30	 	 	0
21041	1	3	3	0	1	30	 	 	0
21042	1	3	3	0	1	30	 	 	0
21047	1	3	3	1	1	30	 	 	0
21056	1	3	3	0	1	30	 	 	0
21056	2	3	3	0	1	60	 	 	0
31001	1	1	2	1	1	90	 	 	1
31003	1	2	3	0	1	60	 	 	 
31007	1	3	5	0	0	 	90	60	0
31011	1	1	1	1	1	30	 	 	1
31021	1	1	1	1	1	30	 	 	0
31041	1	3	5	1	1	365	 	 	1
31045	1	1	2	0	1	42	 	 	0
31046	1	1	2	1	1	36	 	 	1
31046	2	1	2	1	1	72	 	 	1
31050	1	3	5	0	1	7	 	 	0
31052	1	2	1	0	1	15	 	 	 
41007	1	2	7	1	0	 	18	18	 
41009	1	1	1	0	1	14	 	 	0
41009	2	1	6	1	1	11	 	 	0
41015	1	1	3	0	1	30	 	 	1
41016	1	1	3	0	0	 	16	32	0
41017	1	2	2	1	0	 	160	20	 
41020	1	2	3	1	1	40	 	 	 
41025	1	 	 	 	 	 	 	 	 
41030	1	 	 	 	 	 	 	 	 
41032	1	1	1	0	1	7	 	 	0
41034	1	1	1	0	1	120	 	 	1
41042	1	2	3	1	1	240	 	 	 
41043	1	3	3	1	1	60	 	 	0
41047	1	1	2	0	1	60	 	 	1
41050	1	1	1	0	1	7	 	 	0
41050	2	2	2	1	1	180	 	 	 
41059	1	2	2	1	1	180	 	 	 
41106	1	1	2	1	1	12	 	 	1
41106	2	1	2	1	1	12	 	 	1
41106	3	1	2	1	1	12	 	 	1
41110	1	3	3	0	1	15	 	 	1
41110	2	3	3	0	1	10	 	 	1
41110	3	3	3	0	1	10	 	 	1
41110	4	3	3	0	1	10	 	 	1
41110	5	3	3	0	1	10	 	 	1
51010	1	2	5	0	1	365	 	 	 
51015	1	2	7	1	1	24	 	 	 
51023	1	1	1	1	1	180	 	 	1
51024	1	 	 	 	 	 	 	 	 
51031	1	1	3	1	0	 	500	250	1
51031	2	2	2	1	1	100	 	 	 
51032	1	3	3	0	1	7	 	 	0
51033	1	2	5	0	1	7	 	 	 
51034	1	2	3	1	1	24	 	 	 
51035	1	1	1	1	0	 	365	0	0
51037	1	1	3	1	0	 	0	30	1
51070	1	2	3	0	1	7	 	 	 
61012	1	2	7	0	1	180	 	 	 
61013	1	 	 	 	 	 	 	 	 
61025	1	2	3	0	1	7	 	 	 
61029	1	2	3	0	1	90	 	 	 
61035	1	2	3	1	1	270	 	 	 
61038	1	2	5	1	1	90	 	 	 
61044	1	2	2	1	1	42	 	 	 
61044	2	2	2	0	1	30	 	 	 
61046	1	 	 	 	 	 	 	 	 
61049	1	3	3	0	1	15	 	 	0
61055	1	1	6	0	1	30	 	 	0
71005	1	2	3	0	1	30	 	 	 
71010	1	2	2	1	0	 	12	24	 
71013	1	2	1	0	1	7	 	 	 
71019	1	 	 	 	 	 	 	 	 
71021	1	2	3	0	1	7	 	 	 
71023	1	1	2	0	0	 	40	50	1
71024	1	2	3	1	1	90	 	 	 
71029	1	1	2	1	1	39	 	 	1
71036	1	 	 	 	 	 	 	 	 
71038	1	1	1	0	1	7	 	 	0
71043	1	3	6	0	1	15	 	 	1
71047	1	2	5	1	1	30	 	 	 
71112	1	3	5	0	1	30	 	 	1
71112	2	2	3	1	0	 	36	12	 
81012	1	2	3	0	0	 	6	14	 
81024	1	2	3	0	1	90	 	 	 
81026	1	3	3	0	1	100	 	 	0
81029	1	3	5	0	1	90	 	 	0
81030	1	2	3	1	0	 	3	90	 
81035	1	1	2	1	1	48	 	 	0
81035	2	1	2	1	1	12	 	 	1
81036	1	1	2	1	1	15	 	 	1
81047	1	3	6	0	1	180	 	 	0
81049	1	1	2	1	0	 	48	144	1
81049	2	1	2	1	1	24	 	 	1
81049	3	3	6	0	1	10	 	 	0
81092	1	3	5	1	1	30	 	 	0
81120	1	2	3	1	1	50	 	 	 
81130	1	3	6	0	1	7	 	 	0
101018	1	1	3	1	1	14	 	 	1
111020	1	1	1	0	1	180	 	 	1
111034	1	3	7	1	1	170	 	 	0
111039	1	1	1	1	1	90	 	 	1
111048	1	1	3	1	1	30	 	 	1
121005	1	 	 	 	 	 	 	 	 
121007	1	1	1	0	1	17	 	 	0
121008	1	3	5	0	0	 	60	90	0
121009	1	1	1	0	1	7	 	 	1
121031	1	1	1	0	0	 	2	30	1
121033	1	2	3	0	1	7	 	 	 
121034	1	1	3	1	1	30	 	 	1
121037	1	 	 	 	 	 	 	 	 
121038	1	 	 	 	 	 	 	 	 
121038	2	 	 	 	 	 	 	 	 
121050	1	2	1	0	1	15	 	 	 
121094	1	1	3	0	1	7	 	 	0
121124	1	1	1	0	1	90	 	 	0
131001	1	1	2	1	1	60	 	 	1
131010	1	2	3	1	1	18	 	 	 
131011	1	3	3	0	1	15	 	 	0
131012	1	1	2	1	1	45	 	 	1
131012	2	1	1	1	1	30	 	 	1
131012	3	2	2	1	1	60	 	 	 
131012	4	2	2	1	1	30	 	 	 
131013	1	2	4	1	0	 	96	36	 
131014	1	2	3	1	1	12	 	 	 
131028	1	2	2	1	1	60	 	 	 
131033	1	2	2	1	1	90	 	 	 
131037	1	 	 	 	 	 	 	 	 
131038	1	1	2	1	1	300	 	 	1
131041	1	1	1	0	1	7	 	 	1
131045	1	1	1	0	1	30	 	 	1
131045	2	1	1	0	1	15	 	 	0
131050	1	2	2	1	1	60	 	 	 
131051	1	2	2	1	0	 	180	180	 
141010	1	2	2	1	1	48	 	 	 
141012	1	 	 	 	 	 	 	 	 
141014	1	3	5	0	1	60	 	 	0
141016	1	1	2	1	1	30	 	 	1
141016	2	1	2	1	0	 	15	15	1
141017	1	1	3	0	1	30	 	 	1
141018	1	2	2	1	0	 	144	144	 
141020	1	1	1	1	1	90	 	 	0
141028	1	1	3	0	0	 	90	0	1
141028	2	1	3	0	1	30	 	 	1
141028	3	1	2	1	0	 	30	0	0
141030	1	3	3	0	1	20	 	 	1
141032	1	2	2	1	1	30	 	 	 
141035	1	2	3	0	1	7	 	 	 
141050	1	2	3	1	1	70	 	 	 
151003	1	1	2	1	1	90	 	 	1
151007	1	3	3	0	1	30	 	 	0
151019	1	1	1	1	0	 	94	50	1
151020	1	2	3	1	1	15	 	 	 
151021	1	 	 	 	 	 	 	 	 
151025	1	2	2	0	1	40	 	 	 
151031	1	3	3	0	1	5	 	 	0
151034	1	2	2	1	1	90	 	 	 
151037	1	3	5	0	1	15	 	 	0
151043	1	1	2	1	1	180	 	 	1
151047	1	2	2	1	0	 	90	275	 
161005	1	2	3	1	1	90	 	 	 
161009	1	3	3	0	1	20	 	 	0
161011	1	3	5	1	0	 	30	20	0
161012	1	2	3	1	1	30	 	 	 
161014	1	2	2	1	1	30	 	 	 
161019	1	2	3	1	1	300	 	 	 
161039	1	2	3	1	1	45	 	 	 
161042	1	1	2	1	1	250	 	 	1
171005	1	1	3	0	1	15	 	 	1
171007	1	2	4	0	1	7	 	 	 
171009	1	2	5	0	1	3	 	 	 
171020	1	1	2	0	1	30	 	 	1
171020	2	1	3	1	1	360	 	 	1
171047	1	2	3	0	1	7	 	 	 
171048	1	 	 	 	 	 	 	 	 
171052	1	2	2	1	0	 	47	43	 
181001	1	2	2	0	1	6	 	 	 
181003	1	 	 	 	 	 	 	 	 
181005	1	2	3	1	0	 	21	49	 
181016	1	1	2	1	1	90	 	 	1
181016	2	1	2	1	0	 	75	15	1
181026	1	2	3	0	1	7	 	 	 
181037	1	3	5	0	1	365	 	 	0
181042	1	1	3	1	1	24	 	 	1
181050	1	3	6	0	1	6	 	 	0
181056	1	3	3	0	1	180	 	 	1
181058	1	1	1	1	0	 	90	30	1
181058	2	1	3	1	1	90	 	 	0
181069	1	 	 	 	 	 	 	 	 
181073	1	2	2	1	1	90	 	 	 
181078	1	 	 	 	 	 	 	 	 
191014	1	2	3	0	1	7	 	 	 
191023	1	2	3	0	1	90	 	 	 
191047	1	1	3	0	1	60	 	 	0
201003	1	2	3	0	1	7	 	 	 
201013	1	 	 	 	 	 	 	 	 
201014	1	1	2	0	1	18	 	 	0
201045	1	3	3	0	1	90	 	 	0
201049	1	2	3	0	1	14	 	 	 
201052	1	2	2	1	1	60	 	 	 
201054	1	2	2	1	1	45	 	 	 
201056	1	2	3	0	0	 	90	90	 
