CHILDCODE	PAYCIDR5	PAYTUTR5	PAYOTHR5
11001	1	0	0
11001	2	1	1
11001	3	0	0
11001	4	0	0
11001	5	0	0
11001	6	0	0
11001	7	0	0
11002	1	0	0
11002	2	1	1
11002	3	0	1
11002	4	0	0
11002	5	1	0
11002	6	0	1
11002	7	0	1
11003	1	 	 
11003	2	 	 
11003	3	 	 
11003	4	 	 
11003	5	 	 
11003	6	 	 
11003	7	 	 
11004	1	 	 
11004	2	 	 
11004	3	 	 
11004	4	 	 
11004	5	 	 
11004	6	 	 
11004	7	 	 
11005	1	 	 
11005	2	 	 
11005	3	 	 
11005	4	 	 
11005	5	 	 
11005	6	 	 
11005	7	 	 
11006	1	 	 
11006	2	 	 
11006	3	 	 
11006	4	 	 
11006	5	 	 
11006	6	 	 
11006	7	 	 
11007	1	 	 
11007	2	 	 
11007	3	 	 
11007	4	 	 
11007	5	 	 
11007	6	 	 
11007	7	 	 
11008	1	 	 
11008	2	 	 
11008	3	 	 
11008	4	 	 
11008	5	 	 
11008	6	 	 
11008	7	 	 
11009	1	 	 
11009	2	 	 
11009	3	 	 
11009	4	 	 
11009	5	 	 
11009	6	 	 
11009	7	 	 
11010	1	 	 
11010	2	 	 
11010	3	 	 
11010	4	 	 
11010	5	 	 
11010	6	 	 
11010	7	 	 
11011	1	0	0
11011	2	1	1
11011	3	0	0
11011	4	0	0
11011	5	1	1
11011	6	1	1
11011	7	0	0
11012	1	 	 
11012	2	 	 
11012	3	 	 
11012	4	 	 
11012	5	 	 
11012	6	 	 
11012	7	 	 
11015	1	 	 
11015	2	 	 
11015	3	 	 
11015	4	 	 
11015	5	 	 
11015	6	 	 
11015	7	 	 
11016	1	 	 
11016	2	 	 
11016	3	 	 
11016	4	 	 
11016	5	 	 
11016	6	 	 
11016	7	 	 
11018	1	 	 
11018	2	 	 
11018	3	 	 
11018	4	 	 
11018	5	 	 
11018	6	 	 
11018	7	 	 
11019	1	 	 
11019	2	 	 
11019	3	 	 
11019	4	 	 
11019	5	 	 
11019	6	 	 
11019	7	 	 
11020	1	 	 
11020	2	 	 
11020	3	 	 
11020	4	 	 
11020	5	 	 
11020	6	 	 
11020	7	 	 
11021	1	 	 
11021	2	 	 
11021	3	 	 
11021	4	 	 
11021	5	 	 
11021	6	 	 
11021	7	 	 
11022	1	 	 
11022	2	 	 
11022	3	 	 
11022	4	 	 
11022	5	 	 
11022	6	 	 
11022	7	 	 
11024	1	 	 
11024	2	 	 
11024	3	 	 
11024	4	 	 
11024	5	 	 
11024	6	 	 
11024	7	 	 
11025	1	 	 
11025	2	 	 
11025	3	 	 
11025	4	 	 
11025	5	 	 
11025	6	 	 
11025	7	 	 
11026	1	 	 
11026	2	 	 
11026	3	 	 
11026	4	 	 
11026	5	 	 
11026	6	 	 
11026	7	 	 
11029	1	 	 
11029	2	 	 
11029	3	 	 
11029	4	 	 
11029	5	 	 
11029	6	 	 
11029	7	 	 
11030	1	0	1
11030	2	1	0
11030	3	0	1
11030	4	0	0
11030	5	0	0
11030	6	1	0
11030	7	0	0
11031	1	 	 
11031	2	 	 
11031	3	 	 
11031	4	 	 
11031	5	 	 
11031	6	 	 
11031	7	 	 
11032	1	 	 
11032	2	 	 
11032	3	 	 
11032	4	 	 
11032	5	 	 
11032	6	 	 
11032	7	 	 
11033	1	 	 
11033	2	 	 
11033	3	 	 
11033	4	 	 
11033	5	 	 
11033	6	 	 
11033	7	 	 
11034	1	 	 
11034	2	 	 
11034	3	 	 
11034	4	 	 
11034	5	 	 
11034	6	 	 
11034	7	 	 
11035	1	 	 
11035	2	 	 
11035	3	 	 
11035	4	 	 
11035	5	 	 
11035	6	 	 
11035	7	 	 
11037	1	 	 
11037	2	 	 
11037	3	 	 
11037	4	 	 
11037	5	 	 
11037	6	 	 
11037	7	 	 
11038	1	1	1
11038	2	0	1
11038	3	0	0
11038	4	0	0
11038	5	0	0
11038	6	0	0
11038	7	0	0
11039	1	 	 
11039	2	 	 
11039	3	 	 
11039	4	 	 
11039	5	 	 
11039	6	 	 
11039	7	 	 
11040	1	 	 
11040	2	 	 
11040	3	 	 
11040	4	 	 
11040	5	 	 
11040	6	 	 
11040	7	 	 
11041	1	 	 
11041	2	 	 
11041	3	 	 
11041	4	 	 
11041	5	 	 
11041	6	 	 
11041	7	 	 
11042	1	 	 
11042	2	 	 
11042	3	 	 
11042	4	 	 
11042	5	 	 
11042	6	 	 
11042	7	 	 
11043	1	 	 
11043	2	 	 
11043	3	 	 
11043	4	 	 
11043	5	 	 
11043	6	 	 
11043	7	 	 
11044	1	 	 
11044	2	 	 
11044	3	 	 
11044	4	 	 
11044	5	 	 
11044	6	 	 
11044	7	 	 
11047	1	 	 
11047	2	 	 
11047	3	 	 
11047	4	 	 
11047	5	 	 
11047	6	 	 
11047	7	 	 
11048	1	 	 
11048	2	 	 
11048	3	 	 
11048	4	 	 
11048	5	 	 
11048	6	 	 
11048	7	 	 
11050	1	 	 
11050	2	 	 
11050	3	 	 
11050	4	 	 
11050	5	 	 
11050	6	 	 
11050	7	 	 
11052	1	 	 
11052	2	 	 
11052	3	 	 
11052	4	 	 
11052	5	 	 
11052	6	 	 
11052	7	 	 
11061	1	 	 
11061	2	 	 
11061	3	 	 
11061	4	 	 
11061	5	 	 
11061	6	 	 
11061	7	 	 
11063	1	 	 
11063	2	 	 
11063	3	 	 
11063	4	 	 
11063	5	 	 
11063	6	 	 
11063	7	 	 
11069	1	 	 
11069	2	 	 
11069	3	 	 
11069	4	 	 
11069	5	 	 
11069	6	 	 
11069	7	 	 
11074	1	0	1
11074	2	1	1
11074	3	0	0
11074	4	0	0
11074	5	0	0
11074	6	0	0
11074	7	0	0
11088	1	1	1
11088	2	0	0
11088	3	0	0
11088	4	0	0
11088	5	0	0
11088	6	0	0
11088	7	0	0
21002	1	 	 
21002	2	 	 
21002	3	 	 
21002	4	 	 
21002	5	 	 
21002	6	 	 
21002	7	 	 
21004	1	 	 
21004	2	 	 
21004	3	 	 
21004	4	 	 
21004	5	 	 
21004	6	 	 
21004	7	 	 
21005	1	0	1
21005	2	1	1
21005	3	0	1
21005	4	1	0
21005	5	0	0
21005	6	0	0
21005	7	0	0
21007	1	 	 
21007	2	 	 
21007	3	 	 
21007	4	 	 
21007	5	 	 
21007	6	 	 
21007	7	 	 
21008	1	 	 
21008	2	 	 
21008	3	 	 
21008	4	 	 
21008	5	 	 
21008	6	 	 
21008	7	 	 
21009	1	0	0
21009	2	1	1
21009	3	0	0
21009	4	0	0
21009	5	0	0
21009	6	0	0
21009	7	0	0
21011	1	 	 
21011	2	 	 
21011	3	 	 
21011	4	 	 
21011	5	 	 
21011	6	 	 
21011	7	 	 
21012	1	 	 
21012	2	 	 
21012	3	 	 
21012	4	 	 
21012	5	 	 
21012	6	 	 
21012	7	 	 
21013	1	 	 
21013	2	 	 
21013	3	 	 
21013	4	 	 
21013	5	 	 
21013	6	 	 
21013	7	 	 
21015	1	 	 
21015	2	 	 
21015	3	 	 
21015	4	 	 
21015	5	 	 
21015	6	 	 
21015	7	 	 
21017	1	 	 
21017	2	 	 
21017	3	 	 
21017	4	 	 
21017	5	 	 
21017	6	 	 
21017	7	 	 
21018	1	 	 
21018	2	 	 
21018	3	 	 
21018	4	 	 
21018	5	 	 
21018	6	 	 
21018	7	 	 
21020	1	 	 
21020	2	 	 
21020	3	 	 
21020	4	 	 
21020	5	 	 
21020	6	 	 
21020	7	 	 
21022	1	 	 
21022	2	 	 
21022	3	 	 
21022	4	 	 
21022	5	 	 
21022	6	 	 
21022	7	 	 
21023	1	 	 
21023	2	 	 
21023	3	 	 
21023	4	 	 
21023	5	 	 
21023	6	 	 
21023	7	 	 
21024	1	 	 
21024	2	 	 
21024	3	 	 
21024	4	 	 
21024	5	 	 
21024	6	 	 
21024	7	 	 
21025	1	 	 
21025	2	 	 
21025	3	 	 
21025	4	 	 
21025	5	 	 
21025	6	 	 
21025	7	 	 
21026	1	 	 
21026	2	 	 
21026	3	 	 
21026	4	 	 
21026	5	 	 
21026	6	 	 
21026	7	 	 
21027	1	 	 
21027	2	 	 
21027	3	 	 
21027	4	 	 
21027	5	 	 
21027	6	 	 
21027	7	 	 
21029	1	 	 
21029	2	 	 
21029	3	 	 
21029	4	 	 
21029	5	 	 
21029	6	 	 
21029	7	 	 
21030	1	 	 
21030	2	 	 
21030	3	 	 
21030	4	 	 
21030	5	 	 
21030	6	 	 
21030	7	 	 
21031	1	 	 
21031	2	 	 
21031	3	 	 
21031	4	 	 
21031	5	 	 
21031	6	 	 
21031	7	 	 
21032	1	 	 
21032	2	 	 
21032	3	 	 
21032	4	 	 
21032	5	 	 
21032	6	 	 
21032	7	 	 
21033	1	 	 
21033	2	 	 
21033	3	 	 
21033	4	 	 
21033	5	 	 
21033	6	 	 
21033	7	 	 
21034	1	 	 
21034	2	 	 
21034	3	 	 
21034	4	 	 
21034	5	 	 
21034	6	 	 
21034	7	 	 
21036	1	1	1
21036	2	1	1
21036	3	0	0
21036	4	0	0
21036	5	0	0
21036	6	0	0
21036	7	0	0
21037	1	 	 
21037	2	 	 
21037	3	 	 
21037	4	 	 
21037	5	 	 
21037	6	 	 
21037	7	 	 
21039	1	 	 
21039	2	 	 
21039	3	 	 
21039	4	 	 
21039	5	 	 
21039	6	 	 
21039	7	 	 
21040	1	 	 
21040	2	 	 
21040	3	 	 
21040	4	 	 
21040	5	 	 
21040	6	 	 
21040	7	 	 
21041	1	 	 
21041	2	 	 
21041	3	 	 
21041	4	 	 
21041	5	 	 
21041	6	 	 
21041	7	 	 
21042	1	 	 
21042	2	 	 
21042	3	 	 
21042	4	 	 
21042	5	 	 
21042	6	 	 
21042	7	 	 
21043	1	 	 
21043	2	 	 
21043	3	 	 
21043	4	 	 
21043	5	 	 
21043	6	 	 
21043	7	 	 
21044	1	 	 
21044	2	 	 
21044	3	 	 
21044	4	 	 
21044	5	 	 
21044	6	 	 
21044	7	 	 
21046	1	 	 
21046	2	 	 
21046	3	 	 
21046	4	 	 
21046	5	 	 
21046	6	 	 
21046	7	 	 
21047	1	 	 
21047	2	 	 
21047	3	 	 
21047	4	 	 
21047	5	 	 
21047	6	 	 
21047	7	 	 
21048	1	 	 
21048	2	 	 
21048	3	 	 
21048	4	 	 
21048	5	 	 
21048	6	 	 
21048	7	 	 
21056	1	 	 
21056	2	 	 
21056	3	 	 
21056	4	 	 
21056	5	 	 
21056	6	 	 
21056	7	 	 
21069	1	 	 
21069	2	 	 
21069	3	 	 
21069	4	 	 
21069	5	 	 
21069	6	 	 
21069	7	 	 
21072	1	0	1
21072	2	1	1
21072	3	0	0
21072	4	1	1
21072	5	1	0
21072	6	0	0
21072	7	0	0
21083	1	 	 
21083	2	 	 
21083	3	 	 
21083	4	 	 
21083	5	 	 
21083	6	 	 
21083	7	 	 
21089	1	 	 
21089	2	 	 
21089	3	 	 
21089	4	 	 
21089	5	 	 
21089	6	 	 
21089	7	 	 
21094	1	 	 
21094	2	 	 
21094	3	 	 
21094	4	 	 
21094	5	 	 
21094	6	 	 
21094	7	 	 
31001	1	 	 
31001	2	 	 
31001	3	 	 
31001	4	 	 
31001	5	 	 
31001	6	 	 
31001	7	 	 
31003	1	 	 
31003	2	 	 
31003	3	 	 
31003	4	 	 
31003	5	 	 
31003	6	 	 
31003	7	 	 
31004	1	 	 
31004	2	 	 
31004	3	 	 
31004	4	 	 
31004	5	 	 
31004	6	 	 
31004	7	 	 
31006	1	 	 
31006	2	 	 
31006	3	 	 
31006	4	 	 
31006	5	 	 
31006	6	 	 
31006	7	 	 
31007	1	 	 
31007	2	 	 
31007	3	 	 
31007	4	 	 
31007	5	 	 
31007	6	 	 
31007	7	 	 
31008	1	 	 
31008	2	 	 
31008	3	 	 
31008	4	 	 
31008	5	 	 
31008	6	 	 
31008	7	 	 
31009	1	 	 
31009	2	 	 
31009	3	 	 
31009	4	 	 
31009	5	 	 
31009	6	 	 
31009	7	 	 
31010	1	 	 
31010	2	 	 
31010	3	 	 
31010	4	 	 
31010	5	 	 
31010	6	 	 
31010	7	 	 
31011	1	 	 
31011	2	 	 
31011	3	 	 
31011	4	 	 
31011	5	 	 
31011	6	 	 
31011	7	 	 
31012	1	 	 
31012	2	 	 
31012	3	 	 
31012	4	 	 
31012	5	 	 
31012	6	 	 
31012	7	 	 
31013	1	 	 
31013	2	 	 
31013	3	 	 
31013	4	 	 
31013	5	 	 
31013	6	 	 
31013	7	 	 
31018	1	 	 
31018	2	 	 
31018	3	 	 
31018	4	 	 
31018	5	 	 
31018	6	 	 
31018	7	 	 
31020	1	 	 
31020	2	 	 
31020	3	 	 
31020	4	 	 
31020	5	 	 
31020	6	 	 
31020	7	 	 
31021	1	 	 
31021	2	 	 
31021	3	 	 
31021	4	 	 
31021	5	 	 
31021	6	 	 
31021	7	 	 
31023	1	 	 
31023	2	 	 
31023	3	 	 
31023	4	 	 
31023	5	 	 
31023	6	 	 
31023	7	 	 
31024	1	 	 
31024	2	 	 
31024	3	 	 
31024	4	 	 
31024	5	 	 
31024	6	 	 
31024	7	 	 
31025	1	 	 
31025	2	 	 
31025	3	 	 
31025	4	 	 
31025	5	 	 
31025	6	 	 
31025	7	 	 
31027	1	 	 
31027	2	 	 
31027	3	 	 
31027	4	 	 
31027	5	 	 
31027	6	 	 
31027	7	 	 
31028	1	 	 
31028	2	 	 
31028	3	 	 
31028	4	 	 
31028	5	 	 
31028	6	 	 
31028	7	 	 
31029	1	 	 
31029	2	 	 
31029	3	 	 
31029	4	 	 
31029	5	 	 
31029	6	 	 
31029	7	 	 
31031	1	 	 
31031	2	 	 
31031	3	 	 
31031	4	 	 
31031	5	 	 
31031	6	 	 
31031	7	 	 
31033	1	1	1
31033	2	1	1
31033	3	0	0
31033	4	0	0
31033	5	1	0
31033	6	0	0
31033	7	0	0
31034	1	 	 
31034	2	 	 
31034	3	 	 
31034	4	 	 
31034	5	 	 
31034	6	 	 
31034	7	 	 
31035	1	 	 
31035	2	 	 
31035	3	 	 
31035	4	 	 
31035	5	 	 
31035	6	 	 
31035	7	 	 
31036	1	 	 
31036	2	 	 
31036	3	 	 
31036	4	 	 
31036	5	 	 
31036	6	 	 
31036	7	 	 
31037	1	 	 
31037	2	 	 
31037	3	 	 
31037	4	 	 
31037	5	 	 
31037	6	 	 
31037	7	 	 
31038	1	 	 
31038	2	 	 
31038	3	 	 
31038	4	 	 
31038	5	 	 
31038	6	 	 
31038	7	 	 
31039	1	 	 
31039	2	 	 
31039	3	 	 
31039	4	 	 
31039	5	 	 
31039	6	 	 
31039	7	 	 
31040	1	 	 
31040	2	 	 
31040	3	 	 
31040	4	 	 
31040	5	 	 
31040	6	 	 
31040	7	 	 
31041	1	 	 
31041	2	 	 
31041	3	 	 
31041	4	 	 
31041	5	 	 
31041	6	 	 
31041	7	 	 
31043	1	 	 
31043	2	 	 
31043	3	 	 
31043	4	 	 
31043	5	 	 
31043	6	 	 
31043	7	 	 
31045	1	0	0
31045	2	1	1
31045	3	1	1
31045	4	0	0
31045	5	0	0
31045	6	0	0
31045	7	0	0
31046	1	0	0
31046	2	1	1
31046	3	0	0
31046	4	0	0
31046	5	0	0
31046	6	0	0
31046	7	0	0
31048	1	 	 
31048	2	 	 
31048	3	 	 
31048	4	 	 
31048	5	 	 
31048	6	 	 
31048	7	 	 
31049	1	 	 
31049	2	 	 
31049	3	 	 
31049	4	 	 
31049	5	 	 
31049	6	 	 
31049	7	 	 
31050	1	 	 
31050	2	 	 
31050	3	 	 
31050	4	 	 
31050	5	 	 
31050	6	 	 
31050	7	 	 
31052	1	 	 
31052	2	 	 
31052	3	 	 
31052	4	 	 
31052	5	 	 
31052	6	 	 
31052	7	 	 
31058	1	 	 
31058	2	 	 
31058	3	 	 
31058	4	 	 
31058	5	 	 
31058	6	 	 
31058	7	 	 
31059	1	 	 
31059	2	 	 
31059	3	 	 
31059	4	 	 
31059	5	 	 
31059	6	 	 
31059	7	 	 
31060	1	 	 
31060	2	 	 
31060	3	 	 
31060	4	 	 
31060	5	 	 
31060	6	 	 
31060	7	 	 
31079	1	 	 
31079	2	 	 
31079	3	 	 
31079	4	 	 
31079	5	 	 
31079	6	 	 
31079	7	 	 
31096	1	 	 
31096	2	 	 
31096	3	 	 
31096	4	 	 
31096	5	 	 
31096	6	 	 
31096	7	 	 
31098	1	 	 
31098	2	 	 
31098	3	 	 
31098	4	 	 
31098	5	 	 
31098	6	 	 
31098	7	 	 
31108	1	 	 
31108	2	 	 
31108	3	 	 
31108	4	 	 
31108	5	 	 
31108	6	 	 
31108	7	 	 
31134	1	 	 
31134	2	 	 
31134	3	 	 
31134	4	 	 
31134	5	 	 
31134	6	 	 
31134	7	 	 
41001	1	 	 
41001	2	 	 
41001	3	 	 
41001	4	 	 
41001	5	 	 
41001	6	 	 
41001	7	 	 
41002	1	 	 
41002	2	 	 
41002	3	 	 
41002	4	 	 
41002	5	 	 
41002	6	 	 
41002	7	 	 
41003	1	 	 
41003	2	 	 
41003	3	 	 
41003	4	 	 
41003	5	 	 
41003	6	 	 
41003	7	 	 
41004	1	 	 
41004	2	 	 
41004	3	 	 
41004	4	 	 
41004	5	 	 
41004	6	 	 
41004	7	 	 
41005	1	 	 
41005	2	 	 
41005	3	 	 
41005	4	 	 
41005	5	 	 
41005	6	 	 
41005	7	 	 
41006	1	 	 
41006	2	 	 
41006	3	 	 
41006	4	 	 
41006	5	 	 
41006	6	 	 
41006	7	 	 
41007	1	 	 
41007	2	 	 
41007	3	 	 
41007	4	 	 
41007	5	 	 
41007	6	 	 
41007	7	 	 
41008	1	 	 
41008	2	 	 
41008	3	 	 
41008	4	 	 
41008	5	 	 
41008	6	 	 
41008	7	 	 
41009	1	 	 
41009	2	 	 
41009	3	 	 
41009	4	 	 
41009	5	 	 
41009	6	 	 
41009	7	 	 
41010	1	 	 
41010	2	 	 
41010	3	 	 
41010	4	 	 
41010	5	 	 
41010	6	 	 
41010	7	 	 
41011	1	 	 
41011	2	 	 
41011	3	 	 
41011	4	 	 
41011	5	 	 
41011	6	 	 
41011	7	 	 
41012	1	 	 
41012	2	 	 
41012	3	 	 
41012	4	 	 
41012	5	 	 
41012	6	 	 
41012	7	 	 
41013	1	 	 
41013	2	 	 
41013	3	 	 
41013	4	 	 
41013	5	 	 
41013	6	 	 
41013	7	 	 
41014	1	 	 
41014	2	 	 
41014	3	 	 
41014	4	 	 
41014	5	 	 
41014	6	 	 
41014	7	 	 
41015	1	 	 
41015	2	 	 
41015	3	 	 
41015	4	 	 
41015	5	 	 
41015	6	 	 
41015	7	 	 
41016	1	 	 
41016	2	 	 
41016	3	 	 
41016	4	 	 
41016	5	 	 
41016	6	 	 
41016	7	 	 
41017	1	 	 
41017	2	 	 
41017	3	 	 
41017	4	 	 
41017	5	 	 
41017	6	 	 
41017	7	 	 
41019	1	 	 
41019	2	 	 
41019	3	 	 
41019	4	 	 
41019	5	 	 
41019	6	 	 
41019	7	 	 
41020	1	 	 
41020	2	 	 
41020	3	 	 
41020	4	 	 
41020	5	 	 
41020	6	 	 
41020	7	 	 
41021	1	 	 
41021	2	 	 
41021	3	 	 
41021	4	 	 
41021	5	 	 
41021	6	 	 
41021	7	 	 
41022	1	 	 
41022	2	 	 
41022	3	 	 
41022	4	 	 
41022	5	 	 
41022	6	 	 
41022	7	 	 
41023	1	 	 
41023	2	 	 
41023	3	 	 
41023	4	 	 
41023	5	 	 
41023	6	 	 
41023	7	 	 
41024	1	 	 
41024	2	 	 
41024	3	 	 
41024	4	 	 
41024	5	 	 
41024	6	 	 
41024	7	 	 
41025	1	 	 
41025	2	 	 
41025	3	 	 
41025	4	 	 
41025	5	 	 
41025	6	 	 
41025	7	 	 
41026	1	 	 
41026	2	 	 
41026	3	 	 
41026	4	 	 
41026	5	 	 
41026	6	 	 
41026	7	 	 
41027	1	 	 
41027	2	 	 
41027	3	 	 
41027	4	 	 
41027	5	 	 
41027	6	 	 
41027	7	 	 
41028	1	 	 
41028	2	 	 
41028	3	 	 
41028	4	 	 
41028	5	 	 
41028	6	 	 
41028	7	 	 
41030	1	0	1
41030	2	1	1
41030	3	1	1
41030	4	0	0
41030	5	0	0
41030	6	0	0
41030	7	1	1
41031	1	 	 
41031	2	 	 
41031	3	 	 
41031	4	 	 
41031	5	 	 
41031	6	 	 
41031	7	 	 
41032	1	 	 
41032	2	 	 
41032	3	 	 
41032	4	 	 
41032	5	 	 
41032	6	 	 
41032	7	 	 
41034	1	 	 
41034	2	 	 
41034	3	 	 
41034	4	 	 
41034	5	 	 
41034	6	 	 
41034	7	 	 
41036	1	1	1
41036	2	1	1
41036	3	1	1
41036	4	0	0
41036	5	0	0
41036	6	0	0
41036	7	0	0
41037	1	 	 
41037	2	 	 
41037	3	 	 
41037	4	 	 
41037	5	 	 
41037	6	 	 
41037	7	 	 
41038	1	 	 
41038	2	 	 
41038	3	 	 
41038	4	 	 
41038	5	 	 
41038	6	 	 
41038	7	 	 
41039	1	 	 
41039	2	 	 
41039	3	 	 
41039	4	 	 
41039	5	 	 
41039	6	 	 
41039	7	 	 
41041	1	 	 
41041	2	 	 
41041	3	 	 
41041	4	 	 
41041	5	 	 
41041	6	 	 
41041	7	 	 
41042	1	 	 
41042	2	 	 
41042	3	 	 
41042	4	 	 
41042	5	 	 
41042	6	 	 
41042	7	 	 
41043	1	 	 
41043	2	 	 
41043	3	 	 
41043	4	 	 
41043	5	 	 
41043	6	 	 
41043	7	 	 
41046	1	 	 
41046	2	 	 
41046	3	 	 
41046	4	 	 
41046	5	 	 
41046	6	 	 
41046	7	 	 
41047	1	 	 
41047	2	 	 
41047	3	 	 
41047	4	 	 
41047	5	 	 
41047	6	 	 
41047	7	 	 
41049	1	 	 
41049	2	 	 
41049	3	 	 
41049	4	 	 
41049	5	 	 
41049	6	 	 
41049	7	 	 
41050	1	 	 
41050	2	 	 
41050	3	 	 
41050	4	 	 
41050	5	 	 
41050	6	 	 
41050	7	 	 
41059	1	 	 
41059	2	 	 
41059	3	 	 
41059	4	 	 
41059	5	 	 
41059	6	 	 
41059	7	 	 
41092	1	 	 
41092	2	 	 
41092	3	 	 
41092	4	 	 
41092	5	 	 
41092	6	 	 
41092	7	 	 
41106	1	0	0
41106	2	0	1
41106	3	1	1
41106	4	0	0
41106	5	1	0
41106	6	0	0
41106	7	0	0
41109	1	 	 
41109	2	 	 
41109	3	 	 
41109	4	 	 
41109	5	 	 
41109	6	 	 
41109	7	 	 
41110	1	 	 
41110	2	 	 
41110	3	 	 
41110	4	 	 
41110	5	 	 
41110	6	 	 
41110	7	 	 
41114	1	0	0
41114	2	1	1
41114	3	1	1
41114	4	1	1
41114	5	0	0
41114	6	0	0
41114	7	0	0
41130	1	0	0
41130	2	1	1
41130	3	0	0
41130	4	0	0
41130	5	0	0
41130	6	0	0
41130	7	0	0
51002	1	 	 
51002	2	 	 
51002	3	 	 
51002	4	 	 
51002	5	 	 
51002	6	 	 
51002	7	 	 
51003	1	 	 
51003	2	 	 
51003	3	 	 
51003	4	 	 
51003	5	 	 
51003	6	 	 
51003	7	 	 
51004	1	 	 
51004	2	 	 
51004	3	 	 
51004	4	 	 
51004	5	 	 
51004	6	 	 
51004	7	 	 
51005	1	 	 
51005	2	 	 
51005	3	 	 
51005	4	 	 
51005	5	 	 
51005	6	 	 
51005	7	 	 
51006	1	 	 
51006	2	 	 
51006	3	 	 
51006	4	 	 
51006	5	 	 
51006	6	 	 
51006	7	 	 
51008	1	 	 
51008	2	 	 
51008	3	 	 
51008	4	 	 
51008	5	 	 
51008	6	 	 
51008	7	 	 
51009	1	 	 
51009	2	 	 
51009	3	 	 
51009	4	 	 
51009	5	 	 
51009	6	 	 
51009	7	 	 
51010	1	 	 
51010	2	 	 
51010	3	 	 
51010	4	 	 
51010	5	 	 
51010	6	 	 
51010	7	 	 
51011	1	 	 
51011	2	 	 
51011	3	 	 
51011	4	 	 
51011	5	 	 
51011	6	 	 
51011	7	 	 
51013	1	 	 
51013	2	 	 
51013	3	 	 
51013	4	 	 
51013	5	 	 
51013	6	 	 
51013	7	 	 
51015	1	0	1
51015	2	1	1
51015	3	0	0
51015	4	0	0
51015	5	0	0
51015	6	0	0
51015	7	0	0
51016	1	1	1
51016	2	1	1
51016	3	1	0
51016	4	0	0
51016	5	0	0
51016	6	0	0
51016	7	0	0
51017	1	0	1
51017	2	1	1
51017	3	0	0
51017	4	0	0
51017	5	0	0
51017	6	0	0
51017	7	0	0
51018	1	 	 
51018	2	 	 
51018	3	 	 
51018	4	 	 
51018	5	 	 
51018	6	 	 
51018	7	 	 
51019	1	 	 
51019	2	 	 
51019	3	 	 
51019	4	 	 
51019	5	 	 
51019	6	 	 
51019	7	 	 
51020	1	 	 
51020	2	 	 
51020	3	 	 
51020	4	 	 
51020	5	 	 
51020	6	 	 
51020	7	 	 
51022	1	 	 
51022	2	 	 
51022	3	 	 
51022	4	 	 
51022	5	 	 
51022	6	 	 
51022	7	 	 
51023	1	 	 
51023	2	 	 
51023	3	 	 
51023	4	 	 
51023	5	 	 
51023	6	 	 
51023	7	 	 
51024	1	 	 
51024	2	 	 
51024	3	 	 
51024	4	 	 
51024	5	 	 
51024	6	 	 
51024	7	 	 
51025	1	 	 
51025	2	 	 
51025	3	 	 
51025	4	 	 
51025	5	 	 
51025	6	 	 
51025	7	 	 
51026	1	 	 
51026	2	 	 
51026	3	 	 
51026	4	 	 
51026	5	 	 
51026	6	 	 
51026	7	 	 
51028	1	 	 
51028	2	 	 
51028	3	 	 
51028	4	 	 
51028	5	 	 
51028	6	 	 
51028	7	 	 
51029	1	 	 
51029	2	 	 
51029	3	 	 
51029	4	 	 
51029	5	 	 
51029	6	 	 
51029	7	 	 
51031	1	0	0
51031	2	1	1
51031	3	0	0
51031	4	0	0
51031	5	0	0
51031	6	0	0
51031	7	0	0
51032	1	 	 
51032	2	 	 
51032	3	 	 
51032	4	 	 
51032	5	 	 
51032	6	 	 
51032	7	 	 
51033	1	1	1
51033	2	1	1
51033	3	0	0
51033	4	0	0
51033	5	0	0
51033	6	0	0
51033	7	0	0
51034	1	0	1
51034	2	1	1
51034	3	0	0
51034	4	0	0
51034	5	0	0
51034	6	0	0
51034	7	0	0
51035	1	 	 
51035	2	 	 
51035	3	 	 
51035	4	 	 
51035	5	 	 
51035	6	 	 
51035	7	 	 
51036	1	 	 
51036	2	 	 
51036	3	 	 
51036	4	 	 
51036	5	 	 
51036	6	 	 
51036	7	 	 
51037	1	 	 
51037	2	 	 
51037	3	 	 
51037	4	 	 
51037	5	 	 
51037	6	 	 
51037	7	 	 
51038	1	 	 
51038	2	 	 
51038	3	 	 
51038	4	 	 
51038	5	 	 
51038	6	 	 
51038	7	 	 
51039	1	 	 
51039	2	 	 
51039	3	 	 
51039	4	 	 
51039	5	 	 
51039	6	 	 
51039	7	 	 
51040	1	 	 
51040	2	 	 
51040	3	 	 
51040	4	 	 
51040	5	 	 
51040	6	 	 
51040	7	 	 
51041	1	 	 
51041	2	 	 
51041	3	 	 
51041	4	 	 
51041	5	 	 
51041	6	 	 
51041	7	 	 
51042	1	 	 
51042	2	 	 
51042	3	 	 
51042	4	 	 
51042	5	 	 
51042	6	 	 
51042	7	 	 
51043	1	0	0
51043	2	1	1
51043	3	0	0
51043	4	0	0
51043	5	0	0
51043	6	0	0
51043	7	0	0
51044	1	 	 
51044	2	 	 
51044	3	 	 
51044	4	 	 
51044	5	 	 
51044	6	 	 
51044	7	 	 
51045	1	0	0
51045	2	1	1
51045	3	0	0
51045	4	0	0
51045	5	0	0
51045	6	0	0
51045	7	0	0
51046	1	 	 
51046	2	 	 
51046	3	 	 
51046	4	 	 
51046	5	 	 
51046	6	 	 
51046	7	 	 
51047	1	 	 
51047	2	 	 
51047	3	 	 
51047	4	 	 
51047	5	 	 
51047	6	 	 
51047	7	 	 
51048	1	0	1
51048	2	1	0
51048	3	1	0
51048	4	0	0
51048	5	0	0
51048	6	0	0
51048	7	0	0
51049	1	 	 
51049	2	 	 
51049	3	 	 
51049	4	 	 
51049	5	 	 
51049	6	 	 
51049	7	 	 
51057	1	 	 
51057	2	 	 
51057	3	 	 
51057	4	 	 
51057	5	 	 
51057	6	 	 
51057	7	 	 
51070	1	 	 
51070	2	 	 
51070	3	 	 
51070	4	 	 
51070	5	 	 
51070	6	 	 
51070	7	 	 
61001	1	 	 
61001	2	 	 
61001	3	 	 
61001	4	 	 
61001	5	 	 
61001	6	 	 
61001	7	 	 
61003	1	 	 
61003	2	 	 
61003	3	 	 
61003	4	 	 
61003	5	 	 
61003	6	 	 
61003	7	 	 
61004	1	 	 
61004	2	 	 
61004	3	 	 
61004	4	 	 
61004	5	 	 
61004	6	 	 
61004	7	 	 
61006	1	 	 
61006	2	 	 
61006	3	 	 
61006	4	 	 
61006	5	 	 
61006	6	 	 
61006	7	 	 
61008	1	 	 
61008	2	 	 
61008	3	 	 
61008	4	 	 
61008	5	 	 
61008	6	 	 
61008	7	 	 
61009	1	0	1
61009	2	1	1
61009	3	0	0
61009	4	0	0
61009	5	0	0
61009	6	0	0
61009	7	0	0
61011	1	 	 
61011	2	 	 
61011	3	 	 
61011	4	 	 
61011	5	 	 
61011	6	 	 
61011	7	 	 
61012	1	 	 
61012	2	 	 
61012	3	 	 
61012	4	 	 
61012	5	 	 
61012	6	 	 
61012	7	 	 
61013	1	 	 
61013	2	 	 
61013	3	 	 
61013	4	 	 
61013	5	 	 
61013	6	 	 
61013	7	 	 
61014	1	 	 
61014	2	 	 
61014	3	 	 
61014	4	 	 
61014	5	 	 
61014	6	 	 
61014	7	 	 
61015	1	 	 
61015	2	 	 
61015	3	 	 
61015	4	 	 
61015	5	 	 
61015	6	 	 
61015	7	 	 
61016	1	 	 
61016	2	 	 
61016	3	 	 
61016	4	 	 
61016	5	 	 
61016	6	 	 
61016	7	 	 
61017	1	 	 
61017	2	 	 
61017	3	 	 
61017	4	 	 
61017	5	 	 
61017	6	 	 
61017	7	 	 
61018	1	 	 
61018	2	 	 
61018	3	 	 
61018	4	 	 
61018	5	 	 
61018	6	 	 
61018	7	 	 
61019	1	 	 
61019	2	 	 
61019	3	 	 
61019	4	 	 
61019	5	 	 
61019	6	 	 
61019	7	 	 
61020	1	 	 
61020	2	 	 
61020	3	 	 
61020	4	 	 
61020	5	 	 
61020	6	 	 
61020	7	 	 
61021	1	 	 
61021	2	 	 
61021	3	 	 
61021	4	 	 
61021	5	 	 
61021	6	 	 
61021	7	 	 
61024	1	 	 
61024	2	 	 
61024	3	 	 
61024	4	 	 
61024	5	 	 
61024	6	 	 
61024	7	 	 
61025	1	 	 
61025	2	 	 
61025	3	 	 
61025	4	 	 
61025	5	 	 
61025	6	 	 
61025	7	 	 
61026	1	 	 
61026	2	 	 
61026	3	 	 
61026	4	 	 
61026	5	 	 
61026	6	 	 
61026	7	 	 
61028	1	 	 
61028	2	 	 
61028	3	 	 
61028	4	 	 
61028	5	 	 
61028	6	 	 
61028	7	 	 
61029	1	1	1
61029	2	0	0
61029	3	0	0
61029	4	0	0
61029	5	0	0
61029	6	0	0
61029	7	0	0
61030	1	1	1
61030	2	1	1
61030	3	0	0
61030	4	0	0
61030	5	0	0
61030	6	0	0
61030	7	0	0
61031	1	 	 
61031	2	 	 
61031	3	 	 
61031	4	 	 
61031	5	 	 
61031	6	 	 
61031	7	 	 
61032	1	 	 
61032	2	 	 
61032	3	 	 
61032	4	 	 
61032	5	 	 
61032	6	 	 
61032	7	 	 
61033	1	 	 
61033	2	 	 
61033	3	 	 
61033	4	 	 
61033	5	 	 
61033	6	 	 
61033	7	 	 
61034	1	1	1
61034	2	1	1
61034	3	1	1
61034	4	0	0
61034	5	0	0
61034	6	0	0
61034	7	0	0
61035	1	0	0
61035	2	1	1
61035	3	0	0
61035	4	0	0
61035	5	1	1
61035	6	0	0
61035	7	0	0
61036	1	 	 
61036	2	 	 
61036	3	 	 
61036	4	 	 
61036	5	 	 
61036	6	 	 
61036	7	 	 
61037	1	 	 
61037	2	 	 
61037	3	 	 
61037	4	 	 
61037	5	 	 
61037	6	 	 
61037	7	 	 
61038	1	 	 
61038	2	 	 
61038	3	 	 
61038	4	 	 
61038	5	 	 
61038	6	 	 
61038	7	 	 
61039	1	 	 
61039	2	 	 
61039	3	 	 
61039	4	 	 
61039	5	 	 
61039	6	 	 
61039	7	 	 
61040	1	 	 
61040	2	 	 
61040	3	 	 
61040	4	 	 
61040	5	 	 
61040	6	 	 
61040	7	 	 
61041	1	0	0
61041	2	1	1
61041	3	0	0
61041	4	0	0
61041	5	0	0
61041	6	0	0
61041	7	0	0
61042	1	0	0
61042	2	1	1
61042	3	0	0
61042	4	0	0
61042	5	0	0
61042	6	0	0
61042	7	0	0
61043	1	 	 
61043	2	 	 
61043	3	 	 
61043	4	 	 
61043	5	 	 
61043	6	 	 
61043	7	 	 
61044	1	0	1
61044	2	1	0
61044	3	0	0
61044	4	0	0
61044	5	0	1
61044	6	0	0
61044	7	0	0
61046	1	 	 
61046	2	 	 
61046	3	 	 
61046	4	 	 
61046	5	 	 
61046	6	 	 
61046	7	 	 
61047	1	 	 
61047	2	 	 
61047	3	 	 
61047	4	 	 
61047	5	 	 
61047	6	 	 
61047	7	 	 
61048	1	 	 
61048	2	 	 
61048	3	 	 
61048	4	 	 
61048	5	 	 
61048	6	 	 
61048	7	 	 
61049	1	 	 
61049	2	 	 
61049	3	 	 
61049	4	 	 
61049	5	 	 
61049	6	 	 
61049	7	 	 
61050	1	 	 
61050	2	 	 
61050	3	 	 
61050	4	 	 
61050	5	 	 
61050	6	 	 
61050	7	 	 
61052	1	 	 
61052	2	 	 
61052	3	 	 
61052	4	 	 
61052	5	 	 
61052	6	 	 
61052	7	 	 
61055	1	 	 
61055	2	 	 
61055	3	 	 
61055	4	 	 
61055	5	 	 
61055	6	 	 
61055	7	 	 
61056	1	 	 
61056	2	 	 
61056	3	 	 
61056	4	 	 
61056	5	 	 
61056	6	 	 
61056	7	 	 
61057	1	 	 
61057	2	 	 
61057	3	 	 
61057	4	 	 
61057	5	 	 
61057	6	 	 
61057	7	 	 
61076	1	 	 
61076	2	 	 
61076	3	 	 
61076	4	 	 
61076	5	 	 
61076	6	 	 
61076	7	 	 
61079	1	 	 
61079	2	 	 
61079	3	 	 
61079	4	 	 
61079	5	 	 
61079	6	 	 
61079	7	 	 
61104	1	 	 
61104	2	 	 
61104	3	 	 
61104	4	 	 
61104	5	 	 
61104	6	 	 
61104	7	 	 
71001	1	 	 
71001	2	 	 
71001	3	 	 
71001	4	 	 
71001	5	 	 
71001	6	 	 
71001	7	 	 
71002	1	 	 
71002	2	 	 
71002	3	 	 
71002	4	 	 
71002	5	 	 
71002	6	 	 
71002	7	 	 
71003	1	 	 
71003	2	 	 
71003	3	 	 
71003	4	 	 
71003	5	 	 
71003	6	 	 
71003	7	 	 
71004	1	0	0
71004	2	1	1
71004	3	1	1
71004	4	0	0
71004	5	0	0
71004	6	0	0
71004	7	0	0
71005	1	 	 
71005	2	 	 
71005	3	 	 
71005	4	 	 
71005	5	 	 
71005	6	 	 
71005	7	 	 
71007	1	 	 
71007	2	 	 
71007	3	 	 
71007	4	 	 
71007	5	 	 
71007	6	 	 
71007	7	 	 
71008	1	 	 
71008	2	 	 
71008	3	 	 
71008	4	 	 
71008	5	 	 
71008	6	 	 
71008	7	 	 
71009	1	 	 
71009	2	 	 
71009	3	 	 
71009	4	 	 
71009	5	 	 
71009	6	 	 
71009	7	 	 
71010	1	0	0
71010	2	1	1
71010	3	0	0
71010	4	1	1
71010	5	0	0
71010	6	0	0
71010	7	0	0
71011	1	 	 
71011	2	 	 
71011	3	 	 
71011	4	 	 
71011	5	 	 
71011	6	 	 
71011	7	 	 
71013	1	 	 
71013	2	 	 
71013	3	 	 
71013	4	 	 
71013	5	 	 
71013	6	 	 
71013	7	 	 
71014	1	 	 
71014	2	 	 
71014	3	 	 
71014	4	 	 
71014	5	 	 
71014	6	 	 
71014	7	 	 
71015	1	 	 
71015	2	 	 
71015	3	 	 
71015	4	 	 
71015	5	 	 
71015	6	 	 
71015	7	 	 
71018	1	 	 
71018	2	 	 
71018	3	 	 
71018	4	 	 
71018	5	 	 
71018	6	 	 
71018	7	 	 
71019	1	 	 
71019	2	 	 
71019	3	 	 
71019	4	 	 
71019	5	 	 
71019	6	 	 
71019	7	 	 
71020	1	 	 
71020	2	 	 
71020	3	 	 
71020	4	 	 
71020	5	 	 
71020	6	 	 
71020	7	 	 
71021	1	0	0
71021	2	1	1
71021	3	0	0
71021	4	0	0
71021	5	0	0
71021	6	0	0
71021	7	1	1
71023	1	 	 
71023	2	 	 
71023	3	 	 
71023	4	 	 
71023	5	 	 
71023	6	 	 
71023	7	 	 
71024	1	 	 
71024	2	 	 
71024	3	 	 
71024	4	 	 
71024	5	 	 
71024	6	 	 
71024	7	 	 
71025	1	 	 
71025	2	 	 
71025	3	 	 
71025	4	 	 
71025	5	 	 
71025	6	 	 
71025	7	 	 
71026	1	 	 
71026	2	 	 
71026	3	 	 
71026	4	 	 
71026	5	 	 
71026	6	 	 
71026	7	 	 
71027	1	 	 
71027	2	 	 
71027	3	 	 
71027	4	 	 
71027	5	 	 
71027	6	 	 
71027	7	 	 
71028	1	 	 
71028	2	 	 
71028	3	 	 
71028	4	 	 
71028	5	 	 
71028	6	 	 
71028	7	 	 
71029	1	 	 
71029	2	 	 
71029	3	 	 
71029	4	 	 
71029	5	 	 
71029	6	 	 
71029	7	 	 
71031	1	 	 
71031	2	 	 
71031	3	 	 
71031	4	 	 
71031	5	 	 
71031	6	 	 
71031	7	 	 
71032	1	 	 
71032	2	 	 
71032	3	 	 
71032	4	 	 
71032	5	 	 
71032	6	 	 
71032	7	 	 
71033	1	 	 
71033	2	 	 
71033	3	 	 
71033	4	 	 
71033	5	 	 
71033	6	 	 
71033	7	 	 
71034	1	 	 
71034	2	 	 
71034	3	 	 
71034	4	 	 
71034	5	 	 
71034	6	 	 
71034	7	 	 
71035	1	 	 
71035	2	 	 
71035	3	 	 
71035	4	 	 
71035	5	 	 
71035	6	 	 
71035	7	 	 
71036	1	 	 
71036	2	 	 
71036	3	 	 
71036	4	 	 
71036	5	 	 
71036	6	 	 
71036	7	 	 
71037	1	 	 
71037	2	 	 
71037	3	 	 
71037	4	 	 
71037	5	 	 
71037	6	 	 
71037	7	 	 
71038	1	 	 
71038	2	 	 
71038	3	 	 
71038	4	 	 
71038	5	 	 
71038	6	 	 
71038	7	 	 
71039	1	 	 
71039	2	 	 
71039	3	 	 
71039	4	 	 
71039	5	 	 
71039	6	 	 
71039	7	 	 
71041	1	 	 
71041	2	 	 
71041	3	 	 
71041	4	 	 
71041	5	 	 
71041	6	 	 
71041	7	 	 
71042	1	 	 
71042	2	 	 
71042	3	 	 
71042	4	 	 
71042	5	 	 
71042	6	 	 
71042	7	 	 
71043	1	 	 
71043	2	 	 
71043	3	 	 
71043	4	 	 
71043	5	 	 
71043	6	 	 
71043	7	 	 
71044	1	 	 
71044	2	 	 
71044	3	 	 
71044	4	 	 
71044	5	 	 
71044	6	 	 
71044	7	 	 
71046	1	0	1
71046	2	1	1
71046	3	0	0
71046	4	0	0
71046	5	0	0
71046	6	0	0
71046	7	0	0
71047	1	 	 
71047	2	 	 
71047	3	 	 
71047	4	 	 
71047	5	 	 
71047	6	 	 
71047	7	 	 
71048	1	 	 
71048	2	 	 
71048	3	 	 
71048	4	 	 
71048	5	 	 
71048	6	 	 
71048	7	 	 
71049	1	 	 
71049	2	 	 
71049	3	 	 
71049	4	 	 
71049	5	 	 
71049	6	 	 
71049	7	 	 
71073	1	 	 
71073	2	 	 
71073	3	 	 
71073	4	 	 
71073	5	 	 
71073	6	 	 
71073	7	 	 
71097	1	 	 
71097	2	 	 
71097	3	 	 
71097	4	 	 
71097	5	 	 
71097	6	 	 
71097	7	 	 
71112	1	1	1
71112	2	1	0
71112	3	0	0
71112	4	1	0
71112	5	1	0
71112	6	0	0
71112	7	0	0
71120	1	0	0
71120	2	1	1
71120	3	0	1
71120	4	0	0
71120	5	0	0
71120	6	0	0
71120	7	0	0
71121	1	 	 
71121	2	 	 
71121	3	 	 
71121	4	 	 
71121	5	 	 
71121	6	 	 
71121	7	 	 
81001	1	 	 
81001	2	 	 
81001	3	 	 
81001	4	 	 
81001	5	 	 
81001	6	 	 
81001	7	 	 
81003	1	1	1
81003	2	0	0
81003	3	1	1
81003	4	0	0
81003	5	0	0
81003	6	0	0
81003	7	0	0
81004	1	 	 
81004	2	 	 
81004	3	 	 
81004	4	 	 
81004	5	 	 
81004	6	 	 
81004	7	 	 
81005	1	 	 
81005	2	 	 
81005	3	 	 
81005	4	 	 
81005	5	 	 
81005	6	 	 
81005	7	 	 
81006	1	 	 
81006	2	 	 
81006	3	 	 
81006	4	 	 
81006	5	 	 
81006	6	 	 
81006	7	 	 
81007	1	 	 
81007	2	 	 
81007	3	 	 
81007	4	 	 
81007	5	 	 
81007	6	 	 
81007	7	 	 
81008	1	 	 
81008	2	 	 
81008	3	 	 
81008	4	 	 
81008	5	 	 
81008	6	 	 
81008	7	 	 
81009	1	 	 
81009	2	 	 
81009	3	 	 
81009	4	 	 
81009	5	 	 
81009	6	 	 
81009	7	 	 
81010	1	 	 
81010	2	 	 
81010	3	 	 
81010	4	 	 
81010	5	 	 
81010	6	 	 
81010	7	 	 
81011	1	 	 
81011	2	 	 
81011	3	 	 
81011	4	 	 
81011	5	 	 
81011	6	 	 
81011	7	 	 
81012	1	 	 
81012	2	 	 
81012	3	 	 
81012	4	 	 
81012	5	 	 
81012	6	 	 
81012	7	 	 
81013	1	 	 
81013	2	 	 
81013	3	 	 
81013	4	 	 
81013	5	 	 
81013	6	 	 
81013	7	 	 
81017	1	 	 
81017	2	 	 
81017	3	 	 
81017	4	 	 
81017	5	 	 
81017	6	 	 
81017	7	 	 
81018	1	 	 
81018	2	 	 
81018	3	 	 
81018	4	 	 
81018	5	 	 
81018	6	 	 
81018	7	 	 
81019	1	 	 
81019	2	 	 
81019	3	 	 
81019	4	 	 
81019	5	 	 
81019	6	 	 
81019	7	 	 
81020	1	 	 
81020	2	 	 
81020	3	 	 
81020	4	 	 
81020	5	 	 
81020	6	 	 
81020	7	 	 
81021	1	 	 
81021	2	 	 
81021	3	 	 
81021	4	 	 
81021	5	 	 
81021	6	 	 
81021	7	 	 
81022	1	 	 
81022	2	 	 
81022	3	 	 
81022	4	 	 
81022	5	 	 
81022	6	 	 
81022	7	 	 
81023	1	 	 
81023	2	 	 
81023	3	 	 
81023	4	 	 
81023	5	 	 
81023	6	 	 
81023	7	 	 
81024	1	 	 
81024	2	 	 
81024	3	 	 
81024	4	 	 
81024	5	 	 
81024	6	 	 
81024	7	 	 
81025	1	 	 
81025	2	 	 
81025	3	 	 
81025	4	 	 
81025	5	 	 
81025	6	 	 
81025	7	 	 
81026	1	 	 
81026	2	 	 
81026	3	 	 
81026	4	 	 
81026	5	 	 
81026	6	 	 
81026	7	 	 
81028	1	 	 
81028	2	 	 
81028	3	 	 
81028	4	 	 
81028	5	 	 
81028	6	 	 
81028	7	 	 
81029	1	 	 
81029	2	 	 
81029	3	 	 
81029	4	 	 
81029	5	 	 
81029	6	 	 
81029	7	 	 
81030	1	 	 
81030	2	 	 
81030	3	 	 
81030	4	 	 
81030	5	 	 
81030	6	 	 
81030	7	 	 
81031	1	 	 
81031	2	 	 
81031	3	 	 
81031	4	 	 
81031	5	 	 
81031	6	 	 
81031	7	 	 
81032	1	 	 
81032	2	 	 
81032	3	 	 
81032	4	 	 
81032	5	 	 
81032	6	 	 
81032	7	 	 
81035	1	 	 
81035	2	 	 
81035	3	 	 
81035	4	 	 
81035	5	 	 
81035	6	 	 
81035	7	 	 
81036	1	0	0
81036	2	1	1
81036	3	1	1
81036	4	0	0
81036	5	1	1
81036	6	0	0
81036	7	0	0
81038	1	 	 
81038	2	 	 
81038	3	 	 
81038	4	 	 
81038	5	 	 
81038	6	 	 
81038	7	 	 
81039	1	 	 
81039	2	 	 
81039	3	 	 
81039	4	 	 
81039	5	 	 
81039	6	 	 
81039	7	 	 
81041	1	 	 
81041	2	 	 
81041	3	 	 
81041	4	 	 
81041	5	 	 
81041	6	 	 
81041	7	 	 
81042	1	 	 
81042	2	 	 
81042	3	 	 
81042	4	 	 
81042	5	 	 
81042	6	 	 
81042	7	 	 
81043	1	 	 
81043	2	 	 
81043	3	 	 
81043	4	 	 
81043	5	 	 
81043	6	 	 
81043	7	 	 
81045	1	 	 
81045	2	 	 
81045	3	 	 
81045	4	 	 
81045	5	 	 
81045	6	 	 
81045	7	 	 
81046	1	 	 
81046	2	 	 
81046	3	 	 
81046	4	 	 
81046	5	 	 
81046	6	 	 
81046	7	 	 
81047	1	 	 
81047	2	 	 
81047	3	 	 
81047	4	 	 
81047	5	 	 
81047	6	 	 
81047	7	 	 
81049	1	0	1
81049	2	1	1
81049	3	0	0
81049	4	0	0
81049	5	0	0
81049	6	0	0
81049	7	0	0
81050	1	 	 
81050	2	 	 
81050	3	 	 
81050	4	 	 
81050	5	 	 
81050	6	 	 
81050	7	 	 
81073	1	 	 
81073	2	 	 
81073	3	 	 
81073	4	 	 
81073	5	 	 
81073	6	 	 
81073	7	 	 
81092	1	 	 
81092	2	 	 
81092	3	 	 
81092	4	 	 
81092	5	 	 
81092	6	 	 
81092	7	 	 
81105	1	 	 
81105	2	 	 
81105	3	 	 
81105	4	 	 
81105	5	 	 
81105	6	 	 
81105	7	 	 
81108	1	 	 
81108	2	 	 
81108	3	 	 
81108	4	 	 
81108	5	 	 
81108	6	 	 
81108	7	 	 
81120	1	 	 
81120	2	 	 
81120	3	 	 
81120	4	 	 
81120	5	 	 
81120	6	 	 
81120	7	 	 
81130	1	 	 
81130	2	 	 
81130	3	 	 
81130	4	 	 
81130	5	 	 
81130	6	 	 
81130	7	 	 
81139	1	 	 
81139	2	 	 
81139	3	 	 
81139	4	 	 
81139	5	 	 
81139	6	 	 
81139	7	 	 
81145	1	 	 
81145	2	 	 
81145	3	 	 
81145	4	 	 
81145	5	 	 
81145	6	 	 
81145	7	 	 
81150	1	 	 
81150	2	 	 
81150	3	 	 
81150	4	 	 
81150	5	 	 
81150	6	 	 
81150	7	 	 
81152	1	 	 
81152	2	 	 
81152	3	 	 
81152	4	 	 
81152	5	 	 
81152	6	 	 
81152	7	 	 
91001	1	 	 
91001	2	 	 
91001	3	 	 
91001	4	 	 
91001	5	 	 
91001	6	 	 
91001	7	 	 
91003	1	1	1
91003	2	1	1
91003	3	0	0
91003	4	1	1
91003	5	0	0
91003	6	0	1
91003	7	1	0
91005	1	1	1
91005	2	1	1
91005	3	0	0
91005	4	1	1
91005	5	0	0
91005	6	0	0
91005	7	0	0
91006	1	 	 
91006	2	 	 
91006	3	 	 
91006	4	 	 
91006	5	 	 
91006	6	 	 
91006	7	 	 
91008	1	 	 
91008	2	 	 
91008	3	 	 
91008	4	 	 
91008	5	 	 
91008	6	 	 
91008	7	 	 
91009	1	 	 
91009	2	 	 
91009	3	 	 
91009	4	 	 
91009	5	 	 
91009	6	 	 
91009	7	 	 
91010	1	 	 
91010	2	 	 
91010	3	 	 
91010	4	 	 
91010	5	 	 
91010	6	 	 
91010	7	 	 
91011	1	 	 
91011	2	 	 
91011	3	 	 
91011	4	 	 
91011	5	 	 
91011	6	 	 
91011	7	 	 
91012	1	 	 
91012	2	 	 
91012	3	 	 
91012	4	 	 
91012	5	 	 
91012	6	 	 
91012	7	 	 
91014	1	 	 
91014	2	 	 
91014	3	 	 
91014	4	 	 
91014	5	 	 
91014	6	 	 
91014	7	 	 
91015	1	 	 
91015	2	 	 
91015	3	 	 
91015	4	 	 
91015	5	 	 
91015	6	 	 
91015	7	 	 
91016	1	 	 
91016	2	 	 
91016	3	 	 
91016	4	 	 
91016	5	 	 
91016	6	 	 
91016	7	 	 
91017	1	 	 
91017	2	 	 
91017	3	 	 
91017	4	 	 
91017	5	 	 
91017	6	 	 
91017	7	 	 
91019	1	0	1
91019	2	1	1
91019	3	0	0
91019	4	0	0
91019	5	0	0
91019	6	0	0
91019	7	0	0
91020	1	 	 
91020	2	 	 
91020	3	 	 
91020	4	 	 
91020	5	 	 
91020	6	 	 
91020	7	 	 
91021	1	 	 
91021	2	 	 
91021	3	 	 
91021	4	 	 
91021	5	 	 
91021	6	 	 
91021	7	 	 
91022	1	 	 
91022	2	 	 
91022	3	 	 
91022	4	 	 
91022	5	 	 
91022	6	 	 
91022	7	 	 
91024	1	 	 
91024	2	 	 
91024	3	 	 
91024	4	 	 
91024	5	 	 
91024	6	 	 
91024	7	 	 
91025	1	 	 
91025	2	 	 
91025	3	 	 
91025	4	 	 
91025	5	 	 
91025	6	 	 
91025	7	 	 
91026	1	 	 
91026	2	 	 
91026	3	 	 
91026	4	 	 
91026	5	 	 
91026	6	 	 
91026	7	 	 
91027	1	 	 
91027	2	 	 
91027	3	 	 
91027	4	 	 
91027	5	 	 
91027	6	 	 
91027	7	 	 
91028	1	 	 
91028	2	 	 
91028	3	 	 
91028	4	 	 
91028	5	 	 
91028	6	 	 
91028	7	 	 
91029	1	 	 
91029	2	 	 
91029	3	 	 
91029	4	 	 
91029	5	 	 
91029	6	 	 
91029	7	 	 
91030	1	 	 
91030	2	 	 
91030	3	 	 
91030	4	 	 
91030	5	 	 
91030	6	 	 
91030	7	 	 
91031	1	 	 
91031	2	 	 
91031	3	 	 
91031	4	 	 
91031	5	 	 
91031	6	 	 
91031	7	 	 
91032	1	 	 
91032	2	 	 
91032	3	 	 
91032	4	 	 
91032	5	 	 
91032	6	 	 
91032	7	 	 
91033	1	 	 
91033	2	 	 
91033	3	 	 
91033	4	 	 
91033	5	 	 
91033	6	 	 
91033	7	 	 
91036	1	 	 
91036	2	 	 
91036	3	 	 
91036	4	 	 
91036	5	 	 
91036	6	 	 
91036	7	 	 
91037	1	 	 
91037	2	 	 
91037	3	 	 
91037	4	 	 
91037	5	 	 
91037	6	 	 
91037	7	 	 
91039	1	 	 
91039	2	 	 
91039	3	 	 
91039	4	 	 
91039	5	 	 
91039	6	 	 
91039	7	 	 
91042	1	 	 
91042	2	 	 
91042	3	 	 
91042	4	 	 
91042	5	 	 
91042	6	 	 
91042	7	 	 
91044	1	 	 
91044	2	 	 
91044	3	 	 
91044	4	 	 
91044	5	 	 
91044	6	 	 
91044	7	 	 
91045	1	 	 
91045	2	 	 
91045	3	 	 
91045	4	 	 
91045	5	 	 
91045	6	 	 
91045	7	 	 
91046	1	 	 
91046	2	 	 
91046	3	 	 
91046	4	 	 
91046	5	 	 
91046	6	 	 
91046	7	 	 
91047	1	 	 
91047	2	 	 
91047	3	 	 
91047	4	 	 
91047	5	 	 
91047	6	 	 
91047	7	 	 
91048	1	 	 
91048	2	 	 
91048	3	 	 
91048	4	 	 
91048	5	 	 
91048	6	 	 
91048	7	 	 
91049	1	 	 
91049	2	 	 
91049	3	 	 
91049	4	 	 
91049	5	 	 
91049	6	 	 
91049	7	 	 
91052	1	 	 
91052	2	 	 
91052	3	 	 
91052	4	 	 
91052	5	 	 
91052	6	 	 
91052	7	 	 
91053	1	 	 
91053	2	 	 
91053	3	 	 
91053	4	 	 
91053	5	 	 
91053	6	 	 
91053	7	 	 
91056	1	 	 
91056	2	 	 
91056	3	 	 
91056	4	 	 
91056	5	 	 
91056	6	 	 
91056	7	 	 
91057	1	 	 
91057	2	 	 
91057	3	 	 
91057	4	 	 
91057	5	 	 
91057	6	 	 
91057	7	 	 
91061	1	 	 
91061	2	 	 
91061	3	 	 
91061	4	 	 
91061	5	 	 
91061	6	 	 
91061	7	 	 
91062	1	 	 
91062	2	 	 
91062	3	 	 
91062	4	 	 
91062	5	 	 
91062	6	 	 
91062	7	 	 
91070	1	 	 
91070	2	 	 
91070	3	 	 
91070	4	 	 
91070	5	 	 
91070	6	 	 
91070	7	 	 
91071	1	 	 
91071	2	 	 
91071	3	 	 
91071	4	 	 
91071	5	 	 
91071	6	 	 
91071	7	 	 
101001	1	 	 
101001	2	 	 
101001	3	 	 
101001	4	 	 
101001	5	 	 
101001	6	 	 
101001	7	 	 
101004	1	 	 
101004	2	 	 
101004	3	 	 
101004	4	 	 
101004	5	 	 
101004	6	 	 
101004	7	 	 
101005	1	0	0
101005	2	1	1
101005	3	0	0
101005	4	0	0
101005	5	0	0
101005	6	0	0
101005	7	0	0
101010	1	 	 
101010	2	 	 
101010	3	 	 
101010	4	 	 
101010	5	 	 
101010	6	 	 
101010	7	 	 
101011	1	 	 
101011	2	 	 
101011	3	 	 
101011	4	 	 
101011	5	 	 
101011	6	 	 
101011	7	 	 
101013	1	 	 
101013	2	 	 
101013	3	 	 
101013	4	 	 
101013	5	 	 
101013	6	 	 
101013	7	 	 
101014	1	 	 
101014	2	 	 
101014	3	 	 
101014	4	 	 
101014	5	 	 
101014	6	 	 
101014	7	 	 
101015	1	 	 
101015	2	 	 
101015	3	 	 
101015	4	 	 
101015	5	 	 
101015	6	 	 
101015	7	 	 
101016	1	0	0
101016	2	1	1
101016	3	1	1
101016	4	0	0
101016	5	0	0
101016	6	0	0
101016	7	0	0
101017	1	 	 
101017	2	 	 
101017	3	 	 
101017	4	 	 
101017	5	 	 
101017	6	 	 
101017	7	 	 
101018	1	 	 
101018	2	 	 
101018	3	 	 
101018	4	 	 
101018	5	 	 
101018	6	 	 
101018	7	 	 
101019	1	 	 
101019	2	 	 
101019	3	 	 
101019	4	 	 
101019	5	 	 
101019	6	 	 
101019	7	 	 
101020	1	 	 
101020	2	 	 
101020	3	 	 
101020	4	 	 
101020	5	 	 
101020	6	 	 
101020	7	 	 
101021	1	 	 
101021	2	 	 
101021	3	 	 
101021	4	 	 
101021	5	 	 
101021	6	 	 
101021	7	 	 
101022	1	 	 
101022	2	 	 
101022	3	 	 
101022	4	 	 
101022	5	 	 
101022	6	 	 
101022	7	 	 
101024	1	 	 
101024	2	 	 
101024	3	 	 
101024	4	 	 
101024	5	 	 
101024	6	 	 
101024	7	 	 
101025	1	 	 
101025	2	 	 
101025	3	 	 
101025	4	 	 
101025	5	 	 
101025	6	 	 
101025	7	 	 
101027	1	 	 
101027	2	 	 
101027	3	 	 
101027	4	 	 
101027	5	 	 
101027	6	 	 
101027	7	 	 
101028	1	 	 
101028	2	 	 
101028	3	 	 
101028	4	 	 
101028	5	 	 
101028	6	 	 
101028	7	 	 
101030	1	 	 
101030	2	 	 
101030	3	 	 
101030	4	 	 
101030	5	 	 
101030	6	 	 
101030	7	 	 
101031	1	 	 
101031	2	 	 
101031	3	 	 
101031	4	 	 
101031	5	 	 
101031	6	 	 
101031	7	 	 
101034	1	 	 
101034	2	 	 
101034	3	 	 
101034	4	 	 
101034	5	 	 
101034	6	 	 
101034	7	 	 
101035	1	 	 
101035	2	 	 
101035	3	 	 
101035	4	 	 
101035	5	 	 
101035	6	 	 
101035	7	 	 
101036	1	 	 
101036	2	 	 
101036	3	 	 
101036	4	 	 
101036	5	 	 
101036	6	 	 
101036	7	 	 
101037	1	 	 
101037	2	 	 
101037	3	 	 
101037	4	 	 
101037	5	 	 
101037	6	 	 
101037	7	 	 
101038	1	 	 
101038	2	 	 
101038	3	 	 
101038	4	 	 
101038	5	 	 
101038	6	 	 
101038	7	 	 
101040	1	 	 
101040	2	 	 
101040	3	 	 
101040	4	 	 
101040	5	 	 
101040	6	 	 
101040	7	 	 
101041	1	 	 
101041	2	 	 
101041	3	 	 
101041	4	 	 
101041	5	 	 
101041	6	 	 
101041	7	 	 
101043	1	 	 
101043	2	 	 
101043	3	 	 
101043	4	 	 
101043	5	 	 
101043	6	 	 
101043	7	 	 
101044	1	 	 
101044	2	 	 
101044	3	 	 
101044	4	 	 
101044	5	 	 
101044	6	 	 
101044	7	 	 
101045	1	 	 
101045	2	 	 
101045	3	 	 
101045	4	 	 
101045	5	 	 
101045	6	 	 
101045	7	 	 
101047	1	 	 
101047	2	 	 
101047	3	 	 
101047	4	 	 
101047	5	 	 
101047	6	 	 
101047	7	 	 
101048	1	 	 
101048	2	 	 
101048	3	 	 
101048	4	 	 
101048	5	 	 
101048	6	 	 
101048	7	 	 
101049	1	 	 
101049	2	 	 
101049	3	 	 
101049	4	 	 
101049	5	 	 
101049	6	 	 
101049	7	 	 
101050	1	 	 
101050	2	 	 
101050	3	 	 
101050	4	 	 
101050	5	 	 
101050	6	 	 
101050	7	 	 
101064	1	0	0
101064	2	1	1
101064	3	0	0
101064	4	1	1
101064	5	0	0
101064	6	0	0
101064	7	0	0
101075	1	0	1
101075	2	1	1
101075	3	0	0
101075	4	0	0
101075	5	0	0
101075	6	0	0
101075	7	0	0
101083	1	 	 
101083	2	 	 
101083	3	 	 
101083	4	 	 
101083	5	 	 
101083	6	 	 
101083	7	 	 
111001	1	 	 
111001	2	 	 
111001	3	 	 
111001	4	 	 
111001	5	 	 
111001	6	 	 
111001	7	 	 
111002	1	 	 
111002	2	 	 
111002	3	 	 
111002	4	 	 
111002	5	 	 
111002	6	 	 
111002	7	 	 
111003	1	 	 
111003	2	 	 
111003	3	 	 
111003	4	 	 
111003	5	 	 
111003	6	 	 
111003	7	 	 
111004	1	 	 
111004	2	 	 
111004	3	 	 
111004	4	 	 
111004	5	 	 
111004	6	 	 
111004	7	 	 
111005	1	 	 
111005	2	 	 
111005	3	 	 
111005	4	 	 
111005	5	 	 
111005	6	 	 
111005	7	 	 
111006	1	 	 
111006	2	 	 
111006	3	 	 
111006	4	 	 
111006	5	 	 
111006	6	 	 
111006	7	 	 
111008	1	 	 
111008	2	 	 
111008	3	 	 
111008	4	 	 
111008	5	 	 
111008	6	 	 
111008	7	 	 
111009	1	 	 
111009	2	 	 
111009	3	 	 
111009	4	 	 
111009	5	 	 
111009	6	 	 
111009	7	 	 
111010	1	 	 
111010	2	 	 
111010	3	 	 
111010	4	 	 
111010	5	 	 
111010	6	 	 
111010	7	 	 
111011	1	 	 
111011	2	 	 
111011	3	 	 
111011	4	 	 
111011	5	 	 
111011	6	 	 
111011	7	 	 
111012	1	 	 
111012	2	 	 
111012	3	 	 
111012	4	 	 
111012	5	 	 
111012	6	 	 
111012	7	 	 
111013	1	0	0
111013	2	1	1
111013	3	0	0
111013	4	0	0
111013	5	0	0
111013	6	0	0
111013	7	0	0
111014	1	 	 
111014	2	 	 
111014	3	 	 
111014	4	 	 
111014	5	 	 
111014	6	 	 
111014	7	 	 
111015	1	 	 
111015	2	 	 
111015	3	 	 
111015	4	 	 
111015	5	 	 
111015	6	 	 
111015	7	 	 
111016	1	 	 
111016	2	 	 
111016	3	 	 
111016	4	 	 
111016	5	 	 
111016	6	 	 
111016	7	 	 
111018	1	1	1
111018	2	1	1
111018	3	0	0
111018	4	0	0
111018	5	0	0
111018	6	0	0
111018	7	0	0
111019	1	1	1
111019	2	1	1
111019	3	0	0
111019	4	1	0
111019	5	0	0
111019	6	0	0
111019	7	0	0
111020	1	 	 
111020	2	 	 
111020	3	 	 
111020	4	 	 
111020	5	 	 
111020	6	 	 
111020	7	 	 
111021	1	 	 
111021	2	 	 
111021	3	 	 
111021	4	 	 
111021	5	 	 
111021	6	 	 
111021	7	 	 
111022	1	 	 
111022	2	 	 
111022	3	 	 
111022	4	 	 
111022	5	 	 
111022	6	 	 
111022	7	 	 
111025	1	 	 
111025	2	 	 
111025	3	 	 
111025	4	 	 
111025	5	 	 
111025	6	 	 
111025	7	 	 
111027	1	 	 
111027	2	 	 
111027	3	 	 
111027	4	 	 
111027	5	 	 
111027	6	 	 
111027	7	 	 
111028	1	 	 
111028	2	 	 
111028	3	 	 
111028	4	 	 
111028	5	 	 
111028	6	 	 
111028	7	 	 
111030	1	 	 
111030	2	 	 
111030	3	 	 
111030	4	 	 
111030	5	 	 
111030	6	 	 
111030	7	 	 
111031	1	 	 
111031	2	 	 
111031	3	 	 
111031	4	 	 
111031	5	 	 
111031	6	 	 
111031	7	 	 
111032	1	 	 
111032	2	 	 
111032	3	 	 
111032	4	 	 
111032	5	 	 
111032	6	 	 
111032	7	 	 
111033	1	 	 
111033	2	 	 
111033	3	 	 
111033	4	 	 
111033	5	 	 
111033	6	 	 
111033	7	 	 
111034	1	 	 
111034	2	 	 
111034	3	 	 
111034	4	 	 
111034	5	 	 
111034	6	 	 
111034	7	 	 
111035	1	 	 
111035	2	 	 
111035	3	 	 
111035	4	 	 
111035	5	 	 
111035	6	 	 
111035	7	 	 
111036	1	 	 
111036	2	 	 
111036	3	 	 
111036	4	 	 
111036	5	 	 
111036	6	 	 
111036	7	 	 
111038	1	 	 
111038	2	 	 
111038	3	 	 
111038	4	 	 
111038	5	 	 
111038	6	 	 
111038	7	 	 
111039	1	 	 
111039	2	 	 
111039	3	 	 
111039	4	 	 
111039	5	 	 
111039	6	 	 
111039	7	 	 
111040	1	1	1
111040	2	0	0
111040	3	1	1
111040	4	1	1
111040	5	0	0
111040	6	0	0
111040	7	0	0
111041	1	 	 
111041	2	 	 
111041	3	 	 
111041	4	 	 
111041	5	 	 
111041	6	 	 
111041	7	 	 
111042	1	 	 
111042	2	 	 
111042	3	 	 
111042	4	 	 
111042	5	 	 
111042	6	 	 
111042	7	 	 
111043	1	 	 
111043	2	 	 
111043	3	 	 
111043	4	 	 
111043	5	 	 
111043	6	 	 
111043	7	 	 
111044	1	 	 
111044	2	 	 
111044	3	 	 
111044	4	 	 
111044	5	 	 
111044	6	 	 
111044	7	 	 
111045	1	 	 
111045	2	 	 
111045	3	 	 
111045	4	 	 
111045	5	 	 
111045	6	 	 
111045	7	 	 
111048	1	 	 
111048	2	 	 
111048	3	 	 
111048	4	 	 
111048	5	 	 
111048	6	 	 
111048	7	 	 
111050	1	 	 
111050	2	 	 
111050	3	 	 
111050	4	 	 
111050	5	 	 
111050	6	 	 
111050	7	 	 
111057	1	 	 
111057	2	 	 
111057	3	 	 
111057	4	 	 
111057	5	 	 
111057	6	 	 
111057	7	 	 
111065	1	 	 
111065	2	 	 
111065	3	 	 
111065	4	 	 
111065	5	 	 
111065	6	 	 
111065	7	 	 
111069	1	0	0
111069	2	1	1
111069	3	0	0
111069	4	0	0
111069	5	0	0
111069	6	0	0
111069	7	0	0
111086	1	 	 
111086	2	 	 
111086	3	 	 
111086	4	 	 
111086	5	 	 
111086	6	 	 
111086	7	 	 
111109	1	 	 
111109	2	 	 
111109	3	 	 
111109	4	 	 
111109	5	 	 
111109	6	 	 
111109	7	 	 
111111	1	 	 
111111	2	 	 
111111	3	 	 
111111	4	 	 
111111	5	 	 
111111	6	 	 
111111	7	 	 
111119	1	 	 
111119	2	 	 
111119	3	 	 
111119	4	 	 
111119	5	 	 
111119	6	 	 
111119	7	 	 
121001	1	 	 
121001	2	 	 
121001	3	 	 
121001	4	 	 
121001	5	 	 
121001	6	 	 
121001	7	 	 
121002	1	 	 
121002	2	 	 
121002	3	 	 
121002	4	 	 
121002	5	 	 
121002	6	 	 
121002	7	 	 
121003	1	 	 
121003	2	 	 
121003	3	 	 
121003	4	 	 
121003	5	 	 
121003	6	 	 
121003	7	 	 
121004	1	 	 
121004	2	 	 
121004	3	 	 
121004	4	 	 
121004	5	 	 
121004	6	 	 
121004	7	 	 
121005	1	0	0
121005	2	1	1
121005	3	0	0
121005	4	0	0
121005	5	0	0
121005	6	0	0
121005	7	0	0
121006	1	 	 
121006	2	 	 
121006	3	 	 
121006	4	 	 
121006	5	 	 
121006	6	 	 
121006	7	 	 
121007	1	 	 
121007	2	 	 
121007	3	 	 
121007	4	 	 
121007	5	 	 
121007	6	 	 
121007	7	 	 
121008	1	 	 
121008	2	 	 
121008	3	 	 
121008	4	 	 
121008	5	 	 
121008	6	 	 
121008	7	 	 
121009	1	 	 
121009	2	 	 
121009	3	 	 
121009	4	 	 
121009	5	 	 
121009	6	 	 
121009	7	 	 
121011	1	 	 
121011	2	 	 
121011	3	 	 
121011	4	 	 
121011	5	 	 
121011	6	 	 
121011	7	 	 
121012	1	 	 
121012	2	 	 
121012	3	 	 
121012	4	 	 
121012	5	 	 
121012	6	 	 
121012	7	 	 
121013	1	 	 
121013	2	 	 
121013	3	 	 
121013	4	 	 
121013	5	 	 
121013	6	 	 
121013	7	 	 
121014	1	0	0
121014	2	1	1
121014	3	0	0
121014	4	1	1
121014	5	0	0
121014	6	0	0
121014	7	1	1
121019	1	 	 
121019	2	 	 
121019	3	 	 
121019	4	 	 
121019	5	 	 
121019	6	 	 
121019	7	 	 
121020	1	 	 
121020	2	 	 
121020	3	 	 
121020	4	 	 
121020	5	 	 
121020	6	 	 
121020	7	 	 
121021	1	 	 
121021	2	 	 
121021	3	 	 
121021	4	 	 
121021	5	 	 
121021	6	 	 
121021	7	 	 
121022	1	 	 
121022	2	 	 
121022	3	 	 
121022	4	 	 
121022	5	 	 
121022	6	 	 
121022	7	 	 
121023	1	0	1
121023	2	1	1
121023	3	0	0
121023	4	0	0
121023	5	0	0
121023	6	0	0
121023	7	0	0
121025	1	 	 
121025	2	 	 
121025	3	 	 
121025	4	 	 
121025	5	 	 
121025	6	 	 
121025	7	 	 
121028	1	 	 
121028	2	 	 
121028	3	 	 
121028	4	 	 
121028	5	 	 
121028	6	 	 
121028	7	 	 
121030	1	 	 
121030	2	 	 
121030	3	 	 
121030	4	 	 
121030	5	 	 
121030	6	 	 
121030	7	 	 
121031	1	 	 
121031	2	 	 
121031	3	 	 
121031	4	 	 
121031	5	 	 
121031	6	 	 
121031	7	 	 
121032	1	 	 
121032	2	 	 
121032	3	 	 
121032	4	 	 
121032	5	 	 
121032	6	 	 
121032	7	 	 
121033	1	 	 
121033	2	 	 
121033	3	 	 
121033	4	 	 
121033	5	 	 
121033	6	 	 
121033	7	 	 
121034	1	 	 
121034	2	 	 
121034	3	 	 
121034	4	 	 
121034	5	 	 
121034	6	 	 
121034	7	 	 
121035	1	 	 
121035	2	 	 
121035	3	 	 
121035	4	 	 
121035	5	 	 
121035	6	 	 
121035	7	 	 
121036	1	 	 
121036	2	 	 
121036	3	 	 
121036	4	 	 
121036	5	 	 
121036	6	 	 
121036	7	 	 
121037	1	 	 
121037	2	 	 
121037	3	 	 
121037	4	 	 
121037	5	 	 
121037	6	 	 
121037	7	 	 
121038	1	 	 
121038	2	 	 
121038	3	 	 
121038	4	 	 
121038	5	 	 
121038	6	 	 
121038	7	 	 
121039	1	 	 
121039	2	 	 
121039	3	 	 
121039	4	 	 
121039	5	 	 
121039	6	 	 
121039	7	 	 
121040	1	 	 
121040	2	 	 
121040	3	 	 
121040	4	 	 
121040	5	 	 
121040	6	 	 
121040	7	 	 
121041	1	 	 
121041	2	 	 
121041	3	 	 
121041	4	 	 
121041	5	 	 
121041	6	 	 
121041	7	 	 
121042	1	 	 
121042	2	 	 
121042	3	 	 
121042	4	 	 
121042	5	 	 
121042	6	 	 
121042	7	 	 
121043	1	 	 
121043	2	 	 
121043	3	 	 
121043	4	 	 
121043	5	 	 
121043	6	 	 
121043	7	 	 
121044	1	0	0
121044	2	1	1
121044	3	0	0
121044	4	0	0
121044	5	0	0
121044	6	0	0
121044	7	0	0
121045	1	 	 
121045	2	 	 
121045	3	 	 
121045	4	 	 
121045	5	 	 
121045	6	 	 
121045	7	 	 
121047	1	 	 
121047	2	 	 
121047	3	 	 
121047	4	 	 
121047	5	 	 
121047	6	 	 
121047	7	 	 
121048	1	 	 
121048	2	 	 
121048	3	 	 
121048	4	 	 
121048	5	 	 
121048	6	 	 
121048	7	 	 
121049	1	 	 
121049	2	 	 
121049	3	 	 
121049	4	 	 
121049	5	 	 
121049	6	 	 
121049	7	 	 
121050	1	 	 
121050	2	 	 
121050	3	 	 
121050	4	 	 
121050	5	 	 
121050	6	 	 
121050	7	 	 
121052	1	 	 
121052	2	 	 
121052	3	 	 
121052	4	 	 
121052	5	 	 
121052	6	 	 
121052	7	 	 
121057	1	 	 
121057	2	 	 
121057	3	 	 
121057	4	 	 
121057	5	 	 
121057	6	 	 
121057	7	 	 
121061	1	0	1
121061	2	1	1
121061	3	0	0
121061	4	1	1
121061	5	0	0
121061	6	0	0
121061	7	1	0
121063	1	 	 
121063	2	 	 
121063	3	 	 
121063	4	 	 
121063	5	 	 
121063	6	 	 
121063	7	 	 
121074	1	 	 
121074	2	 	 
121074	3	 	 
121074	4	 	 
121074	5	 	 
121074	6	 	 
121074	7	 	 
121088	1	 	 
121088	2	 	 
121088	3	 	 
121088	4	 	 
121088	5	 	 
121088	6	 	 
121088	7	 	 
121094	1	 	 
121094	2	 	 
121094	3	 	 
121094	4	 	 
121094	5	 	 
121094	6	 	 
121094	7	 	 
121109	1	 	 
121109	2	 	 
121109	3	 	 
121109	4	 	 
121109	5	 	 
121109	6	 	 
121109	7	 	 
121124	1	 	 
121124	2	 	 
121124	3	 	 
121124	4	 	 
121124	5	 	 
121124	6	 	 
121124	7	 	 
121126	1	 	 
121126	2	 	 
121126	3	 	 
121126	4	 	 
121126	5	 	 
121126	6	 	 
121126	7	 	 
131001	1	 	 
131001	2	 	 
131001	3	 	 
131001	4	 	 
131001	5	 	 
131001	6	 	 
131001	7	 	 
131002	1	0	0
131002	2	1	1
131002	3	1	1
131002	4	1	1
131002	5	0	0
131002	6	1	1
131002	7	1	1
131003	1	1	1
131003	2	1	1
131003	3	0	0
131003	4	0	0
131003	5	0	0
131003	6	0	0
131003	7	0	0
131004	1	 	 
131004	2	 	 
131004	3	 	 
131004	4	 	 
131004	5	 	 
131004	6	 	 
131004	7	 	 
131005	1	 	 
131005	2	 	 
131005	3	 	 
131005	4	 	 
131005	5	 	 
131005	6	 	 
131005	7	 	 
131006	1	 	 
131006	2	 	 
131006	3	 	 
131006	4	 	 
131006	5	 	 
131006	6	 	 
131006	7	 	 
131007	1	0	0
131007	2	1	1
131007	3	0	0
131007	4	0	0
131007	5	0	0
131007	6	0	0
131007	7	0	0
131008	1	0	1
131008	2	1	1
131008	3	0	0
131008	4	0	0
131008	5	0	0
131008	6	0	0
131008	7	0	0
131009	1	 	 
131009	2	 	 
131009	3	 	 
131009	4	 	 
131009	5	 	 
131009	6	 	 
131009	7	 	 
131010	1	1	1
131010	2	1	1
131010	3	0	0
131010	4	0	0
131010	5	0	0
131010	6	0	0
131010	7	0	0
131011	1	 	 
131011	2	 	 
131011	3	 	 
131011	4	 	 
131011	5	 	 
131011	6	 	 
131011	7	 	 
131012	1	 	 
131012	2	 	 
131012	3	 	 
131012	4	 	 
131012	5	 	 
131012	6	 	 
131012	7	 	 
131013	1	0	0
131013	2	1	1
131013	3	1	1
131013	4	0	0
131013	5	1	1
131013	6	1	0
131013	7	0	0
131014	1	0	0
131014	2	1	1
131014	3	0	0
131014	4	0	0
131014	5	0	0
131014	6	0	0
131014	7	0	0
131017	1	1	1
131017	2	1	1
131017	3	0	0
131017	4	1	1
131017	5	0	0
131017	6	0	0
131017	7	0	0
131019	1	 	 
131019	2	 	 
131019	3	 	 
131019	4	 	 
131019	5	 	 
131019	6	 	 
131019	7	 	 
131020	1	 	 
131020	2	 	 
131020	3	 	 
131020	4	 	 
131020	5	 	 
131020	6	 	 
131020	7	 	 
131021	1	 	 
131021	2	 	 
131021	3	 	 
131021	4	 	 
131021	5	 	 
131021	6	 	 
131021	7	 	 
131022	1	 	 
131022	2	 	 
131022	3	 	 
131022	4	 	 
131022	5	 	 
131022	6	 	 
131022	7	 	 
131023	1	0	0
131023	2	1	1
131023	3	1	1
131023	4	0	0
131023	5	0	0
131023	6	0	0
131023	7	0	0
131024	1	 	 
131024	2	 	 
131024	3	 	 
131024	4	 	 
131024	5	 	 
131024	6	 	 
131024	7	 	 
131025	1	 	 
131025	2	 	 
131025	3	 	 
131025	4	 	 
131025	5	 	 
131025	6	 	 
131025	7	 	 
131026	1	 	 
131026	2	 	 
131026	3	 	 
131026	4	 	 
131026	5	 	 
131026	6	 	 
131026	7	 	 
131027	1	 	 
131027	2	 	 
131027	3	 	 
131027	4	 	 
131027	5	 	 
131027	6	 	 
131027	7	 	 
131028	1	1	1
131028	2	1	1
131028	3	0	0
131028	4	0	0
131028	5	0	0
131028	6	0	0
131028	7	0	0
131030	1	 	 
131030	2	 	 
131030	3	 	 
131030	4	 	 
131030	5	 	 
131030	6	 	 
131030	7	 	 
131031	1	0	1
131031	2	1	1
131031	3	1	1
131031	4	0	0
131031	5	0	0
131031	6	1	0
131031	7	0	0
131033	1	 	 
131033	2	 	 
131033	3	 	 
131033	4	 	 
131033	5	 	 
131033	6	 	 
131033	7	 	 
131036	1	 	 
131036	2	 	 
131036	3	 	 
131036	4	 	 
131036	5	 	 
131036	6	 	 
131036	7	 	 
131037	1	0	0
131037	2	1	1
131037	3	1	1
131037	4	0	0
131037	5	0	0
131037	6	1	1
131037	7	0	0
131038	1	 	 
131038	2	 	 
131038	3	 	 
131038	4	 	 
131038	5	 	 
131038	6	 	 
131038	7	 	 
131039	1	 	 
131039	2	 	 
131039	3	 	 
131039	4	 	 
131039	5	 	 
131039	6	 	 
131039	7	 	 
131040	1	 	 
131040	2	 	 
131040	3	 	 
131040	4	 	 
131040	5	 	 
131040	6	 	 
131040	7	 	 
131041	1	1	1
131041	2	1	1
131041	3	0	0
131041	4	0	0
131041	5	0	0
131041	6	0	0
131041	7	0	0
131042	1	 	 
131042	2	 	 
131042	3	 	 
131042	4	 	 
131042	5	 	 
131042	6	 	 
131042	7	 	 
131043	1	 	 
131043	2	 	 
131043	3	 	 
131043	4	 	 
131043	5	 	 
131043	6	 	 
131043	7	 	 
131044	1	0	0
131044	2	1	1
131044	3	1	1
131044	4	0	0
131044	5	0	0
131044	6	0	0
131044	7	0	0
131045	1	 	 
131045	2	 	 
131045	3	 	 
131045	4	 	 
131045	5	 	 
131045	6	 	 
131045	7	 	 
131046	1	 	 
131046	2	 	 
131046	3	 	 
131046	4	 	 
131046	5	 	 
131046	6	 	 
131046	7	 	 
131047	1	 	 
131047	2	 	 
131047	3	 	 
131047	4	 	 
131047	5	 	 
131047	6	 	 
131047	7	 	 
131048	1	 	 
131048	2	 	 
131048	3	 	 
131048	4	 	 
131048	5	 	 
131048	6	 	 
131048	7	 	 
131050	1	 	 
131050	2	 	 
131050	3	 	 
131050	4	 	 
131050	5	 	 
131050	6	 	 
131050	7	 	 
131051	1	0	0
131051	2	1	1
131051	3	1	1
131051	4	0	0
131051	5	0	0
131051	6	0	0
131051	7	0	0
131053	1	 	 
131053	2	 	 
131053	3	 	 
131053	4	 	 
131053	5	 	 
131053	6	 	 
131053	7	 	 
131054	1	 	 
131054	2	 	 
131054	3	 	 
131054	4	 	 
131054	5	 	 
131054	6	 	 
131054	7	 	 
131055	1	 	 
131055	2	 	 
131055	3	 	 
131055	4	 	 
131055	5	 	 
131055	6	 	 
131055	7	 	 
131058	1	 	 
131058	2	 	 
131058	3	 	 
131058	4	 	 
131058	5	 	 
131058	6	 	 
131058	7	 	 
141001	1	 	 
141001	2	 	 
141001	3	 	 
141001	4	 	 
141001	5	 	 
141001	6	 	 
141001	7	 	 
141002	1	 	 
141002	2	 	 
141002	3	 	 
141002	4	 	 
141002	5	 	 
141002	6	 	 
141002	7	 	 
141003	1	 	 
141003	2	 	 
141003	3	 	 
141003	4	 	 
141003	5	 	 
141003	6	 	 
141003	7	 	 
141004	1	 	 
141004	2	 	 
141004	3	 	 
141004	4	 	 
141004	5	 	 
141004	6	 	 
141004	7	 	 
141005	1	 	 
141005	2	 	 
141005	3	 	 
141005	4	 	 
141005	5	 	 
141005	6	 	 
141005	7	 	 
141006	1	 	 
141006	2	 	 
141006	3	 	 
141006	4	 	 
141006	5	 	 
141006	6	 	 
141006	7	 	 
141007	1	 	 
141007	2	 	 
141007	3	 	 
141007	4	 	 
141007	5	 	 
141007	6	 	 
141007	7	 	 
141009	1	 	 
141009	2	 	 
141009	3	 	 
141009	4	 	 
141009	5	 	 
141009	6	 	 
141009	7	 	 
141010	1	 	 
141010	2	 	 
141010	3	 	 
141010	4	 	 
141010	5	 	 
141010	6	 	 
141010	7	 	 
141011	1	0	0
141011	2	1	1
141011	3	0	0
141011	4	0	0
141011	5	0	0
141011	6	0	0
141011	7	0	0
141012	1	 	 
141012	2	 	 
141012	3	 	 
141012	4	 	 
141012	5	 	 
141012	6	 	 
141012	7	 	 
141013	1	0	0
141013	2	1	1
141013	3	0	0
141013	4	0	0
141013	5	0	0
141013	6	0	0
141013	7	0	0
141014	1	 	 
141014	2	 	 
141014	3	 	 
141014	4	 	 
141014	5	 	 
141014	6	 	 
141014	7	 	 
141015	1	 	 
141015	2	 	 
141015	3	 	 
141015	4	 	 
141015	5	 	 
141015	6	 	 
141015	7	 	 
141016	1	 	 
141016	2	 	 
141016	3	 	 
141016	4	 	 
141016	5	 	 
141016	6	 	 
141016	7	 	 
141017	1	 	 
141017	2	 	 
141017	3	 	 
141017	4	 	 
141017	5	 	 
141017	6	 	 
141017	7	 	 
141018	1	0	0
141018	2	1	1
141018	3	0	0
141018	4	0	0
141018	5	0	0
141018	6	0	0
141018	7	0	0
141019	1	 	 
141019	2	 	 
141019	3	 	 
141019	4	 	 
141019	5	 	 
141019	6	 	 
141019	7	 	 
141020	1	 	 
141020	2	 	 
141020	3	 	 
141020	4	 	 
141020	5	 	 
141020	6	 	 
141020	7	 	 
141025	1	0	0
141025	2	1	1
141025	3	0	0
141025	4	0	0
141025	5	0	0
141025	6	0	0
141025	7	0	0
141026	1	0	0
141026	2	1	1
141026	3	0	0
141026	4	1	1
141026	5	0	0
141026	6	0	0
141026	7	0	0
141027	1	1	1
141027	2	0	0
141027	3	1	1
141027	4	0	0
141027	5	0	0
141027	6	0	0
141027	7	0	0
141028	1	 	 
141028	2	 	 
141028	3	 	 
141028	4	 	 
141028	5	 	 
141028	6	 	 
141028	7	 	 
141029	1	 	 
141029	2	 	 
141029	3	 	 
141029	4	 	 
141029	5	 	 
141029	6	 	 
141029	7	 	 
141030	1	 	 
141030	2	 	 
141030	3	 	 
141030	4	 	 
141030	5	 	 
141030	6	 	 
141030	7	 	 
141031	1	 	 
141031	2	 	 
141031	3	 	 
141031	4	 	 
141031	5	 	 
141031	6	 	 
141031	7	 	 
141032	1	 	 
141032	2	 	 
141032	3	 	 
141032	4	 	 
141032	5	 	 
141032	6	 	 
141032	7	 	 
141033	1	1	1
141033	2	1	1
141033	3	0	0
141033	4	0	0
141033	5	1	1
141033	6	0	0
141033	7	0	0
141034	1	 	 
141034	2	 	 
141034	3	 	 
141034	4	 	 
141034	5	 	 
141034	6	 	 
141034	7	 	 
141035	1	0	1
141035	2	1	1
141035	3	0	0
141035	4	0	0
141035	5	0	0
141035	6	0	0
141035	7	0	0
141036	1	 	 
141036	2	 	 
141036	3	 	 
141036	4	 	 
141036	5	 	 
141036	6	 	 
141036	7	 	 
141037	1	 	 
141037	2	 	 
141037	3	 	 
141037	4	 	 
141037	5	 	 
141037	6	 	 
141037	7	 	 
141039	1	0	1
141039	2	1	1
141039	3	0	0
141039	4	0	0
141039	5	0	0
141039	6	0	0
141039	7	1	1
141040	1	 	 
141040	2	 	 
141040	3	 	 
141040	4	 	 
141040	5	 	 
141040	6	 	 
141040	7	 	 
141041	1	 	 
141041	2	 	 
141041	3	 	 
141041	4	 	 
141041	5	 	 
141041	6	 	 
141041	7	 	 
141042	1	 	 
141042	2	 	 
141042	3	 	 
141042	4	 	 
141042	5	 	 
141042	6	 	 
141042	7	 	 
141043	1	 	 
141043	2	 	 
141043	3	 	 
141043	4	 	 
141043	5	 	 
141043	6	 	 
141043	7	 	 
141044	1	 	 
141044	2	 	 
141044	3	 	 
141044	4	 	 
141044	5	 	 
141044	6	 	 
141044	7	 	 
141045	1	 	 
141045	2	 	 
141045	3	 	 
141045	4	 	 
141045	5	 	 
141045	6	 	 
141045	7	 	 
141047	1	 	 
141047	2	 	 
141047	3	 	 
141047	4	 	 
141047	5	 	 
141047	6	 	 
141047	7	 	 
141048	1	 	 
141048	2	 	 
141048	3	 	 
141048	4	 	 
141048	5	 	 
141048	6	 	 
141048	7	 	 
141049	1	 	 
141049	2	 	 
141049	3	 	 
141049	4	 	 
141049	5	 	 
141049	6	 	 
141049	7	 	 
141050	1	 	 
141050	2	 	 
141050	3	 	 
141050	4	 	 
141050	5	 	 
141050	6	 	 
141050	7	 	 
141051	1	 	 
141051	2	 	 
141051	3	 	 
141051	4	 	 
141051	5	 	 
141051	6	 	 
141051	7	 	 
141052	1	 	 
141052	2	 	 
141052	3	 	 
141052	4	 	 
141052	5	 	 
141052	6	 	 
141052	7	 	 
141062	1	 	 
141062	2	 	 
141062	3	 	 
141062	4	 	 
141062	5	 	 
141062	6	 	 
141062	7	 	 
141066	1	 	 
141066	2	 	 
141066	3	 	 
141066	4	 	 
141066	5	 	 
141066	6	 	 
141066	7	 	 
141073	1	0	0
141073	2	1	1
141073	3	0	0
141073	4	0	0
141073	5	0	1
141073	6	0	0
141073	7	0	0
141076	1	 	 
141076	2	 	 
141076	3	 	 
141076	4	 	 
141076	5	 	 
141076	6	 	 
141076	7	 	 
151001	1	1	1
151001	2	1	1
151001	3	0	0
151001	4	0	0
151001	5	0	0
151001	6	0	0
151001	7	0	0
151002	1	 	 
151002	2	 	 
151002	3	 	 
151002	4	 	 
151002	5	 	 
151002	6	 	 
151002	7	 	 
151003	1	 	 
151003	2	 	 
151003	3	 	 
151003	4	 	 
151003	5	 	 
151003	6	 	 
151003	7	 	 
151004	1	 	 
151004	2	 	 
151004	3	 	 
151004	4	 	 
151004	5	 	 
151004	6	 	 
151004	7	 	 
151005	1	 	 
151005	2	 	 
151005	3	 	 
151005	4	 	 
151005	5	 	 
151005	6	 	 
151005	7	 	 
151006	1	 	 
151006	2	 	 
151006	3	 	 
151006	4	 	 
151006	5	 	 
151006	6	 	 
151006	7	 	 
151007	1	 	 
151007	2	 	 
151007	3	 	 
151007	4	 	 
151007	5	 	 
151007	6	 	 
151007	7	 	 
151010	1	 	 
151010	2	 	 
151010	3	 	 
151010	4	 	 
151010	5	 	 
151010	6	 	 
151010	7	 	 
151011	1	 	 
151011	2	 	 
151011	3	 	 
151011	4	 	 
151011	5	 	 
151011	6	 	 
151011	7	 	 
151012	1	 	 
151012	2	 	 
151012	3	 	 
151012	4	 	 
151012	5	 	 
151012	6	 	 
151012	7	 	 
151013	1	 	 
151013	2	 	 
151013	3	 	 
151013	4	 	 
151013	5	 	 
151013	6	 	 
151013	7	 	 
151015	1	 	 
151015	2	 	 
151015	3	 	 
151015	4	 	 
151015	5	 	 
151015	6	 	 
151015	7	 	 
151016	1	 	 
151016	2	 	 
151016	3	 	 
151016	4	 	 
151016	5	 	 
151016	6	 	 
151016	7	 	 
151017	1	 	 
151017	2	 	 
151017	3	 	 
151017	4	 	 
151017	5	 	 
151017	6	 	 
151017	7	 	 
151018	1	 	 
151018	2	 	 
151018	3	 	 
151018	4	 	 
151018	5	 	 
151018	6	 	 
151018	7	 	 
151019	1	 	 
151019	2	 	 
151019	3	 	 
151019	4	 	 
151019	5	 	 
151019	6	 	 
151019	7	 	 
151020	1	 	 
151020	2	 	 
151020	3	 	 
151020	4	 	 
151020	5	 	 
151020	6	 	 
151020	7	 	 
151021	1	 	 
151021	2	 	 
151021	3	 	 
151021	4	 	 
151021	5	 	 
151021	6	 	 
151021	7	 	 
151022	1	0	0
151022	2	1	1
151022	3	0	0
151022	4	0	0
151022	5	0	0
151022	6	0	0
151022	7	0	0
151023	1	 	 
151023	2	 	 
151023	3	 	 
151023	4	 	 
151023	5	 	 
151023	6	 	 
151023	7	 	 
151024	1	1	1
151024	2	1	1
151024	3	0	0
151024	4	1	1
151024	5	0	0
151024	6	0	0
151024	7	0	0
151025	1	0	0
151025	2	1	1
151025	3	0	0
151025	4	0	0
151025	5	0	0
151025	6	0	0
151025	7	0	0
151028	1	 	 
151028	2	 	 
151028	3	 	 
151028	4	 	 
151028	5	 	 
151028	6	 	 
151028	7	 	 
151029	1	 	 
151029	2	 	 
151029	3	 	 
151029	4	 	 
151029	5	 	 
151029	6	 	 
151029	7	 	 
151030	1	 	 
151030	2	 	 
151030	3	 	 
151030	4	 	 
151030	5	 	 
151030	6	 	 
151030	7	 	 
151031	1	 	 
151031	2	 	 
151031	3	 	 
151031	4	 	 
151031	5	 	 
151031	6	 	 
151031	7	 	 
151032	1	0	0
151032	2	1	1
151032	3	0	0
151032	4	0	0
151032	5	0	0
151032	6	0	0
151032	7	0	0
151034	1	 	 
151034	2	 	 
151034	3	 	 
151034	4	 	 
151034	5	 	 
151034	6	 	 
151034	7	 	 
151035	1	 	 
151035	2	 	 
151035	3	 	 
151035	4	 	 
151035	5	 	 
151035	6	 	 
151035	7	 	 
151036	1	 	 
151036	2	 	 
151036	3	 	 
151036	4	 	 
151036	5	 	 
151036	6	 	 
151036	7	 	 
151037	1	 	 
151037	2	 	 
151037	3	 	 
151037	4	 	 
151037	5	 	 
151037	6	 	 
151037	7	 	 
151038	1	 	 
151038	2	 	 
151038	3	 	 
151038	4	 	 
151038	5	 	 
151038	6	 	 
151038	7	 	 
151039	1	0	0
151039	2	1	1
151039	3	0	0
151039	4	0	0
151039	5	0	0
151039	6	0	0
151039	7	0	0
151040	1	 	 
151040	2	 	 
151040	3	 	 
151040	4	 	 
151040	5	 	 
151040	6	 	 
151040	7	 	 
151041	1	 	 
151041	2	 	 
151041	3	 	 
151041	4	 	 
151041	5	 	 
151041	6	 	 
151041	7	 	 
151043	1	 	 
151043	2	 	 
151043	3	 	 
151043	4	 	 
151043	5	 	 
151043	6	 	 
151043	7	 	 
151044	1	 	 
151044	2	 	 
151044	3	 	 
151044	4	 	 
151044	5	 	 
151044	6	 	 
151044	7	 	 
151045	1	 	 
151045	2	 	 
151045	3	 	 
151045	4	 	 
151045	5	 	 
151045	6	 	 
151045	7	 	 
151046	1	 	 
151046	2	 	 
151046	3	 	 
151046	4	 	 
151046	5	 	 
151046	6	 	 
151046	7	 	 
151047	1	 	 
151047	2	 	 
151047	3	 	 
151047	4	 	 
151047	5	 	 
151047	6	 	 
151047	7	 	 
151049	1	 	 
151049	2	 	 
151049	3	 	 
151049	4	 	 
151049	5	 	 
151049	6	 	 
151049	7	 	 
151051	1	 	 
151051	2	 	 
151051	3	 	 
151051	4	 	 
151051	5	 	 
151051	6	 	 
151051	7	 	 
151075	1	 	 
151075	2	 	 
151075	3	 	 
151075	4	 	 
151075	5	 	 
151075	6	 	 
151075	7	 	 
151079	1	 	 
151079	2	 	 
151079	3	 	 
151079	4	 	 
151079	5	 	 
151079	6	 	 
151079	7	 	 
151081	1	 	 
151081	2	 	 
151081	3	 	 
151081	4	 	 
151081	5	 	 
151081	6	 	 
151081	7	 	 
151082	1	 	 
151082	2	 	 
151082	3	 	 
151082	4	 	 
151082	5	 	 
151082	6	 	 
151082	7	 	 
161001	1	 	 
161001	2	 	 
161001	3	 	 
161001	4	 	 
161001	5	 	 
161001	6	 	 
161001	7	 	 
161002	1	 	 
161002	2	 	 
161002	3	 	 
161002	4	 	 
161002	5	 	 
161002	6	 	 
161002	7	 	 
161003	1	 	 
161003	2	 	 
161003	3	 	 
161003	4	 	 
161003	5	 	 
161003	6	 	 
161003	7	 	 
161004	1	 	 
161004	2	 	 
161004	3	 	 
161004	4	 	 
161004	5	 	 
161004	6	 	 
161004	7	 	 
161005	1	 	 
161005	2	 	 
161005	3	 	 
161005	4	 	 
161005	5	 	 
161005	6	 	 
161005	7	 	 
161007	1	 	 
161007	2	 	 
161007	3	 	 
161007	4	 	 
161007	5	 	 
161007	6	 	 
161007	7	 	 
161008	1	 	 
161008	2	 	 
161008	3	 	 
161008	4	 	 
161008	5	 	 
161008	6	 	 
161008	7	 	 
161009	1	 	 
161009	2	 	 
161009	3	 	 
161009	4	 	 
161009	5	 	 
161009	6	 	 
161009	7	 	 
161010	1	 	 
161010	2	 	 
161010	3	 	 
161010	4	 	 
161010	5	 	 
161010	6	 	 
161010	7	 	 
161011	1	 	 
161011	2	 	 
161011	3	 	 
161011	4	 	 
161011	5	 	 
161011	6	 	 
161011	7	 	 
161012	1	 	 
161012	2	 	 
161012	3	 	 
161012	4	 	 
161012	5	 	 
161012	6	 	 
161012	7	 	 
161014	1	 	 
161014	2	 	 
161014	3	 	 
161014	4	 	 
161014	5	 	 
161014	6	 	 
161014	7	 	 
161015	1	 	 
161015	2	 	 
161015	3	 	 
161015	4	 	 
161015	5	 	 
161015	6	 	 
161015	7	 	 
161016	1	 	 
161016	2	 	 
161016	3	 	 
161016	4	 	 
161016	5	 	 
161016	6	 	 
161016	7	 	 
161018	1	 	 
161018	2	 	 
161018	3	 	 
161018	4	 	 
161018	5	 	 
161018	6	 	 
161018	7	 	 
161019	1	 	 
161019	2	 	 
161019	3	 	 
161019	4	 	 
161019	5	 	 
161019	6	 	 
161019	7	 	 
161020	1	 	 
161020	2	 	 
161020	3	 	 
161020	4	 	 
161020	5	 	 
161020	6	 	 
161020	7	 	 
161021	1	 	 
161021	2	 	 
161021	3	 	 
161021	4	 	 
161021	5	 	 
161021	6	 	 
161021	7	 	 
161022	1	 	 
161022	2	 	 
161022	3	 	 
161022	4	 	 
161022	5	 	 
161022	6	 	 
161022	7	 	 
161023	1	 	 
161023	2	 	 
161023	3	 	 
161023	4	 	 
161023	5	 	 
161023	6	 	 
161023	7	 	 
161024	1	 	 
161024	2	 	 
161024	3	 	 
161024	4	 	 
161024	5	 	 
161024	6	 	 
161024	7	 	 
161025	1	0	1
161025	2	1	1
161025	3	0	0
161025	4	0	0
161025	5	0	0
161025	6	0	0
161025	7	0	0
161026	1	 	 
161026	2	 	 
161026	3	 	 
161026	4	 	 
161026	5	 	 
161026	6	 	 
161026	7	 	 
161027	1	 	 
161027	2	 	 
161027	3	 	 
161027	4	 	 
161027	5	 	 
161027	6	 	 
161027	7	 	 
161028	1	 	 
161028	2	 	 
161028	3	 	 
161028	4	 	 
161028	5	 	 
161028	6	 	 
161028	7	 	 
161029	1	 	 
161029	2	 	 
161029	3	 	 
161029	4	 	 
161029	5	 	 
161029	6	 	 
161029	7	 	 
161030	1	 	 
161030	2	 	 
161030	3	 	 
161030	4	 	 
161030	5	 	 
161030	6	 	 
161030	7	 	 
161031	1	 	 
161031	2	 	 
161031	3	 	 
161031	4	 	 
161031	5	 	 
161031	6	 	 
161031	7	 	 
161032	1	 	 
161032	2	 	 
161032	3	 	 
161032	4	 	 
161032	5	 	 
161032	6	 	 
161032	7	 	 
161033	1	 	 
161033	2	 	 
161033	3	 	 
161033	4	 	 
161033	5	 	 
161033	6	 	 
161033	7	 	 
161034	1	 	 
161034	2	 	 
161034	3	 	 
161034	4	 	 
161034	5	 	 
161034	6	 	 
161034	7	 	 
161035	1	 	 
161035	2	 	 
161035	3	 	 
161035	4	 	 
161035	5	 	 
161035	6	 	 
161035	7	 	 
161036	1	 	 
161036	2	 	 
161036	3	 	 
161036	4	 	 
161036	5	 	 
161036	6	 	 
161036	7	 	 
161038	1	 	 
161038	2	 	 
161038	3	 	 
161038	4	 	 
161038	5	 	 
161038	6	 	 
161038	7	 	 
161039	1	1	1
161039	2	0	1
161039	3	1	1
161039	4	0	1
161039	5	1	0
161039	6	0	0
161039	7	0	0
161040	1	 	 
161040	2	 	 
161040	3	 	 
161040	4	 	 
161040	5	 	 
161040	6	 	 
161040	7	 	 
161041	1	 	 
161041	2	 	 
161041	3	 	 
161041	4	 	 
161041	5	 	 
161041	6	 	 
161041	7	 	 
161042	1	 	 
161042	2	 	 
161042	3	 	 
161042	4	 	 
161042	5	 	 
161042	6	 	 
161042	7	 	 
161043	1	 	 
161043	2	 	 
161043	3	 	 
161043	4	 	 
161043	5	 	 
161043	6	 	 
161043	7	 	 
161044	1	 	 
161044	2	 	 
161044	3	 	 
161044	4	 	 
161044	5	 	 
161044	6	 	 
161044	7	 	 
161045	1	 	 
161045	2	 	 
161045	3	 	 
161045	4	 	 
161045	5	 	 
161045	6	 	 
161045	7	 	 
161046	1	 	 
161046	2	 	 
161046	3	 	 
161046	4	 	 
161046	5	 	 
161046	6	 	 
161046	7	 	 
161047	1	 	 
161047	2	 	 
161047	3	 	 
161047	4	 	 
161047	5	 	 
161047	6	 	 
161047	7	 	 
161048	1	0	0
161048	2	1	1
161048	3	0	0
161048	4	0	0
161048	5	0	1
161048	6	0	0
161048	7	0	1
161049	1	 	 
161049	2	 	 
161049	3	 	 
161049	4	 	 
161049	5	 	 
161049	6	 	 
161049	7	 	 
161050	1	 	 
161050	2	 	 
161050	3	 	 
161050	4	 	 
161050	5	 	 
161050	6	 	 
161050	7	 	 
171003	1	 	 
171003	2	 	 
171003	3	 	 
171003	4	 	 
171003	5	 	 
171003	6	 	 
171003	7	 	 
171004	1	0	1
171004	2	1	0
171004	3	0	0
171004	4	1	1
171004	5	1	0
171004	6	0	0
171004	7	0	0
171005	1	 	 
171005	2	 	 
171005	3	 	 
171005	4	 	 
171005	5	 	 
171005	6	 	 
171005	7	 	 
171006	1	 	 
171006	2	 	 
171006	3	 	 
171006	4	 	 
171006	5	 	 
171006	6	 	 
171006	7	 	 
171007	1	 	 
171007	2	 	 
171007	3	 	 
171007	4	 	 
171007	5	 	 
171007	6	 	 
171007	7	 	 
171008	1	0	0
171008	2	1	1
171008	3	0	0
171008	4	0	0
171008	5	0	0
171008	6	0	0
171008	7	0	0
171009	1	 	 
171009	2	 	 
171009	3	 	 
171009	4	 	 
171009	5	 	 
171009	6	 	 
171009	7	 	 
171011	1	0	1
171011	2	1	1
171011	3	1	1
171011	4	0	0
171011	5	0	0
171011	6	0	0
171011	7	0	0
171012	1	 	 
171012	2	 	 
171012	3	 	 
171012	4	 	 
171012	5	 	 
171012	6	 	 
171012	7	 	 
171013	1	 	 
171013	2	 	 
171013	3	 	 
171013	4	 	 
171013	5	 	 
171013	6	 	 
171013	7	 	 
171014	1	0	1
171014	2	1	0
171014	3	0	0
171014	4	0	0
171014	5	0	0
171014	6	0	0
171014	7	0	0
171015	1	 	 
171015	2	 	 
171015	3	 	 
171015	4	 	 
171015	5	 	 
171015	6	 	 
171015	7	 	 
171017	1	0	0
171017	2	1	1
171017	3	0	0
171017	4	0	0
171017	5	0	0
171017	6	0	0
171017	7	0	0
171018	1	 	 
171018	2	 	 
171018	3	 	 
171018	4	 	 
171018	5	 	 
171018	6	 	 
171018	7	 	 
171019	1	 	 
171019	2	 	 
171019	3	 	 
171019	4	 	 
171019	5	 	 
171019	6	 	 
171019	7	 	 
171020	1	0	0
171020	2	0	1
171020	3	0	0
171020	4	0	0
171020	5	0	0
171020	6	0	0
171020	7	0	0
171021	1	 	 
171021	2	 	 
171021	3	 	 
171021	4	 	 
171021	5	 	 
171021	6	 	 
171021	7	 	 
171022	1	 	 
171022	2	 	 
171022	3	 	 
171022	4	 	 
171022	5	 	 
171022	6	 	 
171022	7	 	 
171023	1	 	 
171023	2	 	 
171023	3	 	 
171023	4	 	 
171023	5	 	 
171023	6	 	 
171023	7	 	 
171024	1	0	0
171024	2	1	1
171024	3	0	0
171024	4	0	0
171024	5	0	0
171024	6	0	0
171024	7	0	0
171025	1	 	 
171025	2	 	 
171025	3	 	 
171025	4	 	 
171025	5	 	 
171025	6	 	 
171025	7	 	 
171026	1	 	 
171026	2	 	 
171026	3	 	 
171026	4	 	 
171026	5	 	 
171026	6	 	 
171026	7	 	 
171027	1	0	1
171027	2	1	1
171027	3	0	1
171027	4	0	0
171027	5	0	0
171027	6	0	0
171027	7	0	0
171030	1	0	0
171030	2	1	1
171030	3	0	0
171030	4	0	1
171030	5	0	0
171030	6	1	1
171030	7	0	0
171031	1	 	 
171031	2	 	 
171031	3	 	 
171031	4	 	 
171031	5	 	 
171031	6	 	 
171031	7	 	 
171033	1	0	0
171033	2	1	1
171033	3	0	1
171033	4	0	0
171033	5	0	0
171033	6	1	1
171033	7	0	0
171034	1	 	 
171034	2	 	 
171034	3	 	 
171034	4	 	 
171034	5	 	 
171034	6	 	 
171034	7	 	 
171035	1	 	 
171035	2	 	 
171035	3	 	 
171035	4	 	 
171035	5	 	 
171035	6	 	 
171035	7	 	 
171037	1	0	0
171037	2	1	1
171037	3	1	0
171037	4	1	0
171037	5	1	0
171037	6	1	0
171037	7	1	0
171038	1	 	 
171038	2	 	 
171038	3	 	 
171038	4	 	 
171038	5	 	 
171038	6	 	 
171038	7	 	 
171040	1	 	 
171040	2	 	 
171040	3	 	 
171040	4	 	 
171040	5	 	 
171040	6	 	 
171040	7	 	 
171041	1	 	 
171041	2	 	 
171041	3	 	 
171041	4	 	 
171041	5	 	 
171041	6	 	 
171041	7	 	 
171042	1	0	1
171042	2	1	1
171042	3	0	0
171042	4	0	0
171042	5	0	0
171042	6	0	0
171042	7	0	0
171043	1	1	1
171043	2	1	0
171043	3	0	0
171043	4	0	0
171043	5	0	0
171043	6	0	0
171043	7	0	0
171044	1	 	 
171044	2	 	 
171044	3	 	 
171044	4	 	 
171044	5	 	 
171044	6	 	 
171044	7	 	 
171045	1	0	0
171045	2	1	0
171045	3	0	0
171045	4	0	0
171045	5	0	0
171045	6	0	0
171045	7	0	0
171046	1	0	1
171046	2	1	0
171046	3	1	0
171046	4	0	0
171046	5	0	0
171046	6	0	0
171046	7	0	0
171047	1	 	 
171047	2	 	 
171047	3	 	 
171047	4	 	 
171047	5	 	 
171047	6	 	 
171047	7	 	 
171048	1	 	 
171048	2	 	 
171048	3	 	 
171048	4	 	 
171048	5	 	 
171048	6	 	 
171048	7	 	 
171049	1	0	1
171049	2	1	1
171049	3	0	0
171049	4	0	0
171049	5	0	0
171049	6	0	0
171049	7	0	0
171051	1	0	0
171051	2	1	1
171051	3	0	0
171051	4	0	1
171051	5	0	0
171051	6	0	0
171051	7	0	0
171052	1	 	 
171052	2	 	 
171052	3	 	 
171052	4	 	 
171052	5	 	 
171052	6	 	 
171052	7	 	 
171053	1	1	1
171053	2	1	1
171053	3	0	0
171053	4	0	0
171053	5	1	1
171053	6	0	0
171053	7	0	0
171057	1	0	1
171057	2	1	1
171057	3	0	0
171057	4	0	0
171057	5	0	0
171057	6	0	0
171057	7	0	0
171059	1	 	 
171059	2	 	 
171059	3	 	 
171059	4	 	 
171059	5	 	 
171059	6	 	 
171059	7	 	 
171060	1	 	 
171060	2	 	 
171060	3	 	 
171060	4	 	 
171060	5	 	 
171060	6	 	 
171060	7	 	 
171061	1	 	 
171061	2	 	 
171061	3	 	 
171061	4	 	 
171061	5	 	 
171061	6	 	 
171061	7	 	 
171063	1	 	 
171063	2	 	 
171063	3	 	 
171063	4	 	 
171063	5	 	 
171063	6	 	 
171063	7	 	 
181001	1	 	 
181001	2	 	 
181001	3	 	 
181001	4	 	 
181001	5	 	 
181001	6	 	 
181001	7	 	 
181002	1	1	1
181002	2	1	0
181002	3	0	0
181002	4	0	0
181002	5	0	0
181002	6	0	0
181002	7	0	0
181003	1	0	0
181003	2	1	1
181003	3	0	1
181003	4	0	0
181003	5	0	0
181003	6	0	0
181003	7	0	0
181005	1	 	 
181005	2	 	 
181005	3	 	 
181005	4	 	 
181005	5	 	 
181005	6	 	 
181005	7	 	 
181006	1	 	 
181006	2	 	 
181006	3	 	 
181006	4	 	 
181006	5	 	 
181006	6	 	 
181006	7	 	 
181008	1	 	 
181008	2	 	 
181008	3	 	 
181008	4	 	 
181008	5	 	 
181008	6	 	 
181008	7	 	 
181009	1	0	0
181009	2	1	0
181009	3	1	1
181009	4	0	0
181009	5	0	0
181009	6	0	0
181009	7	0	0
181011	1	 	 
181011	2	 	 
181011	3	 	 
181011	4	 	 
181011	5	 	 
181011	6	 	 
181011	7	 	 
181014	1	 	 
181014	2	 	 
181014	3	 	 
181014	4	 	 
181014	5	 	 
181014	6	 	 
181014	7	 	 
181015	1	 	 
181015	2	 	 
181015	3	 	 
181015	4	 	 
181015	5	 	 
181015	6	 	 
181015	7	 	 
181016	1	0	0
181016	2	1	1
181016	3	0	0
181016	4	0	0
181016	5	0	0
181016	6	0	0
181016	7	0	0
181017	1	0	1
181017	2	1	1
181017	3	0	0
181017	4	0	1
181017	5	0	0
181017	6	0	0
181017	7	0	0
181018	1	0	1
181018	2	1	1
181018	3	0	0
181018	4	0	0
181018	5	0	0
181018	6	0	0
181018	7	0	0
181019	1	0	0
181019	2	0	1
181019	3	0	1
181019	4	1	0
181019	5	0	0
181019	6	0	0
181019	7	0	0
181020	1	 	 
181020	2	 	 
181020	3	 	 
181020	4	 	 
181020	5	 	 
181020	6	 	 
181020	7	 	 
181021	1	 	 
181021	2	 	 
181021	3	 	 
181021	4	 	 
181021	5	 	 
181021	6	 	 
181021	7	 	 
181023	1	 	 
181023	2	 	 
181023	3	 	 
181023	4	 	 
181023	5	 	 
181023	6	 	 
181023	7	 	 
181024	1	 	 
181024	2	 	 
181024	3	 	 
181024	4	 	 
181024	5	 	 
181024	6	 	 
181024	7	 	 
181026	1	 	 
181026	2	 	 
181026	3	 	 
181026	4	 	 
181026	5	 	 
181026	6	 	 
181026	7	 	 
181027	1	 	 
181027	2	 	 
181027	3	 	 
181027	4	 	 
181027	5	 	 
181027	6	 	 
181027	7	 	 
181029	1	 	 
181029	2	 	 
181029	3	 	 
181029	4	 	 
181029	5	 	 
181029	6	 	 
181029	7	 	 
181030	1	 	 
181030	2	 	 
181030	3	 	 
181030	4	 	 
181030	5	 	 
181030	6	 	 
181030	7	 	 
181033	1	 	 
181033	2	 	 
181033	3	 	 
181033	4	 	 
181033	5	 	 
181033	6	 	 
181033	7	 	 
181034	1	0	1
181034	2	1	1
181034	3	0	0
181034	4	0	0
181034	5	0	0
181034	6	0	0
181034	7	0	0
181037	1	 	 
181037	2	 	 
181037	3	 	 
181037	4	 	 
181037	5	 	 
181037	6	 	 
181037	7	 	 
181039	1	 	 
181039	2	 	 
181039	3	 	 
181039	4	 	 
181039	5	 	 
181039	6	 	 
181039	7	 	 
181041	1	0	1
181041	2	0	0
181041	3	0	0
181041	4	1	0
181041	5	0	0
181041	6	0	0
181041	7	0	0
181042	1	0	1
181042	2	0	1
181042	3	1	1
181042	4	0	0
181042	5	0	0
181042	6	0	0
181042	7	0	0
181043	1	 	 
181043	2	 	 
181043	3	 	 
181043	4	 	 
181043	5	 	 
181043	6	 	 
181043	7	 	 
181045	1	 	 
181045	2	 	 
181045	3	 	 
181045	4	 	 
181045	5	 	 
181045	6	 	 
181045	7	 	 
181046	1	 	 
181046	2	 	 
181046	3	 	 
181046	4	 	 
181046	5	 	 
181046	6	 	 
181046	7	 	 
181047	1	1	1
181047	2	1	1
181047	3	0	0
181047	4	0	0
181047	5	0	0
181047	6	0	0
181047	7	0	0
181049	1	 	 
181049	2	 	 
181049	3	 	 
181049	4	 	 
181049	5	 	 
181049	6	 	 
181049	7	 	 
181050	1	 	 
181050	2	 	 
181050	3	 	 
181050	4	 	 
181050	5	 	 
181050	6	 	 
181050	7	 	 
181056	1	 	 
181056	2	 	 
181056	3	 	 
181056	4	 	 
181056	5	 	 
181056	6	 	 
181056	7	 	 
181058	1	0	0
181058	2	1	1
181058	3	0	0
181058	4	0	0
181058	5	0	0
181058	6	0	0
181058	7	0	0
181069	1	 	 
181069	2	 	 
181069	3	 	 
181069	4	 	 
181069	5	 	 
181069	6	 	 
181069	7	 	 
181073	1	 	 
181073	2	 	 
181073	3	 	 
181073	4	 	 
181073	5	 	 
181073	6	 	 
181073	7	 	 
181078	1	 	 
181078	2	 	 
181078	3	 	 
181078	4	 	 
181078	5	 	 
181078	6	 	 
181078	7	 	 
191001	1	 	 
191001	2	 	 
191001	3	 	 
191001	4	 	 
191001	5	 	 
191001	6	 	 
191001	7	 	 
191003	1	0	0
191003	2	0	1
191003	3	0	0
191003	4	1	1
191003	5	0	0
191003	6	0	0
191003	7	1	0
191004	1	0	0
191004	2	1	1
191004	3	0	0
191004	4	0	0
191004	5	0	0
191004	6	0	0
191004	7	0	0
191005	1	 	 
191005	2	 	 
191005	3	 	 
191005	4	 	 
191005	5	 	 
191005	6	 	 
191005	7	 	 
191006	1	 	 
191006	2	 	 
191006	3	 	 
191006	4	 	 
191006	5	 	 
191006	6	 	 
191006	7	 	 
191007	1	 	 
191007	2	 	 
191007	3	 	 
191007	4	 	 
191007	5	 	 
191007	6	 	 
191007	7	 	 
191009	1	 	 
191009	2	 	 
191009	3	 	 
191009	4	 	 
191009	5	 	 
191009	6	 	 
191009	7	 	 
191011	1	 	 
191011	2	 	 
191011	3	 	 
191011	4	 	 
191011	5	 	 
191011	6	 	 
191011	7	 	 
191012	1	 	 
191012	2	 	 
191012	3	 	 
191012	4	 	 
191012	5	 	 
191012	6	 	 
191012	7	 	 
191013	1	0	0
191013	2	1	1
191013	3	0	0
191013	4	0	0
191013	5	0	0
191013	6	0	0
191013	7	0	0
191014	1	 	 
191014	2	 	 
191014	3	 	 
191014	4	 	 
191014	5	 	 
191014	6	 	 
191014	7	 	 
191015	1	 	 
191015	2	 	 
191015	3	 	 
191015	4	 	 
191015	5	 	 
191015	6	 	 
191015	7	 	 
191016	1	1	0
191016	2	1	1
191016	3	0	0
191016	4	0	0
191016	5	0	0
191016	6	0	0
191016	7	0	0
191017	1	 	 
191017	2	 	 
191017	3	 	 
191017	4	 	 
191017	5	 	 
191017	6	 	 
191017	7	 	 
191018	1	 	 
191018	2	 	 
191018	3	 	 
191018	4	 	 
191018	5	 	 
191018	6	 	 
191018	7	 	 
191019	1	 	 
191019	2	 	 
191019	3	 	 
191019	4	 	 
191019	5	 	 
191019	6	 	 
191019	7	 	 
191020	1	 	 
191020	2	 	 
191020	3	 	 
191020	4	 	 
191020	5	 	 
191020	6	 	 
191020	7	 	 
191021	1	 	 
191021	2	 	 
191021	3	 	 
191021	4	 	 
191021	5	 	 
191021	6	 	 
191021	7	 	 
191022	1	 	 
191022	2	 	 
191022	3	 	 
191022	4	 	 
191022	5	 	 
191022	6	 	 
191022	7	 	 
191023	1	 	 
191023	2	 	 
191023	3	 	 
191023	4	 	 
191023	5	 	 
191023	6	 	 
191023	7	 	 
191024	1	 	 
191024	2	 	 
191024	3	 	 
191024	4	 	 
191024	5	 	 
191024	6	 	 
191024	7	 	 
191025	1	 	 
191025	2	 	 
191025	3	 	 
191025	4	 	 
191025	5	 	 
191025	6	 	 
191025	7	 	 
191026	1	0	0
191026	2	1	1
191026	3	0	0
191026	4	0	0
191026	5	0	0
191026	6	0	0
191026	7	0	0
191027	1	 	 
191027	2	 	 
191027	3	 	 
191027	4	 	 
191027	5	 	 
191027	6	 	 
191027	7	 	 
191028	1	 	 
191028	2	 	 
191028	3	 	 
191028	4	 	 
191028	5	 	 
191028	6	 	 
191028	7	 	 
191029	1	 	 
191029	2	 	 
191029	3	 	 
191029	4	 	 
191029	5	 	 
191029	6	 	 
191029	7	 	 
191030	1	 	 
191030	2	 	 
191030	3	 	 
191030	4	 	 
191030	5	 	 
191030	6	 	 
191030	7	 	 
191033	1	 	 
191033	2	 	 
191033	3	 	 
191033	4	 	 
191033	5	 	 
191033	6	 	 
191033	7	 	 
191035	1	 	 
191035	2	 	 
191035	3	 	 
191035	4	 	 
191035	5	 	 
191035	6	 	 
191035	7	 	 
191036	1	 	 
191036	2	 	 
191036	3	 	 
191036	4	 	 
191036	5	 	 
191036	6	 	 
191036	7	 	 
191037	1	 	 
191037	2	 	 
191037	3	 	 
191037	4	 	 
191037	5	 	 
191037	6	 	 
191037	7	 	 
191038	1	 	 
191038	2	 	 
191038	3	 	 
191038	4	 	 
191038	5	 	 
191038	6	 	 
191038	7	 	 
191039	1	 	 
191039	2	 	 
191039	3	 	 
191039	4	 	 
191039	5	 	 
191039	6	 	 
191039	7	 	 
191040	1	 	 
191040	2	 	 
191040	3	 	 
191040	4	 	 
191040	5	 	 
191040	6	 	 
191040	7	 	 
191041	1	 	 
191041	2	 	 
191041	3	 	 
191041	4	 	 
191041	5	 	 
191041	6	 	 
191041	7	 	 
191043	1	 	 
191043	2	 	 
191043	3	 	 
191043	4	 	 
191043	5	 	 
191043	6	 	 
191043	7	 	 
191044	1	 	 
191044	2	 	 
191044	3	 	 
191044	4	 	 
191044	5	 	 
191044	6	 	 
191044	7	 	 
191045	1	0	1
191045	2	1	1
191045	3	0	0
191045	4	1	0
191045	5	0	0
191045	6	0	0
191045	7	0	0
191046	1	 	 
191046	2	 	 
191046	3	 	 
191046	4	 	 
191046	5	 	 
191046	6	 	 
191046	7	 	 
191047	1	 	 
191047	2	 	 
191047	3	 	 
191047	4	 	 
191047	5	 	 
191047	6	 	 
191047	7	 	 
191048	1	 	 
191048	2	 	 
191048	3	 	 
191048	4	 	 
191048	5	 	 
191048	6	 	 
191048	7	 	 
191049	1	 	 
191049	2	 	 
191049	3	 	 
191049	4	 	 
191049	5	 	 
191049	6	 	 
191049	7	 	 
191050	1	 	 
191050	2	 	 
191050	3	 	 
191050	4	 	 
191050	5	 	 
191050	6	 	 
191050	7	 	 
191052	1	 	 
191052	2	 	 
191052	3	 	 
191052	4	 	 
191052	5	 	 
191052	6	 	 
191052	7	 	 
191055	1	 	 
191055	2	 	 
191055	3	 	 
191055	4	 	 
191055	5	 	 
191055	6	 	 
191055	7	 	 
191057	1	 	 
191057	2	 	 
191057	3	 	 
191057	4	 	 
191057	5	 	 
191057	6	 	 
191057	7	 	 
191070	1	 	 
191070	2	 	 
191070	3	 	 
191070	4	 	 
191070	5	 	 
191070	6	 	 
191070	7	 	 
201003	1	 	 
201003	2	 	 
201003	3	 	 
201003	4	 	 
201003	5	 	 
201003	6	 	 
201003	7	 	 
201005	1	 	 
201005	2	 	 
201005	3	 	 
201005	4	 	 
201005	5	 	 
201005	6	 	 
201005	7	 	 
201007	1	0	0
201007	2	0	1
201007	3	0	0
201007	4	0	1
201007	5	1	1
201007	6	0	0
201007	7	0	0
201008	1	 	 
201008	2	 	 
201008	3	 	 
201008	4	 	 
201008	5	 	 
201008	6	 	 
201008	7	 	 
201010	1	 	 
201010	2	 	 
201010	3	 	 
201010	4	 	 
201010	5	 	 
201010	6	 	 
201010	7	 	 
201011	1	0	0
201011	2	1	1
201011	3	0	0
201011	4	0	0
201011	5	0	0
201011	6	0	0
201011	7	0	0
201013	1	 	 
201013	2	 	 
201013	3	 	 
201013	4	 	 
201013	5	 	 
201013	6	 	 
201013	7	 	 
201014	1	 	 
201014	2	 	 
201014	3	 	 
201014	4	 	 
201014	5	 	 
201014	6	 	 
201014	7	 	 
201016	1	0	1
201016	2	1	1
201016	3	0	0
201016	4	0	0
201016	5	0	0
201016	6	1	0
201016	7	0	0
201017	1	 	 
201017	2	 	 
201017	3	 	 
201017	4	 	 
201017	5	 	 
201017	6	 	 
201017	7	 	 
201023	1	0	1
201023	2	1	1
201023	3	0	0
201023	4	0	0
201023	5	1	0
201023	6	0	0
201023	7	0	0
201024	1	 	 
201024	2	 	 
201024	3	 	 
201024	4	 	 
201024	5	 	 
201024	6	 	 
201024	7	 	 
201025	1	 	 
201025	2	 	 
201025	3	 	 
201025	4	 	 
201025	5	 	 
201025	6	 	 
201025	7	 	 
201030	1	 	 
201030	2	 	 
201030	3	 	 
201030	4	 	 
201030	5	 	 
201030	6	 	 
201030	7	 	 
201032	1	 	 
201032	2	 	 
201032	3	 	 
201032	4	 	 
201032	5	 	 
201032	6	 	 
201032	7	 	 
201034	1	 	 
201034	2	 	 
201034	3	 	 
201034	4	 	 
201034	5	 	 
201034	6	 	 
201034	7	 	 
201039	1	 	 
201039	2	 	 
201039	3	 	 
201039	4	 	 
201039	5	 	 
201039	6	 	 
201039	7	 	 
201042	1	 	 
201042	2	 	 
201042	3	 	 
201042	4	 	 
201042	5	 	 
201042	6	 	 
201042	7	 	 
201045	1	 	 
201045	2	 	 
201045	3	 	 
201045	4	 	 
201045	5	 	 
201045	6	 	 
201045	7	 	 
201046	1	0	0
201046	2	1	1
201046	3	0	0
201046	4	0	0
201046	5	0	0
201046	6	0	0
201046	7	0	0
201049	1	 	 
201049	2	 	 
201049	3	 	 
201049	4	 	 
201049	5	 	 
201049	6	 	 
201049	7	 	 
201050	1	 	 
201050	2	 	 
201050	3	 	 
201050	4	 	 
201050	5	 	 
201050	6	 	 
201050	7	 	 
201051	1	0	0
201051	2	1	1
201051	3	0	0
201051	4	0	0
201051	5	0	0
201051	6	0	0
201051	7	0	0
201052	1	 	 
201052	2	 	 
201052	3	 	 
201052	4	 	 
201052	5	 	 
201052	6	 	 
201052	7	 	 
201054	1	1	1
201054	2	1	1
201054	3	0	0
201054	4	0	0
201054	5	1	1
201054	6	0	0
201054	7	0	0
201056	1	 	 
201056	2	 	 
201056	3	 	 
201056	4	 	 
201056	5	 	 
201056	6	 	 
201056	7	 	 
201059	1	0	1
201059	2	1	1
201059	3	0	0
201059	4	0	0
201059	5	0	0
201059	6	0	0
201059	7	0	0
201064	1	 	 
201064	2	 	 
201064	3	 	 
201064	4	 	 
201064	5	 	 
201064	6	 	 
201064	7	 	 
201065	1	0	0
201065	2	1	1
201065	3	0	0
201065	4	0	0
201065	5	0	0
201065	6	0	0
201065	7	0	0
201068	1	 	 
201068	2	 	 
201068	3	 	 
201068	4	 	 
201068	5	 	 
201068	6	 	 
201068	7	 	 
201071	1	 	 
201071	2	 	 
201071	3	 	 
201071	4	 	 
201071	5	 	 
201071	6	 	 
201071	7	 	 
201073	1	 	 
201073	2	 	 
201073	3	 	 
201073	4	 	 
201073	5	 	 
201073	6	 	 
201073	7	 	 
201074	1	 	 
201074	2	 	 
201074	3	 	 
201074	4	 	 
201074	5	 	 
201074	6	 	 
201074	7	 	 
201082	1	 	 
201082	2	 	 
201082	3	 	 
201082	4	 	 
201082	5	 	 
201082	6	 	 
201082	7	 	 
201084	1	 	 
201084	2	 	 
201084	3	 	 
201084	4	 	 
201084	5	 	 
201084	6	 	 
201084	7	 	 
201086	1	 	 
201086	2	 	 
201086	3	 	 
201086	4	 	 
201086	5	 	 
201086	6	 	 
201086	7	 	 
201090	1	 	 
201090	2	 	 
201090	3	 	 
201090	4	 	 
201090	5	 	 
201090	6	 	 
201090	7	 	 
201104	1	 	 
201104	2	 	 
201104	3	 	 
201104	4	 	 
201104	5	 	 
201104	6	 	 
201104	7	 	 
