CHILDCODE	ASSTIDR5	ASSETR5	NUMASTR5	ASACTR5	NMOWNR5
11001	1	13	5	5	5
11002	1	23	10	23	10
11006	1	30	1	24	1
11007	1	13	5	14	5
11009	1	1	2	11	2
11010	1	1	4	11	4
11010	2	7	1	11	1
11010	3	3	1	11	1
11012	1	23	4	23	4
11014	1	10	6	3	6
11015	1	21	2	21	2
11018	1	1	3	11	3
11022	1	24	1	17	1
11025	1	11	3	14	3
11026	1	24	1	31	1
11030	1	17	2	24	2
11031	1	25	1	5	1
11032	1	2	1	23	1
11035	1	15	14	12	14
11036	1	23	10	23	10
11037	1	15	15	12	15
11038	1	30	1	24	1
11042	1	1	3	5	3
11043	1	1	30	11	30
11043	2	3	8	11	8
11043	3	4	4	11	4
11043	4	5	8	11	8
11043	5	7	2	11	2
11047	1	12	1	5	1
11048	1	1	7	11	7
11048	2	7	1	11	1
21001	1	1	7	11	7
21002	1	1	4	11	4
21003	1	1	4	11	4
21004	1	1	3	5	3
21005	1	1	5	11	5
21005	2	4	1	11	1
21005	3	5	1	11	1
21006	1	1	3	5	3
21008	1	1	5	11	5
21009	1	1	3	11	3
21010	1	1	1	11	1
21012	1	1	2	5	2
21013	1	1	5	11	5
21014	1	 	 	 	 
21016	1	1	3	11	3
21016	2	4	3	11	3
21017	1	4	4	11	4
21017	2	1	3	11	3
21018	1	1	4	11	4
21019	1	1	2	11	2
21020	1	1	5	5	5
21021	1	1	6	5	6
21021	2	8	4	26	4
21022	1	1	4	11	4
21024	1	21	1	21	1
21025	1	1	3	5	3
21026	1	1	3	11	3
21026	2	4	4	11	4
21026	3	3	1	11	1
21029	1	1	4	11	4
21030	1	1	3	11	3
21030	2	7	1	11	0
21031	1	1	1	11	1
21031	2	4	1	11	1
21031	3	7	1	11	1
21031	4	18	1	11	1
21032	1	1	3	11	3
21032	2	2	1	11	1
21033	1	1	3	11	3
21034	1	1	5	11	5
21035	1	4	1	11	1
21035	2	1	3	11	3
21036	1	1	4	11	4
21036	2	3	1	11	1
21036	3	7	1	11	0
21036	4	5	1	11	0
21037	1	1	2	5	2
21038	1	1	3	11	3
21039	1	1	3	11	3
21040	1	22	2	22	2
21040	2	3	2	11	0
21042	1	1	3	11	3
21042	2	4	1	11	1
21043	1	1	3	11	3
21044	1	1	3	11	3
21046	1	1	2	5	2
21047	1	1	2	11	2
21048	1	1	3	11	3
31007	1	30	3	23	3
31011	1	1	2	8	2
31012	1	22	2	22	2
31014	1	17	6	16	0
31015	1	2	1	23	1
31015	2	23	3	23	3
31018	1	30	1	28	1
31019	1	30	1	28	0
31020	1	1	5	8	5
31022	1	30	3	23	3
31024	1	 	 	 	 
31025	1	21	2	21	2
31027	1	13	3	26	3
31028	1	21	4	21	4
31029	1	17	15	26	0
31030	1	30	15	5	15
31031	1	30	5	17	5
31032	1	17	4	7	0
31033	1	13	4	5	4
31035	1	13	6	7	6
31036	1	21	1	21	1
31041	1	13	4	5	4
31042	1	21	3	5	3
31043	1	21	4	21	1
31047	1	21	1	21	1
31048	1	30	3	5	3
31050	1	17	10	16	10
41001	1	1	2	11	2
41003	1	1	2	5	2
41004	1	1	8	11	8
41005	1	1	2	11	2
41006	1	1	6	11	6
41009	1	1	4	11	4
41010	1	1	8	11	8
41011	1	1	6	11	6
41012	1	1	5	11	5
41013	1	1	3	11	3
41013	2	4	1	11	1
41014	1	1	3	11	2
41015	1	1	4	11	4
41016	1	1	3	5	3
41017	1	1	3	11	3
41017	2	4	1	11	1
41018	1	1	2	11	2
41019	1	1	2	5	2
41020	1	1	4	5	4
41021	1	1	3	5	3
41022	1	1	4	11	4
41022	2	4	1	11	1
41023	1	1	4	11	4
41024	1	1	6	11	6
41025	1	1	3	11	3
41026	1	1	5	11	5
41027	1	15	100	31	100
41028	1	22	3	22	3
41029	1	22	3	22	3
41031	1	1	4	11	4
41033	1	1	2	5	2
41035	1	1	2	5	2
41039	1	1	10	11	10
41039	2	7	1	11	1
41039	3	5	5	11	5
41047	1	1	9	11	9
41047	2	4	1	11	1
41048	1	1	3	11	3
41049	1	30	1	23	1
51001	1	1	5	11	5
51001	2	3	1	11	0
51001	3	4	1	11	1
51001	4	6	1	11	0
51001	5	7	1	11	0
51002	1	1	7	11	7
51003	1	1	5	11	5
51004	1	1	8	11	8
51005	1	30	4	5	0
51006	1	25	1	24	1
51007	1	1	7	11	7
51008	1	1	6	11	6
51008	2	3	1	11	1
51010	1	1	5	11	5
51010	2	7	1	11	0
51010	3	6	1	11	0
51011	1	23	6	23	6
51012	1	5	1	11	1
51012	2	1	5	11	5
51013	1	1	6	11	6
51014	1	30	1	26	1
51016	1	1	15	11	15
51016	2	2	1	11	1
51016	3	4	4	11	4
51017	1	12	1	32	1
51020	1	1	1	11	1
51021	1	30	2	30	2
51022	1	1	3	11	3
51024	1	23	5	23	5
51025	1	1	3	5	3
51026	1	1	2	5	2
51028	1	13	5	26	5
51029	1	1	5	11	5
51031	1	1	5	11	5
51032	1	1	5	11	5
51033	1	1	3	5	2
51034	1	1	5	11	5
51035	1	13	4	26	4
51036	1	1	4	11	4
51037	1	13	4	5	4
51039	1	1	4	11	4
51040	1	1	5	11	5
51041	1	1	3	5	3
51043	1	1	3	5	2
51044	1	1	3	5	3
51045	1	1	3	5	3
51046	1	1	2	11	2
51047	1	1	2	5	2
51048	1	1	5	11	5
51050	1	1	4	5	4
61001	1	1	4	11	4
61001	2	4	1	11	1
61001	3	7	1	11	0
61002	1	4	1	11	1
61002	2	3	1	11	1
61002	3	1	4	11	4
61002	4	7	1	11	0
61003	1	1	6	11	6
61003	2	7	1	11	0
61003	3	12	2	32	2
61004	1	1	4	5	4
61005	1	17	11	18	0
61007	1	1	4	11	4
61009	1	1	8	11	8
61009	2	3	1	11	0
61009	3	7	1	11	0
61010	1	1	6	11	6
61010	2	3	1	11	0
61011	1	1	2	11	2
61011	2	30	5	26	5
61012	1	1	5	5	5
61013	1	1	2	5	2
61014	1	1	4	11	4
61014	2	4	1	11	1
61014	3	7	1	11	0
61015	1	1	5	11	5
61015	2	3	1	11	1
61015	3	7	1	11	0
61016	1	1	6	11	6
61016	2	3	1	11	1
61016	3	7	1	11	1
61017	1	1	5	11	5
61017	2	7	1	11	0
61018	1	1	4	11	4
61018	2	7	1	11	0
61019	1	 	 	 	 
61020	1	23	2	23	2
61020	2	24	1	23	1
61021	1	1	2	11	2
61021	2	7	1	11	0
61021	3	3	1	11	0
61022	1	1	3	11	3
61023	1	1	8	5	5
61024	1	1	4	11	4
61025	1	1	6	11	6
61027	1	1	6	11	2
61028	1	13	5	7	5
61029	1	1	9	11	9
61029	2	4	4	11	4
61029	3	3	1	11	1
61030	1	1	5	5	5
61031	1	1	13	11	13
61031	2	3	1	11	1
61031	3	4	2	11	1
61032	1	4	1	11	1
61032	2	3	1	11	1
61032	3	1	2	11	2
61032	4	7	1	11	0
61033	1	1	8	11	8
61033	2	3	1	11	1
61033	3	4	3	11	1
61035	1	1	10	11	10
61036	1	1	7	11	7
61036	2	7	1	11	0
61036	3	3	1	11	0
61038	1	1	10	11	10
61038	2	3	1	11	1
61038	3	4	4	11	4
61039	1	8	3	26	3
61040	1	1	1	11	1
61041	1	1	10	11	10
61041	2	3	1	11	1
61041	3	4	4	11	3
61042	1	1	6	5	6
61043	1	1	7	11	7
61044	1	30	4	1	4
61045	1	13	5	7	5
61045	2	1	3	11	3
61046	1	13	8	26	8
61047	1	1	10	11	10
61047	2	3	1	11	0
61048	1	1	8	5	8
61049	1	25	1	24	0
61050	1	1	5	11	5
71001	1	1	6	11	6
71002	1	1	3	23	3
71003	1	23	8	23	8
71004	1	 	 	 	 
71005	1	1	8	11	8
71005	2	4	2	11	2
71005	3	3	1	11	0
71006	1	1	3	11	3
71006	2	7	1	11	0
71006	3	3	1	11	1
71006	4	4	1	11	1
71007	1	13	2	5	2
71008	1	1	6	11	6
71008	2	3	1	11	0
71008	3	7	1	11	0
71008	4	30	1	23	1
71010	1	22	10	22	0
71011	1	4	1	11	1
71011	2	1	3	11	3
71011	3	2	1	11	1
71011	4	7	1	11	0
71011	5	3	1	11	0
71012	1	1	3	11	3
71012	2	7	1	11	0
71012	3	3	1	11	0
71013	1	1	3	11	3
71013	2	1	1	29	1
71014	1	1	2	11	2
71015	1	23	7	23	7
71016	1	1	5	11	5
71016	2	4	1	11	0
71016	3	3	1	11	0
71017	1	7	1	11	1
71017	2	1	5	11	5
71017	3	3	1	11	1
71018	1	1	4	11	4
71018	2	2	1	11	0
71018	3	7	1	11	0
71018	4	4	1	11	0
71019	1	1	3	11	3
71019	2	3	1	11	0
71019	3	7	1	11	0
71020	1	7	1	11	1
71020	2	3	4	11	4
71020	3	1	1	11	1
71020	4	6	1	11	1
71021	1	1	6	11	6
71022	1	21	1	21	1
71023	1	23	10	23	10
71023	2	25	1	23	1
71024	1	1	6	11	6
71024	2	7	1	11	0
71024	3	6	1	11	0
71025	1	1	3	11	3
71025	2	7	1	11	0
71025	3	6	1	11	0
71026	1	1	5	11	5
71026	2	7	1	11	0
71026	3	6	1	11	0
71027	1	7	1	11	0
71027	2	2	1	11	1
71027	3	1	3	11	3
71027	4	4	1	11	1
71028	1	1	5	11	5
71028	2	13	4	7	4
71030	1	1	2	11	2
71031	1	1	8	11	8
71031	2	5	1	11	1
71031	3	6	1	11	0
71032	1	1	5	11	5
71033	1	1	15	11	15
71033	2	25	3	24	3
71033	3	3	1	11	1
71033	4	7	1	11	0
71034	1	1	6	11	6
71034	2	7	1	11	0
71034	3	6	1	11	0
71035	1	1	10	11	8
71035	2	7	1	11	0
71035	3	6	1	11	0
71035	4	3	4	11	1
71036	1	1	4	11	4
71039	1	1	3	11	3
71039	2	4	1	11	1
71039	3	7	1	11	0
71039	4	6	1	11	0
71040	1	15	20	12	20
71041	1	25	1	24	0
71043	1	4	3	11	3
71043	2	8	2	11	2
71043	3	7	1	11	0
71043	4	3	1	11	0
71044	1	1	8	11	8
71044	2	3	1	11	1
71044	3	7	1	11	0
71045	1	30	10	7	10
71046	1	1	4	11	4
71046	2	30	5	7	5
71047	1	23	5	23	5
71047	2	1	2	29	2
71047	3	30	1	26	1
71048	1	1	5	11	5
71049	1	1	2	11	2
71050	1	13	5	7	5
71050	2	13	1	14	1
81001	1	1	4	11	4
81002	1	1	3	11	3
81003	1	1	6	11	6
81003	2	21	1	21	1
81004	1	1	4	11	4
81006	1	1	5	11	5
81007	1	1	6	11	6
81008	1	1	4	11	4
81009	1	 	 	 	 
81010	1	1	3	11	3
81010	2	21	1	21	1
81012	1	1	20	11	20
81012	2	5	1	11	1
81012	3	21	1	21	1
81016	1	1	4	11	4
81017	1	1	5	11	5
81018	1	 	 	 	 
81019	1	30	1	24	1
81019	2	30	5	32	5
81020	1	1	6	11	6
81020	2	2	1	11	1
81021	1	1	3	11	3
81022	1	12	1	32	1
81022	2	2	1	32	1
81023	1	1	4	11	4
81025	1	30	2	9	2
81027	1	1	5	11	5
81027	2	3	1	11	1
81027	3	7	2	11	2
81030	1	30	4	26	4
81033	1	1	4	11	4
81034	1	1	8	11	8
81035	1	1	5	11	5
81036	1	1	4	11	4
81037	1	1	4	11	4
81038	1	1	7	11	7
81038	2	3	1	11	1
81038	3	7	1	11	1
81040	1	1	4	11	4
81042	1	1	5	11	5
81042	2	30	1	24	1
81043	1	1	5	11	5
81043	2	5	1	11	1
81043	3	3	1	11	1
81044	1	1	4	11	4
81044	2	21	1	21	1
81045	1	15	20	12	20
81046	1	1	3	11	3
81047	1	1	6	11	6
81048	1	1	2	11	2
81049	1	1	10	11	10
81049	2	3	1	11	1
91002	1	1	4	11	4
91003	1	1	4	11	4
91003	2	12	3	8	3
91005	1	8	6	11	6
91006	1	1	3	11	3
91007	1	1	4	11	4
91008	1	1	7	11	7
91009	1	12	3	8	3
91009	2	30	1	24	0
91009	3	21	1	21	1
91010	1	1	15	11	15
91010	2	6	1	11	1
91010	3	4	3	11	3
91010	4	12	3	8	3
91010	5	21	1	21	1
91010	6	1	5	8	5
91012	1	1	3	11	3
91013	1	8	5	11	5
91014	1	1	4	11	4
91015	1	1	6	11	6
91016	1	1	5	11	5
91017	1	1	6	11	6
91018	1	1	6	11	6
91019	1	1	6	11	6
91021	1	1	3	11	3
91022	1	1	5	11	5
91025	1	21	1	21	1
91026	1	1	3	11	3
91027	1	1	5	11	5
91030	1	1	6	11	6
91033	1	21	1	21	1
91034	1	1	3	11	3
91037	1	1	4	11	4
91037	2	21	1	21	1
91039	1	1	3	11	3
91040	1	1	2	5	2
91041	1	1	14	11	14
91041	2	21	1	21	1
91043	1	1	4	11	4
91044	1	1	6	11	6
91045	1	1	5	11	5
91046	1	1	7	11	7
91046	2	3	1	11	1
91046	3	5	1	11	1
91047	1	1	6	11	6
91049	1	1	3	11	3
101004	1	 	 	 	 
101006	1	21	1	21	1
101008	1	15	5	12	5
101008	2	21	1	21	1
101009	1	 	 	 	 
101011	1	1	2	11	2
101013	1	30	2	28	2
101014	1	21	1	21	1
101017	1	30	2	26	2
101019	1	21	1	21	1
101019	2	11	4	19	4
101023	1	30	6	28	6
101024	1	23	5	26	5
101025	1	23	5	23	5
101026	1	22	5	22	5
101027	1	17	6	16	6
101032	1	23	3	23	3
101033	1	 	 	 	 
101034	1	21	1	21	1
101039	1	1	4	11	4
101040	1	21	1	21	1
101041	1	21	1	21	1
101043	1	1	3	26	3
101049	1	7	1	24	0
111001	1	1	10	11	10
111001	2	2	1	11	1
111001	3	4	4	11	4
111003	1	7	1	11	0
111003	2	3	6	11	6
111003	3	3	1	11	1
111003	4	4	1	11	0
111005	1	30	3	26	3
111006	1	1	10	5	10
111008	1	1	3	11	3
111008	2	3	1	11	1
111008	3	2	1	11	1
111008	4	7	1	11	0
111008	5	4	1	11	0
111009	1	1	3	11	3
111010	1	7	1	11	0
111010	2	6	1	11	0
111010	3	2	1	11	0
111010	4	3	1	11	0
111010	5	1	15	11	15
111011	1	4	1	11	1
111011	2	7	1	11	0
111011	3	1	3	11	3
111011	4	3	1	11	1
111012	1	30	1	26	1
111012	2	1	4	11	4
111012	3	7	1	11	0
111014	1	25	1	11	1
111014	2	2	1	11	1
111014	3	3	1	11	1
111014	4	4	1	11	0
111014	5	1	3	11	3
111015	1	1	4	11	4
111015	2	2	1	11	0
111015	3	4	2	11	0
111015	4	7	1	11	0
111018	1	7	1	11	0
111018	2	3	1	11	1
111019	1	1	2	11	2
111019	2	2	1	11	1
111019	3	4	3	11	3
111019	4	3	1	11	1
111019	5	30	1	12	1
111020	1	1	2	11	2
111020	2	2	1	11	0
111020	3	4	2	11	0
111020	4	3	1	11	0
111021	1	25	1	24	1
111022	1	1	3	11	3
111022	2	2	1	11	0
111022	3	3	1	11	0
111023	1	2	1	11	1
111023	2	1	3	11	3
111023	3	4	3	11	3
111024	1	1	3	11	3
111024	2	2	1	11	1
111024	3	4	3	11	2
111025	1	1	6	11	6
111025	2	4	3	11	3
111025	3	3	1	11	1
111026	1	2	1	11	1
111026	2	4	5	11	5
111026	3	1	11	11	11
111026	4	3	1	11	0
111026	5	6	1	11	0
111027	1	1	4	11	4
111027	2	2	1	11	1
111027	3	3	1	11	1
111027	4	4	4	11	4
111028	1	25	1	24	1
111030	1	1	3	11	3
111030	2	2	1	11	1
111030	3	4	3	11	2
111031	1	1	3	11	3
111031	2	2	1	11	1
111031	3	3	1	11	1
111031	4	4	1	11	1
111032	1	1	2	11	0
111033	1	5	1	11	1
111033	2	3	1	11	0
111033	3	7	1	11	0
111033	4	1	5	11	5
111035	1	2	1	11	1
111035	2	4	5	11	5
111035	3	5	1	11	1
111035	4	3	1	11	1
111035	5	8	20	11	20
111036	1	1	8	11	8
111038	1	1	3	11	3
111038	2	2	1	11	1
111038	3	4	2	11	2
111038	4	3	1	11	0
111039	1	1	3	11	1
111039	2	3	1	11	0
111039	3	4	3	11	3
111040	1	1	8	11	8
111040	2	7	1	11	1
111041	1	1	3	11	3
111041	2	2	1	12	0
111041	3	2	1	11	0
111041	4	7	1	11	0
111041	5	4	2	11	0
111041	6	18	35	11	0
111044	1	4	6	11	6
111044	2	4	1	11	1
111044	3	1	10	11	10
111044	4	5	1	11	1
111044	5	3	2	11	2
111045	1	12	2	32	2
111045	2	30	4	32	4
111047	1	3	3	11	2
111047	2	2	1	11	0
111047	3	3	1	11	0
111048	1	1	10	11	10
111048	2	4	5	11	5
111048	3	2	1	11	1
111048	4	21	2	26	2
111050	1	1	2	11	2
111055	1	1	1	11	1
111056	1	12	1	8	1
111057	1	30	10	7	10
121002	1	1	3	11	1
121002	2	4	3	11	0
121002	3	2	1	11	0
121003	1	1	4	11	4
121003	2	2	1	11	1
121003	3	3	1	11	0
121003	4	4	2	11	0
121003	5	7	1	11	0
121004	1	1	15	11	15
121006	1	1	7	11	7
121008	1	30	5	16	5
121012	1	1	3	11	3
121012	2	7	1	11	0
121012	3	4	3	11	3
121013	1	7	1	24	0
121013	2	12	2	32	2
121014	1	1	3	11	3
121014	2	21	1	21	1
121015	1	1	10	11	10
121015	2	3	1	11	1
121016	1	1	3	11	3
121016	2	2	1	11	0
121016	3	4	3	11	0
121017	1	1	3	11	3
121017	2	7	1	11	1
121017	3	4	3	11	3
121020	1	1	13	11	0
121020	2	3	1	11	0
121020	3	7	1	11	0
121021	1	30	5	6	5
121022	1	21	3	26	3
121023	1	1	3	11	3
121023	2	2	1	11	0
121023	3	4	3	11	0
121025	1	1	3	11	3
121025	2	7	1	11	0
121025	3	3	1	11	0
121026	1	1	5	11	5
121026	2	3	1	11	1
121026	3	7	1	11	0
121026	4	4	2	11	2
121027	1	4	4	11	4
121027	2	1	10	11	10
121028	1	7	1	11	1
121028	2	5	1	11	1
121028	3	1	20	11	20
121029	1	1	4	11	4
121029	2	7	1	11	0
121029	3	3	1	11	0
121030	1	1	25	11	25
121030	2	5	1	11	1
121030	3	4	2	11	2
121032	1	1	3	11	3
121032	2	2	1	11	0
121032	3	8	7	11	7
121034	1	30	1	23	1
121035	1	1	2	26	2
121036	1	1	3	11	3
121036	2	4	3	11	0
121036	3	7	1	11	0
121037	1	1	15	11	15
121038	1	1	3	11	3
121038	2	4	3	11	0
121038	3	8	10	11	10
121039	1	1	1	11	1
121039	2	7	1	9	1
121039	3	3	1	11	0
121039	4	8	2	11	2
121044	1	1	3	11	3
121044	2	7	1	11	0
121046	1	26	1	26	0
121047	1	1	26	11	26
121047	2	5	1	11	1
121049	1	1	3	11	0
121049	2	7	1	11	0
121050	1	1	3	11	3
121050	2	3	1	11	1
121050	3	4	3	11	3
131001	1	1	6	11	6
131001	2	2	1	11	0
131001	3	4	3	11	0
131001	4	7	1	11	0
131003	1	1	3	11	2
131003	2	4	3	11	0
131003	3	2	1	11	0
131005	1	7	1	11	0
131005	2	4	1	11	0
131006	1	1	2	11	2
131006	2	7	1	11	0
131010	1	1	3	11	3
131010	2	4	3	11	3
131010	3	5	2	11	2
131011	1	1	5	11	5
131011	2	3	1	11	1
131011	3	5	1	11	1
131013	1	5	1	11	1
131013	2	1	5	11	5
131013	3	3	1	11	1
131013	4	7	1	11	0
131013	5	4	3	11	0
131014	1	1	3	11	3
131014	2	4	3	11	3
131014	3	2	1	11	0
131014	4	8	7	11	7
131014	5	5	1	11	1
131015	1	30	1	23	1
131016	1	30	5	23	5
131017	1	1	8	11	8
131019	1	1	20	11	20
131020	1	1	4	11	4
131020	2	3	1	11	0
131020	3	7	1	11	0
131020	4	4	3	11	0
131022	1	1	10	11	10
131023	1	1	3	11	3
131023	2	4	3	11	3
131023	3	3	1	11	0
131024	1	13	10	7	10
131025	1	1	6	11	6
131026	1	1	10	11	10
131026	2	2	1	11	0
131026	3	4	3	11	0
131026	4	7	1	11	0
131027	1	23	1	23	0
131027	2	30	1	23	0
131028	1	7	1	11	0
131029	1	1	6	11	6
131030	1	4	4	11	0
131030	2	5	1	11	1
131030	3	7	1	11	0
131030	4	3	1	11	0
131031	1	4	1	11	1
131031	2	30	40	11	40
131031	3	1	4	11	4
131031	4	3	1	11	0
131031	5	30	6	26	6
131032	1	1	3	11	3
131032	2	4	3	11	0
131032	3	7	1	11	0
131034	1	7	1	11	0
131035	1	1	5	11	5
131035	2	5	1	11	1
131035	3	7	1	11	0
131036	1	8	2	27	2
131037	1	4	3	11	3
131037	2	1	10	11	10
131038	1	1	4	11	4
131038	2	3	1	11	0
131038	3	7	1	11	0
131039	1	1	6	11	6
131039	2	7	1	11	0
131039	3	4	3	11	0
131039	4	2	1	11	0
131040	1	30	9	23	9
131040	2	1	3	11	3
131041	1	7	1	11	1
131041	2	1	2	11	2
131042	1	1	5	11	5
131042	2	7	1	11	1
131043	1	7	1	11	1
131043	2	4	2	11	2
131044	1	5	2	11	2
131044	2	4	3	11	3
131044	3	1	6	11	6
131044	4	23	1	26	1
131045	1	7	1	11	1
131045	2	3	1	11	1
131045	3	4	3	11	3
131045	4	1	4	11	4
131046	1	5	1	11	1
131046	2	1	7	11	7
131046	3	7	1	11	0
131046	4	30	6	26	6
131047	1	1	20	11	20
131047	2	2	1	11	0
131047	3	7	1	11	0
131048	1	25	1	24	1
131049	1	1	4	11	4
131049	2	3	1	11	0
131049	3	7	1	11	0
131050	1	30	30	16	30
141001	1	23	20	23	20
141005	1	14	20	26	20
141007	1	17	4	16	4
141008	1	 	 	 	 
141009	1	17	50	16	40
141013	1	21	1	21	1
141015	1	17	10	16	10
141020	1	30	5	23	5
141021	1	5	2	11	2
141021	2	4	5	11	5
141021	3	3	1	11	1
141021	4	1	1	11	1
141022	1	25	1	24	1
141023	1	21	1	21	1
141024	1	30	30	26	30
141025	1	23	8	23	8
141027	1	30	1	23	1
141029	1	23	16	23	14
141033	1	25	1	24	1
141034	1	30	1	23	0
141035	1	23	8	23	8
141037	1	21	10	23	10
141040	1	17	10	16	10
141041	1	11	20	5	0
141048	1	25	1	24	0
151001	1	7	1	5	1
151001	2	5	1	11	1
151001	3	3	1	11	1
151001	4	4	3	11	1
151002	1	1	10	11	6
151002	2	4	2	11	2
151002	3	3	1	11	1
151002	4	7	1	11	1
151003	1	1	5	11	5
151003	2	3	1	11	1
151003	3	8	5	11	5
151003	4	25	1	24	1
151005	1	1	4	11	4
151005	2	3	1	11	1
151006	1	1	5	11	2
151006	2	4	2	11	0
151006	3	3	1	11	0
151008	1	7	1	11	1
151008	2	30	8	26	8
151008	3	1	5	5	5
151009	1	4	2	13	2
151009	2	2	1	11	1
151009	3	4	2	11	2
151009	4	3	1	11	0
151010	1	2	1	11	1
151010	2	5	1	11	1
151010	3	4	3	11	3
151011	1	1	3	11	3
151011	2	8	3	5	3
151012	1	4	1	11	1
151012	2	2	1	11	1
151012	3	4	3	11	3
151012	4	3	1	11	1
151012	5	1	10	11	10
151015	1	1	5	11	5
151015	2	4	3	11	3
151015	3	3	1	11	1
151016	1	1	3	11	3
151016	2	21	1	21	1
151017	1	2	1	11	1
151017	2	4	3	11	3
151017	3	3	1	11	1
151017	4	1	6	5	6
151018	1	1	2	11	2
151018	2	2	1	11	1
151018	3	3	1	11	1
151018	4	7	1	11	0
151019	1	1	5	11	5
151019	2	2	1	11	1
151019	3	4	1	11	1
151019	4	3	1	11	0
151020	1	 	 	 	 
151022	1	1	3	11	3
151022	2	8	4	11	4
151023	1	1	3	11	3
151023	2	2	1	11	1
151023	3	3	1	11	1
151023	4	4	3	11	3
151023	5	7	1	11	1
151023	6	8	5	11	5
151024	1	1	3	11	3
151024	2	2	1	11	1
151024	3	8	6	11	6
151025	1	1	6	11	6
151025	2	4	3	11	3
151025	3	2	1	11	1
151025	4	3	1	11	1
151026	1	1	6	11	6
151028	1	30	3	26	3
151028	2	4	3	11	3
151028	3	1	5	11	5
151029	1	1	2	11	2
151029	2	2	1	11	1
151029	3	3	1	11	0
151029	4	4	2	11	2
151029	5	7	1	11	0
151030	1	7	1	6	0
151030	2	21	1	21	1
151030	3	1	4	5	4
151032	1	1	3	5	3
151032	2	8	2	5	2
151032	3	21	1	21	1
151034	1	7	1	11	0
151034	2	3	1	11	1
151034	3	5	1	11	1
151034	4	1	5	11	5
151036	1	1	6	11	6
151037	1	1	5	11	5
151037	2	4	3	11	0
151037	3	3	1	11	0
151037	4	2	1	11	1
151038	1	1	5	11	5
151038	2	2	1	11	1
151038	3	4	2	11	2
151038	4	3	1	11	1
151039	1	1	3	5	3
151039	2	8	3	11	3
151040	1	7	1	11	1
151040	2	5	3	11	3
151040	3	6	1	24	0
151040	4	3	3	11	3
151040	5	1	10	11	10
151041	1	1	4	5	4
151042	1	2	1	11	1
151042	2	7	1	11	0
151042	3	4	1	11	1
151042	4	1	6	5	6
151043	1	1	3	11	3
151043	2	3	1	11	1
151043	3	8	4	11	4
151047	1	1	4	5	4
151048	1	1	1	5	1
151049	1	25	1	24	0
151049	2	1	3	5	3
161003	1	13	6	7	6
161005	1	15	20	23	20
161007	1	17	3	16	3
161008	1	4	3	11	3
161008	2	4	2	11	2
161008	3	8	3	11	3
161008	4	3	1	11	0
161009	1	1	3	11	3
161009	2	4	1	11	1
161009	3	8	3	11	3
161010	1	1	2	11	2
161012	1	1	2	5	2
161013	1	1	3	11	3
161013	2	2	1	11	1
161013	3	4	5	11	5
161013	4	3	1	11	1
161014	1	 	 	 	 
161014	2	 	 	 	 
161014	3	 	 	 	 
161015	1	5	1	11	1
161015	2	4	4	11	4
161015	3	3	2	11	2
161015	4	1	6	11	5
161016	1	4	2	11	2
161016	2	1	10	11	10
161016	3	3	1	11	1
161017	1	 	 	 	 
161018	1	1	4	11	4
161018	2	3	1	11	0
161018	3	4	4	11	4
161018	4	7	1	11	0
161019	1	4	1	11	1
161021	1	1	2	11	2
161021	2	4	3	11	3
161021	3	3	1	11	1
161021	4	8	3	11	1
161022	1	5	1	11	1
161022	2	3	1	11	1
161022	3	4	3	11	2
161022	4	1	6	11	4
161022	5	21	1	21	1
161024	1	1	3	11	3
161024	2	4	3	11	3
161024	3	8	17	11	17
161025	1	3	1	11	0
161025	2	4	2	11	0
161026	1	23	8	23	8
161026	2	1	6	11	6
161026	3	4	4	11	0
161027	1	5	2	11	2
161027	2	4	5	11	5
161027	3	3	2	11	2
161027	4	1	8	11	8
161028	1	1	15	11	15
161028	2	3	1	11	1
161028	3	4	6	11	6
161029	1	1	5	11	5
161029	2	3	1	11	1
161029	3	4	3	11	3
161029	4	8	6	11	6
161030	1	1	5	11	4
161030	2	4	2	11	0
161030	3	3	1	11	0
161031	1	5	1	11	1
161031	2	2	1	11	1
161031	3	3	1	11	1
161031	4	4	4	11	4
161032	1	21	1	21	1
161032	2	13	6	16	5
161033	1	1	10	11	10
161033	2	3	1	11	0
161034	1	1	3	11	3
161034	2	8	3	11	3
161034	3	13	3	8	3
161035	1	25	1	24	1
161036	1	15	70	12	70
161037	1	1	10	11	0
161037	2	4	3	11	0
161037	3	3	1	11	0
161041	1	21	1	21	1
161041	2	1	3	11	3
161042	1	1	2	11	2
161042	2	8	2	5	2
161043	1	1	3	5	3
161044	1	1	3	11	3
161044	2	4	1	11	1
161044	3	7	1	11	0
161045	1	1	15	11	15
161045	2	3	1	11	0
161045	3	7	1	11	1
161046	1	2	5	11	5
161046	2	3	1	11	1
161046	3	4	4	11	4
161049	1	1	8	11	8
161049	2	3	1	11	1
161049	3	4	4	11	4
161049	4	7	1	11	0
171002	1	21	1	21	1
171003	1	1	2	11	2
171004	1	1	2	11	2
171005	1	5	1	11	1
171005	2	1	4	11	4
171006	1	7	1	11	0
171006	2	5	4	11	4
171006	3	4	2	11	2
171007	1	7	1	11	0
171007	2	5	11	11	11
171007	3	4	3	11	3
171008	1	1	6	11	6
171008	2	4	3	11	3
171008	3	18	9	11	9
171009	1	1	3	29	3
171010	1	1	6	11	6
171010	2	4	1	11	1
171011	1	1	5	11	5
171011	2	4	4	11	4
171011	3	13	8	7	8
171012	1	1	3	11	3
171012	2	4	2	11	2
171012	3	8	2	12	2
171013	1	1	5	11	5
171013	2	7	1	11	0
171013	3	5	1	11	0
171013	4	4	4	11	4
171014	1	7	1	11	0
171014	2	5	5	11	5
171014	3	4	3	11	3
171015	1	7	1	11	0
171015	2	1	4	11	4
171016	1	7	1	11	0
171016	2	1	4	11	4
171017	1	4	2	11	2
171017	2	1	6	11	6
171018	1	1	3	29	3
171019	1	1	5	11	5
171019	2	4	3	11	3
171019	3	7	1	11	0
171019	4	3	1	11	0
171020	1	 	 	 	 
171021	1	1	5	11	5
171021	2	4	1	11	0
171021	3	3	1	11	0
171021	4	7	1	11	0
171022	1	5	5	11	5
171022	2	4	3	11	3
171022	3	1	8	11	8
171023	1	1	6	11	6
171023	2	4	3	11	3
171023	3	7	1	11	0
171024	1	1	8	11	8
171024	3	5	6	11	6
171024	4	7	1	11	0
171025	1	1	5	11	5
171025	2	4	3	11	3
171025	3	3	1	11	0
171025	4	7	1	11	0
171026	1	1	3	11	3
171026	2	4	3	11	3
171026	3	5	1	11	1
171026	4	7	1	11	0
171026	5	5	1	11	1
171027	1	1	3	11	3
171027	2	7	1	11	0
171028	1	1	2	11	2
171029	1	7	1	11	0
171029	2	4	2	11	2
171029	3	1	3	11	3
171030	1	25	1	24	1
171031	1	1	4	11	4
171031	2	4	2	11	0
171031	3	7	1	11	0
171032	1	1	4	11	4
171032	2	4	4	11	4
171032	3	7	1	11	0
171033	1	25	1	24	1
171035	1	13	15	7	15
171035	2	11	10	4	10
171036	1	25	1	24	1
171037	1	13	6	7	6
171038	1	1	7	11	7
171038	2	7	1	11	0
171038	3	21	1	21	1
171038	4	25	1	24	1
171039	1	23	2	23	2
171040	1	7	1	11	0
171040	2	4	3	11	0
171040	3	1	3	11	3
171040	4	25	1	24	1
171041	1	30	4	26	4
171042	1	1	5	11	5
171042	2	4	3	11	3
171042	3	7	1	11	0
171043	1	1	3	11	3
171044	1	15	6	23	6
171045	1	1	2	11	2
171045	2	7	1	11	0
171046	1	7	1	11	0
171046	2	4	1	11	1
171047	1	1	3	11	3
171047	2	7	1	11	0
171047	3	4	3	11	3
171048	1	1	3	11	3
171048	2	7	1	11	0
171049	1	1	3	11	3
171049	2	7	1	11	0
171049	4	5	1	11	1
171050	1	7	2	11	0
171050	2	6	1	11	0
171050	3	4	2	11	0
181001	1	1	4	11	4
181001	2	4	3	11	3
181001	3	7	1	11	0
181002	1	1	2	29	2
181003	1	25	1	24	1
181004	1	1	2	11	2
181004	2	15	3	12	2
181004	3	7	1	11	0
181005	1	1	5	11	5
181005	2	4	3	11	0
181005	3	5	1	11	0
181005	4	7	1	11	0
181007	1	7	1	11	0
181007	2	5	10	11	10
181007	3	1	3	11	3
181008	1	1	5	11	5
181008	2	4	3	11	3
181008	3	7	1	11	0
181009	1	25	1	24	0
181010	1	25	1	24	1
181011	1	1	3	11	3
181011	2	4	3	11	3
181011	3	7	1	11	0
181012	1	1	6	11	6
181012	2	3	1	11	1
181012	3	5	1	11	1
181012	4	7	1	11	0
181013	1	1	5	11	5
181013	2	4	3	11	3
181013	3	5	1	11	0
181013	4	7	1	11	0
181014	1	1	3	11	3
181014	2	4	3	11	0
181014	3	7	1	11	0
181015	1	13	4	7	4
181016	1	23	15	23	0
181016	2	1	3	29	3
181017	1	13	4	16	4
181018	1	13	2	7	2
181019	1	25	1	24	1
181020	1	1	6	11	6
181020	2	3	1	11	1
181020	3	5	1	11	1
181020	4	7	1	11	0
181021	1	7	1	11	0
181021	2	5	12	11	12
181021	3	15	20	12	20
181023	1	1	3	11	3
181023	2	4	2	11	0
181023	3	7	1	11	0
181024	1	1	6	11	6
181024	2	4	3	11	3
181024	3	5	1	11	0
181024	5	7	1	11	0
181025	1	1	5	11	5
181025	2	4	2	11	2
181025	3	7	1	11	0
181026	1	1	3	11	3
181026	2	6	2	11	2
181026	3	7	1	11	0
181027	1	5	15	11	15
181027	2	4	4	11	4
181027	3	7	1	11	0
181028	1	1	8	11	8
181028	2	4	2	11	0
181028	3	7	1	11	0
181029	1	1	3	11	3
181029	2	4	2	11	2
181029	3	7	1	11	1
181030	1	1	10	11	10
181030	2	4	5	11	5
181030	3	7	1	11	1
181031	1	1	12	11	12
181031	2	4	4	11	4
181031	3	7	1	11	0
181032	1	1	3	11	3
181032	2	4	3	11	0
181032	3	7	1	11	0
181033	1	1	14	8	14
181033	2	7	1	11	0
181033	3	23	20	23	20
181035	1	1	2	11	2
181036	1	1	3	11	3
181036	2	4	3	11	0
181036	3	7	1	11	0
181037	1	4	3	11	3
181038	1	1	12	11	12
181038	2	4	2	11	2
181038	3	7	1	11	0
181039	1	7	1	11	0
181039	2	1	3	11	3
181040	1	1	10	11	10
181040	2	4	1	11	1
181040	3	7	1	11	0
181041	1	17	1	11	1
181041	2	7	1	11	0
181041	3	4	3	11	3
181042	1	1	8	11	8
181042	2	4	3	11	3
181042	3	7	1	11	0
181043	1	25	1	23	1
181043	2	13	10	23	10
181044	1	25	1	24	1
181044	2	1	3	5	3
181045	1	1	10	11	10
181045	2	4	3	11	3
181045	3	7	1	11	0
181046	1	1	3	11	3
181047	1	1	6	11	6
181047	2	7	1	11	0
181047	3	6	1	11	0
181048	1	1	4	11	4
181048	2	7	1	11	0
181049	1	1	2	11	2
181049	2	7	1	11	0
181050	1	21	1	21	1
191002	1	1	4	11	4
191002	2	4	3	11	3
191002	3	7	1	11	0
191002	4	5	1	11	1
191003	1	1	3	11	3
191003	2	4	2	11	2
191003	3	7	1	11	0
191004	1	1	2	11	2
191004	2	7	1	11	0
191005	1	1	5	11	1
191005	2	5	1	11	1
191005	3	7	1	11	0
191006	1	7	1	11	1
191006	2	5	13	11	13
191007	1	1	10	11	10
191007	2	5	1	11	1
191007	3	7	1	11	0
191008	1	1	3	5	3
191008	2	2	1	11	1
191008	3	4	3	11	3
191008	4	7	1	11	0
191008	5	3	1	11	1
191010	1	7	1	11	0
191010	2	5	24	11	24
191010	3	21	2	21	2
191011	1	1	12	8	12
191011	2	13	20	7	20
191012	1	1	8	11	8
191012	2	3	1	11	1
191012	3	4	1	11	1
191012	4	7	1	11	0
191013	1	1	3	5	3
191013	2	4	2	11	2
191013	3	5	1	11	1
191013	4	3	1	11	1
191013	5	7	1	11	0
191014	1	1	3	11	3
191014	2	4	2	11	0
191014	3	7	1	11	0
191015	1	1	4	11	4
191015	2	4	2	11	0
191015	3	7	1	11	0
191015	4	5	1	11	1
191016	1	1	3	5	3
191016	2	4	3	11	0
191016	3	7	1	11	0
191017	1	1	10	11	10
191017	2	4	3	11	2
191017	3	5	1	11	1
191017	4	7	1	11	0
191017	5	30	1	10	1
191018	1	1	3	5	3
191019	1	17	1	24	0
191020	1	13	10	7	6
191020	2	1	3	11	3
191021	1	1	3	11	3
191021	2	7	1	11	0
191022	1	5	12	11	12
191022	2	7	1	11	0
191022	3	1	5	11	5
191023	1	1	15	11	15
191023	2	4	4	11	4
191023	3	5	1	11	1
191023	4	7	1	11	0
191024	1	7	1	11	0
191024	2	5	12	11	12
191024	3	4	2	11	0
191026	1	30	3	26	3
191027	1	1	10	11	10
191027	2	4	4	11	4
191027	3	5	2	11	2
191027	4	7	1	11	0
191028	1	1	12	11	12
191028	2	5	2	11	2
191028	3	7	1	11	0
191029	1	7	1	11	0
191029	2	5	20	11	20
191029	3	4	3	11	0
191030	1	1	4	11	4
191030	2	3	1	11	0
191030	3	5	1	11	1
191030	4	7	1	11	0
191030	5	4	2	11	0
191031	1	1	3	11	3
191031	2	7	1	11	0
191031	3	23	2	23	2
191032	1	1	14	11	14
191032	2	5	1	11	1
191032	3	7	1	11	1
191033	1	1	3	11	3
191033	2	4	3	11	0
191033	3	5	1	11	1
191033	4	3	1	11	1
191033	5	7	1	11	0
191034	1	1	11	11	11
191034	2	4	2	11	1
191034	3	5	1	11	1
191034	4	7	1	11	0
191035	1	1	3	11	3
191035	2	4	3	11	3
191035	3	5	1	11	1
191035	4	7	1	11	0
191036	1	1	7	11	7
191036	2	4	2	11	0
191036	3	7	1	11	0
191037	1	1	3	11	3
191037	2	4	3	11	3
191037	3	5	3	11	3
191037	4	7	1	11	0
191038	1	1	12	11	12
191038	2	3	2	11	2
191038	3	5	2	11	2
191038	4	6	1	11	1
191039	1	15	20	12	20
191040	1	7	1	11	0
191040	2	5	20	11	0
191040	3	4	2	11	0
191041	1	25	1	23	1
191042	1	13	6	26	6
191043	1	1	6	8	6
191043	2	21	2	21	2
191044	1	15	15	12	15
191044	2	30	40	26	40
191045	1	1	12	11	12
191045	2	3	1	11	1
191045	3	5	1	11	1
191045	4	7	1	11	0
191046	1	7	1	11	1
191046	2	5	46	11	46
191046	3	4	3	11	3
191047	1	1	3	11	3
191047	2	4	3	11	3
191047	3	5	1	11	1
191047	4	7	1	11	0
191048	1	1	7	11	7
191048	2	7	1	11	0
191048	3	4	5	11	5
191048	4	3	1	11	1
191049	1	7	1	11	0
191049	2	1	3	11	3
191050	1	5	5	11	5
191050	2	1	3	11	3
201002	1	 	 	 	 
201004	1	25	1	24	1
201007	1	30	0	26	0
201008	1	30	1	31	1
201013	2	10	0	3	0
201015	1	13	5	8	5
201016	1	13	4	8	4
201020	1	23	6	23	6
201023	1	21	2	21	2
201026	1	25	1	24	1
201027	1	1	3	11	3
201027	2	7	1	11	0
201029	1	15	10	12	10
201032	1	9	5	2	5
201033	1	30	5	26	5
201034	1	21	3	21	3
201036	1	18	4	18	4
201039	1	25	3	24	3
201042	1	25	1	24	1
201044	1	14	9	9	9
201048	1	25	1	24	0
201049	1	30	6	26	6
