PLACEID	GBGEIDR4	GRBDIS	OTHDIS	AVGCOL	COMTH
1	1	0	 	 	 
1	2	0	 	 	 
1	3	0	 	 	 
1	4	0	 	 	 
1	5	0	 	 	 
1	9	0	 	 	 
2	1	0	 	 	 
2	2	0	 	 	 
2	3	1	 	 	1
2	4	1	 	 	2
2	5	1	 	 	2
2	9	0	 	 	 
3	1	0	 	 	 
3	2	1	 	 	2
3	3	1	 	 	2
3	4	1	 	 	1
3	5	1	 	 	1
3	9	0	 	 	 
4	1	0	 	 	 
4	2	0	 	 	 
4	3	1	 	 	2
4	4	1	 	 	3
4	5	1	 	 	1
4	9	0	 	 	 
5	1	0	 	 	 
5	2	1	 	 	1
5	3	1	 	 	2
5	4	0	 	 	 
5	5	1	 	 	2
5	9	0	 	 	 
6	1	0	 	 	 
6	2	0	 	 	 
6	3	1	 	 	2
6	4	1	 	 	3
6	5	1	 	 	1
6	9	0	 	 	 
7	1	0	 	 	 
7	2	0	 	 	 
7	3	1	 	 	1
7	4	1	 	 	2
7	5	1	 	 	3
7	9	0	 	 	 
8	1	0	 	 	 
8	2	0	 	 	 
8	3	1	 	 	1
8	4	1	 	 	3
8	5	1	 	 	2
8	9	0	 	 	 
9	1	0	 	 	 
9	2	0	 	 	 
9	3	1	 	 	1
9	4	1	 	 	3
9	5	1	 	 	2
9	9	0	 	 	 
10	1	0	 	 	 
10	2	0	 	 	 
10	3	1	 	 	1
10	4	1	 	 	3
10	5	1	 	 	2
10	9	0	 	 	 
11	1	1	 	7	1
11	2	0	 	 	 
11	3	1	 	 	3
11	4	1	 	 	2
11	5	0	 	 	 
11	9	0	 	 	 
12	1	0	 	 	 
12	2	0	 	 	 
12	3	0	 	 	 
12	4	0	 	 	 
12	5	0	 	 	 
12	9	0	 	 	 
13	1	0	 	 	 
13	2	0	 	 	 
13	3	1	 	 	1
13	4	1	 	 	2
13	5	0	 	 	 
13	9	0	 	 	 
14	1	0	 	 	 
14	2	1	 	 	1
14	3	0	 	 	 
14	4	0	 	 	 
14	5	1	 	 	2
14	9	0	 	 	 
15	1	0	 	 	 
15	2	0	 	 	 
15	3	0	 	 	 
15	4	0	 	 	 
15	5	0	 	 	 
15	9	0	 	 	 
16	1	0	 	 	 
16	2	0	 	 	 
16	3	0	 	 	 
16	4	0	 	 	 
16	5	1	 	 	1
16	9	0	 	 	 
17	1	0	 	 	 
17	2	1	 	 	2
17	3	1	 	 	3
17	4	0	 	 	 
17	5	1	 	 	1
17	9	0	 	 	 
18	1	0	 	 	 
18	2	1	 	 	1
18	3	0	 	 	 
18	4	0	 	 	 
18	5	0	 	 	 
18	9	0	 	 	 
19	1	0	 	 	 
19	2	1	 	 	2
19	3	1	 	 	3
19	4	0	 	 	 
19	5	1	 	 	1
19	9	0	 	 	 
20	1	0	 	 	 
20	2	1	 	 	1
20	3	0	 	 	 
20	4	0	 	 	 
20	5	1	 	 	1
20	9	0	 	 	 
21	1	0	 	 	 
21	2	1	 	 	1
21	3	1	 	 	3
21	4	0	 	 	 
21	5	1	 	 	1
21	9	0	 	 	 
22	1	0	 	 	 
22	2	1	 	 	1
22	3	0	 	 	 
22	4	0	 	 	 
22	5	1	 	 	2
22	9	0	 	 	 
23	1	0	 	 	 
23	2	1	 	 	3
23	3	1	 	 	1
23	4	0	 	 	 
23	5	1	 	 	2
23	9	0	 	 	 
24	1	1	 	30	1
24	2	0	 	 	 
24	3	0	 	 	 
24	4	0	 	 	 
24	5	0	 	 	 
24	9	0	 	 	 
25	1	1	 	30	1
25	2	0	 	 	 
25	3	1	 	 	2
25	4	1	 	 	1
25	5	0	 	 	 
25	9	0	 	 	 
26	1	1	 	24	1
26	2	0	 	 	 
26	3	0	 	 	 
26	4	1	 	 	1
26	5	0	 	 	 
26	9	0	 	 	 
27	1	0	 	 	 
27	2	0	 	 	 
27	3	1	 	 	1
27	4	1	 	 	0
27	5	1	 	 	2
27	9	0	 	 	 
28	1	0	 	 	 
28	2	0	 	 	 
28	3	1	 	 	1
28	4	1	 	 	3
28	5	1	 	 	2
28	9	0	 	 	 
29	1	0	 	 	 
29	2	0	 	 	 
29	3	1	 	 	1
29	4	1	 	 	2
29	5	1	 	 	3
29	9	0	 	 	 
30	1	0	 	 	 
30	2	0	 	 	 
30	3	1	 	 	1
30	4	1	 	 	2
30	5	1	 	 	3
30	9	0	 	 	 
31	1	0	 	 	 
31	2	0	 	 	 
31	3	1	 	 	1
31	4	1	 	 	3
31	5	1	 	 	2
31	9	0	 	 	 
32	1	0	 	 	 
32	2	0	 	 	 
32	3	1	 	 	1
32	4	1	 	 	0
32	5	1	 	 	2
32	9	0	 	 	 
33	1	1	 	8	1
33	2	0	 	 	 
33	3	1	 	 	3
33	4	1	 	 	2
33	5	0	 	 	 
33	9	0	 	 	 
34	1	1	 	30	1
34	2	0	 	 	 
34	3	1	 	 	3
34	4	1	 	 	2
34	5	0	 	 	 
34	9	0	 	 	 
35	1	0	 	 	 
35	2	0	 	 	 
35	3	0	 	 	 
35	4	1	 	 	1
35	5	1	 	 	2
35	9	0	 	 	 
36	1	0	 	 	 
36	2	0	 	 	 
36	3	0	 	 	 
36	4	1	 	 	1
36	5	1	 	 	2
36	9	0	 	 	 
37	1	0	 	 	 
37	2	0	 	 	 
37	3	0	 	 	 
37	4	1	 	 	1
37	5	1	 	 	2
37	9	0	 	 	 
38	1	0	 	 	 
38	2	0	 	 	 
38	3	0	 	 	 
38	4	1	 	 	1
38	5	1	 	 	2
38	9	0	 	 	 
40	1	0	 	 	 
40	2	0	 	 	 
40	3	0	 	 	 
40	4	1	 	 	1
40	5	1	 	 	2
40	9	0	 	 	 
41	1	0	 	 	 
41	2	0	 	 	 
41	3	0	 	 	 
41	4	0	 	 	 
41	5	1	 	 	1
41	9	0	 	 	 
42	1	0	 	 	 
42	2	0	 	 	 
42	3	0	 	 	 
42	4	1	 	 	1
42	5	1	 	 	2
42	9	0	 	 	 
43	1	0	 	 	 
43	2	0	 	 	 
43	3	0	 	 	 
43	4	0	 	 	 
43	5	1	 	 	1
43	9	0	 	 	 
44	1	0	 	 	 
44	2	0	 	 	 
44	3	0	 	 	 
44	4	0	 	 	 
44	5	1	 	 	1
44	9	0	 	 	 
45	1	0	 	 	 
45	2	0	 	 	 
45	3	0	 	 	 
45	4	1	 	 	1
45	5	1	 	 	2
45	9	0	 	 	 
46	1	0	 	 	 
46	2	0	 	 	 
46	3	0	 	 	 
46	4	0	 	 	 
46	5	1	 	 	1
46	9	0	 	 	 
47	1	1	 	6	1
47	2	0	 	 	 
47	3	0	 	 	 
47	4	1	 	 	2
47	5	1	 	 	2
47	9	0	 	 	 
48	1	1	 	15	1
48	2	0	 	 	 
48	3	0	 	 	 
48	4	1	 	 	2
48	5	0	 	 	 
48	9	0	 	 	 
49	1	1	 	6	1
49	2	0	 	 	 
49	3	0	 	 	 
49	4	0	 	 	 
49	5	0	 	 	 
49	9	0	 	 	 
50	1	0	 	 	 
50	2	1	 	 	2
50	3	0	 	 	 
50	4	0	 	 	 
50	5	1	 	 	1
50	9	0	 	 	 
51	1	0	 	 	 
51	2	1	 	 	2
51	3	1	 	 	1
51	4	1	 	 	3
51	5	1	 	 	0
51	9	0	 	 	 
52	1	0	 	 	 
52	2	0	 	 	 
52	3	0	 	 	 
52	4	1	 	 	1
52	5	1	 	 	1
52	9	0	 	 	 
53	1	0	 	 	 
53	2	0	 	 	 
53	3	0	 	 	 
53	4	0	 	 	 
53	5	1	 	 	1
53	9	0	 	 	 
54	1	0	 	 	 
54	2	0	 	 	 
54	3	0	 	 	 
54	4	0	 	 	 
54	5	1	 	 	1
54	9	0	 	 	 
55	1	0	 	 	 
55	2	0	 	 	 
55	3	0	 	 	 
55	4	0	 	 	 
55	5	1	 	 	1
55	9	0	 	 	 
56	1	0	 	 	 
56	2	0	 	 	 
56	3	1	 	 	2
56	4	0	 	 	 
56	5	1	 	 	1
56	9	0	 	 	 
57	1	0	 	 	 
57	2	0	 	 	 
57	3	1	 	 	1
57	4	0	 	 	 
57	5	0	 	 	 
57	9	0	 	 	 
58	1	0	 	 	 
58	2	0	 	 	 
58	3	0	 	 	 
58	4	0	 	 	 
58	5	1	 	 	1
58	9	0	 	 	 
61	1	0	 	 	 
61	2	1	 	 	3
61	3	1	 	 	2
61	4	0	 	 	 
61	5	1	 	 	1
61	9	0	 	 	 
62	1	0	 	 	 
62	2	1	 	 	3
62	3	1	 	 	2
62	4	0	 	 	 
62	5	1	 	 	1
62	9	0	 	 	 
63	1	0	 	 	 
63	2	1	 	 	3
63	3	1	 	 	2
63	4	0	 	 	 
63	5	1	 	 	1
63	9	0	 	 	 
64	1	0	 	 	 
64	2	1	 	 	2
64	3	1	 	 	3
64	4	0	 	 	 
64	5	1	 	 	1
64	9	0	 	 	 
65	1	0	 	 	 
65	2	1	 	 	3
65	3	1	 	 	2
65	4	0	 	 	 
65	5	1	 	 	1
65	9	0	 	 	 
66	1	0	 	 	 
66	2	1	 	 	3
66	3	1	 	 	2
66	4	0	 	 	 
66	5	1	 	 	1
66	9	0	 	 	 
67	1	0	 	 	 
67	2	1	 	 	3
67	3	1	 	 	2
67	4	0	 	 	 
67	5	1	 	 	1
67	9	0	 	 	 
68	1	0	 	 	 
68	2	1	 	 	3
68	3	1	 	 	2
68	4	0	 	 	 
68	5	1	 	 	1
68	9	0	 	 	 
69	1	0	 	 	 
69	2	1	 	 	1
69	3	1	 	 	2
69	4	0	 	 	 
69	5	1	 	 	3
69	9	0	 	 	 
70	1	0	 	 	 
70	2	1	 	 	2
70	3	1	 	 	3
70	4	0	 	 	 
70	5	1	 	 	1
70	9	0	 	 	 
71	1	0	 	 	 
71	2	0	 	 	 
71	3	0	 	 	 
71	4	0	 	 	 
71	5	1	 	 	1
71	9	0	 	 	 
72	1	0	 	 	 
72	2	1	 	 	0
72	3	0	 	 	 
72	4	0	 	 	 
72	5	1	 	 	1
72	9	0	 	 	 
73	1	0	 	 	 
73	2	0	 	 	 
73	3	0	 	 	 
73	4	0	 	 	 
73	5	1	 	 	1
73	9	0	 	 	 
74	1	0	 	 	 
74	2	1	 	 	0
74	3	1	 	 	0
74	4	0	 	 	 
74	5	1	 	 	0
74	9	0	 	 	 
75	1	0	 	 	 
75	2	0	 	 	 
75	3	0	 	 	 
75	4	0	 	 	 
75	5	1	 	 	1
75	9	0	 	 	 
76	1	0	 	 	 
76	2	1	 	 	3
76	3	1	 	 	2
76	4	0	 	 	 
76	5	1	 	 	1
76	9	0	 	 	 
77	1	0	 	 	 
77	2	1	 	 	2
77	3	1	 	 	3
77	4	0	 	 	 
77	5	1	 	 	1
77	9	0	 	 	 
78	1	0	 	 	 
78	2	1	 	 	3
78	3	1	 	 	2
78	4	0	 	 	 
78	5	1	 	 	1
78	9	0	 	 	 
79	1	0	 	 	 
79	2	1	 	 	1
79	3	1	 	 	2
79	4	0	 	 	 
79	5	1	 	 	3
79	9	0	 	 	 
80	1	0	 	 	 
80	2	1	 	 	3
80	3	1	 	 	2
80	4	0	 	 	 
80	5	1	 	 	1
80	9	0	 	 	 
81	1	0	 	 	 
81	2	1	 	 	0
81	3	0	 	 	 
81	4	0	 	 	 
81	5	1	 	 	3
81	9	0	 	 	 
82	1	0	 	 	 
82	2	1	 	 	0
82	3	0	 	 	 
82	4	0	 	 	 
82	5	1	 	 	3
82	9	0	 	 	 
83	1	0	 	 	 
83	2	0	 	 	 
83	3	0	 	 	 
83	4	0	 	 	 
83	5	1	 	 	1
83	9	0	 	 	 
84	1	0	 	 	 
84	2	1	 	 	0
84	3	1	 	 	0
84	4	0	 	 	 
84	5	1	 	 	3
84	9	0	 	 	 
85	1	0	 	 	 
85	2	1	 	 	0
85	3	0	 	 	 
85	4	0	 	 	 
85	5	1	 	 	2
85	9	0	 	 	 
86	1	1	 	15	1
86	2	0	 	 	 
86	3	0	 	 	 
86	4	0	 	 	 
86	5	0	 	 	 
86	9	0	 	 	 
87	1	1	 	30	1
87	2	0	 	 	 
87	3	0	 	 	 
87	4	1	 	 	1
87	5	0	 	 	 
87	9	0	 	 	 
88	1	1	 	20	1
88	2	0	 	 	 
88	3	0	 	 	 
88	4	0	 	 	 
88	5	0	 	 	 
88	9	0	 	 	 
89	1	1	 	5	1
89	2	1	 	 	1
89	3	1	 	 	1
89	4	1	 	 	1
89	5	0	 	 	 
89	9	0	 	 	 
90	1	1	 	20	1
90	2	0	 	 	 
90	3	1	 	 	2
90	4	1	 	 	2
90	5	0	 	 	 
90	9	0	 	 	 
91	1	1	 	20	2
91	2	0	 	 	 
91	3	1	 	 	2
91	4	1	 	 	3
91	5	0	 	 	 
91	9	0	 	 	 
92	1	0	 	 	 
92	2	1	 	 	1
92	3	1	 	 	3
92	4	0	 	 	 
92	5	1	 	 	2
92	9	0	 	 	 
93	1	0	 	 	 
93	2	0	 	 	 
93	3	1	 	 	1
93	4	1	 	 	2
93	5	1	 	 	3
93	9	0	 	 	 
94	1	1	 	30	1
94	2	0	 	 	 
94	3	1	 	 	3
94	4	1	 	 	2
94	5	0	 	 	 
94	9	0	 	 	 
96	1	0	 	 	 
96	2	0	 	 	 
96	3	0	 	 	 
96	4	0	 	 	 
96	5	1	 	 	2
96	9	0	 	 	 
97	1	0	 	 	 
97	2	0	 	 	 
97	3	1	 	 	2
97	4	0	 	 	 
97	5	1	 	 	1
97	9	0	 	 	 
99	1	0	 	 	 
99	2	0	 	 	 
99	3	1	 	 	2
99	4	1	 	 	1
99	5	1	 	 	3
99	9	0	 	 	 
101	1	1	 	0	1
101	2	1	 	 	2
101	3	0	 	 	 
101	4	1	 	 	1
101	5	0	 	 	 
101	9	0	 	 	 
102	1	1	 	30	1
102	2	1	 	 	2
102	3	0	 	 	 
102	4	1	 	 	1
102	5	0	 	 	 
102	9	0	 	 	 
