PLACEID	PPIDR4	POLLPROB	POLLAFFCT	POLL3YRS
1	1	0	 	 
1	2	0	 	 
1	3	0	 	 
1	4	0	 	 
1	5	0	 	 
1	6	0	 	 
1	7	1	2	3
1	8	0	 	 
1	9	1	2	3
1	10	0	 	 
1	11	0	 	 
1	12	1	2	3
1	13	0	 	 
1	14	0	 	 
2	1	1	1	3
2	2	0	 	 
2	3	0	 	 
2	4	0	 	 
2	5	0	 	 
2	6	0	 	 
2	7	1	2	2
2	8	0	 	 
2	9	1	1	3
2	10	1	1	1
2	11	1	2	3
2	12	1	1	2
2	13	1	2	3
2	14	0	 	 
3	1	0	 	 
3	2	1	2	2
3	3	1	2	3
3	4	1	1	2
3	5	0	 	 
3	6	0	 	 
3	7	1	1	2
3	8	0	 	 
3	9	0	 	 
3	10	1	2	2
3	11	1	1	1
3	12	0	 	 
3	13	1	1	1
3	14	0	 	 
4	1	0	 	 
4	2	0	 	 
4	3	0	 	 
4	4	1	2	3
4	5	0	 	 
4	6	0	 	 
4	7	0	 	 
4	8	0	 	 
4	9	0	 	 
4	10	0	 	 
4	11	1	2	3
4	12	0	 	 
4	13	1	2	2
4	14	0	 	 
5	1	0	 	 
5	2	0	 	 
5	3	0	 	 
5	4	1	2	2
5	5	0	 	 
5	6	0	 	 
5	7	0	 	 
5	8	0	 	 
5	9	0	 	 
5	10	0	 	 
5	11	0	 	 
5	12	0	 	 
5	13	0	 	 
5	14	0	 	 
6	1	1	1	2
6	2	0	 	 
6	3	0	 	 
6	4	1	2	3
6	5	0	 	 
6	6	0	 	 
6	7	0	 	 
6	8	1	2	3
6	9	1	1	1
6	10	1	2	3
6	11	1	1	2
6	12	0	 	 
6	13	1	2	3
6	14	0	 	 
7	1	0	 	 
7	2	0	 	 
7	3	0	 	 
7	4	1	1	2
7	5	1	2	2
7	6	0	 	 
7	7	0	 	 
7	8	0	 	 
7	9	0	 	 
7	10	0	 	 
7	11	0	 	 
7	12	0	 	 
7	13	0	 	 
7	14	0	 	 
8	1	0	 	 
8	2	0	 	 
8	3	0	 	 
8	4	1	1	2
8	5	1	2	2
8	6	0	 	 
8	7	0	 	 
8	8	0	 	 
8	9	0	 	 
8	10	0	 	 
8	11	0	 	 
8	12	0	 	 
8	13	0	 	 
8	14	0	 	 
9	1	0	 	 
9	2	0	 	 
9	3	0	 	 
9	4	1	1	2
9	5	1	2	2
9	6	0	 	 
9	7	0	 	 
9	8	0	 	 
9	9	0	 	 
9	10	0	 	 
9	11	1	2	3
9	12	0	 	 
9	13	1	2	2
9	14	0	 	 
10	1	0	 	 
10	2	0	 	 
10	3	0	 	 
10	4	1	1	2
10	5	1	2	2
10	6	0	 	 
10	7	0	 	 
10	8	0	 	 
10	9	0	 	 
10	10	0	 	 
10	11	0	 	 
10	12	0	 	 
10	13	0	 	 
10	14	0	 	 
11	1	0	 	 
11	2	0	 	 
11	3	0	 	 
11	4	1	1	2
11	5	1	2	2
11	6	0	 	 
11	7	0	 	 
11	8	1	2	3
11	9	0	 	 
11	10	1	1	2
11	11	0	 	 
11	12	0	 	 
11	13	1	1	2
11	14	0	 	 
12	1	0	 	 
12	2	0	 	 
12	3	0	 	 
12	4	0	 	 
12	5	0	 	 
12	6	0	 	 
12	7	0	 	 
12	8	0	 	 
12	9	0	 	 
12	10	0	 	 
12	11	0	 	 
12	12	0	 	 
12	13	0	 	 
12	14	0	 	 
13	1	0	 	 
13	2	0	 	 
13	3	0	 	 
13	4	0	 	 
13	5	0	 	 
13	6	0	 	 
13	7	1	2	2
13	8	0	 	 
13	9	0	 	 
13	10	0	 	 
13	11	1	2	2
13	12	0	 	 
13	13	1	1	2
13	14	1	1	1
14	1	0	 	 
14	2	1	1	1
14	3	0	 	 
14	4	0	 	 
14	5	0	 	 
14	6	0	 	 
14	7	1	1	1
14	8	0	 	 
14	9	0	 	 
14	10	0	 	 
14	11	0	 	 
14	12	0	 	 
14	13	1	2	3
14	14	0	 	 
15	1	0	 	 
15	2	0	 	 
15	3	0	 	 
15	4	0	 	 
15	5	0	 	 
15	6	0	 	 
15	7	0	 	 
15	8	0	 	 
15	9	0	 	 
15	10	0	 	 
15	11	0	 	 
15	12	0	 	 
15	13	0	 	 
15	14	0	 	 
16	1	1	2	1
16	2	0	 	 
16	3	0	 	 
16	4	1	2	2
16	5	1	2	2
16	6	0	 	 
16	7	0	 	 
16	8	0	 	 
16	9	1	1	2
16	10	1	1	1
16	11	1	2	2
16	12	1	1	2
16	13	1	2	2
16	14	0	 	 
17	1	0	 	 
17	2	0	 	 
17	3	0	 	 
17	4	1	2	2
17	5	0	 	 
17	6	0	 	 
17	7	1	2	2
17	8	0	 	 
17	9	0	 	 
17	10	0	 	 
17	11	1	2	2
17	12	0	 	 
17	13	1	2	2
17	14	0	 	 
18	1	0	 	 
18	2	0	 	 
18	3	0	 	 
18	4	0	 	 
18	5	1	2	2
18	6	0	 	 
18	7	0	 	 
18	8	0	 	 
18	9	0	 	 
18	10	0	 	 
18	11	1	2	1
18	12	0	 	 
18	13	0	 	 
18	14	0	 	 
19	1	0	 	 
19	2	0	 	 
19	3	0	 	 
19	4	0	 	 
19	5	1	2	3
19	6	0	 	 
19	7	1	1	1
19	8	0	 	 
19	9	0	 	 
19	10	0	 	 
19	11	1	1	3
19	12	0	 	 
19	13	1	1	1
19	14	0	 	 
20	1	0	 	 
20	2	0	 	 
20	3	0	 	 
20	4	0	 	 
20	5	1	2	2
20	6	0	 	 
20	7	1	2	2
20	8	1	2	4
20	9	0	 	 
20	10	0	 	 
20	11	0	 	 
20	12	0	 	 
20	13	0	 	 
20	14	0	 	 
21	1	0	 	 
21	2	1	2	3
21	3	0	 	 
21	4	1	2	2
21	5	1	2	3
21	6	0	 	 
21	7	0	 	 
21	8	1	2	3
21	9	0	 	 
21	10	0	 	 
21	11	1	1	2
21	12	0	 	 
21	13	1	1	1
21	14	0	 	 
22	1	0	 	 
22	2	0	 	 
22	3	0	 	 
22	4	0	 	 
22	5	1	2	4
22	6	0	 	 
22	7	0	 	 
22	8	1	2	1
22	9	0	 	 
22	10	1	2	4
22	11	1	2	4
22	12	1	2	3
22	13	1	2	2
22	14	0	 	 
23	1	0	 	 
23	2	1	1	1
23	3	0	 	 
23	4	1	1	1
23	5	0	 	 
23	6	0	 	 
23	7	1	2	2
23	8	0	 	 
23	9	0	 	 
23	10	1	1	1
23	11	0	 	 
23	12	1	1	1
23	13	1	1	1
23	14	0	 	 
24	1	0	 	 
24	2	0	 	 
24	3	0	 	 
24	4	0	 	 
24	5	0	 	 
24	6	0	 	 
24	7	0	 	 
24	8	0	 	 
24	9	0	 	 
24	10	0	 	 
24	11	0	 	 
24	12	0	 	 
24	13	1	2	3
24	14	0	 	 
25	1	0	 	 
25	2	0	 	 
25	3	0	 	 
25	4	1	2	3
25	5	1	2	2
25	6	0	 	 
25	7	0	 	 
25	8	1	2	3
25	9	0	 	 
25	10	1	1	1
25	11	0	 	 
25	12	1	1	1
25	13	1	1	1
25	14	0	 	 
26	1	0	 	 
26	2	0	 	 
26	3	0	 	 
26	4	0	 	 
26	5	0	 	 
26	6	0	 	 
26	7	0	 	 
26	8	0	 	 
26	9	0	 	 
26	10	0	 	 
26	11	0	 	 
26	12	0	 	 
26	13	0	 	 
26	14	0	 	 
27	1	0	 	 
27	2	0	 	 
27	3	0	 	 
27	4	1	2	4
27	5	0	 	 
27	6	0	 	 
27	7	0	 	 
27	8	0	 	 
27	9	0	 	 
27	10	0	 	 
27	11	0	 	 
27	12	0	 	 
27	13	0	 	 
27	14	0	 	 
28	1	0	 	 
28	2	0	 	 
28	3	0	 	 
28	4	1	2	2
28	5	1	2	2
28	6	0	 	 
28	7	0	 	 
28	8	0	 	 
28	9	0	 	 
28	10	0	 	 
28	11	0	 	 
28	12	0	 	 
28	13	0	 	 
28	14	0	 	 
29	1	0	 	 
29	2	0	 	 
29	3	0	 	 
29	4	1	2	2
29	5	1	2	2
29	6	0	 	 
29	7	0	 	 
29	8	0	 	 
29	9	0	 	 
29	10	0	 	 
29	11	1	2	2
29	12	0	 	 
29	13	0	 	 
29	14	0	 	 
30	1	0	 	 
30	2	0	 	 
30	3	0	 	 
30	4	1	2	2
30	5	1	2	2
30	6	0	 	 
30	7	0	 	 
30	8	0	 	 
30	9	0	 	 
30	10	0	 	 
30	11	0	 	 
30	12	0	 	 
30	13	0	 	 
30	14	0	 	 
31	1	0	 	 
31	2	0	 	 
31	3	0	 	 
31	4	1	2	2
31	5	1	2	2
31	6	0	 	 
31	7	0	 	 
31	8	0	 	 
31	9	0	 	 
31	10	0	 	 
31	11	0	 	 
31	12	0	 	 
31	13	0	 	 
31	14	0	 	 
32	1	0	 	 
32	2	0	 	 
32	3	0	 	 
32	4	1	2	3
32	5	0	 	 
32	6	0	 	 
32	7	0	 	 
32	8	0	 	 
32	9	0	 	 
32	10	0	 	 
32	11	0	 	 
32	12	0	 	 
32	13	0	 	 
32	14	0	 	 
33	1	0	 	 
33	2	1	1	2
33	3	0	 	 
33	4	1	1	2
33	5	1	1	2
33	6	0	 	 
33	7	0	 	 
33	8	1	2	2
33	9	0	 	 
33	10	1	1	2
33	11	0	 	 
33	12	1	1	2
33	13	1	1	2
33	14	0	 	 
34	1	0	 	 
34	2	0	 	 
34	3	0	 	 
34	4	1	2	2
34	5	1	2	2
34	6	0	 	 
34	7	0	 	 
34	8	0	 	 
34	9	0	 	 
34	10	1	1	2
34	11	0	 	 
34	12	1	1	2
34	13	1	2	3
34	14	0	 	 
35	1	0	 	 
35	2	0	 	 
35	3	0	 	 
35	4	0	 	 
35	5	0	 	 
35	6	0	 	 
35	7	0	 	 
35	8	0	 	 
35	9	0	 	 
35	10	0	 	 
35	11	0	 	 
35	12	0	 	 
35	13	1	1	1
35	14	0	 	 
36	1	0	 	 
36	2	0	 	 
36	3	0	 	 
36	4	0	 	 
36	5	0	 	 
36	6	0	 	 
36	7	0	 	 
36	8	0	 	 
36	9	0	 	 
36	10	0	 	 
36	11	0	 	 
36	12	0	 	 
36	13	0	 	 
36	14	0	 	 
37	1	0	 	 
37	2	0	 	 
37	3	0	 	 
37	4	0	 	 
37	5	0	 	 
37	6	0	 	 
37	7	0	 	 
37	8	0	 	 
37	9	0	 	 
37	10	0	 	 
37	11	0	 	 
37	12	0	 	 
37	13	1	1	1
37	14	0	 	 
38	1	0	 	 
38	2	0	 	 
38	3	0	 	 
38	4	0	 	 
38	5	0	 	 
38	6	0	 	 
38	7	0	 	 
38	8	0	 	 
38	9	0	 	 
38	10	0	 	 
38	11	0	 	 
38	12	0	 	 
38	13	1	2	2
38	14	0	 	 
40	1	0	 	 
40	2	0	 	 
40	3	0	 	 
40	4	0	 	 
40	5	0	 	 
40	6	0	 	 
40	7	0	 	 
40	8	0	 	 
40	9	0	 	 
40	10	0	 	 
40	11	0	 	 
40	12	0	 	 
40	13	1	1	1
40	14	0	 	 
41	1	0	 	 
41	2	0	 	 
41	3	0	 	 
41	4	0	 	 
41	5	0	 	 
41	6	0	 	 
41	7	0	 	 
41	8	0	 	 
41	9	0	 	 
41	10	0	 	 
41	11	0	 	 
41	12	0	 	 
41	13	1	2	2
41	14	0	 	 
42	1	0	 	 
42	2	0	 	 
42	3	0	 	 
42	4	0	 	 
42	5	0	 	 
42	6	0	 	 
42	7	0	 	 
42	8	0	 	 
42	9	0	 	 
42	10	0	 	 
42	11	0	 	 
42	12	0	 	 
42	13	1	2	3
42	14	0	 	 
43	1	0	 	 
43	2	0	 	 
43	3	0	 	 
43	4	0	 	 
43	5	0	 	 
43	6	0	 	 
43	7	0	 	 
43	8	0	 	 
43	9	0	 	 
43	10	0	 	 
43	11	0	 	 
43	12	0	 	 
43	13	0	 	 
43	14	0	 	 
44	1	0	 	 
44	2	0	 	 
44	3	0	 	 
44	4	0	 	 
44	5	0	 	 
44	6	0	 	 
44	7	0	 	 
44	8	0	 	 
44	9	0	 	 
44	10	0	 	 
44	11	0	 	 
44	12	0	 	 
44	13	0	 	 
44	14	0	 	 
45	1	0	 	 
45	2	0	 	 
45	3	0	 	 
45	4	0	 	 
45	5	0	 	 
45	6	0	 	 
45	7	0	 	 
45	8	0	 	 
45	9	0	 	 
45	10	0	 	 
45	11	0	 	 
45	12	0	 	 
45	13	1	2	2
45	14	0	 	 
46	1	0	 	 
46	2	0	 	 
46	3	0	 	 
46	4	0	 	 
46	5	0	 	 
46	6	0	 	 
46	7	0	 	 
46	8	0	 	 
46	9	0	 	 
46	10	0	 	 
46	11	0	 	 
46	12	0	 	 
46	13	0	 	 
46	14	0	 	 
47	1	0	 	 
47	2	0	 	 
47	3	0	 	 
47	4	0	 	 
47	5	1	2	3
47	6	0	 	 
47	7	0	 	 
47	8	1	2	3
47	9	0	 	 
47	10	1	2	2
47	11	0	 	 
47	12	1	2	3
47	13	0	 	 
47	14	0	 	 
48	1	1	1	1
48	2	0	 	 
48	3	1	1	1
48	4	0	 	 
48	5	0	 	 
48	6	0	 	 
48	7	1	2	3
48	8	0	 	 
48	9	0	 	 
48	10	0	 	 
48	11	0	 	 
48	12	0	 	 
48	13	1	1	3
48	14	0	 	 
49	1	0	 	 
49	2	0	 	 
49	3	0	 	 
49	4	0	 	 
49	5	0	 	 
49	6	0	 	 
49	7	0	 	 
49	8	0	 	 
49	9	0	 	 
49	10	1	2	2
49	11	0	 	 
49	12	1	2	2
49	13	0	 	 
49	14	0	 	 
50	1	0	 	 
50	2	0	 	 
50	3	0	 	 
50	4	0	 	 
50	5	1	2	3
50	6	0	 	 
50	7	1	1	2
50	8	0	 	 
50	9	0	 	 
50	10	0	 	 
50	11	1	1	2
50	12	0	 	 
50	13	0	 	 
50	14	0	 	 
51	1	0	 	 
51	2	0	 	 
51	3	0	 	 
51	4	0	 	 
51	5	0	 	 
51	6	0	 	 
51	7	1	1	2
51	8	0	 	 
51	9	0	 	 
51	10	0	 	 
51	11	1	1	2
51	12	0	 	 
51	13	0	 	 
51	14	0	 	 
52	1	0	 	 
52	2	1	1	2
52	3	1	1	2
52	4	0	 	 
52	5	0	 	 
52	6	0	 	 
52	7	1	1	2
52	8	0	 	 
52	9	0	 	 
52	10	0	 	 
52	11	1	2	2
52	12	0	 	 
52	13	0	 	 
52	14	0	 	 
53	1	0	 	 
53	2	0	 	 
53	3	0	 	 
53	4	0	 	 
53	5	0	 	 
53	6	0	 	 
53	7	1	1	1
53	8	0	 	 
53	9	0	 	 
53	10	0	 	 
53	11	1	2	2
53	12	0	 	 
53	13	0	 	 
53	14	0	 	 
54	1	0	 	 
54	2	0	 	 
54	3	0	 	 
54	4	0	 	 
54	5	0	 	 
54	6	0	 	 
54	7	1	2	3
54	8	0	 	 
54	9	0	 	 
54	10	0	 	 
54	11	0	 	 
54	12	0	 	 
54	13	0	 	 
54	14	0	 	 
55	1	0	 	 
55	2	0	 	 
55	3	0	 	 
55	4	0	 	 
55	5	0	 	 
55	6	0	 	 
55	7	1	1	2
55	8	0	 	 
55	9	0	 	 
55	10	0	 	 
55	11	1	2	2
55	12	0	 	 
55	13	0	 	 
55	14	0	 	 
56	1	0	 	 
56	2	1	1	1
56	3	0	 	 
56	4	1	2	2
56	5	1	1	1
56	6	0	 	 
56	7	1	2	2
56	8	0	 	 
56	9	0	 	 
56	10	0	 	 
56	11	1	1	2
56	12	0	 	 
56	13	1	1	1
56	14	0	 	 
57	1	0	 	 
57	2	0	 	 
57	3	0	 	 
57	4	0	 	 
57	5	0	 	 
57	6	0	 	 
57	7	0	 	 
57	8	0	 	 
57	9	0	 	 
57	10	0	 	 
57	11	0	 	 
57	12	0	 	 
57	13	0	 	 
57	14	0	 	 
58	1	0	 	 
58	2	0	 	 
58	3	0	 	 
58	4	0	 	 
58	5	0	 	 
58	6	0	 	 
58	7	1	2	3
58	8	0	 	 
58	9	0	 	 
58	10	0	 	 
58	11	1	1	2
58	12	0	 	 
58	13	0	 	 
58	14	0	 	 
61	1	0	 	 
61	2	1	2	3
61	3	1	2	3
61	4	1	2	3
61	5	1	1	2
61	6	0	 	 
61	7	0	 	 
61	8	0	 	 
61	9	0	 	 
61	10	0	 	 
61	11	1	2	1
61	12	0	 	 
61	13	1	1	1
61	14	0	 	 
62	1	0	 	 
62	2	1	2	3
62	3	0	 	 
62	4	1	2	3
62	5	1	2	3
62	6	1	2	2
62	7	0	 	 
62	8	0	 	 
62	9	0	 	 
62	10	0	 	 
62	11	1	1	1
62	12	0	 	 
62	13	1	2	2
62	14	0	 	 
63	1	0	 	 
63	2	1	2	2
63	3	0	 	 
63	4	1	2	3
63	5	1	2	2
63	6	1	2	2
63	7	0	 	 
63	8	0	 	 
63	9	0	 	 
63	10	0	 	 
63	11	1	1	1
63	12	0	 	 
63	13	1	2	2
63	14	0	 	 
64	1	0	 	 
64	2	0	 	 
64	3	0	 	 
64	4	1	2	2
64	5	1	2	2
64	6	0	 	 
64	7	1	2	3
64	8	0	 	 
64	9	0	 	 
64	10	0	 	 
64	11	1	1	1
64	12	0	 	 
64	13	1	1	2
64	14	0	 	 
65	1	0	 	 
65	2	1	2	2
65	3	0	 	 
65	4	1	2	3
65	5	0	 	 
65	6	1	2	2
65	7	1	2	2
65	8	0	 	 
65	9	0	 	 
65	10	0	 	 
65	11	1	2	2
65	12	0	 	 
65	13	0	 	 
65	14	0	 	 
66	1	0	 	 
66	2	1	1	1
66	3	1	1	2
66	4	1	2	3
66	5	1	2	2
66	6	1	2	2
66	7	1	1	1
66	8	0	 	 
66	9	0	 	 
66	10	0	 	 
66	11	1	1	1
66	12	0	 	 
66	13	1	1	1
66	14	0	 	 
67	1	0	 	 
67	2	1	2	2
67	3	1	2	1
67	4	1	2	2
67	5	1	2	2
67	6	1	2	2
67	7	1	2	2
67	8	0	 	 
67	9	0	 	 
67	10	0	 	 
67	11	1	2	2
67	12	0	 	 
67	13	1	2	1
67	14	0	 	 
68	1	0	 	 
68	2	1	2	2
68	3	0	 	 
68	4	1	1	3
68	5	0	 	 
68	6	0	 	 
68	7	1	2	3
68	8	0	 	 
68	9	0	 	 
68	10	0	 	 
68	11	1	1	3
68	12	0	 	 
68	13	1	1	2
68	14	0	 	 
69	1	0	 	 
69	2	1	2	3
69	3	1	2	3
69	4	1	2	2
69	5	1	2	2
69	6	1	2	3
69	7	1	2	2
69	8	0	 	 
69	9	0	 	 
69	10	0	 	 
69	11	1	1	1
69	12	0	 	 
69	13	1	1	1
69	14	0	 	 
70	1	0	 	 
70	2	1	2	3
70	3	1	2	3
70	4	1	2	3
70	5	1	2	3
70	6	1	2	3
70	7	1	2	3
70	8	0	 	 
70	9	0	 	 
70	10	0	 	 
70	11	0	 	 
70	12	0	 	 
70	13	1	1	1
70	14	0	 	 
71	1	0	 	 
71	2	1	1	2
71	3	0	 	 
71	4	0	 	 
71	5	0	 	 
71	6	0	 	 
71	7	0	 	 
71	8	0	 	 
71	9	0	 	 
71	10	0	 	 
71	11	0	 	 
71	12	0	 	 
71	13	0	 	 
71	14	0	 	 
72	1	0	 	 
72	2	1	1	2
72	3	0	 	 
72	4	1	1	2
72	5	0	 	 
72	6	0	 	 
72	7	1	1	2
72	8	0	 	 
72	9	0	 	 
72	10	0	 	 
72	11	0	 	 
72	12	0	 	 
72	13	1	1	1
72	14	0	 	 
73	1	0	 	 
73	2	0	 	 
73	3	0	 	 
73	4	0	 	 
73	5	0	 	 
73	6	0	 	 
73	7	1	2	2
73	8	0	 	 
73	9	0	 	 
73	10	0	 	 
73	11	0	 	 
73	12	0	 	 
73	13	0	 	 
73	14	0	 	 
74	1	0	 	 
74	2	0	 	 
74	3	0	 	 
74	4	0	 	 
74	5	1	1	2
74	6	0	 	 
74	7	1	1	2
74	8	0	 	 
74	9	0	 	 
74	10	1	2	1
74	11	1	2	2
74	12	0	 	 
74	13	1	1	1
74	14	0	 	 
75	1	0	 	 
75	2	0	 	 
75	3	0	 	 
75	4	0	 	 
75	5	0	 	 
75	6	0	 	 
75	7	0	 	 
75	8	0	 	 
75	9	0	 	 
75	10	0	 	 
75	11	0	 	 
75	12	0	 	 
75	13	1	2	2
75	14	0	 	 
76	1	0	 	 
76	2	1	2	2
76	3	0	 	 
76	4	1	2	2
76	5	1	2	2
76	6	0	 	 
76	7	0	 	 
76	8	0	 	 
76	9	0	 	 
76	10	0	 	 
76	11	1	2	3
76	12	0	 	 
76	13	1	1	2
76	14	0	 	 
77	1	0	 	 
77	2	1	2	2
77	3	0	 	 
77	4	0	 	 
77	5	1	2	2
77	6	0	 	 
77	7	1	2	3
77	8	0	 	 
77	9	0	 	 
77	10	1	2	3
77	11	1	1	1
77	12	0	 	 
77	13	1	2	3
77	14	0	 	 
78	1	0	 	 
78	2	1	2	1
78	3	0	 	 
78	4	1	2	2
78	5	1	2	2
78	6	1	2	2
78	7	1	2	3
78	8	0	 	 
78	9	0	 	 
78	10	0	 	 
78	11	0	 	 
78	12	0	 	 
78	13	1	2	2
78	14	0	 	 
79	1	0	 	 
79	2	1	2	2
79	3	0	 	 
79	4	1	2	3
79	5	1	2	3
79	6	0	 	 
79	7	0	 	 
79	8	0	 	 
79	9	0	 	 
79	10	0	 	 
79	11	1	1	1
79	12	0	 	 
79	13	0	 	 
79	14	0	 	 
80	1	0	 	 
80	2	1	1	1
80	3	1	1	1
80	4	1	1	1
80	5	1	1	1
80	6	1	1	1
80	7	1	2	3
80	8	0	 	 
80	9	0	 	 
80	10	0	 	 
80	11	0	 	 
80	12	0	 	 
80	13	1	1	1
80	14	0	 	 
81	1	0	 	 
81	2	1	1	2
81	3	0	 	 
81	4	1	1	2
81	5	0	 	 
81	6	0	 	 
81	7	1	1	2
81	8	0	 	 
81	9	0	 	 
81	10	0	 	 
81	11	0	 	 
81	12	0	 	 
81	13	1	1	1
81	14	0	 	 
82	1	0	 	 
82	2	0	 	 
82	3	0	 	 
82	4	1	2	2
82	5	0	 	 
82	6	0	 	 
82	7	1	2	2
82	8	0	 	 
82	9	0	 	 
82	10	0	 	 
82	11	1	2	3
82	12	0	 	 
82	13	1	2	2
82	14	0	 	 
83	1	0	 	 
83	2	0	 	 
83	3	0	 	 
83	4	0	 	 
83	5	0	 	 
83	6	0	 	 
83	7	0	 	 
83	8	0	 	 
83	9	0	 	 
83	10	0	 	 
83	11	0	 	 
83	12	0	 	 
83	13	1	1	2
83	14	0	 	 
84	1	0	 	 
84	2	1	2	2
84	3	0	 	 
84	4	1	2	1
84	5	0	 	 
84	6	0	 	 
84	7	1	2	2
84	8	0	 	 
84	9	0	 	 
84	10	0	 	 
84	11	0	 	 
84	12	0	 	 
84	13	1	2	1
84	14	0	 	 
85	1	0	 	 
85	2	0	 	 
85	3	0	 	 
85	4	1	2	3
85	5	0	 	 
85	6	0	 	 
85	7	1	2	3
85	8	0	 	 
85	9	0	 	 
85	10	1	2	3
85	11	1	2	3
85	12	0	 	 
85	13	1	2	3
85	14	0	 	 
86	1	0	 	 
86	2	0	 	 
86	3	0	 	 
86	4	1	2	2
86	5	0	 	 
86	6	0	 	 
86	7	0	 	 
86	8	0	 	 
86	9	0	 	 
86	10	1	1	2
86	11	0	 	 
86	12	1	1	2
86	13	1	1	2
86	14	0	 	 
87	1	0	 	 
87	2	0	 	 
87	3	0	 	 
87	4	1	2	2
87	5	0	 	 
87	6	0	 	 
87	7	0	 	 
87	8	0	 	 
87	9	0	 	 
87	10	1	2	2
87	11	0	 	 
87	12	1	2	2
87	13	1	2	3
87	14	0	 	 
88	1	0	 	 
88	2	0	 	 
88	3	0	 	 
88	4	0	 	 
88	5	0	 	 
88	6	0	 	 
88	7	0	 	 
88	8	0	 	 
88	9	0	 	 
88	10	1	2	2
88	11	0	 	 
88	12	1	2	2
88	13	1	2	2
88	14	0	 	 
89	1	1	2	2
89	2	1	1	2
89	3	0	 	 
89	4	1	1	1
89	5	0	 	 
89	6	0	 	 
89	7	1	2	3
89	8	1	1	2
89	9	0	 	 
89	10	0	 	 
89	11	0	 	 
89	12	1	2	3
89	13	0	 	 
89	14	0	 	 
90	1	0	 	 
90	2	0	 	 
90	3	0	 	 
90	4	1	2	2
90	5	1	2	3
90	6	1	2	3
90	7	0	 	 
90	8	0	 	 
90	9	0	 	 
90	10	0	 	 
90	11	0	 	 
90	12	0	 	 
90	13	1	2	3
90	14	0	 	 
91	1	0	 	 
91	2	1	2	2
91	3	0	 	 
91	4	0	 	 
91	5	0	 	 
91	6	0	 	 
91	7	0	 	 
91	8	1	1	1
91	9	0	 	 
91	10	0	 	 
91	11	0	 	 
91	12	0	 	 
91	13	1	1	2
91	14	1	2	2
92	1	0	 	 
92	2	0	 	 
92	3	0	 	 
92	4	1	1	3
92	5	1	1	3
92	6	0	 	 
92	7	0	 	 
92	8	0	 	 
92	9	0	 	 
92	10	1	1	1
92	11	0	 	 
92	12	1	1	1
92	13	1	1	1
92	14	0	 	 
93	1	0	 	 
93	2	0	 	 
93	3	0	 	 
93	4	1	1	2
93	5	1	2	2
93	6	0	 	 
93	7	0	 	 
93	8	0	 	 
93	9	0	 	 
93	10	0	 	 
93	11	0	 	 
93	12	0	 	 
93	13	1	2	2
93	14	0	 	 
94	1	0	 	 
94	2	1	1	2
94	3	0	 	 
94	4	1	2	2
94	5	1	2	2
94	6	0	 	 
94	7	0	 	 
94	8	1	2	3
94	9	0	 	 
94	10	1	1	2
94	11	0	 	 
94	12	1	1	2
94	13	1	1	2
94	14	0	 	 
96	1	0	 	 
96	2	0	 	 
96	3	0	 	 
96	4	1	2	2
96	5	0	 	 
96	6	0	 	 
96	7	1	2	2
96	8	0	 	 
96	9	0	 	 
96	10	0	 	 
96	11	0	 	 
96	12	0	 	 
96	13	1	1	1
96	14	0	 	 
97	1	0	 	 
97	2	1	2	3
97	3	0	 	 
97	4	0	 	 
97	5	1	2	3
97	6	1	2	3
97	7	0	 	 
97	8	0	 	 
97	9	0	 	 
97	10	1	2	3
97	11	1	2	3
97	12	0	 	 
97	13	1	2	2
97	14	0	 	 
99	1	0	 	 
99	2	0	 	 
99	3	0	 	 
99	4	1	2	3
99	5	1	2	3
99	6	0	 	 
99	7	0	 	 
99	8	0	 	 
99	9	0	 	 
99	10	0	 	 
99	11	1	1	1
99	12	0	 	 
99	13	1	2	2
99	14	0	 	 
101	1	0	 	 
101	2	0	 	 
101	3	0	 	 
101	4	0	 	 
101	5	1	2	2
101	6	0	 	 
101	7	0	 	 
101	8	1	2	3
101	9	0	 	 
101	10	1	1	1
101	11	0	 	 
101	12	1	1	1
101	13	1	1	1
101	14	0	 	 
102	1	0	 	 
102	2	1	2	3
102	3	0	 	 
102	4	1	2	2
102	5	0	 	 
102	6	0	 	 
102	7	1	2	2
102	8	0	 	 
102	9	0	 	 
102	10	1	1	2
102	11	0	 	 
102	12	1	1	2
102	13	1	1	1
102	14	0	 	 
