PLACEID	EDUCIDR4	SCHLOC	SCHDES	SCHLOW	SCHHIGH
1	1	1	3	1	5
1	2	2	1	6	10
2	1	1	3	1	5
2	2	1	3	1	7
2	3	2	1	0	12
2	4	2	1	0	12
2	5	2	1	0	10
2	6	2	1	1	12
2	7	2	3	11	12
2	8	2	1	6	10
3	1	1	3	1	5
3	2	1	3	6	10
3	3	2	1	0	10
3	4	2	1	0	10
3	6	2	1	11	12
3	7	2	1	1	10
3	8	2	1	1	12
4	1	1	3	1	5
4	2	2	1	0	10
4	3	2	1	1	10
4	4	2	3	6	10
4	5	2	1	6	10
4	6	2	3	11	12
4	7	2	1	11	12
4	8	2	3	11	12
5	1	1	3	1	7
5	2	2	3	1	10
5	3	2	1	1	10
5	4	2	1	1	10
5	5	2	1	11	12
5	6	2	1	11	12
6	1	1	3	1	5
6	2	1	3	6	10
6	3	1	3	6	10
6	4	2	1	0	10
6	5	2	1	1	10
6	6	2	1	1	10
6	7	2	1	1	10
6	8	2	1	1	10
7	1	1	3	1	5
7	2	1	3	1	5
7	3	1	3	6	10
7	4	1	3	1	5
8	1	1	3	1	5
8	2	1	3	1	5
8	3	2	3	6	10
9	1	1	3	1	5
9	2	1	3	1	5
9	3	1	3	1	5
10	1	1	3	1	5
10	2	1	3	1	5
10	3	1	3	1	5
11	1	1	3	1	5
11	2	1	3	1	10
11	3	1	3	1	10
11	4	1	3	1	7
11	5	1	1	1	10
11	6	1	3	6	10
12	1	2	3	6	10
12	2	2	3	1	5
12	3	2	1	1	10
12	4	1	3	1	7
12	5	2	1	11	12
12	6	2	1	11	12
13	1	2	1	1	10
13	2	2	3	1	5
13	3	1	3	1	7
13	4	2	3	1	5
13	5	2	3	1	5
13	6	2	3	1	10
13	7	2	1	11	12
13	8	2	1	1	10
13	9	2	3	11	12
14	1	1	3	1	7
14	2	2	3	8	10
14	3	2	3	11	12
14	4	2	3	6	10
14	5	2	3	1	10
15	1	1	3	1	5
15	2	1	3	1	5
15	3	1	3	1	5
15	5	2	3	11	12
15	6	2	1	11	12
15	7	2	1	11	12
16	1	1	3	1	7
16	2	1	3	1	5
16	3	2	1	1	10
16	4	2	1	1	10
16	5	2	3	1	10
16	6	2	3	11	12
17	1	1	3	1	7
17	2	1	3	1	5
17	3	2	3	6	10
17	4	2	1	1	12
17	5	2	1	1	10
18	1	1	3	1	7
18	2	2	1	1	10
18	3	2	3	1	10
18	4	2	3	6	10
18	5	2	1	0	10
18	6	2	3	11	12
18	7	2	3	11	12
18	8	2	1	11	12
19	1	1	3	1	7
19	2	1	3	6	10
19	3	2	3	6	10
19	4	2	3	6	10
19	5	2	1	0	10
19	6	1	3	1	5
19	7	2	3	11	12
19	8	2	1	11	12
20	1	2	3	6	10
20	2	2	3	6	10
20	3	2	3	11	12
20	4	2	3	12	12
21	1	1	3	1	5
21	2	2	3	6	10
21	3	2	1	1	10
21	4	2	1	11	12
21	5	2	1	12	12
21	6	2	1	12	12
22	1	2	3	6	10
22	2	2	8	11	12
22	3	2	8	11	12
22	4	1	3	1	5
22	5	1	3	1	5
23	1	1	3	1	5
23	2	2	3	6	10
23	3	2	1	1	10
23	4	2	3	6	10
23	5	2	1	1	10
24	1	1	1	0	7
24	2	1	8	0	10
24	3	2	8	0	10
24	4	2	3	11	12
25	1	1	3	1	5
25	2	1	3	6	10
25	3	1	1	1	10
25	4	1	1	6	10
25	5	1	1	1	10
25	6	2	1	1	10
25	7	1	1	11	12
25	8	2	3	11	12
25	9	1	1	1	10
25	10	1	1	6	10
26	1	1	3	1	5
26	2	1	3	1	7
26	3	2	1	1	10
26	4	2	1	1	10
27	1	1	3	1	5
27	2	1	3	1	10
27	3	1	3	1	5
27	4	1	3	1	5
28	1	1	3	6	10
28	2	1	3	1	5
29	1	1	3	1	7
29	2	2	1	0	10
29	3	2	3	6	10
29	4	2	3	11	12
30	1	1	3	1	5
30	2	2	3	6	10
30	3	2	3	6	12
31	1	1	3	1	5
31	2	1	3	1	5
31	3	1	3	6	10
32	1	1	3	1	5
32	2	1	8	1	5
32	3	1	3	6	10
33	1	1	3	1	5
33	2	1	3	1	5
33	3	2	8	1	5
33	4	2	8	1	5
33	5	2	1	1	10
33	6	2	3	6	10
33	7	2	3	6	10
33	8	1	1	1	10
34	1	1	8	1	5
34	2	1	8	1	5
34	3	2	3	1	7
34	4	1	8	6	12
34	5	1	3	6	10
35	1	1	3	1	5
35	2	2	3	6	10
35	3	2	1	1	10
35	4	2	1	1	10
35	5	2	1	11	12
35	6	2	1	11	12
35	7	2	1	11	12
35	8	2	3	11	12
36	1	1	3	1	5
36	2	2	3	6	10
36	3	2	1	1	10
36	4	2	1	1	10
36	5	2	1	11	12
36	6	2	1	11	12
36	7	2	1	11	12
36	8	2	3	11	12
36	9	2	1	11	12
37	1	1	3	6	10
37	2	1	3	1	5
37	3	2	3	11	12
37	4	2	1	11	12
37	5	2	1	1	10
37	6	2	1	1	10
38	1	1	3	1	7
38	2	2	3	6	10
38	3	2	1	0	10
38	4	2	1	0	10
38	5	2	3	11	12
38	6	2	1	11	12
40	1	2	3	1	7
40	2	2	3	1	5
40	3	2	3	6	10
40	4	2	1	1	10
40	5	2	1	1	10
40	6	2	1	11	12
40	7	2	3	11	12
41	1	1	3	1	5
41	2	1	2	1	10
41	3	2	1	1	10
41	4	1	3	1	10
41	5	2	3	11	12
42	1	1	3	1	5
42	2	1	3	1	5
42	3	1	3	1	5
42	4	1	3	1	5
42	5	1	3	1	5
42	6	2	1	1	10
42	7	1	3	1	10
42	8	2	3	11	12
42	9	2	1	11	12
43	1	1	3	1	5
43	2	1	3	6	10
43	3	2	1	1	10
43	4	2	3	11	12
44	1	1	3	1	5
44	2	1	3	1	5
44	3	1	3	6	10
44	4	2	2	1	10
44	5	1	3	1	5
44	6	1	3	1	5
44	7	2	3	11	12
45	1	1	3	1	5
45	2	1	3	1	5
45	3	2	3	1	8
45	4	2	3	6	10
45	5	2	1	1	10
45	6	2	1	1	10
45	7	1	3	11	12
45	8	1	3	6	10
46	1	1	3	1	5
46	2	1	3	6	10
46	3	2	1	1	5
46	4	2	1	1	10
46	5	2	3	1	10
46	6	1	3	11	12
47	1	1	3	6	10
47	2	1	11	10	0
47	3	1	3	1	5
47	4	2	3	6	12
48	1	1	3	1	7
48	2	2	3	6	10
48	3	2	6	6	12
49	1	1	3	6	10
49	2	1	11	0	10
49	3	2	3	1	10
49	4	2	3	1	10
49	5	2	3	6	12
50	1	1	3	1	5
50	2	2	3	1	5
50	3	2	11	0	10
50	4	2	3	6	10
51	1	1	3	1	6
51	2	2	11	0	10
51	3	2	11	0	10
51	4	2	3	6	10
52	1	1	3	1	5
52	2	2	3	1	5
52	3	2	3	6	10
52	4	2	11	0	10
53	1	1	3	1	5
53	2	1	3	6	10
53	3	1	11	0	10
54	1	1	3	1	5
54	2	2	3	6	10
54	3	2	1	0	12
55	1	1	3	1	5
55	2	2	3	1	5
55	3	2	3	6	10
55	4	2	11	0	10
55	5	2	11	0	10
56	1	1	3	1	7
56	2	1	3	1	5
56	3	2	11	0	5
56	4	2	3	6	10
56	5	2	3	6	10
57	1	1	3	1	5
57	2	1	3	0	5
57	3	2	3	6	10
57	4	2	11	0	5
58	1	1	3	1	5
58	2	1	3	1	5
58	3	2	3	1	5
58	4	2	11	0	10
58	5	2	3	6	10
61	1	1	3	1	5
61	2	1	3	1	5
61	3	2	3	6	10
61	4	2	3	11	12
62	1	1	3	1	5
62	2	2	3	6	10
62	3	2	1	0	10
62	4	2	1	0	10
62	5	2	1	0	5
62	6	2	1	0	10
62	7	2	1	0	7
62	8	2	3	11	12
63	1	1	3	1	7
63	2	2	3	6	10
63	3	2	1	1	10
63	4	2	1	0	10
63	5	2	1	0	7
63	6	2	1	0	7
63	7	2	3	11	12
64	1	1	3	1	5
64	2	1	3	1	5
64	3	1	3	6	10
64	4	2	1	0	7
64	5	2	3	11	12
65	1	1	3	1	5
65	2	2	3	6	10
65	3	2	1	0	10
65	4	2	3	11	12
66	1	1	3	1	7
66	2	2	3	6	10
66	3	2	3	6	10
66	4	2	3	6	10
66	5	2	3	11	12
66	6	2	3	11	12
66	7	2	1	0	10
66	8	2	1	0	10
66	9	2	1	0	10
67	1	1	3	1	5
67	2	1	3	1	5
67	3	2	1	1	10
67	4	2	1	1	10
67	5	2	1	1	10
67	6	2	3	6	10
67	7	2	3	6	10
67	9	2	1	1	10
67	10	2	1	1	10
68	1	1	3	1	5
68	2	2	1	0	10
68	3	2	1	0	10
68	4	2	1	0	9
68	5	2	1	0	10
68	6	2	1	0	9
68	7	2	3	6	10
68	8	2	3	6	10
68	9	2	3	11	12
68	10	2	1	11	12
68	11	2	1	11	12
69	1	1	3	1	8
69	2	2	3	6	10
69	3	2	3	6	10
69	4	2	1	0	10
69	5	2	1	0	10
69	6	2	3	11	12
69	7	2	1	11	12
69	8	2	1	11	12
70	1	1	3	0	5
70	2	1	3	1	5
70	3	2	1	1	10
70	4	2	1	1	5
70	5	2	3	6	10
70	6	2	3	6	10
70	7	2	3	11	12
70	8	2	1	11	12
70	9	2	1	11	12
70	10	2	3	6	10
70	11	2	3	1	5
71	1	1	3	1	5
72	1	1	3	1	7
73	1	1	3	1	5
74	1	1	3	6	12
74	2	1	3	3	12
74	3	1	1	1	10
74	4	1	3	1	5
74	5	1	3	1	5
74	6	1	3	1	5
75	1	1	3	1	7
75	2	1	3	1	10
76	1	1	3	1	5
76	2	2	3	6	10
76	3	2	3	11	12
76	4	2	8	11	12
76	5	2	8	11	12
77	1	1	3	1	8
77	2	2	3	6	10
77	3	2	1	0	10
77	4	2	1	1	7
77	5	2	3	11	12
77	7	2	1	11	12
77	8	2	1	11	12
78	1	1	3	1	5
78	2	1	3	6	10
78	3	2	1	1	10
78	4	2	1	0	10
78	5	2	3	11	12
78	6	2	1	11	12
78	7	2	1	11	12
78	8	2	1	0	10
79	1	1	3	1	5
79	2	2	1	0	10
79	3	2	1	1	7
79	4	2	3	6	10
79	5	2	3	11	12
79	6	2	1	11	12
79	7	2	1	11	12
80	1	1	3	1	7
80	2	2	3	7	10
80	3	2	1	1	7
80	4	2	3	11	12
80	5	2	1	11	12
80	6	2	1	11	12
81	1	1	3	6	10
81	2	1	3	1	5
82	1	1	3	6	10
82	2	1	3	1	5
83	1	1	3	1	5
83	2	1	3	6	10
84	1	1	3	1	5
84	2	1	3	1	5
85	1	1	3	1	5
85	2	1	3	6	10
86	1	1	1	1	10
86	2	1	1	1	10
86	3	1	3	6	10
86	4	1	1	1	10
86	5	1	3	6	10
86	6	1	3	1	5
86	7	1	1	6	10
87	1	1	1	1	10
87	2	1	1	1	10
87	3	1	1	1	7
87	4	1	3	6	10
87	5	1	3	1	5
88	1	1	3	1	5
88	2	1	3	1	10
88	3	1	1	1	10
88	4	1	1	1	10
90	1	1	3	1	10
90	2	2	3	1	10
90	3	1	3	1	5
90	4	2	3	1	10
90	5	1	3	0	7
90	6	2	1	1	10
90	7	2	1	1	10
90	8	2	1	11	12
92	1	1	3	1	5
92	2	2	3	6	10
92	3	2	1	1	10
92	4	2	1	1	10
92	5	2	1	1	12
92	6	2	3	6	10
92	7	2	3	11	12
93	1	1	2	1	3
93	2	1	2	6	10
93	3	1	3	5	10
93	4	1	3	6	10
94	1	1	3	1	5
94	2	1	8	1	5
94	3	2	3	1	10
94	4	2	3	6	10
94	5	2	1	1	10
94	6	2	1	1	10
94	7	2	2	1	10
96	1	1	3	6	10
96	2	1	3	1	5
96	3	1	3	5	10
96	4	1	3	6	10
96	5	1	3	1	5
96	6	1	1	1	10
96	7	1	1	6	10
96	8	1	1	1	10
96	9	1	1	1	10
96	10	1	1	1	6
97	1	1	3	1	5
97	2	1	3	6	10
97	3	1	1	1	7
97	4	2	3	0	10
97	5	2	8	0	10
99	1	1	3	1	5
99	2	2	3	6	10
99	3	2	1	0	10
99	4	2	1	0	10
99	5	2	1	0	10
99	6	2	1	0	10
99	7	2	3	11	12
101	1	1	1	1	10
101	2	2	3	6	10
101	3	2	1	6	10
101	4	2	1	1	10
101	5	2	1	1	10
101	6	2	1	6	10
101	7	2	1	1	10
101	8	1	3	1	5
101	9	1	3	1	5
101	10	2	3	11	12
101	11	2	1	11	12
102	1	1	1	1	10
102	2	1	3	1	5
102	3	1	3	6	10
102	4	1	1	1	10
102	5	2	1	1	10
102	6	2	1	1	10
102	7	1	3	11	12
102	8	2	3	11	12
