CHILDCODE	SITUIDR5	LADCURR5	LADOLDR5
18001	1	7	6
18001	2	5	4
18001	3	6	4
18001	4	5	4
18001	5	8	6
18001	6	6	4
18001	7	5	4
18001	8	7	6
18001	9	6	4
18001	10	2	8
18001	11	6	4
18002	1	7	5
18002	2	4	3
18002	3	6	8
18002	4	5	8
18002	5	8	6
18002	6	5	7
18002	7	8	6
18002	8	7	8
18002	9	8	6
18002	10	7	7
18002	11	3	3
18003	1	 	 
18003	2	 	 
18003	3	 	 
18003	4	 	 
18003	5	 	 
18003	6	 	 
18003	7	 	 
18003	8	 	 
18003	9	 	 
18003	10	 	 
18003	11	 	 
18004	1	5	3
18004	2	5	3
18004	3	6	3
18004	4	6	4
18004	5	6	3
18004	6	6	4
18004	7	7	3
18004	8	7	3
18004	9	6	3
18004	10	7	3
18004	11	6	2
18005	1	6	6
18005	2	6	4
18005	3	5	5
18005	4	7	5
18005	5	6	4
18005	6	7	5
18005	7	8	6
18005	8	7	5
18005	9	6	6
18005	10	4	4
18005	11	6	4
18006	1	6	4
18006	2	8	5
18006	3	5	4
18006	4	1	1
18006	5	5	4
18006	6	4	3
18006	7	7	5
18006	8	8	6
18006	9	3	3
18006	10	8	7
18006	11	4	4
18007	1	6	6
18007	2	8	4
18007	3	2	6
18007	4	8	4
18007	5	5	3
18007	6	6	2
18007	7	9	6
18007	8	6	4
18007	9	9	8
18007	10	1	5
18007	11	4	2
18008	1	6	4
18008	2	7	5
18008	3	6	5
18008	4	7	5
18008	5	7	4
18008	6	8	5
18008	7	8	6
18008	8	8	5
18008	9	7	5
18008	10	6	5
18008	11	8	5
18009	1	5	2
18009	2	5	3
18009	3	5	3
18009	4	5	3
18009	5	6	2
18009	6	3	1
18009	7	7	4
18009	8	6	4
18009	9	6	3
18009	10	4	2
18009	11	4	3
18010	1	6	4
18010	2	7	7
18010	3	4	3
18010	4	5	3
18010	5	8	7
18010	6	6	2
18010	7	5	3
18010	8	5	3
18010	9	9	5
18010	10	9	6
18010	11	3	1
18011	1	6	5
18011	2	3	2
18011	3	5	4
18011	4	2	8
18011	5	6	4
18011	6	7	3
18011	7	3	9
18011	8	5	9
18011	9	8	2
18011	10	7	5
18011	11	1	8
18012	1	5	3
18012	2	6	4
18012	3	6	3
18012	4	4	4
18012	5	6	4
18012	6	4	2
18012	7	5	5
18012	8	5	3
18012	9	5	4
18012	10	7	5
18012	11	5	3
18013	1	2	5
18013	2	3	5
18013	3	6	8
18013	4	5	3
18013	5	7	3
18013	6	4	4
18013	7	5	4
18013	8	5	4
18013	9	6	4
18013	10	6	6
18013	11	4	4
18015	1	7	5
18015	2	7	8
18015	3	8	8
18015	4	8	8
18015	5	9	7
18015	6	1	1
18015	7	8	7
18015	8	7	7
18015	9	7	6
18015	10	5	6
18015	11	7	7
18016	1	5	5
18016	2	4	4
18016	3	5	5
18016	4	5	5
18016	5	5	5
18016	6	4	4
18016	7	6	6
18016	8	7	7
18016	9	5	5
18016	10	5	5
18016	11	4	4
18017	1	4	7
18017	2	6	8
18017	3	5	9
18017	4	2	3
18017	5	7	5
18017	6	2	6
18017	7	8	7
18017	8	3	5
18017	9	7	1
18017	10	5	3
18017	11	7	6
18018	1	5	5
18018	2	5	7
18018	3	5	6
18018	4	7	5
18018	5	7	5
18018	6	5	5
18018	7	7	4
18018	8	7	4
18018	9	7	4
18018	10	4	4
18018	11	3	3
18019	1	6	4
18019	2	4	7
18019	3	3	4
18019	4	5	7
18019	5	8	5
18019	6	8	6
18019	7	4	4
18019	8	5	4
18019	9	5	5
18019	10	8	8
18019	11	5	4
18020	1	8	6
18020	2	6	5
18020	3	6	5
18020	4	8	6
18020	5	6	4
18020	6	4	1
18020	7	6	4
18020	8	7	5
18020	9	7	4
18020	10	9	7
18020	11	3	3
18021	1	7	5
18021	2	4	1
18021	3	5	5
18021	4	7	5
18021	5	8	6
18021	6	1	5
18021	7	5	5
18021	8	5	5
18021	9	6	6
18021	10	5	5
18021	11	1	1
18022	1	8	6
18022	2	3	5
18022	3	4	4
18022	4	7	6
18022	5	8	8
18022	6	2	2
18022	7	8	8
18022	8	9	9
18022	9	7	8
18022	10	3	3
18022	11	8	5
18023	1	 	 
18023	2	 	 
18023	3	 	 
18023	4	 	 
18023	5	 	 
18023	6	 	 
18023	7	 	 
18023	8	 	 
18023	9	 	 
18023	10	 	 
18023	11	 	 
18024	1	7	5
18024	2	2	2
18024	3	6	7
18024	4	7	7
18024	5	6	6
18024	6	3	4
18024	7	3	2
18024	8	7	7
18024	9	3	4
18024	10	1	1
18024	11	3	3
18025	1	7	6
18025	2	6	7
18025	3	6	6
18025	4	8	6
18025	5	6	4
18025	6	8	4
18025	7	8	8
18025	8	8	8
18025	9	7	6
18025	10	6	6
18025	11	7	8
18026	1	7	7
18026	2	6	6
18026	3	5	5
18026	4	3	2
18026	5	3	3
18026	6	8	5
18026	7	6	6
18026	8	7	6
18026	9	5	5
18026	10	8	6
18026	11	2	1
18027	1	2	3
18027	2	2	7
18027	3	4	4
18027	4	1	5
18027	5	5	5
18027	6	2	1
18027	7	6	6
18027	8	5	4
18027	9	4	6
18027	10	1	1
18027	11	1	1
18028	1	6	5
18028	2	8	5
18028	3	8	5
18028	4	2	2
18028	5	9	6
18028	6	9	6
18028	7	7	4
18028	8	9	7
18028	9	9	6
18028	10	7	5
18028	11	1	1
18029	1	7	4
18029	2	7	3
18029	3	7	3
18029	4	7	5
18029	5	7	5
18029	6	7	4
18029	7	7	4
18029	8	9	4
18029	9	9	4
18029	10	1	9
18029	11	6	3
18030	1	2	2
18030	2	3	3
18030	3	3	2
18030	4	5	2
18030	5	4	3
18030	6	2	2
18030	7	1	1
18030	8	3	3
18030	9	2	2
18030	10	3	1
18030	11	4	2
18032	1	5	7
18032	2	6	8
18032	3	4	5
18032	4	4	7
18032	5	6	7
18032	6	2	4
18032	7	4	2
18032	8	7	4
18032	9	3	6
18032	10	2	5
18032	11	1	2
18034	1	6	5
18034	2	7	6
18034	3	6	5
18034	4	6	6
18034	5	6	5
18034	6	5	4
18034	7	6	6
18034	8	6	7
18034	9	8	7
18034	10	6	6
18034	11	7	6
18035	1	5	3
18035	2	6	4
18035	3	7	7
18035	4	1	1
18035	5	6	4
18035	6	1	1
18035	7	5	3
18035	8	6	6
18035	9	5	5
18035	10	1	1
18035	11	1	1
18036	1	5	4
18036	2	5	4
18036	3	6	4
18036	4	7	5
18036	5	5	4
18036	6	7	4
18036	7	7	5
18036	8	6	5
18036	9	6	4
18036	10	5	4
18036	11	5	3
18037	1	5	5
18037	2	4	3
18037	3	5	3
18037	4	4	4
18037	5	7	5
18037	6	5	4
18037	7	5	5
18037	8	7	5
18037	9	7	5
18037	10	6	6
18037	11	4	4
18038	1	6	4
18038	2	7	5
18038	3	5	3
18038	4	5	5
18038	5	7	4
18038	6	4	2
18038	7	5	5
18038	8	6	6
18038	9	5	3
18038	10	5	5
18038	11	4	2
18039	1	5	5
18039	2	7	5
18039	3	6	4
18039	4	7	6
18039	5	7	5
18039	6	5	3
18039	7	7	7
18039	8	8	8
18039	9	8	6
18039	10	7	6
18039	11	5	5
18040	1	8	6
18040	2	9	2
18040	3	7	3
18040	4	8	5
18040	5	9	7
18040	6	7	7
18040	7	7	7
18040	8	8	8
18040	9	9	9
18040	10	9	9
18040	11	7	8
18041	1	5	3
18041	2	4	2
18041	3	4	3
18041	4	4	4
18041	5	4	3
18041	6	3	2
18041	7	3	3
18041	8	3	3
18041	9	4	1
18041	10	5	3
18041	11	5	4
18042	1	9	5
18042	2	1	1
18042	3	5	5
18042	4	9	6
18042	5	9	6
18042	6	4	1
18042	7	7	4
18042	8	7	4
18042	9	7	4
18042	10	3	3
18042	11	6	3
18044	1	6	4
18044	2	8	3
18044	3	5	2
18044	4	8	6
18044	5	4	9
18044	6	7	5
18044	7	8	4
18044	8	5	1
18044	9	7	5
18044	10	6	4
18044	11	2	1
18045	1	6	7
18045	2	9	9
18045	3	8	8
18045	4	8	8
18045	5	8	8
18045	6	5	5
18045	7	6	7
18045	8	8	8
18045	9	4	6
18045	10	7	8
18045	11	9	9
18046	1	7	7
18046	2	7	7
18046	3	7	7
18046	4	7	7
18046	5	7	6
18046	6	6	5
18046	7	7	7
18046	8	7	6
18046	9	7	7
18046	10	1	1
18046	11	7	7
18047	1	5	3
18047	2	7	4
18047	3	8	6
18047	4	8	5
18047	5	6	4
18047	6	4	6
18047	7	7	4
18047	8	7	6
18047	9	6	4
18047	10	8	6
18047	11	8	5
18048	1	6	9
18048	2	6	9
18048	3	5	7
18048	4	5	9
18048	5	8	6
18048	6	3	2
18048	7	7	4
18048	8	7	6
18048	9	6	7
18048	10	7	8
18048	11	3	1
18049	1	9	5
18049	2	6	4
18049	3	5	4
18049	4	8	4
18049	5	8	4
18049	6	8	1
18049	7	9	2
18049	8	9	2
18049	9	2	2
18049	10	5	3
18049	11	6	3
18050	1	5	8
18050	2	2	5
18050	3	5	3
18050	4	1	1
18050	5	7	4
18050	6	7	1
18050	7	7	2
18050	8	8	3
18050	9	4	4
18050	10	1	5
18050	11	1	1
28001	1	7	5
28001	2	8	6
28001	3	6	5
28001	4	6	5
28001	5	7	5
28001	6	7	8
28001	7	7	5
28001	8	8	8
28001	9	8	9
28001	10	8	8
28001	11	5	4
28002	1	7	5
28002	2	8	6
28002	3	4	4
28002	4	7	7
28002	5	8	6
28002	6	9	9
28002	7	8	8
28002	8	8	8
28002	9	7	7
28002	10	8	8
28002	11	8	6
28003	1	7	5
28003	2	8	5
28003	3	8	6
28003	4	8	7
28003	5	8	7
28003	6	5	3
28003	7	4	1
28003	8	8	5
28003	9	7	6
28003	10	7	5
28003	11	5	4
28004	1	9	2
28004	2	9	1
28004	3	6	5
28004	4	8	4
28004	5	5	7
28004	6	5	7
28004	7	9	6
28004	8	9	5
28004	9	5	6
28004	10	2	9
28004	11	8	4
28006	1	4	2
28006	2	5	5
28006	3	6	5
28006	4	5	4
28006	5	6	4
28006	6	3	3
28006	7	7	7
28006	8	7	7
28006	9	8	8
28006	10	7	5
28006	11	5	3
28007	1	8	5
28007	2	6	3
28007	3	8	6
28007	4	9	8
28007	5	7	6
28007	6	7	5
28007	7	7	6
28007	8	7	9
28007	9	8	7
28007	10	4	8
28007	11	8	7
28008	1	5	4
28008	2	3	2
28008	3	3	3
28008	4	4	4
28008	5	3	2
28008	6	3	3
28008	7	1	1
28008	8	6	6
28008	9	4	3
28008	10	2	2
28008	11	1	1
28009	1	5	2
28009	2	6	3
28009	3	7	4
28009	4	7	4
28009	5	7	3
28009	6	8	6
28009	7	2	1
28009	8	9	8
28009	9	8	6
28009	10	9	7
28009	11	7	2
28010	1	4	2
28010	2	6	4
28010	3	5	3
28010	4	1	2
28010	5	4	3
28010	6	7	3
28010	7	6	5
28010	8	8	8
28010	9	8	6
28010	10	2	5
28010	11	1	3
28011	1	4	5
28011	2	5	7
28011	3	4	7
28011	4	5	6
28011	5	7	6
28011	6	4	5
28011	7	7	5
28011	8	7	4
28011	9	7	5
28011	10	7	4
28011	11	7	5
28012	1	8	7
28012	2	8	6
28012	3	7	8
28012	4	6	6
28012	5	8	6
28012	6	8	9
28012	7	5	4
28012	8	5	5
28012	9	9	9
28012	10	3	4
28012	11	5	5
28013	1	4	2
28013	2	4	2
28013	3	4	3
28013	4	5	1
28013	5	5	4
28013	6	4	3
28013	7	1	1
28013	8	2	1
28013	9	3	2
28013	10	5	3
28013	11	3	1
28014	1	9	7
28014	2	5	2
28014	3	8	5
28014	4	9	7
28014	5	8	3
28014	6	7	7
28014	7	7	6
28014	8	9	9
28014	9	9	7
28014	10	8	6
28014	11	5	3
28015	1	6	3
28015	2	7	7
28015	3	8	6
28015	4	5	2
28015	5	6	2
28015	6	7	7
28015	7	5	1
28015	8	7	2
28015	9	7	7
28015	10	8	8
28015	11	5	2
28016	1	5	5
28016	2	6	5
28016	3	6	5
28016	4	6	5
28016	5	6	6
28016	6	4	4
28016	7	6	5
28016	8	6	6
28016	9	6	6
28016	10	6	5
28016	11	5	4
28017	1	5	7
28017	2	7	7
28017	3	7	6
28017	4	5	6
28017	5	7	6
28017	6	6	6
28017	7	7	5
28017	8	8	5
28017	9	7	6
28017	10	6	7
28017	11	5	4
28018	1	6	4
28018	2	8	5
28018	3	9	7
28018	4	8	7
28018	5	7	5
28018	6	3	2
28018	7	4	3
28018	8	2	1
28018	9	4	3
28018	10	4	2
28018	11	2	1
28020	1	3	6
28020	2	3	3
28020	3	4	4
28020	4	5	3
28020	5	5	3
28020	6	3	4
28020	7	4	3
28020	8	2	2
28020	9	5	3
28020	10	2	2
28020	11	4	3
28021	1	6	4
28021	2	5	3
28021	3	7	4
28021	4	7	4
28021	5	7	4
28021	6	5	8
28021	7	5	1
28021	8	5	2
28021	9	7	5
28021	10	8	8
28021	11	5	7
28022	1	6	4
28022	2	5	6
28022	3	6	3
28022	4	5	4
28022	5	6	3
28022	6	5	4
28022	7	5	2
28022	8	6	2
28022	9	7	4
28022	10	8	5
28022	11	5	5
28023	1	8	6
28023	2	7	6
28023	3	6	5
28023	4	6	6
28023	5	9	6
28023	6	6	4
28023	7	4	2
28023	8	4	2
28023	9	7	4
28023	10	9	7
28023	11	5	3
28024	1	4	3
28024	2	3	3
28024	3	5	4
28024	4	5	5
28024	5	4	4
28024	6	7	7
28024	7	5	5
28024	8	8	6
28024	9	6	5
28024	10	9	9
28024	11	4	4
28025	1	6	4
28025	2	7	5
28025	3	7	6
28025	4	5	4
28025	5	7	6
28025	6	3	1
28025	7	3	2
28025	8	4	3
28025	9	8	6
28025	10	8	8
28025	11	6	5
38001	1	2	1
38001	2	4	1
38001	3	2	3
38001	4	5	3
38001	5	5	1
38001	6	6	3
38001	7	1	1
38001	8	4	2
38001	9	7	3
38001	10	9	5
38001	11	1	1
38002	1	3	2
38002	2	4	3
38002	3	9	9
38002	4	8	4
38002	5	7	4
38002	6	9	9
38002	7	3	3
38002	8	5	4
38002	9	7	7
38002	10	7	7
38002	11	4	3
38003	1	2	4
38003	2	2	4
38003	3	3	5
38003	4	1	6
38003	5	3	5
38003	6	4	6
38003	7	2	5
38003	8	2	7
38003	9	2	8
38003	10	1	5
38003	11	2	6
38004	1	5	5
38004	2	6	6
38004	3	7	7
38004	4	8	8
38004	5	9	9
38004	6	9	9
38004	7	1	1
38004	8	1	1
38004	9	2	2
38004	10	4	4
38004	11	5	5
38005	1	4	2
38005	2	6	4
38005	3	6	6
38005	4	6	5
38005	5	5	5
38005	6	7	7
38005	7	1	1
38005	8	3	1
38005	9	7	7
38005	10	5	5
38005	11	4	4
38006	1	8	1
38006	2	6	3
38006	3	7	2
38006	4	7	4
38006	5	8	4
38006	6	6	3
38006	7	7	4
38006	8	8	5
38006	9	7	2
38006	10	6	4
38006	11	6	3
38008	1	3	8
38008	2	1	6
38008	3	6	8
38008	4	1	7
38008	5	3	7
38008	6	8	3
38008	7	2	6
38008	8	1	7
38008	9	6	3
38008	10	8	3
38008	11	1	3
38010	1	7	6
38010	2	6	5
38010	3	5	5
38010	4	7	5
38010	5	5	4
38010	6	8	7
38010	7	7	5
38010	8	6	4
38010	9	7	7
38010	10	7	6
38010	11	8	6
38011	1	7	6
38011	2	8	6
38011	3	8	3
38011	4	7	7
38011	5	8	8
38011	6	4	9
38011	7	7	7
38011	8	8	8
38011	9	7	8
38011	10	6	8
38011	11	4	4
38014	1	5	6
38014	2	5	6
38014	3	4	5
38014	4	4	4
38014	5	5	5
38014	6	3	4
38014	7	5	5
38014	8	6	6
38014	9	4	4
38014	10	2	2
38014	11	2	2
38015	1	7	5
38015	2	8	4
38015	3	6	5
38015	4	9	6
38015	5	7	5
38015	6	4	4
38015	7	8	4
38015	8	6	4
38015	9	8	7
38015	10	5	6
38015	11	9	7
38016	1	8	8
38016	2	7	4
38016	3	5	5
38016	4	7	6
38016	5	8	5
38016	6	6	8
38016	7	7	4
38016	8	7	4
38016	9	6	7
38016	10	4	8
38016	11	8	4
38017	1	6	6
38017	2	8	5
38017	3	7	4
38017	4	8	8
38017	5	8	8
38017	6	6	8
38017	7	2	8
38017	8	2	8
38017	9	8	8
38017	10	6	6
38017	11	2	2
38019	1	4	5
38019	2	5	5
38019	3	4	2
38019	4	5	5
38019	5	5	5
38019	6	3	5
38019	7	6	6
38019	8	9	9
38019	9	5	5
38019	10	3	3
38019	11	2	2
38020	1	4	3
38020	2	5	3
38020	3	5	4
38020	4	2	2
38020	5	6	4
38020	6	9	3
38020	7	3	3
38020	8	6	4
38020	9	9	4
38020	10	9	9
38020	11	2	2
38021	1	5	4
38021	2	7	5
38021	3	6	6
38021	4	6	6
38021	5	7	6
38021	6	7	4
38021	7	6	5
38021	8	8	8
38021	9	9	6
38021	10	3	3
38021	11	1	1
38022	1	4	5
38022	2	5	5
38022	3	3	3
38022	4	3	3
38022	5	4	4
38022	6	4	4
38022	7	3	3
38022	8	3	5
38022	9	4	5
38022	10	5	6
38022	11	3	3
38023	1	9	9
38023	2	6	6
38023	3	6	5
38023	4	7	5
38023	5	7	6
38023	6	6	5
38023	7	7	7
38023	8	7	7
38023	9	6	6
38023	10	7	7
38023	11	7	7
38024	1	6	6
38024	2	6	5
38024	3	5	6
38024	4	5	4
38024	5	5	5
38024	6	6	4
38024	7	6	6
38024	8	7	7
38024	9	6	6
38024	10	7	7
38024	11	4	4
38025	1	7	5
38025	2	6	4
38025	3	7	4
38025	4	5	3
38025	5	6	4
38025	6	5	3
38025	7	5	3
38025	8	7	5
38025	9	7	5
38025	10	8	8
38025	11	4	1
48001	1	8	9
48001	2	8	7
48001	3	7	6
48001	4	5	5
48001	5	7	9
48001	6	9	7
48001	7	7	5
48001	8	8	9
48001	9	8	7
48001	10	8	7
48001	11	7	7
48002	1	8	7
48002	2	6	5
48002	3	5	3
48002	4	9	8
48002	5	9	8
48002	6	4	2
48002	7	3	2
48002	8	3	2
48002	9	7	5
48002	10	2	1
48002	11	1	1
48003	1	2	2
48003	2	3	2
48003	3	4	4
48003	4	1	1
48003	5	5	5
48003	6	2	2
48003	7	1	1
48003	8	6	6
48003	9	6	6
48003	10	7	7
48003	11	2	2
48004	1	8	2
48004	2	7	3
48004	3	7	3
48004	4	7	3
48004	5	5	4
48004	6	4	7
48004	7	7	4
48004	8	8	4
48004	9	6	4
48004	10	3	6
48004	11	4	3
48005	1	5	2
48005	2	8	2
48005	3	6	3
48005	4	8	4
48005	5	8	5
48005	6	7	4
48005	7	8	6
48005	8	9	7
48005	9	8	6
48005	10	3	2
48005	11	3	1
48006	1	6	4
48006	2	7	5
48006	3	5	5
48006	4	8	5
48006	5	7	4
48006	6	6	3
48006	7	7	5
48006	8	9	4
48006	9	8	4
48006	10	5	2
48006	11	7	5
48007	1	8	7
48007	2	5	5
48007	3	4	4
48007	4	7	6
48007	5	5	2
48007	6	7	4
48007	7	2	2
48007	8	2	2
48007	9	4	3
48007	10	2	4
48007	11	5	2
48008	1	6	4
48008	2	5	5
48008	3	5	5
48008	4	5	6
48008	5	7	6
48008	6	3	3
48008	7	1	1
48008	8	8	7
48008	9	9	9
48008	10	9	9
48008	11	7	9
48009	1	6	5
48009	2	8	6
48009	3	6	3
48009	4	7	3
48009	5	6	3
48009	6	8	4
48009	7	8	2
48009	8	7	2
48009	9	7	3
48009	10	8	3
48009	11	6	2
48010	1	7	7
48010	2	9	6
48010	3	8	7
48010	4	8	8
48010	5	7	8
48010	6	7	8
48010	7	7	7
48010	8	8	7
48010	9	8	8
48010	10	7	7
48010	11	7	7
48011	1	88	88
48011	2	88	88
48011	3	88	88
48011	4	88	88
48011	5	88	88
48011	6	88	88
48011	7	88	88
48011	8	88	88
48011	9	88	88
48011	10	88	88
48011	11	88	88
48013	1	5	4
48013	2	5	5
48013	3	6	6
48013	4	6	5
48013	5	5	5
48013	6	5	5
48013	7	4	4
48013	8	1	1
48013	9	6	7
48013	10	5	5
48013	11	5	4
48014	1	3	4
48014	2	3	4
48014	3	1	1
48014	4	2	2
48014	5	2	3
48014	6	6	6
48014	7	2	2
48014	8	2	3
48014	9	6	7
48014	10	4	4
48014	11	1	2
48015	1	6	5
48015	2	7	6
48015	3	6	5
48015	4	7	6
48015	5	7	6
48015	6	5	4
48015	7	6	3
48015	8	6	5
48015	9	6	6
48015	10	2	3
48015	11	1	1
48016	1	6	6
48016	2	3	2
48016	3	6	8
48016	4	5	4
48016	5	4	4
48016	6	3	2
48016	7	2	1
48016	8	3	2
48016	9	4	3
48016	10	6	6
48016	11	2	1
48017	1	5	4
48017	2	6	6
48017	3	7	7
48017	4	7	7
48017	5	6	6
48017	6	5	6
48017	7	7	5
48017	8	7	7
48017	9	6	7
48017	10	6	5
48017	11	5	5
48018	1	6	4
48018	2	6	4
48018	3	5	4
48018	4	3	3
48018	5	4	3
48018	6	2	2
48018	7	4	2
48018	8	5	1
48018	9	6	3
48018	10	1	1
48018	11	1	1
48019	1	6	6
48019	2	7	5
48019	3	6	6
48019	4	8	6
48019	5	7	5
48019	6	9	7
48019	7	7	5
48019	8	8	8
48019	9	7	6
48019	10	5	4
48019	11	8	6
48020	1	4	7
48020	2	3	1
48020	3	7	7
48020	4	7	6
48020	5	6	7
48020	6	7	7
48020	7	8	8
48020	8	8	8
48020	9	6	6
48020	10	6	8
48020	11	3	3
48021	1	5	5
48021	2	8	2
48021	3	5	5
48021	4	6	6
48021	5	5	4
48021	6	4	4
48021	7	8	8
48021	8	8	8
48021	9	8	8
48021	10	4	5
48021	11	1	1
48022	1	4	5
48022	2	2	5
48022	3	5	5
48022	4	2	3
48022	5	2	3
48022	6	1	1
48022	7	2	2
48022	8	2	3
48022	9	2	3
48022	10	1	1
48022	11	1	2
48023	1	3	2
48023	2	4	3
48023	3	6	4
48023	4	6	2
48023	5	4	3
48023	6	8	4
48023	7	6	2
48023	8	3	1
48023	9	3	4
48023	10	3	4
48023	11	3	4
48024	1	8	8
48024	2	6	2
48024	3	7	4
48024	4	9	5
48024	5	6	6
48024	6	7	9
48024	7	9	9
48024	8	8	5
48024	9	8	8
48024	10	5	8
48024	11	1	1
48025	1	5	3
48025	2	6	3
48025	3	6	4
48025	4	7	6
48025	5	6	4
48025	6	5	5
48025	7	6	6
48025	8	7	7
48025	9	4	5
48025	10	8	8
48025	11	3	3
48026	1	5	4
48026	2	6	5
48026	3	8	4
48026	4	6	4
48026	5	6	4
48026	6	1	1
48026	7	6	4
48026	8	6	3
48026	9	5	2
48026	10	3	2
48026	11	5	3
58002	1	6	5
58002	2	7	5
58002	3	6	5
58002	4	7	4
58002	5	6	4
58002	6	5	4
58002	7	5	4
58002	8	6	4
58002	9	6	4
58002	10	5	2
58002	11	7	4
58003	1	6	5
58003	2	4	6
58003	3	6	6
58003	4	5	4
58003	5	7	7
58003	6	6	7
58003	7	5	5
58003	8	6	6
58003	9	8	8
58003	10	7	7
58003	11	7	6
58004	1	7	6
58004	2	4	5
58004	3	6	6
58004	4	7	7
58004	5	6	5
58004	6	5	4
58004	7	5	4
58004	8	6	7
58004	9	6	5
58004	10	5	4
58004	11	3	3
58007	1	4	1
58007	2	9	9
58007	3	5	7
58007	4	9	1
58007	5	7	5
58007	6	9	1
58007	7	6	6
58007	8	5	9
58007	9	8	8
58007	10	8	3
58007	11	9	1
58008	1	9	7
58008	2	8	8
58008	3	9	9
58008	4	9	9
58008	5	9	9
58008	6	9	9
58008	7	9	9
58008	8	9	9
58008	9	9	9
58008	10	9	9
58008	11	77	77
58011	1	5	4
58011	2	6	4
58011	3	2	4
58011	4	4	2
58011	5	3	4
58011	6	3	8
58011	7	6	7
58011	8	6	5
58011	9	7	7
58011	10	2	5
58011	11	6	3
58012	1	9	5
58012	2	6	3
58012	3	4	2
58012	4	7	2
58012	5	9	5
58012	6	8	7
58012	7	6	2
58012	8	9	1
58012	9	6	4
58012	10	9	9
58012	11	2	1
58013	1	6	5
58013	2	7	5
58013	3	9	6
58013	4	8	6
58013	5	5	6
58013	6	6	4
58013	7	8	7
58013	8	8	6
58013	9	6	5
58013	10	7	6
58013	11	5	4
58014	1	5	7
58014	2	6	3
58014	3	5	4
58014	4	6	8
58014	5	7	7
58014	6	4	6
58014	7	4	6
58014	8	7	5
58014	9	7	7
58014	10	5	5
58014	11	2	2
58015	1	4	3
58015	2	6	4
58015	3	6	5
58015	4	5	3
58015	5	7	6
58015	6	2	1
58015	7	1	1
58015	8	1	1
58015	9	5	6
58015	10	1	1
58015	11	1	1
58016	1	7	4
58016	2	8	3
58016	3	8	5
58016	4	2	2
58016	5	5	3
58016	6	1	1
58016	7	5	3
58016	8	5	2
58016	9	4	4
58016	10	3	1
58016	11	5	1
58017	1	9	7
58017	2	8	5
58017	3	6	6
58017	4	9	7
58017	5	9	9
58017	6	9	9
58017	7	9	9
58017	8	9	7
58017	9	9	9
58017	10	8	5
58017	11	5	5
58019	1	9	9
58019	2	8	8
58019	3	6	6
58019	4	9	9
58019	5	9	9
58019	6	5	5
58019	7	4	4
58019	8	9	9
58019	9	7	7
58019	10	9	9
58019	11	9	9
58020	1	7	3
58020	2	9	1
58020	3	3	5
58020	4	7	3
58020	5	2	7
58020	6	2	6
58020	7	9	5
58020	8	3	7
58020	9	3	6
58020	10	1	6
58020	11	1	1
58021	1	4	6
58021	2	2	2
58021	3	5	5
58021	4	4	7
58021	5	5	5
58021	6	1	1
58021	7	1	1
58021	8	1	1
58021	9	3	3
58021	10	7	7
58021	11	3	3
58022	1	4	4
58022	2	6	2
58022	3	5	5
58022	4	4	3
58022	5	6	5
58022	6	2	2
58022	7	3	3
58022	8	7	7
58022	9	3	1
58022	10	1	4
58022	11	7	5
58025	1	7	7
58025	2	8	7
58025	3	4	4
58025	4	8	8
58025	5	7	7
58025	6	5	4
58025	7	8	7
58025	8	8	8
58025	9	5	5
58025	10	6	6
58025	11	4	4
58026	1	7	5
58026	2	7	6
58026	3	8	7
58026	4	8	6
58026	5	8	7
58026	6	7	7
58026	7	9	8
58026	8	8	8
58026	9	6	7
58026	10	5	8
58026	11	7	8
58027	1	6	6
58027	2	77	77
58027	3	7	7
58027	4	7	7
58027	5	7	7
58027	6	7	7
58027	7	7	6
58027	8	7	7
58027	9	7	7
58027	10	6	6
58027	11	77	77
58028	1	4	2
58028	2	3	3
58028	3	5	3
58028	4	6	4
58028	5	5	4
58028	6	6	3
58028	7	6	3
58028	8	7	6
58028	9	7	8
58028	10	5	4
58028	11	8	7
58029	1	9	4
58029	2	9	6
58029	3	5	5
58029	4	9	5
58029	5	3	6
58029	6	1	7
58029	7	7	5
58029	8	9	7
58029	9	6	6
58029	10	2	6
58029	11	3	5
58030	1	6	6
58030	2	2	2
58030	3	5	5
58030	4	6	7
58030	5	8	8
58030	6	7	7
58030	7	4	4
58030	8	8	7
58030	9	9	8
58030	10	8	8
58030	11	1	1
68001	1	5	4
68001	2	6	6
68001	3	6	6
68001	4	9	7
68001	5	7	8
68001	6	8	7
68001	7	9	6
68001	8	9	9
68001	9	9	9
68001	10	7	7
68001	11	4	3
68002	1	8	5
68002	2	8	4
68002	3	7	5
68002	4	9	5
68002	5	8	5
68002	6	8	4
68002	7	8	7
68002	8	9	8
68002	9	8	5
68002	10	1	2
68002	11	5	5
68004	1	7	7
68004	2	6	4
68004	3	6	6
68004	4	5	5
68004	5	8	8
68004	6	6	6
68004	7	5	5
68004	8	7	7
68004	9	7	7
68004	10	5	5
68004	11	2	2
68005	1	7	7
68005	2	3	5
68005	3	7	5
68005	4	6	7
68005	5	8	4
68005	6	6	5
68005	7	4	4
68005	8	9	5
68005	9	8	5
68005	10	77	4
68005	11	8	1
68006	1	4	3
68006	2	5	4
68006	3	8	7
68006	4	5	4
68006	5	5	3
68006	6	5	6
68006	7	5	5
68006	8	5	6
68006	9	5	6
68006	10	6	6
68006	11	1	1
68007	1	6	6
68007	2	5	6
68007	3	6	4
68007	4	7	6
68007	5	6	6
68007	6	9	8
68007	7	6	6
68007	8	6	5
68007	9	7	6
68007	10	7	6
68007	11	7	7
68008	1	5	5
68008	2	7	7
68008	3	7	5
68008	4	7	8
68008	5	8	8
68008	6	7	8
68008	7	1	1
68008	8	1	1
68008	9	7	5
68008	10	8	8
68008	11	5	4
68009	1	5	4
68009	2	7	5
68009	3	8	5
68009	4	5	3
68009	5	6	4
68009	6	5	3
68009	7	6	4
68009	8	6	4
68009	9	7	5
68009	10	8	6
68009	11	5	1
68010	1	7	6
68010	2	5	4
68010	3	5	5
68010	4	6	6
68010	5	7	7
68010	6	5	6
68010	7	5	5
68010	8	7	7
68010	9	5	5
68010	10	5	5
68010	11	4	4
68011	1	6	2
68011	2	3	2
68011	3	4	2
68011	4	5	3
68011	5	4	1
68011	6	6	4
68011	7	5	2
68011	8	5	2
68011	9	5	3
68011	10	6	4
68011	11	6	3
68012	1	6	6
68012	2	5	8
68012	3	4	4
68012	4	5	5
68012	5	7	5
68012	6	5	5
68012	7	4	4
68012	8	7	7
68012	9	7	4
68012	10	4	4
68012	11	3	3
68013	1	7	6
68013	2	5	6
68013	3	7	5
68013	4	8	6
68013	5	6	4
68013	6	8	5
68013	7	9	7
68013	8	9	7
68013	9	7	6
68013	10	9	9
68013	11	6	6
68015	1	6	8
68015	2	7	5
68015	3	5	5
68015	4	6	4
68015	5	8	4
68015	6	6	6
68015	7	9	6
68015	8	8	8
68015	9	9	5
68015	10	8	8
68015	11	1	1
68016	1	6	5
68016	2	7	6
68016	3	8	8
68016	4	8	6
68016	5	8	8
68016	6	9	9
68016	7	8	6
68016	8	8	8
68016	9	8	7
68016	10	9	9
68016	11	8	8
68017	1	4	4
68017	2	4	4
68017	3	6	4
68017	4	3	3
68017	5	5	3
68017	6	5	5
68017	7	3	2
68017	8	2	2
68017	9	5	5
68017	10	6	5
68017	11	3	2
68019	1	7	5
68019	2	8	6
68019	3	7	6
68019	4	7	6
68019	5	8	7
68019	6	7	5
68019	7	8	6
68019	8	8	7
68019	9	9	7
68019	10	8	6
68019	11	7	5
68020	1	7	6
68020	2	8	6
68020	3	8	5
68020	4	7	6
68020	5	7	6
68020	6	9	7
68020	7	7	5
68020	8	7	5
68020	9	8	6
68020	10	7	6
68020	11	8	5
68021	1	8	7
68021	2	6	7
68021	3	7	6
68021	4	7	6
68021	5	8	6
68021	6	8	6
68021	7	7	7
68021	8	8	7
68021	9	8	6
68021	10	7	6
68021	11	5	5
68022	1	7	5
68022	2	7	5
68022	3	8	4
68022	4	6	6
68022	5	7	6
68022	6	4	8
68022	7	6	6
68022	8	5	8
68022	9	6	8
68022	10	6	9
68022	11	5	5
68023	1	7	8
68023	2	9	9
68023	3	6	4
68023	4	5	7
68023	5	8	6
68023	6	8	5
68023	7	9	8
68023	8	4	7
68023	9	6	7
68023	10	8	8
68023	11	4	2
68024	1	5	4
68024	2	5	4
68024	3	7	5
68024	4	4	3
68024	5	6	5
68024	6	8	7
68024	7	6	4
68024	8	5	4
68024	9	7	8
68024	10	5	7
68024	11	4	3
68025	1	7	7
68025	2	8	8
68025	3	6	7
68025	4	6	6
68025	5	9	7
68025	6	9	9
68025	7	9	6
68025	8	8	8
68025	9	7	7
68025	10	9	9
68025	11	8	8
78001	1	8	5
78001	2	7	3
78001	3	9	4
78001	4	7	7
78001	5	8	8
78001	6	3	8
78001	7	9	9
78001	8	7	7
78001	9	6	6
78001	10	9	5
78001	11	4	3
78002	1	5	5
78002	2	5	9
78002	3	9	5
78002	4	9	5
78002	5	9	5
78002	6	9	5
78002	7	9	5
78002	8	9	5
78002	9	9	5
78002	10	9	5
78002	11	5	5
78003	1	6	5
78003	2	7	4
78003	3	9	5
78003	4	7	7
78003	5	6	6
78003	6	7	8
78003	7	6	5
78003	8	5	7
78003	9	8	9
78003	10	4	4
78003	11	2	2
78005	1	6	5
78005	2	4	4
78005	3	3	3
78005	4	2	2
78005	5	5	5
78005	6	4	3
78005	7	1	1
78005	8	6	6
78005	9	7	5
78005	10	4	4
78005	11	2	2
78006	1	6	4
78006	2	6	6
78006	3	7	5
78006	4	6	5
78006	5	9	5
78006	6	7	7
78006	7	7	5
78006	8	9	7
78006	9	6	6
78006	10	9	9
78006	11	6	4
78008	1	7	6
78008	2	6	7
78008	3	7	8
78008	4	6	5
78008	5	7	6
78008	6	6	4
78008	7	8	8
78008	8	8	8
78008	9	7	6
78008	10	1	1
78008	11	1	1
78009	1	7	4
78009	2	8	3
78009	3	8	5
78009	4	3	1
78009	5	8	4
78009	6	8	3
78009	7	7	3
78009	8	6	4
78009	9	7	3
78009	10	3	1
78009	11	5	2
78010	1	6	6
78010	2	6	6
78010	3	6	5
78010	4	4	3
78010	5	6	4
78010	6	7	3
78010	7	6	5
78010	8	6	5
78010	9	6	6
78010	10	5	5
78010	11	4	4
78011	1	8	5
78011	2	1	1
78011	3	8	5
78011	4	8	8
78011	5	8	8
78011	6	6	5
78011	7	9	9
78011	8	8	8
78011	9	9	9
78011	10	9	9
78011	11	2	2
78012	1	5	5
78012	2	2	2
78012	3	5	5
78012	4	6	5
78012	5	6	4
78012	6	6	3
78012	7	7	7
78012	8	2	8
78012	9	5	7
78012	10	2	2
78012	11	2	2
78013	1	5	6
78013	2	4	3
78013	3	6	6
78013	4	6	5
78013	5	8	7
78013	6	7	7
78013	7	5	7
78013	8	4	7
78013	9	5	6
78013	10	7	7
78013	11	4	3
78014	1	8	6
78014	2	7	5
78014	3	8	7
78014	4	8	7
78014	5	8	6
78014	6	7	6
78014	7	8	7
78014	8	7	7
78014	9	8	7
78014	10	8	6
78014	11	7	4
78015	1	7	7
78015	2	6	8
78015	3	6	8
78015	4	8	8
78015	5	9	6
78015	6	8	8
78015	7	8	8
78015	8	8	8
78015	9	9	6
78015	10	7	7
78015	11	1	1
78016	1	4	6
78016	2	5	6
78016	3	6	6
78016	4	8	7
78016	5	6	5
78016	6	5	6
78016	7	4	6
78016	8	5	6
78016	9	7	5
78016	10	6	4
78016	11	5	5
78017	1	6	4
78017	2	4	7
78017	3	7	5
78017	4	6	6
78017	5	6	6
78017	6	7	5
78017	7	7	5
78017	8	5	7
78017	9	7	6
78017	10	7	6
78017	11	3	2
78018	1	6	5
78018	2	5	3
78018	3	5	3
78018	4	5	4
78018	5	7	5
78018	6	7	6
78018	7	6	5
78018	8	7	6
78018	9	6	6
78018	10	4	3
78018	11	4	2
78019	1	4	7
78019	2	4	7
78019	3	5	4
78019	4	5	7
78019	5	6	4
78019	6	3	7
78019	7	1	8
78019	8	6	6
78019	9	4	7
78019	10	2	7
78019	11	1	1
78020	1	7	5
78020	2	9	6
78020	3	7	5
78020	4	8	4
78020	5	8	7
78020	6	7	4
78020	7	8	6
78020	8	9	6
78020	9	8	5
78020	10	6	5
78020	11	7	4
78021	1	8	8
78021	2	6	8
78021	3	7	6
78021	4	6	6
78021	5	8	6
78021	6	8	8
78021	7	8	8
78021	8	8	8
78021	9	8	6
78021	10	7	5
78021	11	5	5
78022	1	 	 
78022	2	 	 
78022	3	 	 
78022	4	 	 
78022	5	 	 
78022	6	 	 
78022	7	 	 
78022	8	 	 
78022	9	 	 
78022	10	 	 
78022	11	 	 
78024	1	9	9
78024	2	7	4
78024	3	9	7
78024	4	9	9
78024	5	9	9
78024	6	9	9
78024	7	9	9
78024	8	9	7
78024	9	9	7
78024	10	8	7
78024	11	7	7
78026	1	6	6
78026	2	4	7
78026	3	4	7
78026	4	4	4
78026	5	7	7
78026	6	7	5
78026	7	6	5
78026	8	6	6
78026	9	7	7
78026	10	7	7
78026	11	5	4
78027	1	7	8
78027	2	4	3
78027	3	5	4
78027	4	5	4
78027	5	5	5
78027	6	7	3
78027	7	4	4
78027	8	4	4
78027	9	6	7
78027	10	3	6
78027	11	2	4
78028	1	7	6
78028	2	4	4
78028	3	7	6
78028	4	6	5
78028	5	7	6
78028	6	4	5
78028	7	7	6
78028	8	8	8
78028	9	6	5
78028	10	2	2
78028	11	3	3
78029	1	7	7
78029	2	6	6
78029	3	7	5
78029	4	6	6
78029	5	7	6
78029	6	8	6
78029	7	7	6
78029	8	6	6
78029	9	7	7
78029	10	6	7
78029	11	7	6
78030	1	7	4
78030	2	7	7
78030	3	8	5
78030	4	7	7
78030	5	8	6
78030	6	8	6
78030	7	7	7
78030	8	8	6
78030	9	8	5
78030	10	7	4
78030	11	8	6
78031	1	6	6
78031	2	6	6
78031	3	6	6
78031	4	5	4
78031	5	5	5
78031	6	8	8
78031	7	4	4
78031	8	6	5
78031	9	6	6
78031	10	5	5
78031	11	3	3
78032	1	9	5
78032	2	8	6
78032	3	8	8
78032	4	9	7
78032	5	9	6
78032	6	9	4
78032	7	8	8
78032	8	8	8
78032	9	9	7
78032	10	9	5
78032	11	8	6
78033	1	6	4
78033	2	5	3
78033	3	8	6
78033	4	7	6
78033	5	5	3
78033	6	5	3
78033	7	6	6
78033	8	5	5
78033	9	5	4
78033	10	5	4
78033	11	3	2
78034	1	5	5
78034	2	4	5
78034	3	6	6
78034	4	3	3
78034	5	8	5
78034	6	7	6
78034	7	7	8
78034	8	8	7
78034	9	8	5
78034	10	5	7
78034	11	5	5
78035	1	8	7
78035	2	8	6
78035	3	8	5
78035	4	9	7
78035	5	8	7
78035	6	9	7
78035	7	9	7
78035	8	7	7
78035	9	8	7
78035	10	8	6
78035	11	7	6
78036	1	7	6
78036	2	8	3
78036	3	6	3
78036	4	8	5
78036	5	6	5
78036	6	7	6
78036	7	5	6
78036	8	6	6
78036	9	6	7
78036	10	4	5
78036	11	1	1
78037	1	7	5
78037	2	6	4
78037	3	6	4
78037	4	7	5
78037	5	7	5
78037	6	7	5
78037	7	6	4
78037	8	6	5
78037	9	6	5
78037	10	5	4
78037	11	5	3
78038	1	6	5
78038	2	5	4
78038	3	5	5
78038	4	5	4
78038	5	5	4
78038	6	6	5
78038	7	5	5
78038	8	6	5
78038	9	6	5
78038	10	5	5
78038	11	5	5
78039	1	5	5
78039	2	8	2
78039	3	6	8
78039	4	3	1
78039	5	7	5
78039	6	3	3
78039	7	8	8
78039	8	8	8
78039	9	6	6
78039	10	6	6
78039	11	7	4
78040	1	5	4
78040	2	4	6
78040	3	6	6
78040	4	5	4
78040	5	6	5
78040	6	6	4
78040	7	5	4
78040	8	5	5
78040	9	5	4
78040	10	5	5
78040	11	5	4
78041	1	 	 
78041	2	 	 
78041	3	 	 
78041	4	 	 
78041	5	 	 
78041	6	 	 
78041	7	 	 
78041	8	 	 
78041	9	 	 
78041	10	 	 
78041	11	 	 
78042	1	5	5
78042	2	4	3
78042	3	5	4
78042	4	5	5
78042	5	5	4
78042	6	5	4
78042	7	6	5
78042	8	6	6
78042	9	6	5
78042	10	3	3
78042	11	3	3
78043	1	5	3
78043	2	5	3
78043	3	4	6
78043	4	6	3
78043	5	6	5
78043	6	2	2
78043	7	7	4
78043	8	6	5
78043	9	7	6
78043	10	5	5
78043	11	6	3
78044	1	7	6
78044	2	6	5
78044	3	8	6
78044	4	7	7
78044	5	7	6
78044	6	7	5
78044	7	9	7
78044	8	7	5
78044	9	7	5
78044	10	8	6
78044	11	7	6
78045	1	8	8
78045	2	6	7
78045	3	8	9
78045	4	8	8
78045	5	9	8
78045	6	7	5
78045	7	8	7
78045	8	9	9
78045	9	9	7
78045	10	5	5
78045	11	4	4
78046	1	5	3
78046	2	3	2
78046	3	5	3
78046	4	6	4
78046	5	8	4
78046	6	8	6
78046	7	9	9
78046	8	8	6
78046	9	7	5
78046	10	5	4
78046	11	3	1
78047	1	5	5
78047	2	3	1
78047	3	4	4
78047	4	6	6
78047	5	6	5
78047	6	7	6
78047	7	7	6
78047	8	7	7
78047	9	8	6
78047	10	1	1
78047	11	1	1
78048	1	7	9
78048	2	8	9
78048	3	7	6
78048	4	9	9
78048	5	9	9
78048	6	7	9
78048	7	9	8
78048	8	9	9
78048	9	8	8
78048	10	7	6
78048	11	4	4
78049	1	7	5
78049	2	6	4
78049	3	7	5
78049	4	6	6
78049	5	7	6
78049	6	6	6
78049	7	7	7
78049	8	7	7
78049	9	7	5
78049	10	4	4
78049	11	1	1
78051	1	7	7
78051	2	8	5
78051	3	6	6
78051	4	6	5
78051	5	6	5
78051	6	7	5
78051	7	7	6
78051	8	6	5
78051	9	6	5
78051	10	4	4
78051	11	3	3
78052	1	7	4
78052	2	6	3
78052	3	7	4
78052	4	8	4
78052	5	7	4
78052	6	8	3
78052	7	8	3
78052	8	7	5
78052	9	8	4
78052	10	8	5
78052	11	7	4
88001	1	8	6
88001	2	9	9
88001	3	8	8
88001	4	2	6
88001	5	2	6
88001	6	2	4
88001	7	7	7
88001	8	2	9
88001	9	5	9
88001	10	9	9
88001	11	9	7
88002	1	5	7
88002	2	9	9
88002	3	7	4
88002	4	8	8
88002	5	9	4
88002	6	7	7
88002	7	8	5
88002	8	8	8
88002	9	6	6
88002	10	7	7
88002	11	3	3
88003	1	 	 
88003	2	 	 
88003	3	 	 
88003	4	 	 
88003	5	 	 
88003	6	 	 
88003	7	 	 
88003	8	 	 
88003	9	 	 
88003	10	 	 
88003	11	 	 
88004	1	8	9
88004	2	6	8
88004	3	6	5
88004	4	5	7
88004	5	5	5
88004	6	6	4
88004	7	6	6
88004	8	6	6
88004	9	6	6
88004	10	6	6
88004	11	1	1
88005	1	7	5
88005	2	7	4
88005	3	4	3
88005	4	6	6
88005	5	7	5
88005	6	6	6
88005	7	7	5
88005	8	7	6
88005	9	7	6
88005	10	7	6
88005	11	3	3
88007	1	6	5
88007	2	6	4
88007	3	6	5
88007	4	5	5
88007	5	5	4
88007	6	7	6
88007	7	8	5
88007	8	7	6
88007	9	7	3
88007	10	3	2
88007	11	1	1
88008	1	6	8
88008	2	4	6
88008	3	5	7
88008	4	6	8
88008	5	5	7
88008	6	5	7
88008	7	6	8
88008	8	7	8
88008	9	5	7
88008	10	6	7
88008	11	5	6
88010	1	4	2
88010	2	3	1
88010	3	5	3
88010	4	1	1
88010	5	4	2
88010	6	3	1
88010	7	2	1
88010	8	5	3
88010	9	5	3
88010	10	6	4
88010	11	3	1
88011	1	5	3
88011	2	4	4
88011	3	6	3
88011	4	5	3
88011	5	5	4
88011	6	6	2
88011	7	4	4
88011	8	6	4
88011	9	5	3
88011	10	5	3
88011	11	4	5
88012	1	6	6
88012	2	6	6
88012	3	6	5
88012	4	5	4
88012	5	6	4
88012	6	5	4
88012	7	5	5
88012	8	6	6
88012	9	6	6
88012	10	5	5
88012	11	4	1
88013	1	5	5
88013	2	3	5
88013	3	3	5
88013	4	6	6
88013	5	6	6
88013	6	8	8
88013	7	8	8
88013	8	8	8
88013	9	6	6
88013	10	3	3
88013	11	7	7
88014	1	5	5
88014	2	6	5
88014	3	6	4
88014	4	8	5
88014	5	5	8
88014	6	5	3
88014	7	5	3
88014	8	8	6
88014	9	6	5
88014	10	5	5
88014	11	8	5
88015	1	7	5
88015	2	9	6
88015	3	6	6
88015	4	8	6
88015	5	6	5
88015	6	7	8
88015	7	8	6
88015	8	7	7
88015	9	8	8
88015	10	9	6
88015	11	8	6
88016	1	5	5
88016	2	7	5
88016	3	6	5
88016	4	7	6
88016	5	4	4
88016	6	4	3
88016	7	7	6
88016	8	7	7
88016	9	6	5
88016	10	7	5
88016	11	3	3
88017	1	7	5
88017	2	7	4
88017	3	7	6
88017	4	7	5
88017	5	8	6
88017	6	8	5
88017	7	8	7
88017	8	8	7
88017	9	8	6
88017	10	7	6
88017	11	5	3
88020	1	7	5
88020	2	8	5
88020	3	7	4
88020	4	5	3
88020	5	7	4
88020	6	6	4
88020	7	8	4
88020	8	8	6
88020	9	8	5
88020	10	5	4
88020	11	6	5
88021	1	5	7
88021	2	7	5
88021	3	7	6
88021	4	6	6
88021	5	6	5
88021	6	6	5
88021	7	7	6
88021	8	8	6
88021	9	7	5
88021	10	6	5
88021	11	6	6
88022	1	6	4
88022	2	8	4
88022	3	5	7
88022	4	3	1
88022	5	6	2
88022	6	6	2
88022	7	7	5
88022	8	6	6
88022	9	8	3
88022	10	5	2
88022	11	5	4
88023	1	5	4
88023	2	5	3
88023	3	6	4
88023	4	6	3
88023	5	5	4
88023	6	5	4
88023	7	8	5
88023	8	7	6
88023	9	8	7
88023	10	7	4
88023	11	5	3
88024	1	5	5
88024	2	5	5
88024	3	4	4
88024	4	4	4
88024	5	4	5
88024	6	2	1
88024	7	3	2
88024	8	4	2
88024	9	3	3
88024	10	5	6
88024	11	2	1
88025	1	7	7
88025	2	3	3
88025	3	5	5
88025	4	9	5
88025	5	6	6
88025	6	5	5
88025	7	9	5
88025	8	9	4
88025	9	6	6
88025	10	3	3
88025	11	6	4
88026	1	7	7
88026	2	7	7
88026	3	5	4
88026	4	4	3
88026	5	6	5
88026	6	3	2
88026	7	3	3
88026	8	7	7
88026	9	6	5
88026	10	3	3
88026	11	3	3
88027	1	8	6
88027	2	9	5
88027	3	7	6
88027	4	7	4
88027	5	9	6
88027	6	9	7
88027	7	6	3
88027	8	9	5
88027	9	9	6
88027	10	8	6
88027	11	7	7
88029	1	7	6
88029	2	5	5
88029	3	7	8
88029	4	8	7
88029	5	6	6
88029	6	5	4
88029	7	7	7
88029	8	8	8
88029	9	7	7
88029	10	5	6
88029	11	6	6
88031	1	5	5
88031	2	6	6
88031	3	6	6
88031	4	5	7
88031	5	6	6
88031	6	9	9
88031	7	8	6
88031	8	9	9
88031	9	7	7
88031	10	1	1
88031	11	1	1
98001	1	7	5
98001	2	8	3
98001	3	8	5
98001	4	6	5
98001	5	6	6
98001	6	3	3
98001	7	6	6
98001	8	5	6
98001	9	6	6
98001	10	3	2
98001	11	6	3
98006	1	6	3
98006	2	4	1
98006	3	7	5
98006	4	7	1
98006	5	8	5
98006	6	7	1
98006	7	6	1
98006	8	4	3
98006	9	1	7
98006	10	1	5
98006	11	1	1
98007	1	7	7
98007	2	6	5
98007	3	5	5
98007	4	8	9
98007	5	8	9
98007	6	6	8
98007	7	7	8
98007	8	7	8
98007	9	7	6
98007	10	2	1
98007	11	2	2
98008	1	5	4
98008	2	5	5
98008	3	5	5
98008	4	6	5
98008	5	6	5
98008	6	6	4
98008	7	2	5
98008	8	3	4
98008	9	6	5
98008	10	4	3
98008	11	3	3
98010	1	8	5
98010	2	7	5
98010	3	6	8
98010	4	7	6
98010	5	8	4
98010	6	5	9
98010	7	9	4
98010	8	9	4
98010	9	5	7
98010	10	5	5
98010	11	3	3
98011	1	9	4
98011	2	8	3
98011	3	7	4
98011	4	7	3
98011	5	7	5
98011	6	5	7
98011	7	5	7
98011	8	6	7
98011	9	6	7
98011	10	5	7
98011	11	3	3
98012	1	6	5
98012	2	5	4
98012	3	5	4
98012	4	5	4
98012	5	5	5
98012	6	2	4
98012	7	4	4
98012	8	4	3
98012	9	7	7
98012	10	5	4
98012	11	4	3
98013	1	7	4
98013	2	8	3
98013	3	7	5
98013	4	8	4
98013	5	7	5
98013	6	6	5
98013	7	6	3
98013	8	5	8
98013	9	6	6
98013	10	3	7
98013	11	5	4
98014	1	4	4
98014	2	3	2
98014	3	3	3
98014	4	4	3
98014	5	4	3
98014	6	2	2
98014	7	1	1
98014	8	1	1
98014	9	4	5
98014	10	4	3
98014	11	1	1
98016	1	5	7
98016	2	3	3
98016	3	4	4
98016	4	7	6
98016	5	4	5
98016	6	6	4
98016	7	4	4
98016	8	6	6
98016	9	4	4
98016	10	4	4
98016	11	5	4
98018	1	6	4
98018	2	7	5
98018	3	6	6
98018	4	5	5
98018	5	4	7
98018	6	3	8
98018	7	6	9
98018	8	5	6
98018	9	4	8
98018	10	4	5
98018	11	4	7
98020	1	5	3
98020	2	6	4
98020	3	5	7
98020	4	7	6
98020	5	8	6
98020	6	6	4
98020	7	7	7
98020	8	7	7
98020	9	6	5
98020	10	5	3
98020	11	5	5
98022	1	3	2
98022	2	1	2
98022	3	3	3
98022	4	4	3
98022	5	4	3
98022	6	1	7
98022	7	1	2
98022	8	1	9
98022	9	4	7
98022	10	2	6
98022	11	5	5
98023	1	6	6
98023	2	4	2
98023	3	8	5
98023	4	5	3
98023	5	3	3
98023	6	4	4
98023	7	5	2
98023	8	6	2
98023	9	8	8
98023	10	2	2
98023	11	1	1
98024	1	4	4
98024	2	4	4
98024	3	4	4
98024	4	3	3
98024	5	5	4
98024	6	3	4
98024	7	5	3
98024	8	4	3
98024	9	5	5
98024	10	6	5
98024	11	5	6
98025	1	7	6
98025	2	4	6
98025	3	7	8
98025	4	5	5
98025	5	8	7
98025	6	8	6
98025	7	5	3
98025	8	7	5
98025	9	7	9
98025	10	8	6
98025	11	7	7
98026	1	4	4
98026	2	5	5
98026	3	4	5
98026	4	5	5
98026	5	6	3
98026	6	5	6
98026	7	4	4
98026	8	4	4
98026	9	7	5
98026	10	6	4
98026	11	4	3
98028	1	4	3
98028	2	4	4
98028	3	5	5
98028	4	4	4
98028	5	6	4
98028	6	8	3
98028	7	7	3
98028	8	7	5
98028	9	6	4
98028	10	6	6
98028	11	4	4
98029	1	5	4
98029	2	4	5
98029	3	6	7
98029	4	4	5
98029	5	6	6
98029	6	3	3
98029	7	4	4
98029	8	5	6
98029	9	5	5
98029	10	4	5
98029	11	2	2
108001	1	7	6
108001	2	5	5
108001	3	6	5
108001	4	4	7
108001	5	5	3
108001	6	5	4
108001	7	7	5
108001	8	8	8
108001	9	9	9
108001	10	9	3
108001	11	5	5
108002	1	7	5
108002	2	3	3
108002	3	6	7
108002	4	4	7
108002	5	8	5
108002	6	6	5
108002	7	8	8
108002	8	8	8
108002	9	5	3
108002	10	5	3
108002	11	5	4
108003	1	8	6
108003	2	5	3
108003	3	6	6
108003	4	7	5
108003	5	7	6
108003	6	6	4
108003	7	7	5
108003	8	7	7
108003	9	7	6
108003	10	8	5
108003	11	7	6
108004	1	7	7
108004	2	4	7
108004	3	4	5
108004	4	5	5
108004	5	4	2
108004	6	2	4
108004	7	4	4
108004	8	5	2
108004	9	7	4
108004	10	6	4
108004	11	4	6
108006	1	9	9
108006	2	6	5
108006	3	8	6
108006	4	9	9
108006	5	7	5
108006	6	8	7
108006	7	6	5
108006	8	9	9
108006	9	8	8
108006	10	7	6
108006	11	1	1
108007	1	7	6
108007	2	8	6
108007	3	7	7
108007	4	7	7
108007	5	7	6
108007	6	6	4
108007	7	5	4
108007	8	7	6
108007	9	7	6
108007	10	5	4
108007	11	6	6
108008	1	7	4
108008	2	6	5
108008	3	8	7
108008	4	5	5
108008	5	7	5
108008	6	8	6
108008	7	7	6
108008	8	9	7
108008	9	8	9
108008	10	4	4
108008	11	5	2
108009	1	7	5
108009	2	6	4
108009	3	5	4
108009	4	5	5
108009	5	5	5
108009	6	5	3
108009	7	6	6
108009	8	7	4
108009	9	6	4
108009	10	6	5
108009	11	4	2
108011	1	8	8
108011	2	8	7
108011	3	7	6
108011	4	7	7
108011	5	8	3
108011	6	6	4
108011	7	8	7
108011	8	8	8
108011	9	8	5
108011	10	7	6
108011	11	6	6
108012	1	7	5
108012	2	7	5
108012	3	8	5
108012	4	7	5
108012	5	6	5
108012	6	8	6
108012	7	7	5
108012	8	8	6
108012	9	8	6
108012	10	7	5
108012	11	1	1
108013	1	9	7
108013	2	9	7
108013	3	6	8
108013	4	8	7
108013	5	7	7
108013	6	5	8
108013	7	8	6
108013	8	8	7
108013	9	9	7
108013	10	7	9
108013	11	9	7
108015	1	5	7
108015	2	5	4
108015	3	8	3
108015	4	7	4
108015	5	3	7
108015	6	6	5
108015	7	8	4
108015	8	4	8
108015	9	4	7
108015	10	1	3
108015	11	1	3
108016	1	9	9
108016	2	5	5
108016	3	7	5
108016	4	7	7
108016	5	6	5
108016	6	7	4
108016	7	7	7
108016	8	9	9
108016	9	7	6
108016	10	7	7
108016	11	1	1
108017	1	4	4
108017	2	4	4
108017	3	7	6
108017	4	3	3
108017	5	5	5
108017	6	3	4
108017	7	7	7
108017	8	7	7
108017	9	5	6
108017	10	6	6
108017	11	3	3
108020	1	5	4
108020	2	5	5
108020	3	4	6
108020	4	6	6
108020	5	7	6
108020	6	8	5
108020	7	3	4
108020	8	5	7
108020	9	7	6
108020	10	6	6
108020	11	3	4
108021	1	5	6
108021	2	5	6
108021	3	4	3
108021	4	4	4
108021	5	5	6
108021	6	4	5
108021	7	4	5
108021	8	5	5
108021	9	7	7
108021	10	4	5
108021	11	3	4
108022	1	7	6
108022	2	6	6
108022	3	6	6
108022	4	6	5
108022	5	6	4
108022	6	6	5
108022	7	7	7
108022	8	7	7
108022	9	8	6
108022	10	4	4
108022	11	3	3
108023	1	7	7
108023	2	5	5
108023	3	6	6
108023	4	5	5
108023	5	6	5
108023	6	4	4
108023	7	5	5
108023	8	6	6
108023	9	4	4
108023	10	6	6
108023	11	2	2
108024	1	6	6
108024	2	7	6
108024	3	5	4
108024	4	8	8
108024	5	7	5
108024	6	4	6
108024	7	7	7
108024	8	8	8
108024	9	8	7
108024	10	8	7
108024	11	6	5
108025	1	6	5
108025	2	4	6
108025	3	5	5
108025	4	4	7
108025	5	4	7
108025	6	4	7
108025	7	4	7
108025	8	4	6
108025	9	4	6
108025	10	6	6
108025	11	4	5
108026	1	4	3
108026	2	7	5
108026	3	4	6
108026	4	7	6
108026	5	7	5
108026	6	4	4
108026	7	5	5
108026	8	5	5
108026	9	4	5
108026	10	2	4
108026	11	1	1
108027	1	3	3
108027	2	3	3
108027	3	4	2
108027	4	4	3
108027	5	6	4
108027	6	3	4
108027	7	8	8
108027	8	8	7
108027	9	8	7
108027	10	3	3
108027	11	8	5
108028	1	6	4
108028	2	6	3
108028	3	5	3
108028	4	6	3
108028	5	5	4
108028	6	3	3
108028	7	7	4
108028	8	7	6
108028	9	6	6
108028	10	5	5
108028	11	2	2
108029	1	4	6
108029	2	5	6
108029	3	5	7
108029	4	5	6
108029	5	5	8
108029	6	4	5
108029	7	5	7
108029	8	7	7
108029	9	5	5
108029	10	5	7
108029	11	4	4
118001	1	8	6
118001	2	5	4
118001	3	8	8
118001	4	4	7
118001	5	8	8
118001	6	8	8
118001	7	8	8
118001	8	8	8
118001	9	8	8
118001	10	4	4
118001	11	1	1
118002	1	6	4
118002	2	5	1
118002	3	4	3
118002	4	5	3
118002	5	6	4
118002	6	5	4
118002	7	5	5
118002	8	5	5
118002	9	5	4
118002	10	4	5
118002	11	6	5
118003	1	5	8
118003	2	8	7
118003	3	9	6
118003	4	8	6
118003	5	5	7
118003	6	8	9
118003	7	3	5
118003	8	3	4
118003	9	6	5
118003	10	7	6
118003	11	2	3
118004	1	7	5
118004	2	6	5
118004	3	7	6
118004	4	8	8
118004	5	8	6
118004	6	6	6
118004	7	7	5
118004	8	8	7
118004	9	7	7
118004	10	7	5
118004	11	7	4
118005	1	5	2
118005	2	6	1
118005	3	4	1
118005	4	6	4
118005	5	4	2
118005	6	2	1
118005	7	6	3
118005	8	5	4
118005	9	8	4
118005	10	8	3
118005	11	6	4
118006	1	5	3
118006	2	6	3
118006	3	2	1
118006	4	4	2
118006	5	7	5
118006	6	3	1
118006	7	3	2
118006	8	7	5
118006	9	4	2
118006	10	1	1
118006	11	2	1
118007	1	5	5
118007	2	6	5
118007	3	5	5
118007	4	7	6
118007	5	5	3
118007	6	7	5
118007	7	5	4
118007	8	9	6
118007	9	6	5
118007	10	7	4
118007	11	2	2
118009	1	5	3
118009	2	4	4
118009	3	5	5
118009	4	4	2
118009	5	3	2
118009	6	1	1
118009	7	5	2
118009	8	4	2
118009	9	4	2
118009	10	1	1
118009	11	2	1
118010	1	 	 
118010	2	 	 
118010	3	 	 
118010	4	 	 
118010	5	 	 
118010	6	 	 
118010	7	 	 
118010	8	 	 
118010	9	 	 
118010	10	 	 
118010	11	 	 
118011	1	4	7
118011	2	3	8
118011	3	4	7
118011	4	3	7
118011	5	5	8
118011	6	3	6
118011	7	2	7
118011	8	2	8
118011	9	4	7
118011	10	3	6
118011	11	3	5
118013	1	5	1
118013	2	4	1
118013	3	6	3
118013	4	5	1
118013	5	2	4
118013	6	5	6
118013	7	7	4
118013	8	5	3
118013	9	2	4
118013	10	2	5
118013	11	3	4
118014	1	8	5
118014	2	7	3
118014	3	8	4
118014	4	7	3
118014	5	8	4
118014	6	7	8
118014	7	7	5
118014	8	8	8
118014	9	7	8
118014	10	3	3
118014	11	2	9
118015	1	7	3
118015	2	7	4
118015	3	7	3
118015	4	7	3
118015	5	7	4
118015	6	7	5
118015	7	8	4
118015	8	7	4
118015	9	7	3
118015	10	2	2
118015	11	1	1
118017	1	6	5
118017	2	6	5
118017	3	7	6
118017	4	6	7
118017	5	7	7
118017	6	6	5
118017	7	7	5
118017	8	7	6
118017	9	7	5
118017	10	2	1
118017	11	3	2
118018	1	7	4
118018	2	5	3
118018	3	9	3
118018	4	9	3
118018	5	4	1
118018	6	2	3
118018	7	6	3
118018	8	8	3
118018	9	8	4
118018	10	9	5
118018	11	7	5
118020	1	7	4
118020	2	8	5
118020	3	8	6
118020	4	6	3
118020	5	7	5
118020	6	5	7
118020	7	5	3
118020	8	7	7
118020	9	6	7
118020	10	2	2
118020	11	2	2
118022	1	8	3
118022	2	6	2
118022	3	8	7
118022	4	7	4
118022	5	8	4
118022	6	9	3
118022	7	8	4
118022	8	8	6
118022	9	8	5
118022	10	3	5
118022	11	2	1
118023	1	7	3
118023	2	5	2
118023	3	6	2
118023	4	7	2
118023	5	5	2
118023	6	8	9
118023	7	4	2
118023	8	7	3
118023	9	7	2
118023	10	6	2
118023	11	8	1
118024	1	7	3
118024	2	7	2
118024	3	5	5
118024	4	6	3
118024	5	5	3
118024	6	3	3
118024	7	1	1
118024	8	4	4
118024	9	5	5
118024	10	2	2
118024	11	2	2
118027	1	3	3
118027	2	4	3
118027	3	5	4
118027	4	4	3
118027	5	2	5
118027	6	3	4
118027	7	2	5
118027	8	3	4
118027	9	4	5
118027	10	4	3
118027	11	4	4
118028	1	6	4
118028	2	3	1
118028	3	3	3
118028	4	5	4
118028	5	5	5
118028	6	4	4
118028	7	4	2
118028	8	4	2
118028	9	8	6
118028	10	1	1
118028	11	1	1
118029	1	6	8
118029	2	7	6
118029	3	6	7
118029	4	5	7
118029	5	5	7
118029	6	8	6
118029	7	6	7
118029	8	6	7
118029	9	7	7
118029	10	6	7
118029	11	6	6
118030	1	6	4
118030	2	5	3
118030	3	7	5
118030	4	6	5
118030	5	6	4
118030	6	6	5
118030	7	7	5
118030	8	7	5
118030	9	6	4
118030	10	7	6
118030	11	2	1
128002	1	9	5
128002	2	7	4
128002	3	9	5
128002	4	9	6
128002	5	8	4
128002	6	8	6
128002	7	6	3
128002	8	9	7
128002	9	8	6
128002	10	7	5
128002	11	1	1
128003	1	7	5
128003	2	6	5
128003	3	7	5
128003	4	7	7
128003	5	5	7
128003	6	1	1
128003	7	7	5
128003	8	7	5
128003	9	7	5
128003	10	4	4
128003	11	1	1
128004	1	7	5
128004	2	6	4
128004	3	5	3
128004	4	6	3
128004	5	6	3
128004	6	4	4
128004	7	4	3
128004	8	5	3
128004	9	6	3
128004	10	4	4
128004	11	4	4
128006	1	5	4
128006	2	6	4
128006	3	7	5
128006	4	6	5
128006	5	7	5
128006	6	6	4
128006	7	6	4
128006	8	8	8
128006	9	7	6
128006	10	8	8
128006	11	6	5
128007	1	8	4
128007	2	8	5
128007	3	8	6
128007	4	8	2
128007	5	9	3
128007	6	9	2
128007	7	9	4
128007	8	9	4
128007	9	8	3
128007	10	9	3
128007	11	9	4
128008	1	5	4
128008	2	4	3
128008	3	4	3
128008	4	5	4
128008	5	5	3
128008	6	4	3
128008	7	5	3
128008	8	5	4
128008	9	5	4
128008	10	5	4
128008	11	5	4
128009	1	7	4
128009	2	6	4
128009	3	7	6
128009	4	7	6
128009	5	7	7
128009	6	6	5
128009	7	6	6
128009	8	6	6
128009	9	6	7
128009	10	6	5
128009	11	5	5
128010	1	5	5
128010	2	8	5
128010	3	1	6
128010	4	5	5
128010	5	6	4
128010	6	1	5
128010	7	7	5
128010	8	9	7
128010	9	8	4
128010	10	1	1
128010	11	1	1
128011	1	5	5
128011	2	5	7
128011	3	7	5
128011	4	8	6
128011	5	9	5
128011	6	4	2
128011	7	6	6
128011	8	6	6
128011	9	5	6
128011	10	7	4
128011	11	7	6
128012	1	9	9
128012	2	9	9
128012	3	9	9
128012	4	9	9
128012	5	9	9
128012	6	7	7
128012	7	9	9
128012	8	9	9
128012	9	9	9
128012	10	5	6
128012	11	6	6
128013	1	7	4
128013	2	7	7
128013	3	6	6
128013	4	9	9
128013	5	7	7
128013	6	7	7
128013	7	7	7
128013	8	7	7
128013	9	7	7
128013	10	8	8
128013	11	6	6
128014	1	5	4
128014	2	3	3
128014	3	6	6
128014	4	6	5
128014	5	7	5
128014	6	4	4
128014	7	6	4
128014	8	7	7
128014	9	6	6
128014	10	3	3
128014	11	3	3
128016	1	4	4
128016	2	7	4
128016	3	6	4
128016	4	3	3
128016	5	4	4
128016	6	2	2
128016	7	2	2
128016	8	6	6
128016	9	4	3
128016	10	4	4
128016	11	4	4
128019	1	5	4
128019	2	6	6
128019	3	5	5
128019	4	5	4
128019	5	5	4
128019	6	4	3
128019	7	5	4
128019	8	6	5
128019	9	6	5
128019	10	4	4
128019	11	5	5
128020	1	5	4
128020	2	4	2
128020	3	7	5
128020	4	5	5
128020	5	7	5
128020	6	3	3
128020	7	6	5
128020	8	7	6
128020	9	5	5
128020	10	5	4
128020	11	5	5
128021	1	9	9
128021	2	7	7
128021	3	7	6
128021	4	8	9
128021	5	8	8
128021	6	6	6
128021	7	8	7
128021	8	8	8
128021	9	9	9
128021	10	7	7
128021	11	6	6
128022	1	4	4
128022	2	3	2
128022	3	5	3
128022	4	2	2
128022	5	5	3
128022	6	1	2
128022	7	4	3
128022	8	5	4
128022	9	5	3
128022	10	6	7
128022	11	7	5
128023	1	9	4
128023	2	7	5
128023	3	6	4
128023	4	5	4
128023	5	7	5
128023	6	7	5
128023	7	7	6
128023	8	5	5
128023	9	7	5
128023	10	5	3
128023	11	2	1
128024	1	5	3
128024	2	7	5
128024	3	5	4
128024	4	5	5
128024	5	7	5
128024	6	6	3
128024	7	7	5
128024	8	8	5
128024	9	7	5
128024	10	6	3
128024	11	6	5
128025	1	6	6
128025	2	8	6
128025	3	7	7
128025	4	7	6
128025	5	7	8
128025	6	7	5
128025	7	7	6
128025	8	5	4
128025	9	9	5
128025	10	6	6
128025	11	6	4
128026	1	8	7
128026	2	9	4
128026	3	8	7
128026	4	9	5
128026	5	9	7
128026	6	1	3
128026	7	9	7
128026	8	9	8
128026	9	6	4
128026	10	7	7
128026	11	3	1
128028	1	6	6
128028	2	5	4
128028	3	8	6
128028	4	7	7
128028	5	8	6
128028	6	1	4
128028	7	8	7
128028	8	8	8
128028	9	6	6
128028	10	5	5
128028	11	1	1
128030	1	5	2
128030	2	4	8
128030	3	8	4
128030	4	8	5
128030	5	7	4
128030	6	5	1
128030	7	6	3
128030	8	6	7
128030	9	2	1
128030	10	4	2
128030	11	1	1
128031	1	5	3
128031	2	4	2
128031	3	6	4
128031	4	7	3
128031	5	7	4
128031	6	4	2
128031	7	6	3
128031	8	7	3
128031	9	6	3
128031	10	6	3
128031	11	5	4
128032	1	7	5
128032	2	8	5
128032	3	7	6
128032	4	8	5
128032	5	8	7
128032	6	5	7
128032	7	8	6
128032	8	9	8
128032	9	8	6
128032	10	7	5
128032	11	1	1
128033	1	8	7
128033	2	8	8
128033	3	7	7
128033	4	8	8
128033	5	8	8
128033	6	8	8
128033	7	8	8
128033	8	8	8
128033	9	8	8
128033	10	8	5
128033	11	8	8
128034	1	6	6
128034	2	8	4
128034	3	7	7
128034	4	7	7
128034	5	7	7
128034	6	3	3
128034	7	7	7
128034	8	7	7
128034	9	5	5
128034	10	7	7
128034	11	2	2
128037	1	7	5
128037	2	7	6
128037	3	6	5
128037	4	7	4
128037	5	6	5
128037	6	4	3
128037	7	5	5
128037	8	1	8
128037	9	8	5
128037	10	7	7
128037	11	6	5
128038	1	5	5
128038	2	3	2
128038	3	4	3
128038	4	2	2
128038	5	3	2
128038	6	1	1
128038	7	4	3
128038	8	3	3
128038	9	3	3
128038	10	5	5
128038	11	2	1
128039	1	7	5
128039	2	6	4
128039	3	7	4
128039	4	8	5
128039	5	8	6
128039	6	6	5
128039	7	8	7
128039	8	7	6
128039	9	4	4
128039	10	3	3
128039	11	3	3
128040	1	6	5
128040	2	4	7
128040	3	6	6
128040	4	7	5
128040	5	8	6
128040	6	5	4
128040	7	7	6
128040	8	5	8
128040	9	6	5
128040	10	1	5
128040	11	4	1
128041	1	6	4
128041	2	4	7
128041	3	8	6
128041	4	5	3
128041	5	7	4
128041	6	6	3
128041	7	8	6
128041	8	8	7
128041	9	7	5
128041	10	6	7
128041	11	2	2
128042	1	9	9
128042	2	3	3
128042	3	7	8
128042	4	7	5
128042	5	8	5
128042	6	2	1
128042	7	8	8
128042	8	8	8
128042	9	6	5
128042	10	7	7
128042	11	8	7
128043	1	7	3
128043	2	6	2
128043	3	7	7
128043	4	4	4
128043	5	7	3
128043	6	8	2
128043	7	9	4
128043	8	8	5
128043	9	8	4
128043	10	8	5
128043	11	8	5
128044	1	 	 
128044	2	 	 
128044	3	 	 
128044	4	 	 
128044	5	 	 
128044	6	 	 
128044	7	 	 
128044	8	 	 
128044	9	 	 
128044	10	 	 
128044	11	 	 
128045	1	6	4
128045	2	7	5
128045	3	6	5
128045	4	6	5
128045	5	5	4
128045	6	6	4
128045	7	5	5
128045	8	6	5
128045	9	6	6
128045	10	7	6
128045	11	5	5
128046	1	7	6
128046	2	6	5
128046	3	7	6
128046	4	6	6
128046	5	7	5
128046	6	6	5
128046	7	7	7
128046	8	7	7
128046	9	6	5
128046	10	7	5
128046	11	7	5
128047	1	7	6
128047	2	6	4
128047	3	7	5
128047	4	6	6
128047	5	8	6
128047	6	7	5
128047	7	8	6
128047	8	7	7
128047	9	8	5
128047	10	6	6
128047	11	1	7
128048	1	8	4
128048	2	7	4
128048	3	9	3
128048	4	4	6
128048	5	8	4
128048	6	9	4
128048	7	9	5
128048	8	9	4
128048	9	8	5
128048	10	8	4
128048	11	8	3
128049	1	5	4
128049	2	6	5
128049	3	6	8
128049	4	5	7
128049	5	6	7
128049	6	4	5
128049	7	5	4
128049	8	5	6
128049	9	6	8
128049	10	7	6
128049	11	5	5
128050	1	5	4
128050	2	6	6
128050	3	5	4
128050	4	6	4
128050	5	4	3
128050	6	6	3
128050	7	6	4
128050	8	6	4
128050	9	6	5
128050	10	7	7
128050	11	4	3
128051	1	8	5
128051	2	8	4
128051	3	7	5
128051	4	5	8
128051	5	9	4
128051	6	1	1
128051	7	8	8
128051	8	9	5
128051	9	5	5
128051	10	1	1
128051	11	1	1
138002	1	6	8
138002	2	3	8
138002	3	6	8
138002	4	6	4
138002	5	5	6
138002	6	5	4
138002	7	6	6
138002	8	6	6
138002	9	7	6
138002	10	3	4
138002	11	1	1
138004	1	8	5
138004	2	8	7
138004	3	9	8
138004	4	8	6
138004	5	8	8
138004	6	9	9
138004	7	8	7
138004	8	9	9
138004	9	9	9
138004	10	9	9
138004	11	9	9
138005	1	8	5
138005	2	6	4
138005	3	8	5
138005	4	8	6
138005	5	8	8
138005	6	6	3
138005	7	6	8
138005	8	7	7
138005	9	7	6
138005	10	5	3
138005	11	6	4
138007	1	6	4
138007	2	6	4
138007	3	5	4
138007	4	3	2
138007	5	5	4
138007	6	1	1
138007	7	5	5
138007	8	5	5
138007	9	5	5
138007	10	5	4
138007	11	3	1
138008	1	5	4
138008	2	6	4
138008	3	7	5
138008	4	6	5
138008	5	7	5
138008	6	5	4
138008	7	6	5
138008	8	5	5
138008	9	6	4
138008	10	5	5
138008	11	6	5
138009	1	7	7
138009	2	8	6
138009	3	8	6
138009	4	8	6
138009	5	8	7
138009	6	7	5
138009	7	8	6
138009	8	9	7
138009	9	8	7
138009	10	6	6
138009	11	7	6
138011	1	7	5
138011	2	6	6
138011	3	6	7
138011	4	7	6
138011	5	8	6
138011	6	6	4
138011	7	7	5
138011	8	8	6
138011	9	7	5
138011	10	8	5
138011	11	7	4
138012	1	6	5
138012	2	6	4
138012	3	7	5
138012	4	6	4
138012	5	8	5
138012	6	6	4
138012	7	7	6
138012	8	7	6
138012	9	5	4
138012	10	5	4
138012	11	6	4
138013	1	7	4
138013	2	7	5
138013	3	6	4
138013	4	8	5
138013	5	8	5
138013	6	7	3
138013	7	7	4
138013	8	7	5
138013	9	8	4
138013	10	7	3
138013	11	6	3
138014	1	5	4
138014	2	6	3
138014	3	4	5
138014	4	4	4
138014	5	3	4
138014	6	2	3
138014	7	4	4
138014	8	5	4
138014	9	3	3
138014	10	4	4
138014	11	6	5
138015	1	5	8
138015	2	8	6
138015	3	6	4
138015	4	7	5
138015	5	5	7
138015	6	4	6
138015	7	6	6
138015	8	7	6
138015	9	6	8
138015	10	9	4
138015	11	2	2
138016	1	7	5
138016	2	7	6
138016	3	7	5
138016	4	7	6
138016	5	7	5
138016	6	6	6
138016	7	8	6
138016	8	8	5
138016	9	7	5
138016	10	5	5
138016	11	8	6
138017	1	7	4
138017	2	8	5
138017	3	7	5
138017	4	8	5
138017	5	8	6
138017	6	6	4
138017	7	7	5
138017	8	7	4
138017	9	8	6
138017	10	9	9
138017	11	6	4
138018	1	6	6
138018	2	9	9
138018	3	6	6
138018	4	7	6
138018	5	9	6
138018	6	2	7
138018	7	9	5
138018	8	7	7
138018	9	3	7
138018	10	4	2
138018	11	5	5
138020	1	6	3
138020	2	6	3
138020	3	5	7
138020	4	6	3
138020	5	8	2
138020	6	7	3
138020	7	7	7
138020	8	6	6
138020	9	7	3
138020	10	3	7
138020	11	5	7
138021	1	3	3
138021	2	6	5
138021	3	7	7
138021	4	7	6
138021	5	8	6
138021	6	2	2
138021	7	7	6
138021	8	9	9
138021	9	8	7
138021	10	3	3
138021	11	5	4
138022	1	7	6
138022	2	1	1
138022	3	5	5
138022	4	2	2
138022	5	5	4
138022	6	5	4
138022	7	6	4
138022	8	7	5
138022	9	8	5
138022	10	4	4
138022	11	1	1
138023	1	7	5
138023	2	6	4
138023	3	7	5
138023	4	8	5
138023	5	8	6
138023	6	7	4
138023	7	8	6
138023	8	9	8
138023	9	7	5
138023	10	6	4
138023	11	5	5
138024	1	7	6
138024	2	5	5
138024	3	7	6
138024	4	8	6
138024	5	8	6
138024	6	4	5
138024	7	8	5
138024	8	7	6
138024	9	8	5
138024	10	6	6
138024	11	7	5
138025	1	7	7
138025	2	8	5
138025	3	6	5
138025	4	5	5
138025	5	5	4
138025	6	4	1
138025	7	8	8
138025	8	9	9
138025	9	7	5
138025	10	3	8
138025	11	6	4
138027	1	5	5
138027	2	5	4
138027	3	6	6
138027	4	7	5
138027	5	5	5
138027	6	6	7
138027	7	4	2
138027	8	4	3
138027	9	5	5
138027	10	4	3
138027	11	3	2
138028	1	5	5
138028	2	4	4
138028	3	4	5
138028	4	6	5
138028	5	5	5
138028	6	4	4
138028	7	3	2
138028	8	3	2
138028	9	4	4
138028	10	3	4
138028	11	6	6
138029	1	7	4
138029	2	8	4
138029	3	6	3
138029	4	6	3
138029	5	7	4
138029	6	6	3
138029	7	6	3
138029	8	7	3
138029	9	6	4
138029	10	4	5
138029	11	7	3
138030	1	6	5
138030	2	4	2
138030	3	4	2
138030	4	5	3
138030	5	4	2
138030	6	3	1
138030	7	5	3
138030	8	6	4
138030	9	4	3
138030	10	3	2
138030	11	2	1
138031	1	9	3
138031	2	7	4
138031	3	7	5
138031	4	7	7
138031	5	7	6
138031	6	5	7
138031	7	7	4
138031	8	8	8
138031	9	6	6
138031	10	5	5
138031	11	6	5
138032	1	6	6
138032	2	6	8
138032	3	5	3
138032	4	1	1
138032	5	4	4
138032	6	5	3
138032	7	7	7
138032	8	8	5
138032	9	4	5
138032	10	4	2
138032	11	3	3
138033	1	3	2
138033	2	3	2
138033	3	6	3
138033	4	7	6
138033	5	7	5
138033	6	2	1
138033	7	6	4
138033	8	7	4
138033	9	7	5
138033	10	6	5
138033	11	5	1
138035	1	8	8
138035	2	7	7
138035	3	7	7
138035	4	6	6
138035	5	8	5
138035	6	6	6
138035	7	7	7
138035	8	8	8
138035	9	6	6
138035	10	4	4
138035	11	4	4
138036	1	8	8
138036	2	7	6
138036	3	6	6
138036	4	5	5
138036	5	8	8
138036	6	5	6
138036	7	7	6
138036	8	7	6
138036	9	6	6
138036	10	6	6
138036	11	6	6
138037	1	6	7
138037	2	8	6
138037	3	4	7
138037	4	5	5
138037	5	5	4
138037	6	8	5
138037	7	6	4
138037	8	8	7
138037	9	7	7
138037	10	6	6
138037	11	4	4
138038	1	6	4
138038	2	5	5
138038	3	5	5
138038	4	6	4
138038	5	7	4
138038	6	1	2
138038	7	4	3
138038	8	4	3
138038	9	4	6
138038	10	6	6
138038	11	5	4
138039	1	8	6
138039	2	1	9
138039	3	7	9
138039	4	4	9
138039	5	8	9
138039	6	3	9
138039	7	9	7
138039	8	9	9
138039	9	9	7
138039	10	9	7
138039	11	3	3
138040	1	3	5
138040	2	3	5
138040	3	7	7
138040	4	5	5
138040	5	8	7
138040	6	3	4
138040	7	6	5
138040	8	8	8
138040	9	5	5
138040	10	7	7
138040	11	2	2
138041	1	8	7
138041	2	8	8
138041	3	7	5
138041	4	7	7
138041	5	7	7
138041	6	5	4
138041	7	8	8
138041	8	8	8
138041	9	6	5
138041	10	6	6
138041	11	6	4
138042	1	5	7
138042	2	2	9
138042	3	8	5
138042	4	7	4
138042	5	7	5
138042	6	9	4
138042	7	8	8
138042	8	9	7
138042	9	9	4
138042	10	9	1
138042	11	7	1
138044	1	7	6
138044	2	6	5
138044	3	7	5
138044	4	7	5
138044	5	8	6
138044	6	6	5
138044	7	8	8
138044	8	8	8
138044	9	7	5
138044	10	6	6
138044	11	7	5
138045	1	4	7
138045	2	5	2
138045	3	6	4
138045	4	6	5
138045	5	7	4
138045	6	5	6
138045	7	5	5
138045	8	7	7
138045	9	6	5
138045	10	4	4
138045	11	1	1
138046	1	9	9
138046	2	4	1
138046	3	4	4
138046	4	9	9
138046	5	9	9
138046	6	9	9
138046	7	5	1
138046	8	6	3
138046	9	9	9
138046	10	9	9
138046	11	1	1
138047	1	5	5
138047	2	4	6
138047	3	8	8
138047	4	6	4
138047	5	7	6
138047	6	2	4
138047	7	7	7
138047	8	8	8
138047	9	6	4
138047	10	8	8
138047	11	7	7
138048	1	7	5
138048	2	7	4
138048	3	5	6
138048	4	7	5
138048	5	7	6
138048	6	3	4
138048	7	6	5
138048	8	7	5
138048	9	5	6
138048	10	5	4
138048	11	6	5
138049	1	3	2
138049	2	3	1
138049	3	4	2
138049	4	3	1
138049	5	4	2
138049	6	2	1
138049	7	4	1
138049	8	4	3
138049	9	5	3
138049	10	3	2
138049	11	4	2
138050	1	5	5
138050	2	6	4
138050	3	4	5
138050	4	5	4
138050	5	5	5
138050	6	6	4
138050	7	6	5
138050	8	6	5
138050	9	5	5
138050	10	6	5
138050	11	5	4
138051	1	5	3
138051	2	7	5
138051	3	6	5
138051	4	7	5
138051	5	8	6
138051	6	7	6
138051	7	6	4
138051	8	8	6
138051	9	7	8
138051	10	6	7
138051	11	6	5
138053	1	6	4
138053	2	6	4
138053	3	5	3
138053	4	6	5
138053	5	6	6
138053	6	2	4
138053	7	5	4
138053	8	6	4
138053	9	3	5
138053	10	2	4
138053	11	3	2
148001	1	8	8
148001	2	6	4
148001	3	4	6
148001	4	5	5
148001	5	7	4
148001	6	4	4
148001	7	5	4
148001	8	5	4
148001	9	6	6
148001	10	7	7
148001	11	2	2
148002	1	6	5
148002	2	5	5
148002	3	6	5
148002	4	6	4
148002	5	6	4
148002	6	3	3
148002	7	6	4
148002	8	6	4
148002	9	6	5
148002	10	4	4
148002	11	3	3
148003	1	7	5
148003	2	6	4
148003	3	7	8
148003	4	8	5
148003	5	7	6
148003	6	7	5
148003	7	7	5
148003	8	8	6
148003	9	6	4
148003	10	5	7
148003	11	8	5
148004	1	5	7
148004	2	4	6
148004	3	7	7
148004	4	7	5
148004	5	5	4
148004	6	3	3
148004	7	4	3
148004	8	5	3
148004	9	4	3
148004	10	4	4
148004	11	1	1
148005	1	7	3
148005	2	4	4
148005	3	5	3
148005	4	5	4
148005	5	4	4
148005	6	3	5
148005	7	5	3
148005	8	6	6
148005	9	4	6
148005	10	7	7
148005	11	1	1
148006	1	6	5
148006	2	6	5
148006	3	6	5
148006	4	3	4
148006	5	7	5
148006	6	1	3
148006	7	7	6
148006	8	7	6
148006	9	4	5
148006	10	1	2
148006	11	1	1
148007	1	6	4
148007	2	5	3
148007	3	6	5
148007	4	7	5
148007	5	7	4
148007	6	5	4
148007	7	7	4
148007	8	7	6
148007	9	6	4
148007	10	5	5
148007	11	6	6
148008	1	7	5
148008	2	6	5
148008	3	7	6
148008	4	7	5
148008	5	7	5
148008	6	7	6
148008	7	8	7
148008	8	8	8
148008	9	6	5
148008	10	4	4
148008	11	4	4
148011	1	7	4
148011	2	7	4
148011	3	7	4
148011	4	8	5
148011	5	8	5
148011	6	6	4
148011	7	7	5
148011	8	7	5
148011	9	8	5
148011	10	1	1
148011	11	1	1
148012	1	5	5
148012	2	6	6
148012	3	4	4
148012	4	6	6
148012	5	4	3
148012	6	3	2
148012	7	6	4
148012	8	5	4
148012	9	5	4
148012	10	7	6
148012	11	6	5
148013	1	7	7
148013	2	8	7
148013	3	7	7
148013	4	8	7
148013	5	8	8
148013	6	7	5
148013	7	7	6
148013	8	7	7
148013	9	7	6
148013	10	6	6
148013	11	3	3
148014	1	5	4
148014	2	5	4
148014	3	6	5
148014	4	5	5
148014	5	6	5
148014	6	6	5
148014	7	7	5
148014	8	4	2
148014	9	6	4
148014	10	5	4
148014	11	4	4
148015	1	7	7
148015	2	5	5
148015	3	7	5
148015	4	6	5
148015	5	8	5
148015	6	6	6
148015	7	6	5
148015	8	8	8
148015	9	6	5
148015	10	5	5
148015	11	2	2
148016	1	7	7
148016	2	7	7
148016	3	5	7
148016	4	7	4
148016	5	8	5
148016	6	6	5
148016	7	7	7
148016	8	8	8
148016	9	7	4
148016	10	7	7
148016	11	2	5
148018	1	2	2
148018	2	5	6
148018	3	3	4
148018	4	4	3
148018	5	4	2
148018	6	1	4
148018	7	5	5
148018	8	5	5
148018	9	6	7
148018	10	4	6
148018	11	2	2
148019	1	9	7
148019	2	7	5
148019	3	7	5
148019	4	7	4
148019	5	8	4
148019	6	7	4
148019	7	7	5
148019	8	7	4
148019	9	7	5
148019	10	7	7
148019	11	5	5
148020	1	7	7
148020	2	6	5
148020	3	7	8
148020	4	5	5
148020	5	7	6
148020	6	2	3
148020	7	7	6
148020	8	6	6
148020	9	7	7
148020	10	7	6
148020	11	5	5
148021	1	4	1
148021	2	7	6
148021	3	8	6
148021	4	7	5
148021	5	5	5
148021	6	4	6
148021	7	7	7
148021	8	7	7
148021	9	6	5
148021	10	5	5
148021	11	79	79
148022	1	7	6
148022	2	6	8
148022	3	8	6
148022	4	6	8
148022	5	8	7
148022	6	7	6
148022	7	7	8
148022	8	8	8
148022	9	9	7
148022	10	6	7
148022	11	7	7
148023	1	6	6
148023	2	3	3
148023	3	5	5
148023	4	5	5
148023	5	7	6
148023	6	5	5
148023	7	7	7
148023	8	8	7
148023	9	7	6
148023	10	5	5
148023	11	5	5
148024	1	5	5
148024	2	4	3
148024	3	4	5
148024	4	4	3
148024	5	7	4
148024	6	5	4
148024	7	6	5
148024	8	6	6
148024	9	6	5
148024	10	6	5
148024	11	5	4
148025	1	4	2
148025	2	4	6
148025	3	5	5
148025	4	3	5
148025	5	7	5
148025	6	3	1
148025	7	7	6
148025	8	6	5
148025	9	7	4
148025	10	6	7
148025	11	6	7
148026	1	5	3
148026	2	5	4
148026	3	5	3
148026	4	5	4
148026	5	4	3
148026	6	1	2
148026	7	5	5
148026	8	4	8
148026	9	4	5
148026	10	1	3
148026	11	2	4
148027	1	7	7
148027	2	8	6
148027	3	9	6
148027	4	9	9
148027	5	8	7
148027	6	4	4
148027	7	8	8
148027	8	9	9
148027	9	8	8
148027	10	8	8
148027	11	6	6
148028	1	4	3
148028	2	8	7
148028	3	5	5
148028	4	6	4
148028	5	3	3
148028	6	1	1
148028	7	6	6
148028	8	4	4
148028	9	6	6
148028	10	5	3
148028	11	7	5
148029	1	7	5
148029	2	6	5
148029	3	7	5
148029	4	7	5
148029	5	8	5
148029	6	7	5
148029	7	7	5
148029	8	8	6
148029	9	5	3
148029	10	9	6
148029	11	4	4
148030	1	7	3
148030	2	7	5
148030	3	6	5
148030	4	7	4
148030	5	7	5
148030	6	5	5
148030	7	8	6
148030	8	8	7
148030	9	5	4
148030	10	7	5
148030	11	6	6
148031	1	8	7
148031	2	8	6
148031	3	8	6
148031	4	8	7
148031	5	7	5
148031	6	7	5
148031	7	7	6
148031	8	7	6
148031	9	7	6
148031	10	7	6
148031	11	7	6
148033	1	4	4
148033	2	5	5
148033	3	7	5
148033	4	6	5
148033	5	6	4
148033	6	3	3
148033	7	6	5
148033	8	6	4
148033	9	6	4
148033	10	7	5
148033	11	1	1
148034	1	5	3
148034	2	3	3
148034	3	7	5
148034	4	6	5
148034	5	7	6
148034	6	4	6
148034	7	5	5
148034	8	7	7
148034	9	5	5
148034	10	5	6
148034	11	5	5
148035	1	7	3
148035	2	1	1
148035	3	1	8
148035	4	2	2
148035	5	8	5
148035	6	1	5
148035	7	8	4
148035	8	7	8
148035	9	7	7
148035	10	1	9
148035	11	1	1
148036	1	6	4
148036	2	3	2
148036	3	7	3
148036	4	7	3
148036	5	7	4
148036	6	4	1
148036	7	6	3
148036	8	8	5
148036	9	6	4
148036	10	7	5
148036	11	5	3
148038	1	7	5
148038	2	9	5
148038	3	7	5
148038	4	5	5
148038	5	6	6
148038	6	4	6
148038	7	7	7
148038	8	7	7
148038	9	5	6
148038	10	1	4
148038	11	1	1
148039	1	6	5
148039	2	6	4
148039	3	6	5
148039	4	6	6
148039	5	6	5
148039	6	5	4
148039	7	7	7
148039	8	8	8
148039	9	7	6
148039	10	7	6
148039	11	4	7
148040	1	6	6
148040	2	5	4
148040	3	5	5
148040	4	7	4
148040	5	6	7
148040	6	2	6
148040	7	6	6
148040	8	7	7
148040	9	7	6
148040	10	6	6
148040	11	4	4
148041	1	6	5
148041	2	4	5
148041	3	7	5
148041	4	6	5
148041	5	4	3
148041	6	4	4
148041	7	7	5
148041	8	6	5
148041	9	6	4
148041	10	4	3
148041	11	5	3
148042	1	6	4
148042	2	7	5
148042	3	7	4
148042	4	6	4
148042	5	5	4
148042	6	5	5
148042	7	7	5
148042	8	6	5
148042	9	5	3
148042	10	4	2
148042	11	5	3
148043	1	6	5
148043	2	5	4
148043	3	6	6
148043	4	7	5
148043	5	5	5
148043	6	3	3
148043	7	4	3
148043	8	8	7
148043	9	8	6
148043	10	4	2
148043	11	4	3
148044	1	8	6
148044	2	8	5
148044	3	7	7
148044	4	9	7
148044	5	8	7
148044	6	6	6
148044	7	7	6
148044	8	8	8
148044	9	6	6
148044	10	7	7
148044	11	4	4
148046	1	7	7
148046	2	4	8
148046	3	5	8
148046	4	5	8
148046	5	6	7
148046	6	2	5
148046	7	6	7
148046	8	7	8
148046	9	6	7
148046	10	5	7
148046	11	5	5
148047	1	5	5
148047	2	6	5
148047	3	5	4
148047	4	5	4
148047	5	5	5
148047	6	5	6
148047	7	6	5
148047	8	5	4
148047	9	6	7
148047	10	6	7
148047	11	3	6
148048	1	5	3
148048	2	7	4
148048	3	5	5
148048	4	6	4
148048	5	7	4
148048	6	5	5
148048	7	4	4
148048	8	7	5
148048	9	5	3
148048	10	3	3
148048	11	2	2
148049	1	6	4
148049	2	8	6
148049	3	6	5
148049	4	9	8
148049	5	5	4
148049	6	9	9
148049	7	8	6
148049	8	6	6
148049	9	6	6
148049	10	5	4
148049	11	7	7
148051	1	6	4
148051	2	5	4
148051	3	6	4
148051	4	8	6
148051	5	6	5
148051	6	4	6
148051	7	7	7
148051	8	5	5
148051	9	5	5
148051	10	6	7
148051	11	5	6
158001	1	6	4
158001	2	4	5
158001	3	5	5
158001	4	6	5
158001	5	4	6
158001	6	5	3
158001	7	5	5
158001	8	4	3
158001	9	5	5
158001	10	3	2
158001	11	1	3
158002	1	5	5
158002	2	5	4
158002	3	7	5
158002	4	4	3
158002	5	7	5
158002	6	3	4
158002	7	6	5
158002	8	6	4
158002	9	6	4
158002	10	2	2
158002	11	1	1
158003	1	5	4
158003	2	5	4
158003	3	6	5
158003	4	6	4
158003	5	5	4
158003	6	6	6
158003	7	6	5
158003	8	4	3
158003	9	5	5
158003	10	5	5
158003	11	2	3
158005	1	7	6
158005	2	7	6
158005	3	8	7
158005	4	9	7
158005	5	9	6
158005	6	7	7
158005	7	7	6
158005	8	9	8
158005	9	9	9
158005	10	6	6
158005	11	5	5
158006	1	7	7
158006	2	5	5
158006	3	7	7
158006	4	6	6
158006	5	7	5
158006	6	5	5
158006	7	7	7
158006	8	7	7
158006	9	7	5
158006	10	1	1
158006	11	2	2
158007	1	6	4
158007	2	4	5
158007	3	6	4
158007	4	5	3
158007	5	7	5
158007	6	7	7
158007	7	6	5
158007	8	4	4
158007	9	6	5
158007	10	7	7
158007	11	5	4
158008	1	8	5
158008	2	6	4
158008	3	7	3
158008	4	8	5
158008	5	5	3
158008	6	1	1
158008	7	1	1
158008	8	5	3
158008	9	2	1
158008	10	1	1
158008	11	1	1
158009	1	7	4
158009	2	5	3
158009	3	7	5
158009	4	7	5
158009	5	7	5
158009	6	7	6
158009	7	1	1
158009	8	9	6
158009	9	6	3
158009	10	3	2
158009	11	1	1
158010	1	6	5
158010	2	77	77
158010	3	6	5
158010	4	7	5
158010	5	7	7
158010	6	5	3
158010	7	6	4
158010	8	6	6
158010	9	7	7
158010	10	4	4
158010	11	9	9
158011	1	7	5
158011	2	6	5
158011	3	7	5
158011	4	8	7
158011	5	5	7
158011	6	7	7
158011	7	8	7
158011	8	8	7
158011	9	7	6
158011	10	6	8
158011	11	7	7
158013	1	4	6
158013	2	5	5
158013	3	3	5
158013	4	5	6
158013	5	2	2
158013	6	5	5
158013	7	1	1
158013	8	1	1
158013	9	5	3
158013	10	4	4
158013	11	4	2
158014	1	 	 
158014	2	 	 
158014	3	 	 
158014	4	 	 
158014	5	 	 
158014	6	 	 
158014	7	 	 
158014	8	 	 
158014	9	 	 
158014	10	 	 
158014	11	 	 
158015	1	7	6
158015	2	8	5
158015	3	7	5
158015	4	5	3
158015	5	5	5
158015	6	7	8
158015	7	2	2
158015	8	2	2
158015	9	5	3
158015	10	5	4
158015	11	4	3
158016	1	7	4
158016	2	5	5
158016	3	8	3
158016	4	8	6
158016	5	5	4
158016	6	2	2
158016	7	1	1
158016	8	9	9
158016	9	2	5
158016	10	5	5
158016	11	4	4
158017	1	3	4
158017	2	1	9
158017	3	6	3
158017	4	5	5
158017	5	3	6
158017	6	1	9
158017	7	1	9
158017	8	8	4
158017	9	9	3
158017	10	1	1
158017	11	1	2
158018	1	5	3
158018	2	1	2
158018	3	3	5
158018	4	5	5
158018	5	3	3
158018	6	9	5
158018	7	4	5
158018	8	4	5
158018	9	4	4
158018	10	1	4
158018	11	7	4
158019	1	8	4
158019	2	7	4
158019	3	8	5
158019	4	9	4
158019	5	8	4
158019	6	8	4
158019	7	9	3
158019	8	9	3
158019	9	9	8
158019	10	7	2
158019	11	8	4
158021	1	5	3
158021	2	6	8
158021	3	4	3
158021	4	3	2
158021	5	5	4
158021	6	6	6
158021	7	4	2
158021	8	3	2
158021	9	7	8
158021	10	5	4
158021	11	6	4
158022	1	9	4
158022	2	8	6
158022	3	4	4
158022	4	3	3
158022	5	2	2
158022	6	7	6
158022	7	1	1
158022	8	5	4
158022	9	8	7
158022	10	1	1
158022	11	1	1
158023	1	6	4
158023	2	6	5
158023	3	7	5
158023	4	7	7
158023	5	6	6
158023	6	6	6
158023	7	7	7
158023	8	7	7
158023	9	7	7
158023	10	8	8
158023	11	3	3
158024	1	7	5
158024	2	5	4
158024	3	9	7
158024	4	6	5
158024	5	4	2
158024	6	1	1
158024	7	1	1
158024	8	1	1
158024	9	5	5
158024	10	5	5
158024	11	6	5
158025	1	4	4
158025	2	3	3
158025	3	3	3
158025	4	4	4
158025	5	4	4
158025	6	4	4
158025	7	2	2
158025	8	2	2
158025	9	2	2
158025	10	2	2
158025	11	1	1
158026	1	8	8
158026	2	6	4
158026	3	5	6
158026	4	7	7
158026	5	7	5
158026	6	7	7
158026	7	5	5
158026	8	6	7
158026	9	8	8
158026	10	6	6
158026	11	7	6
158031	1	9	9
158031	2	9	9
158031	3	8	9
158031	4	9	9
158031	5	9	8
158031	6	7	7
158031	7	9	9
158031	8	9	9
158031	9	9	9
158031	10	3	2
158031	11	2	3
158032	1	7	6
158032	2	5	5
158032	3	8	6
158032	4	9	5
158032	5	5	7
158032	6	8	6
158032	7	6	6
158032	8	8	7
158032	9	8	7
158032	10	6	4
158032	11	5	5
158033	1	3	6
158033	2	7	5
158033	3	5	3
158033	4	6	6
158033	5	7	7
158033	6	8	7
158033	7	9	9
158033	8	9	9
158033	9	7	7
158033	10	7	7
158033	11	1	1
158034	1	6	6
158034	2	1	5
158034	3	3	8
158034	4	2	9
158034	5	2	9
158034	6	2	9
158034	7	1	9
158034	8	3	8
158034	9	2	9
158034	10	1	5
158034	11	1	3
158035	1	7	6
158035	2	7	5
158035	3	6	5
158035	4	6	6
158035	5	6	6
158035	6	6	4
158035	7	6	7
158035	8	7	7
158035	9	6	8
158035	10	7	6
158035	11	9	9
158036	1	8	5
158036	2	8	8
158036	3	7	5
158036	4	9	6
158036	5	8	6
158036	6	4	9
158036	7	8	4
158036	8	8	8
158036	9	7	5
158036	10	3	7
158036	11	8	6
158037	1	6	5
158037	2	5	6
158037	3	6	7
158037	4	7	6
158037	5	7	6
158037	6	7	6
158037	7	6	7
158037	8	7	7
158037	9	7	7
158037	10	1	1
158037	11	1	1
158038	1	5	3
158038	2	2	3
158038	3	4	3
158038	4	4	3
158038	5	3	2
158038	6	4	3
158038	7	5	3
158038	8	5	3
158038	9	4	3
158038	10	5	3
158038	11	2	2
158039	1	6	6
158039	2	8	7
158039	3	7	7
158039	4	8	8
158039	5	7	7
158039	6	7	6
158039	7	7	5
158039	8	7	5
158039	9	8	7
158039	10	6	7
158039	11	1	1
158040	1	4	3
158040	2	6	4
158040	3	4	3
158040	4	6	5
158040	5	5	3
158040	6	4	4
158040	7	5	4
158040	8	5	4
158040	9	5	5
158040	10	4	4
158040	11	4	4
158041	1	6	4
158041	2	5	5
158041	3	6	5
158041	4	4	4
158041	5	4	4
158041	6	5	5
158041	7	5	3
158041	8	5	4
158041	9	4	4
158041	10	2	2
158041	11	7	6
158042	1	8	5
158042	2	8	4
158042	3	5	7
158042	4	4	2
158042	5	6	4
158042	6	5	3
158042	7	8	5
158042	8	8	5
158042	9	7	5
158042	10	3	3
158042	11	8	5
158043	1	3	5
158043	2	4	4
158043	3	5	6
158043	4	5	5
158043	5	3	4
158043	6	4	4
158043	7	5	5
158043	8	5	5
158043	9	5	5
158043	10	6	6
158043	11	4	4
158044	1	7	6
158044	2	7	6
158044	3	8	6
158044	4	8	7
158044	5	7	6
158044	6	6	5
158044	7	7	5
158044	8	7	7
158044	9	7	6
158044	10	6	5
158044	11	6	6
158045	1	6	6
158045	2	5	3
158045	3	3	7
158045	4	7	7
158045	5	6	6
158045	6	3	1
158045	7	7	6
158045	8	7	7
158045	9	6	3
158045	10	1	1
158045	11	2	2
158046	1	4	6
158046	2	5	5
158046	3	4	5
158046	4	4	6
158046	5	4	6
158046	6	6	5
158046	7	7	6
158046	8	9	5
158046	9	8	5
158046	10	5	2
158046	11	5	7
158047	1	7	7
158047	2	7	5
158047	3	9	7
158047	4	4	8
158047	5	7	6
158047	6	6	6
158047	7	6	6
158047	8	6	6
158047	9	7	6
158047	10	6	5
158047	11	7	6
158048	1	7	7
158048	2	8	7
158048	3	7	7
158048	4	6	5
158048	5	7	6
158048	6	7	5
158048	7	6	6
158048	8	7	7
158048	9	7	7
158048	10	7	6
158048	11	7	6
158050	1	4	3
158050	2	4	4
158050	3	9	5
158050	4	6	4
158050	5	4	4
158050	6	3	4
158050	7	7	3
158050	8	6	4
158050	9	6	6
158050	10	7	7
158050	11	4	3
158051	1	6	3
158051	2	2	2
158051	3	4	2
158051	4	5	4
158051	5	6	3
158051	6	3	2
158051	7	4	3
158051	8	3	2
158051	9	7	6
158051	10	4	7
158051	11	4	1
158052	1	6	6
158052	2	3	8
158052	3	9	4
158052	4	6	3
158052	5	6	6
158052	6	7	3
158052	7	6	6
158052	8	7	7
158052	9	7	4
158052	10	6	3
158052	11	1	1
158053	1	4	4
158053	2	5	5
158053	3	5	4
158053	4	6	6
158053	5	4	5
158053	6	4	5
158053	7	3	3
158053	8	1	1
158053	9	6	7
158053	10	3	6
158053	11	4	4
158054	1	6	6
158054	2	6	5
158054	3	5	5
158054	4	2	2
158054	5	6	6
158054	6	7	7
158054	7	1	1
158054	8	3	3
158054	9	7	6
158054	10	8	6
158054	11	4	3
158055	1	4	3
158055	2	2	2
158055	3	2	2
158055	4	4	4
158055	5	5	3
158055	6	5	5
158055	7	2	2
158055	8	4	3
158055	9	2	1
158055	10	3	3
158055	11	3	4
158056	1	7	5
158056	2	6	6
158056	3	7	5
158056	4	5	6
158056	5	8	6
158056	6	6	7
158056	7	8	6
158056	8	8	7
158056	9	7	7
158056	10	6	8
158056	11	6	6
158057	1	4	4
158057	2	3	4
158057	3	3	3
158057	4	4	4
158057	5	5	4
158057	6	5	3
158057	7	6	5
158057	8	5	6
158057	9	5	6
158057	10	3	4
158057	11	3	3
168001	1	7	4
168001	2	3	1
168001	3	4	4
168001	4	8	5
168001	5	8	5
168001	6	7	7
168001	7	4	3
168001	8	7	7
168001	9	8	8
168001	10	9	9
168001	11	7	4
168002	1	7	4
168002	2	7	4
168002	3	8	7
168002	4	5	5
168002	5	7	4
168002	6	6	7
168002	7	7	4
168002	8	7	3
168002	9	7	3
168002	10	7	5
168002	11	5	3
168005	1	5	4
168005	2	6	5
168005	3	5	6
168005	4	5	4
168005	5	6	4
168005	6	6	6
168005	7	4	4
168005	8	6	3
168005	9	6	5
168005	10	7	6
168005	11	5	5
168006	1	6	3
168006	2	7	2
168006	3	7	5
168006	4	8	4
168006	5	7	4
168006	6	4	8
168006	7	7	2
168006	8	7	2
168006	9	3	7
168006	10	5	6
168006	11	5	7
168007	1	4	3
168007	2	3	2
168007	3	3	2
168007	4	2	1
168007	5	1	1
168007	6	2	1
168007	7	1	1
168007	8	2	2
168007	9	1	1
168007	10	1	1
168007	11	2	2
168008	1	5	5
168008	2	4	4
168008	3	5	5
168008	4	6	6
168008	5	7	7
168008	6	6	6
168008	7	6	7
168008	8	7	7
168008	9	7	7
168008	10	2	2
168008	11	2	2
168009	1	6	4
168009	2	7	4
168009	3	4	7
168009	4	7	5
168009	5	6	4
168009	6	4	7
168009	7	5	5
168009	8	6	5
168009	9	4	6
168009	10	2	6
168009	11	2	7
168010	1	6	5
168010	2	5	5
168010	3	7	7
168010	4	8	6
168010	5	8	6
168010	6	4	4
168010	7	8	6
168010	8	7	7
168010	9	8	6
168010	10	5	5
168010	11	3	3
168011	1	6	5
168011	2	7	5
168011	3	5	6
168011	4	7	5
168011	5	7	5
168011	6	4	9
168011	7	5	8
168011	8	6	7
168011	9	6	7
168011	10	2	7
168011	11	7	2
168012	1	8	4
168012	2	9	6
168012	3	9	6
168012	4	7	7
168012	5	8	8
168012	6	9	9
168012	7	9	8
168012	8	7	7
168012	9	5	6
168012	10	8	8
168012	11	3	4
168013	1	7	7
168013	2	8	5
168013	3	4	4
168013	4	9	7
168013	5	9	7
168013	6	4	6
168013	7	9	6
168013	8	9	9
168013	9	9	7
168013	10	9	9
168013	11	7	7
168015	1	6	4
168015	2	5	4
168015	3	5	4
168015	4	6	4
168015	5	6	5
168015	6	7	5
168015	7	5	3
168015	8	4	3
168015	9	7	5
168015	10	7	6
168015	11	6	6
168016	1	6	4
168016	2	6	4
168016	3	5	5
168016	4	8	5
168016	5	6	4
168016	6	5	5
168016	7	7	4
168016	8	7	3
168016	9	6	3
168016	10	4	6
168016	11	7	4
168017	1	6	5
168017	2	5	5
168017	3	5	4
168017	4	6	4
168017	5	4	5
168017	6	5	4
168017	7	6	4
168017	8	6	5
168017	9	5	4
168017	10	5	3
168017	11	5	5
168018	1	5	3
168018	2	5	4
168018	3	7	7
168018	4	7	5
168018	5	5	3
168018	6	4	4
168018	7	5	4
168018	8	6	4
168018	9	7	5
168018	10	6	6
168018	11	5	5
168020	1	8	8
168020	2	5	8
168020	3	6	8
168020	4	5	6
168020	5	8	8
168020	6	6	5
168020	7	5	7
168020	8	4	6
168020	9	4	6
168020	10	1	1
168020	11	2	3
168022	1	8	8
168022	2	4	4
168022	3	5	5
168022	4	6	6
168022	5	7	7
168022	6	8	8
168022	7	8	8
168022	8	8	5
168022	9	6	7
168022	10	5	8
168022	11	3	2
168024	1	7	4
168024	2	9	3
168024	3	9	4
168024	4	3	3
168024	5	4	4
168024	6	2	9
168024	7	7	5
168024	8	6	5
168024	9	7	7
168024	10	8	8
168024	11	7	4
168025	1	8	6
168025	2	8	4
168025	3	7	5
168025	4	9	6
168025	5	7	6
168025	6	4	7
168025	7	9	9
168025	8	9	9
168025	9	8	6
168025	10	3	8
168025	11	3	6
178001	1	8	8
178001	2	6	6
178001	3	7	6
178001	4	5	5
178001	5	4	4
178001	6	3	3
178001	7	6	6
178001	8	7	7
178001	9	6	4
178001	10	5	3
178001	11	4	3
178002	1	5	4
178002	2	6	4
178002	3	5	5
178002	4	4	4
178002	5	6	4
178002	6	6	5
178002	7	7	3
178002	8	7	4
178002	9	7	3
178002	10	4	3
178002	11	5	5
178003	1	6	4
178003	2	4	2
178003	3	6	5
178003	4	5	6
178003	5	5	6
178003	6	3	2
178003	7	6	5
178003	8	6	6
178003	9	4	6
178003	10	5	5
178003	11	3	3
178004	1	3	6
178004	2	7	5
178004	3	6	6
178004	4	3	3
178004	5	4	6
178004	6	3	5
178004	7	3	4
178004	8	4	4
178004	9	4	5
178004	10	5	5
178004	11	5	5
178006	1	5	3
178006	2	6	6
178006	3	3	5
178006	4	3	3
178006	5	5	5
178006	6	6	6
178006	7	6	6
178006	8	5	4
178006	9	5	5
178006	10	6	5
178006	11	5	5
178007	1	7	5
178007	2	8	8
178007	3	6	6
178007	4	6	5
178007	5	8	6
178007	6	6	4
178007	7	7	5
178007	8	5	3
178007	9	6	5
178007	10	8	6
178007	11	7	6
178009	1	7	7
178009	2	5	6
178009	3	4	6
178009	4	1	2
178009	5	4	4
178009	6	5	8
178009	7	7	7
178009	8	9	9
178009	9	3	3
178009	10	2	7
178009	11	1	7
178010	1	7	5
178010	2	5	3
178010	3	6	3
178010	4	5	3
178010	5	4	4
178010	6	5	6
178010	7	5	6
178010	8	5	6
178010	9	6	6
178010	10	4	6
178010	11	3	3
178011	1	6	5
178011	2	5	1
178011	3	8	3
178011	4	8	8
178011	5	9	6
178011	6	8	3
178011	7	8	6
178011	8	9	9
178011	9	9	7
178011	10	5	2
178011	11	5	1
178015	1	6	6
178015	2	6	5
178015	3	6	6
178015	4	7	6
178015	5	7	6
178015	6	4	4
178015	7	6	6
178015	8	7	7
178015	9	6	6
178015	10	7	7
178015	11	5	5
178016	1	4	2
178016	2	2	2
178016	3	4	4
178016	4	6	6
178016	5	8	7
178016	6	3	4
178016	7	6	5
178016	8	6	6
178016	9	7	7
178016	10	3	3
178016	11	3	3
178019	1	4	8
178019	2	8	4
178019	3	9	2
178019	4	7	4
178019	5	8	4
178019	6	1	8
178019	7	2	8
178019	8	8	5
178019	9	4	9
178019	10	8	3
178019	11	1	1
178020	1	9	9
178020	2	3	3
178020	3	5	5
178020	4	9	9
178020	5	4	5
178020	6	2	3
178020	7	6	6
178020	8	9	8
178020	9	1	4
178020	10	2	7
178020	11	1	2
178021	1	7	8
178021	2	7	7
178021	3	8	7
178021	4	8	8
178021	5	8	8
178021	6	8	8
178021	7	8	8
178021	8	8	7
178021	9	8	6
178021	10	3	4
178021	11	4	3
178022	1	5	4
178022	2	4	4
178022	3	4	4
178022	4	5	5
178022	5	5	4
178022	6	5	3
178022	7	5	4
178022	8	5	5
178022	9	5	5
178022	10	6	6
178022	11	5	5
178024	1	5	5
178024	2	6	5
178024	3	4	4
178024	4	2	2
178024	5	4	4
178024	6	7	8
178024	7	1	1
178024	8	8	8
178024	9	8	8
178024	10	6	5
178024	11	8	8
178027	1	9	5
178027	2	8	4
178027	3	8	4
178027	4	9	8
178027	5	8	8
178027	6	7	6
178027	7	8	7
178027	8	9	7
178027	9	8	9
178027	10	7	7
178027	11	8	6
178028	1	5	4
178028	2	5	3
178028	3	7	5
178028	4	5	5
178028	5	5	3
178028	6	6	4
178028	7	6	1
178028	8	6	4
178028	9	5	4
178028	10	6	3
178028	11	4	4
178029	1	6	2
178029	2	7	2
178029	3	6	2
178029	4	6	2
178029	5	3	3
178029	6	3	8
178029	7	5	2
178029	8	6	2
178029	9	7	8
178029	10	1	6
178029	11	1	2
178031	1	8	5
178031	2	9	5
178031	3	7	4
178031	4	9	7
178031	5	7	7
178031	6	8	5
178031	7	8	8
178031	8	9	9
178031	9	9	8
178031	10	1	9
178031	11	1	1
178033	1	6	6
178033	2	5	5
178033	3	7	6
178033	4	6	6
178033	5	7	5
178033	6	3	3
178033	7	7	6
178033	8	6	6
178033	9	6	5
178033	10	7	7
178033	11	6	7
178034	1	 	 
178034	2	 	 
178034	3	 	 
178034	4	 	 
178034	5	 	 
178034	6	 	 
178034	7	 	 
178034	8	 	 
178034	9	 	 
178034	10	 	 
178034	11	 	 
178035	1	6	3
178035	2	2	6
178035	3	6	3
178035	4	4	4
178035	5	4	4
178035	6	7	8
178035	7	8	2
178035	8	9	1
178035	9	8	8
178035	10	8	8
178035	11	8	7
178036	1	8	6
178036	2	7	6
178036	3	7	7
178036	4	8	6
178036	5	7	6
178036	6	6	6
178036	7	7	6
178036	8	7	6
178036	9	7	5
178036	10	6	6
178036	11	7	6
188001	1	6	3
188001	2	5	3
188001	3	4	2
188001	4	6	3
188001	5	5	3
188001	6	5	4
188001	7	2	1
188001	8	2	1
188001	9	5	3
188001	10	4	2
188001	11	4	2
188002	1	9	7
188002	2	5	3
188002	3	8	6
188002	4	8	6
188002	5	7	7
188002	6	8	6
188002	7	3	3
188002	8	7	7
188002	9	8	6
188002	10	7	5
188002	11	2	2
188003	1	4	3
188003	2	4	2
188003	3	4	3
188003	4	5	3
188003	5	4	3
188003	6	5	4
188003	7	5	4
188003	8	5	4
188003	9	5	4
188003	10	2	4
188003	11	1	3
188004	1	5	5
188004	2	4	6
188004	3	3	5
188004	4	4	4
188004	5	6	4
188004	6	4	4
188004	7	4	3
188004	8	5	5
188004	9	4	4
188004	10	6	6
188004	11	2	2
188005	1	9	6
188005	2	8	4
188005	3	7	4
188005	4	8	3
188005	5	7	4
188005	6	3	8
188005	7	9	5
188005	8	9	9
188005	9	6	7
188005	10	4	7
188005	11	3	5
188006	1	5	4
188006	2	2	2
188006	3	6	4
188006	4	6	4
188006	5	6	4
188006	6	7	4
188006	7	5	5
188006	8	6	7
188006	9	6	6
188006	10	7	4
188006	11	8	8
188007	1	1	1
188007	2	1	1
188007	3	1	1
188007	4	1	1
188007	5	1	1
188007	6	1	1
188007	7	2	1
188007	8	2	1
188007	9	1	1
188007	10	2	1
188007	11	1	1
188008	1	7	7
188008	2	7	6
188008	3	8	7
188008	4	6	5
188008	5	5	4
188008	6	6	6
188008	7	7	5
188008	8	6	6
188008	9	6	6
188008	10	3	2
188008	11	2	2
188010	1	4	5
188010	2	7	5
188010	3	8	6
188010	4	9	6
188010	5	8	6
188010	6	8	5
188010	7	6	4
188010	8	6	5
188010	9	7	5
188010	10	8	7
188010	11	7	5
188011	1	6	6
188011	2	1	1
188011	3	6	7
188011	4	7	7
188011	5	6	5
188011	6	1	1
188011	7	5	5
188011	8	5	3
188011	9	6	5
188011	10	6	6
188011	11	1	1
188012	1	8	4
188012	2	8	4
188012	3	5	8
188012	4	7	5
188012	5	9	3
188012	6	8	7
188012	7	9	2
188012	8	9	2
188012	9	4	7
188012	10	2	8
188012	11	2	7
188013	1	4	2
188013	2	5	3
188013	3	5	4
188013	4	5	3
188013	5	6	6
188013	6	4	4
188013	7	4	4
188013	8	5	5
188013	9	5	4
188013	10	3	2
188013	11	1	1
188015	1	6	6
188015	2	7	4
188015	3	8	5
188015	4	5	5
188015	5	6	8
188015	6	5	4
188015	7	5	5
188015	8	7	5
188015	9	5	6
188015	10	6	5
188015	11	6	5
188016	1	7	5
188016	2	7	7
188016	3	5	5
188016	4	8	8
188016	5	4	4
188016	6	7	5
188016	7	7	7
188016	8	7	5
188016	9	5	5
188016	10	3	3
188016	11	1	1
188017	1	4	2
188017	2	5	3
188017	3	4	2
188017	4	6	4
188017	5	4	3
188017	6	6	2
188017	7	1	1
188017	8	2	2
188017	9	5	5
188017	10	1	1
188017	11	3	2
188018	1	6	4
188018	2	5	4
188018	3	7	5
188018	4	6	4
188018	5	6	4
188018	6	5	4
188018	7	7	5
188018	8	7	5
188018	9	7	5
188018	10	6	5
188018	11	4	4
188020	1	5	3
188020	2	7	4
188020	3	6	4
188020	4	5	3
188020	5	7	4
188020	6	5	5
188020	7	8	7
188020	8	7	7
188020	9	5	6
188020	10	4	6
188020	11	3	3
188021	1	7	3
188021	2	5	4
188021	3	5	3
188021	4	7	7
188021	5	5	5
188021	6	5	4
188021	7	1	1
188021	8	8	6
188021	9	6	6
188021	10	2	3
188021	11	1	1
188022	1	5	4
188022	2	7	5
188022	3	8	4
188022	4	5	4
188022	5	4	4
188022	6	8	7
188022	7	8	4
188022	8	8	2
188022	9	7	4
188022	10	5	5
188022	11	3	2
188023	1	6	5
188023	2	7	6
188023	3	7	5
188023	4	8	7
188023	5	7	6
188023	6	8	7
188023	7	6	6
188023	8	8	8
188023	9	9	9
188023	10	7	7
188023	11	8	8
188024	1	5	5
188024	2	4	4
188024	3	3	5
188024	4	7	4
188024	5	5	5
188024	6	4	6
188024	7	4	7
188024	8	3	6
188024	9	7	4
188024	10	3	3
188024	11	3	3
188025	1	9	7
188025	2	6	7
188025	3	6	5
188025	4	6	6
188025	5	7	6
188025	6	7	5
188025	7	6	5
188025	8	6	6
188025	9	6	5
188025	10	6	6
188025	11	7	6
188026	1	5	4
188026	2	5	4
188026	3	7	5
188026	4	7	5
188026	5	6	6
188026	6	4	6
188026	7	7	7
188026	8	6	7
188026	9	5	5
188026	10	2	2
188026	11	1	1
198001	1	5	5
198001	2	3	3
198001	3	6	6
198001	4	5	5
198001	5	7	6
198001	6	8	6
198001	7	8	6
198001	8	8	6
198001	9	7	6
198001	10	6	6
198001	11	9	7
198002	1	4	6
198002	2	3	6
198002	3	3	3
198002	4	3	3
198002	5	7	4
198002	6	6	4
198002	7	3	1
198002	8	3	3
198002	9	7	7
198002	10	7	7
198002	11	4	4
198003	1	5	6
198003	2	9	3
198003	3	7	5
198003	4	8	8
198003	5	7	9
198003	6	9	9
198003	7	9	9
198003	8	9	9
198003	9	9	9
198003	10	7	9
198003	11	3	7
198006	1	4	5
198006	2	3	5
198006	3	5	5
198006	4	4	4
198006	5	4	6
198006	6	5	5
198006	7	3	5
198006	8	5	6
198006	9	4	5
198006	10	7	7
198006	11	2	2
198007	1	7	5
198007	2	7	6
198007	3	9	8
198007	4	6	4
198007	5	7	4
198007	6	5	6
198007	7	7	5
198007	8	7	5
198007	9	7	5
198007	10	7	7
198007	11	7	4
198008	1	6	5
198008	2	6	6
198008	3	7	7
198008	4	7	7
198008	5	7	6
198008	6	7	7
198008	7	7	6
198008	8	7	6
198008	9	7	6
198008	10	6	5
198008	11	6	5
198009	1	7	4
198009	2	7	7
198009	3	8	6
198009	4	9	7
198009	5	8	6
198009	6	8	5
198009	7	8	5
198009	8	8	6
198009	9	7	7
198009	10	3	5
198009	11	2	2
198011	1	3	5
198011	2	2	7
198011	3	3	3
198011	4	1	1
198011	5	2	2
198011	6	2	2
198011	7	3	3
198011	8	1	1
198011	9	2	2
198011	10	3	3
198011	11	1	1
198012	1	5	3
198012	2	4	5
198012	3	6	6
198012	4	5	4
198012	5	7	4
198012	6	3	4
198012	7	4	5
198012	8	5	4
198012	9	5	5
198012	10	7	6
198012	11	3	3
198013	1	6	5
198013	2	6	6
198013	3	8	7
198013	4	5	5
198013	5	5	5
198013	6	6	6
198013	7	7	5
198013	8	8	7
198013	9	7	5
198013	10	5	5
198013	11	7	6
198014	1	5	6
198014	2	5	7
198014	3	5	7
198014	4	5	3
198014	5	5	8
198014	6	6	6
198014	7	4	7
198014	8	2	7
198014	9	5	6
198014	10	6	2
198014	11	6	4
198015	1	7	5
198015	2	7	4
198015	3	8	8
198015	4	8	6
198015	5	6	5
198015	6	7	4
198015	7	7	5
198015	8	7	5
198015	9	6	6
198015	10	4	7
198015	11	6	5
198016	1	8	6
198016	2	9	9
198016	3	8	8
198016	4	7	6
198016	5	8	7
198016	6	9	7
198016	7	8	7
198016	8	7	5
198016	9	8	8
198016	10	7	7
198016	11	8	7
198017	1	6	5
198017	2	5	6
198017	3	6	5
198017	4	5	5
198017	5	6	5
198017	6	5	5
198017	7	8	5
198017	8	7	5
198017	9	6	5
198017	10	5	5
198017	11	77	77
198018	1	3	2
198018	2	2	1
198018	3	3	3
198018	4	4	3
198018	5	2	2
198018	6	3	2
198018	7	4	2
198018	8	3	1
198018	9	4	2
198018	10	3	2
198018	11	2	3
198019	1	7	6
198019	2	6	1
198019	3	8	4
198019	4	5	4
198019	5	9	3
198019	6	5	9
198019	7	9	9
198019	8	4	6
198019	9	6	9
198019	10	8	6
198019	11	4	3
198021	1	5	4
198021	2	5	3
198021	3	4	3
198021	4	3	2
198021	5	5	4
198021	6	5	4
198021	7	4	3
198021	8	5	4
198021	9	6	5
198021	10	6	5
198021	11	7	6
198022	1	6	5
198022	2	7	8
198022	3	8	8
198022	4	8	6
198022	5	9	6
198022	6	8	8
198022	7	6	7
198022	8	1	1
198022	9	7	5
198022	10	8	7
198022	11	7	5
198024	1	6	6
198024	2	4	4
198024	3	7	5
198024	4	8	5
198024	5	6	6
198024	6	8	7
198024	7	7	6
198024	8	4	6
198024	9	7	5
198024	10	4	4
198024	11	4	3
198025	1	 	 
198025	2	 	 
198025	3	 	 
198025	4	 	 
198025	5	 	 
198025	6	 	 
198025	7	 	 
198025	8	 	 
198025	9	 	 
198025	10	 	 
198025	11	 	 
198026	1	8	7
198026	2	9	7
198026	3	9	8
198026	4	9	9
198026	5	9	8
198026	6	9	9
198026	7	9	9
198026	8	9	9
198026	9	9	9
198026	10	8	9
198026	11	7	7
198027	1	9	9
198027	2	9	5
198027	3	8	6
198027	4	9	8
198027	5	9	6
198027	6	8	5
198027	7	8	7
198027	8	9	6
198027	9	9	4
198027	10	8	5
198027	11	7	4
198028	1	7	9
198028	2	7	5
198028	3	7	5
198028	4	6	4
198028	5	6	5
198028	6	7	3
198028	7	7	4
198028	8	6	3
198028	9	8	4
198028	10	3	7
198028	11	3	4
198030	1	5	5
198030	2	4	3
198030	3	6	4
198030	4	5	5
198030	5	7	7
198030	6	7	6
198030	7	6	4
198030	8	6	6
198030	9	8	7
198030	10	6	5
198030	11	4	4
198031	1	5	5
198031	2	4	4
198031	3	5	4
198031	4	5	5
198031	5	5	4
198031	6	6	5
198031	7	5	4
198031	8	4	3
198031	9	6	4
198031	10	4	3
198031	11	3	2
208001	1	6	6
208001	2	2	2
208001	3	4	5
208001	4	3	3
208001	5	4	4
208001	6	1	1
208001	7	4	4
208001	8	4	4
208001	9	2	3
208001	10	2	2
208001	11	1	1
208002	1	3	3
208002	2	3	4
208002	3	5	4
208002	4	2	3
208002	5	5	3
208002	6	3	3
208002	7	2	2
208002	8	2	1
208002	9	3	4
208002	10	4	4
208002	11	3	3
208003	1	5	5
208003	2	6	4
208003	3	3	3
208003	4	2	2
208003	5	5	6
208003	6	4	4
208003	7	5	6
208003	8	3	4
208003	9	5	5
208003	10	5	4
208003	11	3	3
208006	1	3	3
208006	2	4	5
208006	3	3	2
208006	4	3	3
208006	5	4	2
208006	6	2	5
208006	7	2	1
208006	8	2	2
208006	9	3	2
208006	10	3	2
208006	11	1	1
208007	1	3	3
208007	2	1	2
208007	3	3	3
208007	4	2	3
208007	5	5	3
208007	6	4	4
208007	7	4	5
208007	8	1	1
208007	9	3	4
208007	10	3	3
208007	11	4	3
208008	1	5	3
208008	2	5	3
208008	3	4	5
208008	4	6	4
208008	5	5	5
208008	6	4	3
208008	7	5	6
208008	8	7	6
208008	9	5	5
208008	10	1	1
208008	11	2	1
208009	1	3	4
208009	2	2	2
208009	3	5	5
208009	4	2	1
208009	5	6	3
208009	6	5	5
208009	7	5	5
208009	8	5	5
208009	9	6	5
208009	10	3	2
208009	11	2	5
208011	1	7	5
208011	2	6	3
208011	3	8	6
208011	4	7	4
208011	5	8	6
208011	6	7	4
208011	7	8	7
208011	8	7	5
208011	9	8	7
208011	10	9	5
208011	11	8	7
208012	1	7	6
208012	2	8	5
208012	3	7	5
208012	4	8	5
208012	5	8	6
208012	6	6	8
208012	7	8	5
208012	8	9	7
208012	9	9	8
208012	10	8	6
208012	11	5	4
208013	1	6	5
208013	2	7	6
208013	3	7	7
208013	4	6	5
208013	5	5	4
208013	6	4	3
208013	7	4	2
208013	8	3	2
208013	9	3	3
208013	10	4	4
208013	11	4	2
208015	1	8	5
208015	2	6	4
208015	3	6	5
208015	4	5	4
208015	5	8	6
208015	6	4	6
208015	7	6	3
208015	8	8	8
208015	9	4	6
208015	10	6	6
208015	11	4	4
208017	1	3	1
208017	2	1	1
208017	3	2	2
208017	4	3	1
208017	5	3	1
208017	6	2	1
208017	7	1	1
208017	8	1	1
208017	9	2	1
208017	10	3	2
208017	11	1	1
208018	1	4	4
208018	2	5	4
208018	3	5	4
208018	4	5	3
208018	5	7	5
208018	6	5	4
208018	7	3	3
208018	8	5	4
208018	9	7	5
208018	10	5	3
208018	11	1	1
208019	1	4	2
208019	2	5	6
208019	3	6	5
208019	4	4	3
208019	5	5	6
208019	6	6	6
208019	7	5	6
208019	8	3	6
208019	9	7	6
208019	10	2	2
208019	11	2	1
208020	1	6	4
208020	2	7	7
208020	3	6	6
208020	4	4	4
208020	5	7	3
208020	6	5	6
208020	7	7	5
208020	8	7	5
208020	9	6	4
208020	10	8	6
208020	11	7	4
208021	1	4	4
208021	2	6	5
208021	3	8	6
208021	4	8	4
208021	5	9	5
208021	6	4	4
208021	7	6	5
208021	8	5	5
208021	9	7	3
208021	10	5	4
208021	11	5	4
208022	1	3	3
208022	2	3	4
208022	3	2	3
208022	4	4	3
208022	5	3	3
208022	6	5	3
208022	7	4	3
208022	8	5	3
208022	9	3	3
208022	10	4	2
208022	11	3	2
208023	1	5	3
208023	2	5	4
208023	3	4	3
208023	4	4	3
208023	5	5	4
208023	6	6	4
208023	7	5	4
208023	8	6	4
208023	9	4	4
208023	10	5	5
208023	11	4	3
208024	1	7	5
208024	2	7	6
208024	3	7	6
208024	4	6	5
208024	5	8	6
208024	6	7	5
208024	7	6	5
208024	8	7	5
208024	9	8	7
208024	10	7	5
208024	11	5	4
208025	1	6	5
208025	2	8	5
208025	3	6	5
208025	4	7	5
208025	5	8	5
208025	6	6	4
208025	7	5	5
208025	8	5	5
208025	9	9	7
208025	10	7	5
208025	11	6	6
208026	1	8	5
208026	2	7	5
208026	3	7	4
208026	4	7	7
208026	5	8	6
208026	6	8	5
208026	7	8	7
208026	8	8	7
208026	9	8	6
208026	10	8	5
208026	11	3	5
208027	1	6	7
208027	2	5	7
208027	3	6	8
208027	4	5	6
208027	5	5	7
208027	6	4	5
208027	7	4	6
208027	8	4	5
208027	9	4	5
208027	10	5	5
208027	11	4	5
208028	1	5	4
208028	2	6	5
208028	3	5	6
208028	4	6	6
208028	5	6	5
208028	6	5	7
208028	7	7	7
208028	8	4	5
208028	9	6	5
208028	10	7	6
208028	11	5	5
208029	1	6	6
208029	2	5	5
208029	3	7	7
208029	4	6	6
208029	5	7	7
208029	6	5	4
208029	7	7	7
208029	8	8	8
208029	9	6	6
208029	10	4	4
208029	11	3	3
208030	1	6	3
208030	2	7	4
208030	3	8	7
208030	4	6	4
208030	5	7	4
208030	6	5	3
208030	7	6	4
208030	8	6	4
208030	9	5	5
208030	10	8	8
208030	11	2	2
208031	1	5	5
208031	2	4	5
208031	3	5	5
208031	4	3	2
208031	5	3	3
208031	6	3	4
208031	7	5	3
208031	8	5	3
208031	9	4	4
208031	10	5	4
208031	11	2	2
208032	1	6	5
208032	2	7	4
208032	3	6	4
208032	4	4	4
208032	5	7	6
208032	6	5	5
208032	7	6	5
208032	8	6	6
208032	9	7	6
208032	10	5	5
208032	11	3	3
208033	1	7	7
208033	2	6	8
208033	3	5	9
208033	4	6	6
208033	5	8	8
208033	6	6	7
208033	7	7	7
208033	8	8	8
208033	9	7	7
208033	10	8	7
208033	11	7	7
208034	1	7	5
208034	2	5	7
208034	3	4	7
208034	4	6	5
208034	5	7	6
208034	6	4	7
208034	7	1	1
208034	8	1	1
208034	9	5	4
208034	10	6	6
208034	11	2	2
208037	1	5	4
208037	2	4	3
208037	3	6	4
208037	4	5	5
208037	5	7	6
208037	6	4	4
208037	7	6	6
208037	8	6	6
208037	9	4	4
208037	10	4	4
208037	11	2	2
208038	1	5	6
208038	2	7	7
208038	3	7	7
208038	4	5	5
208038	5	7	5
208038	6	3	2
208038	7	5	5
208038	8	4	4
208038	9	4	4
208038	10	4	4
208038	11	3	3
208040	1	7	4
208040	2	7	4
208040	3	7	4
208040	4	5	5
208040	5	7	3
208040	6	5	3
208040	7	5	3
208040	8	1	1
208040	9	5	3
208040	10	5	3
208040	11	7	5
208041	1	6	4
208041	2	4	3
208041	3	5	4
208041	4	7	7
208041	5	6	6
208041	6	1	1
208041	7	5	5
208041	8	6	6
208041	9	4	4
208041	10	2	1
208041	11	3	3
208042	1	8	7
208042	2	5	4
208042	3	6	7
208042	4	7	6
208042	5	6	4
208042	6	1	3
208042	7	7	6
208042	8	1	4
208042	9	6	8
208042	10	2	3
208042	11	1	1
208043	1	7	3
208043	2	5	5
208043	3	6	4
208043	4	3	3
208043	5	5	5
208043	6	6	6
208043	7	5	3
208043	8	7	4
208043	9	3	3
208043	10	1	1
208043	11	1	1
208044	1	7	5
208044	2	4	4
208044	3	6	6
208044	4	6	4
208044	5	8	5
208044	6	7	4
208044	7	7	7
208044	8	8	8
208044	9	8	6
208044	10	2	2
208044	11	2	2
208046	1	6	4
208046	2	4	4
208046	3	8	5
208046	4	7	5
208046	5	8	5
208046	6	4	8
208046	7	7	4
208046	8	8	3
208046	9	7	5
208046	10	7	5
208046	11	4	2
208047	1	 	 
208047	2	 	 
208047	3	 	 
208047	4	 	 
208047	5	 	 
208047	6	 	 
208047	7	 	 
208047	8	 	 
208047	9	 	 
208047	10	 	 
208047	11	 	 
208048	1	6	6
208048	2	5	5
208048	3	8	6
208048	4	6	6
208048	5	8	6
208048	6	3	3
208048	7	8	8
208048	8	7	7
208048	9	8	8
208048	10	5	5
208048	11	3	3
208049	1	7	6
208049	2	1	1
208049	3	7	7
208049	4	2	2
208049	5	4	3
208049	6	3	1
208049	7	4	3
208049	8	8	1
208049	9	3	2
208049	10	2	1
208049	11	1	1
208050	1	5	5
208050	2	5	5
208050	3	6	5
208050	4	4	4
208050	5	5	4
208050	6	3	4
208050	7	4	4
208050	8	6	6
208050	9	5	5
208050	10	7	7
208050	11	2	2
208051	1	7	3
208051	2	6	4
208051	3	6	4
208051	4	8	8
208051	5	7	4
208051	6	2	1
208051	7	6	6
208051	8	3	3
208051	9	3	3
208051	10	7	8
208051	11	5	5
