CHILDCODE	HHDCIDR4	EVMDDCR5	MADDECR5	WHOPRVR5
18001	1	0	1	2
18001	2	1	1	1
18001	3	0	1	1
18001	4	1	1	1
18001	5	1	1	1
18001	6	0	1	2
18001	7	1	1	2
18001	8	0	1	1
18001	9	0	1	6
18002	1	1	1	3
18002	2	1	0	3
18002	3	1	1	1
18002	4	1	1	1
18002	5	1	1	3
18002	6	0	1	1
18002	7	1	1	3
18002	8	0	1	1
18002	9	0	1	1
18003	1	 	 	 
18003	2	 	 	 
18003	3	 	 	 
18003	4	 	 	 
18003	5	 	 	 
18003	6	 	 	 
18003	7	 	 	 
18003	8	 	 	 
18003	9	 	 	 
18004	1	0	1	6
18004	2	1	1	1
18004	3	0	1	6
18004	4	1	1	6
18004	5	1	1	6
18004	6	0	1	1
18004	7	1	1	1
18004	8	0	1	6
18004	9	1	1	1
18005	1	1	1	2
18005	2	1	0	1
18005	3	0	0	6
18005	4	1	1	6
18005	5	1	1	1
18005	6	0	0	2
18005	7	1	1	2
18005	8	1	1	6
18005	9	1	1	6
18006	1	0	1	3
18006	2	1	1	3
18006	3	0	1	1
18006	4	1	1	1
18006	5	1	1	7
18006	6	0	1	1
18006	7	0	1	1
18006	8	0	1	1
18006	9	1	1	1
18007	1	0	1	3
18007	2	1	0	2
18007	3	0	0	3
18007	4	0	0	3
18007	5	0	0	3
18007	6	0	0	3
18007	7	0	0	3
18007	8	0	0	2
18007	9	0	0	2
18008	1	1	1	3
18008	2	1	1	3
18008	3	0	1	1
18008	4	1	1	1
18008	5	1	1	1
18008	6	1	1	1
18008	7	1	1	1
18008	8	1	1	1
18008	9	1	1	1
18009	1	0	1	3
18009	2	1	1	3
18009	3	0	1	7
18009	4	1	1	1
18009	5	1	1	6
18009	6	0	1	1
18009	7	1	1	6
18009	8	0	1	6
18009	9	0	1	6
18010	1	0	1	1
18010	2	1	1	3
18010	3	1	1	1
18010	4	1	1	1
18010	5	1	1	1
18010	6	0	1	1
18010	7	0	1	3
18010	8	0	1	1
18010	9	0	1	1
18011	1	1	1	2
18011	2	1	1	1
18011	3	1	1	1
18011	4	1	1	1
18011	5	1	1	1
18011	6	0	1	1
18011	7	1	1	6
18011	8	0	1	6
18011	9	1	1	6
18012	1	1	1	3
18012	2	1	1	3
18012	3	1	1	1
18012	4	1	1	1
18012	5	1	1	1
18012	6	1	1	1
18012	7	1	1	1
18012	8	1	1	1
18012	9	1	1	1
18013	1	0	1	3
18013	2	1	1	3
18013	3	1	1	1
18013	4	1	1	1
18013	5	1	1	1
18013	6	0	1	1
18013	7	0	1	1
18013	8	0	1	1
18013	9	0	1	1
18015	1	1	1	3
18015	2	0	1	1
18015	3	1	1	1
18015	4	1	1	1
18015	5	1	1	1
18015	6	1	1	1
18015	7	1	1	1
18015	8	1	1	1
18015	9	1	1	1
18016	1	1	0	3
18016	2	1	1	3
18016	3	0	1	1
18016	4	1	1	1
18016	5	1	1	3
18016	6	0	1	1
18016	7	0	1	3
18016	8	0	1	1
18016	9	0	1	1
18017	1	0	1	2
18017	2	1	1	2
18017	3	0	1	1
18017	4	1	1	1
18017	5	1	1	1
18017	6	1	1	1
18017	7	1	1	1
18017	8	0	1	2
18017	9	1	1	2
18018	1	1	1	2
18018	2	1	1	1
18018	3	1	1	1
18018	4	1	1	1
18018	5	1	1	1
18018	6	0	1	1
18018	7	1	1	2
18018	8	1	1	6
18018	9	1	1	6
18019	1	0	1	6
18019	2	1	1	6
18019	3	1	1	6
18019	4	1	1	6
18019	5	0	1	6
18019	6	0	1	6
18019	7	0	1	6
18019	8	0	1	6
18019	9	1	1	6
18020	1	1	1	4
18020	2	1	1	4
18020	3	1	1	1
18020	4	1	1	1
18020	5	1	1	4
18020	6	0	1	1
18020	7	0	1	4
18020	8	0	1	1
18020	9	0	1	1
18021	1	0	1	3
18021	2	1	1	7
18021	3	0	1	7
18021	4	1	1	1
18021	5	1	1	3
18021	6	0	1	1
18021	7	0	1	7
18021	8	0	1	1
18021	9	0	1	6
18022	1	0	1	6
18022	2	1	1	1
18022	3	1	1	1
18022	4	1	1	1
18022	5	1	1	1
18022	6	0	1	1
18022	7	1	1	6
18022	8	0	1	6
18022	9	1	1	6
18023	1	 	 	 
18023	2	 	 	 
18023	3	 	 	 
18023	4	 	 	 
18023	5	 	 	 
18023	6	 	 	 
18023	7	 	 	 
18023	8	 	 	 
18023	9	 	 	 
18024	1	0	1	7
18024	2	1	1	3
18024	3	1	1	1
18024	4	1	1	1
18024	5	1	1	1
18024	6	1	1	1
18024	7	0	1	1
18024	8	0	1	1
18024	9	0	1	1
18025	1	1	1	2
18025	2	1	1	3
18025	3	1	1	1
18025	4	1	1	1
18025	5	1	1	1
18025	6	1	1	1
18025	7	1	1	1
18025	8	1	1	1
18025	9	1	1	1
18026	1	1	1	3
18026	2	0	1	3
18026	3	1	1	1
18026	4	1	1	1
18026	5	1	1	1
18026	6	1	1	1
18026	7	1	1	1
18026	8	1	1	1
18026	9	1	1	1
18027	1	1	1	6
18027	2	1	1	6
18027	3	1	1	2
18027	4	1	1	1
18027	5	1	1	2
18027	6	1	1	1
18027	7	1	1	1
18027	8	0	1	1
18027	9	1	1	1
18028	1	1	1	3
18028	2	1	0	3
18028	3	1	1	1
18028	4	1	1	1
18028	5	1	1	3
18028	6	1	1	1
18028	7	1	1	3
18028	8	0	1	1
18028	9	0	1	1
18029	1	0	1	1
18029	2	1	1	1
18029	3	0	0	88
18029	4	1	1	1
18029	5	1	1	1
18029	6	1	1	1
18029	7	1	1	1
18029	8	0	1	1
18029	9	1	1	1
18030	1	1	1	3
18030	2	1	1	3
18030	3	1	1	1
18030	4	1	1	1
18030	5	1	1	1
18030	6	1	1	1
18030	7	1	1	1
18030	8	0	1	6
18030	9	1	1	6
18032	1	0	1	3
18032	2	1	1	3
18032	3	1	1	3
18032	4	1	1	1
18032	5	1	1	3
18032	6	0	1	3
18032	7	0	1	3
18032	8	1	1	1
18032	9	1	1	1
18034	1	0	1	7
18034	2	1	1	3
18034	3	0	1	1
18034	4	1	1	1
18034	5	1	1	3
18034	6	0	1	7
18034	7	0	1	7
18034	8	0	1	1
18034	9	0	1	1
18035	1	0	1	4
18035	2	1	1	7
18035	3	1	1	3
18035	4	1	1	1
18035	5	1	1	3
18035	6	0	1	1
18035	7	0	1	1
18035	8	0	1	1
18035	9	0	1	1
18036	1	1	1	3
18036	2	1	1	1
18036	3	1	1	1
18036	4	1	1	1
18036	5	1	1	1
18036	6	1	1	1
18036	7	1	1	1
18036	8	0	1	1
18036	9	1	1	1
18037	1	1	0	4
18037	2	1	0	4
18037	3	0	1	3
18037	4	1	1	1
18037	5	1	1	3
18037	6	0	0	3
18037	7	0	1	3
18037	8	0	1	1
18037	9	0	1	1
18038	1	1	1	1
18038	2	1	1	2
18038	3	1	1	1
18038	4	1	1	1
18038	5	1	1	1
18038	6	1	1	1
18038	7	1	1	1
18038	8	1	1	1
18038	9	1	1	1
18039	1	0	1	3
18039	2	1	0	3
18039	3	0	1	3
18039	4	1	1	1
18039	5	1	1	3
18039	6	1	1	1
18039	7	1	1	1
18039	8	0	1	1
18039	9	0	1	1
18040	1	1	1	1
18040	2	1	1	1
18040	3	1	1	5
18040	4	1	1	1
18040	5	1	1	1
18040	6	0	1	1
18040	7	1	1	1
18040	8	0	1	1
18040	9	0	1	6
18041	1	1	1	3
18041	2	0	1	3
18041	3	1	1	3
18041	4	0	0	3
18041	5	1	1	3
18041	6	0	0	1
18041	7	1	0	3
18041	8	0	1	3
18041	9	0	1	3
18042	1	1	1	8
18042	2	1	1	8
18042	3	0	1	1
18042	4	1	1	1
18042	5	1	1	1
18042	6	0	1	1
18042	7	0	1	1
18042	8	0	1	1
18042	9	1	1	1
18044	1	0	1	7
18044	2	1	0	3
18044	3	0	0	88
18044	4	1	1	1
18044	5	1	1	1
18044	6	1	1	1
18044	7	0	1	1
18044	8	0	1	1
18044	9	0	1	1
18045	1	0	1	2
18045	2	1	1	1
18045	3	0	1	1
18045	4	1	1	1
18045	5	1	1	2
18045	6	0	1	1
18045	7	1	1	6
18045	8	0	1	6
18045	9	1	1	6
18046	1	1	1	6
18046	2	1	1	6
18046	3	0	1	1
18046	4	1	1	6
18046	5	1	1	6
18046	6	0	1	6
18046	7	0	1	6
18046	8	1	1	6
18046	9	1	1	6
18047	1	0	1	6
18047	2	1	1	1
18047	3	1	1	1
18047	4	1	1	1
18047	5	1	1	6
18047	6	0	1	1
18047	7	1	1	1
18047	8	1	1	6
18047	9	1	1	6
18048	1	0	1	2
18048	2	1	1	1
18048	3	1	1	6
18048	4	1	1	6
18048	5	1	1	6
18048	6	0	1	1
18048	7	0	0	2
18048	8	0	1	6
18048	9	1	1	6
18049	1	0	1	3
18049	2	1	1	3
18049	3	1	1	3
18049	4	1	1	1
18049	5	0	1	3
18049	6	1	1	1
18049	7	1	1	3
18049	8	0	1	1
18049	9	0	1	1
18050	1	0	1	3
18050	2	1	1	7
18050	3	1	1	1
18050	4	1	1	1
18050	5	1	1	7
18050	6	1	1	1
18050	7	0	1	7
18050	8	0	1	1
18050	9	0	1	1
28001	1	1	1	6
28001	2	1	1	6
28001	3	1	1	1
28001	4	1	1	6
28001	5	0	1	6
28001	6	1	1	1
28001	7	0	1	6
28001	8	0	1	6
28001	9	1	1	6
28002	1	0	1	6
28002	2	1	1	1
28002	3	0	1	1
28002	4	1	1	1
28002	5	1	1	6
28002	6	0	0	2
28002	7	0	1	6
28002	8	0	1	6
28002	9	1	1	6
28003	1	1	1	3
28003	2	1	1	3
28003	3	0	1	1
28003	4	1	1	1
28003	5	0	1	1
28003	6	1	1	1
28003	7	0	1	1
28003	8	0	1	1
28003	9	0	1	1
28004	1	0	1	2
28004	2	1	0	2
28004	3	0	1	1
28004	4	0	1	6
28004	5	0	1	6
28004	6	1	1	1
28004	7	1	1	6
28004	8	0	1	6
28004	9	0	1	6
28006	1	0	0	3
28006	2	0	0	3
28006	3	1	1	1
28006	4	1	1	2
28006	5	0	1	1
28006	6	1	1	1
28006	7	0	1	1
28006	8	0	1	1
28006	9	1	1	1
28007	1	1	1	3
28007	2	0	0	88
28007	3	0	1	1
28007	4	1	1	1
28007	5	1	1	1
28007	6	1	1	1
28007	7	1	1	1
28007	8	1	1	1
28007	9	0	1	1
28008	1	0	1	3
28008	2	1	1	3
28008	3	0	1	1
28008	4	1	1	1
28008	5	1	1	1
28008	6	1	1	1
28008	7	0	1	1
28008	8	0	1	1
28008	9	0	1	1
28009	1	1	1	6
28009	2	1	1	6
28009	3	1	1	1
28009	4	1	1	6
28009	5	1	1	1
28009	6	1	1	1
28009	7	1	1	6
28009	8	1	1	6
28009	9	1	1	6
28010	1	0	1	6
28010	2	1	1	1
28010	3	0	1	6
28010	4	0	1	6
28010	5	1	1	6
28010	6	0	1	6
28010	7	0	1	6
28010	8	1	1	6
28010	9	0	1	6
28011	1	1	1	2
28011	2	1	1	2
28011	3	1	1	2
28011	4	1	1	1
28011	5	1	1	2
28011	6	1	1	1
28011	7	0	1	1
28011	8	0	1	1
28011	9	0	1	1
28012	1	1	1	3
28012	2	1	1	3
28012	3	1	1	6
28012	4	1	0	6
28012	5	1	1	6
28012	6	1	1	1
28012	7	1	1	6
28012	8	1	1	6
28012	9	1	1	6
28013	1	1	1	6
28013	2	1	1	1
28013	3	1	1	1
28013	4	1	1	1
28013	5	1	1	1
28013	6	1	1	6
28013	7	1	1	6
28013	8	1	1	6
28013	9	1	1	6
28014	1	0	1	2
28014	2	1	1	1
28014	3	1	1	1
28014	4	1	1	1
28014	5	1	1	1
28014	6	0	1	1
28014	7	0	1	1
28014	8	1	1	1
28014	9	1	1	1
28015	1	0	0	4
28015	2	1	1	8
28015	3	0	1	1
28015	4	1	1	1
28015	5	1	1	1
28015	6	1	1	1
28015	7	0	1	4
28015	8	0	1	1
28015	9	0	1	6
28016	1	1	1	6
28016	2	1	1	6
28016	3	1	1	1
28016	4	1	1	6
28016	5	1	1	6
28016	6	1	1	6
28016	7	1	1	6
28016	8	0	1	6
28016	9	0	1	6
28017	1	1	1	6
28017	2	1	1	6
28017	3	1	1	1
28017	4	1	1	1
28017	5	1	1	1
28017	6	1	1	1
28017	7	1	1	1
28017	8	0	1	6
28017	9	1	1	6
28018	1	0	1	1
28018	2	1	1	2
28018	3	0	1	1
28018	4	1	1	1
28018	5	1	1	1
28018	6	1	1	1
28018	7	0	1	1
28018	8	0	1	1
28018	9	1	1	1
28020	1	0	1	3
28020	2	1	0	3
28020	3	1	1	1
28020	4	1	1	1
28020	5	1	1	3
28020	6	1	1	1
28020	7	0	1	3
28020	8	0	1	6
28020	9	0	1	2
28021	1	1	1	1
28021	2	1	1	7
28021	3	1	1	1
28021	4	1	1	7
28021	5	1	1	1
28021	6	0	1	1
28021	7	0	1	1
28021	8	0	1	1
28021	9	0	1	1
28022	1	0	0	3
28022	2	1	1	3
28022	3	0	1	1
28022	4	0	1	1
28022	5	1	1	1
28022	6	0	1	1
28022	7	0	0	3
28022	8	0	1	1
28022	9	1	1	1
28023	1	0	1	3
28023	2	1	1	3
28023	3	1	0	3
28023	4	1	1	1
28023	5	0	1	1
28023	6	1	1	1
28023	7	0	1	1
28023	8	0	1	1
28023	9	1	1	1
28024	1	0	1	1
28024	2	1	1	1
28024	3	0	1	1
28024	4	1	1	1
28024	5	1	1	1
28024	6	1	1	1
28024	7	0	1	1
28024	8	0	1	1
28024	9	1	1	6
28025	1	0	1	2
28025	2	1	1	1
28025	3	0	1	1
28025	4	0	1	2
28025	5	1	1	2
28025	6	1	1	2
28025	7	0	1	1
28025	8	0	1	1
28025	9	0	1	1
38001	1	1	1	8
38001	2	1	1	8
38001	3	1	1	1
38001	4	1	1	1
38001	5	1	1	1
38001	6	1	1	1
38001	7	1	1	1
38001	8	0	1	1
38001	9	0	1	1
38002	1	0	1	3
38002	2	1	1	3
38002	3	1	1	1
38002	4	1	1	1
38002	5	1	1	1
38002	6	1	1	1
38002	7	1	1	1
38002	8	0	1	2
38002	9	0	1	2
38003	1	0	1	6
38003	2	1	1	6
38003	3	1	1	6
38003	4	1	1	6
38003	5	1	1	6
38003	6	0	1	6
38003	7	1	1	6
38003	8	1	1	1
38003	9	1	1	6
38004	1	0	1	4
38004	2	1	1	4
38004	3	1	1	1
38004	4	1	1	1
38004	5	1	1	1
38004	6	0	1	1
38004	7	1	1	1
38004	8	0	0	1
38004	9	0	0	1
38005	1	0	1	6
38005	2	1	1	6
38005	3	1	1	6
38005	4	0	1	1
38005	5	0	1	6
38005	6	0	1	6
38005	7	0	1	6
38005	8	1	1	6
38005	9	1	1	6
38006	1	1	1	3
38006	2	1	0	1
38006	3	0	1	1
38006	4	1	1	1
38006	5	1	1	1
38006	6	0	1	1
38006	7	0	0	1
38006	8	0	1	1
38006	9	0	1	1
38008	1	1	1	2
38008	2	1	1	1
38008	3	1	1	1
38008	4	1	1	6
38008	5	1	1	1
38008	6	0	1	6
38008	7	0	1	6
38008	8	0	1	6
38008	9	1	1	6
38010	1	0	1	6
38010	2	1	1	6
38010	3	0	1	1
38010	4	1	1	1
38010	5	1	1	1
38010	6	1	1	1
38010	7	1	1	1
38010	8	1	1	6
38010	9	1	1	6
38011	1	1	1	3
38011	2	1	1	3
38011	3	1	1	1
38011	4	1	1	1
38011	5	1	1	1
38011	6	1	1	1
38011	7	1	1	1
38011	8	1	1	1
38011	9	1	1	1
38014	1	1	1	1
38014	2	1	1	1
38014	3	1	1	1
38014	4	1	1	1
38014	5	1	1	1
38014	6	1	1	1
38014	7	1	1	1
38014	8	1	1	1
38014	9	1	1	1
38015	1	1	0	3
38015	2	1	0	3
38015	3	1	1	1
38015	4	1	1	1
38015	5	1	1	1
38015	6	1	1	1
38015	7	1	1	1
38015	8	0	1	1
38015	9	0	1	2
38016	1	1	1	3
38016	2	1	1	3
38016	3	1	1	1
38016	4	1	1	1
38016	5	1	1	1
38016	6	1	1	1
38016	7	1	1	1
38016	8	1	1	1
38016	9	1	1	1
38017	1	1	1	6
38017	2	1	1	1
38017	3	1	1	6
38017	4	1	1	6
38017	5	1	1	6
38017	6	0	1	6
38017	7	1	1	6
38017	8	0	1	6
38017	9	1	1	6
38019	1	0	1	6
38019	2	1	1	1
38019	3	1	1	1
38019	4	1	1	1
38019	5	1	1	6
38019	6	0	1	6
38019	7	1	1	6
38019	8	0	1	6
38019	9	0	1	6
38020	1	1	1	8
38020	2	1	1	1
38020	3	1	1	1
38020	4	1	1	1
38020	5	0	1	1
38020	6	0	1	1
38020	7	0	1	1
38020	8	0	1	1
38020	9	0	1	1
38021	1	0	1	1
38021	2	1	1	1
38021	3	1	1	1
38021	4	1	1	1
38021	5	1	1	1
38021	6	1	1	1
38021	7	1	1	1
38021	8	0	1	1
38021	9	0	1	1
38022	1	1	1	3
38022	2	1	1	3
38022	3	1	1	1
38022	4	1	1	1
38022	5	1	1	1
38022	6	1	1	1
38022	7	0	1	1
38022	8	0	1	1
38022	9	0	1	1
38023	1	1	1	3
38023	2	1	0	3
38023	3	1	1	3
38023	4	1	1	1
38023	5	1	1	3
38023	6	1	1	1
38023	7	1	1	3
38023	8	1	1	1
38023	9	1	1	1
38024	1	0	1	1
38024	2	1	1	1
38024	3	1	1	1
38024	4	1	1	1
38024	5	1	1	1
38024	6	0	1	1
38024	7	1	1	1
38024	8	0	1	1
38024	9	0	1	1
38025	1	1	1	4
38025	2	1	1	1
38025	3	0	1	1
38025	4	1	1	1
38025	5	1	1	1
38025	6	1	1	1
38025	7	0	1	1
38025	8	0	1	1
38025	9	0	1	1
48001	1	0	0	2
48001	2	1	1	1
48001	3	1	1	1
48001	4	1	1	1
48001	5	1	1	2
48001	6	0	1	1
48001	7	1	1	2
48001	8	0	1	2
48001	9	1	1	2
48002	1	1	1	6
48002	2	1	1	6
48002	3	0	1	1
48002	4	1	1	6
48002	5	1	1	6
48002	6	0	1	1
48002	7	0	1	6
48002	8	0	1	6
48002	9	0	1	6
48003	1	1	1	3
48003	2	1	1	3
48003	3	1	1	1
48003	4	1	1	1
48003	5	1	1	1
48003	6	0	1	1
48003	7	0	1	1
48003	8	0	1	1
48003	9	0	1	1
48004	1	0	1	1
48004	2	1	1	1
48004	3	1	1	1
48004	4	1	1	1
48004	5	1	1	1
48004	6	0	1	1
48004	7	1	1	1
48004	8	0	1	1
48004	9	0	1	1
48005	1	1	1	1
48005	2	1	1	1
48005	3	0	1	1
48005	4	1	1	1
48005	5	1	1	1
48005	6	1	1	1
48005	7	1	1	1
48005	8	1	1	1
48005	9	0	1	1
48006	1	0	1	3
48006	2	1	1	3
48006	3	1	1	1
48006	4	1	1	1
48006	5	0	1	1
48006	6	0	1	1
48006	7	0	1	1
48006	8	0	1	1
48006	9	0	1	1
48007	1	1	0	3
48007	2	1	0	3
48007	3	0	0	1
48007	4	0	0	1
48007	5	1	1	1
48007	6	1	1	1
48007	7	1	1	1
48007	8	0	1	1
48007	9	0	1	1
48008	1	0	1	6
48008	2	1	1	1
48008	3	0	1	1
48008	4	1	1	1
48008	5	1	1	1
48008	6	0	1	6
48008	7	0	1	6
48008	8	0	1	6
48008	9	0	1	6
48009	1	1	0	3
48009	2	1	1	3
48009	3	0	1	4
48009	4	1	1	1
48009	5	1	1	1
48009	6	1	1	1
48009	7	1	1	1
48009	8	0	1	1
48009	9	1	1	1
48010	1	0	1	3
48010	2	0	1	3
48010	3	1	1	1
48010	4	0	1	1
48010	5	1	1	1
48010	6	0	1	1
48010	7	0	1	1
48010	8	0	1	1
48010	9	0	1	1
48011	1	 	 	88
48011	2	 	 	88
48011	3	 	 	88
48011	4	 	 	88
48011	5	 	 	88
48011	6	 	 	88
48011	7	 	 	88
48011	8	 	 	88
48011	9	 	 	88
48013	1	1	1	3
48013	2	1	1	3
48013	3	1	1	1
48013	4	1	1	1
48013	5	1	1	1
48013	6	0	1	1
48013	7	0	1	1
48013	8	0	1	1
48013	9	0	1	1
48014	1	1	1	3
48014	2	1	1	1
48014	3	0	0	2
48014	4	1	1	1
48014	5	1	1	1
48014	6	0	1	1
48014	7	1	1	1
48014	8	0	1	1
48014	9	1	1	1
48015	1	1	1	6
48015	2	1	1	6
48015	3	1	1	6
48015	4	1	1	6
48015	5	1	1	6
48015	6	1	1	6
48015	7	1	1	6
48015	8	1	1	6
48015	9	1	1	6
48016	1	1	1	3
48016	2	1	1	1
48016	3	0	1	1
48016	4	1	1	1
48016	5	1	1	1
48016	6	1	1	1
48016	7	1	1	1
48016	8	0	1	1
48016	9	1	1	1
48017	1	0	1	3
48017	2	1	1	1
48017	3	0	1	1
48017	4	1	1	1
48017	5	1	1	1
48017	6	0	1	1
48017	7	1	1	1
48017	8	0	1	1
48017	9	0	1	1
48018	1	0	1	6
48018	2	1	1	1
48018	3	1	1	1
48018	4	0	1	1
48018	5	0	1	1
48018	6	1	1	6
48018	7	1	1	6
48018	8	0	1	6
48018	9	1	1	6
48019	1	1	1	4
48019	2	1	1	3
48019	3	1	1	1
48019	4	1	1	1
48019	5	1	1	1
48019	6	1	1	1
48019	7	1	1	1
48019	8	0	1	1
48019	9	0	1	1
48020	1	1	1	2
48020	2	1	1	1
48020	3	1	1	1
48020	4	1	1	1
48020	5	1	1	1
48020	6	1	1	2
48020	7	1	1	2
48020	8	1	1	1
48020	9	1	1	1
48021	1	0	1	6
48021	2	1	1	6
48021	3	0	1	6
48021	4	0	1	6
48021	5	1	1	6
48021	6	0	1	6
48021	7	1	1	6
48021	8	1	1	6
48021	9	1	1	6
48022	1	1	1	2
48022	2	1	1	6
48022	3	1	1	3
48022	4	1	1	1
48022	5	1	1	6
48022	6	1	1	6
48022	7	1	1	6
48022	8	0	1	6
48022	9	1	1	6
48023	1	0	1	6
48023	2	1	1	1
48023	3	1	1	1
48023	4	1	1	6
48023	5	1	1	1
48023	6	1	1	6
48023	7	1	1	2
48023	8	1	1	6
48023	9	1	1	6
48024	1	0	1	6
48024	2	1	1	6
48024	3	1	1	1
48024	4	1	1	1
48024	5	0	1	1
48024	6	0	0	1
48024	7	1	1	1
48024	8	0	1	6
48024	9	1	1	6
48025	1	1	1	6
48025	2	1	1	1
48025	3	1	1	6
48025	4	1	1	6
48025	5	1	1	6
48025	6	1	1	6
48025	7	1	1	6
48025	8	1	1	6
48025	9	1	1	6
48026	1	0	1	3
48026	2	1	1	3
48026	3	1	1	3
48026	4	1	1	1
48026	5	1	1	1
48026	6	0	1	1
48026	7	1	1	1
48026	8	0	1	1
48026	9	0	1	1
58002	1	0	1	1
58002	2	1	1	1
58002	3	0	1	1
58002	4	1	1	1
58002	5	1	1	1
58002	6	0	1	1
58002	7	1	1	1
58002	8	0	1	1
58002	9	1	1	6
58003	1	1	1	7
58003	2	1	1	7
58003	3	1	1	1
58003	4	0	1	1
58003	5	1	1	1
58003	6	1	1	1
58003	7	1	1	7
58003	8	0	1	1
58003	9	0	1	1
58004	1	0	1	1
58004	2	1	1	1
58004	3	1	1	1
58004	4	1	1	1
58004	5	1	1	1
58004	6	0	1	1
58004	7	1	1	1
58004	8	0	1	1
58004	9	0	1	1
58007	1	0	1	3
58007	2	0	1	3
58007	3	1	1	1
58007	4	1	1	1
58007	5	0	1	1
58007	6	1	1	1
58007	7	1	1	1
58007	8	0	1	1
58007	9	0	1	1
58008	1	1	1	7
58008	2	1	0	3
58008	3	0	1	1
58008	4	1	1	1
58008	5	1	1	3
58008	6	1	1	3
58008	7	1	1	3
58008	8	0	1	1
58008	9	0	1	1
58011	1	0	1	1
58011	2	1	1	1
58011	3	0	1	1
58011	4	1	1	1
58011	5	1	1	1
58011	6	0	1	1
58011	7	1	1	1
58011	8	1	1	1
58011	9	1	1	1
58012	1	1	1	3
58012	2	1	1	3
58012	3	1	1	1
58012	4	1	1	1
58012	5	1	1	1
58012	6	0	1	1
58012	7	0	1	1
58012	8	0	1	1
58012	9	0	1	1
58013	1	1	1	3
58013	2	1	1	3
58013	3	0	1	1
58013	4	1	1	1
58013	5	1	1	1
58013	6	0	1	1
58013	7	0	1	1
58013	8	0	1	1
58013	9	1	1	1
58014	1	1	1	3
58014	2	1	0	3
58014	3	1	1	1
58014	4	1	1	1
58014	5	1	1	7
58014	6	0	1	1
58014	7	1	1	1
58014	8	0	1	1
58014	9	0	1	1
58015	1	1	1	2
58015	2	1	1	2
58015	3	0	1	2
58015	4	0	1	1
58015	5	1	1	1
58015	6	1	1	2
58015	7	1	1	2
58015	8	1	1	2
58015	9	1	1	2
58016	1	0	1	3
58016	2	1	1	3
58016	3	1	1	3
58016	4	1	1	1
58016	5	1	1	3
58016	6	0	1	1
58016	7	1	1	3
58016	8	0	1	1
58016	9	0	1	2
58017	1	1	1	1
58017	2	1	0	4
58017	3	1	1	1
58017	4	1	1	1
58017	5	1	1	1
58017	6	1	1	1
58017	7	1	1	1
58017	8	1	1	1
58017	9	1	1	1
58019	1	0	0	3
58019	2	1	0	3
58019	3	1	0	3
58019	4	1	1	1
58019	5	1	1	1
58019	6	1	1	1
58019	7	1	1	1
58019	8	0	1	1
58019	9	0	1	1
58020	1	1	1	4
58020	2	1	1	3
58020	3	1	1	1
58020	4	1	1	1
58020	5	1	1	1
58020	6	1	1	1
58020	7	1	1	1
58020	8	1	1	1
58020	9	1	1	1
58021	1	1	1	3
58021	2	1	1	3
58021	3	1	1	6
58021	4	1	1	6
58021	5	1	1	6
58021	6	1	1	1
58021	7	1	1	1
58021	8	1	1	1
58021	9	1	1	6
58022	1	0	1	1
58022	2	0	1	1
58022	3	1	1	1
58022	4	0	1	1
58022	5	1	1	1
58022	6	1	1	1
58022	7	1	1	1
58022	8	0	1	2
58022	9	0	1	2
58025	1	1	1	7
58025	2	1	1	3
58025	3	0	1	1
58025	4	1	1	1
58025	5	1	1	1
58025	6	0	1	1
58025	7	0	1	1
58025	8	0	1	1
58025	9	0	1	1
58026	1	1	1	3
58026	2	1	1	4
58026	3	1	1	1
58026	4	1	1	1
58026	5	1	1	1
58026	6	0	1	1
58026	7	1	1	1
58026	8	0	1	1
58026	9	0	1	1
58027	1	0	0	3
58027	2	1	0	3
58027	3	0	1	1
58027	4	1	1	1
58027	5	0	1	5
58027	6	0	1	5
58027	7	1	1	1
58027	8	0	1	1
58027	9	0	1	1
58028	1	0	1	1
58028	2	1	1	1
58028	3	0	1	1
58028	4	1	1	1
58028	5	1	1	1
58028	6	1	1	1
58028	7	0	1	1
58028	8	0	1	1
58028	9	1	1	1
58029	1	1	1	3
58029	2	1	1	3
58029	3	1	1	1
58029	4	1	1	1
58029	5	1	1	1
58029	6	1	1	1
58029	7	1	1	1
58029	8	1	1	1
58029	9	1	1	1
58030	1	1	1	3
58030	2	1	1	3
58030	3	1	1	1
58030	4	1	1	1
58030	5	1	1	1
58030	6	1	1	1
58030	7	1	1	1
58030	8	1	1	1
58030	9	1	1	1
68001	1	1	1	3
68001	2	1	1	4
68001	3	1	1	1
68001	4	1	1	1
68001	5	1	1	1
68001	6	0	1	1
68001	7	0	1	1
68001	8	0	1	1
68001	9	0	1	1
68002	1	0	1	1
68002	2	1	1	1
68002	3	1	1	6
68002	4	1	1	1
68002	5	1	1	1
68002	6	0	1	1
68002	7	0	1	1
68002	8	1	1	1
68002	9	1	1	1
68004	1	0	1	3
68004	2	1	0	3
68004	3	1	1	1
68004	4	1	1	1
68004	5	1	1	7
68004	6	0	1	1
68004	7	0	1	1
68004	8	1	1	1
68004	9	1	1	1
68005	1	1	1	1
68005	2	1	1	1
68005	3	1	1	1
68005	4	1	1	1
68005	5	1	1	1
68005	6	1	1	1
68005	7	1	1	6
68005	8	0	1	6
68005	9	0	1	6
68006	1	0	1	7
68006	2	1	1	7
68006	3	1	1	1
68006	4	1	1	1
68006	5	1	1	7
68006	6	0	1	1
68006	7	1	1	7
68006	8	0	1	1
68006	9	0	1	1
68007	1	0	1	1
68007	2	1	1	1
68007	3	1	1	1
68007	4	1	1	1
68007	5	1	1	1
68007	6	1	1	1
68007	7	1	1	1
68007	8	0	1	1
68007	9	0	1	1
68008	1	0	1	1
68008	2	1	1	1
68008	3	1	1	1
68008	4	1	1	1
68008	5	1	1	1
68008	6	0	1	1
68008	7	0	1	1
68008	8	0	1	1
68008	9	0	1	1
68009	1	0	1	3
68009	2	1	0	3
68009	3	1	1	1
68009	4	1	1	1
68009	5	1	1	3
68009	6	1	0	1
68009	7	0	1	1
68009	8	0	1	1
68009	9	0	1	1
68010	1	1	0	3
68010	2	1	1	3
68010	3	1	1	1
68010	4	1	1	1
68010	5	1	1	1
68010	6	1	1	1
68010	7	1	1	1
68010	8	0	1	1
68010	9	0	1	1
68011	1	1	1	6
68011	2	1	1	1
68011	3	1	1	1
68011	4	1	1	1
68011	5	1	1	6
68011	6	1	1	1
68011	7	1	1	1
68011	8	1	1	2
68011	9	1	1	1
68012	1	1	1	6
68012	2	1	1	1
68012	3	1	1	1
68012	4	1	1	6
68012	5	1	1	6
68012	6	0	1	6
68012	7	1	1	6
68012	8	0	1	6
68012	9	1	1	6
68013	1	0	1	3
68013	2	1	1	3
68013	3	1	1	1
68013	4	1	1	1
68013	5	1	1	1
68013	6	0	1	1
68013	7	0	1	1
68013	8	0	1	1
68013	9	0	1	1
68015	1	1	1	3
68015	2	1	1	3
68015	3	1	1	1
68015	4	1	1	1
68015	5	1	1	1
68015	6	1	1	1
68015	7	1	1	1
68015	8	1	1	1
68015	9	1	1	1
68016	1	1	1	3
68016	2	1	1	7
68016	3	0	1	1
68016	4	1	1	3
68016	5	1	1	3
68016	6	1	1	1
68016	7	1	1	1
68016	8	0	1	1
68016	9	0	1	1
68017	1	1	0	2
68017	2	1	0	1
68017	3	1	1	1
68017	4	1	1	1
68017	5	1	1	1
68017	6	1	1	1
68017	7	1	1	2
68017	8	1	1	6
68017	9	1	1	7
68019	1	1	1	3
68019	2	1	1	3
68019	3	1	1	3
68019	4	1	1	1
68019	5	1	1	3
68019	6	1	1	1
68019	7	1	1	3
68019	8	0	1	1
68019	9	0	1	1
68020	1	1	1	3
68020	2	1	1	8
68020	3	1	1	1
68020	4	1	1	1
68020	5	1	1	1
68020	6	1	1	1
68020	7	0	1	7
68020	8	0	1	1
68020	9	0	1	1
68021	1	0	1	4
68021	2	1	1	3
68021	3	1	1	1
68021	4	1	1	1
68021	5	0	0	3
68021	6	1	1	1
68021	7	1	1	3
68021	8	0	1	1
68021	9	0	1	1
68022	1	1	1	1
68022	2	1	1	1
68022	3	1	1	1
68022	4	1	1	1
68022	5	1	1	1
68022	6	0	1	1
68022	7	1	1	1
68022	8	1	1	1
68022	9	1	1	1
68023	1	0	1	3
68023	2	1	0	3
68023	3	1	1	1
68023	4	1	1	1
68023	5	1	1	1
68023	6	1	1	1
68023	7	0	1	1
68023	8	0	1	7
68023	9	1	1	6
68024	1	0	1	3
68024	2	1	1	3
68024	3	0	1	1
68024	4	1	1	1
68024	5	1	1	1
68024	6	1	1	1
68024	7	0	1	1
68024	8	0	0	1
68024	9	0	1	1
68025	1	1	1	3
68025	2	1	1	3
68025	3	1	1	3
68025	4	1	1	1
68025	5	1	1	1
68025	6	0	1	1
68025	7	1	1	1
68025	8	0	1	1
68025	9	1	1	1
78001	1	0	0	3
78001	2	0	0	3
78001	3	1	1	1
78001	4	1	1	1
78001	5	1	1	1
78001	6	1	1	3
78001	7	1	1	3
78001	8	1	1	1
78001	9	1	1	1
78002	1	1	1	3
78002	2	1	1	3
78002	3	0	1	3
78002	4	1	0	1
78002	5	1	1	1
78002	6	1	1	1
78002	7	1	1	3
78002	8	1	1	1
78002	9	1	1	1
78003	1	1	1	3
78003	2	1	1	7
78003	3	1	1	3
78003	4	1	1	1
78003	5	0	1	7
78003	6	1	1	1
78003	7	0	1	3
78003	8	0	1	1
78003	9	0	1	1
78005	1	1	1	3
78005	2	1	1	3
78005	3	1	1	1
78005	4	1	1	1
78005	5	1	1	1
78005	6	1	1	1
78005	7	1	1	3
78005	8	1	1	1
78005	9	1	1	1
78006	1	 	1	3
78006	2	 	1	1
78006	3	 	1	3
78006	4	 	1	1
78006	5	 	1	88
78006	6	 	1	1
78006	7	 	1	1
78006	8	 	1	1
78006	9	 	1	1
78008	1	0	0	3
78008	2	1	1	3
78008	3	0	0	3
78008	4	1	1	1
78008	5	1	1	3
78008	6	1	1	3
78008	7	0	1	1
78008	8	0	1	1
78008	9	0	1	3
78009	1	1	1	3
78009	2	1	0	3
78009	3	1	0	3
78009	4	0	1	3
78009	5	0	1	1
78009	6	0	1	1
78009	7	0	0	3
78009	8	0	1	1
78009	9	0	1	1
78010	1	1	1	1
78010	2	1	1	8
78010	3	1	1	1
78010	4	1	1	1
78010	5	1	1	1
78010	6	1	1	1
78010	7	1	1	1
78010	8	1	1	1
78010	9	1	1	1
78011	1	1	1	6
78011	2	1	1	6
78011	3	1	1	1
78011	4	1	1	6
78011	5	1	1	1
78011	6	1	1	1
78011	7	1	1	6
78011	8	1	1	6
78011	9	1	1	6
78012	1	0	0	4
78012	2	1	0	3
78012	3	1	1	1
78012	4	1	1	1
78012	5	1	1	1
78012	6	1	1	1
78012	7	1	1	1
78012	8	0	1	1
78012	9	0	1	1
78013	1	0	1	3
78013	2	0	1	3
78013	3	1	1	1
78013	4	1	1	1
78013	5	1	1	1
78013	6	1	1	1
78013	7	1	1	1
78013	8	1	1	1
78013	9	1	1	1
78014	1	1	1	3
78014	2	0	0	3
78014	3	1	1	7
78014	4	0	0	1
78014	5	1	1	3
78014	6	1	1	7
78014	7	1	1	7
78014	8	0	1	1
78014	9	0	1	1
78015	1	1	1	3
78015	2	1	1	3
78015	3	1	0	3
78015	4	0	1	1
78015	5	1	1	3
78015	6	1	1	3
78015	7	1	1	1
78015	8	0	1	1
78015	9	0	1	1
78016	1	1	1	7
78016	2	1	1	7
78016	3	1	1	7
78016	4	1	1	7
78016	5	1	1	7
78016	6	1	1	7
78016	7	1	1	1
78016	8	1	1	1
78016	9	1	1	1
78017	1	1	1	3
78017	2	1	1	1
78017	3	1	1	1
78017	4	1	1	1
78017	5	1	1	1
78017	6	1	1	1
78017	7	1	1	1
78017	8	1	1	1
78017	9	1	1	1
78018	1	1	1	1
78018	2	1	1	1
78018	3	1	1	1
78018	4	1	1	1
78018	5	1	1	1
78018	6	1	1	1
78018	7	1	1	1
78018	8	1	1	1
78018	9	1	1	1
78019	1	1	0	3
78019	2	1	1	7
78019	3	1	1	3
78019	4	1	1	1
78019	5	1	1	3
78019	6	0	1	1
78019	7	0	1	3
78019	8	0	1	1
78019	9	0	1	1
78020	1	1	1	3
78020	2	1	1	3
78020	3	1	1	1
78020	4	1	1	1
78020	5	1	1	1
78020	6	1	1	1
78020	7	1	1	1
78020	8	1	1	1
78020	9	1	1	1
78021	1	1	1	7
78021	2	1	1	7
78021	3	1	1	7
78021	4	1	1	1
78021	5	1	1	1
78021	6	1	1	1
78021	7	1	1	1
78021	8	1	1	1
78021	9	1	1	1
78022	1	 	 	 
78022	2	 	 	 
78022	3	 	 	 
78022	4	 	 	 
78022	5	 	 	 
78022	6	 	 	 
78022	7	 	 	 
78022	8	 	 	 
78022	9	 	 	 
78024	1	0	1	3
78024	2	1	1	3
78024	3	0	1	1
78024	4	0	1	1
78024	5	1	1	3
78024	6	1	1	1
78024	7	1	1	3
78024	8	0	1	1
78024	9	0	1	1
78026	1	1	1	3
78026	2	1	0	3
78026	3	0	1	1
78026	4	1	1	1
78026	5	1	1	1
78026	6	1	1	1
78026	7	1	1	3
78026	8	1	1	1
78026	9	0	1	1
78027	1	1	1	3
78027	2	1	1	3
78027	3	1	1	1
78027	4	1	1	1
78027	5	1	1	1
78027	6	1	1	1
78027	7	1	1	3
78027	8	1	1	1
78027	9	1	1	1
78028	1	1	1	3
78028	2	1	1	3
78028	3	1	1	3
78028	4	1	1	1
78028	5	1	1	1
78028	6	1	1	1
78028	7	1	1	1
78028	8	1	1	1
78028	9	1	1	1
78029	1	1	1	3
78029	2	1	1	3
78029	3	1	1	1
78029	4	1	1	1
78029	5	1	1	1
78029	6	1	1	1
78029	7	1	1	3
78029	8	1	1	1
78029	9	1	1	1
78030	1	1	1	3
78030	2	1	1	3
78030	3	1	1	1
78030	4	1	1	1
78030	5	1	1	1
78030	6	0	1	1
78030	7	1	1	3
78030	8	0	1	1
78030	9	0	1	1
78031	1	1	0	3
78031	2	1	1	3
78031	3	1	1	1
78031	4	1	1	1
78031	5	1	1	1
78031	6	1	1	1
78031	7	1	1	7
78031	8	1	1	1
78031	9	1	1	1
78032	1	1	1	3
78032	2	1	1	4
78032	3	1	1	1
78032	4	1	1	1
78032	5	1	1	3
78032	6	1	1	1
78032	7	0	1	3
78032	8	0	1	1
78032	9	0	1	1
78033	1	0	1	3
78033	2	1	1	4
78033	3	1	1	3
78033	4	1	1	1
78033	5	1	1	1
78033	6	1	1	1
78033	7	1	1	1
78033	8	1	1	1
78033	9	1	1	1
78034	1	1	1	3
78034	2	1	0	3
78034	3	0	1	1
78034	4	1	1	1
78034	5	1	1	3
78034	6	1	1	1
78034	7	1	1	3
78034	8	0	1	1
78034	9	0	1	1
78035	1	1	1	7
78035	2	1	1	7
78035	3	0	1	7
78035	4	0	0	1
78035	5	0	0	7
78035	6	0	0	7
78035	7	0	0	7
78035	8	0	1	1
78035	9	0	1	1
78036	1	1	1	1
78036	2	1	1	1
78036	3	1	1	1
78036	4	1	1	1
78036	5	1	1	1
78036	6	1	1	1
78036	7	1	1	1
78036	8	1	1	1
78036	9	1	1	1
78037	1	1	1	3
78037	2	1	1	3
78037	3	1	1	1
78037	4	1	1	1
78037	5	1	1	1
78037	6	1	1	1
78037	7	1	1	1
78037	8	1	1	1
78037	9	1	1	1
78038	1	1	1	3
78038	2	0	0	3
78038	3	1	1	3
78038	4	1	1	3
78038	5	1	1	3
78038	6	1	1	1
78038	7	1	1	1
78038	8	1	1	1
78038	9	1	1	1
78039	1	1	1	1
78039	2	1	1	2
78039	3	1	1	2
78039	4	1	1	1
78039	5	1	1	1
78039	6	0	1	1
78039	7	1	1	1
78039	8	0	1	6
78039	9	1	1	6
78040	1	0	0	3
78040	2	1	0	3
78040	3	1	1	3
78040	4	1	1	1
78040	5	1	1	1
78040	6	1	1	1
78040	7	1	1	1
78040	8	0	1	1
78040	9	0	1	1
78041	1	 	 	 
78041	2	 	 	 
78041	3	 	 	 
78041	4	 	 	 
78041	5	 	 	 
78041	6	 	 	 
78041	7	 	 	 
78041	8	 	 	 
78041	9	 	 	 
78042	1	1	1	3
78042	2	1	1	3
78042	3	1	1	3
78042	4	1	1	1
78042	5	1	1	3
78042	6	1	1	1
78042	7	1	1	3
78042	8	1	1	1
78042	9	1	1	1
78043	1	0	0	3
78043	2	1	1	2
78043	3	0	1	1
78043	4	1	1	1
78043	5	1	1	1
78043	6	0	0	1
78043	7	0	1	1
78043	8	1	1	1
78043	9	1	1	1
78044	1	1	1	3
78044	2	1	1	3
78044	3	1	1	3
78044	4	0	1	1
78044	5	1	1	3
78044	6	1	1	1
78044	7	1	1	3
78044	8	1	1	1
78044	9	1	1	1
78045	1	0	0	3
78045	2	1	1	3
78045	3	0	1	1
78045	4	1	1	1
78045	5	1	1	1
78045	6	1	1	1
78045	7	1	1	1
78045	8	1	1	1
78045	9	1	1	1
78046	1	1	1	3
78046	2	1	1	3
78046	3	1	1	1
78046	4	1	1	1
78046	5	1	1	1
78046	6	1	1	1
78046	7	1	1	1
78046	8	1	1	1
78046	9	1	1	1
78047	1	1	1	3
78047	2	1	1	3
78047	3	1	1	3
78047	4	1	1	1
78047	5	1	1	1
78047	6	1	1	1
78047	7	1	1	1
78047	8	1	1	1
78047	9	1	1	1
78048	1	1	1	6
78048	2	1	1	6
78048	3	1	1	1
78048	4	1	1	6
78048	5	1	1	1
78048	6	1	1	1
78048	7	1	1	6
78048	8	0	1	6
78048	9	1	1	6
78049	1	1	1	3
78049	2	1	1	1
78049	3	0	0	3
78049	4	1	1	1
78049	5	1	1	1
78049	6	1	1	1
78049	7	1	1	1
78049	8	1	1	1
78049	9	1	1	1
78051	1	1	1	3
78051	2	0	1	3
78051	3	0	1	1
78051	4	1	1	1
78051	5	0	1	1
78051	6	0	1	1
78051	7	0	1	1
78051	8	0	1	1
78051	9	0	1	1
78052	1	1	1	6
78052	2	1	1	6
78052	3	1	1	6
78052	4	1	1	6
78052	5	1	1	6
78052	6	1	1	6
78052	7	1	1	6
78052	8	1	1	6
78052	9	1	1	6
88001	1	1	1	6
88001	2	1	1	6
88001	3	1	1	1
88001	4	1	1	1
88001	5	1	1	6
88001	6	1	1	6
88001	7	0	1	6
88001	8	0	1	6
88001	9	0	1	6
88002	1	1	1	1
88002	2	1	1	1
88002	3	1	1	4
88002	4	0	1	1
88002	5	0	1	3
88002	6	0	1	3
88002	7	1	1	3
88002	8	0	0	3
88002	9	1	1	1
88003	1	 	 	 
88003	2	 	 	 
88003	3	 	 	 
88003	4	 	 	 
88003	5	 	 	 
88003	6	 	 	 
88003	7	 	 	 
88003	8	 	 	 
88003	9	 	 	 
88004	1	0	0	3
88004	2	1	1	3
88004	3	1	1	1
88004	4	1	1	1
88004	5	1	1	1
88004	6	0	1	1
88004	7	0	1	1
88004	8	0	1	1
88004	9	0	1	1
88005	1	0	1	3
88005	2	1	1	3
88005	3	0	1	1
88005	4	1	1	1
88005	5	0	1	1
88005	6	0	1	1
88005	7	1	1	7
88005	8	0	1	1
88005	9	0	1	1
88007	1	1	1	7
88007	2	0	0	3
88007	3	1	1	1
88007	4	1	1	1
88007	5	1	1	1
88007	6	1	1	1
88007	7	1	1	1
88007	8	1	1	1
88007	9	1	1	1
88008	1	0	1	1
88008	2	1	1	1
88008	3	1	1	1
88008	4	1	1	1
88008	5	1	1	1
88008	6	1	1	1
88008	7	1	1	1
88008	8	1	1	1
88008	9	1	1	1
88010	1	1	1	3
88010	2	1	1	7
88010	3	1	1	1
88010	4	1	1	1
88010	5	1	1	1
88010	6	1	1	7
88010	7	1	1	1
88010	8	1	1	7
88010	9	1	1	1
88011	1	1	1	3
88011	2	1	1	3
88011	3	1	1	1
88011	4	1	1	3
88011	5	1	1	1
88011	6	1	1	1
88011	7	1	1	1
88011	8	1	1	1
88011	9	1	1	1
88012	1	1	1	7
88012	2	0	0	3
88012	3	1	1	1
88012	4	1	1	1
88012	5	1	1	1
88012	6	1	1	7
88012	7	1	1	1
88012	8	1	1	1
88012	9	1	1	1
88013	1	0	0	3
88013	2	1	1	7
88013	3	1	1	6
88013	4	1	1	6
88013	5	1	1	6
88013	6	1	1	6
88013	7	1	1	6
88013	8	1	1	6
88013	9	1	1	6
88014	1	0	0	3
88014	2	1	1	7
88014	3	1	0	7
88014	4	1	1	1
88014	5	1	1	3
88014	6	0	0	1
88014	7	0	1	1
88014	8	0	1	1
88014	9	1	1	1
88015	1	1	1	3
88015	2	1	1	3
88015	3	1	1	1
88015	4	1	1	1
88015	5	1	1	3
88015	6	1	1	3
88015	7	1	1	1
88015	8	1	1	1
88015	9	1	1	1
88016	1	0	1	3
88016	2	0	1	3
88016	3	1	1	7
88016	4	1	1	1
88016	5	1	1	1
88016	6	1	1	1
88016	7	1	1	1
88016	8	1	1	1
88016	9	1	1	1
88017	1	0	1	3
88017	2	1	1	3
88017	3	1	1	1
88017	4	1	1	1
88017	5	1	1	1
88017	6	1	1	1
88017	7	1	1	1
88017	8	0	1	1
88017	9	0	1	1
88020	1	0	1	3
88020	2	1	1	3
88020	3	1	1	1
88020	4	1	1	1
88020	5	0	1	3
88020	6	0	1	1
88020	7	0	1	1
88020	8	0	1	1
88020	9	0	1	3
88021	1	0	1	3
88021	2	1	1	3
88021	3	0	1	3
88021	4	1	1	1
88021	5	1	1	1
88021	6	1	1	1
88021	7	1	1	1
88021	8	1	1	1
88021	9	1	1	1
88022	1	1	1	3
88022	2	1	1	7
88022	3	0	1	1
88022	4	1	1	1
88022	5	0	1	1
88022	6	0	1	1
88022	7	0	1	1
88022	8	1	1	1
88022	9	1	1	1
88023	1	0	1	3
88023	2	1	1	3
88023	3	1	1	3
88023	4	1	1	1
88023	5	0	1	3
88023	6	0	1	3
88023	7	1	1	3
88023	8	1	1	1
88023	9	1	1	1
88024	1	1	1	3
88024	2	1	1	3
88024	3	1	1	1
88024	4	1	1	1
88024	5	1	1	1
88024	6	1	1	1
88024	7	1	1	1
88024	8	1	1	1
88024	9	1	1	1
88025	1	1	1	3
88025	2	1	1	3
88025	3	0	0	3
88025	4	1	1	1
88025	5	1	1	1
88025	6	0	0	1
88025	7	0	0	1
88025	8	1	1	2
88025	9	1	1	1
88026	1	0	0	3
88026	2	1	1	7
88026	3	1	1	7
88026	4	1	1	1
88026	5	1	1	1
88026	6	1	1	1
88026	7	1	1	7
88026	8	1	1	1
88026	9	1	1	1
88027	1	1	1	6
88027	2	1	1	1
88027	3	1	1	1
88027	4	1	1	1
88027	5	1	1	6
88027	6	1	1	6
88027	7	1	1	6
88027	8	1	1	6
88027	9	1	1	6
88029	1	1	1	8
88029	2	1	1	8
88029	3	1	1	1
88029	4	1	1	1
88029	5	1	1	1
88029	6	1	1	1
88029	7	1	1	1
88029	8	1	1	1
88029	9	1	1	1
88031	1	1	1	3
88031	2	1	1	3
88031	3	1	1	1
88031	4	1	1	1
88031	5	1	1	1
88031	6	0	1	7
88031	7	1	1	1
88031	8	1	1	1
88031	9	1	1	1
98001	1	0	0	1
98001	2	0	0	1
98001	3	0	0	1
98001	4	0	0	1
98001	5	0	0	1
98001	6	0	0	1
98001	7	0	1	1
98001	8	0	1	1
98001	9	0	1	1
98006	1	1	1	3
98006	2	1	1	3
98006	3	1	1	1
98006	4	1	1	1
98006	5	1	1	1
98006	6	1	1	1
98006	7	1	1	1
98006	8	1	1	1
98006	9	1	1	1
98007	1	1	1	1
98007	2	1	1	1
98007	3	1	1	1
98007	4	1	1	1
98007	5	1	1	1
98007	6	0	1	1
98007	7	1	1	1
98007	8	1	1	1
98007	9	1	1	1
98008	1	1	1	3
98008	2	1	1	3
98008	3	1	1	1
98008	4	1	1	1
98008	5	1	1	1
98008	6	1	1	1
98008	7	1	1	1
98008	8	1	1	1
98008	9	1	1	1
98010	1	1	1	3
98010	2	1	1	3
98010	3	1	1	1
98010	4	1	1	1
98010	5	1	1	1
98010	6	1	1	1
98010	7	1	1	1
98010	8	1	1	1
98010	9	1	1	1
98011	1	1	1	1
98011	2	1	1	1
98011	3	1	1	1
98011	4	1	1	1
98011	5	1	1	1
98011	6	1	1	1
98011	7	1	1	1
98011	8	1	1	1
98011	9	1	1	1
98012	1	0	0	4
98012	2	1	1	8
98012	3	0	1	1
98012	4	0	1	1
98012	5	1	1	1
98012	6	0	1	1
98012	7	1	1	1
98012	8	1	1	1
98012	9	1	1	1
98013	1	0	1	1
98013	2	1	1	1
98013	3	0	1	1
98013	4	1	1	1
98013	5	1	1	1
98013	6	0	1	1
98013	7	1	1	1
98013	8	0	1	1
98013	9	0	1	1
98014	1	1	1	3
98014	2	1	1	3
98014	3	1	1	3
98014	4	1	1	1
98014	5	1	1	3
98014	6	0	1	1
98014	7	1	0	3
98014	8	0	1	1
98014	9	0	1	1
98016	1	0	1	6
98016	2	1	1	5
98016	3	0	1	1
98016	4	1	1	1
98016	5	1	1	6
98016	6	0	1	6
98016	7	0	1	6
98016	8	0	1	6
98016	9	0	1	6
98018	1	1	0	3
98018	2	1	1	3
98018	3	1	1	1
98018	4	1	1	1
98018	5	1	1	3
98018	6	1	1	1
98018	7	1	1	1
98018	8	1	1	1
98018	9	1	1	1
98020	1	0	1	4
98020	2	1	1	4
98020	3	1	1	1
98020	4	1	1	1
98020	5	1	1	1
98020	6	1	1	1
98020	7	1	1	1
98020	8	1	1	1
98020	9	1	1	1
98022	1	1	1	8
98022	2	1	1	8
98022	3	1	1	1
98022	4	1	1	8
98022	5	1	1	1
98022	6	1	1	1
98022	7	1	1	1
98022	8	1	1	1
98022	9	1	1	1
98023	1	1	1	1
98023	2	1	1	1
98023	3	1	1	1
98023	4	1	1	1
98023	5	1	1	1
98023	6	1	1	1
98023	7	1	1	1
98023	8	1	1	1
98023	9	1	1	1
98024	1	1	1	4
98024	2	1	1	4
98024	3	1	1	1
98024	4	1	1	1
98024	5	1	1	1
98024	6	1	1	1
98024	7	1	1	4
98024	8	1	1	1
98024	9	1	1	1
98025	1	1	1	3
98025	2	1	1	3
98025	3	1	1	3
98025	4	1	1	1
98025	5	1	1	1
98025	6	1	1	1
98025	7	1	1	1
98025	8	1	1	1
98025	9	1	1	1
98026	1	1	1	1
98026	2	1	1	1
98026	3	1	1	1
98026	4	1	1	1
98026	5	1	1	1
98026	6	0	1	7
98026	7	0	1	7
98026	8	1	1	7
98026	9	1	1	7
98028	1	1	1	2
98028	2	1	1	2
98028	3	1	1	2
98028	4	1	1	2
98028	5	1	1	1
98028	6	1	1	1
98028	7	1	1	2
98028	8	1	1	6
98028	9	1	1	6
98029	1	0	0	7
98029	2	1	0	3
98029	3	0	0	1
98029	4	1	0	1
98029	5	1	0	1
98029	6	1	1	1
98029	7	1	0	1
98029	8	0	0	1
98029	9	0	0	1
108001	1	1	0	3
108001	2	1	1	3
108001	3	1	1	3
108001	4	1	1	1
108001	5	1	1	3
108001	6	0	1	3
108001	7	0	1	1
108001	8	0	1	1
108001	9	0	1	1
108002	1	1	1	3
108002	2	1	1	1
108002	3	1	1	1
108002	4	1	1	1
108002	5	1	1	3
108002	6	1	1	1
108002	7	1	1	1
108002	8	1	1	1
108002	9	1	1	1
108003	1	1	1	3
108003	2	1	1	3
108003	3	1	1	1
108003	4	1	1	1
108003	5	1	1	1
108003	6	1	1	1
108003	7	1	1	1
108003	8	1	1	1
108003	9	1	1	1
108004	1	1	1	3
108004	2	1	1	3
108004	3	1	1	1
108004	4	1	1	1
108004	5	1	1	1
108004	6	1	1	1
108004	7	1	1	1
108004	8	1	1	1
108004	9	1	1	1
108006	1	0	1	7
108006	2	1	1	7
108006	3	1	1	7
108006	4	1	1	1
108006	5	1	1	1
108006	6	1	1	1
108006	7	1	1	7
108006	8	1	1	1
108006	9	1	1	1
108007	1	1	1	3
108007	2	1	1	3
108007	3	1	1	3
108007	4	1	1	1
108007	5	1	1	1
108007	6	1	1	1
108007	7	1	1	1
108007	8	1	1	1
108007	9	1	1	1
108008	1	1	1	3
108008	2	1	1	3
108008	3	1	1	1
108008	4	1	1	1
108008	5	1	1	1
108008	6	1	1	1
108008	7	1	1	1
108008	8	1	1	1
108008	9	1	1	1
108009	1	1	1	7
108009	2	1	1	1
108009	3	1	1	3
108009	4	1	1	1
108009	5	1	1	3
108009	6	1	1	7
108009	7	1	1	7
108009	8	1	1	1
108009	9	1	1	1
108011	1	1	1	7
108011	2	1	1	7
108011	3	1	1	7
108011	4	1	1	1
108011	5	1	1	1
108011	6	1	1	1
108011	7	1	1	1
108011	8	1	1	1
108011	9	1	1	1
108012	1	1	1	5
108012	2	1	1	1
108012	3	0	0	5
108012	4	1	1	1
108012	5	1	1	1
108012	6	1	1	1
108012	7	1	1	5
108012	8	1	1	5
108012	9	1	1	1
108013	1	1	1	3
108013	2	1	1	1
108013	3	0	1	1
108013	4	1	1	1
108013	5	1	1	3
108013	6	1	1	1
108013	7	0	1	1
108013	8	0	1	1
108013	9	0	1	1
108015	1	1	1	7
108015	2	1	1	7
108015	3	1	1	7
108015	4	1	1	1
108015	5	1	1	7
108015	6	1	1	1
108015	7	1	1	1
108015	8	1	1	1
108015	9	1	1	1
108016	1	1	1	3
108016	2	1	1	3
108016	3	1	1	1
108016	4	1	1	1
108016	5	1	1	3
108016	6	0	1	1
108016	7	0	1	3
108016	8	0	1	1
108016	9	0	1	1
108017	1	0	0	3
108017	2	1	1	3
108017	3	1	1	1
108017	4	1	1	1
108017	5	1	1	3
108017	6	1	1	1
108017	7	1	1	1
108017	8	1	1	1
108017	9	1	1	1
108020	1	1	1	3
108020	2	1	1	3
108020	3	1	1	1
108020	4	1	1	1
108020	5	1	1	3
108020	6	1	1	1
108020	7	1	1	1
108020	8	1	1	1
108020	9	1	1	1
108021	1	1	1	3
108021	2	1	1	3
108021	3	1	1	3
108021	4	1	1	1
108021	5	1	1	3
108021	6	1	1	1
108021	7	1	1	1
108021	8	1	1	1
108021	9	1	1	1
108022	1	0	1	3
108022	2	1	1	3
108022	3	1	1	1
108022	4	1	1	1
108022	5	1	1	3
108022	6	1	1	1
108022	7	0	1	3
108022	8	1	1	1
108022	9	1	1	1
108023	1	1	1	3
108023	2	1	1	3
108023	3	1	1	1
108023	4	0	1	1
108023	5	1	1	3
108023	6	1	1	3
108023	7	0	0	3
108023	8	1	1	1
108023	9	1	1	1
108024	1	0	1	4
108024	2	1	0	4
108024	3	0	1	1
108024	4	1	1	1
108024	5	1	1	2
108024	6	1	0	4
108024	7	0	1	1
108024	8	0	1	1
108024	9	0	1	1
108025	1	0	1	3
108025	2	1	1	3
108025	3	0	1	7
108025	4	1	1	7
108025	5	1	1	7
108025	6	0	1	1
108025	7	0	1	7
108025	8	0	1	1
108025	9	0	1	1
108026	1	1	1	1
108026	2	1	1	1
108026	3	0	1	3
108026	4	1	1	1
108026	5	1	1	1
108026	6	1	1	1
108026	7	1	1	1
108026	8	1	1	3
108026	9	1	1	3
108027	1	1	1	1
108027	2	1	1	1
108027	3	1	1	1
108027	4	1	1	1
108027	5	1	1	1
108027	6	1	1	1
108027	7	1	1	1
108027	8	1	1	1
108027	9	1	1	1
108028	1	0	1	3
108028	2	1	1	3
108028	3	1	1	3
108028	4	1	1	1
108028	5	1	1	3
108028	6	1	1	3
108028	7	1	1	3
108028	8	1	1	1
108028	9	1	1	1
108029	1	1	0	3
108029	2	0	1	3
108029	3	0	1	1
108029	4	1	1	1
108029	5	1	1	1
108029	6	1	1	3
108029	7	0	1	3
108029	8	0	1	1
108029	9	0	1	1
118001	1	1	1	7
118001	2	1	1	7
118001	3	1	1	7
118001	4	1	1	1
118001	5	1	1	1
118001	6	1	1	1
118001	7	1	1	1
118001	8	1	1	1
118001	9	1	1	1
118002	1	1	1	3
118002	2	1	1	3
118002	3	1	1	1
118002	4	1	1	3
118002	5	1	1	3
118002	6	1	1	1
118002	7	1	1	3
118002	8	1	1	1
118002	9	1	1	1
118003	1	1	1	2
118003	2	1	1	1
118003	3	1	1	2
118003	4	1	1	1
118003	5	1	1	2
118003	6	0	1	2
118003	7	1	1	1
118003	8	1	1	1
118003	9	0	1	1
118004	1	1	1	3
118004	2	1	1	3
118004	3	1	1	3
118004	4	1	1	1
118004	5	1	1	3
118004	6	1	1	3
118004	7	1	1	3
118004	8	1	1	3
118004	9	1	1	3
118005	1	0	1	8
118005	2	1	1	8
118005	3	0	1	1
118005	4	0	1	1
118005	5	1	1	1
118005	6	0	1	1
118005	7	0	1	1
118005	8	1	1	1
118005	9	0	1	1
118006	1	0	0	3
118006	2	0	0	3
118006	3	1	1	2
118006	4	1	1	1
118006	5	1	1	1
118006	6	1	1	1
118006	7	1	1	1
118006	8	1	1	1
118006	9	1	1	1
118007	1	1	1	2
118007	2	1	1	2
118007	3	1	1	2
118007	4	1	1	2
118007	5	1	1	2
118007	6	1	1	2
118007	7	1	1	2
118007	8	1	1	2
118007	9	1	1	2
118009	1	0	0	3
118009	2	0	0	3
118009	3	0	0	3
118009	4	1	1	3
118009	5	0	0	1
118009	6	0	1	1
118009	7	0	1	1
118009	8	0	1	1
118009	9	0	1	1
118010	1	 	 	 
118010	2	 	 	 
118010	3	 	 	 
118010	4	 	 	 
118010	5	 	 	 
118010	6	 	 	 
118010	7	 	 	 
118010	8	 	 	 
118010	9	 	 	 
118011	1	1	1	6
118011	2	1	1	1
118011	3	1	1	6
118011	4	1	1	6
118011	5	1	1	1
118011	6	1	1	6
118011	7	1	1	6
118011	8	1	1	6
118011	9	1	1	6
118013	1	0	1	1
118013	2	0	1	1
118013	3	0	1	1
118013	4	1	1	1
118013	5	0	1	1
118013	6	0	1	1
118013	7	1	1	1
118013	8	0	1	1
118013	9	0	1	1
118014	1	1	0	3
118014	2	1	0	3
118014	3	1	1	1
118014	4	1	1	1
118014	5	1	1	1
118014	6	1	1	1
118014	7	1	1	1
118014	8	1	1	1
118014	9	1	1	1
118015	1	1	1	1
118015	2	1	1	1
118015	3	1	1	1
118015	4	1	1	1
118015	5	1	1	1
118015	6	1	1	1
118015	7	1	1	1
118015	8	1	1	1
118015	9	1	1	1
118017	1	1	1	1
118017	2	1	1	1
118017	3	1	1	1
118017	4	1	1	1
118017	5	1	1	1
118017	6	1	1	1
118017	7	1	1	1
118017	8	1	1	1
118017	9	1	1	1
118018	1	0	0	4
118018	2	1	1	4
118018	3	0	1	4
118018	4	1	1	1
118018	5	1	1	1
118018	6	1	1	1
118018	7	0	1	4
118018	8	0	1	4
118018	9	1	1	1
118020	1	1	1	6
118020	2	1	1	6
118020	3	1	1	1
118020	4	1	1	1
118020	5	1	1	1
118020	6	1	1	1
118020	7	1	1	6
118020	8	1	1	1
118020	9	1	1	1
118022	1	1	1	1
118022	2	1	1	1
118022	3	1	1	1
118022	4	1	1	1
118022	5	1	1	1
118022	6	1	1	1
118022	7	1	1	1
118022	8	0	1	1
118022	9	0	1	1
118023	1	1	1	1
118023	2	1	1	1
118023	3	1	1	1
118023	4	1	1	1
118023	5	1	1	1
118023	6	1	1	1
118023	7	1	1	1
118023	8	0	1	1
118023	9	0	1	1
118024	1	1	1	1
118024	2	1	1	1
118024	3	1	1	1
118024	4	1	1	1
118024	5	1	1	1
118024	6	1	1	1
118024	7	1	1	1
118024	8	1	1	1
118024	9	1	1	1
118027	1	1	1	6
118027	2	1	1	6
118027	3	1	1	1
118027	4	1	1	6
118027	5	1	1	1
118027	6	1	1	1
118027	7	1	1	6
118027	8	1	1	1
118027	9	1	1	6
118028	1	0	1	1
118028	2	1	1	1
118028	3	1	1	7
118028	4	1	1	1
118028	5	1	1	1
118028	6	1	1	1
118028	7	1	1	1
118028	8	0	1	2
118028	9	0	1	2
118029	1	1	1	4
118029	2	1	1	4
118029	3	1	1	3
118029	4	1	1	1
118029	5	1	1	3
118029	6	1	1	3
118029	7	1	1	3
118029	8	1	1	1
118029	9	1	1	1
118030	1	1	1	1
118030	2	0	1	4
118030	3	1	1	1
118030	4	1	1	1
118030	5	1	1	1
118030	6	1	1	1
118030	7	1	1	1
118030	8	1	1	1
118030	9	1	1	1
128002	1	0	1	4
128002	2	1	1	4
128002	3	1	0	6
128002	4	1	1	2
128002	5	1	1	1
128002	6	1	0	2
128002	7	1	1	6
128002	8	1	1	1
128002	9	1	0	6
128003	1	0	1	3
128003	2	1	1	3
128003	3	1	1	1
128003	4	1	1	1
128003	5	1	1	1
128003	6	0	1	1
128003	7	0	1	1
128003	8	0	1	1
128003	9	0	1	1
128004	1	1	1	3
128004	2	1	1	3
128004	3	1	1	1
128004	4	0	1	1
128004	5	1	1	3
128004	6	1	1	1
128004	7	1	1	1
128004	8	0	1	1
128004	9	0	1	1
128006	1	0	1	3
128006	2	1	1	3
128006	3	0	1	3
128006	4	1	1	1
128006	5	1	1	3
128006	6	0	0	1
128006	7	0	0	1
128006	8	0	1	1
128006	9	0	1	1
128007	1	0	0	1
128007	2	0	0	4
128007	3	0	1	1
128007	4	1	1	1
128007	5	1	1	1
128007	6	0	0	1
128007	7	1	1	1
128007	8	0	0	1
128007	9	0	0	1
128008	1	0	1	3
128008	2	1	1	3
128008	3	0	1	1
128008	4	1	1	1
128008	5	1	1	1
128008	6	0	1	1
128008	7	0	1	1
128008	8	0	1	1
128008	9	0	1	1
128009	1	0	0	3
128009	2	1	1	3
128009	3	1	1	1
128009	4	1	1	1
128009	5	1	1	1
128009	6	1	1	1
128009	7	1	1	1
128009	8	1	1	1
128009	9	1	1	1
128010	1	0	1	1
128010	2	1	1	1
128010	3	0	1	1
128010	4	1	1	1
128010	5	0	1	1
128010	6	0	1	1
128010	7	0	1	1
128010	8	0	1	1
128010	9	1	1	1
128011	1	0	0	6
128011	2	1	0	4
128011	3	1	1	3
128011	4	1	1	1
128011	5	1	1	1
128011	6	0	0	8
128011	7	1	1	7
128011	8	0	1	1
128011	9	1	1	1
128012	1	0	0	3
128012	2	1	0	2
128012	3	0	1	1
128012	4	1	1	1
128012	5	0	1	7
128012	6	0	1	1
128012	7	0	1	1
128012	8	0	1	1
128012	9	0	1	1
128013	1	1	0	3
128013	2	1	1	7
128013	3	1	1	1
128013	4	1	1	1
128013	5	1	1	1
128013	6	0	1	1
128013	7	1	1	1
128013	8	1	1	1
128013	9	1	1	1
128014	1	0	1	3
128014	2	1	1	7
128014	3	1	1	1
128014	4	1	1	1
128014	5	0	1	1
128014	6	0	1	1
128014	7	0	1	1
128014	8	0	1	1
128014	9	0	1	1
128016	1	0	1	3
128016	2	1	1	3
128016	3	1	1	1
128016	4	1	1	1
128016	5	1	1	1
128016	6	1	1	1
128016	7	0	1	1
128016	8	0	1	1
128016	9	0	1	1
128019	1	1	0	3
128019	2	1	1	4
128019	3	0	1	1
128019	4	1	1	1
128019	5	1	1	1
128019	6	1	1	1
128019	7	0	1	1
128019	8	0	1	1
128019	9	0	1	1
128020	1	0	0	3
128020	2	1	1	9
128020	3	1	1	1
128020	4	1	1	1
128020	5	1	1	1
128020	6	0	1	1
128020	7	1	1	6
128020	8	0	1	1
128020	9	1	1	1
128021	1	1	1	3
128021	2	1	1	3
128021	3	1	1	1
128021	4	1	1	1
128021	5	1	1	3
128021	6	1	1	1
128021	7	1	1	1
128021	8	0	1	1
128021	9	0	1	1
128022	1	0	0	3
128022	2	0	0	3
128022	3	1	1	1
128022	4	1	1	1
128022	5	1	1	1
128022	6	0	1	1
128022	7	0	1	1
128022	8	0	1	1
128022	9	0	1	1
128023	1	1	1	3
128023	2	1	1	1
128023	3	1	1	1
128023	4	1	1	1
128023	5	1	1	1
128023	6	1	1	1
128023	7	1	1	1
128023	8	0	1	1
128023	9	0	1	1
128024	1	0	1	3
128024	2	1	1	3
128024	3	0	1	8
128024	4	1	1	1
128024	5	0	1	3
128024	6	0	1	1
128024	7	0	1	7
128024	8	0	1	1
128024	9	0	1	1
128025	1	1	1	4
128025	2	1	0	4
128025	3	1	1	1
128025	4	1	1	1
128025	5	1	1	1
128025	6	0	1	1
128025	7	1	1	1
128025	8	0	1	1
128025	9	0	1	1
128026	1	1	1	3
128026	2	0	0	3
128026	3	0	0	1
128026	4	1	1	1
128026	5	1	1	1
128026	6	1	1	1
128026	7	0	1	7
128026	8	1	1	1
128026	9	1	1	1
128028	1	1	0	3
128028	2	1	0	3
128028	3	1	0	3
128028	4	1	1	3
128028	5	1	0	3
128028	6	0	0	3
128028	7	0	1	1
128028	8	0	1	1
128028	9	0	1	1
128030	1	1	0	3
128030	2	1	0	3
128030	3	1	1	1
128030	4	1	1	1
128030	5	1	1	1
128030	6	0	0	1
128030	7	0	1	1
128030	8	0	1	1
128030	9	0	1	1
128031	1	1	1	3
128031	2	1	1	3
128031	3	1	1	1
128031	4	1	1	1
128031	5	1	1	1
128031	6	1	1	1
128031	7	0	1	1
128031	8	1	1	1
128031	9	1	1	1
128032	1	1	1	3
128032	2	1	1	3
128032	3	1	1	1
128032	4	0	0	1
128032	5	1	1	1
128032	6	1	1	1
128032	7	1	1	1
128032	8	1	1	1
128032	9	1	1	1
128033	1	1	0	3
128033	2	1	1	7
128033	3	1	1	1
128033	4	1	1	1
128033	5	1	1	7
128033	6	0	1	1
128033	7	0	1	1
128033	8	0	1	1
128033	9	0	1	1
128034	1	0	1	3
128034	2	1	0	3
128034	3	1	1	1
128034	4	1	1	1
128034	5	1	1	1
128034	6	0	1	1
128034	7	1	1	1
128034	8	0	1	1
128034	9	0	1	1
128037	1	1	1	2
128037	2	0	0	2
128037	3	1	1	1
128037	4	1	1	1
128037	5	1	1	1
128037	6	0	1	1
128037	7	1	1	1
128037	8	0	1	1
128037	9	1	1	6
128038	1	0	1	3
128038	2	1	1	3
128038	3	0	1	1
128038	4	1	1	1
128038	5	1	1	1
128038	6	1	1	1
128038	7	0	1	1
128038	8	0	1	1
128038	9	0	1	1
128039	1	1	0	3
128039	2	1	1	3
128039	3	0	1	3
128039	4	1	1	1
128039	5	1	1	3
128039	6	0	1	1
128039	7	0	1	3
128039	8	0	1	1
128039	9	0	1	1
128040	1	1	1	2
128040	2	1	1	2
128040	3	1	1	2
128040	4	0	0	2
128040	5	1	1	1
128040	6	0	1	1
128040	7	1	1	2
128040	8	1	1	2
128040	9	1	1	1
128041	1	0	1	3
128041	2	1	0	3
128041	3	0	1	3
128041	4	1	1	1
128041	5	1	1	1
128041	6	0	1	1
128041	7	0	1	3
128041	8	0	1	1
128041	9	0	0	1
128042	1	1	0	3
128042	2	1	1	3
128042	3	1	1	1
128042	4	1	1	1
128042	5	1	1	1
128042	6	1	1	1
128042	7	0	1	1
128042	8	0	1	1
128042	9	0	1	1
128043	1	1	1	3
128043	2	1	1	3
128043	3	1	1	3
128043	4	1	1	1
128043	5	1	1	1
128043	6	0	1	1
128043	7	1	1	3
128043	8	0	1	1
128043	9	0	1	1
128044	1	 	 	 
128044	2	 	 	 
128044	3	 	 	 
128044	4	 	 	 
128044	5	 	 	 
128044	6	 	 	 
128044	7	 	 	 
128044	8	 	 	 
128044	9	 	 	 
128045	1	0	0	3
128045	2	1	1	3
128045	3	1	1	1
128045	4	1	1	1
128045	5	1	1	3
128045	6	1	1	1
128045	7	0	1	1
128045	8	0	1	1
128045	9	0	1	1
128046	1	1	1	3
128046	2	1	0	3
128046	3	1	1	1
128046	4	1	1	1
128046	5	1	1	3
128046	6	0	1	1
128046	7	0	1	1
128046	8	0	1	1
128046	9	0	1	1
128047	1	0	1	6
128047	2	0	1	2
128047	3	0	1	1
128047	4	0	1	6
128047	5	1	1	1
128047	6	0	1	1
128047	7	1	1	6
128047	8	0	1	6
128047	9	0	1	6
128048	1	1	1	3
128048	2	1	0	3
128048	3	1	1	1
128048	4	1	1	1
128048	5	0	1	1
128048	6	0	1	3
128048	7	1	1	1
128048	8	0	1	1
128048	9	0	1	1
128049	1	0	1	3
128049	2	1	0	3
128049	3	1	1	4
128049	4	1	1	1
128049	5	1	1	1
128049	6	0	0	3
128049	7	0	0	3
128049	8	0	1	1
128049	9	0	1	1
128050	1	1	1	7
128050	2	1	1	3
128050	3	1	1	1
128050	4	1	1	1
128050	5	1	1	1
128050	6	1	1	1
128050	7	1	1	1
128050	8	1	1	1
128050	9	1	1	1
128051	1	1	1	3
128051	2	1	1	3
128051	3	1	1	1
128051	4	1	1	1
128051	5	1	1	1
128051	6	1	1	1
128051	7	1	1	1
128051	8	0	1	1
128051	9	0	1	1
138002	1	1	1	7
138002	2	1	1	7
138002	3	1	1	1
138002	4	1	1	1
138002	5	1	1	7
138002	6	1	1	1
138002	7	1	1	7
138002	8	1	1	1
138002	9	1	1	1
138004	1	1	1	4
138004	2	1	1	8
138004	3	1	1	1
138004	4	1	1	1
138004	5	1	1	1
138004	6	1	1	1
138004	7	1	1	1
138004	8	1	1	1
138004	9	1	1	1
138005	1	1	1	8
138005	2	1	0	3
138005	3	1	1	1
138005	4	1	1	1
138005	5	1	1	3
138005	6	0	1	1
138005	7	0	1	1
138005	8	0	1	1
138005	9	0	1	1
138007	1	1	1	7
138007	2	1	1	7
138007	3	1	1	7
138007	4	1	1	1
138007	5	1	1	1
138007	6	1	1	1
138007	7	1	1	1
138007	8	1	1	1
138007	9	1	1	1
138008	1	1	1	3
138008	2	1	1	7
138008	3	0	1	1
138008	4	0	1	1
138008	5	0	0	1
138008	6	0	0	1
138008	7	1	1	7
138008	8	0	1	1
138008	9	0	1	1
138009	1	1	1	3
138009	2	1	1	3
138009	3	1	1	1
138009	4	1	1	1
138009	5	1	1	1
138009	6	1	1	1
138009	7	0	1	3
138009	8	1	1	1
138009	9	1	1	1
138011	1	1	1	3
138011	2	1	1	3
138011	3	1	1	1
138011	4	1	1	1
138011	5	0	1	1
138011	6	0	1	1
138011	7	0	1	1
138011	8	0	1	1
138011	9	0	1	6
138012	1	0	0	3
138012	2	1	1	3
138012	3	1	1	3
138012	4	1	1	1
138012	5	1	1	1
138012	6	1	1	1
138012	7	1	1	1
138012	8	1	1	3
138012	9	1	1	3
138013	1	1	1	3
138013	2	1	1	8
138013	3	0	1	1
138013	4	0	1	1
138013	5	0	1	1
138013	6	0	1	1
138013	7	1	1	7
138013	8	0	1	1
138013	9	0	1	1
138014	1	1	1	3
138014	2	1	1	3
138014	3	1	1	1
138014	4	1	1	1
138014	5	1	1	1
138014	6	1	1	1
138014	7	1	1	1
138014	8	1	1	1
138014	9	1	1	1
138015	1	0	1	1
138015	2	1	1	1
138015	3	1	1	2
138015	4	1	1	2
138015	5	1	1	1
138015	6	0	1	2
138015	7	1	1	2
138015	8	0	1	2
138015	9	1	1	2
138016	1	1	1	6
138016	2	0	0	2
138016	3	1	1	1
138016	4	1	1	6
138016	5	1	1	6
138016	6	1	1	6
138016	7	1	1	6
138016	8	1	1	6
138016	9	1	1	6
138017	1	1	1	3
138017	2	1	1	7
138017	3	0	1	7
138017	4	0	1	6
138017	5	0	0	1
138017	6	0	1	7
138017	7	0	0	7
138017	8	0	1	6
138017	9	1	1	6
138018	1	1	1	7
138018	2	1	1	7
138018	3	1	1	6
138018	4	1	1	6
138018	5	1	1	1
138018	6	1	1	6
138018	7	1	1	8
138018	8	1	1	6
138018	9	1	1	6
138020	1	0	1	3
138020	2	1	1	1
138020	3	0	1	1
138020	4	1	1	1
138020	5	1	1	1
138020	6	1	1	1
138020	7	1	1	1
138020	8	1	1	1
138020	9	1	1	1
138021	1	1	1	1
138021	2	1	1	1
138021	3	1	1	1
138021	4	1	1	1
138021	5	1	1	1
138021	6	0	1	1
138021	7	1	1	1
138021	8	0	1	1
138021	9	0	1	1
138022	1	0	1	3
138022	2	0	1	3
138022	3	0	1	3
138022	4	0	1	3
138022	5	1	1	1
138022	6	1	1	1
138022	7	1	1	1
138022	8	1	1	1
138022	9	1	1	1
138023	1	0	1	1
138023	2	1	1	1
138023	3	1	1	1
138023	4	1	1	1
138023	5	1	1	1
138023	6	1	1	1
138023	7	1	1	1
138023	8	0	1	1
138023	9	1	1	1
138024	1	0	0	3
138024	2	1	1	3
138024	3	1	1	1
138024	4	0	1	6
138024	5	1	1	6
138024	6	1	1	1
138024	7	1	1	6
138024	8	0	1	6
138024	9	1	1	6
138025	1	1	1	3
138025	2	1	0	3
138025	3	1	1	1
138025	4	1	1	1
138025	5	0	1	1
138025	6	1	1	1
138025	7	1	1	3
138025	8	0	1	1
138025	9	0	1	1
138027	1	1	1	3
138027	2	1	1	3
138027	3	0	1	1
138027	4	1	1	1
138027	5	1	1	1
138027	6	0	1	1
138027	7	1	1	2
138027	8	0	1	1
138027	9	0	1	1
138028	1	1	1	3
138028	2	1	1	3
138028	3	1	1	1
138028	4	1	1	1
138028	5	1	1	1
138028	6	1	1	1
138028	7	1	1	3
138028	8	1	1	1
138028	9	1	1	1
138029	1	1	1	1
138029	2	1	1	1
138029	3	1	1	1
138029	4	1	1	1
138029	5	1	1	1
138029	6	1	1	1
138029	7	1	1	1
138029	8	1	1	1
138029	9	1	1	1
138030	1	1	1	6
138030	2	1	1	1
138030	3	1	1	1
138030	4	1	1	1
138030	5	1	1	1
138030	6	0	0	1
138030	7	0	0	6
138030	8	0	0	1
138030	9	0	0	6
138031	1	1	1	6
138031	2	1	1	1
138031	3	1	1	6
138031	4	0	1	6
138031	5	0	0	1
138031	6	0	1	6
138031	7	0	1	6
138031	8	1	1	6
138031	9	1	1	6
138032	1	0	0	3
138032	2	0	0	3
138032	3	1	1	1
138032	4	1	1	1
138032	5	1	1	1
138032	6	1	1	1
138032	7	1	1	1
138032	8	1	1	7
138032	9	1	1	1
138033	1	0	1	2
138033	2	1	1	2
138033	3	1	1	1
138033	4	1	1	1
138033	5	1	1	1
138033	6	1	1	1
138033	7	1	1	1
138033	8	1	1	1
138033	9	1	1	1
138035	1	1	0	3
138035	2	1	0	3
138035	3	0	1	1
138035	4	1	1	1
138035	5	1	1	1
138035	6	1	1	1
138035	7	0	1	1
138035	8	0	1	1
138035	9	0	1	6
138036	1	0	0	3
138036	2	1	1	3
138036	3	0	1	1
138036	4	0	1	1
138036	5	1	1	1
138036	6	1	1	1
138036	7	0	1	1
138036	8	0	1	1
138036	9	0	1	1
138037	1	1	1	3
138037	2	1	1	1
138037	3	1	1	1
138037	4	1	1	1
138037	5	1	1	1
138037	6	1	1	1
138037	7	1	1	1
138037	8	1	1	1
138037	9	1	1	1
138038	1	1	1	3
138038	2	1	1	3
138038	3	1	1	1
138038	4	1	1	1
138038	5	1	1	1
138038	6	1	1	1
138038	7	1	1	1
138038	8	1	1	1
138038	9	1	1	1
138039	1	1	1	6
138039	2	1	1	6
138039	3	1	1	6
138039	4	1	1	6
138039	5	1	1	6
138039	6	1	1	6
138039	7	1	1	6
138039	8	1	1	6
138039	9	1	1	6
138040	1	1	1	8
138040	2	0	1	4
138040	3	1	1	1
138040	4	1	1	1
138040	5	1	1	1
138040	6	1	1	1
138040	7	1	1	1
138040	8	1	1	1
138040	9	1	1	1
138041	1	1	0	3
138041	2	1	0	3
138041	3	1	1	1
138041	4	1	1	1
138041	5	1	1	1
138041	6	1	1	1
138041	7	1	1	1
138041	8	1	1	1
138041	9	1	1	1
138042	1	1	1	6
138042	2	1	1	6
138042	3	1	1	6
138042	4	1	1	6
138042	5	1	1	6
138042	6	1	1	6
138042	7	1	1	6
138042	8	1	1	6
138042	9	1	1	6
138044	1	1	1	3
138044	2	1	1	7
138044	3	1	1	7
138044	4	1	1	1
138044	5	1	1	7
138044	6	1	1	3
138044	7	1	1	1
138044	8	1	1	1
138044	9	1	1	1
138045	1	1	1	3
138045	2	1	1	3
138045	3	1	1	3
138045	4	1	1	1
138045	5	1	1	1
138045	6	1	1	1
138045	7	1	1	1
138045	8	1	1	1
138045	9	1	1	1
138046	1	1	0	3
138046	2	1	1	7
138046	3	1	1	2
138046	4	1	1	1
138046	5	1	1	2
138046	6	0	0	88
138046	7	1	1	2
138046	8	1	1	2
138046	9	1	1	2
138047	1	1	1	3
138047	2	1	1	3
138047	3	0	1	1
138047	4	1	1	1
138047	5	1	1	1
138047	6	0	1	1
138047	7	1	1	1
138047	8	0	1	1
138047	9	0	1	1
138048	1	1	1	7
138048	2	1	1	3
138048	3	1	1	1
138048	4	1	1	1
138048	5	1	1	1
138048	6	1	1	1
138048	7	1	1	7
138048	8	1	1	7
138048	9	1	1	7
138049	1	1	1	3
138049	2	1	1	3
138049	3	1	1	1
138049	4	1	1	1
138049	5	1	1	1
138049	6	1	1	1
138049	7	1	1	1
138049	8	1	1	1
138049	9	1	1	1
138050	1	0	1	4
138050	2	0	1	4
138050	3	1	1	1
138050	4	1	1	1
138050	5	1	1	1
138050	6	1	1	1
138050	7	1	1	1
138050	8	1	1	1
138050	9	1	1	1
138051	1	1	1	3
138051	2	1	1	3
138051	3	1	1	1
138051	4	1	1	1
138051	5	1	1	1
138051	6	1	1	1
138051	7	1	1	1
138051	8	1	1	1
138051	9	1	1	1
138053	1	0	0	9
138053	2	0	0	9
138053	3	1	1	1
138053	4	1	1	1
138053	5	1	1	1
138053	6	1	1	1
138053	7	1	1	1
138053	8	1	1	6
138053	9	1	1	6
148001	1	1	1	3
148001	2	1	1	3
148001	3	1	1	4
148001	4	1	1	1
148001	5	0	1	1
148001	6	0	1	1
148001	7	0	1	1
148001	8	0	1	1
148001	9	0	1	1
148002	1	0	1	3
148002	2	1	1	3
148002	3	0	1	1
148002	4	1	1	1
148002	5	1	1	1
148002	6	1	1	1
148002	7	0	1	3
148002	8	0	1	1
148002	9	0	1	1
148003	1	1	1	4
148003	2	1	1	3
148003	3	1	1	1
148003	4	1	1	1
148003	5	0	1	1
148003	6	1	1	1
148003	7	1	1	3
148003	8	1	1	1
148003	9	1	1	1
148004	1	1	1	6
148004	2	1	1	1
148004	3	0	1	6
148004	4	0	1	6
148004	5	1	1	6
148004	6	0	1	6
148004	7	0	1	6
148004	8	1	1	1
148004	9	0	1	6
148005	1	0	0	3
148005	2	1	1	3
148005	3	1	1	1
148005	4	1	1	1
148005	5	1	1	1
148005	6	1	1	1
148005	7	0	1	3
148005	8	0	1	1
148005	9	0	0	1
148006	1	1	1	7
148006	2	1	1	7
148006	3	1	1	1
148006	4	1	1	1
148006	5	1	1	7
148006	6	0	1	1
148006	7	1	1	1
148006	8	0	1	1
148006	9	0	1	1
148007	1	1	0	3
148007	2	1	0	3
148007	3	1	1	1
148007	4	1	1	1
148007	5	1	1	3
148007	6	0	1	1
148007	7	0	1	1
148007	8	0	1	1
148007	9	1	1	1
148008	1	0	0	88
148008	2	1	0	7
148008	3	1	1	7
148008	4	1	1	1
148008	5	1	1	7
148008	6	0	0	88
148008	7	0	1	7
148008	8	0	1	1
148008	9	0	1	1
148011	1	1	1	6
148011	2	1	1	2
148011	3	1	1	1
148011	4	1	1	1
148011	5	1	1	6
148011	6	1	1	6
148011	7	1	1	6
148011	8	1	1	6
148011	9	1	1	6
148012	1	1	1	3
148012	2	1	1	3
148012	3	0	1	3
148012	4	0	1	3
148012	5	0	1	3
148012	6	1	1	3
148012	7	1	1	3
148012	8	1	1	1
148012	9	1	1	1
148013	1	1	0	3
148013	2	1	1	3
148013	3	1	1	3
148013	4	0	1	3
148013	5	1	1	1
148013	6	0	1	1
148013	7	1	1	3
148013	8	0	1	1
148013	9	0	1	1
148014	1	1	1	3
148014	2	1	0	3
148014	3	1	1	1
148014	4	1	1	1
148014	5	1	1	1
148014	6	1	1	1
148014	7	1	1	1
148014	8	1	1	1
148014	9	1	1	1
148015	1	1	1	1
148015	2	1	1	1
148015	3	0	0	88
148015	4	1	1	1
148015	5	1	1	1
148015	6	0	0	88
148015	7	1	1	1
148015	8	1	1	1
148015	9	1	1	1
148016	1	1	0	3
148016	2	1	1	3
148016	3	1	1	1
148016	4	1	1	1
148016	5	1	1	1
148016	6	1	1	1
148016	7	1	1	1
148016	8	1	1	6
148016	9	1	1	6
148018	1	1	1	3
148018	2	1	0	3
148018	3	1	0	2
148018	4	1	1	1
148018	5	1	1	2
148018	6	1	1	1
148018	7	0	1	1
148018	8	0	1	1
148018	9	0	1	1
148019	1	1	1	3
148019	2	1	1	3
148019	3	1	1	1
148019	4	1	1	1
148019	5	1	1	3
148019	6	1	1	3
148019	7	1	1	1
148019	8	1	1	1
148019	9	1	1	1
148020	1	1	1	3
148020	2	1	1	8
148020	3	1	1	8
148020	4	1	1	1
148020	5	1	1	1
148020	6	1	1	1
148020	7	1	1	1
148020	8	0	1	1
148020	9	0	1	1
148021	1	1	1	3
148021	2	1	1	1
148021	3	1	1	1
148021	4	1	1	1
148021	5	1	1	1
148021	6	1	1	1
148021	7	1	1	1
148021	8	1	1	1
148021	9	1	1	1
148022	1	0	0	88
148022	2	1	1	3
148022	3	0	0	88
148022	4	0	0	88
148022	5	1	1	3
148022	6	1	1	1
148022	7	0	1	1
148022	8	1	1	1
148022	9	1	1	1
148023	1	0	0	88
148023	2	1	1	1
148023	3	0	0	88
148023	4	1	1	6
148023	5	1	1	1
148023	6	1	1	6
148023	7	1	1	6
148023	8	1	1	6
148023	9	0	0	88
148024	1	1	1	2
148024	2	1	1	2
148024	3	1	1	2
148024	4	1	1	2
148024	5	1	1	2
148024	6	1	1	2
148024	7	1	1	2
148024	8	1	1	3
148024	9	1	1	2
148025	1	1	1	3
148025	2	1	1	2
148025	3	0	1	1
148025	4	1	1	1
148025	5	0	1	1
148025	6	0	1	1
148025	7	0	1	1
148025	8	1	1	3
148025	9	1	1	1
148026	1	0	1	3
148026	2	0	1	3
148026	3	0	1	3
148026	4	0	0	3
148026	5	0	0	3
148026	6	0	1	1
148026	7	0	1	1
148026	8	0	1	1
148026	9	0	1	1
148027	1	1	1	3
148027	2	1	0	3
148027	3	1	1	7
148027	4	1	1	1
148027	5	1	0	3
148027	6	1	0	1
148027	7	1	0	3
148027	8	0	0	88
148027	9	0	1	1
148028	1	1	1	4
148028	2	1	0	4
148028	3	1	1	1
148028	4	1	1	1
148028	5	1	1	1
148028	6	1	1	1
148028	7	1	1	1
148028	8	1	1	1
148028	9	1	1	1
148029	1	1	0	3
148029	2	1	0	3
148029	3	1	1	7
148029	4	1	1	1
148029	5	1	1	1
148029	6	1	1	1
148029	7	1	1	1
148029	8	1	1	1
148029	9	1	1	1
148030	1	0	1	3
148030	2	1	1	2
148030	3	0	1	1
148030	4	1	1	1
148030	5	0	1	1
148030	6	1	1	1
148030	7	0	1	1
148030	8	0	1	1
148030	9	0	1	1
148031	1	1	1	3
148031	2	1	1	7
148031	3	1	1	1
148031	4	1	1	1
148031	5	1	1	1
148031	6	1	1	1
148031	7	1	1	1
148031	8	1	1	1
148031	9	1	1	1
148033	1	0	1	3
148033	2	1	1	3
148033	3	1	1	1
148033	4	1	1	1
148033	5	1	1	1
148033	6	1	1	1
148033	7	1	1	1
148033	8	1	1	1
148033	9	1	1	1
148034	1	1	1	7
148034	2	1	0	3
148034	3	1	1	1
148034	4	1	1	1
148034	5	1	1	1
148034	6	1	1	1
148034	7	0	1	1
148034	8	1	1	1
148034	9	1	1	1
148035	1	0	1	3
148035	2	0	1	3
148035	3	1	1	1
148035	4	1	1	1
148035	5	1	1	1
148035	6	1	1	1
148035	7	1	1	1
148035	8	1	1	1
148035	9	1	1	2
148036	1	0	0	3
148036	2	1	0	3
148036	3	1	1	1
148036	4	1	1	1
148036	5	1	0	3
148036	6	1	1	1
148036	7	0	0	3
148036	8	0	1	1
148036	9	0	1	1
148038	1	1	1	1
148038	2	1	1	1
148038	3	0	1	1
148038	4	1	1	1
148038	5	1	1	1
148038	6	1	1	1
148038	7	1	1	1
148038	8	1	1	1
148038	9	1	1	1
148039	1	1	1	3
148039	2	1	1	3
148039	3	0	1	1
148039	4	0	1	1
148039	5	0	1	1
148039	6	0	1	1
148039	7	0	1	1
148039	8	0	1	1
148039	9	0	1	1
148040	1	0	1	3
148040	2	1	1	7
148040	3	0	1	1
148040	4	1	1	1
148040	5	1	1	7
148040	6	1	1	7
148040	7	0	1	1
148040	8	0	1	1
148040	9	0	1	1
148041	1	0	1	7
148041	2	0	1	7
148041	3	0	1	7
148041	4	1	1	1
148041	5	1	1	1
148041	6	1	1	1
148041	7	1	1	7
148041	8	1	1	1
148041	9	0	1	1
148042	1	0	0	3
148042	2	1	1	7
148042	3	1	1	1
148042	4	1	1	1
148042	5	1	1	1
148042	6	0	1	7
148042	7	0	1	1
148042	8	1	1	1
148042	9	0	1	1
148043	1	1	1	6
148043	2	1	1	6
148043	3	1	1	6
148043	4	1	1	6
148043	5	1	1	6
148043	6	1	1	6
148043	7	1	1	6
148043	8	1	1	6
148043	9	1	1	6
148044	1	1	0	3
148044	2	1	0	3
148044	3	1	1	1
148044	4	1	1	1
148044	5	1	1	1
148044	6	1	1	1
148044	7	0	1	1
148044	8	0	1	1
148044	9	0	1	1
148046	1	1	1	1
148046	2	1	1	1
148046	3	1	1	1
148046	4	1	1	1
148046	5	1	1	1
148046	6	1	1	1
148046	7	1	0	1
148046	8	1	1	6
148046	9	1	1	1
148047	1	1	1	6
148047	2	1	1	1
148047	3	1	1	1
148047	4	1	1	1
148047	5	1	1	6
148047	6	0	1	1
148047	7	1	1	6
148047	8	1	1	6
148047	9	1	1	1
148048	1	1	1	3
148048	2	1	1	3
148048	3	1	1	1
148048	4	0	1	1
148048	5	1	1	1
148048	6	1	1	1
148048	7	0	0	1
148048	8	0	1	1
148048	9	0	1	1
148049	1	0	1	3
148049	2	1	1	3
148049	3	0	1	1
148049	4	1	1	1
148049	5	1	1	1
148049	6	1	1	1
148049	7	1	1	1
148049	8	1	1	1
148049	9	1	1	1
148051	1	0	1	3
148051	2	1	1	3
148051	3	0	1	1
148051	4	0	1	1
148051	5	0	1	3
148051	6	0	1	1
148051	7	0	1	1
148051	8	0	1	1
148051	9	0	1	1
158001	1	0	1	6
158001	2	1	0	2
158001	3	1	1	1
158001	4	1	1	6
158001	5	1	1	1
158001	6	1	1	1
158001	7	1	1	2
158001	8	1	1	2
158001	9	1	1	2
158002	1	1	1	6
158002	2	1	1	6
158002	3	1	1	6
158002	4	1	1	6
158002	5	1	1	6
158002	6	1	1	6
158002	7	1	1	6
158002	8	1	1	6
158002	9	1	1	6
158003	1	0	1	6
158003	2	1	1	6
158003	3	0	1	6
158003	4	1	1	1
158003	5	1	1	6
158003	6	0	0	5
158003	7	1	1	6
158003	8	0	1	6
158003	9	0	1	6
158005	1	1	1	3
158005	2	1	1	1
158005	3	1	1	1
158005	4	1	1	1
158005	5	1	1	1
158005	6	0	0	88
158005	7	1	1	1
158005	8	1	1	1
158005	9	1	1	1
158006	1	0	1	1
158006	2	1	1	8
158006	3	1	1	1
158006	4	1	1	1
158006	5	1	1	1
158006	6	0	1	1
158006	7	1	1	1
158006	8	0	1	1
158006	9	0	1	1
158007	1	1	1	3
158007	2	1	1	3
158007	3	0	1	3
158007	4	0	1	3
158007	5	1	1	3
158007	6	0	1	3
158007	7	0	1	3
158007	8	1	1	1
158007	9	1	1	1
158008	1	1	1	3
158008	2	1	1	1
158008	3	1	1	1
158008	4	1	1	1
158008	5	1	1	1
158008	6	1	1	1
158008	7	0	1	1
158008	8	0	1	6
158008	9	0	1	6
158009	1	0	0	3
158009	2	1	1	3
158009	3	1	1	1
158009	4	1	1	1
158009	5	1	1	3
158009	6	1	1	3
158009	7	1	1	1
158009	8	1	1	1
158009	9	1	1	1
158010	1	0	0	3
158010	2	0	0	3
158010	3	1	1	7
158010	4	0	0	1
158010	5	0	0	1
158010	6	0	0	1
158010	7	0	0	7
158010	8	0	0	1
158010	9	0	0	1
158011	1	1	1	8
158011	2	1	1	1
158011	3	1	1	1
158011	4	1	1	1
158011	5	1	1	1
158011	6	0	1	1
158011	7	1	1	1
158011	8	0	1	1
158011	9	0	1	1
158013	1	1	1	1
158013	2	1	1	3
158013	3	1	1	1
158013	4	1	1	1
158013	5	1	1	1
158013	6	1	1	1
158013	7	1	1	1
158013	8	1	1	1
158013	9	1	1	1
158014	1	0	 	 
158014	2	 	 	 
158014	3	 	 	 
158014	4	 	 	 
158014	5	 	 	 
158014	6	 	 	 
158014	7	 	 	 
158014	8	 	 	 
158014	9	 	 	 
158015	1	0	1	3
158015	2	1	1	8
158015	3	1	1	1
158015	4	1	1	1
158015	5	1	1	8
158015	6	0	0	1
158015	7	1	1	3
158015	8	0	1	1
158015	9	0	1	1
158016	1	1	1	3
158016	2	0	0	3
158016	3	1	1	1
158016	4	1	1	1
158016	5	1	1	1
158016	6	1	1	1
158016	7	1	1	1
158016	8	1	1	1
158016	9	1	1	1
158017	1	1	1	1
158017	2	1	1	1
158017	3	1	1	1
158017	4	1	1	1
158017	5	1	1	1
158017	6	1	1	1
158017	7	1	1	1
158017	8	1	1	1
158017	9	1	1	1
158018	1	1	1	1
158018	2	1	1	1
158018	3	1	1	1
158018	4	1	1	1
158018	5	1	1	1
158018	6	1	1	1
158018	7	1	1	1
158018	8	1	1	1
158018	9	1	1	1
158019	1	1	1	6
158019	2	1	1	1
158019	3	1	1	6
158019	4	1	1	6
158019	5	1	1	6
158019	6	0	1	1
158019	7	0	1	6
158019	8	1	1	6
158019	9	1	1	6
158021	1	1	1	1
158021	2	1	1	1
158021	3	1	1	1
158021	4	1	1	1
158021	5	1	1	1
158021	6	1	1	1
158021	7	1	1	1
158021	8	1	1	1
158021	9	1	1	1
158022	1	0	0	3
158022	2	1	1	3
158022	3	1	1	3
158022	4	1	1	1
158022	5	1	1	1
158022	6	1	1	1
158022	7	1	1	3
158022	8	1	1	1
158022	9	1	1	1
158023	1	0	0	6
158023	2	1	0	4
158023	3	1	1	1
158023	4	0	0	6
158023	5	1	1	6
158023	6	1	1	6
158023	7	1	1	6
158023	8	1	1	6
158023	9	1	1	6
158024	1	1	0	3
158024	2	1	0	3
158024	3	1	1	1
158024	4	1	1	1
158024	5	1	1	1
158024	6	1	1	1
158024	7	1	1	1
158024	8	1	1	1
158024	9	1	1	1
158025	1	0	0	5
158025	2	1	1	1
158025	3	1	1	1
158025	4	1	1	1
158025	5	1	1	1
158025	6	0	1	1
158025	7	1	1	1
158025	8	0	1	1
158025	9	0	1	1
158026	1	0	1	3
158026	2	0	1	3
158026	3	1	1	1
158026	4	1	1	1
158026	5	1	1	1
158026	6	1	1	1
158026	7	1	1	1
158026	8	1	1	1
158026	9	1	1	1
158031	1	1	1	6
158031	2	1	1	6
158031	3	1	1	6
158031	4	0	1	6
158031	5	1	1	6
158031	6	1	1	6
158031	7	1	1	6
158031	8	0	1	6
158031	9	1	1	6
158032	1	0	1	7
158032	2	1	1	1
158032	3	0	1	1
158032	4	1	1	1
158032	5	1	1	1
158032	6	1	0	1
158032	7	1	1	1
158032	8	1	1	1
158032	9	1	1	1
158033	1	1	1	3
158033	2	1	1	3
158033	3	1	1	1
158033	4	1	1	1
158033	5	1	1	1
158033	6	1	1	1
158033	7	1	1	1
158033	8	1	1	1
158033	9	1	1	1
158034	1	1	1	7
158034	2	1	1	8
158034	3	0	1	1
158034	4	1	1	1
158034	5	1	1	1
158034	6	0	1	1
158034	7	1	1	1
158034	8	0	1	1
158034	9	1	1	2
158035	1	1	1	1
158035	2	1	1	1
158035	3	1	1	1
158035	4	1	1	1
158035	5	1	1	1
158035	6	1	1	1
158035	7	1	1	1
158035	8	1	1	1
158035	9	1	1	1
158036	1	0	1	3
158036	2	1	0	3
158036	3	1	1	1
158036	4	1	1	1
158036	5	1	1	1
158036	6	1	1	1
158036	7	1	1	1
158036	8	0	1	1
158036	9	0	1	1
158037	1	1	1	6
158037	2	1	1	6
158037	3	1	1	6
158037	4	1	1	6
158037	5	1	1	6
158037	6	1	1	6
158037	7	1	1	6
158037	8	1	1	6
158037	9	1	1	6
158038	1	1	1	1
158038	2	1	1	1
158038	3	1	1	1
158038	4	1	1	1
158038	5	1	1	1
158038	6	1	1	1
158038	7	1	1	1
158038	8	1	1	1
158038	9	1	1	1
158039	1	0	1	3
158039	2	0	0	3
158039	3	0	1	1
158039	4	1	1	7
158039	5	1	1	7
158039	6	1	1	7
158039	7	1	1	7
158039	8	1	1	1
158039	9	1	1	1
158040	1	1	1	6
158040	2	1	1	6
158040	3	1	1	6
158040	4	1	1	1
158040	5	1	1	1
158040	6	1	1	1
158040	7	1	1	6
158040	8	1	1	1
158040	9	1	1	6
158041	1	1	0	4
158041	2	1	1	4
158041	3	1	1	1
158041	4	1	1	1
158041	5	1	1	1
158041	6	1	1	1
158041	7	1	1	1
158041	8	1	1	1
158041	9	1	1	1
158042	1	1	1	3
158042	2	1	1	3
158042	3	1	1	3
158042	4	1	1	1
158042	5	0	0	3
158042	6	1	1	1
158042	7	0	1	3
158042	8	1	1	1
158042	9	0	0	3
158043	1	1	1	7
158043	2	1	0	3
158043	3	1	1	1
158043	4	1	1	1
158043	5	1	1	1
158043	6	1	1	1
158043	7	1	1	7
158043	8	1	1	1
158043	9	1	1	1
158044	1	1	1	7
158044	2	1	1	7
158044	3	1	1	7
158044	4	1	1	7
158044	5	1	1	7
158044	6	1	1	7
158044	7	1	1	7
158044	8	1	1	1
158044	9	1	1	1
158045	1	1	1	3
158045	2	1	0	3
158045	3	1	1	1
158045	4	1	1	3
158045	5	1	1	1
158045	6	1	1	1
158045	7	1	1	1
158045	8	1	1	1
158045	9	1	1	1
158046	1	1	1	3
158046	2	1	1	3
158046	3	1	1	1
158046	4	1	1	1
158046	5	1	1	1
158046	6	1	1	1
158046	7	1	1	1
158046	8	1	1	1
158046	9	1	1	1
158047	1	1	1	9
158047	2	1	1	1
158047	3	1	1	1
158047	4	1	1	2
158047	5	1	1	1
158047	6	1	1	1
158047	7	1	1	9
158047	8	0	1	1
158047	9	0	1	1
158048	1	1	1	1
158048	2	1	1	1
158048	3	1	1	1
158048	4	1	1	1
158048	5	1	1	1
158048	6	1	1	1
158048	7	1	1	1
158048	8	1	1	1
158048	9	1	1	1
158050	1	1	1	3
158050	2	1	1	3
158050	3	1	1	1
158050	4	1	1	7
158050	5	1	1	1
158050	6	1	1	1
158050	7	0	1	1
158050	8	0	1	1
158050	9	0	1	6
158051	1	1	1	1
158051	2	1	1	1
158051	3	1	1	1
158051	4	1	1	1
158051	5	1	1	1
158051	6	1	1	1
158051	7	1	1	1
158051	8	1	1	1
158051	9	1	1	1
158052	1	0	0	4
158052	2	1	1	4
158052	3	0	1	1
158052	4	1	1	1
158052	5	0	1	1
158052	6	1	0	3
158052	7	0	1	1
158052	8	0	1	1
158052	9	0	1	1
158053	1	1	1	3
158053	2	1	1	8
158053	3	1	1	1
158053	4	1	1	1
158053	5	1	1	1
158053	6	1	1	1
158053	7	1	1	1
158053	8	1	1	1
158053	9	1	1	1
158054	1	1	0	2
158054	2	1	1	8
158054	3	0	0	6
158054	4	0	1	6
158054	5	1	1	6
158054	6	1	1	6
158054	7	1	1	6
158054	8	1	1	6
158054	9	1	1	6
158055	1	1	1	2
158055	2	1	1	2
158055	3	1	1	1
158055	4	1	1	1
158055	5	1	1	1
158055	6	1	1	1
158055	7	1	1	1
158055	8	1	1	1
158055	9	1	1	1
158056	1	0	1	1
158056	2	1	1	8
158056	3	1	1	1
158056	4	1	1	1
158056	5	1	1	1
158056	6	0	1	1
158056	7	1	1	1
158056	8	0	1	1
158056	9	0	1	1
158057	1	1	1	3
158057	2	1	1	3
158057	3	1	1	7
158057	4	1	1	1
158057	5	1	1	1
158057	6	1	1	1
158057	7	1	1	1
158057	8	1	1	1
158057	9	1	1	1
168001	1	1	1	3
168001	2	1	1	3
168001	3	1	1	1
168001	4	1	1	1
168001	5	1	1	1
168001	6	0	1	1
168001	7	1	1	1
168001	8	0	1	1
168001	9	0	1	1
168002	1	1	1	1
168002	2	1	1	1
168002	3	1	1	1
168002	4	1	1	1
168002	5	1	1	1
168002	6	1	1	1
168002	7	1	1	1
168002	8	1	1	1
168002	9	1	1	1
168005	1	1	1	6
168005	2	1	1	2
168005	3	1	1	1
168005	4	1	1	6
168005	5	1	1	6
168005	6	1	1	6
168005	7	1	1	6
168005	8	1	1	6
168005	9	1	1	6
168006	1	0	1	1
168006	2	1	1	1
168006	3	1	1	1
168006	4	1	1	1
168006	5	1	1	1
168006	6	1	1	1
168006	7	1	1	1
168006	8	0	1	1
168006	9	0	1	1
168007	1	1	1	2
168007	2	1	1	2
168007	3	1	1	1
168007	4	1	1	2
168007	5	1	1	2
168007	6	0	1	1
168007	7	0	1	2
168007	8	0	1	2
168007	9	1	1	2
168008	1	1	1	6
168008	2	1	1	6
168008	3	1	1	6
168008	4	1	1	6
168008	5	1	1	6
168008	6	0	0	88
168008	7	1	1	6
168008	8	1	1	6
168008	9	1	1	6
168009	1	1	1	6
168009	2	1	1	1
168009	3	1	1	6
168009	4	1	1	6
168009	5	1	1	5
168009	6	0	1	6
168009	7	0	1	6
168009	8	1	1	6
168009	9	1	1	6
168010	1	1	1	3
168010	2	1	1	2
168010	3	1	1	1
168010	4	1	1	1
168010	5	0	1	1
168010	6	0	1	1
168010	7	1	0	3
168010	8	0	1	1
168010	9	0	1	1
168011	1	0	1	3
168011	2	1	1	1
168011	3	0	1	3
168011	4	0	1	1
168011	5	1	1	3
168011	6	1	1	1
168011	7	0	1	3
168011	8	0	1	3
168011	9	0	1	3
168012	1	1	1	6
168012	2	1	1	6
168012	3	0	1	6
168012	4	1	1	6
168012	5	1	1	6
168012	6	0	1	1
168012	7	1	1	6
168012	8	1	1	6
168012	9	1	1	6
168013	1	0	1	3
168013	2	1	1	3
168013	3	0	1	1
168013	4	1	1	1
168013	5	1	1	1
168013	6	0	1	1
168013	7	0	1	1
168013	8	0	1	1
168013	9	0	1	1
168015	1	1	1	3
168015	2	1	1	7
168015	3	1	1	7
168015	4	1	1	1
168015	5	1	1	7
168015	6	1	1	1
168015	7	1	1	7
168015	8	1	1	1
168015	9	1	1	1
168016	1	1	1	6
168016	2	1	1	1
168016	3	1	1	6
168016	4	1	1	6
168016	5	1	1	6
168016	6	1	1	6
168016	7	1	1	6
168016	8	1	1	6
168016	9	1	1	6
168017	1	1	1	3
168017	2	1	0	3
168017	3	1	1	3
168017	4	1	1	1
168017	5	1	1	3
168017	6	1	1	1
168017	7	1	1	1
168017	8	1	1	1
168017	9	1	1	1
168018	1	0	1	1
168018	2	0	1	7
168018	3	1	1	1
168018	4	1	1	1
168018	5	1	1	1
168018	6	0	1	1
168018	7	1	1	1
168018	8	0	1	1
168018	9	0	1	1
168020	1	1	1	6
168020	2	1	1	6
168020	3	1	1	6
168020	4	1	1	6
168020	5	1	1	6
168020	6	0	0	88
168020	7	1	1	6
168020	8	1	1	6
168020	9	1	1	6
168022	1	1	1	1
168022	2	1	1	1
168022	3	0	1	1
168022	4	0	1	1
168022	5	0	1	1
168022	6	0	1	1
168022	7	1	1	1
168022	8	0	1	1
168022	9	0	1	1
168024	1	1	1	1
168024	2	1	1	1
168024	3	1	1	1
168024	4	1	1	1
168024	5	1	1	1
168024	6	1	1	1
168024	7	1	1	1
168024	8	0	1	1
168024	9	0	1	1
168025	1	1	1	6
168025	2	1	1	6
168025	3	0	1	6
168025	4	1	1	6
168025	5	1	1	6
168025	6	0	1	6
168025	7	1	1	6
168025	8	1	1	6
168025	9	1	1	6
178001	1	1	1	3
178001	2	1	1	3
178001	3	1	1	1
178001	4	1	1	1
178001	5	1	1	1
178001	6	1	1	1
178001	7	1	1	1
178001	8	1	1	1
178001	9	1	1	6
178002	1	1	1	2
178002	2	1	1	1
178002	3	1	1	1
178002	4	1	1	1
178002	5	1	1	1
178002	6	1	1	1
178002	7	1	1	1
178002	8	1	1	1
178002	9	1	1	1
178003	1	1	1	3
178003	2	1	1	3
178003	3	1	1	1
178003	4	1	1	1
178003	5	1	1	1
178003	6	1	1	1
178003	7	1	1	1
178003	8	1	1	1
178003	9	1	1	1
178004	1	1	1	3
178004	2	1	0	3
178004	3	1	1	1
178004	4	1	1	1
178004	5	1	1	1
178004	6	1	1	1
178004	7	1	1	1
178004	8	0	1	1
178004	9	0	1	1
178006	1	1	1	6
178006	2	1	1	1
178006	3	1	1	6
178006	4	1	1	6
178006	5	1	1	6
178006	6	1	1	6
178006	7	1	1	6
178006	8	1	1	6
178006	9	1	1	6
178007	1	0	1	3
178007	2	1	1	3
178007	3	1	0	1
178007	4	0	1	1
178007	5	0	1	1
178007	6	0	1	1
178007	7	1	1	1
178007	8	0	1	1
178007	9	0	1	1
178009	1	1	1	6
178009	2	1	1	1
178009	3	1	1	6
178009	4	1	1	6
178009	5	1	1	6
178009	6	1	1	1
178009	7	1	1	5
178009	8	1	1	6
178009	9	1	1	6
178010	1	0	1	6
178010	2	1	1	1
178010	3	1	1	1
178010	4	1	1	1
178010	5	1	1	2
178010	6	1	1	2
178010	7	1	1	2
178010	8	0	1	2
178010	9	0	1	2
178011	1	1	1	7
178011	2	1	1	3
178011	3	1	1	7
178011	4	1	1	1
178011	5	1	1	7
178011	6	0	0	88
178011	7	1	1	7
178011	8	1	1	1
178011	9	1	1	1
178015	1	1	0	1
178015	2	1	0	1
178015	3	1	1	1
178015	4	1	1	6
178015	5	1	1	6
178015	6	1	1	6
178015	7	1	1	6
178015	8	1	1	6
178015	9	1	1	6
178016	1	1	1	6
178016	2	1	1	6
178016	3	1	1	6
178016	4	1	1	6
178016	5	1	1	1
178016	6	0	0	88
178016	7	1	1	88
178016	8	1	1	6
178016	9	1	1	6
178019	1	1	1	1
178019	2	1	1	2
178019	3	1	1	1
178019	4	1	1	1
178019	5	1	1	2
178019	6	0	1	1
178019	7	0	1	1
178019	8	0	1	6
178019	9	1	1	6
178020	1	1	1	1
178020	2	1	1	1
178020	3	1	1	1
178020	4	1	1	1
178020	5	1	1	1
178020	6	1	1	1
178020	7	1	1	1
178020	8	1	1	1
178020	9	1	1	1
178021	1	1	1	8
178021	2	1	1	1
178021	3	1	1	1
178021	4	1	1	1
178021	5	1	1	1
178021	6	1	1	1
178021	7	1	1	8
178021	8	0	1	1
178021	9	0	1	1
178022	1	1	1	8
178022	2	1	1	4
178022	3	1	1	1
178022	4	1	1	1
178022	5	1	1	1
178022	6	0	1	1
178022	7	0	1	1
178022	8	0	1	1
178022	9	0	1	1
178024	1	0	1	3
178024	2	1	1	3
178024	3	1	1	1
178024	4	1	1	1
178024	5	1	1	1
178024	6	0	1	1
178024	7	1	1	1
178024	8	0	1	1
178024	9	1	1	1
178027	1	0	1	3
178027	2	1	1	1
178027	3	1	1	1
178027	4	1	1	1
178027	5	1	1	1
178027	6	1	1	1
178027	7	1	1	1
178027	8	0	1	1
178027	9	0	1	1
178028	1	1	1	3
178028	2	1	1	1
178028	3	0	1	1
178028	4	1	1	1
178028	5	1	1	1
178028	6	0	1	1
178028	7	1	1	1
178028	8	0	1	2
178028	9	0	1	1
178029	1	0	1	7
178029	2	1	1	1
178029	3	1	1	3
178029	4	1	1	3
178029	5	1	1	1
178029	6	1	1	1
178029	7	1	0	3
178029	8	0	1	3
178029	9	1	1	1
178031	1	0	1	6
178031	2	1	1	1
178031	3	1	1	1
178031	4	1	1	6
178031	5	1	1	1
178031	6	0	1	6
178031	7	1	1	6
178031	8	0	1	6
178031	9	1	1	6
178033	1	1	1	3
178033	2	1	1	3
178033	3	1	1	1
178033	4	1	1	1
178033	5	1	1	1
178033	6	1	1	1
178033	7	1	1	1
178033	8	0	1	1
178033	9	0	1	1
178034	1	 	 	 
178034	2	 	 	 
178034	3	 	 	 
178034	4	 	 	 
178034	5	 	 	 
178034	6	 	 	 
178034	7	 	 	 
178034	8	 	 	 
178034	9	 	 	 
178035	1	1	1	6
178035	2	1	1	1
178035	3	0	1	1
178035	4	1	1	6
178035	5	1	1	6
178035	6	0	1	6
178035	7	1	1	6
178035	8	0	1	6
178035	9	1	1	6
178036	1	1	1	3
178036	2	1	1	3
178036	3	1	1	1
178036	4	1	1	1
178036	5	1	1	3
178036	6	1	1	1
178036	7	1	1	1
178036	8	0	1	1
178036	9	0	1	1
188001	1	1	1	3
188001	2	1	1	3
188001	3	1	1	1
188001	4	1	1	1
188001	5	1	1	3
188001	6	1	1	1
188001	7	1	1	1
188001	8	1	1	1
188001	9	1	1	1
188002	1	1	1	3
188002	2	1	1	3
188002	3	1	1	1
188002	4	1	1	3
188002	5	1	1	3
188002	6	1	1	1
188002	7	1	1	3
188002	8	1	1	1
188002	9	1	1	1
188003	1	1	1	2
188003	2	1	1	2
188003	3	1	1	1
188003	4	1	1	2
188003	5	1	1	2
188003	6	1	1	2
188003	7	1	1	2
188003	8	1	1	2
188003	9	1	1	2
188004	1	0	1	1
188004	2	1	1	1
188004	3	1	1	1
188004	4	1	1	1
188004	5	1	1	1
188004	6	0	1	1
188004	7	0	1	1
188004	8	0	1	1
188004	9	0	1	1
188005	1	1	1	3
188005	2	1	0	3
188005	3	1	1	1
188005	4	0	1	1
188005	5	1	1	1
188005	6	0	1	1
188005	7	1	1	1
188005	8	0	1	1
188005	9	0	1	1
188006	1	1	0	3
188006	2	1	1	3
188006	3	1	1	3
188006	4	1	1	1
188006	5	0	1	1
188006	6	0	1	1
188006	7	1	1	1
188006	8	0	1	7
188006	9	0	1	7
188007	1	1	1	2
188007	2	1	1	1
188007	3	1	1	1
188007	4	1	1	1
188007	5	1	1	2
188007	6	0	1	1
188007	7	1	1	2
188007	8	1	1	6
188007	9	0	1	1
188008	1	1	1	3
188008	2	1	1	3
188008	3	1	1	3
188008	4	1	1	1
188008	5	1	1	3
188008	6	0	1	3
188008	7	1	1	1
188008	8	0	1	1
188008	9	0	1	1
188010	1	1	0	3
188010	2	1	0	3
188010	3	0	1	7
188010	4	1	1	1
188010	5	1	1	1
188010	6	1	1	1
188010	7	1	1	1
188010	8	1	1	1
188010	9	1	1	1
188011	1	1	1	3
188011	2	1	1	3
188011	3	1	1	7
188011	4	1	1	1
188011	5	1	1	1
188011	6	0	0	88
188011	7	1	1	1
188011	8	1	1	1
188011	9	1	1	1
188012	1	1	1	6
188012	2	1	1	1
188012	3	1	1	6
188012	4	1	1	6
188012	5	1	1	1
188012	6	0	1	1
188012	7	0	1	6
188012	8	1	1	6
188012	9	1	1	6
188013	1	0	0	3
188013	2	1	1	2
188013	3	0	1	1
188013	4	1	1	1
188013	5	1	1	2
188013	6	0	1	1
188013	7	1	1	2
188013	8	0	1	2
188013	9	1	1	2
188015	1	1	1	3
188015	2	1	1	7
188015	3	1	1	1
188015	4	1	1	1
188015	5	1	1	1
188015	6	1	1	1
188015	7	1	1	1
188015	8	1	1	1
188015	9	1	1	1
188016	1	1	1	2
188016	2	1	1	2
188016	3	1	1	1
188016	4	1	1	6
188016	5	1	1	6
188016	6	1	1	1
188016	7	1	1	6
188016	8	1	1	6
188016	9	1	1	6
188017	1	0	0	3
188017	2	1	0	3
188017	3	0	1	1
188017	4	1	1	1
188017	5	0	1	1
188017	6	0	1	1
188017	7	0	1	5
188017	8	0	1	1
188017	9	0	1	1
188018	1	1	1	6
188018	2	1	1	6
188018	3	1	1	6
188018	4	1	1	6
188018	5	0	1	6
188018	6	1	1	1
188018	7	1	1	6
188018	8	0	1	6
188018	9	0	1	6
188020	1	1	1	2
188020	2	1	1	2
188020	3	1	1	1
188020	4	1	1	1
188020	5	1	1	1
188020	6	1	1	1
188020	7	1	1	2
188020	8	1	1	2
188020	9	1	1	2
188021	1	1	1	3
188021	2	1	0	3
188021	3	0	1	1
188021	4	1	1	1
188021	5	0	1	1
188021	6	0	1	1
188021	7	1	1	1
188021	8	0	1	1
188021	9	0	1	1
188022	1	0	1	1
188022	2	1	1	2
188022	3	0	1	1
188022	4	1	1	1
188022	5	0	1	1
188022	6	1	1	1
188022	7	0	1	1
188022	8	0	1	1
188022	9	1	1	1
188023	1	1	1	3
188023	2	1	1	3
188023	3	1	1	1
188023	4	1	1	1
188023	5	1	1	3
188023	6	1	1	3
188023	7	0	1	1
188023	8	0	1	1
188023	9	0	1	1
188024	1	1	1	1
188024	2	1	1	1
188024	3	1	1	1
188024	4	1	1	1
188024	5	1	1	1
188024	6	1	1	1
188024	7	1	1	1
188024	8	0	1	1
188024	9	1	1	1
188025	1	1	0	3
188025	2	1	1	3
188025	3	1	1	1
188025	4	1	1	1
188025	5	1	1	1
188025	6	1	1	1
188025	7	1	1	1
188025	8	1	1	1
188025	9	1	1	1
188026	1	1	1	6
188026	2	1	1	1
188026	3	0	1	2
188026	4	1	1	6
188026	5	0	1	6
188026	6	0	1	6
188026	7	1	1	2
188026	8	0	1	6
188026	9	0	1	6
198001	1	1	1	1
198001	2	1	1	1
198001	3	1	1	1
198001	4	1	1	1
198001	5	0	1	1
198001	6	0	1	1
198001	7	0	1	1
198001	8	0	1	1
198001	9	0	1	1
198002	1	1	0	3
198002	2	1	0	3
198002	3	1	1	1
198002	4	1	1	1
198002	5	0	1	1
198002	6	1	1	1
198002	7	1	1	1
198002	8	0	1	1
198002	9	1	1	1
198003	1	1	1	1
198003	2	1	1	1
198003	3	1	1	1
198003	4	1	1	1
198003	5	1	1	1
198003	6	1	1	1
198003	7	1	1	1
198003	8	1	1	1
198003	9	1	1	1
198006	1	1	1	2
198006	2	1	1	2
198006	3	1	1	2
198006	4	1	1	1
198006	5	1	1	2
198006	6	1	1	2
198006	7	1	1	2
198006	8	1	1	3
198006	9	1	1	2
198007	1	1	1	3
198007	2	1	1	3
198007	3	1	1	1
198007	4	1	1	1
198007	5	0	1	1
198007	6	0	1	1
198007	7	1	1	1
198007	8	0	1	1
198007	9	0	1	1
198008	1	1	1	3
198008	2	1	1	3
198008	3	1	1	1
198008	4	0	1	1
198008	5	0	1	1
198008	6	0	1	1
198008	7	0	1	7
198008	8	0	1	1
198008	9	0	1	1
198009	1	0	1	6
198009	2	1	0	1
198009	3	0	1	1
198009	4	0	1	1
198009	5	1	1	1
198009	6	0	1	1
198009	7	0	1	1
198009	8	0	1	1
198009	9	0	1	1
198011	1	0	1	7
198011	2	1	1	7
198011	3	1	1	1
198011	4	1	1	1
198011	5	1	1	7
198011	6	1	1	7
198011	7	1	1	7
198011	8	1	1	1
198011	9	1	1	7
198012	1	1	1	3
198012	2	1	1	3
198012	3	1	1	3
198012	4	1	1	3
198012	5	1	1	3
198012	6	1	1	1
198012	7	1	1	3
198012	8	1	1	1
198012	9	1	1	1
198013	1	1	1	3
198013	2	1	0	3
198013	3	0	1	1
198013	4	1	1	1
198013	5	1	1	1
198013	6	0	1	1
198013	7	0	1	1
198013	8	1	1	1
198013	9	1	1	1
198014	1	1	1	6
198014	2	1	1	6
198014	3	1	1	1
198014	4	0	1	1
198014	5	1	1	1
198014	6	0	1	6
198014	7	1	1	6
198014	8	1	1	6
198014	9	1	1	6
198015	1	1	1	1
198015	2	0	0	88
198015	3	1	1	1
198015	4	1	1	1
198015	5	0	1	1
198015	6	1	1	1
198015	7	0	1	1
198015	8	0	1	1
198015	9	0	1	1
198016	1	1	1	3
198016	2	1	1	1
198016	3	0	1	1
198016	4	0	1	1
198016	5	1	1	1
198016	6	0	1	1
198016	7	1	1	1
198016	8	1	1	1
198016	9	1	1	1
198017	1	0	1	7
198017	2	0	0	3
198017	3	0	1	1
198017	4	0	1	1
198017	5	1	1	1
198017	6	0	0	1
198017	7	1	1	1
198017	8	0	1	1
198017	9	0	1	1
198018	1	1	1	1
198018	2	1	1	1
198018	3	1	1	1
198018	4	1	1	1
198018	5	1	1	1
198018	6	1	1	1
198018	7	1	1	1
198018	8	1	1	1
198018	9	1	1	1
198019	1	1	0	3
198019	2	1	0	2
198019	3	0	0	1
198019	4	1	1	1
198019	5	0	1	1
198019	6	1	1	1
198019	7	1	1	1
198019	8	0	1	1
198019	9	0	1	1
198021	1	1	0	3
198021	2	1	1	7
198021	3	1	1	1
198021	4	1	1	1
198021	5	1	1	1
198021	6	1	1	1
198021	7	0	1	3
198021	8	1	1	1
198021	9	1	1	1
198022	1	1	0	3
198022	2	1	1	3
198022	3	0	1	1
198022	4	1	1	1
198022	5	1	1	1
198022	6	0	1	1
198022	7	0	1	1
198022	8	0	1	1
198022	9	1	1	1
198024	1	0	0	3
198024	2	1	1	3
198024	3	0	0	1
198024	4	1	1	1
198024	5	1	1	1
198024	6	0	1	1
198024	7	0	1	1
198024	8	0	1	1
198024	9	0	1	1
198025	1	 	 	 
198025	2	 	 	 
198025	3	 	 	 
198025	4	 	 	 
198025	5	 	 	 
198025	6	 	 	 
198025	7	 	 	 
198025	8	 	 	 
198025	9	 	 	 
198026	1	1	1	7
198026	2	1	1	7
198026	3	1	1	1
198026	4	1	1	1
198026	5	1	1	1
198026	6	0	0	88
198026	7	1	1	1
198026	8	1	1	1
198026	9	1	1	1
198027	1	0	1	1
198027	2	1	1	1
198027	3	0	1	1
198027	4	1	1	1
198027	5	1	1	1
198027	6	0	1	1
198027	7	0	1	1
198027	8	0	1	1
198027	9	0	1	1
198028	1	1	1	3
198028	2	1	0	3
198028	3	0	1	1
198028	4	1	1	1
198028	5	1	1	1
198028	6	0	1	1
198028	7	1	1	3
198028	8	0	1	1
198028	9	0	1	1
198030	1	0	1	7
198030	2	1	0	3
198030	3	0	0	1
198030	4	0	1	1
198030	5	1	1	3
198030	6	0	1	1
198030	7	0	1	3
198030	8	0	1	1
198030	9	0	1	1
198031	1	0	0	3
198031	2	0	0	3
198031	3	0	1	1
198031	4	1	1	1
198031	5	0	1	1
198031	6	0	1	1
198031	7	0	1	1
198031	8	0	1	1
198031	9	0	1	1
208001	1	0	1	3
208001	2	1	0	3
208001	3	0	1	1
208001	4	1	1	7
208001	5	0	1	7
208001	6	1	1	1
208001	7	0	1	7
208001	8	1	1	1
208001	9	1	1	1
208002	1	1	0	3
208002	2	1	1	4
208002	3	1	1	1
208002	4	1	1	1
208002	5	1	1	1
208002	6	1	1	1
208002	7	1	1	1
208002	8	1	1	7
208002	9	1	1	6
208003	1	0	0	4
208003	2	1	1	3
208003	3	0	1	1
208003	4	1	1	1
208003	5	1	1	1
208003	6	0	1	1
208003	7	1	1	1
208003	8	0	1	1
208003	9	0	1	1
208006	1	1	1	7
208006	2	1	1	7
208006	3	1	1	1
208006	4	1	1	7
208006	5	1	1	1
208006	6	1	1	1
208006	7	0	1	7
208006	8	0	1	1
208006	9	0	1	1
208007	1	0	0	3
208007	2	0	0	2
208007	3	0	0	1
208007	4	1	1	6
208007	5	1	1	6
208007	6	1	1	6
208007	7	0	0	6
208007	8	1	1	6
208007	9	1	1	6
208008	1	1	1	6
208008	2	1	1	1
208008	3	1	1	6
208008	4	1	1	1
208008	5	1	1	1
208008	6	1	1	1
208008	7	0	1	6
208008	8	1	1	6
208008	9	1	1	6
208009	1	1	1	6
208009	2	1	1	1
208009	3	0	1	6
208009	4	1	1	6
208009	5	1	1	6
208009	6	0	1	1
208009	7	0	0	2
208009	8	1	1	6
208009	9	1	1	6
208011	1	0	1	7
208011	2	1	1	7
208011	3	0	1	1
208011	4	1	1	1
208011	5	1	1	1
208011	6	1	1	1
208011	7	0	1	7
208011	8	1	1	7
208011	9	1	1	1
208012	1	1	1	3
208012	2	1	1	3
208012	3	1	1	3
208012	4	1	1	1
208012	5	1	1	3
208012	6	1	1	1
208012	7	0	1	1
208012	8	0	1	1
208012	9	0	1	1
208013	1	1	1	3
208013	2	1	0	3
208013	3	0	1	3
208013	4	1	1	1
208013	5	1	1	3
208013	6	1	1	1
208013	7	0	1	3
208013	8	1	1	3
208013	9	1	1	3
208015	1	1	1	3
208015	2	1	1	3
208015	3	1	1	3
208015	4	1	1	1
208015	5	1	1	3
208015	6	1	1	3
208015	7	0	1	3
208015	8	0	1	1
208015	9	0	1	1
208017	1	1	1	3
208017	2	1	1	3
208017	3	0	1	1
208017	4	1	1	1
208017	5	0	1	3
208017	6	0	1	1
208017	7	0	1	1
208017	8	0	1	1
208017	9	0	1	1
208018	1	1	1	3
208018	2	1	1	3
208018	3	0	1	3
208018	4	0	1	1
208018	5	0	1	3
208018	6	1	1	1
208018	7	1	1	7
208018	8	0	1	1
208018	9	0	1	1
208019	1	1	1	3
208019	2	1	1	3
208019	3	1	1	7
208019	4	1	1	7
208019	5	0	1	7
208019	6	1	1	1
208019	7	1	1	1
208019	8	1	1	7
208019	9	1	1	7
208020	1	1	1	3
208020	2	1	1	3
208020	3	1	1	1
208020	4	1	1	1
208020	5	1	1	1
208020	6	1	1	1
208020	7	0	1	1
208020	8	0	1	1
208020	9	0	1	1
208021	1	1	1	3
208021	2	1	0	3
208021	3	1	1	1
208021	4	1	1	1
208021	5	0	1	3
208021	6	1	1	1
208021	7	1	1	1
208021	8	0	1	1
208021	9	0	1	1
208022	1	0	0	6
208022	2	0	0	2
208022	3	0	0	2
208022	4	1	1	2
208022	5	1	1	2
208022	6	1	1	2
208022	7	1	1	2
208022	8	1	1	2
208022	9	1	1	2
208023	1	1	1	6
208023	2	1	1	1
208023	3	1	1	6
208023	4	1	1	6
208023	5	1	1	6
208023	6	1	1	6
208023	7	1	1	6
208023	8	1	1	6
208023	9	1	1	6
208024	1	1	1	3
208024	2	1	1	3
208024	3	1	1	1
208024	4	1	1	1
208024	5	1	1	3
208024	6	1	1	1
208024	7	1	1	1
208024	8	0	1	1
208024	9	0	1	1
208025	1	1	1	3
208025	2	1	0	3
208025	3	1	1	1
208025	4	1	1	1
208025	5	1	1	1
208025	6	1	1	1
208025	7	1	1	1
208025	8	1	1	1
208025	9	1	1	1
208026	1	1	1	3
208026	2	1	0	3
208026	3	1	1	1
208026	4	1	1	1
208026	5	1	1	7
208026	6	1	1	1
208026	7	0	1	7
208026	8	0	1	1
208026	9	0	1	1
208027	1	1	1	3
208027	2	1	1	1
208027	3	1	1	1
208027	4	1	1	1
208027	5	1	1	2
208027	6	1	1	2
208027	7	1	1	2
208027	8	1	1	2
208027	9	1	1	2
208028	1	1	1	7
208028	2	1	0	3
208028	3	0	1	7
208028	4	0	1	1
208028	5	1	1	1
208028	6	1	1	1
208028	7	1	1	1
208028	8	1	1	1
208028	9	1	1	1
208029	1	1	1	3
208029	2	1	1	7
208029	3	1	1	1
208029	4	1	1	1
208029	5	1	1	1
208029	6	1	1	1
208029	7	1	1	7
208029	8	1	1	1
208029	9	1	1	1
208030	1	0	0	3
208030	2	1	1	3
208030	3	1	1	1
208030	4	1	1	1
208030	5	0	1	1
208030	6	1	1	1
208030	7	0	1	1
208030	8	0	1	1
208030	9	0	1	1
208031	1	1	1	8
208031	2	1	1	3
208031	3	0	1	1
208031	4	0	1	1
208031	5	0	1	1
208031	6	0	1	1
208031	7	0	1	1
208031	8	0	1	1
208031	9	0	1	1
208032	1	1	0	3
208032	2	1	1	3
208032	3	1	1	1
208032	4	1	1	1
208032	5	1	1	3
208032	6	1	1	1
208032	7	0	1	3
208032	8	0	1	1
208032	9	0	1	1
208033	1	1	1	3
208033	2	1	0	3
208033	3	1	1	1
208033	4	1	1	1
208033	5	1	1	1
208033	6	0	1	1
208033	7	1	1	3
208033	8	0	1	1
208033	9	0	1	1
208034	1	1	1	3
208034	2	1	1	3
208034	3	0	1	3
208034	4	1	1	1
208034	5	1	1	1
208034	6	1	1	1
208034	7	0	1	1
208034	8	0	1	1
208034	9	1	1	1
208037	1	1	1	3
208037	2	1	1	3
208037	3	1	1	1
208037	4	1	1	1
208037	5	1	1	1
208037	6	0	0	88
208037	7	1	1	1
208037	8	1	1	1
208037	9	1	1	1
208038	1	1	1	3
208038	2	1	1	3
208038	3	1	1	1
208038	4	1	1	1
208038	5	1	1	7
208038	6	0	1	1
208038	7	0	1	1
208038	8	0	1	1
208038	9	0	1	1
208040	1	1	1	3
208040	2	1	1	3
208040	3	1	1	1
208040	4	1	1	1
208040	5	1	1	1
208040	6	1	1	1
208040	7	1	1	1
208040	8	1	1	1
208040	9	1	1	1
208041	1	1	1	3
208041	2	1	0	3
208041	3	1	1	1
208041	4	1	1	1
208041	5	1	1	1
208041	6	0	1	1
208041	7	1	1	1
208041	8	1	1	1
208041	9	1	1	1
208042	1	1	0	3
208042	2	1	0	3
208042	3	1	1	3
208042	4	1	1	1
208042	5	1	1	1
208042	6	1	1	1
208042	7	1	1	3
208042	8	0	1	3
208042	9	0	1	1
208043	1	1	0	3
208043	2	1	0	2
208043	3	0	1	3
208043	4	1	1	1
208043	5	1	1	1
208043	6	0	1	1
208043	7	0	1	1
208043	8	1	1	1
208043	9	1	1	1
208044	1	1	1	3
208044	2	1	0	3
208044	3	0	1	1
208044	4	1	1	1
208044	5	1	1	3
208044	6	0	1	1
208044	7	0	1	3
208044	8	0	1	1
208044	9	0	1	1
208046	1	1	1	3
208046	2	1	1	3
208046	3	1	1	3
208046	4	1	1	1
208046	5	1	1	1
208046	6	1	1	1
208046	7	1	1	3
208046	8	0	1	1
208046	9	0	1	1
208047	1	 	 	 
208047	2	 	 	 
208047	3	 	 	 
208047	4	 	 	 
208047	5	 	 	 
208047	6	 	 	 
208047	7	 	 	 
208047	8	 	 	 
208047	9	 	 	 
208048	1	1	1	7
208048	2	1	1	7
208048	3	1	1	1
208048	4	1	1	1
208048	5	1	1	1
208048	6	0	0	88
208048	7	1	1	1
208048	8	1	1	1
208048	9	1	1	1
208049	1	1	1	3
208049	2	1	1	3
208049	3	0	1	7
208049	4	0	1	7
208049	5	0	1	7
208049	6	0	1	1
208049	7	0	1	7
208049	8	0	1	1
208049	9	0	1	1
208050	1	1	1	7
208050	2	1	1	1
208050	3	1	1	7
208050	4	1	1	1
208050	5	1	1	1
208050	6	0	1	1
208050	7	1	1	7
208050	8	0	1	1
208050	9	0	1	1
208051	1	0	1	3
208051	2	1	0	3
208051	3	0	1	1
208051	4	0	1	1
208051	5	1	1	1
208051	6	0	1	1
208051	7	0	1	1
208051	8	0	1	1
208051	9	0	1	1
