CHILDCODE	CHMVIDR5	YRMOVER5	MSMOVER5	WHRMVER5	LOCMVER5	MVALNER5	MVFTHRR5	MVMTHRR5	MVSIBLR5	MVSPSER5	MVSPFMR5	MVOTRLR5	MVNONHR5	RSNMVR51
10005	1	2016	8	5	1	0	0	0	1	0	0	0	0	1
10006	1	2016	3	5	1	0	1	0	0	0	0	0	0	1
10021	1	2016	2	3	1	0	1	1	1	0	0	0	0	7
10033	1	2013	24	2	10	1	 	 	 	 	 	 	 	2
10035	1	2016	2	5	1	1	 	 	 	 	 	 	 	15
10046	1	2016	6	5	1	1	 	 	 	 	 	 	 	15
10048	1	2016	2	3	2	0	0	0	0	0	0	0	1	2
10077	1	2014	30	2	2	0	0	1	0	0	0	0	0	8
10088	1	2014	0	3	4	0	1	1	1	0	0	0	0	6
10092	1	2016	7	5	1	0	1	0	0	0	0	0	0	1
20003	1	2016	1	5	3	0	0	0	1	0	0	0	0	1
20011	1	2016	6	3	3	1	 	 	 	 	 	 	 	1
20054	1	2015	15	5	3	0	0	0	1	0	0	0	0	1
20055	1	2016	4	4	4	0	1	0	0	0	0	0	0	1
20066	1	2016	2	4	77	88	1	0	0	0	0	0	0	1
20084	1	2016	6	3	3	0	0	0	0	0	0	0	1	1
20091	1	2016	6	5	4	1	 	 	 	 	 	 	 	4
20094	1	2017	0	3	3	0	1	1	1	0	0	0	0	5
20094	2	2016	2	5	2	1	 	 	 	 	 	 	 	1
20094	3	2016	3	5	4	0	1	1	1	0	0	0	0	5
20099	1	2015	0	5	3	1	 	 	 	 	 	 	 	1
20106	1	2015	5	3	2	0	0	0	1	0	0	0	0	1
20122	1	2016	5	5	1	0	0	0	0	0	0	0	1	1
20122	2	2017	1	4	5	0	0	0	0	0	0	1	0	1
20123	1	2016	2	4	4	0	0	0	0	0	0	0	1	1
30036	1	2016	1	5	1	1	 	 	 	 	 	 	 	1
30077	1	2016	2	5	10	0	1	1	0	0	0	0	0	1
30077	2	2015	13	2	5	1	 	 	 	 	 	 	 	1
30086	1	2016	2	7	10	0	0	0	0	0	0	0	1	1
30092	1	2016	2	5	2	0	0	0	0	0	0	1	0	15
30120	1	2016	3	3	2	1	 	 	 	 	 	 	 	2
40008	1	2016	4	4	2	1	 	 	 	 	 	 	 	1
40010	1	2016	0	5	1	1	 	 	 	 	 	 	 	1
40013	1	2014	2	3	2	0	0	1	0	0	0	0	0	2
40016	1	2016	0	5	1	1	 	 	 	 	 	 	 	1
40025	1	2016	2	4	3	1	 	 	 	 	 	 	 	1
40030	1	2016	2	4	3	1	 	 	 	 	 	 	 	1
40032	1	2015	6	4	3	1	 	 	 	 	 	 	 	1
40033	1	2016	1	4	2	1	 	 	 	 	 	 	 	1
40038	1	2016	3	4	4	0	0	1	0	0	0	0	0	5
40048	1	2016	4	3	2	1	 	 	 	 	 	 	 	1
40058	1	2016	7	5	1	1	 	 	 	 	 	 	 	15
40066	1	2016	7	5	2	0	0	0	1	0	0	0	0	1
40069	1	2016	2	5	2	1	 	 	 	 	 	 	 	2
40069	2	2017	1	4	2	1	 	 	 	 	 	 	 	1
40070	1	2016	4	5	1	1	 	 	 	 	 	 	 	1
40070	2	2015	11	4	2	1	 	 	 	 	 	 	 	1
40077	1	 	 	 	 	 	 	 	 	 	 	 	 	 
40093	1	2015	0	2	4	0	1	1	0	0	0	0	0	2
40106	1	2016	3	5	1	1	 	 	 	 	 	 	 	1
40129	1	2014	24	3	4	1	 	 	 	 	 	 	 	1
40145	1	2016	4	4	2	1	 	 	 	 	 	 	 	1
40145	2	2014	20	4	2	1	 	 	 	 	 	 	 	1
40151	1	2016	3	4	2	0	1	0	0	0	0	0	0	2
40164	1	2016	3	2	4	1	 	 	 	 	 	 	 	2
40171	1	2015	2	4	2	0	0	0	0	0	0	0	1	1
50018	1	2016	3	5	1	1	 	 	 	 	 	 	 	1
50029	1	2016	0	5	2	1	 	 	 	 	 	 	 	1
50032	1	2016	0	4	4	0	1	1	1	0	0	0	0	5
50037	1	2016	8	4	4	1	 	 	 	 	 	 	 	2
50046	1	2016	8	4	4	1	 	 	 	 	 	 	 	2
50048	1	2014	24	4	2	1	 	 	 	 	 	 	 	2
50055	1	2013	40	7	4	0	1	1	0	0	0	0	0	5
50075	1	2016	0	2	4	0	1	1	1	0	0	0	0	9
50095	1	2016	2	5	1	1	 	 	 	 	 	 	 	12
60005	1	2014	0	2	4	0	0	1	0	0	0	0	0	8
60013	1	2016	10	2	4	0	0	1	0	0	0	0	0	12
60024	1	2014	0	5	4	0	1	1	0	0	0	0	0	5
60025	1	2015	13	2	4	0	0	1	1	0	0	0	0	8
60034	1	2015	0	5	1	1	 	 	 	 	 	 	 	1
60058	1	2016	0	4	1	1	 	 	 	 	 	 	 	15
60074	1	2014	28	5	4	0	1	1	1	0	0	0	0	5
60084	1	2014	2	5	4	1	 	 	 	 	 	 	 	1
70011	1	2013	12	2	4	0	0	0	0	0	0	1	0	15
70011	2	2014	12	2	4	0	0	1	0	0	0	0	0	8
70016	1	2015	13	2	4	0	0	1	0	0	0	0	0	5
70039	1	2016	5	4	1	1	 	 	 	 	 	 	 	1
70064	1	 	 	 	 	 	 	 	 	 	 	 	 	 
70066	1	2015	0	2	4	0	1	1	1	0	0	0	0	7
70086	1	2016	8	4	4	1	 	 	 	 	 	 	 	2
70088	1	2014	12	4	2	0	0	1	1	0	0	0	0	5
70107	1	2016	6	3	3	0	0	1	1	0	0	0	0	8
80006	1	2016	7	4	2	0	0	1	0	0	0	0	0	9
80014	1	2014	27	2	2	1	 	 	 	 	 	 	 	8
80016	1	2016	0	7	10	0	0	1	0	0	0	0	0	4
80032	1	2015	0	5	1	0	0	1	0	0	0	0	0	2
80040	1	2017	0	5	4	0	0	0	0	0	0	0	1	1
80092	1	2014	24	2	4	0	1	1	0	0	0	0	0	5
80099	1	2015	0	2	5	1	 	 	 	 	 	 	 	1
80099	2	2015	3	3	2	1	 	 	 	 	 	 	 	1
90007	1	2015	11	2	5	1	 	 	 	 	 	 	 	2
90007	2	2016	3	2	5	1	 	 	 	 	 	 	 	2
90008	1	2016	2	2	4	0	1	1	1	0	0	0	0	5
90014	1	2016	2	6	 	0	0	1	0	0	0	0	0	12
90031	1	2016	3	2	4	1	 	 	 	 	 	 	 	2
90032	1	2016	3	3	5	1	 	 	 	 	 	 	 	2
90034	1	2014	12	3	2	1	 	 	 	 	 	 	 	2
90034	2	2013	5	2	5	1	 	 	 	 	 	 	 	2
90038	1	2016	6	2	4	1	 	 	 	 	 	 	 	15
90048	1	2015	15	3	4	1	 	 	 	 	 	 	 	15
90066	1	2016	4	2	4	1	 	 	 	 	 	 	 	2
90100	1	2014	24	3	4	0	0	0	0	1	0	0	0	15
90105	1	2016	3	3	4	1	 	 	 	 	 	 	 	2
100022	1	2016	5	3	2	1	 	 	 	 	 	 	 	2
100026	1	2016	1	5	4	1	 	 	 	 	 	 	 	1
100074	1	2016	2	5	4	1	 	 	 	 	 	 	 	1
100076	1	2014	4	4	3	1	 	 	 	 	 	 	 	2
100077	1	2016	4	3	2	1	 	 	 	 	 	 	 	2
100084	1	2016	4	3	5	1	 	 	 	 	 	 	 	2
100095	1	2016	3	3	2	1	 	 	 	 	 	 	 	2
110027	1	2016	6	5	10	1	 	 	 	 	 	 	 	12
110033	1	2016	0	2	4	0	1	1	1	0	0	0	0	9
110033	2	2015	7	4	4	0	1	1	0	0	0	0	0	9
110038	1	 	 	 	 	 	 	 	 	 	 	 	 	 
110045	1	2016	0	5	4	0	0	1	0	0	0	0	0	5
110049	1	2015	12	3	2	1	 	 	 	 	 	 	 	1
110059	1	2016	2	2	4	1	 	 	 	 	 	 	 	1
110075	1	2016	2	2	5	1	 	 	 	 	 	 	 	1
110088	1	2013	10	4	2	0	1	1	0	0	0	0	0	15
110093	1	 	 	 	 	 	 	 	 	 	 	 	 	 
110094	1	2016	4	3	5	1	 	 	 	 	 	 	 	2
110099	1	2015	3	2	4	1	 	 	 	 	 	 	 	2
110115	1	2016	1	3	2	0	0	0	0	0	0	0	1	1
120020	1	2016	0	2	5	1	 	 	 	 	 	 	 	15
120022	1	2015	0	2	5	1	 	 	 	 	 	 	 	15
120034	1	 	 	 	 	 	 	 	 	 	 	 	 	 
120040	1	2016	0	5	5	0	0	1	1	0	0	0	0	1
120071	1	2014	34	3	3	0	1	0	1	0	0	0	0	7
120084	1	2013	29	2	5	1	 	 	 	 	 	 	 	2
120093	1	2016	6	2	4	1	 	 	 	 	 	 	 	15
120099	1	2014	33	4	4	0	1	0	1	0	0	1	0	8
120121	1	2016	1	5	4	1	 	 	 	 	 	 	 	1
120126	1	2013	39	2	5	1	 	 	 	 	 	 	 	2
120136	1	2016	0	2	4	0	1	0	0	1	0	0	0	12
120150	1	2016	6	5	10	0	0	0	0	0	0	0	1	1
130034	1	2014	32	2	10	0	1	1	1	0	0	0	0	12
130051	1	2015	18	2	4	1	 	 	 	 	 	 	 	15
130097	1	2014	1	5	1	0	1	1	1	0	0	0	0	15
140025	1	2016	1	2	4	0	0	0	0	0	1	0	0	15
140037	1	2016	0	2	4	0	1	1	1	0	0	0	0	15
140041	1	2016	2	2	4	1	 	 	 	 	 	 	 	15
140054	1	2014	0	5	5	0	1	1	0	0	0	0	0	5
140060	1	2016	4	3	5	1	 	 	 	 	 	 	 	1
150007	1	2016	7	5	1	0	0	1	1	0	0	0	0	5
150021	1	2016	2	5	4	0	0	1	0	0	0	0	0	15
150053	1	2013	36	3	4	0	1	1	1	0	0	0	0	5
150075	1	2016	4	5	4	0	1	1	1	0	0	1	0	5
150097	1	2014	0	5	3	0	1	1	0	0	0	0	0	5
150129	1	2013	36	2	4	0	1	1	1	0	0	0	0	5
150139	1	2016	2	5	2	0	1	0	0	0	0	0	0	3
160002	1	2016	0	2	5	1	 	 	 	 	 	 	 	8
160028	1	2015	18	5	2	1	 	 	 	 	 	 	 	2
160032	1	2015	18	4	3	0	0	1	0	0	0	0	0	5
160042	1	2016	5	7	10	0	0	1	0	0	0	0	0	4
160044	1	 	 	 	 	 	 	 	 	 	 	 	 	 
160046	1	2015	20	2	2	0	0	1	0	0	0	0	0	5
160053	1	2014	32	3	2	1	 	 	 	 	 	 	 	2
160058	1	2016	3	5	2	0	0	1	1	0	0	0	0	5
160072	1	2016	4	4	1	1	 	 	 	 	 	 	 	1
160090	1	2012	0	5	4	0	1	1	1	88	88	0	0	6
160090	2	2016	7	4	2	1	 	 	 	 	 	 	 	2
160104	1	2016	4	4	4	0	1	0	0	0	0	0	0	2
170003	1	2016	6	2	1	0	1	1	1	0	0	0	0	7
170007	1	2014	24	2	2	0	1	1	1	0	0	0	0	6
170011	1	2012	48	2	2	0	1	1	1	0	0	0	0	6
170015	1	2015	14	3	1	0	1	1	1	0	0	0	0	12
170024	1	2011	0	2	2	0	1	1	1	0	0	0	0	7
170026	1	2016	5	3	1	0	1	1	1	0	0	0	0	7
170027	1	2016	1	3	10	0	0	1	1	0	0	0	0	7
170036	1	2003	0	3	1	0	1	1	1	0	0	1	0	15
170037	1	2016	0	3	1	0	0	1	1	0	0	0	0	8
170039	1	2016	7	3	1	0	1	0	1	0	0	1	0	7
170045	1	2016	6	2	1	0	1	1	1	0	0	0	0	7
170050	1	2013	34	3	2	0	1	1	1	0	0	0	0	6
170053	1	2016	0	2	1	0	1	0	0	0	0	0	0	8
170059	1	2016	0	2	1	0	0	1	1	0	0	0	0	8
170062	1	2013	36	2	2	0	1	1	1	0	0	0	0	7
170064	1	2015	17	2	1	0	1	1	1	0	0	0	0	7
170068	1	2014	24	2	1	0	1	1	1	0	0	0	0	7
170070	1	2014	0	3	1	0	1	1	1	0	0	0	0	7
170086	1	2016	10	3	1	0	1	1	1	0	0	0	0	7
170089	1	2015	0	2	1	0	1	1	1	0	0	0	0	15
170091	1	2009	7	2	2	0	1	1	1	0	0	0	0	5
170126	1	2007	0	2	1	0	1	1	1	0	0	0	0	7
170132	1	 	 	 	 	 	 	 	 	 	 	 	 	 
180057	1	 	 	 	 	 	 	 	 	 	 	 	 	 
180070	1	2015	0	3	1	0	0	1	0	0	0	0	0	8
180082	1	2016	7	3	2	0	0	0	0	0	0	1	0	15
180106	1	2014	24	2	1	0	1	1	1	0	0	1	0	7
180123	1	2014	24	3	1	0	1	1	1	88	88	88	88	7
180128	1	2013	36	2	2	0	1	1	1	0	0	0	0	6
190017	1	2014	3	3	1	1	 	 	 	 	 	 	 	1
190020	1	2016	1	3	1	1	 	 	 	 	 	 	 	1
190079	1	2014	23	2	2	0	0	1	1	0	0	0	0	7
190095	1	2016	6	2	1	0	0	1	0	0	0	0	0	5
190100	1	2016	2	2	1	0	0	0	0	0	0	0	1	3
190113	1	2014	0	2	1	0	0	1	0	0	0	0	0	7
200011	1	2016	1	3	1	0	1	1	1	0	0	0	0	15
200013	1	2013	0	2	1	0	1	1	1	0	0	0	0	5
200016	1	2016	5	2	10	0	1	1	1	0	0	0	0	7
200027	1	2016	5	3	1	0	1	1	1	0	0	0	0	15
200030	1	2015	13	2	1	0	1	1	0	0	0	0	0	7
200049	1	2016	0	2	1	0	1	1	1	0	0	0	0	7
200074	1	2014	0	3	1	0	0	1	1	0	0	0	0	11
200079	1	2016	0	3	1	0	0	1	1	0	0	0	0	15
200087	1	2014	3	3	1	0	1	1	1	0	0	0	0	5
200087	2	2014	24	5	4	1	 	 	 	 	 	 	 	2
200088	1	2015	14	2	2	0	1	1	1	0	0	1	0	7
