placeid	rsid	module	section	ageres	sexres	capac	livres
PE01C01	1	1	1	55	1	1	26
PE01C01	2	1	1	48	1	2	20
PE01C01	3	1	1	67	1	8	22
PE01C01	4	1	1	55	1	8	55
PE01C01	5	1	5	26	2	7	26
PE01C01	6	1	5	49	2	7	49
PE01C01	7	1	5	23	2	7	23
PE01C01	8	1	5	22	2	7	22
PE01C01	9	1	5	37	2	7	37
PE01C01	10	1	5	26	1	7	26
PE01C01	11	2	1	51	1	4	26
PE01C01	12	2	3	50	2	4	40
PE01C01	13	2	2	50	2	8	50
PE01C01	14	2	4	49	2	3	21
PE01C01	15	2	4	36	2	3	36
PE01C01	16	2	4	45	2	3	19
PE01C01	17	2	4	35	1	2	35
PE01C01	18	2	4	29	1	2	4
PE01C01	19	2	5	27	2	2	27
PE01C01	20	1	1	46	1	8	46
PE01C01	21	1	1	27	1	8	27
PE01C01	22	2	3	36	2	8	36
PE01C01	23	2	3	38	1	8	38
PE01C01	24	1	5	48	1	7	48
PE01C01	25	1	5	 	 	7	 
PE01C01	26	1	5	 	 	7	 
PE01C02	1	1	1	40	1	1	18
PE01C02	2	1	1	35	1	1	5
PE01C02	3	1	1	55	1	1	24
PE01C02	4	1	1	50	2	1	24
PE01C02	5	1	1	36	1	1	15
PE01C02	6	1	1	42	2	1	20
PE01C02	7	1	1	46	1	8	3
PE01C02	8	1	5	17	1	7	5
PE01C02	9	1	5	28	2	7	10
PE01C02	10	1	5	38	2	7	15
PE01C02	11	1	5	37	2	7	37
PE01C02	12	1	5	26	1	7	26
PE01C02	13	1	5	26	2	7	20
PE01C02	14	1	5	22	2	7	22
PE01C02	15	1	5	49	2	7	49
PE01C02	16	2	4	27	2	3	3
PE01C02	17	2	4	42	2	2	12
PE01C02	18	2	2	22	2	8	13
PE01C02	19	2	2	47	2	8	4
PE01C02	20	2	5	30	1	2	1
PE01C02	21	2	5	27	2	2	27
PE01C02	22	2	1	46	2	4	21
PE01C02	23	2	3	49	2	4	11
PE01C02	24	1	1	35	1	8	16
PE01C02	25	2	3	51	1	8	19
PE01C02	26	2	2	32	2	8	10
PE01C02	27	1	5	 	 	7	 
PE01C02	28	1	5	 	 	7	 
PE02C01	1	1	1	42	1	2	42
PE02C01	2	1	1	32	1	1	32
PE02C01	3	1	1	28	1	8	28
PE02C01	4	1	1	42	1	8	42
PE02C01	5	1	5	33	2	7	33
PE02C01	6	1	5	35	2	7	19
PE02C01	7	1	5	62	2	7	10
PE02C01	8	1	5	41	1	7	2
PE02C01	9	1	5	17	1	7	17
PE02C01	10	1	5	20	1	7	20
PE02C01	11	1	1	30	2	8	9
PE02C01	12	1	1	46	2	8	46
PE02C01	13	1	1	58	1	8	58
PE02C01	14	1	1	45	1	1	45
PE02C01	15	1	1	44	1	8	44
PE02C01	16	2	1	47	2	4	5
PE02C01	17	2	1	28	2	4	6
PE02C01	18	2	4	44	2	3	2
PE02C01	19	2	5	26	2	1	26
PE02C01	88	 	 	 	 	 	 
PE02C02	13	1	5	34	2	7	34
PE02C02	14	1	5	52	2	7	52
PE02C02	15	1	5	41	1	7	2
PE02C02	16	1	5	20	1	7	20
PE02C02	17	1	5	62	2	7	10
PE02C02	18	1	5	17	1	7	17
PE02C02	19	2	5	31	2	2	31
PE02C02	1	2	1	42	2	4	20
PE02C02	2	2	3	48	2	4	15
PE02C02	3	2	4	30	2	3	11
PE02C02	4	1	1	33	1	1	33
PE02C02	5	1	1	32	2	6	15
PE02C02	6	1	1	28	2	8	28
PE02C02	7	1	1	35	2	8	35
PE02C02	8	1	1	58	1	1	58
PE02C02	9	1	1	52	1	1	52
PE02C02	10	1	1	46	1	1	46
PE02C02	11	1	1	39	1	8	39
PE02C02	12	1	1	24	1	8	24
PE02C03	1	1	1	53	1	1	53
PE02C03	2	1	1	44	1	1	44
PE02C03	3	1	1	36	2	1	36
PE02C03	4	1	1	67	1	8	54
PE02C03	5	1	1	25	1	8	25
PE02C03	6	1	1	38	1	8	38
PE02C03	7	1	1	31	2	8	5
PE02C03	8	1	1	28	2	8	15
PE02C03	9	1	1	74	2	8	65
PE02C03	10	1	1	57	1	8	33
PE02C03	11	1	5	29	2	7	29
PE02C03	12	1	5	33	1	7	33
PE02C03	13	1	5	62	2	7	10
PE02C03	14	1	5	41	1	7	2
PE02C03	15	1	5	17	1	7	17
PE02C03	16	1	5	20	1	7	20
PE02C03	17	2	1	41	2	4	7
PE02C03	18	2	1	36	2	4	4
PE02C03	19	2	1	53	2	4	12
PE02C03	20	2	3	46	1	4	5
PE02C03	21	2	4	28	2	3	3
PE02C03	22	2	5	31	2	8	12
PE02C03	88	 	 	 	 	 	 
PE02C04	1	1	1	57	1	1	57
PE02C04	2	1	1	58	1	1	58
PE02C04	3	1	1	25	2	6	25
PE02C04	4	1	1	48	2	6	48
PE02C04	5	1	1	40	2	6	40
PE02C04	6	1	1	36	1	8	36
PE02C04	7	2	1	57	1	4	30
PE02C04	8	2	3	40	2	4	17
PE02C04	9	2	2	21	2	4	21
PE02C04	10	2	4	35	1	3	6
PE02C04	11	2	4	27	2	3	27
PE02C04	12	2	4	49	2	3	12
PE02C04	13	1	5	55	2	7	55
PE02C04	14	1	5	57	2	7	20
PE02C04	15	1	5	41	1	7	2
PE02C04	16	1	5	20	1	7	20
PE02C04	17	1	5	62	2	7	10
PE02C04	18	1	5	17	1	7	17
PE02C04	19	2	5	31	2	2	31
PE02C04	20	1	1	52	2	8	52
PE02C04	21	1	1	48	2	8	24
PE02C04	22	1	1	42	2	8	42
PE02C04	23	1	1	23	2	8	23
PE02C04	24	1	1	35	2	8	35
PE02C04	88	 	 	 	 	 	 
PE03C01	1	1	1	50	1	1	50
PE03C01	2	1	1	46	1	2	46
PE03C01	3	1	1	54	1	2	50
PE03C01	4	1	1	26	1	1	26
PE03C01	5	1	1	46	2	1	46
PE03C01	6	1	1	62	1	8	62
PE03C01	7	1	1	45	1	8	45
PE03C01	8	1	1	51	2	8	51
PE03C01	9	2	1	29	2	4	29
PE03C01	10	2	3	46	1	4	1
PE03C01	11	2	3	45	1	4	18
PE03C01	12	2	4	25	1	3	3
PE03C01	13	2	4	29	1	3	6
PE03C01	14	1	5	28	2	7	28
PE03C01	15	1	5	34	2	7	34
PE03C01	16	1	5	44	2	7	44
PE03C01	17	1	5	26	2	7	26
PE03C01	18	1	5	23	2	7	23
PE03C01	19	2	3	38	2	2	15
PE03C01	88	 	 	 	 	 	 
PE03C04	1	1	1	42	1	1	18
PE03C04	2	1	1	58	1	2	58
PE03C04	3	1	1	42	1	1	42
PE03C04	4	2	5	36	1	1	36
PE03C04	5	2	3	42	2	4	42
PE03C04	6	2	1	44	2	4	20
PE03C04	7	1	1	38	2	1	38
PE03C04	8	1	1	22	2	1	22
PE03C04	9	1	1	49	2	1	49
PE03C04	10	1	1	52	1	8	52
PE03C04	11	1	1	39	2	8	39
PE03C04	12	1	1	55	2	8	55
PE03C04	13	2	4	6	2	3	0
PE03C04	14	1	5	31	1	7	31
PE03C04	15	1	5	38	2	7	38
PE03C04	16	1	5	26	2	7	26
PE03C04	17	1	5	23	2	7	23
PE03C04	18	1	5	44	2	7	44
PE03C04	19	1	1	55	2	8	55
PE03C04	20	1	1	50	2	8	50
PE03C04	21	1	1	41	2	8	41
PE03C04	22	1	1	24	1	8	24
PE03C04	23	1	1	62	1	8	62
PE03C04	24	1	1	29	1	8	29
PE03C04	25	2	5	38	2	2	38
PE03C05	1	1	1	52	1	3	52
PE03C05	2	1	1	29	1	2	29
PE03C05	3	1	1	46	1	2	46
PE03C05	4	1	1	58	1	1	58
PE03C05	5	1	1	49	2	1	49
PE03C05	6	1	1	32	2	1	32
PE03C05	7	1	1	30	1	1	30
PE03C05	8	1	1	28	2	8	28
PE03C05	9	1	1	43	2	8	27
PE03C05	10	1	1	38	1	8	38
PE03C05	11	1	1	40	1	8	40
PE03C05	12	1	1	23	1	8	23
PE03C05	13	1	5	29	2	7	29
PE03C05	14	1	5	34	2	7	34
PE03C05	15	1	5	28	2	7	28
PE03C05	16	1	5	34	2	7	34
PE03C05	17	1	5	44	2	7	44
PE03C05	18	2	1	30	2	4	2
PE03C05	19	2	1	34	2	4	0
PE03C05	20	2	5	38	2	2	15
PE03C05	88	 	 	 	 	 	 
PE03C06	1	1	1	45	1	1	45
PE03C06	2	1	1	50	1	2	50
PE03C06	3	1	1	31	1	1	31
PE03C06	4	2	4	28	1	3	28
PE03C06	5	1	1	36	1	8	36
PE03C06	6	1	1	18	1	8	18
PE03C06	7	2	1	50	1	4	25
PE03C06	8	2	1	55	1	4	55
PE03C06	9	1	1	28	2	6	28
PE03C06	10	1	1	50	2	6	50
PE03C06	11	1	1	52	1	8	52
PE03C06	12	2	3	42	2	4	42
PE03C06	13	1	5	32	1	7	32
PE03C06	14	1	5	28	2	7	28
PE03C06	15	1	5	34	2	7	34
PE03C06	16	1	5	44	2	7	44
PE03C06	17	1	5	26	2	7	26
PE03C06	18	1	5	23	2	7	23
PE03C06	19	2	5	38	2	2	38
PE03C06	88	 	 	 	 	 	 
PE03C07	1	1	1	49	1	1	23
PE03C07	2	1	1	47	2	1	16
PE03C07	3	1	1	23	2	1	23
PE03C07	4	1	1	46	2	1	20
PE03C07	5	1	1	30	2	1	30
PE03C07	6	1	1	40	1	2	40
PE03C07	7	1	1	19	2	8	1
PE03C07	8	1	1	55	1	3	55
PE03C07	9	1	1	48	1	1	48
PE03C07	10	1	1	30	1	1	30
PE03C07	11	1	1	30	1	8	30
PE03C07	12	1	1	54	2	8	54
PE03C07	13	1	1	37	1	8	37
PE03C07	14	2	1	42	2	4	8
PE03C07	15	2	3	47	2	4	25
PE03C07	16	2	3	50	2	4	2
PE03C07	17	1	5	22	1	7	22
PE03C07	18	1	5	63	1	7	63
PE03C07	19	1	5	28	2	7	28
PE03C07	20	1	5	34	2	7	34
PE03C07	21	1	5	44	2	3	44
PE03C07	22	1	5	26	2	7	26
PE03C07	23	1	5	23	2	7	23
PE03C07	24	2	5	38	2	2	15
PE03C07	88	 	 	 	 	 	 
PE03C08	1	1	1	40	1	1	48
PE03C08	2	1	1	38	1	1	38
PE03C08	3	1	1	42	1	1	42
PE03C08	4	1	1	33	2	1	33
PE03C08	5	1	1	46	1	1	35
PE03C08	6	1	1	50	1	2	25
PE03C08	7	1	1	43	1	2	1
PE03C08	8	2	3	41	2	4	41
PE03C08	9	2	3	60	2	4	17
PE03C08	10	2	1	48	1	4	48
PE03C08	11	2	4	44	2	3	44
PE03C08	12	2	4	32	2	3	2
PE03C08	13	2	4	28	1	3	28
PE03C08	14	2	5	38	2	2	15
PE03C08	15	2	5	68	1	1	35
PE03C08	16	1	5	28	2	7	28
PE03C08	17	1	5	34	2	7	34
PE03C08	18	1	5	26	2	7	26
PE03C08	19	1	5	23	2	7	23
PE03C08	20	1	3	48	2	1	48
PE03C08	21	1	3	36	2	1	36
PE03C08	22	1	2	50	1	8	50
PE03C08	23	1	2	45	2	8	45
PE03C08	24	1	2	53	1	8	53
PE03C09	1	1	1	56	1	1	56
PE03C09	2	1	1	39	1	2	39
PE03C09	3	1	1	31	1	2	31
PE03C09	4	1	1	46	1	4	17
PE03C09	5	1	1	42	1	1	42
PE03C09	6	1	1	33	2	1	33
PE03C09	7	1	1	46	1	8	46
PE03C09	8	1	1	27	1	8	2
PE03C09	9	1	1	36	1	8	36
PE03C09	10	1	1	45	1	8	45
PE03C09	11	1	1	40	2	8	40
PE03C09	12	1	1	60	2	8	60
PE03C09	13	1	5	48	2	7	48
PE03C09	14	1	5	36	2	7	36
PE03C09	15	1	5	28	2	7	28
PE03C09	16	1	5	34	2	7	34
PE03C09	17	1	5	44	2	7	44
PE03C09	18	2	1	36	2	4	5
PE03C09	19	2	1	52	1	4	25
PE03C09	20	2	4	27	2	3	1
PE03C09	21	2	5	38	2	2	15
PE04C01	1	1	1	42	2	1	42
PE04C01	2	1	1	26	1	1	26
PE04C01	3	1	1	38	1	1	14
PE04C01	4	1	1	38	1	1	3
PE04C01	5	1	1	31	2	1	31
PE04C01	6	1	1	42	1	2	5
PE04C01	7	2	1	45	1	4	45
PE04C01	8	2	2	37	2	4	37
PE04C01	9	2	4	35	2	3	35
PE04C01	10	1	5	24	2	7	24
PE04C01	11	1	5	40	2	7	40
PE04C01	12	1	4	33	1	8	33
PE04C01	13	1	5	32	1	7	5
PE04C01	14	1	5	40	1	7	8
PE04C01	15	1	5	47	2	7	12
PE04C01	16	1	5	46	2	7	13
PE04C01	17	2	5	48	2	2	48
PE04C01	18	2	5	55	1	2	12
PE04C02	1	1	1	50	1	4	8
PE04C02	2	1	1	50	1	1	16
PE04C02	3	1	1	45	1	1	16
PE04C02	4	2	3	47	2	8	16
PE04C02	5	2	3	46	2	8	25
PE04C02	6	2	3	39	2	4	23
PE04C02	7	1	1	63	1	8	20
PE04C02	8	1	1	84	1	8	22
PE04C02	9	2	3	28	2	8	7
PE04C02	10	2	4	31	1	3	0
PE04C02	11	2	4	26	1	3	3
PE04C02	12	1	3	33	2	3	0
PE04C02	13	2	5	52	1	1	9
PE04C02	14	1	3	37	2	8	12
PE04C02	15	1	5	47	2	7	12
PE04C02	16	1	5	31	2	7	31
PE04C02	17	1	5	25	1	7	25
PE04C02	18	1	5	32	1	7	5
PE04C02	19	1	5	40	1	7	8
PE04C02	20	1	5	46	2	7	13
PE04C02	21	1	5	40	2	7	14
PE04C03	1	2	4	30	1	3	4
PE04C03	2	1	1	32	1	1	32
PE04C03	3	1	1	44	1	1	23
PE04C03	4	1	1	24	1	2	1
PE04C03	5	1	1	39	1	2	1
PE04C03	6	1	2	22	2	4	22
PE04C03	7	2	3	44	2	4	11
PE04C03	8	2	3	45	2	4	45
PE04C03	9	2	3	38	1	4	0
PE04C03	10	2	4	36	2	3	0
PE04C03	11	2	4	37	1	3	4
PE04C03	12	1	5	27	2	7	9
PE04C03	13	1	5	27	2	7	27
PE04C03	14	1	5	37	1	7	37
PE04C03	15	1	5	39	2	4	39
PE04C03	16	1	5	45	2	7	9
PE04C03	17	1	3	56	1	8	24
PE04C03	18	2	5	44	1	1	44
PE04C03	19	1	5	39	1	7	39
PE04C03	20	1	5	47	2	7	12
PE04C03	21	1	5	46	2	7	13
PE04C03	22	2	5	48	2	2	48
PE04C03	23	2	5	55	1	2	12
PE04C04	1	2	1	31	1	4	7
PE04C04	2	2	3	27	2	4	5
PE04C04	3	1	1	42	1	1	42
PE04C04	4	1	1	33	1	1	33
PE04C04	5	1	1	37	1	1	37
PE04C04	6	1	5	19	2	7	19
PE04C04	7	1	5	42	2	7	42
PE04C04	8	1	5	32	2	8	32
PE04C04	9	1	5	32	1	7	5
PE04C04	10	1	5	40	1	7	8
PE04C04	11	2	4	33	2	3	3
PE04C04	12	1	5	47	2	7	12
PE04C04	13	1	5	46	2	7	12
PE04C04	14	2	5	48	2	2	48
PE04C04	15	2	5	55	1	2	12
PE04C05	1	1	1	53	1	8	53
PE04C05	2	1	1	42	1	2	20
PE04C05	3	1	1	40	1	1	40
PE04C05	4	1	1	29	2	8	29
PE04C05	5	1	1	42	1	8	42
PE04C05	6	1	1	34	2	8	14
PE04C05	7	2	4	29	2	8	6
PE04C05	8	2	3	42	1	4	0
PE04C05	9	2	3	29	2	4	29
PE04C05	10	1	5	46	2	7	46
PE04C05	11	1	5	47	2	7	12
PE04C05	12	1	5	37	1	3	4
PE04C05	13	1	5	39	2	7	39
PE04C05	14	1	5	39	1	7	39
PE04C05	15	1	5	46	2	7	13
PE04C05	16	2	5	48	2	2	48
PE04C05	17	2	5	55	2	2	12
PE04C06	1	2	1	27	2	4	5
PE04C06	2	2	3	42	2	4	12
PE04C06	3	2	4	33	2	3	5
PE04C06	4	1	1	48	2	6	48
PE04C06	5	1	1	46	2	8	46
PE04C06	6	1	1	48	1	2	43
PE04C06	7	1	1	25	1	8	25
PE04C06	8	1	1	36	1	1	36
PE04C06	9	1	1	36	2	1	36
PE04C06	10	1	1	40	2	6	40
PE04C06	11	1	1	51	1	1	14
PE04C06	12	1	1	44	1	7	44
PE04C06	13	1	5	70	1	8	70
PE04C06	14	1	5	47	2	7	47
PE04C06	15	1	5	40	1	7	8
PE04C06	16	1	5	40	2	7	14
PE04C06	17	1	5	31	2	7	31
PE04C06	18	1	5	46	2	7	13
PE04C06	19	2	5	48	2	8	48
PE04C06	20	2	5	51	1	2	12
PE04C06	88	 	 	 	 	 	 
PE04C08	1	1	1	27	1	1	27
PE04C08	2	1	1	53	1	1	53
PE04C08	3	1	1	57	1	1	57
PE04C08	4	1	1	29	1	1	29
PE04C08	5	1	1	41	1	1	41
PE04C08	6	1	1	30	1	1	30
PE04C08	7	2	1	40	2	4	5
PE04C08	8	2	1	28	2	4	4
PE04C08	9	2	3	38	2	4	5
PE04C08	10	2	3	40	2	4	12
PE04C08	11	2	4	27	2	3	0
PE04C08	12	2	4	33	2	3	3
PE04C08	13	1	5	31	2	7	31
PE04C08	14	1	5	40	2	7	14
PE04C08	15	1	5	25	1	7	25
PE04C08	16	1	5	32	1	7	5
PE04C08	17	1	5	40	1	7	8
PE04C08	18	1	5	46	2	7	13
PE04C08	19	1	5	47	2	7	12
PE04C08	20	2	5	48	2	2	48
PE04C08	21	2	5	55	1	2	12
PE04C10	1	2	1	21	2	4	0
PE04C10	2	2	1	38	1	4	0
PE04C10	3	1	1	28	1	1	2
PE04C10	4	1	1	25	1	1	25
PE04C10	5	1	1	29	1	1	29
PE04C10	6	1	1	44	2	8	12
PE04C10	7	1	1	58	1	1	16
PE04C10	8	1	1	24	1	1	24
PE04C10	9	1	1	22	1	8	16
PE04C10	10	1	1	21	1	8	21
PE04C10	11	2	4	33	1	3	3
PE04C10	12	1	5	27	2	7	9
PE04C10	13	1	5	27	2	7	27
PE04C10	14	1	5	37	1	7	37
PE04C10	15	1	5	39	2	7	39
PE04C10	16	1	5	45	2	7	9
PE04C10	17	1	5	39	1	7	39
PE04C10	18	1	5	47	2	7	12
PE04C10	19	1	5	46	2	7	13
PE04C10	20	1	5	37	1	3	9
PE04C10	21	2	5	48	2	8	48
PE04C10	22	2	5	55	1	2	12
PE05C01	1	1	1	49	1	1	3
PE05C01	2	1	1	36	1	1	15
PE05C01	3	1	1	43	2	1	22
PE05C01	4	1	1	35	2	1	8
PE05C01	5	1	1	42	2	1	8
PE05C01	6	1	1	33	2	8	7
PE05C01	7	1	1	58	2	1	4
PE05C01	8	1	1	37	2	8	4
PE05C01	9	1	1	56	1	1	22
PE05C01	10	1	1	36	2	1	8
PE05C01	11	1	1	22	1	2	22
PE05C01	12	1	1	55	2	8	29
PE05C01	13	1	5	42	2	7	24
PE05C01	14	1	5	41	1	7	8
PE05C01	15	2	5	34	2	1	7
PE05C01	16	2	4	24	2	3	24
PE05C01	17	2	4	31	2	3	5
PE05C01	18	2	1	46	1	2	1
PE05C01	19	2	1	33	1	2	9
PE05C01	20	2	5	43	1	2	14
PE05C01	21	2	3	31	2	4	6
PE05C01	22	1	5	43	2	7	10
PE05C01	23	1	5	40	2	7	20
PE05C01	88	 	 	 	 	 	 
PE05C03	1	1	1	49	1	2	30
PE05C03	2	1	1	47	1	1	12
PE05C03	3	1	1	49	1	2	19
PE05C03	4	1	1	30	1	1	3
PE05C03	5	1	1	26	2	1	1
PE05C03	6	1	1	46	2	1	6
PE05C03	7	1	1	26	2	1	1
PE05C03	8	1	1	24	2	2	3
PE05C03	9	1	1	40	1	8	19
PE05C03	10	1	5	26	2	7	15
PE05C03	11	1	5	38	2	7	38
PE05C03	12	2	1	34	2	4	15
PE05C03	13	2	1	38	1	4	4
PE05C03	14	2	4	35	2	3	28
PE05C03	15	2	4	42	2	3	11
PE05C03	16	2	5	43	1	2	14
PE05C03	17	1	5	19	2	7	7
PE05C03	18	1	5	40	2	7	20
PE05C03	88	 	 	 	 	 	 
PE05C04	1	1	1	49	1	1	8
PE05C04	2	1	1	48	1	2	25
PE05C04	3	2	5	58	1	1	25
PE05C04	4	1	1	36	1	1	18
PE05C04	5	2	3	36	1	3	14
PE05C04	6	1	1	26	2	8	7
PE05C04	7	1	1	33	2	1	32
PE05C04	8	1	1	35	2	1	8
PE05C04	9	1	1	44	2	8	14
PE05C04	10	1	1	38	2	1	18
PE05C04	11	1	1	29	2	1	7
PE05C04	12	1	1	26	2	1	8
PE05C04	13	1	1	45	2	8	16
PE05C04	14	1	1	40	2	8	12
PE05C04	15	2	1	40	1	4	9
PE05C04	16	1	1	41	1	8	27
PE05C04	17	1	1	60	1	1	10
PE05C04	18	1	5	17	2	7	16
PE05C04	19	1	5	19	2	7	7
PE05C04	20	2	4	35	2	3	1
PE05C04	21	2	4	32	2	3	2
PE05C04	22	1	5	43	2	7	10
PE05C04	23	1	5	40	2	7	20
PE05C04	24	2	5	43	1	2	14
PE05C04	25	2	2	41	2	4	22
PE05C04	88	 	 	 	 	 	 
PE05C05	1	2	1	42	1	4	3
PE05C05	2	2	2	38	2	4	15
PE05C05	3	1	5	26	2	7	26
PE05C05	4	1	5	48	1	7	10
PE05C05	5	1	1	40	2	8	10
PE05C05	6	1	1	38	2	1	11
PE05C05	7	1	1	53	2	1	30
PE05C05	8	2	4	24	2	3	23
PE05C05	9	1	1	21	2	8	13
PE05C05	10	1	1	27	2	8	1
PE05C05	11	1	1	25	2	8	13
PE05C05	12	1	1	50	1	2	25
PE05C05	13	1	1	45	1	2	18
PE05C05	14	1	1	28	2	1	1
PE05C05	15	1	1	52	1	1	18
PE05C05	16	1	1	59	1	2	30
PE05C05	17	2	5	52	1	1	23
PE05C05	18	2	5	50	1	1	18
PE05C05	19	1	1	52	2	8	10
PE05C05	20	1	5	43	2	7	10
PE05C05	21	1	5	40	2	7	20
PE05C05	22	1	5	31	1	7	10
PE05C05	23	1	5	32	1	3	2
PE05C05	24	2	5	43	1	2	14
PE05C05	88	 	 	 	 	 	 
PE05C07	1	1	1	48	1	2	13
PE05C07	2	1	1	70	1	2	26
PE05C07	3	1	1	55	1	1	30
PE05C07	4	1	1	46	2	1	10
PE05C07	5	1	1	50	1	8	38
PE05C07	6	1	1	41	1	8	15
PE05C07	7	1	1	42	1	8	24
PE05C07	8	1	1	46	1	8	27
PE05C07	9	1	1	25	1	8	22
PE05C07	10	1	1	37	1	8	26
PE05C07	11	1	5	34	2	7	11
PE05C07	12	2	4	39	1	3	31
PE05C07	13	1	1	31	1	1	1
PE05C07	14	1	1	42	2	1	20
PE05C07	15	2	1	37	2	4	12
PE05C07	16	2	3	46	2	4	15
PE05C07	17	1	5	35	2	7	35
PE05C07	18	1	5	27	1	7	22
PE05C07	19	1	5	45	1	7	10
PE05C07	20	1	5	46	1	7	24
PE05C07	21	1	5	49	2	7	30
PE05C07	22	1	5	38	1	3	10
PE05C07	23	2	5	30	2	2	30
PE05C07	24	2	3	30	1	4	3
PE05C07	88	 	 	 	 	 	 
PE05C08	1	1	1	51	1	2	25
PE05C08	2	1	1	27	2	1	10
PE05C08	3	1	1	46	2	1	25
PE05C08	4	1	4	50	1	3	25
PE05C08	5	1	4	48	1	8	13
PE05C08	6	1	1	39	2	8	13
PE05C08	7	1	4	29	1	8	25
PE05C08	8	1	1	22	1	8	22
PE05C08	9	1	1	28	1	8	21
PE05C08	10	1	1	28	2	8	28
PE05C08	11	1	1	40	1	2	13
PE05C08	12	2	1	40	1	4	4
PE05C08	13	1	5	35	2	7	35
PE05C08	14	1	5	45	1	7	10
PE05C08	15	1	5	31	1	7	10
PE05C08	16	1	5	49	2	7	30
PE05C08	17	1	5	27	1	7	22
PE05C08	18	1	5	46	1	7	24
PE05C08	19	1	5	38	1	7	10
PE05C08	20	1	5	-79	 	7	 
PE05C08	21	2	5	30	2	2	30
PE05C08	22	2	4	32	1	3	2
PE05C08	23	2	4	27	2	3	2
PE05C09	1	1	1	53	1	1	20
PE05C09	2	1	1	52	1	2	15
PE05C09	3	1	1	62	1	1	44
PE05C09	4	1	1	30	2	6	22
PE05C09	5	2	4	53	2	3	34
PE05C09	6	1	1	40	1	5	35
PE05C09	7	1	1	58	1	8	18
PE05C09	8	1	1	45	2	8	35
PE05C09	9	1	1	46	2	8	30
PE05C09	10	1	5	55	2	7	18
PE05C09	11	1	5	46	2	7	27
PE05C09	12	1	1	40	1	8	20
PE05C09	13	2	1	42	1	4	12
PE05C09	14	1	5	31	1	7	10
PE05C09	15	1	5	49	2	7	30
PE05C09	16	1	5	35	1	7	35
PE05C09	17	1	5	45	1	7	10
PE05C09	18	2	4	38	1	3	10
PE05C09	19	2	4	31	2	3	31
PE05C09	20	2	5	30	2	6	30
PE05C09	88	 	 	 	 	 	 
PE05C10	1	1	1	52	1	1	52
PE05C10	2	1	1	42	1	1	42
PE05C10	3	1	1	46	1	1	23
PE05C10	4	1	1	40	1	1	12
PE05C10	5	1	1	48	1	1	25
PE05C10	6	1	1	39	1	1	12
PE05C10	7	1	1	54	1	1	35
PE05C10	8	1	1	31	2	6	28
PE05C10	9	1	1	34	2	6	34
PE05C10	10	1	1	60	2	6	60
PE05C10	11	1	1	32	2	1	20
PE05C10	12	2	4	32	1	3	2
PE05C10	13	2	4	27	2	3	2
PE05C10	14	2	4	38	1	8	12
PE05C10	15	2	5	30	2	6	30
PE05C10	16	2	3	33	2	4	4
PE05C10	17	2	3	42	1	4	7
PE05C10	18	2	4	31	2	3	31
PE05C10	19	1	5	65	2	7	65
PE05C10	20	1	5	56	2	7	2
PE05C10	21	1	5	52	1	7	28
PE05C10	22	1	5	39	2	7	6
PE05C10	23	1	5	17	1	7	17
PE05C10	24	1	2	67	1	8	22
PE05C10	25	1	2	39	2	8	39
PE05C10	26	1	2	31	2	8	31
PE05C10	88	 	 	 	 	 	 
PE05C11	1	1	1	28	1	1	14
PE05C11	2	1	1	48	1	2	28
PE05C11	3	1	1	52	1	1	32
PE05C11	4	1	1	31	1	2	20
PE05C11	5	1	1	40	1	1	18
PE05C11	6	1	1	22	2	8	19
PE05C11	7	1	1	47	2	6	30
PE05C11	8	1	1	21	2	6	21
PE05C11	9	1	1	23	2	8	6
PE05C11	10	1	1	37	2	6	10
PE05C11	11	1	1	31	2	8	3
PE05C11	12	2	4	38	1	3	17
PE05C11	13	2	5	38	1	1	14
PE05C11	14	1	1	60	2	2	28
PE05C11	15	2	3	31	2	4	3
PE05C11	16	1	5	40	1	7	10
PE05C11	17	1	5	43	2	7	10
PE05C11	18	1	5	31	1	7	10
PE05C11	19	1	5	26	2	7	1
PE05C11	20	2	5	43	1	2	14
PE05C11	21	2	4	48	2	3	30
PE05C11	88	 	 	 	 	 	 
PE06C01	1	1	1	36	1	1	15
PE06C01	2	1	1	36	1	1	20
PE06C01	3	1	1	34	1	1	7
PE06C01	4	1	1	30	1	1	30
PE06C01	5	1	1	26	2	8	26
PE06C01	6	1	3	41	1	2	20
PE06C01	7	1	3	44	2	2	37
PE06C01	8	2	4	48	1	3	11
PE06C01	9	2	4	55	1	3	32
PE06C01	10	1	1	50	2	8	50
PE06C01	11	1	1	40	1	8	32
PE06C01	12	1	5	29	2	7	29
PE06C01	13	1	5	39	2	7	26
PE06C01	14	1	5	48	2	3	18
PE06C01	15	1	5	39	2	7	28
PE06C01	16	1	5	40	1	7	3
PE06C01	17	1	5	22	1	7	3
PE06C01	18	1	5	35	1	7	7
PE06C01	19	2	1	35	1	4	1
PE06C01	20	2	2	28	2	8	28
PE06C01	21	2	2	38	2	8	32
PE06C01	22	2	2	39	2	8	39
PE06C01	23	2	3	40	2	4	8
PE06C01	24	1	5	19	1	7	19
PE06C01	25	1	5	21	2	7	21
PE06C01	26	2	5	42	2	8	42
PE06C02	1	1	1	45	1	2	12
PE06C02	2	1	1	51	2	2	31
PE06C02	3	1	3	48	1	2	4
PE06C02	4	1	1	24	1	2	22
PE06C02	5	1	1	48	1	2	48
PE06C02	6	1	4	52	1	2	21
PE06C02	7	1	4	49	1	2	33
PE06C02	8	1	4	61	1	2	42
PE06C02	9	1	1	43	2	8	28
PE06C02	10	1	3	49	2	2	32
PE06C02	11	2	1	35	1	4	1
PE06C02	12	2	2	28	2	8	28
PE06C02	13	2	2	38	2	8	32
PE06C02	14	2	2	39	2	8	39
PE06C02	15	2	3	40	2	4	8
PE06C02	16	2	4	28	2	3	28
PE06C02	17	2	4	25	1	3	25
PE06C02	18	2	4	46	2	3	21
PE06C02	19	2	5	42	2	8	42
PE06C02	20	1	5	29	1	7	29
PE06C02	22	1	5	46	1	7	7
PE06C02	23	1	5	35	1	7	8
PE06C02	24	1	5	22	1	7	3
PE06C02	25	1	5	40	1	7	3
PE06C02	26	1	5	41	1	7	30
PE06C02	27	1	3	36	1	8	36
PE06C02	28	2	5	-77	2	99	-77
PE06C02	29	2	5	-77	2	99	-77
PE06C02	30	2	5	-77	1	99	-77
PE06C02	212	1	5	41	2	3	8
PE07C01	1	1	1	45	1	1	15
PE07C01	2	1	1	31	2	2	2
PE07C01	3	2	5	29	1	2	1
PE07C01	4	1	1	53	1	4	16
PE07C01	5	1	5	55	1	4	4
PE07C01	6	1	3	32	2	1	12
PE07C01	7	1	5	65	2	7	8
PE07C01	8	1	3	32	1	8	32
PE07C01	9	1	5	30	1	7	6
PE07C01	10	2	2	50	2	8	17
PE07C01	11	1	3	43	2	4	11
PE07C01	12	2	3	45	2	8	7
PE07C01	13	1	3	49	1	4	8
PE07C01	14	1	5	45	2	3	4
PE07C01	15	2	4	26	2	3	2
PE07C01	16	2	4	42	2	3	3
PE07C01	17	1	5	53	1	7	9
PE07C02	1	1	1	53	1	1	2
PE07C02	2	2	4	53	2	3	23
PE07C02	3	2	4	52	2	3	52
PE07C02	4	1	5	30	2	3	30
PE07C02	5	1	5	40	2	8	30
PE07C02	6	2	2	30	2	8	30
PE07C02	7	1	1	39	2	1	13
PE07C02	8	1	2	22	2	1	6
PE07C02	9	1	3	53	2	4	7
PE07C02	10	1	5	54	1	7	20
PE07C02	11	1	5	42	1	1	4
PE07C02	12	1	4	58	1	4	23
PE07C02	13	1	5	40	1	1	12
PE07C02	14	1	5	40	1	8	8
PE07C02	15	1	5	24	2	3	1
PE07C02	16	1	5	36	2	3	3
PE07C02	17	1	5	40	2	7	35
PE07C02	18	1	5	46	2	7	46
PE07C03	1	1	1	59	1	1	53
PE07C03	2	1	1	39	2	2	4
PE07C03	3	2	3	40	2	4	8
PE07C03	4	2	2	34	2	8	0
PE07C03	5	2	2	39	2	8	3
PE07C03	6	1	1	47	2	6	4
PE07C03	7	1	3	44	2	4	14
PE07C03	8	2	1	33	2	4	4
PE07C03	9	2	1	40	2	4	3
PE07C03	10	1	5	48	2	7	19
PE07C03	11	1	3	42	2	3	3
PE07C03	12	2	5	29	1	2	5
PE07C03	13	2	2	40	2	2	12
PE07C03	14	2	3	41	1	4	9
PE07C03	15	1	5	40	2	7	1
PE07C03	16	1	5	32	1	7	9
PE07C03	17	1	5	33	2	7	10
PE07C04	1	1	1	53	2	8	25
PE07C04	2	1	1	51	2	6	2
PE07C04	3	1	1	58	2	8	10
PE07C04	4	2	4	49	1	2	5
PE07C04	5	1	5	48	2	7	19
PE07C04	6	2	4	52	2	3	26
PE07C04	7	2	4	47	1	2	24
PE07C04	8	1	4	35	1	2	25
PE07C04	9	2	2	41	2	8	1
PE07C04	10	2	2	35	2	8	1
PE07C04	11	1	5	50	2	3	5
PE07C04	12	2	4	42	1	2	10
PE07C04	13	2	1	34	2	4	12
PE07C04	14	1	3	51	1	1	7
PE07C04	15	2	2	25	2	3	1
PE07C04	16	2	1	29	1	2	5
PE07C04	17	2	1	44	2	4	14
PE07C04	18	1	5	27	2	7	3
PE07C04	19	2	5	29	2	2	1
PE07C04	20	1	3	40	2	2	12
PE07C04	21	1	5	-88	88	7	88
PE07C04	22	1	5	33	2	7	10
PE08C01	1	2	3	47	1	4	12
PE08C01	2	1	1	50	2	3	17
PE08C01	3	2	4	40	1	2	5
PE08C01	4	1	5	62	2	7	32
PE08C01	5	1	5	33	2	7	32
PE08C01	6	1	5	49	2	7	25
PE08C01	7	1	5	30	2	7	1
PE08C01	8	1	5	23	1	7	7
PE08C01	9	2	3	36	2	4	13
PE08C01	10	1	2	56	2	6	12
PE08C01	11	2	5	39	2	8	2
PE08C01	12	2	5	45	1	2	1
PE08C01	13	2	3	39	2	4	5
PE08C01	14	2	5	45	1	2	3
PE08C01	15	1	1	40	2	6	13
PE08C01	16	1	2	55	1	2	1
PE08C01	17	2	5	28	2	2	0
PE08C01	18	1	1	61	1	1	35
PE08C01	19	1	5	-79	1	7	-79
PE08C01	20	1	5	-79	1	7	-79
PE08C01	88	 	 	 	 	 	 
PE08C02	2	1	1	46	2	8	41
PE08C02	3	1	1	42	2	8	42
PE08C02	4	2	4	54	2	3	12
PE08C02	5	2	4	36	2	3	5
PE08C02	6	2	1	54	1	4	10
PE08C02	7	2	2	54	2	1	26
PE08C02	8	2	2	44	2	8	23
PE08C02	9	1	3	25	2	8	25
PE08C02	10	2	2	43	2	8	12
PE08C02	11	2	2	52	2	1	19
PE08C02	12	1	13	36	2	8	16
PE08C02	13	1	5	33	1	7	10
PE08C02	14	1	5	52	2	7	36
PE08C02	15	1	5	26	2	3	2
PE09C01	1	1	5	21	2	7	3
PE09C01	2	2	5	27	2	1	4
PE09C01	3	1	1	45	2	1	10
PE09C01	4	1	1	39	2	1	39
PE09C01	5	1	2	45	1	1	0
PE09C01	6	1	1	69	1	1	69
PE09C01	7	1	3	51	2	4	51
PE09C01	8	2	3	36	2	4	7
PE09C01	9	1	5	34	2	8	36
PE09C01	10	2	1	48	2	4	23
PE09C01	11	1	3	36	2	3	36
PE09C01	12	1	5	59	1	1	59
PE09C01	13	1	5	27	2	3	3
PE09C01	14	1	5	30	2	3	0
PE09C01	15	1	5	68	1	7	0
PE09C01	16	1	3	40	1	8	8
PE09C01	17	1	3	32	2	4	4
PE09C01	88	 	 	 	 	 	 
PE09C02	1	1	1	27	2	3	3
PE09C02	2	1	1	45	1	4	2
PE09C02	3	1	5	76	2	7	77
PE09C02	4	1	5	41	2	7	41
PE09C02	5	1	3	68	2	8	68
PE09C02	6	1	2	36	1	1	36
PE09C02	7	1	3	60	1	1	60
PE09C02	8	1	1	43	2	4	22
PE09C02	9	1	5	52	1	7	25
PE09C03	1	1	1	52	1	1	52
PE09C03	2	1	1	48	1	8	25
PE09C03	3	1	1	35	1	8	10
PE09C03	4	1	3	30	1	3	4
PE09C03	5	2	4	24	2	8	24
PE09C03	6	1	1	37	1	1	37
PE09C03	7	1	4	46	1	4	16
PE09C03	8	1	5	84	2	7	84
PE09C03	9	1	5	50	2	7	50
PE09C03	10	1	5	46	1	7	30
PE09C03	11	1	5	36	2	7	6
PE09C03	12	1	5	57	2	7	50
PE09C03	13	1	5	36	1	3	8
PE09C03	14	2	3	26	2	4	2
PE09C03	15	2	3	-79	2	4	3
PE09C05	1	1	1	26	2	3	1
PE09C05	2	1	2	75	1	8	75
PE09C05	3	1	1	34	1	1	34
PE09C05	4	1	5	23	2	7	3
PE09C05	5	1	3	45	1	1	45
PE09C05	6	1	1	42	1	1	42
PE09C05	7	1	5	25	2	7	25
PE09C05	8	2	5	47	1	1	47
PE09C05	9	2	1	39	2	4	2
PE09C05	10	1	5	60	1	7	15
PE09C05	11	1	5	52	1	7	25
PE09C05	12	1	5	41	2	7	6
PE09C06	1	1	5	34	2	3	0
PE09C06	2	1	5	39	2	7	10
PE09C06	3	1	1	39	1	8	1
PE09C06	4	1	1	31	1	1	31
PE09C06	5	1	1	49	1	1	49
PE09C06	6	1	5	33	1	8	33
PE09C06	7	1	3	20	2	4	1
PE09C06	8	1	3	44	1	4	3
PE09C06	9	1	5	36	2	7	36
PE09C06	10	1	5	36	1	3	8
PE09C07	1	1	1	44	1	1	44
PE09C07	2	1	1	18	1	8	18
PE09C07	3	1	1	48	1	8	48
PE09C07	4	1	3	34	1	3	0
PE09C07	5	2	1	31	1	1	31
PE09C07	6	1	4	20	2	4	1
PE09C07	7	2	1	28	1	4	2
PE09C07	8	1	5	52	2	8	52
PE09C07	9	 	 	 	 	 	 
PE09C07	10	1	5	39	1	7	-77
PE09C07	11	1	5	36	2	7	36
PE09C08	1	1	3	36	1	3	8
PE09C08	2	1	1	42	1	1	4
PE09C08	3	1	5	13	1	7	15
PE09C08	4	1	1	39	1	5	7
PE09C08	5	1	2	42	1	1	1
PE09C08	6	1	5	60	1	7	15
PE09C08	7	1	5	52	1	7	25
PE09C08	8	1	5	41	2	7	6
PE09C08	9	1	1	33	1	2	0
PE09C08	10	2	3	40	2	4	2
PE09C08	11	2	3	39	2	4	12
PE09C08	88	 	 	 	 	 	 
PE09C09	1	1	3	35	2	3	1
PE09C09	2	1	3	61	2	8	61
PE09C09	3	1	1	73	1	8	73
PE09C09	4	1	3	41	2	8	41
PE09C09	5	1	5	59	2	7	59
PE09C09	6	1	1	50	1	8	50
PE09C09	7	1	1	86	1	8	86
PE09C09	8	1	4	49	1	1	49
PE09C09	9	1	4	30	1	3	1
PE09C09	10	2	4	50	2	3	6
PE09C09	11	1	3	38	1	1	38
PE09C09	12	2	3	-79	2	4	1
PE09C09	14	1	5	60	1	7	15
PE09C09	15	1	5	52	1	7	25
PE09C09	16	1	5	41	2	7	6
PE09C09	17	2	3	41	1	4	9
PE09C09	88	 	 	 	 	 	 
PE10C01	1	1	3	43	2	4	8
PE10C01	2	1	1	60	2	8	60
PE10C01	3	1	5	25	1	7	1
PE10C01	4	1	5	79	2	7	10
PE10C01	5	1	4	45	2	3	12
PE10C01	6	2	1	34	2	8	5
PE10C01	7	2	1	28	2	8	4
PE10C01	8	1	5	22	2	3	0
PE10C01	10	1	1	46	1	1	1
PE10C01	11	2	5	32	1	2	2
PE10C01	12	2	5	24	1	2	1
PE10C01	13	2	3	45	2	4	22
PE10C03	1	1	1	46	1	1	20
PE10C03	2	1	1	53	2	8	9
PE10C03	3	1	2	63	2	7	10
PE10C03	4	2	3	41	2	4	12
PE10C03	5	1	5	64	2	8	37
PE10C03	6	2	2	32	2	4	4
PE10C03	7	2	2	19	2	8	19
PE10C03	8	1	3	36	1	7	6
PE10C03	9	1	2	50	1	8	20
PE10C03	10	1	3	52	1	3	52
PE10C03	11	1	3	52	2	3	25
PE10C03	12	2	4	32	2	3	6
PE10C03	13	2	4	50	1	3	7
PE10C03	14	2	4	50	1	3	12
PE10C03	15	2	4	27	1	8	4
PE10C03	16	2	2	35	2	8	10
PE10C03	17	2	5	32	1	2	3
PE10C03	18	2	2	45	2	4	22
PE10C03	19	2	2	51	2	4	6
PE10C03	20	2	5	24	1	2	1
PE10C04	1	2	1	45	2	4	22
PE10C04	2	1	1	59	2	1	2
PE10C04	3	1	1	51	1	1	3
PE10C04	4	1	1	41	2	7	24
PE10C04	5	2	5	32	1	2	3
PE10C04	6	1	1	42	2	6	25
PE10C04	7	2	1	32	2	8	6
PE10C04	8	1	5	25	1	7	10
PE10C04	9	1	5	-79	2	7	10
PE10C04	10	1	5	26	2	7	9
PE10C04	11	1	4	51	2	4	6
PE10C04	12	2	3	37	2	4	6
PE10C04	13	2	4	52	2	2	25
PE10C04	14	2	4	32	2	2	6
PE10C04	15	2	5	24	1	2	1
PE10C05	1	1	1	40	1	1	40
PE10C05	2	2	4	52	2	3	25
PE10C05	3	2	4	32	2	3	6
PE10C05	4	2	4	50	1	3	7
PE10C05	5	2	4	50	1	3	12
PE10C05	6	2	4	27	1	2	4
PE10C05	7	1	1	35	1	8	16
PE10C05	8	1	1	45	1	8	17
PE10C05	9	1	1	36	2	1	36
PE10C05	10	2	2	26	2	8	0
PE10C05	11	1	5	46	2	7	30
PE10C05	12	1	5	48	2	7	20
PE10C05	13	2	1	45	2	4	22
PE10C05	14	2	1	51	2	4	99
PE10C05	15	2	5	32	1	2	3
PE10C05	16	1	5	52	1	3	25
PE10C05	17	2	1	38	2	4	8
PE11C01	1	1	5	17	2	7	17
PE11C01	2	1	5	23	2	7	23
PE11C01	3	1	1	40	1	1	40
PE11C01	4	1	4	36	2	8	36
PE11C01	5	1	4	65	2	8	65
PE11C01	6	1	4	50	2	8	50
PE11C01	7	1	3	24	2	3	0
PE11C01	8	1	3	29	2	2	0
PE11C01	9	2	5	48	1	1	48
PE11C01	10	2	5	66	1	1	66
PE11C01	11	1	3	52	1	8	52
PE11C01	12	1	2	40	1	1	40
PE11C01	13	2	1	41	1	4	41
PE11C01	14	1	2	30	1	1	30
PE11C01	15	2	1	36	2	4	2
PE11C01	16	1	5	45	2	7	45
PE11C01	17	2	4	44	1	3	44
PE11C01	18	2	1	38	1	4	39
PE11C02	1	2	3	44	1	4	6
PE11C02	2	1	1	60	1	1	60
PE11C02	3	1	5	33	1	1	33
PE11C02	4	1	1	27	1	1	27
PE11C02	5	 	2	35	2	4	5
PE11C02	6	1	5	47	1	8	1
PE11C02	7	1	5	31	2	7	1
PE11C02	8	1	1	53	1	1	16
PE11C02	9	1	3	30	2	3	2
PE11C02	10	1	5	22	2	7	22
PE11C02	11	1	5	46	1	8	46
PE11C02	12	1	5	27	1	3	27
PE11C03	1	2	3	38	1	4	2
PE11C03	2	2	3	29	2	4	3
PE11C03	3	2	4	38	2	3	0
PE11C03	4	1	1	41	1	2	0
PE11C03	5	1	1	38	2	2	0
PE11C03	6	1	3	26	2	4	26
PE11C03	7	1	2	54	1	8	54
PE11C03	8	1	1	20	1	8	20
PE11C03	9	1	4	22	1	7	22
PE11C03	10	1	2	40	1	1	40
PE11C04	1	1	3	29	1	4	4
PE11C04	2	2	1	32	2	2	7
PE11C04	3	1	3	38	2	3	0
PE11C04	4	1	1	64	1	1	64
PE11C04	5	1	5	56	1	8	96
PE11C04	6	1	1	43	1	8	43
PE11C04	7	1	4	30	1	8	30
PE11C04	8	1	3	42	1	8	42
PE11C04	9	1	1	56	1	8	56
PE11C04	10	1	4	24	1	8	20
PE11C04	11	1	5	22	2	7	22
PE11C04	12	1	5	46	1	8	46
PE11C04	13	2	4	27	1	3	27
PE11C05	1	2	3	36	2	4	5
PE11C05	2	1	3	43	2	4	12
PE11C05	3	1	3	27	1	3	27
PE11C05	4	1	3	42	1	4	4
PE11C05	5	1	2	71	1	8	71
PE11C05	6	1	5	22	2	7	22
PE11C05	7	1	5	27	1	8	27
PE11C05	8	1	1	38	1	8	38
PE11C05	9	1	1	45	1	8	45
PE11C05	10	1	1	39	1	8	39
PE11C05	11	1	5	46	1	8	46
PE11C05	12	1	2	54	2	1	30
PE11C05	13	1	5	58	1	1	58
PE11C05	14	2	5	44	1	1	44
PE11C05	15	1	5	41	1	4	41
PE11C06	1	1	1	57	1	1	57
PE11C06	2	1	1	36	1	1	36
PE11C06	3	1	1	45	1	8	45
PE11C06	4	2	3	42	1	1	42
PE11C06	5	1	5	21	2	7	21
PE11C06	6	2	1	23	2	4	1
PE11C06	7	2	1	37	1	4	4
PE11C06	8	2	1	47	2	4	9
PE11C06	9	1	4	30	2	3	2
PE11C06	10	1	5	47	1	8	1
PE11C06	11	1	5	22	2	7	22
PE11C06	12	1	5	46	1	8	46
PE11C06	13	1	 	27	1	3	27
PE11C07	1	1	1	51	2	7	15
PE11C07	2	1	4	10	1	8	10
PE11C07	3	1	4	17	1	8	17
PE11C07	4	1	4	13	1	8	13
PE11C07	5	2	1	33	2	8	6
PE11C07	6	1	1	57	1	1	50
PE11C07	7	2	3	25	2	4	2
PE11C07	8	2	4	40	1	3	4
PE11C07	9	1	2	60	2	8	54
PE11C07	10	1	5	46	1	8	15
PE12C02	1	1	1	61	1	1	31
PE12C02	2	1	1	60	1	1	31
PE12C02	3	1	1	54	1	1	30
PE12C02	4	1	1	42	2	1	22
PE12C02	5	1	1	50	2	1	31
PE12C02	6	1	1	54	2	1	30
PE12C02	7	1	1	48	1	1	28
PE12C02	8	1	1	50	1	1	31
PE12C02	9	1	1	44	2	1	22
PE12C02	10	1	1	55	2	1	30
PE12C02	11	1	5	26	2	7	6
PE12C02	12	1	5	25	2	7	25
PE12C02	13	1	5	29	2	7	1
PE12C02	14	1	5	17	1	7	17
PE12C02	15	1	5	36	2	7	10
PE12C02	16	1	5	34	2	7	10
PE12C02	17	1	5	24	2	7	6
PE12C02	18	1	5	40	1	7	8
PE12C02	19	2	3	55	1	4	20
PE12C02	20	2	3	38	2	4	5
PE12C02	21	2	2	31	2	8	2
PE12C02	22	2	2	29	2	8	2
PE12C02	23	2	4	31	1	3	7
PE12C02	24	2	4	32	2	3	4
PE12C02	25	2	4	40	2	3	7
PE12C02	26	2	5	29	2	2	0
PE12C02	88	 	 	 	 	 	 
PE12C03	1	1	1	58	1	1	31
PE12C03	2	1	1	57	1	1	30
PE12C03	3	1	1	59	1	1	31
PE12C03	4	1	1	67	1	1	31
PE12C03	5	1	1	66	2	8	31
PE12C03	6	1	5	40	1	7	18
PE12C03	7	1	5	20	2	7	3
PE12C03	8	1	5	23	1	7	3
PE12C03	9	1	5	17	1	7	2
PE12C03	10	1	5	36	2	7	10
PE12C03	11	1	5	36	2	7	10
PE12C03	12	1	5	24	2	7	6
PE12C03	13	2	2	31	2	8	2
PE12C03	14	2	2	29	2	8	2
PE12C03	15	2	3	52	1	4	18
PE12C03	16	2	3	58	1	4	20
PE12C03	17	2	3	46	2	4	7
PE12C03	18	2	3	32	2	4	5
PE12C03	19	2	3	45	2	4	8
PE12C03	20	2	4	57	1	3	14
PE12C03	21	2	4	38	2	3	1
PE12C03	22	2	4	58	2	2	31
PE12C03	23	1	1	39	1	8	17
PE12C03	24	1	1	35	1	8	15
PE12C03	25	1	5	40	1	7	12
PE12C03	26	1	5	38	2	7	18
PE12C03	27	2	5	55	1	8	3
PE13C02	1	2	1	49	1	4	1
PE13C02	2	2	1	44	2	4	15
PE13C02	3	2	1	44	2	4	7
PE13C02	4	1	1	46	1	1	12
PE13C02	5	1	1	42	1	1	15
PE13C02	6	1	1	44	1	1	21
PE13C02	7	1	5	28	2	7	1
PE13C02	8	1	5	-79	2	7	10
PE13C02	9	1	5	46	1	7	5
PE13C02	10	1	5	-79	1	7	77
PE13C02	11	2	4	27	2	7	1
PE13C02	12	2	4	28	2	8	5
PE13C02	13	2	2	47	2	1	20
PE13C02	14	2	2	42	2	8	20
PE13C02	15	2	4	37	2	3	4
PE13C02	16	2	5	45	1	8	3
PE13C02	17	1	5	-79	1	8	10
PE13C02	18	1	5	-79	2	8	5
PE13C03	1	2	3	45	1	4	0
PE13C03	2	2	4	46	1	3	8
PE13C03	3	2	4	31	2	3	6
PE13C03	4	2	4	40	2	3	10
PE13C03	5	2	3	42	2	4	6
PE13C03	6	2	5	45	1	2	3
PE13C03	7	2	1	28	2	2	2
PE13C03	8	2	1	22	2	8	1
PE13C03	9	1	5	32	1	7	1
PE13C03	10	1	5	26	1	7	2
PE13C03	11	1	1	50	2	6	4
PE13C03	12	1	1	44	2	6	5
PE13C03	13	2	1	29	2	6	5
PE13C03	14	1	1	26	2	6	3
PE13C03	15	1	5	23	2	7	4
PE13C03	16	1	5	33	1	7	8
PE13C04	1	1	1	41	2	3	9
PE13C04	2	2	4	32	1	3	12
PE13C04	3	2	4	30	2	3	3
PE13C04	4	2	4	50	2	3	8
PE13C04	5	1	1	32	2	2	4
PE13C04	6	2	1	52	2	8	2
PE13C04	7	2	1	27	2	8	1
PE13C04	8	1	1	46	1	1	16
PE13C04	9	2	4	45	2	3	10
PE13C04	10	2	4	-79	2	1	8
PE13C04	11	2	1	65	2	8	60
PE13C04	12	1	5	-79	1	7	15
PE13C04	13	1	5	36	1	7	10
PE13C04	14	1	1	7	1	7	7
PE13C04	15	1	5	10	1	8	10
PE13C04	16	2	3	48	2	4	12
PE13C04	17	2	3	60	2	4	10
PE13C04	18	2	3	38	2	4	5
PE13C04	19	2	3	45	2	4	12
PE13C04	20	2	3	40	2	4	11
PE14C02	1	1	1	75	1	8	50
PE14C02	2	1	1	56	1	4	12
PE14C02	3	2	3	37	2	4	5
PE14C02	4	1	2	67	1	8	45
PE14C02	5	1	2	69	1	1	37
PE14C02	6	2	4	53	2	3	10
PE14C02	7	2	5	32	1	2	0
PE14C02	8	2	5	26	2	2	0
PE14C02	9	1	5	28	2	7	28
PE14C02	10	2	2	29	2	8	2
PE14C02	11	1	5	27	1	3	0
PE14C02	12	2	3	56	1	4	0
PE14C02	13	1	5	20	2	7	0
PE14C02	14	1	5	33	1	7	5
PE14C02	15	1	5	19	2	7	0
PE14C02	16	1	5	43	2	7	15
PE14C02	17	1	5	30	2	7	7
PE14C02	18	1	5	33	2	7	2
PE14C02	19	1	5	55	1	7	0
PE14C02	20	1	5	23	1	7	0
PE14C02	88	 	 	 	 	 	 
PE14C03	1	1	3	58	2	1	36
PE14C03	2	2	5	30	1	2	0
PE14C03	3	1	1	72	1	1	40
PE14C03	4	1	5	60	2	7	40
PE14C03	5	1	1	59	1	1	33
PE14C03	6	1	1	53	2	1	34
PE14C03	7	2	3	43	2	4	11
PE14C03	8	2	3	58	1	4	10
PE14C03	9	1	5	35	2	7	-77
PE14C03	10	1	5	30	2	7	7
PE14C03	11	1	5	18	2	7	1
PE14C03	12	1	5	53	2	7	7
PE14C03	13	1	5	60	2	7	0
PE14C03	14	1	5	41	2	7	2
PE14C03	15	1	5	65	1	7	20
PE14C03	16	1	5	60	2	7	30
PE14C03	17	2	5	32	1	2	0
PE14C03	18	2	5	26	2	2	0
PE14C03	19	2	2	58	2	1	7
PE14C03	20	2	2	40	2	2	0
PE14C03	21	1	5	-79	2	7	1
PE14C03	22	1	5	-79	2	7	-77
PE14C03	23	1	5	-79	2	7	-77
PE14C03	24	2	4	40	1	4	6
PE14C03	25	2	4	52	2	3	10
PE14C03	26	1	5	40	2	3	5
PE14C03	27	 	 	43	1	8	20
PE14C03	28	 	 	42	1	8	20
PE14C04	1	2	3	62	1	4	1
PE14C04	2	2	3	34	2	4	5
PE14C04	3	2	3	40	2	4	5
PE14C04	4	1	5	35	2	7	77
PE14C04	5	1	5	30	2	7	7
PE14C04	6	1	5	18	2	7	1
PE14C04	7	1	5	-79	2	7	-77
PE14C04	8	1	1	34	1	1	7
PE14C04	9	1	1	50	1	1	20
PE14C04	10	1	5	35	2	7	2
PE14C04	11	1	5	58	1	7	20
PE14C04	12	1	5	55	1	7	0
PE14C04	13	1	5	23	1	7	0
PE14C04	14	2	4	52	2	3	10
PE14C04	15	2	4	40	2	3	5
PE14C04	16	2	4	43	1	3	20
PE14C04	17	2	5	32	1	2	0
PE14C04	18	2	5	26	2	2	0
PE14C04	19	1	5	79	2	7	0
PE15C01	1	1	3	26	2	3	3
PE15C01	2	1	1	44	2	7	20
PE15C01	3	1	1	46	2	7	15
PE15C01	4	1	2	40	2	8	40
PE15C01	5	1	1	74	1	1	17
PE15C01	6	1	3	41	1	4	15
PE15C01	7	1	5	40	2	8	10
PE15C01	8	2	2	45	2	2	8
PE15C01	9	2	1	36	2	8	6
PE15C01	10	1	2	37	2	6	14
PE15C01	11	1	5	56	2	7	8
PE15C01	12	2	1	32	2	4	0
PE15C01	13	1	4	60	1	8	20
PE15C01	14	2	5	-77	1	8	-77
PE15C02	1	1	1	40	1	1	23
PE15C02	2	1	1	53	1	8	14
PE15C02	3	1	5	24	2	7	1
PE15C02	4	1	5	34	1	7	7
PE15C02	5	1	2	32	2	3	4
PE15C02	6	2	4	33	2	3	7
PE15C02	7	1	1	45	1	4	94
PE15C02	8	2	1	34	2	4	7
PE15C02	9	1	5	47	2	8	22
PE15C02	10	2	4	26	1	3	1
PE15C02	11	1	4	32	2	8	16
PE15C02	12	1	4	28	2	8	28
PE15C02	13	1	1	37	1	2	37
PE15C02	14	1	1	40	2	2	4
PE15C02	15	1	5	35	2	7	35
PE15C03	1	1	1	44	1	4	15
PE15C03	2	1	1	46	1	8	38
PE15C03	3	2	1	36	2	4	1
PE15C03	4	1	1	37	1	2	0
PE15C03	5	1	2	40	1	1	40
PE15C03	6	2	4	38	1	3	38
PE15C03	7	1	2	32	2	3	4
PE15C03	8	1	5	24	2	7	1
PE15C03	9	1	5	34	1	7	7
PE15C03	10	2	4	26	1	3	1
PE15C03	11	1	5	47	2	8	22
PE15C03	12	2	1	32	2	8	28
PE15C03	13	1	1	40	2	2	4
PE15C03	14	1	5	50	2	7	50
PE15C04	1	1	1	29	2	7	29
PE15C04	2	1	5	54	2	7	25
PE15C04	3	1	5	26	2	3	26
PE15C04	4	1	2	46	1	7	16
PE15C04	5	1	3	56	1	8	16
PE15C04	6	1	1	48	1	1	22
PE15C04	7	1	1	27	1	8	16
PE15C04	8	1	5	32	1	8	0
PE15C04	9	2	1	38	1	4	5
PE15C04	10	2	1	39	2	4	4
PE15C04	11	2	3	27	2	4	1
PE15C04	12	2	3	37	1	4	12
PE15C04	13	2	3	38	1	4	1
PE15C04	14	1	5	25	2	7	0
PE15C04	15	1	5	48	2	7	0
PE15C04	16	1	5	45	1	7	0
PE15C04	17	1	5	35	1	7	0
PE15C04	18	1	5	26	1	3	0
PE15C04	19	1	5	34	1	3	0
PE15C04	20	1	3	25	2	3	0
PE15C04	21	2	5	30	2	2	0
PE15C04	88	 	 	 	 	 	 
PE15C05	1	1	1	30	1	1	30
PE15C05	2	1	2	30	1	8	30
PE15C05	3	1	1	38	1	2	16
PE15C05	4	1	1	24	1	8	24
PE15C05	5	1	4	35	2	4	17
PE15C05	6	2	3	30	2	4	20
PE15C05	7	1	5	30	1	7	8
PE15C05	8	1	3	34	1	3	1
PE15C05	9	1	5	22	2	7	1
PE15C05	10	1	5	26	2	3	0
PE15C05	11	2	5	30	2	2	0
PE15C05	12	1	3	25	2	8	0
PE15C05	13	1	5	45	1	7	0
PE15C05	14	1	5	35	1	7	0
PE15C05	15	1	5	25	2	7	0
PE15C05	16	1	5	48	2	7	0
PE15C05	88	 	 	 	 	 	 
PE15C06	1	1	3	27	1	3	0
PE15C06	2	1	4	32	1	4	3
PE15C06	3	2	2	28	1	4	4
PE15C06	4	2	3	29	2	4	4
PE15C06	5	2	5	63	1	1	30
PE15C06	6	1	1	58	1	1	30
PE15C06	7	1	1	48	1	1	20
PE15C06	8	2	3	46	1	4	15
PE15C06	9	1	5	38	1	7	5
PE15C06	10	1	5	38	2	7	10
PE15C06	11	1	5	33	2	8	33
PE15C06	12	1	5	29	2	8	8
PE15C06	13	1	5	35	2	4	2
PE15C06	14	1	5	18	1	8	2
PE15C06	15	2	2	35	2	8	15
PE15C06	16	1	4	28	1	3	2
PE15C06	17	1	4	27	2	3	0
PE15C06	18	1	3	25	2	3	0
PE15C06	19	1	5	26	1	3	0
PE15C06	20	2	2	31	2	8	0
PE15C07	1	1	1	44	2	8	44
PE15C07	2	1	1	40	1	1	40
PE15C07	3	1	3	36	2	3	1
PE15C07	4	1	3	26	2	3	1
PE15C07	5	1	4	68	1	8	46
PE15C07	6	1	2	46	1	1	21
PE15C07	7	1	4	39	2	4	0
PE15C07	8	1	5	32	2	7	32
PE15C07	9	1	5	50	2	7	30
PE15C07	10	1	5	35	2	7	35
PE15C07	11	1	5	24	2	7	1
PE15C08	1	1	1	48	1	4	48
PE15C08	2	2	1	23	2	4	23
PE15C08	3	1	1	58	1	8	30
PE15C08	4	1	1	44	1	8	16
PE15C08	5	1	5	30	1	8	30
PE15C08	6	1	4	32	1	8	32
PE15C08	7	1	5	38	1	7	0
PE15C08	8	1	5	45	1	7	0
PE15C08	9	1	5	35	1	7	0
PE15C08	10	1	5	25	2	7	0
PE15C08	11	1	5	48	2	7	0
PE15C08	12	1	5	31	2	7	0
PE15C08	13	2	2	31	2	8	0
PE15C08	14	2	5	63	1	8	0
PE15C08	15	2	4	27	1	3	0
PE15C08	16	1	3	27	2	3	0
PE15C08	17	1	5	26	1	3	0
PE15C08	18	1	5	38	2	7	0
PE15C09	1	2	4	40	1	3	5
PE15C09	2	1	1	47	1	2	27
PE15C09	3	1	1	65	1	2	25
PE15C09	4	1	1	-77	2	8	-77
PE15C09	5	1	4	39	1	4	4
PE15C09	6	1	3	30	2	3	3
PE15C09	7	2	3	26	1	8	26
PE15C09	8	1	5	26	1	3	20
PE15C09	9	1	5	18	2	3	18
PE15C09	10	1	5	46	2	8	28
PE15C09	11	1	5	31	1	7	31
PE15C09	12	1	5	34	2	7	34
PE15C09	13	1	5	31	2	7	8
PE15C09	14	1	5	45	1	7	4
PE15C09	15	1	5	35	1	7	20
PE15C09	16	1	5	25	2	7	1
PE15C09	17	1	5	48	2	7	48
PE15C09	18	1	3	39	2	8	16
PE15C09	19	2	1	31	2	6	1
PE15C09	20	2	2	30	2	2	30
PE15C09	21	1	3	25	2	3	0
PE15C09	22	1	4	36	2	4	4
PE16C01	1	1	5	40	2	3	4
PE16C01	2	1	5	29	2	3	0
PE16C01	3	1	1	39	1	1	39
PE16C01	4	1	1	36	1	1	36
PE16C01	5	1	1	29	1	1	29
PE16C01	6	1	1	38	1	1	38
PE16C01	7	1	1	44	1	1	44
PE16C01	8	1	1	42	1	1	42
PE16C01	9	1	1	26	1	1	26
PE16C01	10	1	1	33	1	8	33
PE16C01	11	2	2	56	1	4	56
PE16C01	12	2	3	39	1	1	39
PE16C01	13	2	3	24	1	8	24
PE16C01	14	1	5	-79	1	7	15
PE16C01	15	1	5	36	2	7	20
PE16C02	1	1	1	43	1	8	5
PE16C02	2	2	4	35	2	8	4
PE16C02	3	1	2	46	1	1	46
PE16C02	4	2	5	29	1	8	29
PE16C02	5	2	3	53	1	4	5
PE16C02	6	2	3	37	2	4	6
PE16C02	7	2	3	26	2	4	0
PE16C02	8	2	3	37	2	8	37
PE16C02	9	1	5	31	1	7	14
PE16C02	10	1	5	42	2	7	42
PE16C02	11	1	5	36	1	7	15
PE16C02	88	 	 	 	 	 	 
PE16C03	1	1	3	43	1	4	1
PE16C03	2	1	1	36	1	3	5
PE16C03	3	2	2	44	2	4	3
PE16C03	4	1	1	36	1	8	36
PE16C03	5	1	1	55	1	1	55
PE16C03	6	1	5	31	2	8	33
PE16C03	7	1	4	39	2	8	39
PE16C03	8	1	4	24	2	7	24
PE16C04	1	1	1	51	1	1	51
PE16C04	2	1	1	28	1	1	28
PE16C04	3	1	1	55	1	1	55
PE16C04	4	1	1	38	1	3	38
PE16C04	5	1	1	46	1	1	46
PE16C04	6	1	2	37	2	8	6
PE16C04	7	1	5	44	1	7	44
PE16C04	8	1	3	43	1	4	5
PE16C04	9	1	5	28	2	8	1
PE16C04	10	1	5	24	1	7	10
PE16C04	11	1	5	36	2	7	20
PE16C05	1	1	1	36	2	1	36
PE16C05	2	1	1	64	1	1	64
PE16C05	3	1	1	31	1	1	31
PE16C05	4	1	5	52	2	7	6
PE16C05	5	1	2	44	1	8	44
PE16C05	6	1	1	33	1	1	33
PE16C05	7	1	3	37	2	1	2
PE16C05	8	1	3	20	1	1	20
PE16C05	9	2	2	37	2	1	37
PE16C05	10	2	2	20	2	8	20
PE16C05	11	1	2	41	1	8	20
PE16C05	12	1	5	43	2	7	43
PE16C05	13	2	4	45	2	3	6
PE16C05	14	2	1	38	1	4	0
PE16C05	15	2	1	36	2	4	5
PE16C05	16	2	1	39	2	4	5
PE16C05	17	2	3	30	2	4	1
PE16C05	88	 	 	 	 	 	 
PE16C06	1	1	1	32	2	3	2
PE16C06	2	1	1	48	1	1	48
PE16C06	3	2	1	38	2	8	1
PE16C06	4	2	1	45	1	4	6
PE16C06	5	2	1	40	2	4	0
PE16C06	6	1	5	28	2	3	9
PE16C06	7	1	1	36	1	1	36
PE16C06	8	1	3	36	2	1	36
PE16C06	9	1	5	42	1	7	42
PE16C06	10	1	2	30	1	1	30
PE16C06	11	1	5	22	2	7	5
PE16C06	12	1	3	42	1	8	0
PE16C06	13	2	3	30	2	3	2
PE16C06	88	 	 	 	 	 	 
PE16C07	1	1	1	39	1	1	39
PE16C07	2	1	1	40	1	1	8
PE16C07	3	2	1	48	2	4	2
PE16C07	4	2	1	55	2	4	2
PE16C07	5	2	1	40	2	4	2
PE16C07	6	2	2	54	2	8	1
PE16C07	7	2	2	28	2	8	1
PE16C07	8	1	3	43	1	8	43
PE16C07	9	1	5	40	2	8	40
PE16C07	10	1	5	60	2	7	60
PE16C08	1	1	1	35	2	4	5
PE16C08	2	1	1	28	1	1	11
PE16C08	3	1	3	43	2	4	1
PE16C08	4	1	3	31	1	4	4
PE16C08	5	1	3	42	1	4	7
PE16C08	6	1	1	32	1	8	32
PE16C08	7	1	5	28	2	8	1
PE16C08	8	1	5	36	1	7	42
PE16C08	9	1	5	40	2	3	4
PE16C08	10	1	5	-79	2	7	20
PE16C08	11	1	5	36	2	7	20
PE16C08	88	 	 	 	 	 	 
PE17C01	1	2	3	55	2	4	24
PE17C01	2	1	1	33	1	1	5
PE17C01	3	1	5	25	2	7	25
PE17C01	4	1	5	38	2	7	5
PE17C01	5	2	3	52	1	4	3
PE17C01	6	2	4	39	2	3	5
PE17C01	7	1	5	38	1	7	12
PE17C01	8	1	5	31	2	7	31
PE17C01	9	1	5	32	1	7	11
PE17C01	10	1	5	29	2	7	5
PE17C01	11	2	3	40	2	2	0
PE17C01	88	 	 	 	 	 	 
PE17C02	1	1	1	37	2	1	15
PE17C02	2	1	3	40	1	3	5
PE17C02	3	2	4	36	1	3	0
PE17C02	4	2	4	36	2	3	6
PE17C02	5	1	1	59	1	2	25
PE17C02	6	1	3	43	2	1	43
PE17C02	7	2	1	28	2	8	28
PE17C02	8	1	1	35	1	1	35
PE17C02	9	1	1	65	1	1	61
PE17C02	10	1	2	54	1	2	54
PE17C02	11	1	2	60	1	2	60
PE17C02	12	1	3	45	1	4	16
PE17C02	13	1	5	31	2	7	31
PE17C02	14	1	5	38	1	7	12
PE17C02	15	1	5	29	2	7	5
PE17C02	16	2	3	40	2	4	40
PE17C02	88	 	 	 	 	 	 
PE17C03	1	1	3	24	2	1	2
PE17C03	2	1	5	32	2	7	10
PE17C03	3	2	3	43	1	4	6
PE17C03	4	1	2	39	2	8	6
PE17C03	5	1	5	32	1	7	11
PE17C03	6	2	1	40	2	8	0
PE17C03	7	1	1	55	1	8	7
PE17C03	8	1	1	58	1	1	5
PE17C03	9	1	3	75	1	8	75
PE17C03	10	1	1	63	1	1	66
PE17C03	11	1	4	61	1	1	61
PE17C03	12	1	1	39	2	1	16
PE17C03	13	1	1	48	2	1	48
PE17C03	14	1	3	50	1	1	50
PE17C03	15	1	1	50	2	1	50
PE17C03	16	2	1	44	1	4	3
PE17C03	17	2	5	66	1	7	66
PE17C03	18	2	4	49	1	3	42
PE17C03	19	1	5	29	2	7	5
PE17C03	20	1	5	56	2	7	56
PE17C03	88	 	 	 	 	 	 
PE17C04	1	1	3	28	2	1	10
PE17C04	2	1	5	60	1	7	60
PE17C04	3	1	1	38	1	1	15
PE17C04	4	1	1	28	2	1	5
PE17C04	5	1	2	34	1	1	4
PE17C04	6	1	3	40	2	4	1
PE17C04	7	1	1	61	1	1	5
PE17C04	8	2	1	40	2	8	0
PE17C04	9	2	1	39	2	4	2
PE17C04	10	1	5	32	1	7	11
PE17C04	11	1	5	66	1	7	66
PE17C04	12	2	4	49	1	3	42
PE17C04	13	1	5	29	2	7	5
PE17C04	14	1	5	56	2	7	56
PE17C04	88	 	 	 	 	 	 
PE17C05	1	2	1	40	2	2	0
PE17C05	2	2	1	38	2	4	13
PE17C05	3	1	1	46	1	2	46
PE17C05	4	1	1	30	2	6	30
PE17C05	5	1	1	50	1	8	50
PE17C05	6	2	5	34	2	8	34
PE17C05	7	1	5	39	2	7	39
PE17C05	8	1	5	36	2	7	36
PE17C05	9	1	2	36	1	8	12
PE17C05	10	1	5	47	1	7	57
PE17C05	11	1	5	32	1	7	11
PE17C05	12	2	4	35	2	3	6
PE17C05	13	1	5	38	1	7	38
PE17C05	14	1	5	31	2	7	31
PE17C05	88	 	 	 	 	 	 
PE17C06	1	1	1	33	2	6	33
PE17C06	2	1	1	40	1	1	40
PE17C06	3	1	1	55	1	1	55
PE17C06	4	1	3	48	1	8	48
PE17C06	5	1	2	38	1	8	38
PE17C06	6	2	5	45	1	8	45
PE17C06	7	2	5	25	1	1	25
PE17C06	8	2	5	25	1	1	25
PE17C06	9	1	5	34	1	7	34
PE17C06	10	1	5	38	1	7	12
PE17C06	11	1	5	31	2	7	31
PE17C06	12	1	5	32	1	7	11
PE17C06	13	2	3	47	1	4	6
PE17C06	14	2	4	36	2	3	6
PE17C06	15	1	5	29	2	7	5
PE17C06	16	2	4	40	1	3	5
PE17C08	1	2	1	40	2	2	0
PE17C08	2	2	1	52	1	2	21
PE17C08	3	1	1	32	1	8	32
PE17C08	4	2	1	28	2	1	28
PE17C08	5	1	2	56	2	8	56
PE17C08	6	1	3	32	1	8	32
PE17C08	7	1	3	30	1	1	30
PE17C08	8	1	3	27	1	1	5
PE17C08	9	1	1	35	1	1	35
PE17C08	10	1	1	50	1	1	30
PE17C08	11	1	5	36	1	7	36
PE17C08	12	1	2	60	1	8	60
PE17C08	13	1	5	40	1	8	40
PE17C08	14	1	1	37	1	1	37
PE17C08	15	2	1	28	2	8	28
PE17C08	16	2	1	21	1	8	21
PE17C08	17	2	5	44	1	8	25
PE17C08	18	1	5	47	1	7	47
PE17C08	19	1	5	32	1	7	11
PE17C08	20	2	4	35	2	3	6
PE17C08	21	1	5	38	1	7	38
PE17C08	22	1	5	31	1	7	31
PE17C08	88	 	 	 	 	 	 
PE17C09	1	2	1	40	2	2	0
PE17C09	2	2	1	37	1	4	5
PE17C09	3	1	1	30	1	1	30
PE17C09	4	1	1	67	1	1	67
PE17C09	5	1	3	50	1	1	50
PE17C09	6	1	1	55	1	1	55
PE17C09	7	2	4	35	2	3	6
PE17C09	8	2	4	29	1	3	1
PE17C09	9	1	5	62	1	7	62
PE17C09	10	1	1	58	1	8	28
PE17C09	11	1	5	47	1	7	57
PE17C09	12	1	5	32	1	7	11
PE17C09	13	1	5	29	2	7	5
PE17C09	88	 	 	 	 	 	 
PE17C10	1	1	2	32	1	1	6
PE17C10	2	1	3	50	2	3	24
PE17C10	3	2	4	39	2	3	1
PE17C10	4	2	4	50	2	2	24
PE17C10	5	2	4	48	2	3	19
PE17C10	6	1	5	40	2	3	4
PE17C10	7	1	5	59	2	7	50
PE17C10	8	1	1	52	1	1	52
PE17C10	9	1	1	35	2	1	35
PE17C10	10	1	1	25	2	2	16
PE17C10	11	1	3	52	1	2	21
PE17C10	12	2	1	40	2	2	40
PE17C10	13	2	5	-79	1	1	-77
PE17C10	14	1	5	29	2	7	5
PE17C10	15	1	5	66	1	7	66
PE17C10	16	1	5	56	2	7	56
PE17C10	17	1	5	32	1	7	11
PE17C10	88	 	 	 	 	 	 
PE17C11	1	1	1	56	1	1	56
PE17C11	2	1	1	48	1	1	48
PE17C11	3	1	2	78	1	1	78
PE17C11	4	1	2	55	1	2	55
PE17C11	5	2	4	49	1	3	42
PE17C11	6	1	3	42	2	1	42
PE17C11	7	2	1	49	1	1	49
PE17C11	8	1	5	41	2	7	41
PE17C11	9	2	1	46	1	4	5
PE17C11	10	2	1	40	2	4	3
PE17C11	11	2	1	48	2	4	0
PE17C11	12	1	5	29	2	7	5
PE17C11	13	1	5	66	1	7	66
PE17C11	14	1	5	32	1	7	11
PE17C11	88	 	 	 	 	 	 
PE18C01	1	1	1	38	1	1	38
PE18C01	2	1	10	28	1	1	28
PE18C01	3	1	2	32	1	1	32
PE18C01	4	1	3	35	1	8	35
PE18C01	5	1	3	20	1	1	20
PE18C01	6	1	5	36	2	7	36
PE18C01	7	2	3	32	2	1	1
PE18C01	8	2	1	40	1	4	3
PE18C01	9	2	1	31	1	4	0
PE18C01	10	1	5	37	2	8	37
PE18C01	11	1	5	79	1	7	77
PE18C01	12	1	5	3	2	1	1
PE18C01	13	1	5	-79	1	7	-77
PE18C01	14	1	5	79	1	7	-77
PE18C01	15	1	5	-79	1	7	-77
PE18C01	16	1	5	-79	1	8	-77
PE18C01	17	1	5	-79	1	8	-77
PE18C01	18	1	5	24	2	7	4
PE18C01	19	1	5	41	1	7	41
PE18C01	88	 	 	 	 	 	 
PE18C02	1	2	3	33	2	4	5
PE18C02	2	2	3	40	2	4	9
PE18C02	3	2	3	37	2	4	0
PE18C02	4	2	3	38	2	4	2
PE18C02	5	1	3	29	2	3	1
PE18C02	6	1	3	28	2	3	4
PE18C02	7	2	1	45	2	4	10
PE18C02	8	2	1	38	1	4	12
PE18C02	9	2	2	48	2	8	25
PE18C02	10	2	2	21	2	8	4
PE18C02	11	1	5	41	1	7	41
PE18C02	12	1	5	24	2	7	4
PE18C02	13	2	1	42	1	4	5
PE18C02	14	1	1	32	1	1	32
PE18C02	15	1	1	36	1	1	36
PE18C02	16	1	1	35	1	1	35
PE18C02	17	1	1	32	1	1	32
PE18C02	18	1	1	27	1	1	27
PE18C02	19	1	2	33	1	1	33
PE18C02	20	1	5	32	2	3	1
PE18C02	21	1	5	-79	1	7	-77
PE18C02	22	1	5	37	2	8	37
PE18C02	23	1	5	-79	1	7	-77
PE18C02	24	1	5	-79	1	7	-77
PE18C02	25	1	5	-79	1	7	-77
PE18C02	26	1	5	-79	1	7	-77
PE18C03	1	1	1	37	1	1	37
PE18C03	2	1	1	31	1	1	31
PE18C03	3	1	1	34	1	1	34
PE18C03	4	1	1	48	1	1	48
PE18C03	5	1	2	29	1	1	29
PE18C03	6	1	2	24	1	1	24
PE18C03	7	1	2	33	1	1	33
PE18C03	8	1	3	43	2	1	43
PE18C03	9	1	3	29	2	3	4
PE18C03	10	2	1	49	2	4	17
PE18C03	11	1	5	23	1	7	5
PE18C03	12	1	4	69	2	8	50
PE18C03	13	1	5	33	2	7	15
PE18C03	14	2	1	29	2	4	0
PE18C03	15	2	1	38	2	4	6
PE18C03	16	2	2	36	2	8	2
PE18C03	17	2	5	49	1	2	2
PE18C03	18	1	3	42	1	2	-99
PE18C03	19	2	5	20	2	8	20
PE18C03	20	1	5	-79	1	7	-77
PE18C03	21	1	5	-79	1	7	-77
PE18C03	22	1	5	32	2	8	8
PE18C03	23	1	5	-79	1	8	-77
PE18C03	24	1	5	-79	1	7	-77
PE18C03	25	1	5	-79	1	7	-77
PE18C04	1	2	3	40	1	4	4
PE18C04	2	2	3	27	2	8	3
PE18C04	3	1	1	40	1	1	40
PE18C04	4	1	1	48	1	1	48
PE18C04	5	1	1	62	1	1	62
PE18C04	6	1	3	39	1	3	12
PE18C04	7	1	5	-79	2	7	77
PE18C04	8	1	5	37	2	8	37
PE18C04	9	1	5	-79	1	7	-77
PE18C04	10	1	5	-79	1	7	-77
PE18C04	11	1	5	-79	1	8	-77
PE18C04	12	1	5	-79	1	8	-77
PE18C04	13	1	5	-79	1	7	-77
PE18C04	14	1	5	29	2	3	1
PE18C04	88	 	 	 	 	 	 
PE18C05	1	1	1	43	2	8	25
PE18C05	2	1	1	37	2	8	37
PE18C05	3	1	1	39	1	8	15
PE18C05	4	1	1	40	1	1	40
PE18C05	5	1	5	79	2	7	-77
PE18C05	6	1	5	37	2	7	37
PE18C05	7	1	5	-79	1	7	-77
PE18C05	8	1	5	-79	1	7	-77
PE18C05	9	1	5	-79	1	8	-77
PE18C05	10	1	5	-79	1	8	-77
PE18C05	13	1	5	-79	1	7	-77
PE18C05	14	1	5	29	2	3	1
PE18C05	88	 	 	 	 	 	 
PE18C06	1	2	2	25	2	8	3
PE18C06	2	1	1	20	1	8	20
PE18C06	3	1	1	78	1	8	78
PE18C06	4	1	1	77	2	8	77
PE18C06	5	1	3	43	2	8	20
PE18C06	6	1	2	48	1	8	48
PE18C06	7	1	2	50	1	8	50
PE18C06	8	2	3	36	1	8	36
PE18C06	9	1	5	30	2	7	30
PE18C06	10	1	5	30	2	7	30
PE18C06	11	1	5	23	1	7	5
PE18C06	12	1	5	33	2	7	15
PE18C06	13	1	5	-79	1	7	-77
PE18C06	14	1	5	-79	1	7	-77
PE18C06	15	1	5	-79	1	7	-77
PE18C06	16	1	5	-79	1	8	-77
PE18C06	17	1	5	32	2	8	8
PE18C06	18	1	5	29	2	3	4
PE18C06	19	2	3	38	2	4	6
PE18C06	20	2	3	29	2	4	0
PE18C06	21	2	3	49	2	4	17
PE18C06	88	 	 	 	 	 	 
PE18C07	1	2	1	51	1	4	19
PE18C07	2	2	1	38	1	4	0
PE18C07	3	2	4	33	2	3	9
PE18C07	4	2	4	33	2	3	9
PE18C07	5	1	1	42	1	1	42
PE18C07	6	1	1	45	1	2	45
PE18C07	7	2	3	36	2	4	5
PE18C07	8	2	3	40	2	4	14
PE18C07	9	2	2	42	2	8	6
PE18C07	10	2	4	35	1	3	35
PE18C07	11	2	4	28	2	3	28
PE18C07	12	1	2	30	2	2	30
PE18C07	13	1	5	79	2	7	-77
PE18C07	14	1	5	35	2	7	35
PE18C07	15	1	5	-79	1	7	-77
PE18C07	16	1	5	-79	1	7	-77
PE18C07	17	1	5	-79	1	7	-77
PE18C07	18	2	5	42	1	8	42
PE18C07	19	2	5	64	1	8	7
PE18C07	20	1	5	-79	1	7	-77
PE18C07	21	1	5	32	1	7	8
PE19C01	1	1	1	37	2	1	37
PE19C01	2	1	1	45	2	1	12
PE19C01	3	1	5	22	2	7	1
PE19C01	4	2	3	32	2	4	4
PE19C01	5	2	3	23	2	8	16
PE19C01	6	2	3	24	2	8	24
PE19C01	7	2	4	32	2	3	1
PE19C01	8	2	4	36	2	3	3
PE19C01	9	2	4	26	2	3	6
PE19C01	10	2	1	55	1	4	9
PE19C01	11	2	4	44	2	3	4
PE19C01	12	2	4	53	1	3	16
PE19C01	13	2	4	32	2	3	0
PE19C01	14	2	2	19	2	8	0
PE19C01	15	2	2	21	2	8	1
PE19C01	16	1	5	36	1	7	10
PE19C01	17	1	5	47	2	7	47
PE19C01	18	1	5	30	2	7	30
PE19C01	19	2	5	47	2	2	7
PE19C01	20	1	5	27	2	7	1
PE19C01	21	1	5	30	2	7	2
PE19C01	22	1	5	29	2	7	4
PE19C01	23	1	5	21	2	7	1
PE19C01	24	1	5	22	2	7	1
PE19C01	25	1	5	22	1	7	1
PE19C01	26	1	5	23	2	7	1
PE19C02	1	1	1	44	2	8	24
PE19C02	2	1	2	38	2	8	4
PE19C02	3	1	2	40	2	8	40
PE19C02	4	1	3	48	1	8	46
PE19C02	5	1	1	58	1	1	58
PE19C02	6	1	5	25	2	7	6
PE19C02	7	1	5	53	1	7	15
PE19C02	8	2	3	51	2	4	24
PE19C02	9	2	2	33	2	8	2
PE19C02	10	2	4	42	2	3	3
PE19C02	11	1	5	22	2	7	1
PE19C02	12	1	5	23	1	7	2
PE19C02	13	1	5	30	2	7	2
PE19C02	14	1	5	29	2	7	4
PE19C02	15	1	5	27	2	7	1
PE19C02	16	1	5	21	2	7	1
PE19C02	17	1	5	53	1	7	20
PE19C02	18	1	5	35	2	7	2
PE19C02	19	1	5	23	2	7	1
PE19C02	88	 	 	 	 	 	 
PE19C03	1	1	1	52	1	1	3
PE19C03	2	2	4	29	1	3	0
PE19C03	3	2	4	32	2	3	4
PE19C03	4	2	3	36	2	4	2
PE19C03	5	1	5	29	1	8	29
PE19C03	6	2	5	30	1	8	15
PE19C03	7	1	5	43	2	7	25
PE19C03	8	1	5	22	2	7	1
PE19C03	9	1	5	23	1	7	2
PE19C03	10	1	5	30	2	7	2
PE19C03	11	1	5	20	2	7	1
PE19C03	12	1	5	29	2	7	4
PE19C03	13	1	5	27	2	7	1
PE19C03	14	1	5	21	2	7	1
PE19C03	15	1	5	53	2	7	20
PE19C03	16	1	5	35	2	7	2
PE19C03	17	1	5	23	2	7	1
PE19C03	18	1	5	45	2	7	5
PE19C03	88	 	 	 	 	 	 
PE19C04	1	1	1	35	1	1	35
PE19C04	2	1	1	50	2	2	25
PE19C04	3	2	4	44	2	3	13
PE19C04	4	2	4	35	2	3	3
PE19C04	5	2	4	24	2	3	0
PE19C04	6	1	3	38	2	3	4
PE19C04	7	1	2	48	1	1	48
PE19C04	8	1	3	37	2	2	15
PE19C04	9	2	1	33	2	4	5
PE19C04	10	1	5	52	1	7	3
PE19C04	11	1	5	28	2	7	28
PE19C04	12	1	5	42	1	7	42
PE19C04	13	1	5	40	1	7	40
PE19C04	14	1	5	47	2	8	24
PE19C04	15	1	5	30	2	7	2
PE19C04	16	1	5	20	2	7	1
PE19C04	17	1	5	21	2	7	1
PE19C04	18	1	5	27	2	7	1
PE19C04	19	1	5	34	2	7	4
PE19C04	20	1	5	22	1	7	1
PE19C04	21	1	5	-79	1	7	-77
PE19C04	88	 	 	 	 	 	 
PE19C05	1	1	5	30	1	7	30
PE19C05	2	1	1	55	1	1	23
PE19C05	3	2	3	39	2	4	11
PE19C05	4	2	2	25	2	8	1
PE19C05	5	2	2	36	2	8	5
PE19C05	6	2	3	45	2	4	1
PE19C05	7	1	5	37	2	7	37
PE19C05	8	2	4	42	2	3	3
PE19C05	9	1	5	30	2	7	2
PE19C05	10	1	5	22	2	7	1
PE19C05	11	2	5	47	2	2	7
PE19C05	12	1	5	27	2	7	1
PE19C05	13	1	5	29	2	7	4
PE19C05	14	1	5	21	2	7	1
PE19C05	15	1	5	22	1	7	1
PE19C05	16	1	5	23	2	7	1
PE20C01	1	1	5	28	1	7	15
PE20C01	2	2	1	45	1	4	0
PE20C01	3	2	4	33	1	3	2
PE20C01	4	2	4	26	2	3	0
PE20C01	5	2	4	28	2	3	2
PE20C01	6	2	4	42	2	3	3
PE20C01	7	1	3	40	2	4	4
PE20C01	8	1	3	29	1	2	2
PE20C01	9	1	3	30	2	6	20
PE20C01	10	1	3	43	2	6	15
PE20C01	11	1	1	40	1	1	20
PE20C01	12	1	5	61	2	7	10
PE20C01	13	2	5	46	2	2	25
PE20C01	14	2	5	54	2	2	7
PE20C01	15	1	3	33	1	2	4
PE20C01	16	1	5	25	2	7	0
PE20C01	17	1	5	20	2	7	0
PE20C01	18	1	5	45	1	7	0
PE20C01	19	1	5	56	1	7	0
PE20C01	20	1	5	18	2	7	0
PE20C01	21	1	5	24	2	7	1
PE20C02	1	1	1	40	2	8	30
PE20C02	2	1	1	43	2	8	25
PE20C02	3	2	3	36	2	4	0
PE20C02	4	2	3	42	2	4	12
PE20C02	5	2	3	34	2	4	0
PE20C02	6	2	3	38	2	4	3
PE20C02	7	2	4	30	1	3	0
PE20C02	8	2	4	31	2	3	0
PE20C02	9	2	4	35	2	3	1
PE20C02	10	1	1	30	1	8	20
PE20C02	11	2	3	42	1	4	1
PE20C02	12	1	5	58	1	7	20
PE20C02	13	1	5	26	2	7	26
PE20C02	14	1	5	56	1	7	3
PE20C02	15	1	5	45	1	7	0
PE20C02	16	1	5	20	2	7	0
PE20C02	17	1	5	18	2	7	0
PE20C02	18	1	5	24	2	7	1
PE20C02	19	1	5	25	2	7	0
PE20C02	20	2	5	46	2	2	25
PE20C02	21	2	5	54	2	2	7
PE20C02	22	2	5	29	1	2	2
PE20C02	23	1	3	33	1	2	4
PE20C02	88	 	 	 	 	 	 
PE20C03	1	2	3	43	2	4	20
PE20C03	2	2	3	39	2	4	6
PE20C03	3	2	3	32	2	4	3
PE20C03	4	2	2	27	2	8	8
PE20C03	5	1	5	37	2	7	14
PE20C03	6	1	5	24	2	7	1
PE20C03	7	2	4	30	1	3	0
PE20C03	8	2	4	31	2	3	0
PE20C03	9	2	4	35	2	3	1
PE20C03	10	2	3	46	1	4	8
PE20C03	11	1	1	20	2	8	2
PE20C03	12	1	1	31	2	8	3
PE20C03	13	1	1	45	1	1	15
PE20C03	14	1	5	56	1	7	3
PE20C03	15	1	5	45	1	7	0
PE20C03	16	1	5	20	2	7	0
PE20C03	17	1	5	56	2	7	0
PE20C03	18	1	5	18	2	7	0
PE20C03	19	1	5	24	2	7	1
PE20C03	20	1	5	35	1	7	0
PE20C03	21	2	5	46	2	2	25
PE20C03	22	2	5	54	2	2	7
PE20C03	23	2	5	29	1	2	2
PE20C03	24	1	3	33	1	2	4
PE20C04	1	2	1	41	2	4	7
PE20C04	2	2	1	42	2	4	4
PE20C04	3	2	2	23	2	8	1
PE20C04	4	1	5	34	2	7	10
PE20C04	5	1	5	20	1	7	5
PE20C04	6	1	1	45	1	1	28
PE20C04	7	2	4	33	1	3	2
PE20C04	8	2	4	26	2	3	0
PE20C04	9	2	4	28	2	3	2
PE20C04	10	2	4	42	2	3	3
PE20C04	11	2	5	46	2	2	25
PE20C04	12	2	5	54	2	2	7
PE20C04	13	2	2	33	1	2	4
PE20C04	14	2	5	29	1	2	2
PE20C04	15	1	5	45	1	7	0
PE20C04	16	1	5	20	2	7	3
PE20C04	17	1	5	25	2	7	0
PE20C04	18	1	5	18	2	7	0
PE20C04	19	1	5	24	2	7	1
PE20C04	88	 	 	 	 	 	 
PE20C05	1	2	3	50	1	4	12
PE20C05	2	2	3	32	2	4	3
PE20C05	3	2	3	31	1	8	1
PE20C05	4	2	2	29	2	8	1
PE20C05	5	1	5	31	1	7	3
PE20C05	6	1	5	22	2	7	0
PE20C05	7	2	4	30	1	3	0
PE20C05	8	2	4	31	2	3	0
PE20C05	9	2	4	35	2	3	1
PE20C05	10	1	1	45	1	1	20
PE20C05	11	1	1	45	2	8	17
PE20C05	12	1	3	26	2	6	4
PE20C05	13	1	5	20	2	7	0
PE20C05	14	1	5	56	1	7	3
PE20C05	15	1	5	45	1	7	0
PE20C05	16	1	5	25	2	7	0
PE20C05	17	1	5	18	2	7	0
PE20C05	18	1	5	24	2	7	1
PE20C05	19	1	5	35	1	7	0
PE20C05	20	1	3	33	1	2	4
PE20C05	88	 	 	 	 	 	 
PE80C01	1	1	1	54	1	2	22
PE80C01	2	1	1	57	2	2	4
PE80C01	3	1	1	44	2	2	23
PE80C01	4	2	4	50	1	3	15
PE80C01	5	2	4	55	2	3	23
PE80C01	6	2	4	45	1	2	24
PE80C01	7	2	4	50	1	2	25
PE80C01	8	1	5	40	2	3	6
PE80C01	9	1	5	59	1	8	23
PE80C01	10	1	5	54	1	8	24
PE80C01	11	2	1	60	2	2	60
PE80C01	12	2	5	31	2	2	3
PE80C01	13	2	5	49	2	2	49
PE80C01	14	1	5	27	2	7	3
PE80C01	15	1	5	35	2	7	15
PE80C01	16	1	5	30	2	7	20
PE80C01	17	1	5	50	1	7	30
PE80C01	18	1	5	47	2	7	47
PE80C01	19	1	5	-88	88	8	88
PE80C01	20	1	1	70	1	7	70
PE80C01	21	1	1	64	1	7	64
PE80C01	22	1	1	50	2	2	50
PE80C01	23	2	3	37	2	4	17
PE80C01	24	2	3	48	2	4	4
PE80C01	25	2	2	29	2	4	29
PE80C01	26	2	2	49	2	8	49
PE80C01	27	1	5	88	88	7	88
PE80C01	28	1	5	88	88	7	88
PE80C02	1	1	1	54	1	8	26
PE80C02	2	1	1	35	1	8	35
PE80C02	3	1	1	58	1	8	10
PE80C02	4	2	1	43	2	8	2
PE80C02	5	1	1	44	1	8	5
PE80C02	6	1	1	48	1	8	3
PE80C02	7	2	1	27	2	8	11
PE80C02	8	2	2	27	2	8	10
PE80C02	9	1	5	34	2	7	34
PE80C02	10	1	5	38	2	7	5
PE80C02	11	1	5	45	2	7	8
PE80C02	12	1	5	32	2	7	2
PE80C02	13	1	5	17	2	7	3
PE80C02	14	1	5	17	2	7	5
PE80C02	15	1	5	67	1	7	35
PE80C02	16	1	5	54	2	7	38
PE80C02	17	2	3	43	2	4	25
PE80C02	18	2	3	47	1	4	18
PE80C02	19	2	4	35	1	3	0
PE80C02	20	2	4	31	2	3	6
PE80C02	21	2	5	48	2	8	48
PE80C02	22	2	5	55	1	2	12
PE80C02	23	1	5	50	2	3	18
PE80C03	1	1	1	30	1	1	29
PE80C03	2	1	1	38	1	2	29
PE80C03	3	1	1	40	1	2	21
PE80C03	4	1	1	38	1	1	6
PE80C03	5	1	1	39	1	2	18
PE80C03	6	1	1	42	1	2	21
PE80C03	7	1	5	31	1	7	10
PE80C03	8	1	5	49	2	7	30
PE80C03	9	1	5	35	2	7	35
PE80C03	10	1	5	45	1	7	10
PE80C03	11	1	5	27	1	7	22
PE80C03	12	1	5	46	1	7	24
PE80C03	13	1	5	-99	2	7	-77
PE80C03	14	2	1	37	1	4	27
PE80C03	15	2	2	45	2	8	6
PE80C03	16	2	4	48	2	3	19
PE80C03	17	2	4	32	2	3	1
PE80C03	18	2	3	42	2	4	18
PE80C03	19	2	4	38	1	3	10
PE80C03	20	2	4	35	2	2	26
PE80C03	21	2	4	35	2	3	1
PE80C03	22	2	5	43	1	2	14
PE80C03	23	1	1	45	1	8	27
PE80C03	24	1	1	45	1	8	21
PE80C04	1	1	1	39	1	2	26
PE80C04	2	1	1	34	1	1	12
PE80C04	3	1	1	26	1	1	26
PE80C04	4	1	1	26	1	1	26
PE80C04	5	1	1	40	1	1	20
PE80C04	6	2	4	48	2	3	30
PE80C04	7	2	4	26	2	3	2
PE80C04	8	2	4	42	2	3	10
PE80C04	9	2	3	28	2	4	8
PE80C04	10	2	4	26	2	8	5
PE80C04	11	2	3	37	1	4	37
PE80C04	12	2	5	43	2	2	2
PE80C04	13	2	2	28	2	8	28
PE80C04	14	1	1	27	2	8	2
PE80C04	15	1	5	41	2	7	1
PE80C04	16	1	5	40	2	7	9
PE80C04	17	1	5	26	1	7	25
PE80C04	18	1	5	39	2	7	20
PE80C04	19	1	5	16	2	7	16
PE80C04	20	1	5	18	2	7	18
PE80C04	21	1	5	22	1	7	22
PE80C04	22	2	5	43	1	8	14
PE80C05	1	1	1	60	1	1	10
PE80C05	2	1	1	28	1	2	10
PE80C05	3	1	1	57	1	2	27
PE80C05	4	1	1	40	2	2	21
PE80C05	5	1	5	22	1	7	1
PE80C05	6	1	5	20	2	7	2
PE80C05	7	1	5	40	1	7	18
PE80C05	8	1	5	30	1	7	8
PE80C05	9	1	5	28	1	7	10
PE80C05	10	1	5	21	2	7	10
PE80C05	11	1	5	30	1	7	5
PE80C05	12	1	5	36	1	7	9
PE80C05	13	2	1	43	1	4	43
PE80C05	14	2	2	29	2	8	10
PE80C05	15	2	4	28	2	3	2
PE80C05	16	2	4	32	1	2	32
PE80C05	17	2	4	48	2	2	20
PE80C05	18	2	5	50	2	2	9
PE80C05	19	1	1	49	1	8	49
PE80C05	20	1	1	39	2	8	39
PE80C05	21	1	1	43	2	8	20
PE80C06	1	1	1	40	1	1	5
PE80C06	2	1	1	35	1	2	35
PE80C06	3	1	1	48	2	2	48
PE80C06	4	1	1	56	1	2	56
PE80C06	5	1	5	20	2	7	2
PE80C06	6	1	5	38	1	7	38
PE80C06	7	1	5	34	2	7	34
PE80C06	8	1	5	22	2	7	22
PE80C06	9	1	5	37	1	7	37
PE80C06	10	2	1	51	1	4	3
PE80C06	11	2	2	28	2	8	20
PE80C06	12	2	2	34	2	8	4
PE80C06	13	2	2	39	2	4	6
PE80C06	14	1	5	35	1	7	8
PE80C06	15	1	5	35	1	7	3
PE80C06	16	1	5	41	2	3	8
PE80C06	17	2	4	28	2	3	28
PE80C06	18	2	4	25	1	2	25
PE80C06	19	2	4	46	2	2	21
PE80C06	20	1	1	39	2	8	2
PE80C06	21	2	5	42	2	2	5
PE80C06	22	1	1	50	1	8	50
PE80C06	23	1	1	45	1	8	45
PE80C07	1	1	1	36	2	1	9
PE80C07	2	1	3	37	2	1	9
PE80C07	3	1	1	21	2	8	3
PE80C07	4	2	2	23	2	8	6
PE80C07	5	2	2	32	2	8	27
PE80C07	6	2	1	33	2	4	2
PE80C07	7	1	4	31	2	8	5
PE80C07	8	2	1	55	1	4	14
PE80C07	9	2	1	52	1	4	9
PE80C07	10	1	4	47	2	2	25
PE80C07	11	1	1	48	1	1	22
PE80C07	12	1	5	31	2	3	8
PE80C07	13	2	5	53	1	3	0
PE80C07	14	1	5	47	1	7	6
PE80C07	15	2	4	27	2	3	4
PE80C07	16	1	5	33	2	7	33
PE80C07	17	1	5	41	1	3	7
PE80C08	1	1	1	59	1	8	3
PE80C08	2	2	4	52	2	3	33
PE80C08	3	2	4	38	2	3	38
PE80C08	4	2	4	36	2	3	6
PE80C08	5	2	3	51	2	4	51
PE80C08	6	2	3	52	1	4	52
PE80C08	7	2	3	42	1	4	42
PE80C08	8	2	5	35	1	8	99
PE80C08	9	2	3	24	1	8	14
PE80C08	10	1	5	36	2	7	20
PE80C08	11	1	5	-79	1	7	15
PE80C08	12	2	1	61	1	8	61
PE80C08	13	1	3	27	1	8	3
PE80C08	14	1	3	40	1	8	40
PE80C08	15	1	3	45	1	8	2
PE80C08	16	1	5	24	1	7	12
PE80C08	17	2	1	79	2	 	-77
PE80C09	1	1	1	47	2	8	20
PE80C09	2	2	5	43	2	2	2
PE80C09	3	1	1	45	1	2	14
PE80C09	4	2	2	53	2	2	4
PE80C09	5	1	1	60	2	8	35
PE80C09	6	2	4	38	2	3	11
PE80C09	7	2	4	40	2	3	16
PE80C09	8	2	4	28	2	3	5
PE80C09	9	2	4	45	1	3	13
PE80C09	10	2	1	39	1	4	6
PE80C09	11	2	4	60	1	3	4
PE80C09	12	1	5	54	2	7	30
PE80C09	13	1	5	39	1	7	39
PE80C09	14	1	5	19	1	7	19
PE80C09	15	1	5	18	2	7	18
PE80C09	16	1	5	28	2	7	28
PE80C09	17	1	5	48	1	7	48
PE80C09	18	1	5	18	2	7	18
PE80C09	19	1	5	36	1	7	9
PE80C09	20	1	5	28	1	7	1
PE80C10	1	2	1	44	1	4	29
PE80C10	2	2	1	36	2	4	6
PE80C10	3	1	3	45	2	3	1
PE80C10	4	2	4	24	2	3	0
PE80C10	5	2	2	53	2	8	24
PE80C10	6	2	2	25	2	8	0
PE80C10	7	2	5	49	2	2	7
PE80C10	8	2	4	49	2	3	25
PE80C10	9	1	1	42	1	1	45
PE80C10	10	1	1	57	1	1	48
PE80C10	11	1	3	41	1	2	11
PE80C10	12	1	3	56	1	2	15
PE80C10	13	1	3	43	2	2	43
PE80C10	14	1	4	34	1	2	15
PE80C10	15	1	5	23	2	7	1
PE80C10	16	1	5	22	1	7	1
PE80C10	17	1	5	22	2	7	1
PE80C10	18	1	5	30	2	7	2
PE80C10	19	1	5	21	2	7	1
PE80C10	20	1	5	29	2	7	4
PE80C10	21	1	5	20	2	77	1
PE80C10	22	1	5	45	2	7	5
PE80C10	23	1	5	53	1	7	20
PE80C10	24	1	5	35	2	7	2
PE80C10	25	1	1	57	2	8	57
PE80C10	26	1	2	58	1	8	40
PE80C10	88	 	 	 	 	 	 
