CHILDID	SASSID	SASSET	NUMSASS	VALSASS	DECSASS
VN010001	1	1	4	70	1
VN010002	1	22	-99	-99	99
VN010003	1	1	4	85	2
VN010006	1	1	5	200	1
VN010007	1	23	4	500	2
VN010008	1	1	4	60	2
VN010008	2	3	1	45	2
VN010009	1	1	4	200	3
VN010012	1	8	3	350	2
VN010013	1	22	-77	-77	80
VN010014	1	1	4	100	2
VN010015	1	1	5	250	80
VN010016	1	1	2	50	2
VN010017	1	8	1	300	1
VN010017	2	1	4	50	2
VN010018	1	1	4	150	2
VN010019	1	9	4	100	2
VN010019	2	10	4	1665	2
VN010020	1	1	7	15	3
VN010020	2	3	1	35	3
VN010021	1	22	-77	-77	2
VN010024	1	1	3	50	1
VN010024	2	3	1	30	1
VN010024	3	8	1	1000	1
VN010025	1	1	3	230	80
VN010025	2	8	4	650	80
VN010026	1	1	3	180	80
VN010026	2	8	2	350	80
VN010027	1	1	4	50	1
VN010027	2	3	1	50	1
VN010029	1	1	3	30	2
VN010029	2	3	1	25	2
VN010030	1	1	4	370	80
VN010031	1	23	3	100	3
VN010033	1	1	4	180	2
VN010034	1	1	4	40	2
VN010035	1	1	-77	-77	80
VN010036	1	1	3	150	80
VN010036	2	8	1	100	80
VN010037	1	1	4	50	2
VN010037	2	3	1	80	2
VN010038	1	1	4	50	2
VN010039	1	1	4	50	2
VN010040	1	1	3	250	80
VN010042	1	1	4	130	80
VN010043	1	1	2	30	2
VN010044	1	22	-77	-77	2
VN010045	1	1	4	30	2
VN010046	1	13	3	50	4
VN010047	1	8	4	100	1
VN010048	1	4	1	5000	1
VN010048	2	1	3	30	1
VN010048	3	3	1	50	1
VN010049	1	1	3	40	2
VN010050	1	1	5	400	80
VN010051	1	1	4	160	2
VN010052	1	20	1	200	1
VN010053	1	1	1	4	1
VN010053	2	30	1	0	1
VN010054	1	1	2	12	2
VN010055	1	1	3	30	3
VN010056	1	1	2	30	80
VN010058	1	1	3	200	2
VN010059	1	1	2	60	80
VN010060	1	1	3	100	2
VN010062	1	1	3	200	3
VN010063	1	1	2	50	80
VN010064	1	1	3	50	2
VN010065	1	26	1	200	2
VN010067	1	2	3	650	1
VN010067	2	1	3	60	2
VN010068	1	1	3	30	2
VN010068	2	3	1	20	2
VN010068	3	8	2	1700	1
VN010070	1	1	4	380	80
VN010071	1	23	2	70	2
VN010073	1	1	3	280	80
VN010074	1	1	6	120	1
VN010074	2	3	1	25	1
VN010075	1	1	4	60	1
VN010075	2	8	2	400	1
VN010076	1	1	4	70	2
VN010077	1	1	3	30	1
VN010078	1	1	4	100	4
VN010079	1	1	4	270	80
VN010080	1	1	3	35	80
VN010081	1	1	5	370	80
VN010082	1	23	5	950	2
VN010083	1	1	1	70	2
VN010083	2	3	1	25	2
VN010083	3	8	1	1500	2
VN010084	1	30	0	-99	99
VN010087	1	2	1	900	80
VN010088	1	8	3	190	80
VN010089	1	31	1	120	2
VN010089	2	30	10	250	2
VN010091	1	1	4	280	2
VN010091	2	8	3	430	80
VN010092	1	13	4	40	1
VN010093	1	1	4	15	82
VN010094	1	4	1	40000	1
VN010095	1	1	4	50	3
VN010095	2	3	1	50	3
VN010096	1	1	3	200	80
VN010097	1	1	3	270	80
VN010100	1	1	5	800	80
VN010109	1	1	3	50	2
VN010109	2	8	1	500	2
VN010118	1	21	1	500	80
VN010121	1	1	6	10	2
VN010122	1	23	-77	250	2
VN010124	1	1	3	40	90
VN010124	2	3	1	15	90
VN010140	1	1	3	40	2
VN020008	1	15	1	2500	1
VN020009	1	23	3	20	2
VN020010	1	1	1	100	1
VN020012	1	23	1	200	2
VN020013	1	30	9	5000	3
VN020016	1	8	4	8000	3
VN020016	2	1	6	100	80
VN020018	1	23	1	100	2
VN020021	1	30	-77	300	1
VN020027	1	31	1	500	1
VN020027	2	30	2	500	1
VN020029	1	23	1	10000	3
VN020033	1	31	1	500	1
VN020033	2	30	3	1800	1
VN020037	1	23	2	3500	2
VN020038	1	15	1	20	2
VN020039	1	23	3	230	2
VN020050	1	22	1	100	2
VN020052	1	23	1	2200	2
VN020054	1	30	4	1400	1
VN020056	1	30	1	30	2
VN020061	1	8	1	500	1
VN020068	1	30	-77	500	1
VN020077	1	23	1	50	2
VN020081	1	30	1	1500	1
VN020088	1	15	20	80	2
VN020088	2	30	3	25	2
VN020092	1	31	1	500	1
VN020092	2	30	6	1500	1
VN020095	1	1	4	40	2
VN020096	1	1	2	5	2
VN020099	1	30	6	3600	3
VN020100	1	23	1	27	2
VN020105	1	25	1	8000	1
VN020106	1	1	4	20	2
VN020110	1	1	1	0	6
VN020114	1	8	1	2000	2
VN020133	1	23	1	100	2
VN030004	1	8	1	1000	80
VN030008	1	1	3	36	2
VN030011	1	1	2	40	1
VN030012	1	1	2	200	80
VN030012	2	30	-99	-99	99
VN030014	1	1	3	350	80
VN030014	2	8	5	600	80
VN030019	1	13	3	120	1
VN030021	1	1	3	270	80
VN030025	1	25	1	70000	80
VN030026	1	17	12	3500	2
VN030030	1	1	4	60	80
VN030030	2	8	1	200	80
VN030034	1	23	-99	-99	99
VN030041	1	1	5	40	2
VN030041	2	8	1	100	1
VN030043	1	1	5	150	80
VN030043	2	8	6	520	80
VN030044	1	30	-99	-99	99
VN030048	1	2	1	1200	1
VN030052	1	23	5	1400	2
VN030053	1	1	4	60	2
VN030055	1	13	3	50	1
VN030058	1	1	8	80	1
VN030061	1	1	3	50	3
VN030069	1	13	3	150	1
VN030072	1	1	4	150	1
VN030074	1	1	3	50	2
VN030074	2	8	1	100	2
VN030077	1	1	5	70	5
VN030077	2	8	1	40	5
VN030083	1	30	-99	-99	99
VN030084	1	8	1	200	1
VN030086	1	21	4	2100	2
VN030087	1	23	5	1200	80
VN030089	1	5	1	4800	1
VN030089	2	17	7	2500	1
VN030090	1	21	2	1000	2
VN030092	1	30	-99	-99	99
VN030093	1	1	5	200	1
VN030093	2	8	1	50	2
VN030094	1	30	-99	-99	99
VN030096	1	23	1	500	3
VN030098	1	23	4	1200	2
VN030099	1	30	2	50	1
VN030120	1	25	1	110000	80
VN030127	1	23	4	1000	2
VN030129	1	15	4	400	2
VN030132	1	5	1	4000	2
VN030132	2	23	2	100	1
VN030139	1	30	-99	-99	99
VN040002	1	30	1	700	1
VN040005	1	1	2	10	1
VN040009	1	30	1	2000	2
VN040010	1	30	1	200	1
VN040013	1	30	1	20000	2
VN040015	1	30	2	3000	1
VN040018	1	30	3	2000	1
VN040020	1	30	1	500	4
VN040021	1	30	3	3000	1
VN040024	1	31	1	15000	1
VN040024	2	30	3	500	1
VN040025	1	31	1	12000	1
VN040025	2	30	9	15000	99
VN040026	1	30	5	7500	1
VN040028	1	30	10	15000	2
VN040029	1	30	1	8000	4
VN040031	1	31	1	10000	1
VN040031	2	30	15	15000	1
VN040033	1	31	1	18000	1
VN040033	2	30	7	12000	1
VN040034	1	23	1	1700	2
VN040035	1	1	1	100	1
VN040035	2	5	1	1500	1
VN040043	1	30	1	800	3
VN040045	1	23	1	200	2
VN040050	1	25	1	200	2
VN040051	1	9	1	7000	2
VN040052	1	30	3	1400	1
VN040053	1	31	1	5000	2
VN040053	2	30	1	6000	2
VN040054	1	23	1	3700	80
VN040055	1	31	1	25000	1
VN040055	2	30	1	20000	1
VN040056	1	30	2	2400	1
VN040076	1	23	1	20	2
VN040079	1	12	4	200	2
VN040080	1	21	1	1000	2
VN040081	1	1	3	35	2
VN040083	1	23	1	120	2
VN040084	1	17	-77	12000	3
VN040087	1	30	2	1500	1
VN040088	1	25	1	3000	1
VN040093	1	22	-77	0	1
VN040094	1	1	3	30	1
VN040095	1	31	1	3000	4
VN040095	2	30	1	1500	4
VN040119	1	31	1	60	2
VN040119	2	30	1	40	2
VN040129	1	30	4	4000	80
VN040151	1	15	1	1500	2
VN040174	1	25	1	300	80
VN040174	2	1	2	12	2
VN050001	1	3	1	40	3
VN050001	2	1	2	25	3
VN050001	3	6	0	0	99
VN050003	1	1	6	30	4
VN050005	1	3	1	60	1
VN050005	2	5	1	1000	1
VN050005	3	1	3	15	1
VN050010	1	23	3	200	1
VN050011	1	31	0	-99	99
VN050011	2	30	1	20	2
VN050012	1	1	5	100	1
VN050019	1	1	3	30	2
VN050021	1	1	3	20	2
VN050023	1	8	4	150	1
VN050024	1	3	1	50	2
VN050024	2	1	2	30	2
VN050029	1	25	1	200	3
VN050033	1	1	5	100	11
VN050034	1	30	3	10	1
VN050040	1	30	1	500	1
VN050040	2	30	20	300	1
VN050042	1	1	4	80	2
VN050043	1	30	1	0	1
VN050046	1	30	1	15	2
VN050047	1	5	1	2000	1
VN050047	2	8	3	3600	1
VN050052	1	1	3	0	2
VN050055	1	30	3	9	2
VN050057	1	1	7	0	1
VN050060	1	30	28	2000	3
VN050061	1	3	1	50	4
VN050061	2	1	4	70	4
VN050062	1	30	2	5	1
VN050068	1	30	2	50	1
VN050069	1	25	1	5000	5
VN050069	2	30	3	50	5
VN050070	1	15	-77	3000	4
VN050076	1	5	1	390	1
VN050076	2	1	3	80	1
VN050077	1	25	1	6000	1
VN050078	1	3	1	80	1
VN050078	2	5	1	500	1
VN050078	3	1	2	30	1
VN050079	1	5	2	2500	1
VN050079	2	3	1	250	1
VN050079	3	1	7	200	1
VN050084	1	31	1	1000	1
VN050084	2	30	1	2000	1
VN050086	1	23	40	1000	2
VN050086	2	88	 	 	 
VN050086	3	88	 	 	 
VN050094	1	6	1	5000	2
VN050115	1	23	1	150	2
VN050115	2	31	1	4000	2
VN050117	1	23	3	100	1
VN060002	1	25	1	100	5
VN060002	2	30	1	15	5
VN060004	1	15	6	550	2
VN060012	1	23	3	100	2
VN060014	1	23	5	1600	3
VN060015	1	23	4	0	4
VN060018	1	23	3	1600	2
VN060024	1	23	2	216	1
VN060025	1	5	1	200	2
VN060028	1	1	1	200	4
VN060028	2	5	1	1000	4
VN060034	1	23	3	150	3
VN060035	1	8	2	0	3
VN060039	1	1	3	0	3
VN060052	1	1	1	14	1
VN060052	2	30	1	100	1
VN060054	1	8	2	-77	1
VN060060	1	23	1	500	1
VN060062	1	1	2	36	1
VN060062	2	8	2	402	2
VN060065	1	22	0	0	90
VN060066	1	23	60	670	2
VN060067	1	1	1	30	3
VN060068	1	4	1	5000	88
VN060069	1	1	1	0	2
VN060074	1	8	2	0	1
VN060076	1	25	1	100	3
VN060076	2	23	1	25	4
VN060076	3	23	4	20	4
VN060077	1	23	3	0	2
VN060079	1	8	4	0	1
VN060081	1	21	1	400	1
VN060081	2	30	88	150	1
VN060083	1	1	2	0	3
VN060085	1	1	3	0	1
VN060088	1	1	2	0	80
VN060089	1	5	1	2000	1
VN060089	2	2	1	250	1
VN060089	3	8	2	0	1
VN060094	1	9	5	200	2
VN060099	1	1	1	0	1
VN060100	1	1	2	0	1
VN060119	1	4	1	5000	1
VN070002	1	25	1	100	1
VN070003	1	23	4	300	3
VN070006	1	23	3	500	5
VN070007	1	5	1	300	2
VN070007	2	3	1	100	2
VN070007	3	1	5	50	2
VN070008	1	1	3	50	1
VN070008	2	5	1	250	1
VN070009	1	5	1	1000	1
VN070009	2	3	1	300	1
VN070009	3	8	4	10000	1
VN070010	1	5	1	200	1
VN070010	2	3	1	50	1
VN070010	3	1	4	60	1
VN070011	1	23	5	50	2
VN070031	1	1	4	80	1
VN070031	2	5	1	100	1
VN070034	1	25	3	5200	1
VN070034	2	23	3	100	1
VN070037	1	23	3	1500	2
VN070037	2	25	2	10000	2
VN070038	1	21	1	300	3
VN070039	1	3	0	-99	99
VN070039	2	1	7	60	0
VN070045	1	30	8	8500	2
VN070045	2	31	1	15000	80
VN070049	1	21	3	1000	4
VN070049	2	30	5	100	4
VN070050	1	15	13	194	5
VN070051	1	21	1	500	2
VN070051	2	30	3	250	2
VN070060	1	9	3	100	6
VN070060	2	10	2	300	6
VN070060	3	23	2	1000	6
VN070063	1	9	-77	200	1
VN070064	1	18	1	1000	3
VN070064	2	17	-77	100	3
VN070067	1	5	1	220	1
VN070067	2	3	1	30	1
VN070067	3	1	7	50	1
VN070068	1	1	3	100	80
VN070068	2	5	1	2000	80
VN070068	3	3	1	600	80
VN070074	1	30	1	750	1
VN070077	1	5	1	500	1
VN070077	2	3	1	200	1
VN070077	3	1	11	100	1
VN070082	1	23	-77	200	2
VN070083	1	23	10	1500	90
VN070084	1	30	2	500	2
VN070085	1	21	2	1000	2
VN070085	2	30	5	200	2
VN070087	1	15	20	1500	2
VN070090	1	23	2	-77	2
VN070092	1	25	1	2000	80
VN070092	2	25	1	100	80
VN070092	3	23	3	50	80
VN070095	1	1	4	150	2
VN070095	2	5	1	200	2
VN070095	3	3	1	180	2
VN070097	1	25	2	6100	1
VN070097	2	23	1	450	2
VN070097	3	19	8	160	1
VN070099	1	30	2	600	1
VN070102	1	23	5	250	3
VN070102	2	31	1	5000	3
VN070107	1	21	1	500	3
VN070123	1	5	1	100	1
VN070123	2	1	3	30	1
VN070124	1	15	-77	1000	2
VN070124	2	23	6	600	2
VN070125	1	5	1	100	1
VN080001	1	8	1	600	1
VN080001	2	1	3	48	1
VN080002	1	1	3	200	2
VN080003	1	1	4	40	1
VN080004	1	1	3	20	2
VN080005	1	25	1	50	2
VN080006	1	9	3	150	2
VN080008	1	31	1	1000	1
VN080011	1	31	1	3000	1
VN080013	1	1	3	160	1
VN080015	1	1	3	185	1
VN080018	1	23	6	500	2
VN080022	1	1	2	15	1
VN080026	1	30	2	0	2
VN080027	1	25	0	0	88
VN080030	1	23	3	-77	6
VN080035	1	25	1	2000	3
VN080038	1	13	2	150	2
VN080042	1	1	2	15	1
VN080047	1	1	2	48	1
VN080048	1	11	3	25	1
VN080048	2	3	1	200	1
VN080049	1	1	4	30	80
VN080049	2	8	2	65	80
VN080050	1	23	20	15000	2
VN080052	1	1	3	15	80
VN080055	1	9	5	250	1
VN080056	1	1	3	25	2
VN080058	1	13	5	-77	1
VN080059	1	1	3	10	1
VN080060	1	23	4	-77	4
VN080061	1	30	1	4000	3
VN080064	1	23	1	0	2
VN080065	1	1	1	15	2
VN080066	1	8	2	30	1
VN080067	1	1	2	260	2
VN080067	2	3	1	150	2
VN080067	3	8	1	40000	1
VN080069	1	1	4	25	3
VN080070	1	25	1	300	3
VN080076	1	22	3	0	4
VN080082	1	1	3	0	2
VN080083	1	21	1	500	3
VN080084	1	23	1	400	3
VN080085	1	25	1	8000	5
VN080087	1	21	2	2200	1
VN080087	2	23	1	1000	1
VN080088	1	8	4	0	1
VN080090	1	25	1	260	2
VN080091	1	22	-77	-77	3
VN080095	1	25	1	200	1
VN080096	1	1	3	260	2
VN080096	2	5	1	105	2
VN080097	1	1	4	200	2
VN080098	1	13	2	50	2
VN080120	1	1	2	0	2
VN080150	1	1	1	15	1
VN080154	1	25	1	54000	1
VN080162	1	1	3	30	80
VN090002	1	13	2	50	90
VN090003	1	1	15	400	80
VN090003	2	2	1	50	80
VN090003	3	3	1	10	80
VN090004	1	13	5	60	3
VN090005	1	15	8	1000	1
VN090010	1	1	2	20	3
VN090012	1	13	4	50	2
VN090014	1	13	3	10	1
VN090015	1	1	6	100	1
VN090016	1	13	2	50	2
VN090020	1	15	10	500	1
VN090023	1	30	4	100	80
VN090024	1	15	3	200	3
VN090025	1	13	2	50	80
VN090026	1	13	2	10	2
VN090027	1	15	10	650	3
VN090028	1	15	8	1000	2
VN090029	1	15	8	1000	1
VN090031	1	1	13	200	1
VN090031	2	3	1	40	1
VN090031	3	6	1	200	1
VN090032	1	15	15	500	3
VN090033	1	1	12	400	1
VN090033	2	3	1	50	1
VN090033	3	6	1	150	1
VN090034	1	1	6	220	3
VN090035	1	1	9	200	1
VN090039	1	30	2	200	2
VN090043	1	30	1	8000	1
VN090047	1	13	2	60	90
VN090061	1	1	1	20	1
VN090063	1	1	10	200	3
VN090087	1	13	3	50	90
VN090093	1	1	10	300	1
VN090093	2	3	1	40	1
VN090099	1	30	3	4000	3
VN090121	1	1	5	150	2
VN100002	1	30	3	60	1
VN100003	1	1	2	20	2
VN100003	2	3	1	50	2
VN100003	3	6	1	100	2
VN100004	1	13	4	20	1
VN100006	1	25	1	6000	1
VN100009	1	30	-99	-99	99
VN100010	1	30	4	500	1
VN100012	1	30	20	600	1
VN100014	1	13	3	100	1
VN100016	1	1	1	3	2
VN100017	1	15	4	2500	2
VN100018	1	1	2	10	1
VN100026	1	1	1	6	1
VN100027	1	23	6	250	2
VN100029	1	1	3	100	3
VN100030	1	13	3	30	3
VN100031	1	13	3	15	1
VN100032	1	1	10	250	2
VN100032	2	3	1	50	2
VN100032	3	6	1	100	2
VN100033	1	30	4	200	2
VN100035	1	1	2	20	1
VN100036	1	1	2	30	4
VN100038	1	31	1	15000	1
VN100040	1	1	12	800	1
VN100040	2	3	1	30	1
VN100040	3	6	1	150	1
VN100042	1	30	4	200	1
VN100043	1	1	6	200	16
VN100043	2	5	1	250	16
VN100044	1	1	4	50	2
VN100044	2	2	1	50	2
VN100044	3	5	1	100	1
VN100045	1	1	2	20	2
VN100048	1	1	10	200	1
VN100048	2	3	1	3500	1
VN100048	3	6	1	1500	1
VN100050	1	15	3	700	3
VN100051	1	13	1	10	3
VN100055	1	30	1	2500	3
VN100057	1	13	3	50	3
VN100059	1	23	5	1500	2
VN100060	1	13	4	50	1
VN100061	1	25	2	1000	3
VN100061	2	23	1	20	3
VN100061	3	30	1	800	3
VN100062	1	30	1	1000	1
VN100067	1	30	1	6000	2
VN100068	1	1	3	100	1
VN100068	2	8	1	250	80
VN100071	1	13	15	350	3
VN100072	1	1	8	400	2
VN100072	2	6	1	200	2
VN100078	1	23	6	3000	2
VN100081	1	23	3	50	1
VN100085	1	1	6	60	3
VN100086	1	20	5	100	90
VN100086	2	2	1	150	90
VN100088	1	13	15	50	3
VN100089	1	13	2	40	90
VN100090	1	1	10	100	2
VN100091	1	25	1	5000	1
VN100093	1	25	1	6000	5
VN100096	1	23	3	450	2
VN100097	1	1	9	200	2
VN100097	2	5	1	100	2
VN100098	1	13	2	20	90
VN100103	1	23	5	500	3
VN100104	1	30	7	250	4
VN100106	1	13	20	1000	1
VN100109	1	1	2	40	1
VN100109	2	3	1	50	1
VN100113	1	13	3	60	1
VN110002	1	1	4	100	3
VN110003	1	21	1	300	7
VN110003	2	23	1	60	7
VN110006	1	8	1	950	1
VN110006	2	1	4	20	1
VN110010	1	25	1	6000	4
VN110015	1	23	10	200	2
VN110023	1	1	9	15	3
VN110028	1	1	8	100	80
VN110028	2	8	4	2000	80
VN110031	1	25	3	4200	2
VN110032	1	1	3	10	80
VN110034	1	1	10	50	80
VN110035	1	8	1	200	80
VN110036	1	1	4	100	80
VN110037	1	24	1	-77	2
VN110041	1	1	7	50	1
VN110043	1	1	5	30	80
VN110043	2	8	1	200	80
VN110044	1	1	6	30	80
VN110045	1	22	4	200	2
VN110047	1	25	1	100	4
VN110049	1	25	1	4000	80
VN110049	2	30	2	200	80
VN110050	1	1	2	10	80
VN110060	1	13	10	100	1
VN110062	1	1	2	20	80
VN110063	1	25	1	100	80
VN110066	1	22	4	1000	1
VN110072	1	30	-77	20	80
VN110073	1	25	1	2000	3
VN110075	1	4	1	100	1
VN110075	2	8	1	150	1
VN110075	3	30	1	5000	1
VN110078	1	1	9	300	80
VN110078	2	8	4	200	80
VN110083	1	15	2	100	2
VN110086	1	25	1	2000	1
VN110090	1	1	7	100	80
VN110090	2	8	4	500	80
VN110091	1	15	1	3000	1
VN110092	1	23	1	100	2
VN110100	1	25	1	8000	80
VN110101	1	1	3	50	80
VN110101	2	8	1	120	80
VN110104	1	23	3	230	80
VN110119	1	1	9	150	80
VN110119	2	8	1	200	80
VN110121	1	1	7	100	80
VN110121	2	8	1	250	80
VN110123	1	1	12	200	80
VN110123	2	8	3	500	80
VN110125	1	1	3	50	80
VN110125	2	8	1	120	80
VN120003	1	25	1	10000	3
VN120012	1	1	6	100	80
VN120013	1	30	2	3000	80
VN120027	1	30	1	100	1
VN120039	1	25	1	3000	2
VN120046	1	30	6	-77	90
VN120058	1	1	6	200	80
VN120059	1	1	7	160	80
VN120059	2	8	4	1200	80
VN120060	1	1	5	50	4
VN120060	2	8	1	5000	3
VN120064	1	1	3	20	80
VN120065	1	2	2	6000	80
VN120067	1	23	2	300	80
VN120068	1	1	5	100	80
VN120076	1	8	3	200	80
VN120076	2	1	5	40	80
VN120077	1	25	1	1700	1
VN120078	1	1	4	30	80
VN120079	1	1	8	200	80
VN120079	2	8	4	250	80
VN120080	1	25	1	3000	80
VN120083	1	8	3	1500	1
VN120083	2	1	7	30	1
VN120085	1	1	10	200	80
VN120086	1	1	4	80	80
VN120087	1	1	4	40	80
VN120089	1	23	4	180	80
VN120090	1	13	5	100	2
VN120094	1	1	2	20	1
VN120096	1	13	10	300	1
VN120098	1	30	3	200	1
VN120114	1	15	3	200	80
VN120139	1	30	5	50	2
VN120140	1	1	4	20	80
VN130001	1	1	4	10	4
VN130001	2	3	1	10	4
VN130002	1	1	3	30	4
VN130002	2	3	1	60	4
VN130003	1	1	2	10	2
VN130004	1	22	50	0	88
VN130005	1	21	1	1300	2
VN130008	1	19	10	50	6
VN130009	1	9	10	5000	5
VN130010	1	30	1	500	1
VN130011	1	1	7	100	1
VN130011	2	5	1	1000	1
VN130011	3	6	1	500	1
VN130012	1	30	23	1000	1
VN130013	1	1	2	15	2
VN130013	2	3	1	15	2
VN130013	3	5	1	100	1
VN130016	1	3	1	600	4
VN130016	2	5	1	300	4
VN130016	3	1	9	200	4
VN130019	1	22	4	50	2
VN130020	1	21	1	1500	2
VN130021	1	21	1	2500	2
VN130022	1	22	40	-77	3
VN130024	1	22	4	150	2
VN130028	1	1	5	10	2
VN130028	2	3	1	10	2
VN130029	1	21	1	2500	2
VN130030	1	6	1	100	2
VN130030	2	3	1	50	2
VN130030	3	1	6	40	2
VN130032	1	1	3	0	4
VN130033	1	1	5	50	80
VN130034	1	10	2	2000	3
VN130034	2	9	8	2000	3
VN130036	1	30	10	10	4
VN130037	1	1	5	0	3
VN130038	1	1	5	10	2
VN130038	2	3	1	30	2
VN130039	1	1	5	30	2
VN130041	1	1	4	30	1
VN130042	1	1	3	300	1
VN130043	1	30	10	50	2
VN130044	1	21	1	2500	2
VN130046	1	22	20	50	2
VN130048	1	25	1	50000	3
VN130049	1	13	5	20	3
VN130052	1	3	1	20	3
VN130052	2	25	1	150	3
VN130052	3	1	3	5	3
VN130053	1	21	1	2000	4
VN130054	1	1	5	20	2
VN130054	2	3	1	10	2
VN130054	3	5	1	200	1
VN130055	1	21	2	2500	2
VN130056	1	23	20	1000	4
VN130057	1	3	1	10	1
VN130057	2	1	4	10	1
VN130058	1	3	1	5	2
VN130058	2	1	4	50	2
VN130060	1	25	1	50	2
VN130060	2	23	13	100	2
VN130061	1	1	4	60	3
VN130063	1	1	5	50	1
VN130063	2	3	1	50	1
VN130063	3	25	1	400	1
VN130064	1	3	1	5	2
VN130064	2	1	3	0	2
VN130066	1	25	1	200	2
VN130066	2	23	2	20	2
VN130067	1	1	6	10	2
VN130067	2	3	1	10	2
VN130067	3	6	1	200	2
VN130068	1	25	1	150	1
VN130068	2	3	1	5	1
VN130068	3	1	4	8	2
VN130069	1	6	1	400	1
VN130069	2	1	6	100	2
VN130070	1	6	1	200	2
VN130070	2	3	1	10	2
VN130070	3	1	5	100	2
VN130071	1	5	1	800	1
VN130071	2	3	1	40	1
VN130071	3	1	3	2	1
VN130072	1	22	10	50	3
VN130074	1	1	3	20	2
VN130074	2	3	1	30	2
VN130074	3	25	1	100	2
VN130075	1	1	4	100	4
VN130075	2	5	1	300	4
VN130076	1	25	1	200	2
VN130076	2	15	4	300	2
VN130077	1	3	1	100	2
VN130077	2	1	5	100	2
VN130079	1	13	3	70	1
VN130080	1	3	1	0	1
VN130080	2	5	1	300	1
VN130080	3	1	5	10	1
VN130083	1	23	10	1000	4
VN130085	1	1	4	50	2
VN130087	1	23	3	30	2
VN130088	1	1	3	2	2
VN130089	1	3	1	30	1
VN130089	2	1	3	15	1
VN130090	1	25	1	1000	1
VN130091	1	3	1	10	2
VN130091	2	1	6	50	2
VN130092	1	3	1	200	3
VN130092	2	1	7	40	3
VN130093	1	1	6	10	3
VN130095	1	1	4	10	1
VN130095	2	3	1	10	1
VN130098	1	25	1	2000	2
VN130099	1	1	5	70	2
VN130099	2	5	1	300	2
VN130099	3	3	1	70	2
VN130100	1	5	1	260	1
VN130100	2	3	1	50	1
VN130100	3	1	4	20	1
VN130103	1	1	5	20	2
VN130103	2	3	1	20	2
VN130103	3	5	1	100	2
VN140003	1	23	1	200	2
VN140004	1	5	1	400	1
VN140004	2	3	1	100	1
VN140004	3	1	4	20	1
VN140005	1	25	1	500	5
VN140005	2	30	1	100	5
VN140009	1	3	1	100	4
VN140009	2	4	1	200	4
VN140010	1	1	3	5	1
VN140011	1	5	1	400	2
VN140011	2	30	1	25	2
VN140011	3	3	1	10	2
VN140012	1	30	6	50	1
VN140015	1	5	1	300	1
VN140019	1	30	3	5000	1
VN140020	1	8	3	1000	2
VN140021	1	5	3	600	2
VN140021	2	3	2	2000	2
VN140022	1	23	2	100	3
VN140022	2	25	1	6000	2
VN140023	1	8	2	50	1
VN140023	2	30	2	10	1
VN140025	1	13	3	10	1
VN140026	1	30	1	200	1
VN140027	1	1	4	20	3
VN140027	2	3	1	30	3
VN140027	3	5	1	100	3
VN140028	1	31	1	6000	1
VN140028	2	30	1	3000	1
VN140028	3	30	3	1000	1
VN140029	1	1	3	1	2
VN140029	2	3	1	10	2
VN140029	3	2	1	100	2
VN140031	1	1	2	5	2
VN140031	2	5	1	20	2
VN140031	3	3	1	10	2
VN140033	1	23	3	200	4
VN140034	1	30	2	50	1
VN140034	2	23	1	50	1
VN140037	1	5	1	100	1
VN140037	2	3	1	10	1
VN140037	3	1	3	20	1
VN140038	1	5	1	200	1
VN140038	2	30	1	200	1
VN140038	3	3	1	50	1
VN140044	1	3	1	200	1
VN140051	1	23	4	1500	3
VN140053	1	5	1	500	1
VN140053	2	3	1	20	1
VN140053	3	1	3	50	1
VN140055	1	1	3	200	2
VN140055	2	3	1	20	2
VN140055	3	5	2	500	2
VN140056	1	30	3	700	1
VN140056	2	5	1	300	1
VN140056	3	3	1	100	1
VN140057	1	5	1	300	2
VN140057	2	3	1	10	2
VN140057	3	1	4	100	2
VN140058	1	8	1	8000	1
VN140059	1	4	1	10000	1
VN140061	1	25	1	500	2
VN140062	1	25	2	10000	1
VN140063	1	25	1	300	2
VN140063	2	3	1	70	2
VN140063	3	1	2	50	2
VN140064	1	25	1	300	4
VN140066	1	30	2	600	1
VN140066	2	5	1	400	1
VN140066	3	30	1	300	1
VN140069	1	30	2	500	2
VN140069	2	5	1	500	2
VN140069	3	3	1	550	2
VN140072	1	30	5	100	1
VN140072	2	30	1	100	1
VN140074	1	30	1	600	1
VN140074	2	5	1	200	1
VN140074	3	3	1	30	1
VN140077	1	30	2	200	1
VN140077	2	5	2	500	1
VN140077	3	3	1	300	1
VN140078	1	25	2	700	2
VN140078	2	30	2	200	2
VN140078	3	23	1	30	2
VN140079	1	25	1	700	17
VN140079	2	23	1	100	17
VN140080	1	1	5	100	2
VN140080	2	3	1	200	2
VN140080	3	5	1	200	2
VN140081	1	5	2	50	1
VN140081	2	3	1	40	1
VN140081	3	1	2	40	1
VN140083	1	25	1	300	1
VN140083	2	30	2	150	1
VN140083	3	23	1	20	1
VN140085	1	5	1	300	2
VN140085	2	30	1	200	2
VN140085	3	3	1	20	2
VN140088	1	1	3	100	1
VN140088	2	3	1	100	1
VN140088	3	5	1	300	1
VN140089	1	30	1	500	1
VN140089	2	5	1	500	1
VN140089	3	3	1	300	1
VN140090	1	30	5	5000	1
VN140092	1	1	3	30	4
VN140092	2	3	1	100	4
VN140092	3	5	1	200	4
VN140095	1	25	1	7000	1
VN140096	1	5	1	500	4
VN140096	2	3	1	100	4
VN140096	3	1	3	50	4
VN140098	1	5	1	200	1
VN140098	2	3	1	0	1
VN140098	3	1	3	10	1
VN140100	1	20	3	20	1
VN140101	1	25	1	15000	2
VN140102	1	22	4	30	2
VN140103	1	30	1	2000	4
VN140103	2	23	6	1600	4
VN140107	1	1	1	15	1
VN150001	1	13	3	30	1
VN150002	1	23	1	250	4
VN150006	1	4	1	-77	1
VN150006	2	6	1	-77	1
VN150006	3	3	1	25	2
VN150007	1	21	0	-77	88
VN150008	1	4	1	-77	1
VN150008	2	6	1	-77	1
VN150008	3	3	1	10	2
VN150009	1	30	3	15	18
VN150009	2	2	1	200	18
VN150010	1	1	4	100	80
VN150011	1	4	0	-77	88
VN150011	2	6	0	-77	88
VN150011	3	3	2	40	2
VN150012	1	1	1	400	1
VN150012	2	30	2	40	2
VN150012	3	6	0	-77	88
VN150013	1	4	0	-77	88
VN150013	2	6	0	-77	88
VN150013	3	2	1	300	2
VN150014	1	6	1	-77	1
VN150014	2	25	1	50	2
VN150014	3	1	4	20	2
VN150015	1	30	2	4	2
VN150015	2	30	0	-77	88
VN150016	1	30	2	-77	2
VN150023	1	4	1	-77	1
VN150023	2	6	1	-77	1
VN150023	3	2	1	30	2
VN150024	1	30	0	0	88
VN150025	1	1	3	50	2
VN150027	1	1	3	15	4
VN150027	2	6	1	-77	3
VN150027	3	2	1	-77	3
VN150029	1	4	1	-77	2
VN150029	2	6	1	-77	2
VN150029	3	3	1	10	1
VN150030	1	1	1	600	3
VN150030	2	6	1	-77	2
VN150030	3	4	1	-77	2
VN150031	1	4	1	-77	1
VN150031	2	6	1	-77	1
VN150031	3	5	1	-77	1
VN150032	1	13	3	40	1
VN150033	1	4	1	-77	1
VN150033	2	6	1	-77	1
VN150033	3	7	1	-77	1
VN150034	1	25	1	7000	1
VN150035	1	9	2	120	3
VN150036	1	2	1	1000	1
VN150036	2	1	3	18	1
VN150036	3	4	1	-77	1
VN150038	1	1	4	100	2
VN150039	1	13	-77	-77	5
VN150040	1	19	1	5000	1
VN150042	1	30	0	-77	88
VN150043	1	4	0	-77	88
VN150043	2	6	0	-77	88
VN150043	3	2	1	300	1
VN150051	1	1	2	10	1
VN150051	2	25	1	50	1
VN150051	3	4	0	-77	88
VN150054	1	1	3	15	2
VN150054	2	25	1	80	1
VN150054	3	4	0	-77	88
VN150055	1	1	4	30	2
VN150055	2	3	0	-77	88
VN150055	3	25	1	120	2
VN150057	1	1	4	30	2
VN150057	2	25	1	70	1
VN150057	3	3	1	50	2
VN150058	1	13	0	-77	88
VN150060	1	25	1	180	3
VN150060	2	1	4	20	3
VN150061	1	25	1	5000	1
VN150061	2	23	1	150	1
VN150062	1	8	1	1500	2
VN150062	2	1	3	80	2
VN150065	1	1	6	10	2
VN150065	2	3	1	15	2
VN150065	3	25	1	100	2
VN150071	1	30	1	15	1
VN150071	2	30	1	100	1
VN150071	3	30	2	50	1
VN150073	1	25	1	200	1
VN150073	2	30	30	60	1
VN150074	1	5	1	1000	3
VN150075	1	2	1	300	1
VN150075	2	1	-77	-77	1
VN150078	1	30	1	300	1
VN150078	2	30	3	30	1
VN150079	1	1	4	15	2
VN150079	2	3	1	20	2
VN150079	3	3	1	20	2
VN150081	1	4	1	5000	1
VN150081	2	6	1	5000	1
VN150081	3	1	1	100	2
VN150083	1	8	10	150	2
VN150086	1	13	0	-77	88
VN150087	1	8	1	1000	1
VN150087	2	8	2	100	1
VN150089	1	30	1	1500	1
VN150089	2	30	1	500	1
VN150089	3	30	1	1000	1
VN150090	1	21	3	800	2
VN150091	1	25	1	60	3
VN150091	2	1	3	15	4
VN150091	3	3	1	50	4
VN150092	1	25	1	370	1
VN150092	2	30	1	10	1
VN150094	1	15	2	1600	2
VN150095	1	23	1	600	1
VN150096	1	1	3	50	2
VN150098	1	30	1	1000	1
VN150098	2	30	1	250	1
VN150098	3	17	1	180	1
VN150099	1	21	1	200	2
VN150103	1	4	1	80	1
VN150103	2	6	1	100	1
VN150103	3	1	4	20	2
VN150104	1	2	1	500	1
VN150104	2	6	1	-77	1
VN150104	3	1	4	100	2
VN150107	1	22	0	-77	2
VN150126	1	1	4	50	2
VN150126	2	2	1	200	2
VN150126	3	3	1	70	2
VN150129	1	3	1	60	2
VN150129	2	1	3	30	2
VN150133	1	3	1	80	2
VN150133	2	1	3	70	2
VN150137	1	25	1	300	2
VN150137	2	4	0	-77	88
VN150137	3	6	0	-77	88
VN150138	1	4	1	70000	1
VN150138	2	3	1	20	2
VN150138	3	25	1	100	2
VN150141	1	3	1	50	1
VN150141	2	25	1	50	1
VN150141	3	1	3	45	1
VN150142	1	3	1	20	2
VN150142	2	1	4	10	2
VN150142	3	25	1	100	2
VN160003	1	1	2	200	2
VN160005	1	25	1	50	2
VN160005	2	23	1	5	2
VN160005	3	30	2	1	2
VN160006	1	1	4	6	2
VN160006	2	3	1	20	2
VN160006	3	30	1	3	2
VN160008	1	2	1	300	3
VN160008	2	3	1	55	3
VN160008	3	1	3	50	3
VN160009	1	25	1	220	3
VN160009	2	30	40	80	3
VN160012	1	2	1	300	2
VN160012	2	3	1	60	2
VN160012	3	1	2	40	2
VN160013	1	23	-77	-77	2
VN160014	1	13	2	110	1
VN160017	1	30	1	10	4
VN160017	2	8	1	1000	3
VN160017	3	25	1	50	3
VN160018	1	30	1	5000	1
VN160020	1	2	1	300	2
VN160020	2	3	1	67	2
VN160020	3	1	3	32	2
VN160021	1	25	1	200	2
VN160021	2	30	1	25	2
VN160021	3	30	3	3	2
VN160023	1	4	0	-77	88
VN160023	2	6	0	-77	88
VN160023	3	25	1	150	2
VN160024	1	3	1	60	2
VN160024	2	25	1	100	2
VN160024	3	1	4	30	2
VN160025	1	25	1	200	2
VN160025	2	3	1	50	2
VN160025	3	1	4	50	2
VN160026	1	1	4	40	80
VN160026	2	3	1	70	80
VN160026	3	25	1	300	1
VN160029	1	25	1	150	1
VN160029	2	3	1	50	1
VN160029	3	1	4	50	2
VN160030	1	30	1	100	2
VN160030	2	3	1	60	2
VN160030	3	1	4	50	2
VN160033	1	1	4	50	2
VN160033	2	3	1	20	2
VN160033	3	30	1	15	2
VN160035	1	1	3	10	1
VN160035	2	30	2	15	2
VN160036	1	3	1	50	1
VN160036	2	1	2	10	1
VN160038	1	1	4	5	16
VN160038	2	30	1	10	16
VN160039	1	1	2	10	1
VN160040	1	1	10	50	2
VN160041	1	1	4	25	2
VN160041	2	3	1	66	2
VN160043	1	25	1	300	2
VN160043	2	3	1	70	2
VN160043	3	1	2	75	2
VN160044	1	1	3	18	3
VN160045	1	1	3	20	1
VN160049	1	25	2	200	1
VN160049	2	30	4	40	1
VN160050	1	3	1	55	1
VN160050	2	1	4	30	1
VN160051	1	25	1	300	1
VN160051	2	3	1	60	2
VN160051	3	1	-77	-77	2
VN160053	1	25	1	200	1
VN160053	2	1	3	10	2
VN160053	3	30	2	5	2
VN160056	1	21	1	200	3
VN160056	2	30	3	151	3
VN160056	3	30	3	10	3
VN160058	1	8	1	2000	1
VN160060	1	25	1	300	1
VN160060	2	3	1	200	1
VN160060	3	1	2	62	2
VN160062	1	23	1	300	4
VN160063	1	25	1	200	1
VN160063	2	3	1	50	1
VN160063	3	1	3	16	1
VN160066	1	1	3	40	4
VN160067	1	6	1	2000	1
VN160067	2	25	1	80	1
VN160067	3	1	1	6	1
VN160070	1	25	1	300	1
VN160070	2	3	1	50	1
VN160070	3	1	3	78	2
VN160071	1	3	1	300	88
VN160071	2	1	4	50	2
VN160073	1	25	1	100	1
VN160073	2	30	1	50	1
VN160073	3	8	1	1500	1
VN160074	1	25	1	200	2
VN160074	2	3	1	70	2
VN160074	3	1	4	40	2
VN160075	1	25	1	100	2
VN160075	2	1	3	3	2
VN160075	3	30	1	5	2
VN160078	1	25	1	100	2
VN160078	2	1	4	5	2
VN160078	3	30	1	3	2
VN160085	1	1	9	0	3
VN160088	1	1	3	20	1
VN160090	1	21	1	500	2
VN160090	2	30	3	300	2
VN160091	1	25	1	4000	5
VN160092	1	8	1	1500	4
VN160092	2	1	4	5	3
VN160092	3	30	1	5	3
VN160094	1	8	2	2000	2
VN160094	2	30	2	10	2
VN160094	3	3	1	10	2
VN160095	1	25	1	4000	5
VN160095	2	30	1	200	5
VN160096	1	30	1	10	2
VN160096	2	1	3	10	2
VN160097	1	30	1	10000	1
VN160097	2	31	1	700	1
VN160098	1	23	2	200	2
VN160102	1	1	2	15	2
VN160102	2	3	1	38	2
VN160104	1	1	4	25	2
VN160104	2	3	1	15	2
VN160104	3	25	1	200	1
VN160107	1	3	1	65	2
VN160107	2	1	2	85	2
VN170003	1	14	3	2500	5
VN170003	2	15	10	1000	5
VN170005	1	13	1	500	2
VN170005	2	30	1	600	2
VN170005	3	25	1	5500	2
VN170006	1	23	4	660	2
VN170006	2	15	3	100	2
VN170009	1	9	-77	2000	6
VN170010	1	15	1	0	90
VN170015	1	23	5	-77	2
VN170016	1	25	1	60	2
VN170017	1	23	-77	50	2
VN170022	1	30	3	200	2
VN170024	1	15	3	150	2
VN170024	2	15	60	360	2
VN170024	3	15	4	450	2
VN170026	1	30	70	2100	80
VN170030	1	23	-77	1000	2
VN170033	1	23	2	300	1
VN170034	1	21	1	1000	2
VN170034	2	30	1	200	2
VN170034	3	30	1	200	2
VN170038	1	9	10	2000	2
VN170038	2	10	10	10000	2
VN170038	3	9	2	1500	2
VN170041	1	25	1	100	7
VN170043	1	23	-77	700	1
VN170047	1	25	1	6000	1
VN170052	1	15	3	200	2
VN170053	1	23	-77	5000	2
VN170056	1	21	2	3000	2
VN170057	1	25	1	4000	3
VN170063	1	23	2	3000	4
VN170069	1	23	-77	100	2
VN170072	1	15	3	250	2
VN170074	1	15	30	30	2
VN170077	1	25	1	100	3
VN170083	1	23	10	300	2
VN170086	1	9	3	1000	3
VN170086	2	9	2	2400	3
VN170086	3	9	9	5000	3
VN170087	1	21	2	1500	7
VN170088	1	23	1	0	90
VN170088	2	15	50	500	1
VN170088	3	15	12	720	1
VN170090	1	13	2	50	1
VN170090	2	25	1	10000	1
VN170091	1	23	1	200	4
VN170092	1	25	1	4000	1
VN170097	1	23	2	-77	3
VN170101	1	30	1	900	1
VN170114	1	23	2	1000	2
VN170126	1	25	1	6000	80
VN170132	1	25	1	2000	5
VN170141	1	23	-77	50	3
VN170144	1	23	1	-77	5
VN180002	1	9	1	1500	6
VN180004	1	30	1	500	2
VN180005	1	9	1	1000	3
VN180015	1	23	1	1500	2
VN180016	1	15	50	2000	80
VN180033	1	21	1	1500	3
VN180036	1	23	20	500	2
VN180037	1	23	4	1200	80
VN180050	1	30	1	2000	2
VN180054	1	9	3	3000	4
VN180056	1	23	1	2000	3
VN180057	1	30	1	2000	1
VN180062	1	8	1	2000	2
VN180063	1	23	3	100	4
VN180065	1	21	1	300	2
VN180073	1	23	2	1500	3
VN180074	1	23	7	2000	5
VN180081	1	21	3	1300	5
VN180088	1	9	10	4000	5
VN180105	1	17	6	2400	1
VN190001	1	5	1	300	80
VN190001	2	3	1	100	80
VN190001	3	1	5	50	80
VN190003	1	30	1	0	3
VN190004	1	30	1	5	4
VN190006	1	23	1	2000	2
VN190007	1	13	1	10	1
VN190016	1	23	1	1500	80
VN190018	1	30	5	0	80
VN190019	1	23	-77	-77	2
VN190020	1	30	2	10	2
VN190021	1	23	1	1000	4
VN190023	1	9	2	2000	2
VN190024	1	25	1	50	2
VN190028	1	30	-99	100	1
VN190031	1	30	-77	-77	80
VN190033	1	30	1	10000	90
VN190034	1	23	2	1000	2
VN190038	1	8	1	10	2
VN190040	1	30	1	300	3
VN190042	1	30	1	0	3
VN190050	1	30	1	0	4
VN190054	1	3	1	50	3
VN190057	1	31	3	10000	80
VN190058	1	21	1	200	2
VN190063	1	31	2	1500	1
VN190064	1	8	-77	-77	80
VN190067	1	31	3	5000	1
VN190068	1	30	1	0	2
VN190071	1	23	2	500	2
VN190077	1	30	2	15000	80
VN190084	1	23	1	500	2
VN190091	1	21	3	1000	2
VN190094	1	15	1	1000	3
VN190095	1	25	2	50	3
VN190098	1	13	4	20	1
VN190139	1	23	1	50	2
VN200001	1	15	4	400	2
VN200001	2	23	3	25	2
VN200004	1	23	2	150	1
VN200005	1	25	2	3100	80
VN200006	1	14	1	1000	2
VN200006	2	14	6	1500	2
VN200009	1	13	-77	50	1
VN200011	1	30	20	700	3
VN200012	1	2	2	1000	2
VN200013	1	13	3	50	1
VN200019	1	23	-77	1000	3
VN200020	1	1	1	-77	2
VN200024	1	23	3	20000	3
VN200027	1	17	-77	4000	1
VN200030	1	23	2	200	2
VN200033	1	23	3	400	3
VN200040	1	23	2	200	2
VN200046	1	25	1	100	2
VN200046	2	23	3	150	2
VN200049	1	30	3	4000	3
VN200054	1	21	2	-77	3
VN200054	2	30	-77	-77	3
VN200057	1	23	5	-77	4
VN200059	1	23	-77	400	2
VN200061	1	13	-77	-77	4
VN200063	1	23	-77	700	2
VN200067	1	23	-77	200	4
VN200068	1	9	4	3000	4
VN200071	1	9	-77	1000	2
VN200072	1	30	5	15	2
VN200076	1	23	5	40	2
VN200079	1	30	2	5000	1
VN200081	1	23	-77	1300	2
VN200083	1	25	1	100	2
VN200094	1	25	1	5000	1
VN200095	1	23	5	500	2
VN200099	1	23	-77	200	2
VN200115	1	15	9	300	1
VN200119	1	13	-77	30000	80
VN200148	1	25	1	2000	80
