CHILDID	PREID	AGEPRESC	PRESCDUR	PRESCTYP	PAYPRESC	PRESCCRE	DAYSPRES	HRSPRESC	PRESCVIS
VN010001	1	37	4	3	1	2	5	10	1
VN010002	1	36	4	3	1	2	5	4	1
VN010003	1	50	4	3	1	2	5	4	1
VN010004	1	48	4	3	1	2	5	4	1
VN010005	1	56	4	3	1	2	5	4	1
VN010006	1	54	1	3	1	2	4	5	0
VN010007	1	54	2	3	1	2	5	4	1
VN010008	1	54	1	3	1	2	5	5	1
VN010009	1	54	1	3	1	2	5	4	0
VN010010	1	48	3	3	1	2	5	3	1
VN010011	1	48	1	3	1	2	6	10	1
VN010012	1	40	2	3	1	2	5	4	1
VN010013	1	37	4	3	1	2	5	12	1
VN010014	1	50	4	3	1	2	5	4	1
VN010015	1	48	3	3	1	3	5	4	1
VN010017	1	54	2	3	1	2	5	4	1
VN010018	1	40	3	3	1	2	5	4	1
VN010019	1	37	4	3	1	2	5	9	1
VN010020	1	50	4	3	1	2	6	3	1
VN010021	1	36	4	3	1	2	5	4	1
VN010022	1	52	4	3	1	2	5	4	1
VN010024	1	60	4	3	1	2	5	4	1
VN010025	1	55	1	3	1	2	5	4	0
VN010026	1	46	3	3	1	2	5	4	0
VN010027	1	40	3	3	1	3	5	4	0
VN010029	1	54	4	3	1	2	5	3	1
VN010030	1	56	1	3	1	2	5	4	0
VN010032	1	56	4	3	1	4	5	4	1
VN010034	1	50	4	3	1	3	5	4	1
VN010035	1	55	4	3	1	2	5	3	1
VN010036	1	50	4	3	1	2	5	4	1
VN010038	1	38	4	3	1	2	5	4	1
VN010039	1	54	4	3	1	3	5	4	1
VN010040	1	48	3	3	1	2	5	4	1
VN010041	1	50	4	3	1	2	5	4	1
VN010042	1	56	1	3	1	2	5	4	0
VN010043	1	58	4	3	1	2	5	4	1
VN010044	1	36	4	1	1	2	6	9	1
VN010045	1	37	4	3	1	2	5	10	1
VN010046	1	37	4	3	1	2	5	4	1
VN010047	1	48	4	3	1	2	6	10	1
VN010048	1	37	4	3	1	2	5	10	1
VN010049	1	54	1	3	1	2	5	4	1
VN010050	1	53	2	3	1	2	5	4	0
VN010051	1	52	1	3	1	1	5	3	1
VN010052	1	50	2	3	1	1	5	4	1
VN010053	1	58	1	3	1	2	5	4	1
VN010054	1	36	2	3	1	2	5	10	1
VN010054	2	56	4	3	1	2	5	4	1
VN010055	1	49	1	3	1	2	5	5	1
VN010056	1	37	4	3	1	2	5	10	1
VN010057	1	37	4	3	1	2	5	10	1
VN010058	1	50	2	3	1	2	5	4	1
VN010059	1	46	3	3	1	2	5	4	1
VN010060	1	48	4	3	1	2	5	4	1
VN010062	1	48	3	3	1	2	5	4	1
VN010063	1	50	2	3	1	2	5	4	1
VN010064	1	48	3	3	1	2	5	5	1
VN010065	1	48	4	3	1	3	5	6	1
VN010067	1	36	2	3	1	2	5	10	1
VN010067	2	48	4	3	1	2	5	4	1
VN010068	1	53	4	3	1	2	6	3	1
VN010069	1	48	4	3	1	2	5	4	0
VN010070	1	56	1	3	1	2	5	4	0
VN010071	1	61	4	3	1	2	6	3	1
VN010072	1	60	4	3	1	2	5	4	1
VN010074	1	42	4	3	1	2	5	4	1
VN010075	1	60	4	3	1	2	5	3	1
VN010076	1	60	4	3	1	2	5	4	1
VN010077	1	37	4	3	1	2	5	4	1
VN010078	1	46	4	3	1	2	5	4	1
VN010079	1	48	3	3	1	2	5	4	0
VN010080	1	50	4	3	1	2	5	4	0
VN010081	1	52	2	3	1	2	5	4	0
VN010082	1	50	2	3	1	2	5	4	0
VN010083	1	60	4	3	1	2	6	4	1
VN010084	1	58	4	3	1	2	5	5	1
VN010086	1	52	4	3	1	2	5	4	1
VN010087	1	52	4	3	1	2	5	4	1
VN010088	1	50	2	3	1	2	5	4	0
VN010089	1	52	4	3	1	2	5	4	1
VN010091	1	54	2	3	1	2	5	4	0
VN010092	1	60	4	3	1	2	5	4	1
VN010093	1	55	4	3	1	2	5	4	0
VN010094	1	49	4	3	1	2	5	5	1
VN010095	1	61	4	3	1	2	5	3	1
VN010096	1	55	1	3	1	2	5	4	0
VN010097	1	48	2	3	1	2	5	4	0
VN010100	1	48	4	3	1	2	5	4	0
VN010104	1	48	3	4	1	2	5	5	1
VN010109	1	55	4	3	1	2	5	4	1
VN010118	1	51	2	3	1	2	5	4	1
VN010121	1	36	4	3	1	2	5	5	1
VN010122	1	50	4	3	1	2	5	4	0
VN010124	1	53	4	3	1	2	5	4	0
VN010140	1	61	4	3	1	2	5	4	1
VN020001	1	59	1	3	1	2	5	4	1
VN020003	1	63	1	3	1	2	5	4	1
VN020004	1	44	3	3	1	2	5	3	1
VN020005	1	64	1	3	1	2	5	3	1
VN020007	1	62	1	3	1	2	5	3	1
VN020008	1	50	3	3	1	2	5	3	1
VN020009	1	48	3	3	1	2	5	3	1
VN020010	1	64	1	3	1	2	5	3	1
VN020011	1	65	1	3	1	2	5	3	1
VN020012	1	45	1	1	1	3	6	3	1
VN020012	2	57	1	3	1	2	5	3	1
VN020013	1	36	3	1	1	2	6	6	1
VN020016	1	57	1	1	1	2	6	9	1
VN020018	1	56	2	3	1	2	5	3	0
VN020019	1	65	1	3	1	2	5	3	1
VN020020	1	52	4	3	1	3	5	3	1
VN020021	1	47	4	1	1	2	6	5	1
VN020022	1	47	4	1	0	2	6	6	1
VN020023	1	56	1	1	1	2	6	3	1
VN020024	1	61	1	3	1	2	5	3	1
VN020025	1	58	1	3	1	2	5	3	1
VN020026	1	59	1	3	1	3	5	3	1
VN020027	1	40	4	1	1	3	5	3	1
VN020027	2	64	1	3	1	2	5	3	1
VN020028	1	64	1	1	1	2	5	3	1
VN020029	1	57	1	3	1	2	5	3	1
VN020032	1	61	1	3	1	2	5	4	1
VN020033	1	62	1	3	1	2	5	3	1
VN020034	1	59	1	1	1	3	5	3	1
VN020037	1	60	1	3	1	3	5	3	1
VN020038	1	44	1	1	1	2	6	3	1
VN020038	2	62	1	3	1	3	5	3	0
VN020039	1	64	1	3	1	2	5	4	1
VN020041	1	61	1	3	1	2	5	3	1
VN020043	1	60	1	3	1	2	5	3	1
VN020044	1	58	1	3	1	2	5	3	1
VN020046	1	61	1	3	1	2	5	3	1
VN020047	1	62	1	3	1	2	5	3	1
VN020048	1	47	3	3	1	2	5	3	1
VN020050	1	53	3	3	1	3	5	3	1
VN020052	1	48	3	3	1	3	5	3	0
VN020053	1	59	1	3	1	2	5	3	0
VN020054	1	62	1	3	1	3	5	3	1
VN020055	1	57	1	3	1	3	5	3	0
VN020056	1	65	1	3	1	2	5	3	1
VN020060	1	64	1	3	1	2	5	4	1
VN020061	1	61	1	3	1	2	5	3	1
VN020062	1	61	1	3	1	2	5	3	1
VN020063	1	60	1	3	1	3	5	3	0
VN020064	1	60	1	3	1	2	5	3	1
VN020065	1	65	1	3	1	3	5	3	1
VN020066	1	45	1	1	1	2	5	3	0
VN020066	2	61	4	3	1	3	5	3	1
VN020067	1	59	1	3	1	1	5	3	1
VN020069	1	57	1	3	1	2	5	3	1
VN020070	1	65	1	3	1	3	5	3	1
VN020073	1	60	1	3	1	3	5	3	0
VN020075	1	57	1	3	1	3	5	3	0
VN020077	1	59	1	3	1	3	5	3	0
VN020079	1	58	1	3	1	2	5	3	1
VN020080	1	61	1	3	1	2	5	3	1
VN020081	1	57	1	3	1	3	5	3	1
VN020083	1	51	1	3	1	2	5	3	1
VN020084	1	55	1	3	1	2	5	3	0
VN020086	1	61	1	3	1	2	5	6	1
VN020087	1	62	1	3	1	2	5	3	0
VN020088	1	64	1	3	1	1	5	3	1
VN020089	1	47	3	3	1	3	5	3	1
VN020090	1	45	3	3	1	2	5	3	1
VN020091	1	60	1	3	1	3	5	3	0
VN020092	1	58	1	3	1	3	5	4	1
VN020094	1	57	1	3	1	2	5	3	1
VN020096	1	59	1	3	1	2	5	4	1
VN020097	1	62	1	3	1	2	5	3	1
VN020099	1	63	1	3	1	3	5	3	1
VN020105	1	64	1	3	1	2	5	3	0
VN020106	1	59	1	3	1	2	5	4	1
VN020110	1	61	1	3	1	3	5	3	1
VN020112	1	58	1	3	1	3	5	3	1
VN020114	1	64	1	3	1	2	5	3	1
VN020117	1	57	1	3	1	3	5	3	1
VN020118	1	64	1	3	1	2	5	3	1
VN020119	1	59	1	3	1	3	5	3	1
VN020122	1	60	1	3	1	2	5	3	1
VN020125	1	47	3	3	1	2	5	3	1
VN020129	1	55	1	1	1	2	6	3	1
VN020131	1	64	1	3	1	2	5	3	1
VN020133	1	61	1	3	1	3	5	3	1
VN020135	1	52	1	1	1	2	6	9	1
VN020135	2	64	1	3	1	2	5	3	1
VN020136	1	57	1	3	1	2	5	3	0
VN030003	1	49	3	3	1	2	5	4	0
VN030004	1	48	4	1	1	2	5	3	1
VN030005	1	58	4	3	1	2	5	4	0
VN030006	1	65	4	3	1	2	5	3	1
VN030008	1	49	4	3	1	2	5	3	1
VN030009	1	42	4	3	1	2	5	3	1
VN030010	1	46	4	3	1	3	5	3	1
VN030011	1	55	1	3	1	2	5	4	0
VN030012	1	48	2	3	1	2	5	4	0
VN030013	1	49	3	3	1	2	5	4	0
VN030014	1	48	3	3	1	2	5	4	0
VN030016	1	49	4	3	1	2	5	4	0
VN030017	1	60	4	3	1	2	5	4	0
VN030018	1	47	3	3	1	2	5	4	0
VN030019	1	37	4	3	1	2	5	4	1
VN030020	1	46	4	1	1	2	5	3	1
VN030021	1	55	1	3	1	3	5	4	0
VN030022	1	51	2	1	1	2	5	4	1
VN030023	1	54	4	3	1	3	5	3	1
VN030024	1	61	4	3	1	2	5	4	0
VN030025	1	54	2	3	1	2	5	4	0
VN030026	1	45	4	3	1	2	5	3	1
VN030027	1	55	1	3	1	2	5	4	1
VN030029	1	45	1	3	1	3	5	4	0
VN030030	1	37	4	3	1	2	5	4	0
VN030032	1	54	1	3	1	3	5	4	0
VN030034	1	37	4	3	1	2	5	4	1
VN030035	1	48	4	3	1	2	5	3	1
VN030036	1	49	4	3	1	2	5	3	1
VN030037	1	61	4	3	1	2	5	4	0
VN030038	1	64	4	3	1	3	5	3	1
VN030039	1	37	4	3	1	2	5	4	1
VN030040	1	50	4	3	1	2	5	3	1
VN030041	1	59	4	3	1	2	5	3	1
VN030042	1	57	4	3	1	2	5	3	1
VN030043	1	49	2	3	1	2	5	4	1
VN030044	1	38	3	3	1	3	5	4	1
VN030047	1	48	4	3	1	2	5	4	1
VN030048	1	49	2	3	1	2	5	4	0
VN030049	1	48	4	3	1	2	5	4	1
VN030051	1	60	4	3	1	2	5	4	1
VN030052	1	40	4	3	1	2	5	4	1
VN030055	1	48	2	3	1	2	5	4	0
VN030056	1	48	4	3	1	2	5	4	0
VN030057	1	58	4	3	1	2	5	4	1
VN030059	1	48	4	3	1	2	5	4	1
VN030061	1	54	4	3	1	2	5	4	1
VN030064	1	60	4	3	1	2	5	5	1
VN030065	1	58	4	3	1	3	5	4	1
VN030066	1	53	4	3	1	2	5	4	1
VN030067	1	59	4	3	1	2	5	4	1
VN030069	1	52	2	3	1	2	5	4	1
VN030070	1	46	4	3	1	2	5	4	1
VN030071	1	60	4	5	1	2	5	3	1
VN030072	1	54	4	3	1	2	5	4	1
VN030073	1	42	2	3	1	2	5	4	1
VN030074	1	48	4	3	1	2	5	4	1
VN030075	1	59	4	5	1	2	5	3	1
VN030077	1	64	4	3	0	2	5	3	1
VN030078	1	52	1	3	1	2	5	4	1
VN030079	1	55	1	3	1	2	5	4	1
VN030081	1	59	4	3	1	3	5	3	1
VN030082	1	60	4	3	1	4	5	3	1
VN030084	1	52	4	3	1	2	5	4	1
VN030086	1	48	4	3	1	2	5	4	1
VN030087	1	38	4	3	1	2	5	4	1
VN030088	1	49	2	3	1	2	5	4	0
VN030089	1	40	3	3	1	2	5	4	1
VN030090	1	48	4	3	1	3	5	3	1
VN030092	1	54	2	3	1	2	5	4	1
VN030093	1	48	4	3	1	2	5	4	1
VN030094	1	54	1	3	1	2	5	4	1
VN030095	1	49	4	3	1	2	5	3	1
VN030096	1	40	4	3	1	2	5	3	1
VN030097	1	63	4	3	1	2	5	3	1
VN030098	1	48	4	3	1	2	5	4	1
VN030099	1	37	4	3	1	2	5	4	0
VN030100	1	48	4	3	1	2	5	4	1
VN030120	1	46	4	3	1	2	5	3	1
VN030127	1	48	4	3	1	2	5	4	1
VN030129	1	48	4	3	1	2	5	4	1
VN030130	1	48	1	3	1	2	5	4	1
VN030131	1	57	4	3	1	2	5	4	1
VN030132	1	58	4	3	1	2	5	4	1
VN030138	1	64	4	3	1	3	5	3	1
VN040002	1	65	1	3	1	3	5	4	1
VN040003	1	59	1	3	1	2	5	3	1
VN040004	1	50	3	3	1	2	5	4	1
VN040005	1	59	1	3	1	2	5	3	1
VN040006	1	59	1	3	1	2	4	3	1
VN040007	1	64	1	3	1	2	5	4	1
VN040008	1	47	3	3	1	2	5	3	0
VN040009	1	54	1	3	1	2	4	3	1
VN040010	1	52	3	3	1	3	5	4	0
VN040012	1	63	3	3	1	2	4	3	1
VN040014	1	58	1	3	1	2	4	4	1
VN040016	1	64	1	3	1	3	5	4	0
VN040017	1	59	1	3	1	2	4	4	1
VN040018	1	52	1	3	1	2	4	4	0
VN040020	1	53	3	3	1	3	5	4	1
VN040021	1	63	1	3	1	3	5	4	0
VN040023	1	45	3	3	1	3	5	4	1
VN040024	1	46	3	3	1	3	5	4	1
VN040025	1	52	3	3	1	2	5	4	1
VN040026	1	51	3	3	1	2	5	4	1
VN040029	1	50	3	3	1	3	5	4	1
VN040030	1	64	1	3	1	2	4	3	1
VN040031	1	59	1	3	1	2	5	4	1
VN040032	1	64	1	3	1	3	5	3	1
VN040033	1	57	1	3	1	2	5	4	1
VN040034	1	57	1	3	1	2	5	4	0
VN040035	1	49	3	3	1	3	5	3	1
VN040036	1	48	3	3	1	2	5	3	1
VN040037	1	60	2	3	1	2	4	3	1
VN040038	1	61	1	3	1	2	5	3	0
VN040039	1	56	1	3	1	2	4	3	1
VN040043	1	47	3	3	1	3	5	3	1
VN040044	1	58	1	3	1	2	4	3	1
VN040045	1	53	1	3	1	3	5	3	1
VN040046	1	60	1	3	1	3	5	3	1
VN040047	1	51	4	3	1	3	5	3	1
VN040048	1	59	2	3	1	3	5	3	1
VN040049	1	52	4	3	1	2	5	3	1
VN040051	1	37	4	3	1	2	5	3	1
VN040052	1	63	1	3	1	2	4	4	1
VN040053	1	51	3	3	1	3	5	4	1
VN040054	1	50	3	3	1	2	5	4	1
VN040055	1	52	3	3	1	2	5	4	1
VN040056	1	48	3	3	1	2	5	3	1
VN040059	1	62	1	3	1	3	5	4	1
VN040060	1	56	1	3	1	2	5	3	0
VN040062	1	64	1	3	1	3	5	4	1
VN040063	1	62	1	3	1	2	5	4	0
VN040064	1	61	1	3	1	2	5	4	1
VN040065	1	54	1	1	1	3	6	4	1
VN040066	1	62	1	3	1	2	5	4	1
VN040069	1	60	1	3	1	3	5	3	0
VN040070	1	56	1	3	1	2	5	4	1
VN040071	1	48	4	2	1	2	6	8	0
VN040073	1	59	1	3	1	2	5	4	1
VN040075	1	58	1	3	1	2	5	3	0
VN040076	1	56	1	3	1	2	5	4	1
VN040077	1	36	4	3	1	1	6	10	1
VN040079	1	50	3	3	1	2	5	4	1
VN040080	1	56	1	3	1	2	5	3	1
VN040081	1	64	1	3	1	2	5	4	1
VN040082	1	59	1	3	1	2	5	4	1
VN040083	1	48	3	3	1	2	5	4	1
VN040084	1	58	1	3	1	2	5	4	1
VN040085	1	53	1	3	1	2	5	4	1
VN040087	1	51	3	3	1	2	5	4	0
VN040089	1	56	1	3	1	1	5	3	1
VN040090	1	59	1	3	1	2	5	4	1
VN040091	1	65	1	3	1	2	5	4	1
VN040092	1	46	3	3	1	2	5	4	1
VN040093	1	36	4	3	1	2	5	8	1
VN040094	1	58	1	3	1	3	5	4	1
VN040095	1	47	3	3	1	3	5	4	1
VN040096	1	55	1	3	1	2	5	4	1
VN040097	1	63	1	3	1	2	5	4	1
VN040098	1	51	1	3	1	4	5	4	1
VN040100	1	67	1	3	1	2	5	4	1
VN040106	1	48	3	3	1	2	5	4	1
VN040108	1	64	1	3	1	2	4	4	1
VN040113	1	48	4	3	1	3	5	3	1
VN040118	1	46	3	3	1	3	5	3	1
VN040119	1	52	3	3	1	3	5	4	1
VN040122	1	59	3	3	1	2	5	4	1
VN040129	1	52	3	3	1	2	5	4	1
VN040143	1	61	1	3	1	2	5	3	1
VN040145	1	52	4	3	1	2	5	4	1
VN040151	1	58	1	3	1	2	5	4	1
VN040164	1	58	1	3	1	2	5	4	1
VN040171	1	63	1	3	1	3	5	4	1
VN040174	1	64	1	3	1	2	5	4	1
VN050001	1	59	1	3	1	2	5	9	1
VN050002	1	55	1	3	1	2	5	4	1
VN050003	1	54	1	3	1	2	5	3	1
VN050004	1	52	1	3	1	2	5	3	1
VN050005	1	39	4	3	1	2	5	4	1
VN050006	1	36	4	3	1	2	5	9	1
VN050007	1	43	3	3	1	2	5	3	1
VN050008	1	53	1	3	1	2	5	4	1
VN050010	1	48	4	3	1	2	5	4	1
VN050011	1	60	1	3	1	2	5	4	1
VN050012	1	44	3	3	1	2	5	8	1
VN050013	1	55	3	3	1	2	5	4	1
VN050014	1	59	1	3	1	2	5	4	1
VN050016	1	51	1	3	1	2	5	3	1
VN050017	1	57	1	3	1	2	5	4	1
VN050021	1	57	1	3	1	2	5	4	1
VN050022	1	38	3	3	1	2	5	3	1
VN050023	1	55	1	3	1	2	5	4	1
VN050024	1	36	3	3	1	2	5	8	1
VN050025	1	43	4	3	1	2	5	4	1
VN050026	1	61	1	1	1	2	6	3	1
VN050027	1	36	4	3	1	2	5	4	1
VN050029	1	49	4	3	1	2	5	8	1
VN050031	1	45	3	3	1	2	5	8	1
VN050033	1	36	3	3	1	2	5	4	1
VN050034	1	60	1	3	1	2	1	4	1
VN050035	1	62	1	3	1	3	5	4	1
VN050036	1	36	4	3	1	2	5	8	1
VN050037	1	60	1	3	1	2	5	4	1
VN050038	1	47	3	3	1	2	5	4	1
VN050040	1	58	1	3	1	2	5	9	1
VN050041	1	50	3	3	1	2	5	3	1
VN050042	1	60	1	3	1	2	5	4	1
VN050043	1	60	1	3	1	2	5	4	1
VN050044	1	55	1	3	1	2	5	4	1
VN050045	1	59	1	3	1	2	5	4	1
VN050046	1	47	3	3	1	2	5	8	1
VN050047	1	36	4	3	1	2	5	8	1
VN050048	1	61	1	3	1	2	5	4	1
VN050049	1	49	4	3	1	2	5	4	1
VN050050	1	48	4	3	1	2	5	4	1
VN050052	1	55	1	3	1	2	5	3	1
VN050053	1	55	1	3	1	1	5	4	1
VN050054	1	59	1	3	1	2	5	4	1
VN050055	1	45	3	3	1	3	5	3	1
VN050057	1	53	1	3	1	2	5	4	1
VN050059	1	53	1	3	1	2	5	3	1
VN050060	1	-77	1	3	1	3	5	4	1
VN050065	1	44	1	3	1	2	5	3	1
VN050066	1	61	1	3	1	2	5	3	1
VN050068	1	56	1	3	1	2	5	3	1
VN050069	1	56	1	3	1	2	5	4	1
VN050072	1	48	3	3	1	2	5	3	1
VN050073	1	57	1	3	1	2	5	3	1
VN050074	1	48	1	1	1	77	6	9	0
VN050074	2	52	4	3	1	3	5	9	0
VN050075	1	47	3	3	1	2	5	4	1
VN050076	1	45	4	3	1	2	5	4	1
VN050077	1	50	4	3	1	2	5	3	1
VN050078	1	56	1	3	1	2	5	4	1
VN050079	1	57	1	3	1	3	5	3	1
VN050080	1	59	1	3	1	2	5	3	1
VN050081	1	48	3	3	1	3	5	3	1
VN050082	1	42	3	3	1	2	5	4	1
VN050083	1	53	1	3	1	2	5	4	1
VN050085	1	48	3	3	1	2	5	4	1
VN050086	1	53	1	3	1	2	5	4	1
VN050087	1	55	1	3	1	2	5	3	1
VN050091	1	47	3	3	1	2	5	3	1
VN050092	1	55	1	3	0	2	5	4	1
VN050094	1	50	3	3	1	2	5	4	1
VN050095	1	-99	1	3	1	2	5	4	1
VN050096	1	59	4	3	1	3	5	4	1
VN050100	1	53	2	3	1	2	5	3	0
VN050102	1	58	1	3	1	3	5	4	1
VN050104	1	53	4	3	1	3	5	3	1
VN050105	1	59	1	3	1	2	5	4	1
VN050107	1	57	1	3	1	2	5	4	1
VN050108	1	56	1	3	1	2	5	3	1
VN050114	1	54	1	3	1	2	5	4	1
VN050115	1	45	1	3	1	2	5	3	1
VN050117	1	54	1	3	1	2	5	3	1
VN050118	1	62	1	3	0	1	5	3	1
VN060001	1	36	4	3	1	1	5	4	99
VN060002	1	48	1	2	1	2	6	3	1
VN060003	1	36	4	3	1	1	5	4	1
VN060004	1	36	4	3	1	1	5	4	1
VN060006	1	48	4	3	1	2	5	3	1
VN060007	1	48	4	3	1	2	5	3	1
VN060009	1	36	4	3	1	1	5	4	1
VN060010	1	36	4	3	1	2	5	4	0
VN060015	1	42	4	3	1	2	5	3	1
VN060016	1	36	4	3	1	1	5	4	1
VN060018	1	36	4	3	1	1	5	4	1
VN060019	1	36	4	3	1	1	5	4	1
VN060024	1	36	4	3	1	1	5	4	1
VN060025	1	48	4	3	1	2	5	3	1
VN060027	1	48	4	3	1	3	5	3	1
VN060028	1	48	2	3	1	2	5	8	1
VN060029	1	36	4	3	1	1	5	4	1
VN060031	1	48	4	3	1	2	5	7	1
VN060032	1	36	4	3	1	1	5	4	0
VN060033	1	36	4	3	1	1	5	4	1
VN060034	1	59	4	3	1	2	5	3	1
VN060035	1	60	4	3	1	3	5	3	1
VN060036	1	63	4	3	1	3	5	3	1
VN060037	1	36	4	3	1	1	5	4	0
VN060038	1	36	4	3	1	2	5	4	0
VN060039	1	57	4	3	1	3	5	3	1
VN060040	1	36	4	3	1	1	5	4	1
VN060043	1	48	4	3	1	2	5	3	1
VN060044	1	48	4	3	1	3	5	3	1
VN060045	1	36	4	3	1	1	5	4	1
VN060047	1	48	4	3	1	2	5	3	1
VN060048	1	36	4	3	1	1	5	4	0
VN060049	1	48	4	3	1	2	5	3	1
VN060050	1	36	4	3	1	1	5	4	1
VN060051	1	36	4	3	1	1	5	4	1
VN060052	1	42	4	3	1	2	5	3	0
VN060056	1	60	4	3	1	2	5	3	1
VN060057	1	48	4	3	1	2	5	3	1
VN060060	1	59	4	3	1	2	5	4	1
VN060062	1	36	4	3	1	1	5	4	1
VN060063	1	36	4	3	1	1	5	4	1
VN060064	1	36	4	3	1	2	5	4	1
VN060065	1	36	3	3	1	3	5	4	1
VN060066	1	36	4	3	1	2	5	3	1
VN060067	1	58	4	3	1	3	5	3	1
VN060068	1	36	4	3	1	2	5	3	1
VN060069	1	60	4	3	1	2	5	4	1
VN060070	1	36	4	3	1	1	5	4	1
VN060071	1	36	4	3	1	2	5	3	0
VN060073	1	36	4	3	1	1	5	4	1
VN060074	1	54	4	3	1	2	5	4	1
VN060075	1	36	4	3	1	2	5	3	1
VN060076	1	48	4	3	1	2	5	3	0
VN060077	1	36	4	3	1	2	5	4	1
VN060078	1	36	4	3	1	1	5	4	0
VN060079	1	48	4	3	1	3	5	4	1
VN060080	1	36	4	3	1	2	5	3	0
VN060081	1	36	4	3	1	2	5	3	0
VN060082	1	48	4	3	1	3	5	4	1
VN060083	1	36	4	3	1	3	5	4	1
VN060084	1	36	4	3	1	2	5	4	1
VN060085	1	48	4	3	1	2	5	3	1
VN060086	1	36	4	3	1	2	5	4	1
VN060087	1	36	4	3	1	2	5	4	0
VN060088	1	36	4	3	1	2	5	3	1
VN060089	1	60	4	3	1	3	5	4	1
VN060091	1	48	4	3	1	2	5	3	0
VN060092	1	36	4	3	1	1	5	4	1
VN060093	1	48	4	3	1	1	5	4	0
VN060094	1	36	4	3	1	2	5	3	0
VN060095	1	36	4	3	1	1	5	4	1
VN060096	1	48	4	3	1	2	5	3	0
VN060097	1	36	4	3	1	1	5	4	1
VN060098	1	36	4	3	1	1	5	4	1
VN060099	1	48	4	3	1	3	5	4	1
VN060103	1	36	4	3	1	1	5	4	1
VN060104	1	48	4	3	1	2	5	3	1
VN060105	1	36	4	3	1	1	5	4	1
VN060106	1	60	4	3	1	2	5	3	1
VN060108	1	48	4	3	1	3	5	3	1
VN060109	1	48	4	3	1	2	5	3	1
VN060111	1	48	4	3	1	2	5	3	0
VN060119	1	36	4	3	1	2	5	3	0
VN060127	1	48	4	3	1	2	5	3	0
VN070001	1	50	1	3	1	2	5	4	1
VN070003	1	59	1	3	1	2	5	3	1
VN070004	1	37	4	3	1	2	5	3	1
VN070005	1	56	1	3	1	2	5	3	0
VN070006	1	48	4	3	1	3	5	4	0
VN070007	1	63	1	3	1	2	5	4	1
VN070009	1	63	1	3	1	3	5	4	0
VN070010	1	42	4	3	1	2	5	3	1
VN070011	1	54	1	3	1	1	5	3	1
VN070013	1	58	1	3	1	2	5	3	1
VN070015	1	-77	1	3	1	3	5	4	0
VN070017	1	57	1	3	1	2	5	4	1
VN070018	1	45	4	3	1	2	5	3	1
VN070019	1	45	4	3	1	2	5	3	1
VN070022	1	49	3	3	1	3	5	4	1
VN070023	1	-77	4	77	77	2	77	77	77
VN070024	1	48	4	3	1	2	5	3	1
VN070026	1	56	1	3	1	2	5	3	1
VN070027	1	53	1	3	1	3	5	4	1
VN070028	1	56	1	3	1	3	5	3	1
VN070029	1	55	1	3	1	2	5	3	1
VN070031	1	46	3	3	1	2	5	3	1
VN070032	1	50	4	3	1	2	5	4	0
VN070034	1	50	4	3	1	2	5	4	0
VN070036	1	45	4	3	1	2	5	3	1
VN070037	1	36	4	3	1	3	5	4	0
VN070038	1	53	1	3	1	3	5	4	1
VN070039	1	61	1	3	1	2	5	4	1
VN070040	1	55	1	3	1	3	5	4	0
VN070041	1	53	1	3	1	2	5	3	1
VN070042	1	66	1	3	1	2	5	3	1
VN070043	1	48	4	3	1	5	5	3	1
VN070044	1	69	1	3	1	3	5	4	0
VN070045	1	38	4	3	1	2	5	4	1
VN070046	1	54	4	3	1	2	5	3	1
VN070049	1	55	1	3	1	3	5	3	1
VN070050	1	57	4	3	1	2	5	3	1
VN070051	1	47	3	3	1	2	5	4	0
VN070052	1	58	1	3	1	2	5	4	0
VN070053	1	46	3	3	1	3	5	3	1
VN070054	1	59	1	3	1	3	5	4	1
VN070055	1	56	1	2	1	3	5	3	1
VN070058	1	48	4	3	1	2	5	3	1
VN070059	1	48	4	3	0	2	5	3	1
VN070060	1	51	3	3	1	3	5	4	0
VN070063	1	59	1	3	1	2	5	4	1
VN070064	1	48	4	3	1	2	5	4	1
VN070065	1	49	3	3	1	2	5	3	1
VN070066	1	58	1	3	1	2	6	4	1
VN070067	1	60	1	3	1	2	5	3	1
VN070068	1	60	1	3	1	2	5	3	1
VN070069	1	63	1	3	1	3	5	4	0
VN070070	1	47	4	3	1	2	5	4	1
VN070075	1	58	4	3	1	2	5	3	1
VN070076	1	61	1	3	1	2	5	3	1
VN070077	1	61	1	3	1	2	5	2	1
VN070079	1	61	1	3	1	3	5	4	1
VN070080	1	52	2	3	1	2	5	9	1
VN070081	1	47	3	2	1	2	6	9	1
VN070083	1	38	4	3	1	3	5	4	1
VN070084	1	56	1	3	1	2	5	3	1
VN070085	1	48	4	3	1	2	5	4	1
VN070086	1	38	3	5	1	2	5	8	0
VN070087	1	60	1	3	1	3	5	4	0
VN070088	1	60	1	3	1	3	5	4	1
VN070090	1	46	3	3	1	2	5	4	0
VN070091	1	59	1	3	1	3	5	3	1
VN070094	1	58	1	3	1	3	5	4	0
VN070095	1	63	1	3	1	3	5	4	0
VN070098	1	63	1	3	1	1	5	3	1
VN070099	1	57	1	3	1	2	5	3	1
VN070102	1	62	1	3	1	3	5	4	0
VN070105	1	-99	3	3	1	2	5	9	0
VN070116	1	58	1	3	1	2	5	4	0
VN070118	1	54	1	3	1	3	5	3	1
VN070123	1	49	4	3	1	2	5	3	1
VN070124	1	51	4	3	1	3	6	4	1
VN070125	1	53	4	3	1	2	5	3	1
VN070126	1	56	1	3	1	2	5	3	1
VN080001	1	36	4	3	1	2	5	4	1
VN080002	1	36	4	3	1	2	5	4	1
VN080003	1	48	4	3	1	2	5	3	0
VN080004	1	48	4	3	1	2	5	3	1
VN080005	1	61	1	3	1	2	5	4	1
VN080006	1	48	4	3	1	2	5	3	1
VN080008	1	48	4	3	1	2	5	7	0
VN080009	1	48	4	3	1	2	5	4	1
VN080011	1	60	4	3	1	2	5	3	0
VN080013	1	36	4	3	1	2	5	4	1
VN080014	1	58	4	1	1	2	6	8	1
VN080015	1	36	4	3	1	2	5	4	1
VN080016	1	36	4	3	1	2	5	3	1
VN080018	1	48	1	3	1	2	5	4	1
VN080019	1	36	4	3	1	2	5	4	1
VN080020	1	36	4	3	1	2	5	4	1
VN080021	1	40	1	3	1	2	5	4	1
VN080022	1	48	4	3	1	2	5	3	1
VN080024	1	48	4	3	1	2	5	3	0
VN080025	1	36	4	3	1	2	5	4	1
VN080026	1	60	4	3	1	2	5	4	1
VN080027	1	36	4	3	1	2	5	3	1
VN080029	1	48	4	3	1	2	5	3	1
VN080030	1	36	3	3	1	3	5	4	1
VN080031	1	36	4	3	1	2	5	5	1
VN080032	1	36	4	3	1	1	5	5	0
VN080033	1	36	4	3	1	3	5	4	0
VN080034	1	36	4	3	1	1	5	5	1
VN080035	1	50	4	3	1	2	5	3	1
VN080036	1	48	4	3	1	2	5	3	1
VN080037	1	36	4	3	1	2	5	4	1
VN080039	1	48	4	1	1	2	5	4	1
VN080040	1	48	4	3	1	2	5	4	1
VN080041	1	36	4	3	1	2	5	4	1
VN080042	1	48	4	3	1	3	5	3	1
VN080045	1	48	4	3	1	1	5	3	1
VN080046	1	48	4	3	1	2	5	3	0
VN080047	1	48	4	3	1	2	5	4	1
VN080049	1	48	4	3	1	3	5	3	1
VN080050	1	44	2	1	1	3	6	8	0
VN080050	2	52	4	1	1	2	6	9	0
VN080051	1	48	3	3	1	2	5	4	1
VN080052	1	48	3	3	1	3	5	4	1
VN080053	1	48	4	3	1	2	5	5	1
VN080056	1	48	4	3	1	2	5	3	1
VN080058	1	48	1	3	1	3	5	4	1
VN080059	1	48	4	3	1	2	5	3	1
VN080060	1	48	4	3	1	2	5	3	1
VN080061	1	48	3	3	1	2	5	4	1
VN080062	1	48	4	3	1	2	5	4	1
VN080065	1	39	4	3	1	3	5	5	0
VN080066	1	48	4	3	1	2	5	4	0
VN080067	1	36	2	3	1	1	5	5	1
VN080069	1	36	4	1	1	2	6	10	1
VN080070	1	36	3	3	1	2	5	4	1
VN080071	1	36	2	3	1	1	5	5	0
VN080073	1	36	1	1	1	2	5	8	1
VN080073	2	60	4	3	1	2	5	8	1
VN080075	1	36	4	3	1	1	5	5	0
VN080076	1	61	1	3	1	3	5	3	1
VN080078	1	36	4	3	1	3	5	4	0
VN080079	1	36	4	3	1	2	5	8	0
VN080081	1	36	4	3	1	2	5	3	1
VN080082	1	50	3	3	1	3	5	3	1
VN080083	1	36	99	1	1	2	5	8	1
VN080083	2	48	4	1	1	1	5	8	1
VN080084	1	36	2	3	1	2	5	5	0
VN080085	1	36	2	3	1	2	5	5	1
VN080088	1	48	1	3	1	2	5	3	0
VN080090	1	38	2	3	1	1	5	5	0
VN080091	1	36	1	1	1	2	5	8	1
VN080092	1	48	4	3	1	3	5	3	1
VN080093	1	36	4	3	1	2	5	4	1
VN080094	1	36	2	3	1	3	5	5	1
VN080095	1	59	4	3	1	3	5	4	1
VN080104	1	48	1	3	1	3	5	4	1
VN080107	1	46	4	3	1	2	5	4	0
VN080115	1	48	4	3	1	2	5	3	1
VN080119	1	48	4	3	1	2	5	3	0
VN080132	1	48	2	3	1	2	5	4	1
VN080142	1	60	1	3	1	2	5	4	1
VN080154	1	39	2	3	1	2	5	5	0
VN080162	1	38	3	3	1	2	5	5	0
VN090001	1	46	3	3	1	2	5	4	1
VN090002	1	36	4	3	0	2	6	6	1
VN090003	1	53	2	3	0	2	5	8	1
VN090004	1	36	4	3	1	2	6	3	0
VN090005	1	36	4	3	0	2	5	3	1
VN090006	1	50	4	3	0	2	5	7	1
VN090008	1	46	4	3	0	2	5	5	1
VN090009	1	48	4	3	1	3	5	10	1
VN090010	1	45	4	3	0	2	5	6	1
VN090011	1	48	3	3	0	2	6	2	0
VN090012	1	36	4	3	1	3	6	3	1
VN090013	1	47	4	3	0	2	5	3	1
VN090014	1	36	4	3	0	3	6	4	1
VN090015	1	46	4	3	1	1	5	4	1
VN090017	1	36	4	4	0	2	5	4	0
VN090020	1	36	4	3	0	2	5	3	1
VN090021	1	36	4	3	0	2	5	10	0
VN090023	1	37	4	3	1	2	5	3	1
VN090024	1	48	4	3	0	3	5	4	1
VN090025	1	36	4	3	1	2	5	3	1
VN090026	1	36	4	3	1	2	5	3	1
VN090027	1	36	4	3	0	2	5	3	0
VN090028	1	39	4	3	0	3	5	4	0
VN090029	1	36	4	3	0	2	5	3	1
VN090031	1	36	4	3	0	2	5	3	1
VN090032	1	48	4	3	0	2	5	3	0
VN090034	1	46	4	3	0	3	5	3	1
VN090035	1	55	4	3	0	2	5	3	1
VN090037	1	57	4	3	0	2	5	3	1
VN090038	1	48	4	3	0	2	5	3	0
VN090042	1	48	4	3	0	2	5	3	1
VN090043	1	57	4	3	1	2	5	5	1
VN090044	1	65	4	3	0	77	5	3	0
VN090047	1	36	4	3	0	3	5	3	1
VN090049	1	-77	4	3	0	2	5	3	1
VN090050	1	48	4	3	0	2	5	3	1
VN090051	1	48	4	3	0	2	5	3	1
VN090053	1	48	4	3	0	3	5	3	1
VN090057	1	48	4	3	0	2	5	3	0
VN090061	1	63	4	3	0	3	6	3	1
VN090066	1	48	4	3	0	2	5	4	0
VN090073	1	48	4	3	0	2	5	3	0
VN090074	1	48	4	3	0	2	5	6	1
VN090078	1	48	4	3	0	2	6	3	1
VN090079	1	47	4	3	0	2	5	4	1
VN090080	1	48	4	3	0	2	6	3	1
VN090082	1	52	4	3	0	77	5	3	0
VN090085	1	48	4	3	0	2	5	3	0
VN090086	1	48	4	3	0	2	5	3	0
VN090087	1	48	4	3	0	2	6	3	1
VN090092	1	61	4	3	0	2	5	3	1
VN090093	1	55	4	3	0	3	5	3	1
VN090094	1	52	4	3	0	2	5	4	1
VN090095	1	36	4	3	0	3	6	3	1
VN090097	1	36	3	3	0	2	5	3	1
VN090098	1	48	4	3	0	2	5	3	0
VN090099	1	48	4	3	0	2	5	3	0
VN090101	1	36	4	3	0	2	5	3	1
VN090102	1	39	4	3	0	3	5	9	1
VN090105	1	48	4	3	0	2	6	3	1
VN090120	1	48	4	3	0	2	5	3	0
VN090125	1	59	4	3	0	2	5	5	1
VN100002	1	36	4	3	1	3	5	3	0
VN100003	1	44	4	3	1	2	5	9	1
VN100004	1	48	4	3	1	3	5	3	0
VN100006	1	44	1	3	1	2	5	3	1
VN100007	1	41	2	3	0	2	5	8	1
VN100008	1	45	4	3	1	3	6	10	1
VN100010	1	38	4	3	0	2	5	4	1
VN100011	1	36	4	3	1	2	5	9	1
VN100012	1	36	4	3	1	3	5	6	0
VN100013	1	39	4	3	1	3	5	7	0
VN100014	1	36	4	3	1	2	5	9	1
VN100015	1	36	4	3	0	2	5	8	1
VN100016	1	36	4	3	1	2	5	9	1
VN100017	1	42	4	3	0	3	5	8	1
VN100018	1	36	4	3	1	2	5	9	1
VN100020	1	48	4	3	1	2	5	3	0
VN100022	1	42	4	4	0	3	5	8	1
VN100024	1	36	4	3	1	2	5	4	1
VN100025	1	49	4	3	1	2	5	6	1
VN100026	1	49	4	3	0	2	5	8	1
VN100027	1	46	4	3	0	2	5	9	1
VN100029	1	36	4	3	0	2	5	9	1
VN100030	1	58	4	3	1	2	5	9	1
VN100031	1	39	4	3	1	2	5	9	1
VN100032	1	39	3	3	1	3	5	9	1
VN100032	2	49	4	3	1	3	5	4	1
VN100033	1	37	4	3	1	2	5	9	1
VN100035	1	34	4	4	1	3	5	9	1
VN100036	1	42	4	3	0	2	5	8	1
VN100038	1	36	4	3	0	3	5	4	1
VN100039	1	48	4	3	1	2	5	3	0
VN100040	1	56	4	3	0	3	5	3	1
VN100041	1	50	4	3	0	2	5	4	1
VN100042	1	41	4	3	1	2	5	9	1
VN100043	1	44	4	3	1	2	5	8	1
VN100044	1	48	4	3	1	3	5	6	1
VN100045	1	44	4	3	1	2	5	9	1
VN100046	1	36	4	3	1	2	5	8	0
VN100047	1	33	4	1	0	2	5	8	1
VN100048	1	42	4	3	1	2	5	9	1
VN100050	1	45	4	3	0	2	5	8	1
VN100051	1	44	4	3	1	2	5	3	1
VN100052	1	36	4	3	1	2	5	4	0
VN100054	1	36	4	3	1	3	5	7	1
VN100055	1	37	4	3	0	2	5	4	1
VN100056	1	37	4	3	0	2	5	4	1
VN100057	1	45	4	3	0	2	5	8	1
VN100058	1	39	4	3	1	2	5	8	1
VN100059	1	45	4	3	1	4	5	8	0
VN100060	1	45	4	3	0	2	5	8	1
VN100061	1	40	4	3	1	2	5	8	1
VN100062	1	36	4	3	1	2	5	8	1
VN100064	1	46	4	3	0	2	5	8	1
VN100066	1	45	4	3	0	2	5	8	1
VN100067	1	50	4	3	0	2	5	4	1
VN100068	1	43	4	3	0	2	5	8	1
VN100069	1	36	4	3	1	2	5	4	0
VN100070	1	40	4	3	1	2	5	3	1
VN100071	1	33	4	3	0	2	5	4	1
VN100072	1	36	4	3	1	2	5	3	1
VN100073	1	36	4	3	1	2	5	4	0
VN100074	1	45	4	3	1	2	5	3	1
VN100076	1	42	4	3	0	2	5	8	1
VN100077	1	36	4	3	1	2	5	8	0
VN100078	1	37	4	3	0	2	5	8	1
VN100079	1	36	4	3	1	2	5	7	0
VN100080	1	38	4	3	1	2	5	9	1
VN100081	1	52	4	3	0	2	5	8	1
VN100082	1	45	4	3	1	2	5	8	1
VN100083	1	48	4	3	1	2	5	7	0
VN100084	1	36	4	3	1	2	5	8	1
VN100085	1	44	4	3	1	3	5	9	1
VN100086	1	36	4	3	1	2	5	8	1
VN100087	1	36	4	3	1	2	5	8	1
VN100088	1	42	4	3	0	2	5	8	1
VN100089	1	36	4	3	1	3	5	6	1
VN100090	1	36	4	3	1	3	5	9	1
VN100091	1	36	4	3	1	3	5	6	1
VN100092	1	36	4	3	1	1	5	7	0
VN100093	1	38	4	3	1	2	5	9	1
VN100094	1	36	4	3	0	3	5	9	1
VN100095	1	36	4	3	1	2	5	6	1
VN100096	1	36	4	3	1	2	5	8	1
VN100097	1	46	4	3	1	2	5	9	1
VN100098	1	36	4	3	1	3	5	8	1
VN100099	1	49	4	3	0	3	5	9	1
VN100100	1	36	4	3	1	2	5	8	1
VN100101	1	57	4	3	0	3	5	3	1
VN100103	1	36	4	3	1	2	5	7	0
VN100104	1	36	4	3	1	2	5	8	0
VN100106	1	36	4	3	1	2	5	9	1
VN100107	1	45	4	3	1	2	5	8	1
VN100108	1	36	4	3	0	2	5	9	1
VN100109	1	35	4	3	1	2	5	9	1
VN100111	1	46	4	3	0	3	5	3	1
VN100113	1	39	4	3	1	2	5	9	1
VN100115	1	44	4	3	1	77	5	3	77
VN100118	1	36	4	3	1	2	5	7	0
VN110001	1	36	4	3	1	2	5	9	1
VN110002	1	36	4	3	1	2	5	9	1
VN110003	1	48	3	3	1	3	5	7	1
VN110005	1	40	4	3	1	1	5	8	1
VN110006	1	36	4	3	1	3	5	7	1
VN110007	1	36	4	3	1	2	5	8	1
VN110008	1	46	4	3	1	3	5	4	0
VN110010	1	38	4	3	1	3	5	9	1
VN110012	1	48	2	3	1	2	5	4	1
VN110013	1	48	4	3	1	2	5	3	1
VN110014	1	36	4	3	1	3	5	4	1
VN110015	1	41	4	3	1	3	5	4	0
VN110017	1	46	4	3	1	2	5	4	0
VN110019	1	40	4	3	1	3	5	5	0
VN110021	1	36	4	3	1	3	5	4	1
VN110023	1	40	4	3	1	2	5	4	0
VN110024	1	59	1	3	1	3	5	3	0
VN110025	1	48	4	2	1	3	5	7	1
VN110028	1	48	4	3	1	2	5	9	1
VN110029	1	36	3	3	1	2	5	9	1
VN110030	1	48	4	3	1	3	5	8	0
VN110031	1	36	4	3	1	3	5	5	0
VN110032	1	48	4	3	1	3	5	7	0
VN110033	1	48	4	3	1	2	5	9	1
VN110034	1	48	4	3	1	2	5	9	1
VN110035	1	36	4	3	1	3	5	7	1
VN110036	1	36	4	3	1	3	5	7	1
VN110037	1	36	4	3	1	2	5	7	0
VN110038	1	36	4	3	1	2	5	8	0
VN110040	1	48	4	3	1	3	5	7	0
VN110041	1	48	4	3	1	2	5	9	1
VN110042	1	48	4	3	1	3	5	8	0
VN110043	1	36	4	3	1	2	5	9	1
VN110044	1	48	4	3	1	3	5	7	0
VN110045	1	36	4	3	1	3	5	7	1
VN110047	1	36	4	3	1	2	5	9	1
VN110048	1	45	4	3	1	2	5	9	1
VN110049	1	53	4	3	1	2	5	9	1
VN110050	1	48	4	3	1	4	5	3	0
VN110051	1	49	4	3	1	3	5	4	1
VN110052	1	40	3	3	1	3	6	4	1
VN110053	1	46	4	3	1	3	5	3	0
VN110054	1	50	4	3	1	2	5	4	0
VN110055	1	58	4	3	1	4	5	3	1
VN110056	1	55	4	3	1	3	5	3	1
VN110057	1	48	4	3	1	3	5	4	0
VN110058	1	48	4	3	1	2	5	4	0
VN110059	1	48	4	3	1	3	5	4	1
VN110060	1	56	4	3	1	2	5	3	1
VN110061	1	36	4	3	1	2	5	9	1
VN110062	1	48	4	3	1	3	5	3	0
VN110063	1	59	4	3	1	3	5	4	1
VN110064	1	48	4	3	1	3	5	3	0
VN110066	1	68	4	3	1	2	5	4	1
VN110067	1	52	4	3	1	3	5	4	1
VN110068	1	54	1	3	1	3	5	4	1
VN110072	1	45	4	3	1	2	5	4	0
VN110073	1	46	4	3	1	3	5	3	0
VN110074	1	38	4	3	1	2	5	4	1
VN110075	1	44	4	3	1	2	5	4	1
VN110076	1	48	1	3	1	2	5	4	1
VN110077	1	48	4	3	1	3	5	3	1
VN110078	1	50	4	3	1	3	5	3	1
VN110079	1	46	4	3	1	2	5	3	0
VN110080	1	42	4	3	1	3	5	4	1
VN110081	1	40	4	3	1	2	5	4	0
VN110082	1	47	4	3	1	3	5	4	1
VN110083	1	47	4	3	1	4	5	3	0
VN110084	1	48	4	3	1	3	5	4	1
VN110085	1	40	4	3	1	2	5	4	1
VN110086	1	48	4	3	1	3	5	3	0
VN110087	1	38	3	3	1	4	5	4	1
VN110088	1	48	3	3	1	2	5	4	0
VN110089	1	48	4	3	1	3	5	4	1
VN110090	1	49	4	3	1	2	5	4	1
VN110091	1	36	4	3	1	3	5	4	0
VN110092	1	36	4	3	1	3	5	4	0
VN110093	1	48	4	3	1	3	5	4	0
VN110094	1	48	4	2	1	2	5	4	1
VN110095	1	48	4	3	1	3	5	4	0
VN110096	1	50	4	3	1	2	5	4	1
VN110097	1	57	4	3	1	2	5	4	1
VN110098	1	52	4	3	1	2	5	3	1
VN110099	1	40	4	3	1	2	5	3	1
VN110100	1	52	4	3	1	2	6	4	1
VN110101	1	36	4	3	1	3	5	9	1
VN110104	1	36	4	3	1	3	5	4	0
VN110108	1	40	4	3	1	3	5	4	0
VN110115	1	46	4	3	1	2	5	3	1
VN110119	1	39	4	3	1	2	5	4	1
VN110121	1	36	4	3	1	2	5	9	1
VN110123	1	36	4	3	1	4	5	8	0
VN110125	1	36	4	3	1	3	5	9	1
VN120001	1	36	4	3	1	2	5	9	1
VN120003	1	36	4	3	1	3	5	7	1
VN120004	1	60	2	3	1	2	6	8	1
VN120006	1	36	4	3	1	2	5	8	0
VN120007	1	50	4	3	1	3	5	4	1
VN120009	1	54	4	3	1	1	5	8	1
VN120010	1	63	4	3	1	1	5	9	1
VN120011	1	48	4	3	1	2	5	9	1
VN120013	1	36	4	3	1	2	5	8	0
VN120014	1	61	4	3	1	2	5	9	1
VN120016	1	50	4	3	1	2	5	7	1
VN120017	1	48	4	3	1	2	5	7	1
VN120020	1	37	4	3	1	3	5	4	1
VN120022	1	48	4	3	0	3	5	4	1
VN120023	1	53	4	3	0	3	5	4	1
VN120024	1	50	4	3	1	2	5	4	1
VN120026	1	45	4	3	1	2	5	4	1
VN120029	1	55	4	3	0	3	5	4	1
VN120030	1	48	4	3	1	2	5	4	0
VN120032	1	50	4	3	1	2	5	4	0
VN120033	1	50	4	3	1	3	5	4	1
VN120034	1	61	4	3	1	4	5	4	0
VN120035	1	57	4	4	1	3	5	9	1
VN120036	1	60	4	3	1	3	5	4	1
VN120037	1	55	1	3	1	4	5	3	1
VN120038	1	48	4	3	1	2	5	3	0
VN120039	1	48	4	3	1	2	5	4	1
VN120040	1	36	4	3	1	2	5	8	1
VN120041	1	36	4	1	1	1	6	10	1
VN120042	1	48	4	3	1	3	5	4	1
VN120043	1	49	4	3	1	3	5	3	1
VN120045	1	52	4	3	1	2	5	3	0
VN120046	1	59	4	3	1	3	5	3	1
VN120048	1	50	4	3	1	2	5	3	0
VN120049	1	48	4	3	1	2	5	4	1
VN120053	1	46	4	3	1	2	5	4	1
VN120054	1	48	4	3	1	4	5	4	1
VN120055	1	36	4	3	1	2	5	8	0
VN120058	1	48	4	3	1	3	5	4	1
VN120059	1	48	4	3	1	3	5	3	1
VN120060	1	36	4	3	1	2	5	3	0
VN120061	1	36	4	3	1	3	5	4	0
VN120062	1	36	4	3	1	2	5	3	1
VN120063	1	36	4	3	1	2	5	7	0
VN120064	1	36	4	3	1	2	5	7	0
VN120065	1	36	4	3	1	2	5	8	1
VN120066	1	36	4	3	1	3	5	8	0
VN120067	1	40	4	3	1	2	5	8	1
VN120068	1	56	4	3	1	3	5	8	1
VN120069	1	36	4	3	1	2	5	4	0
VN120070	1	36	4	3	1	3	5	3	1
VN120071	1	38	4	3	1	2	5	4	1
VN120072	1	48	4	3	1	3	5	3	1
VN120076	1	36	4	3	1	2	5	4	0
VN120077	1	48	4	3	1	4	5	3	1
VN120079	1	36	4	3	1	2	5	4	1
VN120080	1	37	4	3	1	2	5	4	1
VN120081	1	36	4	3	1	2	5	4	0
VN120083	1	48	4	3	1	2	4	2	0
VN120084	1	45	4	3	1	3	5	3	1
VN120085	1	36	4	3	1	2	5	4	1
VN120086	1	38	4	3	1	3	5	3	1
VN120087	1	48	4	3	1	3	5	4	0
VN120088	1	43	4	3	1	3	5	3	1
VN120089	1	48	4	3	1	3	7	4	0
VN120090	1	50	4	3	1	2	5	8	1
VN120092	1	55	4	3	1	2	5	4	1
VN120093	1	48	4	3	1	3	5	3	0
VN120095	1	50	4	3	1	3	5	3	0
VN120096	1	55	4	3	1	3	5	4	1
VN120097	1	53	4	3	1	3	5	4	1
VN120098	1	48	4	3	1	3	5	4	1
VN120099	1	48	4	3	1	2	5	4	1
VN120114	1	54	4	3	1	2	5	10	1
VN120115	1	36	4	3	1	2	5	4	1
VN120121	1	48	4	3	1	2	5	4	0
VN120125	1	48	4	3	1	3	5	4	1
VN120126	1	37	4	3	1	2	5	4	1
VN120133	1	36	4	3	1	2	5	4	0
VN120134	1	48	4	3	1	2	5	4	0
VN120139	1	36	4	3	1	2	5	8	1
VN120140	1	36	4	3	1	1	5	7	1
VN120141	1	48	4	3	1	3	5	7	1
VN120142	1	36	4	3	1	3	5	3	1
VN120148	1	40	4	3	1	3	5	4	0
VN120150	1	36	4	3	1	3	5	3	0
VN130001	1	36	4	3	1	2	6	7	1
VN130002	1	36	4	3	1	3	6	6	1
VN130003	1	36	4	3	1	3	6	5	1
VN130004	1	36	4	3	1	3	6	7	1
VN130005	1	36	4	4	1	3	6	6	1
VN130006	1	36	4	4	1	2	6	9	1
VN130007	1	36	4	3	1	2	6	8	1
VN130008	1	36	4	3	1	4	6	7	1
VN130009	1	36	4	3	1	2	5	9	1
VN130010	1	36	4	3	1	2	6	7	1
VN130011	1	36	4	3	1	2	5	7	1
VN130012	1	36	4	3	1	2	6	6	1
VN130013	1	36	4	3	1	2	5	6	1
VN130014	1	56	4	3	1	2	5	7	1
VN130015	1	36	4	3	1	1	6	9	1
VN130016	1	37	3	3	1	3	6	5	1
VN130016	2	52	4	3	1	2	6	9	1
VN130017	1	36	4	3	1	2	6	7	1
VN130019	1	36	3	3	1	2	6	8	1
VN130019	2	60	4	3	1	2	6	8	1
VN130020	1	36	4	3	1	2	6	7	1
VN130021	1	36	4	3	1	2	6	7	1
VN130022	1	42	4	3	1	3	6	10	1
VN130023	1	36	2	3	1	2	6	6	1
VN130023	2	48	2	3	1	2	6	6	1
VN130023	3	60	2	3	1	2	6	7	1
VN130024	1	48	2	3	1	3	6	7	1
VN130024	2	60	4	3	1	3	6	7	1
VN130025	1	36	4	3	1	3	6	6	1
VN130026	1	36	3	3	1	2	6	6	1
VN130026	2	60	4	3	1	2	6	7	1
VN130027	1	36	4	3	1	2	6	8	1
VN130028	1	36	3	3	1	4	6	8	1
VN130028	2	60	4	3	1	5	6	8	1
VN130029	1	48	2	3	1	3	6	6	1
VN130029	2	60	4	3	1	2	6	7	1
VN130030	1	36	4	3	1	3	6	7	1
VN130032	1	36	4	3	1	2	6	7	1
VN130033	1	36	4	3	1	2	6	7	1
VN130034	1	36	4	3	1	3	6	7	1
VN130035	1	36	4	3	1	2	6	7	1
VN130036	1	36	4	1	1	3	6	7	1
VN130037	1	36	4	3	1	3	6	7	1
VN130038	1	48	4	3	1	3	6	8	1
VN130039	1	36	2	3	1	2	6	6	1
VN130039	2	48	2	3	1	2	6	7	1
VN130039	3	60	4	3	1	2	6	7	1
VN130040	1	36	4	3	1	2	6	7	1
VN130041	1	36	4	3	1	3	6	9	1
VN130042	1	36	3	3	1	3	6	6	1
VN130042	2	48	3	3	1	3	6	7	1
VN130042	3	60	4	3	1	3	6	7	1
VN130043	1	36	4	3	1	4	6	6	1
VN130044	1	36	4	3	1	3	6	7	1
VN130045	1	36	2	3	1	4	7	7	1
VN130045	2	48	4	3	1	3	6	6	1
VN130046	1	36	4	3	1	3	6	10	1
VN130047	1	36	4	3	1	3	5	7	1
VN130048	1	36	4	3	1	3	6	7	1
VN130049	1	36	4	3	1	3	6	7	1
VN130050	1	48	4	3	1	3	6	8	1
VN130051	1	36	4	3	1	2	6	8	1
VN130052	1	36	4	3	1	3	6	7	1
VN130053	1	36	4	3	1	3	6	7	1
VN130054	1	36	4	3	1	4	6	8	1
VN130055	1	36	4	3	1	2	6	6	1
VN130056	1	34	4	3	1	3	6	6	1
VN130057	1	48	4	3	1	2	6	7	1
VN130058	1	36	4	3	1	3	6	7	1
VN130059	1	36	4	3	1	3	6	7	1
VN130060	1	36	4	3	1	3	6	6	1
VN130061	1	62	4	3	1	2	6	10	1
VN130063	1	36	4	3	1	4	6	6	1
VN130064	1	36	4	3	1	3	6	7	1
VN130065	1	36	4	3	1	4	6	6	1
VN130066	1	36	4	3	1	2	6	7	1
VN130067	1	36	4	3	1	3	6	7	1
VN130068	1	36	4	3	1	2	6	7	1
VN130069	1	30	4	3	1	2	6	7	1
VN130070	1	36	4	3	1	2	6	7	1
VN130071	1	60	4	3	1	3	6	10	1
VN130072	1	50	4	3	1	3	6	5	1
VN130073	1	36	4	3	1	2	6	7	0
VN130074	1	48	4	3	1	3	5	7	1
VN130075	1	36	4	3	1	1	6	8	1
VN130076	1	24	3	3	1	3	6	6	1
VN130076	2	60	4	3	1	4	6	7	1
VN130077	1	36	4	3	1	2	6	7	1
VN130078	1	36	3	3	1	3	6	7	1
VN130078	2	60	4	3	1	3	6	7	1
VN130079	1	36	4	3	1	3	6	7	1
VN130080	1	36	4	3	1	2	6	7	1
VN130081	1	36	4	3	1	4	6	7	1
VN130082	1	36	4	3	1	2	6	7	1
VN130083	1	36	4	3	1	2	6	8	1
VN130085	1	38	4	3	1	2	6	8	1
VN130086	1	36	4	3	1	2	6	7	1
VN130087	1	36	4	3	1	4	6	8	1
VN130088	1	36	4	3	1	2	6	7	1
VN130089	1	36	4	3	1	3	6	7	1
VN130090	1	36	4	3	1	3	6	7	1
VN130091	1	36	4	3	1	3	6	7	1
VN130092	1	36	4	3	1	2	6	7	1
VN130093	1	36	4	3	1	3	6	8	1
VN130094	1	36	4	3	1	3	6	7	1
VN130095	1	36	4	3	1	4	6	7	1
VN130096	1	48	4	3	1	3	6	7	1
VN130097	1	36	2	3	1	5	5	6	1
VN130097	2	48	2	3	1	2	6	7	1
VN130097	3	60	4	3	1	1	6	7	1
VN130098	1	36	4	3	1	2	4	6	1
VN130099	1	36	4	3	1	3	6	8	1
VN130100	1	36	4	3	1	2	6	8	1
VN130101	1	36	4	3	1	3	6	6	1
VN130102	1	36	4	3	1	3	6	7	1
VN130103	1	36	4	3	1	4	6	8	1
VN130104	1	36	4	3	1	2	6	10	1
VN140001	1	36	4	3	1	2	6	7	1
VN140002	1	54	4	3	1	2	6	10	1
VN140003	1	36	3	3	1	2	6	5	1
VN140003	2	48	4	3	1	2	6	6	1
VN140004	1	48	4	3	1	2	6	9	1
VN140005	1	36	4	3	1	2	6	8	1
VN140006	1	36	4	3	1	2	6	7	1
VN140007	1	36	4	3	1	3	6	10	1
VN140008	1	36	3	3	1	2	6	7	1
VN140008	2	60	4	3	1	2	6	10	1
VN140009	1	48	4	3	1	2	6	7	1
VN140010	1	36	4	3	1	2	6	10	1
VN140011	1	49	4	3	1	2	6	6	1
VN140012	1	42	4	3	1	3	6	6	1
VN140013	1	48	4	3	1	3	6	6	1
VN140014	1	36	4	3	1	2	6	10	1
VN140015	1	36	2	3	1	2	5	6	1
VN140015	2	48	4	3	1	2	6	7	1
VN140016	1	48	4	3	1	2	6	6	1
VN140017	1	36	4	3	1	3	6	7	1
VN140018	1	36	2	3	1	3	5	6	1
VN140019	1	-77	4	3	1	2	6	7	1
VN140020	1	48	4	3	1	2	6	8	1
VN140021	1	48	4	3	1	2	6	7	1
VN140022	1	48	4	3	1	2	7	9	1
VN140023	1	38	4	3	1	3	6	10	1
VN140024	1	48	4	3	1	2	6	8	0
VN140025	1	42	4	3	1	2	6	9	1
VN140026	1	43	4	3	1	2	6	9	1
VN140027	1	36	4	3	1	2	6	7	1
VN140028	1	67	4	3	1	3	6	10	1
VN140029	1	48	4	3	1	1	6	7	0
VN140030	1	36	3	3	1	2	6	8	1
VN140030	2	54	4	3	1	2	6	8	1
VN140031	1	51	4	3	1	1	6	9	1
VN140032	1	36	4	3	1	2	6	7	1
VN140033	1	36	4	3	1	2	6	8	1
VN140034	1	60	4	3	1	2	6	10	1
VN140036	1	63	4	3	1	2	6	10	1
VN140037	1	36	4	3	1	3	6	8	0
VN140038	1	36	3	3	1	3	6	6	1
VN140038	2	62	4	3	1	3	6	6	1
VN140039	1	36	4	3	1	2	6	9	1
VN140040	1	36	4	3	1	3	6	8	1
VN140041	1	36	4	3	1	2	6	6	1
VN140042	1	38	4	3	1	2	6	9	1
VN140043	1	36	4	3	1	2	5	8	1
VN140044	1	36	4	3	1	2	6	8	1
VN140045	1	36	3	3	1	3	5	7	1
VN140045	2	63	4	3	1	2	6	10	1
VN140046	1	36	4	4	1	2	6	10	1
VN140047	1	48	4	3	1	1	6	8	1
VN140048	1	48	3	3	1	2	6	7	1
VN140048	2	58	4	3	1	2	6	7	1
VN140049	1	26	3	3	1	2	6	8	1
VN140049	2	60	4	3	1	2	6	9	1
VN140050	1	36	3	3	1	2	6	7	1
VN140050	2	48	4	3	1	2	6	7	1
VN140051	1	36	4	3	1	2	6	9	1
VN140052	1	50	3	3	1	2	6	8	1
VN140053	1	36	4	3	1	2	6	7	1
VN140054	1	36	3	3	1	3	5	6	1
VN140054	2	48	4	3	1	2	6	7	1
VN140055	1	36	3	3	1	4	6	7	1
VN140055	2	48	4	3	1	3	6	7	1
VN140056	1	36	4	3	1	3	6	7	1
VN140057	1	36	4	3	1	2	6	8	1
VN140058	1	36	4	3	1	2	6	7	1
VN140059	1	36	3	3	1	3	6	7	1
VN140059	2	48	4	3	1	3	6	7	1
VN140060	1	36	4	3	1	2	6	7	1
VN140061	1	36	4	3	1	3	6	6	1
VN140062	1	36	4	3	1	4	6	7	1
VN140063	1	60	4	3	1	3	6	8	1
VN140064	1	36	4	3	1	3	6	8	1
VN140065	1	36	4	3	1	3	6	7	1
VN140066	1	36	4	3	1	3	6	7	1
VN140067	1	48	4	3	1	2	6	7	1
VN140068	1	36	4	3	1	2	6	7	1
VN140069	1	36	4	3	1	2	6	7	1
VN140070	1	36	4	3	1	2	6	7	1
VN140071	1	36	4	3	1	2	6	7	1
VN140072	1	36	4	3	1	2	6	6	1
VN140073	1	39	4	3	1	2	6	8	1
VN140074	1	38	4	3	1	2	6	6	1
VN140076	1	36	4	3	1	3	6	7	1
VN140077	1	36	4	3	1	3	6	7	1
VN140078	1	36	4	3	1	2	6	6	1
VN140079	1	36	3	3	1	2	6	7	1
VN140079	2	48	4	3	1	2	6	8	1
VN140080	1	48	4	3	1	2	6	7	1
VN140081	1	48	4	3	1	3	6	8	1
VN140083	1	40	4	3	1	2	6	6	1
VN140084	1	37	4	3	1	2	6	7	1
VN140085	1	36	4	3	1	2	6	6	1
VN140086	1	36	4	3	1	2	6	8	1
VN140087	1	36	3	3	1	2	6	8	1
VN140087	2	48	4	3	1	2	6	8	1
VN140088	1	48	4	3	1	1	6	7	1
VN140089	1	48	4	3	1	2	6	6	1
VN140090	1	48	4	3	1	1	6	7	1
VN140091	1	46	4	3	1	3	6	6	1
VN140092	1	36	2	3	1	3	5	7	1
VN140092	2	48	4	3	1	3	6	7	1
VN140093	1	62	4	3	1	2	6	4	1
VN140094	1	48	4	2	1	1	6	7	1
VN140095	1	46	4	3	0	2	6	7	1
VN140096	1	36	4	3	1	2	6	6	1
VN140097	1	38	4	3	1	2	6	10	1
VN140098	1	39	4	3	1	3	6	7	1
VN140100	1	36	4	3	1	2	6	7	1
VN140101	1	48	4	3	1	2	6	9	1
VN140102	1	36	3	3	0	2	6	6	1
VN140102	2	48	4	3	0	2	6	6	1
VN140103	1	36	4	3	1	2	6	10	1
VN140107	1	48	4	3	1	2	6	9	1
VN150001	1	36	4	3	1	3	6	7	1
VN150002	1	36	4	3	1	3	5	8	1
VN150003	1	48	3	3	1	2	5	8	1
VN150005	1	48	4	3	1	3	5	6	1
VN150006	1	36	4	3	1	3	6	7	1
VN150007	1	36	4	4	1	2	7	8	1
VN150008	1	36	4	3	1	3	6	7	1
VN150009	1	48	4	3	1	2	5	8	1
VN150011	1	36	4	3	1	2	5	8	1
VN150012	1	36	3	3	1	3	6	7	1
VN150013	1	36	4	3	1	2	5	7	1
VN150014	1	36	4	3	1	3	6	7	1
VN150015	1	36	4	3	1	2	5	6	1
VN150016	1	36	4	3	1	2	5	8	1
VN150017	1	30	4	3	1	3	6	7	1
VN150018	1	30	4	3	0	1	5	8	0
VN150020	1	36	4	3	1	3	6	7	1
VN150021	1	33	4	3	1	2	5	8	0
VN150022	1	54	2	99	1	1	6	9	0
VN150023	1	48	4	3	1	2	5	8	1
VN150024	1	-99	2	4	1	3	5	8	0
VN150025	1	-99	4	3	1	1	5	8	1
VN150027	1	36	4	3	99	3	6	7	1
VN150029	1	36	4	3	1	3	5	8	1
VN150030	1	36	4	3	1	3	6	7	1
VN150031	1	39	4	3	1	2	5	8	0
VN150032	1	36	4	3	1	3	6	7	1
VN150033	1	48	4	3	1	3	5	8	0
VN150034	1	36	4	3	1	3	5	7	0
VN150035	1	36	4	3	1	2	6	7	1
VN150036	1	36	3	3	1	4	6	7	1
VN150038	1	36	4	3	1	2	5	8	1
VN150039	1	48	4	3	1	2	5	8	0
VN150040	1	36	4	3	1	2	7	8	1
VN150041	1	36	4	3	1	3	6	7	1
VN150042	1	36	4	3	1	2	5	8	0
VN150043	1	36	4	3	1	3	5	8	0
VN150044	1	36	3	3	1	3	6	7	1
VN150049	1	53	4	3	1	3	6	7	1
VN150051	1	36	4	3	1	3	6	7	1
VN150053	1	36	4	3	1	2	5	8	0
VN150054	1	36	4	3	1	3	6	7	1
VN150055	1	67	4	3	1	3	6	7	1
VN150056	1	48	3	3	1	3	6	7	1
VN150057	1	48	4	3	1	3	6	7	1
VN150058	1	48	4	3	1	2	5	8	1
VN150060	1	36	4	3	1	3	6	7	1
VN150061	1	36	4	3	1	3	5	7	0
VN150062	1	36	4	3	1	3	5	8	1
VN150063	1	36	4	3	1	2	5	9	1
VN150064	1	36	4	3	1	3	5	8	0
VN150065	1	48	4	3	1	3	5	7	0
VN150066	1	36	4	3	1	2	6	8	1
VN150067	1	36	4	3	1	3	5	8	1
VN150068	1	36	4	3	1	3	6	7	1
VN150070	1	37	4	3	1	3	6	6	1
VN150071	1	36	4	3	1	3	5	7	0
VN150072	1	36	4	3	1	3	5	7	0
VN150073	1	36	4	3	1	3	6	7	1
VN150074	1	36	4	3	1	3	6	7	1
VN150075	1	36	4	3	1	2	5	8	0
VN150077	1	36	4	3	1	2	6	8	0
VN150078	1	36	4	3	1	3	5	7	0
VN150079	1	36	4	3	1	2	5	7	0
VN150081	1	48	4	3	1	3	5	7	0
VN150083	1	36	4	3	1	3	6	7	1
VN150086	1	36	4	3	1	2	6	8	1
VN150087	1	36	4	3	1	3	5	7	0
VN150089	1	36	4	3	1	2	5	7	0
VN150090	1	37	4	3	1	3	6	7	1
VN150091	1	37	4	3	1	3	6	7	1
VN150092	1	36	4	3	1	2	5	7	1
VN150094	1	36	4	3	1	2	6	8	0
VN150095	1	48	4	3	1	2	5	8	1
VN150096	1	36	4	3	1	2	5	8	0
VN150097	1	49	3	3	1	2	6	6	1
VN150098	1	36	4	3	1	3	6	7	1
VN150099	1	36	4	3	1	2	5	6	1
VN150101	1	48	3	3	1	3	6	7	1
VN150103	1	36	3	3	1	3	6	7	1
VN150104	1	36	4	3	1	3	6	7	1
VN150105	1	36	4	3	1	3	6	8	1
VN150107	1	36	4	3	1	2	5	8	1
VN150126	1	37	4	3	1	2	5	8	1
VN150128	1	36	3	3	1	3	6	7	1
VN150129	1	36	4	3	1	2	5	8	1
VN150130	1	37	4	3	1	3	6	7	1
VN150133	1	60	2	3	1	3	5	8	0
VN150134	1	37	4	3	1	3	6	7	1
VN150136	1	36	4	3	1	3	6	8	0
VN150137	1	37	4	3	1	3	6	7	1
VN150138	1	48	4	3	1	3	5	7	0
VN150139	1	36	4	3	1	2	5	8	0
VN150140	1	48	4	3	1	3	5	7	0
VN150141	1	44	4	3	1	3	6	7	1
VN150142	1	36	4	3	1	3	5	7	0
VN150145	1	36	4	1	1	2	6	10	1
VN160001	1	36	4	3	1	2	5	7	0
VN160002	1	36	4	3	1	2	5	8	1
VN160003	1	36	4	3	1	2	5	8	1
VN160004	1	36	4	3	1	3	5	7	1
VN160005	1	36	4	3	1	2	5	10	0
VN160006	1	36	4	3	1	2	5	7	0
VN160008	1	36	4	3	1	2	5	8	1
VN160009	1	36	4	3	1	3	5	7	1
VN160010	1	36	4	3	1	2	5	7	0
VN160011	1	36	4	3	1	3	5	7	1
VN160012	1	36	4	3	1	2	5	8	1
VN160013	1	36	4	3	1	2	5	8	1
VN160014	1	36	4	3	1	2	5	8	1
VN160015	1	36	4	3	1	3	5	7	1
VN160016	1	36	4	3	1	2	5	7	0
VN160017	1	36	1	3	1	2	5	9	0
VN160018	1	36	4	3	1	2	5	6	0
VN160019	1	48	4	3	1	3	5	7	1
VN160020	1	36	4	3	1	2	5	8	1
VN160021	1	51	4	3	1	3	5	7	1
VN160022	1	48	4	3	1	3	5	7	1
VN160023	1	60	4	3	1	2	5	7	0
VN160024	1	48	4	3	1	3	5	7	1
VN160025	1	48	4	3	1	3	5	7	1
VN160026	1	58	4	3	1	3	5	7	1
VN160028	1	48	4	3	1	1	5	8	1
VN160029	1	48	4	3	1	3	5	7	1
VN160030	1	36	4	3	1	3	5	8	1
VN160032	1	60	4	3	1	3	5	8	1
VN160033	1	48	4	3	1	2	5	7	0
VN160034	1	48	4	3	1	3	5	7	1
VN160035	1	36	4	3	1	2	5	7	0
VN160036	1	48	4	3	1	3	5	7	1
VN160037	1	36	4	3	1	3	5	7	1
VN160038	1	36	4	3	1	2	5	7	0
VN160039	1	48	4	3	1	3	5	7	1
VN160040	1	48	4	3	1	3	6	10	1
VN160041	1	48	4	3	1	2	5	8	1
VN160042	1	36	4	3	1	3	5	8	1
VN160043	1	36	4	3	1	3	5	8	1
VN160044	1	36	4	3	1	3	5	7	1
VN160045	1	48	4	3	1	3	5	7	1
VN160046	1	36	3	1	1	2	5	8	1
VN160047	1	36	4	3	1	2	5	8	1
VN160048	1	48	4	3	1	2	5	7	1
VN160049	1	36	4	3	1	2	5	7	0
VN160050	1	36	4	3	1	3	5	7	1
VN160051	1	36	4	3	1	2	5	8	1
VN160052	1	36	4	3	1	2	5	7	0
VN160053	1	36	4	3	1	2	6	7	0
VN160054	1	36	4	3	1	2	5	8	1
VN160055	1	36	4	3	1	3	5	7	1
VN160056	1	36	4	3	1	2	5	7	0
VN160057	1	48	4	3	1	3	5	7	1
VN160058	1	36	4	3	1	2	5	7	0
VN160059	1	40	4	3	1	3	5	7	1
VN160060	1	36	4	3	1	3	5	8	1
VN160062	1	36	4	3	1	2	5	8	1
VN160063	1	48	4	3	1	3	5	7	1
VN160064	1	52	4	1	1	3	6	10	0
VN160065	1	36	4	4	1	2	5	8	1
VN160066	1	36	4	4	1	3	5	8	1
VN160067	1	60	4	3	1	3	5	7	1
VN160068	1	36	4	4	1	4	5	8	1
VN160069	1	48	4	3	1	3	5	7	1
VN160070	1	36	4	4	1	3	5	8	1
VN160071	1	36	4	3	1	3	5	8	1
VN160072	1	48	4	3	1	3	5	7	1
VN160073	1	36	4	4	1	2	5	8	1
VN160074	1	36	4	4	1	3	5	8	1
VN160075	1	36	4	3	1	2	5	7	0
VN160076	1	36	4	3	1	3	5	7	1
VN160077	1	36	4	3	1	2	5	7	0
VN160078	1	36	4	3	1	1	5	7	0
VN160080	1	48	4	3	1	3	5	7	1
VN160081	1	36	4	3	1	3	5	7	1
VN160082	1	36	4	3	1	2	5	7	0
VN160083	1	36	4	4	1	3	5	8	1
VN160084	1	36	4	4	1	3	5	8	1
VN160085	1	36	4	3	1	2	5	7	0
VN160086	1	36	4	3	1	3	5	7	1
VN160088	1	36	4	4	1	3	5	8	1
VN160089	1	36	4	4	1	2	5	8	1
VN160090	1	36	4	3	1	3	5	7	1
VN160091	1	36	3	3	1	2	5	3	1
VN160092	1	48	4	3	1	2	6	7	0
VN160093	1	36	4	4	1	3	5	8	1
VN160094	1	36	4	3	1	2	5	7	0
VN160095	1	50	1	3	1	2	5	4	1
VN160096	1	36	4	3	1	2	5	7	0
VN160097	1	36	4	3	1	2	5	7	0
VN160098	1	36	4	3	1	2	5	7	0
VN160099	1	36	4	3	1	3	5	7	1
VN160100	1	36	4	3	1	3	5	7	1
VN160102	1	36	4	3	1	3	5	7	1
VN160104	1	36	4	3	1	2	5	7	0
VN160107	1	36	4	3	1	3	5	8	1
VN160114	1	36	4	3	1	3	5	7	1
VN170001	1	36	4	1	1	2	6	10	1
VN170002	1	36	4	3	1	2	6	8	1
VN170003	1	36	4	2	1	2	6	9	1
VN170004	1	44	4	1	1	2	6	10	1
VN170005	1	60	4	4	1	2	5	9	1
VN170006	1	36	2	1	1	2	6	9	1
VN170007	1	48	4	2	1	2	5	8	0
VN170008	1	36	2	1	1	3	6	9	1
VN170008	2	42	4	3	1	2	6	9	1
VN170009	1	36	4	1	1	2	6	10	1
VN170010	1	55	4	4	1	3	5	9	1
VN170011	1	36	3	1	1	3	6	9	1
VN170011	2	50	4	1	1	2	6	7	1
VN170013	1	48	4	1	1	3	7	10	1
VN170015	1	36	3	1	1	2	6	9	1
VN170015	2	58	4	1	1	2	5	7	1
VN170016	1	36	4	1	1	2	6	9	0
VN170017	1	50	4	1	1	2	6	10	1
VN170018	1	36	4	3	1	2	6	9	1
VN170019	1	36	4	1	1	2	6	8	1
VN170020	1	55	4	1	1	3	5	3	1
VN170021	1	36	2	3	1	3	6	10	1
VN170021	2	45	4	1	1	1	6	8	1
VN170022	1	36	4	1	1	1	6	7	1
VN170024	1	36	4	4	1	2	6	9	1
VN170025	1	36	4	1	1	2	6	10	0
VN170026	1	36	3	3	1	2	6	9	1
VN170026	2	52	2	3	1	2	6	9	1
VN170027	1	36	4	1	1	1	6	3	1
VN170028	1	36	1	1	1	2	6	9	1
VN170028	2	41	4	1	1	2	6	3	1
VN170029	1	54	2	3	1	4	5	9	1
VN170029	2	62	4	1	1	2	6	9	1
VN170030	1	48	1	1	1	3	6	10	1
VN170030	2	51	4	1	1	3	6	10	1
VN170032	1	36	4	1	1	2	6	10	1
VN170033	1	36	4	1	1	2	6	10	1
VN170034	1	36	4	2	1	2	6	9	1
VN170035	1	36	4	1	1	1	6	10	1
VN170036	1	36	4	1	1	2	6	10	1
VN170037	1	36	4	3	1	2	6	8	1
VN170038	1	36	3	3	1	2	6	8	1
VN170038	2	55	4	1	1	2	6	8	1
VN170039	1	40	4	3	1	2	6	10	1
VN170040	1	36	4	3	1	2	6	10	1
VN170041	1	42	4	3	1	2	6	8	1
VN170043	1	36	4	3	1	2	6	10	1
VN170044	1	36	4	3	1	2	6	9	1
VN170045	1	48	4	3	1	2	6	9	0
VN170046	1	36	4	1	1	2	6	7	1
VN170047	1	48	4	3	1	2	2	9	1
VN170048	1	36	3	3	1	2	6	8	1
VN170048	2	50	4	4	1	2	6	9	1
VN170050	1	36	4	3	1	3	6	10	1
VN170052	1	36	4	3	1	2	6	9	0
VN170053	1	36	4	1	1	2	6	10	1
VN170054	1	36	4	3	1	2	6	9	1
VN170056	1	36	2	1	1	3	6	10	1
VN170056	2	47	1	1	1	3	6	10	1
VN170056	3	51	4	1	1	2	6	10	1
VN170057	1	36	4	3	1	2	6	10	1
VN170059	1	48	4	1	1	2	6	10	1
VN170061	1	56	4	3	1	3	5	5	1
VN170062	1	36	4	3	1	1	6	10	1
VN170063	1	50	4	4	1	2	6	9	1
VN170064	1	36	4	3	1	3	6	8	1
VN170066	1	36	1	3	1	2	5	9	1
VN170066	2	39	3	1	1	2	6	7	1
VN170066	3	52	4	1	1	2	5	7	1
VN170068	1	48	4	1	1	3	6	9	0
VN170069	1	40	4	1	1	2	6	10	1
VN170070	1	36	4	3	1	2	5	10	1
VN170071	1	36	4	1	1	1	6	10	1
VN170072	1	36	3	1	1	2	6	9	1
VN170072	2	59	4	4	1	2	6	9	1
VN170073	1	45	4	1	1	2	6	9	1
VN170076	1	36	4	3	1	2	6	10	1
VN170077	1	36	4	3	1	3	6	10	1
VN170079	1	36	4	1	1	2	6	10	1
VN170080	1	36	4	3	1	1	6	10	1
VN170082	1	60	4	3	1	3	6	10	1
VN170083	1	36	4	1	1	2	6	8	1
VN170084	1	36	1	1	1	2	6	9	1
VN170084	2	56	4	1	1	2	5	6	1
VN170085	1	36	4	1	1	2	6	10	1
VN170086	1	36	4	3	1	2	6	9	1
VN170087	1	36	4	3	1	2	6	11	1
VN170088	1	36	4	1	1	2	5	10	0
VN170089	1	60	4	1	1	2	6	8	1
VN170090	1	36	4	3	1	2	6	9	0
VN170091	1	36	4	1	1	3	6	10	1
VN170092	1	36	4	1	1	3	6	10	1
VN170093	1	36	4	1	1	2	6	10	1
VN170095	1	36	4	3	1	2	6	6	1
VN170096	1	36	4	1	1	2	6	9	1
VN170097	1	36	4	1	1	1	6	8	1
VN170099	1	36	4	1	1	2	6	9	1
VN170100	1	36	4	1	1	2	6	10	1
VN170101	1	38	4	3	1	2	6	8	1
VN170103	1	36	4	4	1	2	6	9	1
VN170104	1	48	4	3	1	2	5	5	1
VN170109	1	36	1	1	1	3	6	10	1
VN170109	2	37	1	3	1	2	6	10	1
VN170109	3	41	4	1	1	2	6	8	1
VN170112	1	36	3	3	1	2	5	8	1
VN170112	2	50	4	1	1	2	5	8	1
VN170114	1	60	4	3	1	2	5	10	1
VN170118	1	36	4	3	1	2	6	8	1
VN170119	1	36	4	3	1	2	6	9	1
VN170126	1	36	4	3	1	2	6	9	0
VN170132	1	48	2	3	1	2	6	8	0
VN170132	2	60	4	4	1	2	6	8	0
VN170141	1	36	4	2	1	2	6	10	1
VN170144	1	36	4	1	1	2	6	7	1
VN180001	1	36	4	3	1	2	6	10	1
VN180002	1	36	4	1	1	2	6	9	0
VN180003	1	36	3	2	1	2	5	8	1
VN180003	2	48	3	2	1	2	5	8	1
VN180003	3	60	4	2	1	2	5	8	1
VN180005	1	36	4	3	1	2	5	8	1
VN180006	1	36	4	1	1	2	6	8	1
VN180007	1	36	3	3	1	2	5	8	1
VN180008	1	36	3	1	1	1	6	8	1
VN180008	2	66	4	1	1	2	5	8	1
VN180015	1	42	4	3	1	2	6	8	1
VN180016	1	48	4	1	1	2	5	6	1
VN180017	1	37	4	3	1	1	6	10	1
VN180018	1	36	4	3	1	2	6	9	1
VN180019	1	36	4	3	1	2	6	10	1
VN180020	1	36	4	3	1	2	6	10	1
VN180021	1	36	2	1	1	2	6	9	0
VN180021	2	42	4	3	1	2	6	10	1
VN180023	1	36	4	1	1	2	6	9	1
VN180024	1	36	4	3	1	2	5	9	1
VN180025	1	36	4	3	1	2	6	9	1
VN180026	1	48	4	3	1	2	6	10	1
VN180027	1	66	4	3	1	2	5	8	1
VN180028	1	46	4	3	1	2	6	9	1
VN180029	1	36	4	3	1	2	6	10	1
VN180030	1	36	4	3	1	2	5	9	1
VN180031	1	36	4	3	1	2	6	9	1
VN180032	1	36	4	3	1	3	6	10	1
VN180033	1	36	3	3	1	2	6	8	1
VN180033	2	48	4	1	1	2	6	8	1
VN180034	1	36	4	3	1	2	5	9	1
VN180035	1	48	4	3	1	2	6	11	1
VN180036	1	48	2	3	1	2	5	8	1
VN180037	1	36	4	3	1	1	5	10	1
VN180039	1	36	4	3	1	1	5	9	1
VN180040	1	36	4	3	1	2	6	9	1
VN180042	1	36	4	2	1	2	6	10	1
VN180043	1	36	4	1	1	2	6	10	1
VN180044	1	36	4	1	1	1	6	12	1
VN180045	2	36	4	1	1	2	6	6	1
VN180046	2	36	4	1	1	2	6	8	1
VN180047	1	40	4	3	1	2	6	10	1
VN180048	1	36	4	1	1	2	6	10	0
VN180050	1	58	4	1	1	2	7	10	1
VN180051	1	36	4	1	1	2	6	8	1
VN180054	1	36	4	1	1	2	6	11	1
VN180055	1	36	4	1	1	2	6	10	1
VN180056	1	36	4	3	1	2	6	9	1
VN180057	1	36	4	3	1	2	6	8	1
VN180058	1	36	4	3	1	2	5	8	1
VN180060	1	36	4	1	1	3	6	9	1
VN180061	1	48	4	1	1	2	5	9	1
VN180062	1	60	4	1	1	2	6	6	1
VN180063	1	36	4	3	1	2	6	11	1
VN180064	1	36	4	3	1	2	5	9	1
VN180065	1	36	4	3	1	2	5	9	1
VN180066	1	36	4	3	1	1	5	10	1
VN180067	1	36	4	2	1	2	5	6	1
VN180068	1	38	4	3	1	2	6	10	1
VN180069	1	38	4	3	1	2	5	10	1
VN180071	1	36	4	1	1	2	6	8	0
VN180073	1	36	4	3	1	2	5	9	1
VN180074	1	36	4	3	1	2	5	9	1
VN180075	1	42	4	3	1	2	5	10	1
VN180076	1	36	4	3	1	3	6	9	1
VN180077	1	36	4	3	1	2	5	8	1
VN180078	1	36	4	3	1	2	5	8	1
VN180079	1	36	4	3	1	2	5	10	1
VN180080	1	36	4	3	1	2	5	10	1
VN180081	1	36	4	3	1	2	6	10	1
VN180082	1	36	4	3	1	2	6	10	1
VN180083	1	36	4	3	1	2	6	9	99
VN180084	1	36	4	3	1	2	6	8	1
VN180085	1	36	4	1	1	2	6	9	1
VN180087	1	36	4	1	1	1	6	9	1
VN180088	1	36	3	3	1	2	6	10	1
VN180088	2	60	4	1	1	2	6	9	1
VN180089	1	36	4	3	1	2	6	8	1
VN180090	1	36	4	3	1	2	6	8	1
VN180091	1	36	4	3	1	1	6	8	1
VN180095	1	36	4	1	1	2	6	9	1
VN180096	1	39	4	3	1	2	6	8	1
VN180098	1	36	4	3	1	2	5	9	1
VN180099	1	36	4	1	1	2	6	9	1
VN180100	1	36	3	1	1	1	6	9	1
VN180100	2	54	4	1	1	1	6	6	1
VN180104	1	48	4	3	1	2	6	10	1
VN180105	1	49	4	1	1	2	5	10	1
VN180106	1	36	4	3	1	2	6	10	1
VN180107	1	36	3	3	1	2	6	10	1
VN180107	2	60	4	3	1	2	6	10	1
VN180110	1	36	4	3	1	2	6	10	1
VN180112	1	36	4	1	1	2	6	10	1
VN180113	1	36	4	3	1	2	5	9	1
VN180117	1	36	4	1	1	1	6	11	0
VN180118	1	36	4	1	1	3	5	6	1
VN180121	1	36	3	3	1	2	6	9	1
VN180123	1	36	4	1	1	1	6	12	1
VN190001	1	36	3	3	0	2	6	5	1
VN190001	2	57	4	1	1	2	6	10	1
VN190002	1	48	4	5	0	2	5	5	1
VN190003	1	36	4	3	1	3	6	10	1
VN190004	1	48	4	3	1	2	5	5	1
VN190005	1	36	4	3	1	2	6	8	1
VN190006	1	59	4	3	1	2	5	10	1
VN190007	1	60	4	3	1	2	5	5	1
VN190008	1	60	4	1	1	2	6	8	1
VN190009	1	36	4	1	1	2	6	9	1
VN190010	1	36	4	1	1	2	6	9	1
VN190011	1	48	4	3	1	2	5	5	1
VN190012	1	36	4	3	1	2	5	6	1
VN190013	1	36	3	4	1	3	6	8	1
VN190013	2	60	4	3	1	2	6	8	1
VN190014	1	36	4	3	1	2	6	10	1
VN190015	1	36	3	4	1	3	6	8	1
VN190015	2	58	4	3	1	2	6	8	1
VN190016	1	36	3	4	1	3	5	8	1
VN190016	2	48	4	3	1	2	5	8	1
VN190017	1	48	4	3	1	2	5	7	1
VN190018	1	36	4	3	1	2	6	10	1
VN190019	1	60	4	3	1	2	5	8	1
VN190020	1	48	4	3	1	2	5	8	1
VN190021	1	36	4	3	1	2	6	9	1
VN190022	1	48	4	3	1	3	5	6	1
VN190023	1	36	4	1	1	2	5	8	1
VN190025	1	36	3	4	1	2	6	6	1
VN190025	2	60	4	3	1	2	5	6	1
VN190026	1	36	4	3	1	2	5	10	1
VN190027	1	50	4	3	1	2	5	9	1
VN190028	1	36	2	3	1	2	6	9	1
VN190028	2	48	4	3	1	2	6	9	1
VN190029	1	36	4	3	1	1	6	9	1
VN190030	1	36	4	1	1	2	6	6	1
VN190031	1	36	4	3	1	2	6	9	1
VN190033	1	36	4	1	1	2	6	7	1
VN190033	2	45	4	1	1	2	6	8	1
VN190034	1	36	4	1	1	2	6	8	1
VN190035	1	36	4	1	0	1	6	9	1
VN190036	1	36	3	4	1	3	6	7	1
VN190036	2	48	4	1	1	2	6	7	1
VN190039	1	42	4	3	1	3	6	8	1
VN190040	1	36	4	1	1	2	6	9	1
VN190042	1	60	4	3	1	2	5	5	1
VN190043	1	36	4	1	1	2	6	6	1
VN190044	1	36	4	1	1	2	6	9	1
VN190047	1	48	4	3	1	2	6	10	1
VN190048	1	36	4	3	1	2	6	9	1
VN190050	1	36	4	3	1	2	6	9	1
VN190051	1	36	2	1	1	3	6	9	1
VN190051	2	46	1	1	1	3	6	9	1
VN190052	1	36	4	1	1	2	5	9	1
VN190054	1	36	4	3	1	2	5	6	1
VN190055	1	36	4	3	1	2	6	7	1
VN190056	1	48	4	3	1	2	5	9	1
VN190057	1	36	4	1	1	2	6	6	1
VN190058	1	60	4	3	1	3	6	8	1
VN190059	1	36	4	3	1	2	5	6	1
VN190060	1	48	4	3	1	2	5	6	1
VN190061	1	36	4	3	1	2	6	9	1
VN190063	1	36	1	4	1	2	6	8	1
VN190063	2	50	4	3	1	2	5	8	1
VN190064	1	36	4	3	1	2	6	7	1
VN190065	1	36	4	1	1	2	6	8	1
VN190066	1	48	4	3	1	4	5	6	1
VN190068	1	36	4	3	1	2	5	5	1
VN190069	1	48	4	1	1	2	6	10	1
VN190070	1	54	4	1	1	2	5	5	1
VN190071	1	36	4	3	1	2	6	9	1
VN190072	1	60	4	3	1	3	6	5	1
VN190074	1	36	1	1	1	3	6	10	1
VN190074	2	42	4	3	1	2	6	10	1
VN190077	1	36	4	3	1	2	6	7	1
VN190079	1	36	4	3	1	2	5	9	1
VN190081	1	36	4	1	1	2	6	9	1
VN190082	1	48	4	3	1	2	5	9	1
VN190083	1	36	4	1	1	2	6	9	1
VN190084	1	60	4	3	1	2	5	5	1
VN190087	1	48	4	3	1	2	6	8	1
VN190088	1	48	4	3	1	2	5	9	1
VN190089	1	36	3	4	1	3	7	8	1
VN190089	2	48	4	3	1	2	5	6	1
VN190090	1	36	3	3	1	2	5	4	1
VN190090	2	60	4	3	1	2	6	9	1
VN190091	1	36	2	4	1	3	5	7	1
VN190091	2	48	4	3	1	2	6	7	1
VN190092	1	36	4	3	1	2	5	6	1
VN190093	1	48	1	3	1	2	6	9	1
VN190093	2	52	4	3	1	2	6	9	1
VN190094	1	48	1	3	1	2	6	9	1
VN190094	2	60	4	3	1	2	5	9	1
VN190095	1	36	4	3	1	2	6	7	1
VN190096	1	36	4	3	1	2	6	9	1
VN190097	1	36	4	3	1	2	5	5	1
VN190098	1	36	3	4	1	3	6	8	1
VN190098	2	48	4	3	1	2	6	8	1
VN190099	1	48	4	3	1	2	5	9	1
VN190100	1	60	4	3	1	2	5	9	1
VN190105	1	36	3	4	1	2	6	8	1
VN190105	2	48	4	3	1	2	6	8	1
VN190107	1	36	4	1	1	3	6	8	1
VN190110	1	36	4	3	1	2	6	9	1
VN190112	1	36	4	1	1	2	6	10	1
VN190113	1	36	3	3	1	4	5	8	1
VN190113	2	60	4	1	1	2	5	10	1
VN190115	1	48	2	3	1	2	5	9	1
VN190115	2	60	4	5	1	2	5	9	1
VN190116	1	48	4	3	1	2	6	7	1
VN190118	1	36	4	1	1	2	6	9	1
VN190123	1	36	4	3	1	2	5	7	1
VN190130	1	36	4	1	1	2	6	10	1
VN190137	1	36	4	3	1	3	6	9	1
VN190139	1	48	4	3	1	3	5	8	1
VN200001	1	36	3	3	1	2	6	10	1
VN200001	2	60	4	1	1	2	6	10	1
VN200002	1	36	4	1	1	2	6	9	1
VN200003	1	36	4	1	1	2	6	9	1
VN200004	1	36	4	1	1	2	6	10	1
VN200006	1	36	4	1	1	2	6	9	0
VN200007	1	53	4	4	1	3	5	3	1
VN200009	1	36	4	3	1	2	6	10	1
VN200011	1	48	4	1	1	2	6	4	1
VN200012	1	36	4	1	1	2	6	10	1
VN200013	1	36	2	3	1	2	6	6	1
VN200013	2	57	4	1	1	2	6	4	1
VN200014	1	48	4	1	1	2	6	10	1
VN200015	1	46	1	1	1	3	6	10	1
VN200016	1	36	4	3	1	2	6	9	0
VN200017	1	36	4	4	1	2	6	9	1
VN200019	1	36	4	1	1	2	6	10	1
VN200020	1	44	4	1	1	2	6	10	1
VN200021	1	36	4	4	1	2	6	8	1
VN200022	1	36	4	1	1	3	6	8	0
VN200024	1	36	4	1	1	1	6	11	1
VN200025	1	52	4	1	1	2	6	10	1
VN200027	1	36	4	1	1	2	6	9	1
VN200028	1	36	4	2	1	1	6	9	0
VN200029	1	29	4	3	1	2	6	9	1
VN200030	1	36	4	3	1	2	6	10	0
VN200032	1	36	4	1	1	2	6	10	1
VN200033	1	36	4	3	1	2	6	10	0
VN200034	1	48	4	1	1	2	6	10	1
VN200035	1	32	4	3	1	2	6	9	1
VN200036	1	36	4	1	1	2	6	9	1
VN200039	1	46	4	3	1	3	6	9	1
VN200041	1	63	1	1	1	4	6	9	1
VN200042	1	36	4	3	1	1	6	8	1
VN200043	1	36	4	3	1	2	6	9	0
VN200047	1	36	3	1	1	2	5	8	1
VN200047	2	60	4	1	1	2	5	9	1
VN200048	1	36	4	3	1	1	6	9	1
VN200049	1	36	4	3	1	2	6	9	0
VN200050	1	36	4	1	1	3	6	10	1
VN200052	1	36	4	1	1	1	6	9	0
VN200053	1	36	2	3	1	2	5	8	1
VN200053	2	49	4	1	1	2	5	10	1
VN200054	1	48	4	3	1	2	5	10	1
VN200055	1	36	4	1	1	2	6	9	1
VN200056	1	40	4	1	1	1	6	8	1
VN200057	1	44	2	3	1	3	6	10	1
VN200057	2	50	4	1	1	2	6	10	1
VN200058	1	36	4	1	1	2	6	8	1
VN200059	1	42	4	1	1	1	6	10	1
VN200060	1	38	1	1	1	3	6	9	1
VN200060	2	42	4	3	1	2	6	9	1
VN200061	1	48	4	1	1	3	5	9	1
VN200062	1	42	2	1	1	2	6	10	1
VN200062	2	52	4	1	1	2	6	10	1
VN200063	1	50	3	2	1	3	6	10	1
VN200063	2	60	1	1	1	2	6	10	1
VN200064	1	36	4	1	1	2	6	9	1
VN200066	1	38	4	3	1	3	5	4	1
VN200067	1	42	3	3	1	2	6	9	1
VN200067	2	55	4	3	1	3	6	9	1
VN200068	1	48	2	4	1	2	6	8	1
VN200069	1	36	4	1	1	2	6	10	1
VN200071	1	46	4	1	1	2	6	9	1
VN200072	1	40	4	1	1	2	6	10	1
VN200073	1	59	4	1	1	2	6	9	1
VN200074	1	36	4	1	1	2	6	10	1
VN200075	1	40	4	3	1	2	6	10	1
VN200076	1	36	4	1	1	2	6	10	1
VN200077	1	48	4	1	1	2	6	10	1
VN200079	1	40	4	1	1	2	6	9	1
VN200080	1	50	2	3	1	2	6	9	1
VN200080	2	58	4	1	1	2	6	9	1
VN200081	1	36	4	1	1	2	6	10	1
VN200083	1	36	4	1	1	2	6	9	1
VN200085	1	36	4	1	1	2	6	10	1
VN200086	1	36	4	3	1	2	6	10	1
VN200087	1	44	4	1	1	2	6	10	1
VN200088	1	62	4	3	1	2	6	12	1
VN200089	1	36	4	1	1	2	6	9	1
VN200090	1	54	4	3	1	2	6	9	0
VN200091	1	36	4	1	1	2	6	9	1
VN200092	1	36	4	1	1	2	6	9	1
VN200093	1	36	4	1	1	2	6	8	1
VN200094	1	36	4	3	1	2	6	9	0
VN200095	1	36	4	1	1	2	6	9	1
VN200096	1	36	4	3	1	2	6	10	1
VN200097	1	50	4	1	1	2	6	9	0
VN200098	1	36	4	1	1	3	6	9	1
VN200099	1	36	4	3	1	2	6	4	1
VN200100	1	36	4	1	1	2	6	10	1
VN200101	1	36	4	4	1	2	6	8	1
VN200109	1	50	4	1	1	2	6	9	0
VN200112	1	36	3	3	1	2	6	10	1
VN200113	1	36	3	1	1	2	6	9	0
VN200113	2	50	4	4	1	2	6	8	0
VN200115	1	36	3	1	1	2	5	10	1
VN200115	2	54	4	1	1	2	6	9	1
VN200116	1	36	4	1	1	2	6	9	0
VN200119	1	36	2	2	1	2	6	9	1
VN200119	2	41	1	3	1	4	6	6	1
VN200119	3	45	4	1	1	2	6	9	1
VN200120	1	36	3	1	1	1	6	9	0
VN200120	2	50	3	1	1	1	6	9	0
VN200128	1	37	3	1	1	1	6	10	1
VN200129	1	36	4	3	1	2	6	9	0
VN200135	1	36	1	3	1	4	6	10	1
VN200135	2	37	4	1	1	2	6	10	1
VN200142	1	36	4	1	1	2	6	9	1
VN200148	1	60	4	1	1	3	6	11	1
