CHILDID	OUTID	REMREL	REMEST	REMGOOD
VN010002	1	13	500	100
VN010002	2	14	600	0
VN010002	3	19	200	0
VN010003	1	13	200	100
VN010003	2	19	500	0
VN010004	1	14	1400	0
VN010004	2	13	200	800
VN010004	3	19	200	100
VN010006	1	21	20	10
VN010007	1	5	200	50
VN010007	2	6	200	50
VN010007	3	21	30	0
VN010009	1	6	200	20
VN010009	2	13	100	0
VN010010	1	5	50	0
VN010010	2	6	50	0
VN010012	1	13	300	100
VN010012	2	19	400	0
VN010012	3	15	200	0
VN010012	4	5	300	0
VN010012	5	6	300	0
VN010013	1	5	1000	0
VN010014	1	6	100	50
VN010014	2	13	500	0
VN010014	3	19	500	50
VN010015	1	5	300	50
VN010015	2	6	300	50
VN010015	3	21	30	0
VN010016	1	5	50	10
VN010016	2	6	50	20
VN010018	1	5	300	50
VN010018	2	6	300	50
VN010018	3	13	100	0
VN010018	4	21	20	0
VN010019	1	6	200	0
VN010020	1	13	400	0
VN010020	2	19	200	100
VN010020	3	14	150	0
VN010021	1	13	500	0
VN010021	2	19	800	100
VN010021	3	5	200	0
VN010021	4	6	300	0
VN010022	1	13	500	0
VN010022	2	19	300	200
VN010022	3	5	50	0
VN010022	4	6	50	0
VN010024	1	5	300	0
VN010024	2	6	300	0
VN010025	1	5	300	120
VN010025	2	6	280	150
VN010025	3	21	30	0
VN010026	1	5	150	30
VN010026	2	13	200	50
VN010027	1	5	1000	50
VN010029	1	13	300	0
VN010029	2	19	100	50
VN010029	3	5	100	50
VN010029	4	6	100	40
VN010030	1	5	300	100
VN010030	2	6	300	100
VN010032	1	13	300	100
VN010032	2	19	200	0
VN010032	3	14	100	0
VN010033	1	5	150	70
VN010033	2	6	150	70
VN010033	3	13	100	50
VN010033	4	21	30	0
VN010034	1	19	250	100
VN010034	2	13	200	0
VN010035	1	19	200	0
VN010035	2	13	200	100
VN010035	3	6	200	0
VN010036	1	19	200	50
VN010036	2	13	300	0
VN010036	3	14	200	100
VN010036	4	21	200	-99
VN010037	1	5	20	0
VN010037	2	6	30	0
VN010039	1	13	150	0
VN010039	2	19	50	50
VN010040	1	5	500	200
VN010040	2	6	500	200
VN010040	3	13	200	50
VN010040	4	21	50	0
VN010041	1	13	400	0
VN010041	2	15	100	0
VN010041	3	19	300	100
VN010041	4	6	50	0
VN010041	5	5	50	0
VN010042	1	5	100	50
VN010042	2	6	100	50
VN010042	3	13	100	30
VN010042	4	21	20	0
VN010044	1	5	1000	200
VN010044	2	13	400	100
VN010044	3	21	100	0
VN010045	1	5	3000	0
VN010045	2	5	3000	0
VN010050	1	5	300	100
VN010050	2	6	300	100
VN010050	3	21	30	0
VN010051	1	5	100	40
VN010052	1	5	200	50
VN010052	2	6	200	50
VN010052	3	21	30	0
VN010053	1	14	10	0
VN010054	1	5	100	0
VN010054	2	14	100	30
VN010056	1	5	0	100
VN010056	2	6	150	0
VN010058	1	5	200	30
VN010058	2	6	200	50
VN010059	1	5	300	200
VN010059	2	6	300	200
VN010059	3	21	50	0
VN010060	1	6	200	0
VN010060	2	5	200	0
VN010060	3	14	250	0
VN010060	4	13	1200	0
VN010061	1	13	480	0
VN010061	2	5	20	0
VN010061	3	6	25	0
VN010062	1	5	500	100
VN010063	1	6	300	50
VN010063	2	5	200	100
VN010063	3	21	20	0
VN010064	1	5	100	50
VN010064	2	6	100	50
VN010065	1	5	500	150
VN010065	2	6	500	100
VN010065	3	21	20	0
VN010067	1	14	450	0
VN010067	2	19	100	50
VN010069	1	19	200	0
VN010069	2	13	250	50
VN010070	1	5	200	100
VN010070	2	6	200	150
VN010070	3	21	20	0
VN010071	1	5	1000	0
VN010072	1	6	1000	0
VN010073	1	5	300	100
VN010073	2	6	300	100
VN010073	3	13	200	70
VN010073	4	21	20	0
VN010074	1	19	500	0
VN010074	2	13	200	100
VN010074	3	14	200	0
VN010074	4	15	200	0
VN010076	1	5	100	0
VN010077	1	5	50	0
VN010077	2	6	50	0
VN010079	1	5	300	150
VN010079	2	6	300	150
VN010079	3	13	120	30
VN010079	4	21	30	0
VN010080	1	13	200	100
VN010080	2	19	200	0
VN010080	3	15	50	0
VN010081	1	5	280	50
VN010081	2	13	150	70
VN010081	3	21	30	0
VN010082	1	5	2000	150
VN010082	2	6	2000	180
VN010082	3	21	30	0
VN010083	1	5	100	0
VN010083	2	6	100	0
VN010084	1	5	50	0
VN010084	2	6	50	0
VN010086	1	13	300	50
VN010086	2	19	200	0
VN010086	3	6	500	0
VN010086	4	15	200	0
VN010087	1	13	200	100
VN010087	2	19	250	0
VN010087	3	15	50	0
VN010088	1	5	180	50
VN010088	2	6	200	100
VN010089	1	13	100	50
VN010089	2	19	150	0
VN010091	1	5	350	50
VN010091	2	6	400	100
VN010094	1	5	800	0
VN010096	1	13	100	20
VN010096	2	21	20	0
VN010097	1	6	280	50
VN010097	2	13	150	30
VN010097	3	21	30	0
VN010100	1	5	800	200
VN010100	2	13	500	100
VN010100	3	21	180	50
VN010104	1	21	400	0
VN010109	1	5	50	0
VN010109	2	6	50	0
VN010109	3	19	100	0
VN010118	1	6	250	150
VN010118	2	5	300	100
VN010118	3	21	30	10
VN010121	1	5	200	0
VN010121	2	19	800	0
VN010122	1	13	200	50
VN010122	2	19	300	0
VN010122	3	6	100	0
VN010124	1	13	200	80
VN010124	2	19	100	0
VN010124	3	5	50	0
VN010140	1	5	400	0
VN010140	2	6	400	0
VN020003	1	21	-88	30
VN020003	2	6	200	0
VN020003	3	5	-88	100
VN020004	1	21	60	0
VN020007	1	21	20	0
VN020008	1	21	30	0
VN020010	1	21	20	0
VN020011	1	6	200	100
VN020011	2	21	50	0
VN020012	1	21	40	0
VN020013	1	5	1000	0
VN020013	2	13	1000	0
VN020013	3	21	200	0
VN020016	1	21	20	0
VN020017	1	21	50	0
VN020018	1	21	120	0
VN020020	1	6	0	1000
VN020020	2	5	0	1000
VN020020	3	13	1000	0
VN020020	4	21	100	0
VN020021	1	21	10	0
VN020022	1	21	20	0
VN020024	1	21	10	0
VN020027	1	5	100	-0
VN020027	2	6	100	0
VN020028	1	21	100	0
VN020028	2	19	0	500
VN020029	1	21	30	0
VN020034	1	21	50	-88
VN020035	1	21	0	30
VN020036	1	21	20	12
VN020037	1	21	70	0
VN020039	1	21	20	0
VN020041	1	21	20	0
VN020044	1	21	10	0
VN020046	1	21	10	0
VN020047	1	21	20	0
VN020048	1	21	300	0
VN020050	1	21	700	0
VN020052	1	21	100	0
VN020053	1	21	5	0
VN020055	1	13	20	0
VN020056	1	21	20	0
VN020060	1	21	10	0
VN020061	1	21	50	0
VN020062	1	13	100	-88
VN020062	2	21	50	-88
VN020063	1	21	10	0
VN020066	1	21	30	0
VN020067	1	21	10	0
VN020069	1	21	10	0
VN020070	1	21	400	0
VN020073	1	21	30	0
VN020077	1	21	10	0
VN020078	1	21	15	0
VN020079	1	21	20	0
VN020081	1	21	20	-88
VN020086	1	21	40	-88
VN020086	2	19	100	-88
VN020087	1	21	10	0
VN020088	1	21	30	-88
VN020089	1	21	5	-88
VN020090	1	21	10	0
VN020092	1	21	100	0
VN020092	2	6	100	0
VN020095	1	21	15	88
VN020096	1	21	60	0
VN020097	1	21	30	-88
VN020099	1	13	300	0
VN020099	2	21	20	0
VN020100	1	21	50	0
VN020105	1	21	300	0
VN020105	2	5	300	0
VN020105	3	6	1000	0
VN020106	1	21	20	0
VN020108	1	21	100	0
VN020110	1	21	30	-88
VN020112	1	21	30	0
VN020114	1	21	20	-88
VN020119	1	21	20	0
VN020125	1	21	10	0
VN020129	1	5	0	20
VN020129	2	6	0	20
VN020131	1	21	15	0
VN020133	1	21	200	0
VN020133	2	5	200	0
VN020133	3	6	200	0
VN020135	1	21	30	0
VN020136	1	21	40	0
VN030001	1	13	400	0
VN030001	2	19	500	0
VN030001	3	14	200	0
VN030002	1	13	80	20
VN030003	1	13	270	100
VN030004	1	13	250	0
VN030004	2	19	200	0
VN030004	3	15	50	-99
VN030006	1	13	300	0
VN030006	2	5	200	0
VN030006	3	6	100	0
VN030008	1	13	400	100
VN030008	2	19	300	0
VN030008	3	6	500	0
VN030009	1	19	100	0
VN030009	2	13	50	0
VN030009	3	6	100	0
VN030010	1	13	100	0
VN030011	1	5	150	50
VN030011	2	6	150	50
VN030012	1	5	120	50
VN030012	2	6	150	50
VN030013	1	5	70	20
VN030013	2	13	100	30
VN030014	1	5	150	30
VN030014	2	6	150	30
VN030014	3	13	100	0
VN030015	1	19	50	0
VN030016	1	5	25	0
VN030016	2	6	25	0
VN030018	1	5	180	50
VN030018	2	6	180	50
VN030018	3	13	100	30
VN030019	1	5	100	0
VN030020	1	13	200	0
VN030020	2	5	400	0
VN030021	1	5	420	180
VN030021	2	6	500	150
VN030021	3	13	200	30
VN030022	1	13	100	60
VN030022	2	19	150	0
VN030022	3	5	1000	0
VN030025	1	5	450	120
VN030025	2	6	450	120
VN030025	3	13	300	50
VN030025	4	21	50	0
VN030026	1	13	100	50
VN030026	2	19	150	0
VN030026	3	15	100	0
VN030027	1	5	200	150
VN030027	2	6	200	150
VN030027	3	13	150	50
VN030029	1	13	400	30
VN030030	1	5	100	0
VN030030	2	6	100	0
VN030031	1	13	100	0
VN030031	2	19	50	0
VN030032	1	5	200	50
VN030032	2	6	200	50
VN030032	3	13	150	30
VN030034	1	5	100	0
VN030034	2	6	100	0
VN030035	1	13	300	200
VN030035	2	19	400	0
VN030035	3	5	200	0
VN030035	4	6	200	0
VN030036	1	21	50	10
VN030037	1	5	300	0
VN030037	2	6	300	0
VN030040	1	15	50	0
VN030040	2	13	100	80
VN030040	3	19	200	0
VN030040	4	14	100	0
VN030041	1	17	80	0
VN030041	2	14	20	0
VN030041	3	6	100	0
VN030041	4	5	30	0
VN030042	1	13	200	0
VN030042	2	21	100	0
VN030042	3	5	100	0
VN030042	4	6	300	60
VN030043	1	5	200	50
VN030043	2	6	200	50
VN030043	3	13	100	20
VN030043	4	21	20	0
VN030044	1	5	80	20
VN030044	2	6	100	50
VN030044	3	13	30	10
VN030044	4	21	30	0
VN030046	1	5	150	80
VN030046	2	6	170	80
VN030046	3	13	70	20
VN030048	1	5	120	30
VN030048	2	6	140	50
VN030048	3	13	50	60
VN030050	1	5	70	20
VN030050	2	6	120	30
VN030051	1	19	100	0
VN030051	2	13	30	20
VN030052	1	5	1000	500
VN030052	2	6	1000	500
VN030052	3	13	1000	300
VN030052	4	21	100	0
VN030055	1	5	250	50
VN030055	2	6	250	50
VN030056	1	6	120	30
VN030056	2	13	70	20
VN030057	1	13	50	20
VN030057	2	19	40	0
VN030058	1	13	60	0
VN030062	1	13	150	50
VN030062	2	19	100	0
VN030063	1	13	200	50
VN030063	2	19	300	0
VN030064	1	19	30	20
VN030065	1	19	300	0
VN030065	2	13	200	0
VN030067	1	19	70	0
VN030067	2	13	30	10
VN030069	1	5	150	70
VN030069	2	6	150	70
VN030069	3	13	70	20
VN030071	1	13	50	20
VN030071	2	6	50	0
VN030072	1	6	3000	200
VN030073	1	5	300	100
VN030073	2	13	180	50
VN030073	3	21	50	0
VN030075	1	13	500	0
VN030075	2	15	300	100
VN030075	3	6	500	0
VN030075	4	5	500	0
VN030078	1	5	350	70
VN030078	2	6	350	70
VN030078	3	13	120	50
VN030078	4	21	20	0
VN030079	1	5	180	50
VN030079	2	6	170	50
VN030079	3	13	30	0
VN030081	1	19	50	0
VN030081	2	13	50	0
VN030082	1	19	30	0
VN030083	1	6	120	40
VN030083	2	13	200	30
VN030084	1	6	300	0
VN030087	1	13	120	30
VN030087	2	21	50	0
VN030088	1	6	120	30
VN030088	2	13	70	15
VN030089	1	5	350	150
VN030089	2	6	350	150
VN030089	3	13	180	50
VN030089	4	21	30	0
VN030090	1	13	300	0
VN030092	1	5	180	30
VN030092	2	6	150	50
VN030092	3	13	100	20
VN030094	1	5	180	70
VN030094	2	6	150	80
VN030094	3	13	120	30
VN030095	1	13	200	50
VN030095	2	19	150	0
VN030095	3	21	100	0
VN030096	1	13	200	0
VN030096	2	21	200	0
VN030096	3	5	1000	0
VN030096	4	6	1000	0
VN030097	1	13	100	0
VN030097	2	6	50	0
VN030099	1	6	100	0
VN030099	2	5	50	-99
VN030100	1	5	200	0
VN030100	2	6	200	0
VN030120	1	19	200	0
VN030120	2	21	50	0
VN030120	3	13	200	50
VN030127	1	5	500	0
VN030127	2	6	500	0
VN030129	1	21	300	0
VN030129	2	6	300	0
VN030130	1	5	120	30
VN030130	2	6	150	50
VN030130	3	13	60	10
VN030138	1	13	200	0
VN030139	1	13	180	70
VN030139	2	21	70	0
VN040001	1	21	10	0
VN040002	1	21	20	0
VN040003	1	21	100	0
VN040004	1	21	30	0
VN040006	1	21	20	-88
VN040008	1	21	50	-88
VN040009	1	5	0	300
VN040009	2	21	20	0
VN040010	1	21	40	-88
VN040012	1	5	500	0
VN040012	2	6	500	0
VN040012	3	21	20	0
VN040013	1	21	20	-88
VN040014	1	21	35	-88
VN040017	1	21	7	-99
VN040018	1	21	200	0
VN040020	1	21	30	0
VN040021	1	21	50	0
VN040021	2	19	200	0
VN040022	1	21	50	0
VN040024	1	21	15	0
VN040025	1	21	20	0
VN040026	1	13	20000	-77
VN040028	1	13	1200	0
VN040028	2	15	600	0
VN040028	3	21	20	60
VN040029	1	21	20	-77
VN040030	1	21	20	-88
VN040031	1	21	20	0
VN040032	1	21	20	-77
VN040033	1	21	25	0
VN040034	1	21	200	0
VN040034	2	6	25000	0
VN040035	1	21	150	-88
VN040035	2	19	130	-88
VN040036	1	21	110	100
VN040037	1	6	500	0
VN040037	2	21	50	0
VN040038	1	21	600	0
VN040039	1	21	20	0
VN040043	1	19	50	0
VN040043	2	21	30	0
VN040045	1	21	20	150
VN040045	2	5	500	0
VN040045	3	6	600	0
VN040047	1	21	150	0
VN040049	1	1	0	500
VN040049	2	21	30	0
VN040051	1	21	30	0
VN040052	1	21	5	0
VN040053	1	21	100	0
VN040054	1	21	40	-88
VN040055	1	21	30	0
VN040056	1	21	30	0
VN040059	1	21	20	0
VN040062	1	21	50	0
VN040064	1	21	20	0
VN040065	1	21	100	0
VN040069	1	6	30	0
VN040069	2	5	30	0
VN040069	3	14	150	0
VN040070	1	6	500	0
VN040070	2	5	100	0
VN040070	3	19	5	0
VN040073	1	21	50	-88
VN040075	1	6	100	0
VN040076	1	19	20	-88
VN040079	1	21	20	0
VN040080	1	21	20	0
VN040081	1	21	20	-77
VN040082	1	21	20	0
VN040083	1	5	0	100
VN040083	2	5	0	100
VN040084	1	21	30	0
VN040087	1	5	0	20
VN040087	2	6	0	20
VN040088	1	1	100	0
VN040088	2	21	10	0
VN040090	1	21	15	0
VN040093	1	21	100	0
VN040095	1	21	30	0
VN040096	1	5	0	50
VN040096	2	6	0	50
VN040098	1	5	0	30
VN040098	2	6	0	30
VN040100	1	21	20	0
VN040106	1	21	40	0
VN040108	1	21	10	0
VN040113	1	21	30	0
VN040118	1	21	100	0
VN040118	2	19	1000	0
VN040119	1	7	1000	0
VN040119	2	21	20	0
VN040122	1	21	20	0
VN040129	1	21	500	-88
VN040129	2	19	200	-88
VN040145	1	6	100	0
VN040145	2	17	70	0
VN040151	1	13	400	-88
VN040151	2	21	150	-88
VN040164	1	21	50	0
VN040171	1	21	20	0
VN040174	1	1	10	-88
VN050006	1	5	2000	600
VN050006	2	13	300	0
VN050008	1	5	0	20
VN050012	1	5	300	600
VN050012	2	6	0	500
VN050012	3	21	300	0
VN050013	1	5	100	100
VN050013	2	6	200	200
VN050013	3	21	60	50
VN050016	1	6	150	50
VN050016	2	5	300	0
VN050016	3	13	300	0
VN050022	1	6	0	2500
VN050022	2	5	0	2500
VN050022	3	21	250	0
VN050024	1	5	100	0
VN050024	2	6	100	0
VN050026	1	6	0	40
VN050031	1	21	20	0
VN050033	1	5	400	200
VN050033	2	21	300	0
VN050036	1	5	0	1160
VN050040	1	21	100	0
VN050044	1	21	300	0
VN050047	1	5	200	200
VN050047	2	21	50	0
VN050055	1	6	600	200
VN050055	2	13	600	200
VN050057	1	19	1000	0
VN050059	1	5	0	200
VN050059	2	6	0	200
VN050061	1	21	50	0
VN050061	2	5	400	200
VN050066	1	6	200	0
VN050069	1	21	50	0
VN050075	1	13	0	39
VN050077	1	21	0	300
VN050079	1	5	1000	500
VN050079	2	6	1000	500
VN050079	3	13	650	0
VN050079	4	21	600	0
VN050081	1	21	20	0
VN050081	2	13	0	150
VN050082	1	21	200	0
VN050083	1	21	30	0
VN050085	1	21	10	0
VN050086	1	21	3000	0
VN050086	2	6	5000	300
VN050086	3	5	10000	1000
VN050094	1	21	150	0
VN050115	1	18	1000	0
VN060006	1	21	100	88
VN060012	1	5	100	0
VN060012	2	6	100	0
VN060018	1	1	5000	0
VN060020	1	21	250	0
VN060025	1	21	45	0
VN060028	1	21	230	0
VN060031	1	5	200	0
VN060043	1	21	100	0
VN060045	1	5	0	680
VN060047	1	21	40	0
VN060052	1	5	0	200
VN060052	2	21	50	0
VN060057	1	21	50	0
VN060060	1	6	1000	0
VN060065	1	5	1200	0
VN060068	1	13	600	150
VN060077	1	6	4000	0
VN060077	2	5	4800	0
VN060080	1	21	40	0
VN060081	1	21	600	0
VN060085	1	5	200	100
VN060088	1	5	100	0
VN060088	2	6	100	0
VN060089	1	5	1500	0
VN060089	2	19	200	0
VN060094	1	21	25	0
VN060098	1	21	200	0
VN060104	1	21	30	0
VN060119	1	21	15	0
VN070001	1	21	4000	0
VN070002	1	21	30	0
VN070004	1	21	10	0
VN070006	1	21	50	0
VN070010	1	21	3000	0
VN070013	1	21	10	0
VN070018	1	21	20	0
VN070019	1	21	200	0
VN070022	1	17	2000	1000
VN070031	1	18	0	50
VN070034	1	6	500	100
VN070034	2	5	500	100
VN070037	1	5	300	200
VN070037	2	21	50	0
VN070040	1	6	1000	300
VN070040	2	5	500	0
VN070041	1	6	-99	30
VN070041	2	5	-99	30
VN070041	3	13	-99	20
VN070042	1	18	200	50
VN070049	1	5	1000	0
VN070049	2	13	10000	0
VN070050	1	13	9000	0
VN070051	1	5	0	200
VN070051	2	6	0	200
VN070054	1	6	300	200
VN070054	2	5	400	200
VN070054	3	13	1350	50
VN070054	4	14	200	0
VN070054	5	21	100	0
VN070058	1	14	200	0
VN070058	2	5	250	0
VN070059	1	5	5000	20
VN070060	1	6	500	100
VN070067	1	19	100	100
VN070068	1	21	20	0
VN070069	1	13	400	0
VN070075	1	21	50	0
VN070076	1	5	0	200
VN070076	2	6	0	100
VN070077	1	21	20	0
VN070080	1	7	600	0
VN070092	1	6	150	50
VN070092	2	13	60	0
VN070092	3	14	0	50
VN070093	1	6	200	50
VN070097	1	13	4000	0
VN070118	1	21	100	200
VN070124	1	21	30	0
VN080004	1	21	20	0
VN080005	1	5	1700	0
VN080006	1	21	35	0
VN080011	1	21	10	0
VN080017	1	21	30	0
VN080018	1	6	600	0
VN080018	2	21	20	0
VN080022	1	21	40	0
VN080029	1	21	40	0
VN080035	1	21	30	0
VN080036	1	21	40	0
VN080040	1	6	300	0
VN080042	1	21	30	0
VN080048	1	21	35	0
VN080050	1	6	6000	0
VN080052	1	5	4800	0
VN080052	2	13	1000	0
VN080055	1	21	40	0
VN080060	1	21	20	0
VN080068	1	21	20	0
VN080069	1	21	100	0
VN080073	1	21	100	0
VN080076	1	13	1000	0
VN080076	2	21	100	0
VN080079	1	5	500	0
VN080079	2	6	500	0
VN080081	1	21	60	0
VN080083	1	14	100	0
VN080085	1	19	460	0
VN080086	1	6	3600	0
VN080086	2	5	1000	0
VN080092	1	14	120	0
VN080094	1	1	0	100
VN080119	1	21	80	0
VN080132	1	6	2000	0
VN080142	1	21	200	0
VN080165	1	21	30	0
VN090002	1	5	100	0
VN090004	1	13	-99	100
VN090007	1	19	100	0
VN090014	1	5	0	50
VN090020	1	5	200	-99
VN090020	2	21	200	-99
VN090024	1	5	2000	0
VN090024	2	6	300	0
VN090029	1	5	0	100
VN090032	1	13	100	0
VN090060	1	7	200	0
VN090087	1	5	150	-77
VN090087	2	6	-77	200
VN090094	1	5	300	0
VN090094	2	6	100	0
VN090105	1	5	-99	100
VN090106	1	6	100	0
VN100003	1	5	100	50
VN100003	2	6	100	50
VN100006	1	6	0	50
VN100007	1	5	0	20
VN100007	2	6	0	20
VN100010	1	6	200	40
VN100011	1	6	100	50
VN100014	1	5	50	50
VN100014	2	6	100	50
VN100015	1	6	500	500
VN100015	2	5	500	500
VN100015	3	14	200	200
VN100017	1	5	200	0
VN100022	1	5	500	0
VN100022	2	6	500	0
VN100025	1	6	10	15
VN100025	2	5	10	15
VN100026	1	1	0	20
VN100026	2	1	0	20
VN100027	1	5	500	0
VN100029	1	6	100	0
VN100029	2	5	100	0
VN100030	1	5	0	50
VN100031	1	6	0	100
VN100032	1	5	400	100
VN100032	2	6	0	100
VN100033	1	5	100	100
VN100035	1	6	50	50
VN100036	1	5	0	30
VN100036	2	6	0	30
VN100040	1	5	100	0
VN100042	1	5	50	100
VN100044	1	5	0	100
VN100044	2	6	0	100
VN100051	1	5	100	20
VN100055	1	5	0	100
VN100056	1	5	100	100
VN100056	2	6	100	100
VN100057	1	5	0	100
VN100058	1	6	0	50
VN100058	2	5	0	100
VN100060	1	5	0	50
VN100060	2	6	0	50
VN100061	1	5	0	50
VN100062	1	5	0	200
VN100064	1	6	0	50
VN100064	2	5	0	50
VN100066	1	5	0	50
VN100066	2	6	0	50
VN100067	1	5	200	200
VN100068	1	18	0	30
VN100068	2	5	0	30
VN100070	1	5	0	50
VN100071	1	5	50	50
VN100072	1	5	0	40
VN100077	1	5	1200	0
VN100077	2	6	1200	0
VN100078	1	6	6000	600
VN100085	1	14	500	0
VN100087	1	6	300	0
VN100093	1	13	500	0
VN100094	1	5	0	200
VN100096	1	5	0	100
VN100096	2	6	0	100
VN100107	1	5	1000	0
VN100107	2	6	1000	0
VN100109	1	6	200	200
VN100109	2	5	200	100
VN100111	1	5	0	30
VN110001	1	13	200	100
VN110001	2	21	70	0
VN110002	1	13	1000	0
VN110002	2	21	200	0
VN110006	1	21	10	10
VN110007	1	6	3000	0
VN110007	2	5	0	200
VN110008	1	13	1000	0
VN110008	2	21	120	0
VN110010	1	21	100	100
VN110012	1	19	1000	200
VN110012	2	21	800	0
VN110013	1	19	50	50
VN110013	2	21	70	0
VN110014	1	21	500	0
VN110015	1	5	200	0
VN110015	2	6	200	0
VN110015	3	21	100	0
VN110017	1	13	0	200
VN110017	2	21	400	0
VN110019	1	19	150	0
VN110019	2	21	700	0
VN110021	1	5	50	0
VN110021	2	21	120	0
VN110023	1	21	150	0
VN110024	1	21	200	0
VN110025	1	21	25	25
VN110026	1	21	180	0
VN110027	1	21	100	0
VN110028	1	13	500	0
VN110028	2	19	1500	0
VN110028	3	21	500	0
VN110029	1	19	300	0
VN110029	2	21	400	0
VN110030	1	19	500	0
VN110030	2	21	500	0
VN110031	1	5	40	30
VN110031	2	21	100	100
VN110032	1	6	100	100
VN110032	2	21	200	200
VN110033	1	13	300	0
VN110033	2	19	700	0
VN110034	1	13	200	0
VN110034	2	19	300	0
VN110035	1	5	400	100
VN110035	2	6	300	100
VN110035	3	21	500	200
VN110036	1	5	100	100
VN110036	2	6	100	100
VN110036	3	21	300	200
VN110037	1	5	1200	0
VN110037	2	6	1000	200
VN110037	3	21	2000	0
VN110038	1	19	1000	0
VN110038	2	21	1000	0
VN110040	1	19	1000	500
VN110040	2	21	1000	0
VN110041	1	13	400	0
VN110042	1	21	600	0
VN110043	1	19	3000	0
VN110043	2	21	40	0
VN110044	1	5	200	200
VN110044	2	21	200	500
VN110045	1	6	500	0
VN110045	2	5	300	0
VN110045	3	21	1000	0
VN110046	1	19	100	0
VN110046	2	21	15	0
VN110047	1	19	1100	0
VN110048	1	19	1000	0
VN110048	2	20	100	0
VN110049	1	19	1500	0
VN110049	2	21	500	0
VN110050	1	19	1000	0
VN110050	2	21	1000	0
VN110051	1	19	700	0
VN110051	2	21	300	100
VN110052	1	5	200	0
VN110052	2	6	200	0
VN110052	3	21	500	0
VN110053	1	19	300	0
VN110053	2	21	200	0
VN110054	1	5	0	20
VN110054	2	6	0	20
VN110054	3	21	100	30
VN110055	1	21	300	300
VN110055	2	19	800	800
VN110056	1	19	300	0
VN110056	2	21	30	0
VN110057	1	19	70	0
VN110057	2	21	120	60
VN110058	1	21	20	0
VN110059	1	19	20	0
VN110059	2	21	200	0
VN110060	1	19	1000	0
VN110060	2	21	150	0
VN110061	1	13	200	0
VN110061	2	19	100	0
VN110062	1	21	300	50
VN110063	1	13	100	0
VN110063	2	19	200	0
VN110064	1	21	300	0
VN110066	1	19	800	0
VN110066	2	21	200	0
VN110067	1	19	600	100
VN110067	2	21	300	0
VN110068	1	5	30	0
VN110068	2	6	30	0
VN110068	3	21	15	0
VN110069	1	13	200	50
VN110069	2	19	600	0
VN110069	3	21	100	0
VN110072	1	13	50	0
VN110072	2	21	100	100
VN110073	1	19	1000	0
VN110073	2	21	600	0
VN110074	1	21	50	0
VN110075	1	17	30	0
VN110075	2	21	300	0
VN110076	1	19	2000	200
VN110076	2	21	800	0
VN110077	1	19	1000	0
VN110077	2	13	500	0
VN110078	1	19	2000	0
VN110078	2	21	70	0
VN110079	1	21	600	0
VN110079	2	19	900	0
VN110080	1	5	0	20
VN110080	2	5	0	20
VN110080	3	21	300	0
VN110081	1	5	100	0
VN110081	2	6	100	0
VN110081	3	21	1500	0
VN110082	1	19	1500	0
VN110083	1	21	1000	0
VN110084	1	19	200	0
VN110084	2	21	8	0
VN110085	1	19	800	200
VN110085	2	21	300	0
VN110086	1	19	1000	0
VN110086	2	21	1000	0
VN110086	3	6	9000	1000
VN110087	1	5	300	100
VN110087	2	6	300	100
VN110087	3	21	100	200
VN110088	1	21	1000	0
VN110089	1	19	1500	0
VN110089	2	21	500	0
VN110090	1	19	1000	0
VN110090	2	21	500	0
VN110091	1	21	500	0
VN110091	2	19	500	0
VN110092	1	21	2000	0
VN110092	2	19	1000	100
VN110093	2	21	150	0
VN110094	1	13	300	0
VN110094	2	19	600	0
VN110094	3	21	100	0
VN110095	1	19	1000	50
VN110095	2	21	1000	0
VN110096	1	13	200	0
VN110096	2	19	500	0
VN110097	1	19	2000	0
VN110097	2	13	500	0
VN110098	1	19	800	0
VN110098	2	21	10	0
VN110099	1	21	500	0
VN110100	1	19	30	0
VN110100	2	7	200	0
VN110101	1	19	5000	200
VN110101	2	21	500	0
VN110104	1	19	800	100
VN110104	2	21	400	0
VN110108	1	19	10	10
VN110108	2	21	80	0
VN110115	1	19	200	0
VN110115	2	21	10	0
VN110119	1	19	500	0
VN110119	2	21	100	0
VN110121	1	13	200	0
VN110121	2	19	500	0
VN110121	3	21	100	50
VN110123	1	19	300	50
VN110123	2	21	400	0
VN110125	1	13	4000	0
VN110125	2	21	800	100
VN110126	1	7	200	200
VN110126	2	19	300	300
VN120001	1	19	1000	0
VN120001	2	21	500	0
VN120003	1	5	100	300
VN120003	2	6	100	300
VN120003	3	21	100	100
VN120006	1	19	2000	0
VN120006	2	21	500	0
VN120007	1	13	200	100
VN120007	2	19	400	0
VN120007	3	21	200	0
VN120009	1	5	150	150
VN120009	2	6	150	150
VN120009	3	21	400	0
VN120010	1	19	1500	0
VN120010	2	21	300	0
VN120011	1	19	500	0
VN120012	1	19	200	0
VN120012	2	21	100	0
VN120013	1	19	500	0
VN120013	2	21	1000	0
VN120014	1	19	1000	0
VN120014	2	21	200	0
VN120015	1	21	500	0
VN120016	1	21	1000	0
VN120017	1	6	100	100
VN120017	2	5	100	100
VN120017	3	21	200	200
VN120018	1	21	100	100
VN120020	1	5	50	50
VN120020	2	6	50	50
VN120020	3	21	200	200
VN120022	1	5	0	100
VN120022	2	6	0	100
VN120022	3	21	100	100
VN120023	1	19	300	0
VN120023	2	21	50	0
VN120024	1	13	100	100
VN120024	2	19	200	0
VN120026	1	19	70	0
VN120026	2	21	150	0
VN120027	1	19	700	0
VN120027	2	21	100	0
VN120028	1	19	200	100
VN120029	1	5	100	100
VN120029	2	6	100	100
VN120029	3	21	100	100
VN120030	1	21	1000	0
VN120032	1	19	500	0
VN120032	2	21	1000	0
VN120033	1	19	300	0
VN120033	2	21	100	0
VN120034	1	19	400	0
VN120034	2	21	20	0
VN120035	1	19	1200	0
VN120035	2	21	200	0
VN120036	1	19	700	0
VN120036	2	21	50	0
VN120037	1	19	2000	0
VN120037	2	21	20	0
VN120038	1	21	1000	0
VN120039	1	17	200	0
VN120039	2	18	200	0
VN120039	3	21	100	0
VN120040	1	1	3500	0
VN120041	1	19	200	100
VN120041	2	21	500	0
VN120042	1	13	200	300
VN120042	2	19	600	0
VN120042	3	21	400	0
VN120043	1	19	1800	0
VN120043	2	21	500	0
VN120045	1	21	200	1500
VN120046	1	19	800	0
VN120046	2	21	300	0
VN120048	1	21	1000	0
VN120049	1	19	300	0
VN120049	2	13	200	400
VN120049	3	21	300	0
VN120050	1	19	300	100
VN120050	2	21	400	0
VN120053	1	7	300	0
VN120053	2	19	500	0
VN120053	3	21	30	0
VN120054	1	13	500	0
VN120054	2	19	1000	0
VN120054	3	21	2000	0
VN120055	1	19	200	0
VN120055	2	21	800	0
VN120058	1	14	10000	0
VN120058	2	19	600	0
VN120058	3	21	700	0
VN120059	1	13	200	0
VN120059	2	19	500	0
VN120059	3	21	700	0
VN120060	1	21	300	0
VN120061	1	19	500	0
VN120061	2	21	500	100
VN120062	1	19	300	200
VN120062	2	21	500	100
VN120063	1	21	1000	0
VN120064	1	21	1500	0
VN120065	1	19	200	0
VN120065	2	21	400	0
VN120066	1	21	500	0
VN120067	1	19	1000	0
VN120067	2	21	300	0
VN120068	1	19	2000	0
VN120068	2	21	400	0
VN120069	1	21	1000	0
VN120069	2	5	50	10
VN120070	1	13	200	100
VN120070	2	19	700	0
VN120070	3	21	1000	0
VN120071	1	7	1000	0
VN120071	2	19	3000	0
VN120071	3	21	2000	0
VN120072	1	5	100	100
VN120072	2	6	100	100
VN120072	3	21	1000	0
VN120076	1	7	1000	0
VN120076	2	14	500	0
VN120076	3	21	500	0
VN120077	1	5	100	50
VN120077	2	6	50	50
VN120077	3	21	500	0
VN120078	1	19	300	0
VN120078	2	21	1000	0
VN120079	1	19	300	0
VN120079	2	21	300	0
VN120080	1	13	500	0
VN120080	2	19	700	0
VN120080	3	21	1200	0
VN120081	1	19	400	0
VN120081	2	21	600	0
VN120083	1	21	1500	0
VN120084	1	19	1000	0
VN120084	2	21	500	0
VN120085	1	19	500	0
VN120085	2	21	500	0
VN120086	1	19	500	0
VN120086	2	21	100	0
VN120087	1	5	100	100
VN120087	2	6	100	100
VN120087	3	21	400	0
VN120088	1	19	1500	0
VN120088	2	21	500	0
VN120089	1	21	500	0
VN120090	1	7	300	100
VN120090	2	19	500	0
VN120090	3	21	100	0
VN120092	1	13	100	0
VN120092	2	19	150	0
VN120092	3	21	100	0
VN120093	1	19	1000	0
VN120094	1	19	1000	0
VN120094	2	21	120	0
VN120095	1	6	50	50
VN120095	2	21	100	50
VN120096	1	19	800	0
VN120096	2	21	30	0
VN120097	1	6	50	20
VN120097	2	5	50	20
VN120097	3	21	100	100
VN120098	1	21	300	0
VN120099	1	13	200	100
VN120099	2	19	500	0
VN120099	3	21	300	0
VN120100	1	19	200	0
VN120100	2	21	100	0
VN120114	1	19	1000	0
VN120114	2	21	300	0
VN120115	1	19	400	0
VN120115	2	13	200	100
VN120121	1	19	100	0
VN120121	2	21	400	0
VN120124	1	19	200	0
VN120124	2	21	20	0
VN120125	1	13	500	100
VN120125	2	19	600	0
VN120125	3	21	300	0
VN120126	1	5	100	50
VN120126	2	6	50	100
VN120126	3	21	300	100
VN120133	1	19	500	0
VN120133	2	21	1500	0
VN120134	1	21	2000	0
VN120135	1	21	600	0
VN120139	1	13	200	0
VN120139	2	19	200	0
VN120139	3	21	100	0
VN120140	1	5	200	100
VN120140	2	6	200	100
VN120140	3	21	1000	0
VN120141	1	19	0	30
VN120141	2	21	500	0
VN120142	1	5	500	500
VN120142	2	6	500	500
VN120142	3	21	1000	200
VN120146	1	7	500	0
VN120146	2	19	800	0
VN120146	3	21	100	0
VN120148	1	15	400	200
VN120148	2	21	1000	0
VN120150	1	21	2000	100
VN130001	1	6	100	100
VN130001	2	5	100	100
VN130001	3	13	100	0
VN130001	4	21	150	0
VN130002	1	13	200	0
VN130002	2	21	30	0
VN130003	1	13	300	100
VN130003	2	6	50	0
VN130003	3	21	50	0
VN130003	4	19	50	0
VN130004	1	6	1000	300
VN130004	2	5	500	300
VN130004	3	13	300	100
VN130004	4	18	100	0
VN130004	5	21	1000	0
VN130005	1	13	400	100
VN130005	2	21	50	0
VN130006	1	21	20	0
VN130007	1	5	120	30
VN130007	2	19	0	160
VN130007	3	21	50	0
VN130008	1	13	30	0
VN130008	2	17	30	30
VN130009	1	18	1000	500
VN130009	2	17	300	0
VN130009	3	6	0	500
VN130009	4	5	0	200
VN130009	5	13	1000	0
VN130010	1	6	200	100
VN130010	2	5	200	100
VN130010	3	13	400	0
VN130010	4	21	200	100
VN130011	1	5	200	100
VN130011	2	6	200	100
VN130011	3	13	500	100
VN130011	4	21	100	0
VN130012	1	5	0	10
VN130012	2	6	1500	0
VN130012	3	13	0	50
VN130012	4	21	6	0
VN130013	1	13	200	0
VN130013	2	21	200	0
VN130014	1	18	200	100
VN130014	2	5	200	100
VN130014	3	13	150	100
VN130014	4	21	3000	0
VN130015	1	19	300	0
VN130016	1	19	300	0
VN130016	2	21	300	0
VN130017	1	6	1000	200
VN130017	2	15	200	0
VN130017	3	14	200	0
VN130017	4	21	200	0
VN130019	1	5	200	0
VN130019	2	6	200	0
VN130019	3	13	200	0
VN130021	1	21	15	0
VN130022	1	19	2000	0
VN130022	2	21	1500	0
VN130023	1	13	100	150
VN130023	2	5	100	0
VN130023	6	6	100	0
VN130024	1	5	500	0
VN130024	2	6	500	0
VN130024	3	13	700	300
VN130025	1	6	0	100
VN130025	2	14	400	0
VN130025	3	15	100	0
VN130027	1	6	200	0
VN130027	2	15	50	0
VN130027	3	21	50	0
VN130028	1	13	300	0
VN130028	2	17	100	0
VN130028	3	18	100	0
VN130029	1	13	200	50
VN130029	2	5	100	0
VN130029	3	6	100	0
VN130030	1	13	200	50
VN130030	2	14	100	0
VN130032	1	6	1000	0
VN130032	2	14	500	0
VN130033	1	14	50	0
VN130033	2	21	30	0
VN130033	3	15	0	15
VN130034	1	13	300	0
VN130034	2	21	30	0
VN130035	1	6	500	30
VN130035	2	13	30	0
VN130035	3	19	20	0
VN130036	1	13	50	150
VN130036	2	21	40	0
VN130037	1	13	200	0
VN130037	2	15	500	0
VN130038	1	13	100	100
VN130038	2	21	20	0
VN130039	1	5	100	0
VN130039	2	6	100	0
VN130039	3	13	200	50
VN130040	1	6	200	0
VN130040	2	15	200	0
VN130040	3	21	100	0
VN130040	4	16	100	0
VN130041	1	13	200	0
VN130042	1	13	700	0
VN130042	2	5	200	200
VN130043	1	5	100	0
VN130043	2	6	100	0
VN130043	3	13	50	0
VN130043	4	21	20	0
VN130044	1	13	200	0
VN130044	2	5	250	0
VN130044	3	6	250	0
VN130045	1	13	100	0
VN130045	2	6	100	0
VN130046	1	5	100	0
VN130046	2	19	100	0
VN130047	0	 	 	 
VN130047	1	5	300	100
VN130047	2	13	400	100
VN130048	1	13	100	0
VN130048	2	19	50	120
VN130049	1	21	30	0
VN130050	1	13	200	0
VN130051	1	6	500	100
VN130051	2	21	1000	0
VN130052	1	6	100	0
VN130052	2	5	100	0
VN130052	3	21	5	0
VN130053	1	6	500	100
VN130053	2	5	200	100
VN130053	3	19	100	0
VN130054	1	13	100	100
VN130054	2	5	100	50
VN130054	3	6	150	0
VN130054	4	21	30	0
VN130055	1	13	300	100
VN130055	2	5	300	0
VN130056	1	13	400	100
VN130056	2	5	1000	0
VN130056	3	6	1000	0
VN130056	4	21	80	0
VN130057	1	5	50	0
VN130057	2	6	50	0
VN130057	3	13	200	0
VN130057	4	19	400	0
VN130058	1	6	300	100
VN130058	2	13	1000	0
VN130058	3	21	200	0
VN130059	1	6	100	0
VN130059	2	5	100	0
VN130059	3	19	0	150
VN130059	4	21	5	0
VN130060	1	21	10	0
VN130063	1	13	200	50
VN130063	2	5	100	50
VN130063	4	21	50	0
VN130063	6	6	100	0
VN130064	1	13	400	0
VN130064	2	21	500	0
VN130064	3	14	0	80
VN130065	1	13	100	50
VN130065	2	19	50	150
VN130065	3	21	150	0
VN130066	1	5	650	100
VN130066	2	21	20	0
VN130067	1	13	400	0
VN130067	2	5	100	50
VN130067	3	21	200	0
VN130068	1	19	200	0
VN130068	2	21	200	0
VN130068	3	5	100	0
VN130068	4	6	100	0
VN130069	1	13	500	0
VN130069	2	5	200	50
VN130069	3	6	100	50
VN130070	1	13	200	100
VN130070	2	5	200	50
VN130070	3	6	200	50
VN130071	1	5	100	0
VN130071	2	6	100	0
VN130071	3	13	30	0
VN130071	4	21	20	0
VN130072	1	21	3000	1000
VN130073	1	13	200	50
VN130074	1	19	200	0
VN130074	2	5	50	0
VN130074	3	6	50	0
VN130075	1	13	600	0
VN130076	1	13	300	0
VN130076	2	5	2000	0
VN130076	3	21	500	0
VN130076	4	6	300	0
VN130076	5	18	200	0
VN130076	6	17	200	0
VN130077	1	5	600	200
VN130077	2	6	600	200
VN130077	3	13	3000	0
VN130077	4	21	0	200
VN130078	1	5	200	0
VN130078	2	6	200	0
VN130078	3	13	100	0
VN130078	4	21	200	0
VN130079	1	13	300	0
VN130079	2	5	100	0
VN130079	3	6	100	0
VN130080	1	17	100	50
VN130080	2	13	500	0
VN130080	3	21	100	0
VN130081	1	13	200	0
VN130081	2	5	300	50
VN130081	3	6	300	50
VN130082	1	1	3000	300
VN130083	1	5	200	100
VN130083	2	6	300	100
VN130083	3	13	300	200
VN130083	4	21	100	0
VN130085	1	17	20	0
VN130085	2	18	20	0
VN130085	3	5	20	0
VN130085	4	21	15	0
VN130086	1	5	50	50
VN130086	2	6	50	50
VN130087	1	13	100	50
VN130088	1	6	0	300
VN130088	2	5	0	200
VN130088	3	13	0	300
VN130088	4	21	100	0
VN130089	1	21	20	0
VN130090	1	21	20	0
VN130091	1	5	0	50
VN130092	1	13	100	200
VN130092	2	5	200	0
VN130092	3	19	200	0
VN130094	1	13	400	200
VN130094	2	5	200	100
VN130094	3	6	200	100
VN130095	1	13	400	100
VN130095	2	21	100	0
VN130096	1	13	200	100
VN130096	2	19	0	100
VN130097	1	18	100	0
VN130098	1	13	1000	200
VN130098	2	5	100	100
VN130099	1	13	100	50
VN130099	2	5	200	0
VN130099	3	6	200	0
VN130101	1	19	700	300
VN130101	2	21	30	0
VN130102	1	13	200	0
VN130103	1	13	200	0
VN130103	2	5	1500	0
VN130104	1	6	500	100
VN130104	2	5	500	100
VN130104	3	13	0	50
VN130104	4	21	300	0
VN140001	1	13	300	100
VN140001	2	5	200	100
VN140001	3	21	500	0
VN140002	1	6	100	40
VN140002	2	5	0	50
VN140003	1	5	100	0
VN140003	2	13	200	50
VN140003	3	21	50	0
VN140004	1	13	500	100
VN140004	2	19	400	0
VN140004	3	21	500	0
VN140006	1	19	300	100
VN140006	2	5	100	50
VN140007	1	6	2000	0
VN140007	2	13	0	500
VN140008	1	19	100	50
VN140008	2	21	20	0
VN140009	1	13	100	0
VN140010	1	19	150	0
VN140010	2	21	10	0
VN140011	1	17	100	0
VN140011	2	13	200	100
VN140012	1	21	30	0
VN140013	1	19	100	0
VN140013	2	21	15	0
VN140015	1	13	100	0
VN140015	2	17	150	0
VN140016	1	19	150	50
VN140016	2	21	15	0
VN140017	1	13	500	0
VN140017	2	21	15	0
VN140018	1	19	200	0
VN140020	1	13	100	100
VN140021	1	13	300	0
VN140022	1	5	50	0
VN140022	2	13	500	0
VN140023	1	6	50	0
VN140023	2	5	50	0
VN140024	1	5	300	200
VN140024	2	19	500	0
VN140024	3	21	1000	0
VN140025	1	6	100	50
VN140025	2	5	100	50
VN140025	3	19	300	0
VN140026	1	5	40	20
VN140026	2	6	0	60
VN140026	3	9	40	0
VN140027	1	13	200	0
VN140027	2	19	0	100
VN140028	1	5	50	0
VN140028	2	6	50	0
VN140029	1	14	100	0
VN140029	2	19	200	0
VN140029	3	5	200	100
VN140029	4	6	200	100
VN140030	1	13	150	50
VN140031	1	21	20	0
VN140031	2	13	130	20
VN140032	1	5	100	100
VN140032	2	19	150	0
VN140033	1	14	200	0
VN140033	2	19	100	50
VN140034	1	6	100	20
VN140034	2	5	50	50
VN140034	3	21	10	0
VN140036	1	6	500	0
VN140037	1	13	200	50
VN140037	2	21	50	0
VN140038	1	19	150	30
VN140038	2	21	10	0
VN140039	1	19	230	50
VN140039	2	21	10	0
VN140040	1	12	550	0
VN140040	2	21	200	0
VN140042	1	13	300	0
VN140042	2	5	100	100
VN140042	3	6	100	100
VN140043	1	5	200	0
VN140045	1	19	50	0
VN140045	2	21	50	0
VN140046	1	13	200	0
VN140046	2	21	30	0
VN140047	1	13	100	50
VN140048	1	13	200	0
VN140049	1	14	200	0
VN140049	2	21	50	0
VN140050	1	13	200	0
VN140050	2	5	100	200
VN140050	3	6	100	200
VN140051	1	13	100	0
VN140051	2	21	30	0
VN140053	1	13	200	0
VN140054	1	18	100	0
VN140054	2	13	100	0
VN140055	1	13	200	0
VN140056	1	21	50	0
VN140057	1	13	500	0
VN140057	2	5	100	500
VN140057	3	6	100	500
VN140058	1	19	50	0
VN140059	1	5	100	0
VN140059	2	6	100	0
VN140059	3	13	200	0
VN140059	4	18	100	0
VN140061	1	6	400	0
VN140061	2	19	200	0
VN140062	1	21	300	0
VN140062	2	6	600	0
VN140063	1	6	700	0
VN140063	2	21	15	0
VN140064	1	5	100	0
VN140064	2	6	100	0
VN140064	3	19	200	0
VN140067	1	13	700	0
VN140067	2	5	500	0
VN140067	3	5	500	0
VN140068	1	13	200	0
VN140068	2	5	100	0
VN140068	3	6	100	0
VN140069	1	18	200	0
VN140069	2	21	15	0
VN140070	1	13	200	0
VN140070	2	17	200	0
VN140070	3	18	200	0
VN140071	1	13	100	0
VN140071	2	21	200	0
VN140073	1	13	500	0
VN140073	2	21	15	0
VN140074	1	13	400	0
VN140074	2	21	10	0
VN140077	1	13	300	0
VN140077	2	21	20	0
VN140078	1	19	200	0
VN140078	2	21	15	0
VN140079	1	13	300	50
VN140079	2	5	200	0
VN140080	1	13	50	0
VN140080	2	5	50	0
VN140080	3	6	50	0
VN140081	1	21	50	0
VN140081	2	19	200	0
VN140081	3	6	0	50
VN140081	4	5	0	50
VN140083	1	13	300	0
VN140083	2	21	20	0
VN140084	1	5	100	200
VN140084	2	6	100	200
VN140085	1	13	100	0
VN140087	1	13	200	50
VN140088	1	18	200	0
VN140088	2	13	0	100
VN140090	1	13	200	70
VN140090	2	5	100	0
VN140091	1	19	100	30
VN140091	2	21	15	0
VN140092	1	13	200	50
VN140093	1	5	1000	0
VN140093	2	13	100	0
VN140095	1	13	300	100
VN140095	2	5	100	0
VN140096	1	13	200	100
VN140096	2	5	200	50
VN140096	3	19	300	0
VN140097	1	6	0	500
VN140097	2	19	200	0
VN140097	3	21	10	0
VN140098	1	5	100	50
VN140098	2	6	100	50
VN140098	3	19	200	0
VN140100	1	13	150	100
VN140100	2	19	100	0
VN140101	1	13	500	200
VN140101	2	19	100	50
VN140102	1	21	1500	0
VN140103	1	6	3600	500
VN140107	1	13	2000	0
VN140107	2	19	300	0
VN150002	1	21	50	0
VN150005	1	21	12	0
VN150009	1	21	30	0
VN150010	1	1	220	0
VN150011	1	21	50	0
VN150013	1	21	50	0
VN150015	1	21	150	0
VN150018	1	21	50	0
VN150020	1	5	2400	-77
VN150023	1	21	50	0
VN150029	1	21	20	0
VN150030	1	5	400	0
VN150031	1	21	50	0
VN150033	1	21	30	0
VN150039	1	21	10	0
VN150051	1	14	50	40
VN150051	2	21	20	0
VN150055	1	21	10	0
VN150056	1	21	50	0
VN150057	1	21	10	0
VN150060	1	21	60	0
VN150061	1	21	20	0
VN150063	1	21	300	0
VN150063	2	1	500	0
VN150065	1	21	20	0
VN150068	1	5	50	0
VN150068	2	6	0	50
VN150068	3	13	200	300
VN150068	4	21	30	0
VN150070	1	21	50	0
VN150070	2	5	0	300
VN150070	3	6	0	300
VN150070	4	7	0	300
VN150071	1	21	20	0
VN150072	1	21	30	0
VN150073	1	5	70	0
VN150073	2	6	150	0
VN150078	1	21	50	0
VN150079	1	21	20	0
VN150081	1	21	60	0
VN150083	1	21	12	0
VN150087	1	21	200	0
VN150087	2	1	2000	0
VN150089	1	21	100	0
VN150089	2	1	300	0
VN150090	1	14	0	98
VN150090	2	13	500	0
VN150091	1	21	20	0
VN150092	1	21	50	0
VN150092	2	1	200	0
VN150099	1	21	50	0
VN150101	1	6	-77	1000
VN150105	1	21	5	0
VN150107	1	21	100	0
VN150130	1	21	50	0
VN150134	1	21	50	0
VN150137	1	5	0	40
VN150137	2	6	0	40
VN150138	1	21	100	0
VN150138	2	1	500	0
VN150140	1	21	30	0
VN150142	1	21	10	0
VN160001	1	21	20	0
VN160004	1	21	50	0
VN160004	2	13	100	200
VN160005	1	21	50	0
VN160006	1	21	20	0
VN160009	1	13	300	0
VN160009	2	6	200	0
VN160009	3	5	200	0
VN160009	4	21	30	0
VN160010	1	21	40	0
VN160011	1	21	120	0
VN160011	2	13	300	0
VN160011	3	5	200	0
VN160015	1	21	50	0
VN160015	2	13	400	0
VN160015	3	5	200	50
VN160016	1	21	50	0
VN160016	2	1	600	0
VN160017	1	21	30	0
VN160017	2	1	100	50
VN160018	1	21	50	0
VN160019	1	21	30	0
VN160020	1	1	100	100
VN160021	1	21	10	0
VN160021	2	1	200	0
VN160022	1	21	20	0
VN160023	1	21	20	0
VN160024	1	21	53	0
VN160024	2	5	0	100
VN160024	3	6	0	100
VN160025	1	21	40	0
VN160025	2	5	100	0
VN160025	3	6	100	0
VN160025	4	19	300	0
VN160026	1	21	100	40
VN160026	2	13	200	36
VN160026	3	5	100	0
VN160026	4	6	100	0
VN160028	1	5	200	0
VN160029	1	21	10	10
VN160029	2	13	300	0
VN160029	3	6	100	80
VN160029	4	5	100	0
VN160033	1	21	50	0
VN160033	2	1	500	0
VN160034	1	21	10	0
VN160034	2	6	100	50
VN160034	3	5	100	45
VN160035	1	21	20	0
VN160035	2	1	300	0
VN160037	1	21	50	0
VN160037	2	13	180	0
VN160037	3	5	300	50
VN160037	4	6	250	60
VN160038	1	21	20	0
VN160038	2	1	50	0
VN160039	1	21	20	0
VN160044	1	21	20	0
VN160045	1	21	30	0
VN160045	2	13	400	300
VN160045	3	5	100	0
VN160045	4	6	100	0
VN160046	1	21	500	0
VN160048	1	21	100	0
VN160048	2	1	2000	400
VN160049	1	21	30	0
VN160050	1	5	20	60
VN160050	2	6	100	80
VN160050	3	13	500	0
VN160052	1	21	20	0
VN160053	1	10	400	0
VN160053	2	21	30	0
VN160054	1	1	50	0
VN160055	1	13	200	0
VN160055	2	21	20	0
VN160056	1	21	20	0
VN160057	1	21	13	0
VN160058	1	21	20	0
VN160059	1	21	30	200
VN160059	2	13	300	80
VN160059	3	5	0	60
VN160060	1	1	400	0
VN160062	1	1	400	100
VN160063	1	21	10	0
VN160063	2	13	0	100
VN160065	1	5	100	50
VN160065	2	6	100	80
VN160067	1	21	13	24
VN160067	2	6	80	40
VN160067	3	5	80	0
VN160067	4	13	0	140
VN160069	1	21	30	20
VN160069	2	13	200	0
VN160070	1	5	200	50
VN160070	2	6	200	0
VN160072	1	21	13	0
VN160072	2	5	0	30
VN160072	3	6	0	50
VN160072	4	13	20	60
VN160073	1	21	50	0
VN160075	1	21	20	0
VN160075	2	1	50	0
VN160076	1	21	40	0
VN160076	2	13	180	0
VN160077	1	21	10	0
VN160078	1	21	15	0
VN160078	2	1	150	0
VN160080	1	21	30	0
VN160080	2	13	0	60
VN160081	1	21	20	0
VN160081	2	13	200	150
VN160082	1	21	50	0
VN160085	1	21	50	0
VN160085	2	1	3000	0
VN160085	3	7	2000	0
VN160086	1	21	0	20
VN160086	2	13	120	160
VN160089	1	7	1000	0
VN160090	1	21	20	0
VN160091	1	6	100	100
VN160091	2	5	100	100
VN160092	1	1	200	0
VN160094	1	21	10	0
VN160096	1	21	20	0
VN160097	1	21	20	0
VN160097	2	19	500	0
VN160098	1	21	30	0
VN160099	1	21	10	8
VN160100	1	21	20	0
VN160104	1	1	100	0
VN160114	1	21	35	0
VN160114	2	5	0	50
VN160114	3	6	0	50
VN160114	4	13	200	70
VN170001	1	14	300	0
VN170002	1	21	50	0
VN170005	1	21	70	0
VN170009	1	14	500	0
VN170009	2	19	900	0
VN170009	3	21	600	0
VN170013	1	21	10	0
VN170015	1	21	50	0
VN170016	1	21	20	0
VN170017	1	14	100	0
VN170018	1	21	1500	0
VN170018	2	13	5000	0
VN170020	1	21	-77	0
VN170021	1	21	-77	0
VN170024	1	21	10	0
VN170025	1	21	250	0
VN170026	1	21	50	0
VN170028	1	21	60	0
VN170030	1	14	300	0
VN170030	2	19	1000	200
VN170030	3	21	500	0
VN170032	1	5	6000	500
VN170032	2	6	6000	700
VN170032	3	13	1000	0
VN170032	4	14	500	0
VN170032	5	21	1000	0
VN170033	1	14	200	0
VN170033	2	19	400	100
VN170033	3	21	600	0
VN170034	1	21	100	0
VN170035	1	6	5000	0
VN170035	2	14	200	0
VN170035	3	21	1000	0
VN170036	1	21	-77	0
VN170037	1	21	300	0
VN170038	1	21	500	0
VN170039	1	14	250	0
VN170040	1	14	200	0
VN170040	2	19	700	100
VN170043	1	14	300	0
VN170043	2	21	800	0
VN170047	1	21	500	0
VN170048	1	21	80	0
VN170050	1	14	250	0
VN170050	2	21	800	0
VN170052	1	21	20	0
VN170053	1	13	400	0
VN170053	2	14	300	0
VN170054	1	21	60	0
VN170056	1	14	200	0
VN170056	2	21	400	100
VN170062	1	14	500	0
VN170063	1	17	500	500
VN170064	1	21	300	0
VN170064	2	19	400	100
VN170066	1	21	-77	0
VN170068	1	21	100	0
VN170069	1	14	200	0
VN170069	2	5	500	100
VN170069	3	21	400	0
VN170070	1	21	-77	0
VN170077	1	14	300	0
VN170079	1	14	100	0
VN170080	1	21	-77	0
VN170085	1	14	400	0
VN170085	2	5	1000	0
VN170085	3	6	1000	200
VN170085	4	21	500	0
VN170086	1	21	100	0
VN170087	1	21	-77	0
VN170088	1	21	120	0
VN170091	1	14	500	0
VN170091	2	19	1000	200
VN170091	3	21	1400	0
VN170092	1	14	200	0
VN170092	2	19	2000	0
VN170092	3	21	400	0
VN170093	1	5	600	200
VN170093	2	19	300	0
VN170093	3	14	200	0
VN170094	1	14	300	0
VN170094	2	19	500	100
VN170095	1	21	-77	0
VN170096	1	21	100	0
VN170097	1	21	-77	0
VN170100	1	19	3000	0
VN170100	2	21	1000	0
VN170100	3	6	6000	100
VN170101	1	14	80	0
VN170104	1	21	-77	0
VN170109	1	14	200	0
VN170112	1	21	500	0
VN170114	1	21	-77	0
VN170118	1	21	-77	0
VN170126	1	21	50	0
VN170144	1	21	-77	0
VN180001	1	21	100	0
VN180002	1	21	78	0
VN180003	1	13	500	0
VN180003	2	21	300	0
VN180005	1	21	100	0
VN180006	1	21	60	0
VN180006	2	6	3600	0
VN180007	1	13	50	0
VN180007	2	14	50	0
VN180008	1	21	40	0
VN180016	1	21	150	0
VN180017	1	21	100	0
VN180018	1	21	80	0
VN180019	1	8	5400	0
VN180019	2	21	50	0
VN180020	1	21	300	0
VN180021	1	13	5000	0
VN180021	2	21	500	0
VN180023	1	21	500	0
VN180024	1	5	6000	0
VN180024	2	6	6000	0
VN180024	3	21	200	0
VN180025	1	21	200	0
VN180026	1	6	500	0
VN180026	2	5	200	0
VN180026	3	21	200	0
VN180027	1	21	500	0
VN180028	1	21	53	0
VN180029	1	6	15000	0
VN180029	2	13	5000	0
VN180029	3	21	2000	0
VN180030	1	21	1100	0
VN180031	1	21	200	0
VN180032	1	21	200	0
VN180033	1	21	300	500
VN180034	1	21	200	0
VN180035	1	21	16000	0
VN180035	2	21	70	0
VN180036	1	21	500	0
VN180037	1	21	-77	0
VN180039	1	21	200	0
VN180040	1	21	150	0
VN180040	2	1	1800	0
VN180042	1	21	12200	0
VN180043	1	21	1500	0
VN180044	1	21	300	0
VN180044	2	1	0	500
VN180045	1	21	30	0
VN180046	1	7	5000	0
VN180046	2	14	1000	0
VN180046	3	21	2000	0
VN180047	1	21	300	0
VN180047	2	6	3600	0
VN180048	1	21	350	0
VN180050	1	21	30	0
VN180051	1	5	1500	0
VN180051	2	21	500	0
VN180054	1	5	500	0
VN180054	2	19	300	0
VN180054	3	21	300	0
VN180055	1	6	16000	0
VN180055	2	5	8000	0
VN180055	3	21	1000	0
VN180055	4	14	3000	0
VN180056	1	21	50	0
VN180057	1	21	500	0
VN180057	2	5	7000	0
VN180058	1	21	46	0
VN180060	1	21	50	0
VN180061	1	21	100	0
VN180064	1	21	500	0
VN180064	2	7	3000	0
VN180065	1	13	1000	0
VN180065	2	21	100	0
VN180066	1	21	200	0
VN180067	1	21	550	0
VN180068	1	21	250	0
VN180069	1	5	1000	0
VN180069	2	14	0	200
VN180069	3	21	200	0
VN180071	1	21	200	0
VN180073	1	21	600	0
VN180074	1	21	1000	0
VN180075	1	21	150	50
VN180075	2	5	600	0
VN180076	1	14	5000	0
VN180076	2	21	1000	0
VN180077	1	21	1000	0
VN180078	1	21	300	0
VN180078	2	5	500	0
VN180078	3	6	500	0
VN180079	1	6	5000	0
VN180079	2	21	400	0
VN180080	1	13	400	50
VN180080	2	21	500	0
VN180081	1	6	1000	0
VN180081	2	21	200	0
VN180082	1	21	60	0
VN180083	1	21	40	0
VN180084	1	21	62	0
VN180085	1	21	50	0
VN180087	1	1	2000	0
VN180087	2	21	134	0
VN180088	1	21	250	0
VN180089	1	21	160	0
VN180090	1	21	64	-77
VN180091	1	21	700	0
VN180095	1	7	600	0
VN180095	2	21	200	0
VN180096	1	21	100	0
VN180098	1	21	150	0
VN180099	1	13	2000	0
VN180099	2	21	300	0
VN180100	1	21	50	0
VN180104	1	21	10	0
VN180105	1	21	50	0
VN180106	1	21	500	0
VN180107	1	21	200	0
VN180107	2	6	1500	0
VN180107	3	5	0	200
VN180110	1	21	120	0
VN180110	2	1	200	0
VN180112	1	21	50	0
VN180113	1	21	500	0
VN180117	1	13	2000	0
VN180117	2	21	300	0
VN180118	1	21	300	0
VN180121	1	7	400	0
VN180121	2	21	100	0
VN180123	1	21	60	0
VN190001	1	21	50	0
VN190002	1	21	20	0
VN190002	2	7	1200	200
VN190003	1	21	200	0
VN190004	1	21	10	0
VN190005	1	21	125	0
VN190006	1	21	140	0
VN190007	1	21	60	0
VN190008	1	21	20	0
VN190009	1	21	200	0
VN190010	1	21	350	0
VN190010	2	13	200	100
VN190011	1	21	50	0
VN190012	1	21	20	0
VN190013	1	21	50	0
VN190014	1	21	428	0
VN190015	1	13	1000	0
VN190015	2	5	1000	0
VN190016	1	21	90	0
VN190017	1	21	66	0
VN190018	1	21	60	0
VN190019	1	21	80	0
VN190020	1	21	45	0
VN190021	1	21	200	0
VN190022	1	21	80	0
VN190023	1	21	130	0
VN190024	1	21	10	0
VN190026	1	21	60	0
VN190027	1	21	150	0
VN190027	2	1	1200	0
VN190028	1	21	30	0
VN190029	1	21	100	0
VN190029	2	1	100	0
VN190030	1	21	120	0
VN190030	2	5	500	0
VN190030	3	6	500	0
VN190031	1	21	100	0
VN190031	2	1	200	0
VN190034	1	21	120	0
VN190035	1	21	50	0
VN190036	1	21	200	0
VN190037	1	21	10	0
VN190038	1	21	10	0
VN190039	1	21	20	0
VN190040	1	21	50	0
VN190042	1	21	20	0
VN190043	1	21	20	0
VN190043	2	6	1200	0
VN190044	1	21	70	0
VN190047	1	21	30	0
VN190051	1	21	80	0
VN190052	1	1	500	0
VN190052	2	21	50	0
VN190054	1	21	50	0
VN190056	1	1	300	0
VN190056	2	21	50	0
VN190057	1	21	50	0
VN190058	1	5	1000	0
VN190058	2	21	120	0
VN190059	1	21	40	0
VN190060	1	21	100	0
VN190061	1	21	320	0
VN190061	2	6	400	150
VN190063	1	21	30	0
VN190064	1	21	130	0
VN190064	2	13	300	0
VN190065	1	21	126	0
VN190066	1	21	30	0
VN190067	1	21	30	0
VN190068	1	5	50	0
VN190068	2	21	35	0
VN190069	1	21	100	0
VN190070	1	21	15	0
VN190071	1	21	100	0
VN190072	1	21	32	0
VN190074	1	21	35	0
VN190077	1	21	100	0
VN190077	2	6	300	0
VN190077	3	5	300	0
VN190079	1	21	50	0
VN190081	1	21	15	0
VN190082	1	21	60	-77
VN190083	1	21	140	0
VN190084	1	21	100	0
VN190087	1	21	65	0
VN190088	1	21	20	0
VN190088	2	1	300	0
VN190089	1	21	60	0
VN190090	1	21	100	0
VN190091	1	21	200	0
VN190092	1	21	100	0
VN190092	2	5	200	0
VN190093	1	21	60	0
VN190094	1	21	100	0
VN190095	1	21	20	0
VN190096	1	21	80	0
VN190097	1	21	35	0
VN190098	1	21	50	0
VN190099	1	21	120	0
VN190100	1	21	10	0
VN190105	1	21	50	0
VN190107	1	21	200	0
VN190112	1	21	30	0
VN190113	1	21	50	0
VN190115	1	21	250	0
VN190116	1	21	140	0
VN190116	2	6	500	0
VN190116	3	5	500	0
VN190118	1	21	50	0
VN190123	1	21	20	0
VN190130	1	21	50	10
VN190137	1	21	340	0
VN190137	2	6	2000	2400
VN190137	3	5	3000	2400
VN190139	1	21	120	0
VN200002	1	21	300	0
VN200003	1	21	400	0
VN200004	1	6	500	150
VN200004	2	13	400	0
VN200004	3	19	100	100
VN200004	4	21	600	0
VN200005	1	19	350	0
VN200005	2	21	200	0
VN200006	1	21	30	0
VN200009	1	21	50	0
VN200010	1	21	200	0
VN200012	1	19	700	100
VN200012	2	21	300	0
VN200012	3	13	550	0
VN200019	1	6	500	100
VN200019	2	13	0	100
VN200019	3	19	200	0
VN200019	4	21	200	0
VN200021	1	21	20	0
VN200022	1	21	140	0
VN200025	1	14	200	0
VN200025	2	19	400	50
VN200028	1	21	1500	0
VN200032	1	21	-77	0
VN200034	1	21	400	100
VN200034	2	19	200	0
VN200034	3	13	500	0
VN200035	1	14	100	0
VN200035	2	19	200	50
VN200035	3	21	200	0
VN200036	1	21	0	150
VN200039	1	19	100	50
VN200040	1	21	30	0
VN200041	1	21	3000	0
VN200042	1	21	100	0
VN200046	1	19	500	50
VN200046	2	21	350	100
VN200047	1	14	7000	0
VN200047	2	21	3000	0
VN200048	1	21	500	0
VN200052	1	21	200	0
VN200054	1	21	-77	0
VN200059	1	6	600	100
VN200059	2	19	200	50
VN200059	3	21	400	0
VN200060	1	6	1000	100
VN200060	2	14	300	0
VN200060	3	19	200	0
VN200060	4	21	500	0
VN200062	1	19	70	50
VN200062	2	21	50	20
VN200063	1	19	300	50
VN200063	2	15	50	200
VN200067	1	13	350	0
VN200067	2	19	700	100
VN200067	3	21	500	0
VN200069	1	13	400	0
VN200069	2	19	200	100
VN200069	3	21	500	0
VN200071	1	21	500	0
VN200071	2	19	100	100
VN200071	3	6	200	0
VN200073	1	14	100	0
VN200073	2	21	200	0
VN200075	1	21	300	0
VN200076	1	14	100	0
VN200076	2	5	200	100
VN200076	3	6	200	100
VN200076	4	13	100	0
VN200077	1	21	100	0
VN200079	1	14	100	0
VN200079	2	21	400	0
VN200079	3	19	300	100
VN200080	1	21	160	0
VN200081	1	19	600	160
VN200081	2	21	500	200
VN200083	1	19	200	50
VN200083	2	21	150	30
VN200085	1	5	600	200
VN200085	2	14	200	0
VN200085	3	19	300	100
VN200085	4	21	500	0
VN200086	1	21	200	0
VN200089	1	5	500	200
VN200089	2	19	400	100
VN200089	3	21	400	0
VN200090	1	21	50	0
VN200092	1	19	100	20
VN200093	1	21	6000	0
VN200099	1	21	-77	0
VN200100	1	21	50	0
VN200109	1	21	50	0
VN200112	1	21	300	0
VN200113	1	21	20	0
VN200115	1	21	200	0
VN200119	1	21	200	-77
VN200120	1	6	7000	0
VN200128	1	21	200	50
VN200128	2	19	300	100
VN200135	1	21	700	0
VN200135	2	14	200	0
VN200142	1	19	300	100
VN200142	2	21	500	50
VN200142	3	5	450	200
