CHILDID	GRPID	GROUP	IDGRP	YEARMEM	BENGRP1	BENGRP2	FRQATTEN	LEADMEM	YEARLEAD	PAREPOST	WHYJOIN	INFLNCE
VN010001	1	16	1	1990	8	6	3	1	2001	0	12	3
VN010001	2	23	2	1995	5	1	3	0	-88	88	88	88
VN010002	1	23	2	2004	4	88	3	0	-88	88	88	88
VN010005	1	23	2	1996	2	88	4	0	-88	88	88	88
VN010007	1	23	2	2005	3	4	3	0	-88	88	88	88
VN010008	1	24	1	2002	4	99	5	0	-88	88	88	88
VN010008	2	23	2	2005	5	99	4	0	-88	88	88	88
VN010009	1	24	1	2000	1	4	5	0	-88	88	88	88
VN010013	1	22	1	1987	8	88	4	0	-88	88	88	88
VN010013	2	23	2	1990	8	88	4	0	-88	88	88	88
VN010013	3	22	3	1992	8	88	4	1	2000	0	10	3
VN010013	4	22	4	1994	8	88	4	0	-88	88	88	88
VN010014	1	23	2	2006	4	88	3	0	-88	88	88	88
VN010015	1	23	2	2000	2	6	3	0	-88	88	88	88
VN010017	1	23	2	2005	2	88	3	0	-88	88	88	88
VN010018	1	23	2	2004	6	1	3	0	-88	88	88	88
VN010018	2	24	1	2001	1	6	3	0	-88	88	88	88
VN010019	1	23	2	2001	4	88	4	0	-88	88	88	88
VN010019	2	24	1	2000	3	88	4	0	-88	88	88	88
VN010020	1	28	3	-77	3	88	5	0	-88	88	88	88
VN010022	1	23	2	2005	3	88	4	0	-88	88	88	88
VN010025	1	23	2	2003	4	6	3	0	-88	88	88	88
VN010027	1	22	3	1997	8	88	4	0	-88	88	88	88
VN010027	2	22	4	1999	8	88	4	0	-88	88	88	88
VN010027	3	16	3	1997	5	88	3	1	2005	0	14	3
VN010027	4	16	4	1999	5	88	3	0	-88	88	88	88
VN010029	1	23	2	2002	3	4	3	0	-88	88	88	88
VN010030	1	23	1	2004	1	6	3	0	-88	88	88	88
VN010031	1	24	2	1987	1	99	4	0	-88	88	88	88
VN010031	2	23	3	1987	2	99	4	0	-88	88	88	88
VN010033	1	24	1	2003	2	6	4	0	-88	88	88	88
VN010036	2	22	1	1997	4	88	3	0	-88	88	88	88
VN010038	1	22	2	2003	5	88	5	0	-88	88	88	88
VN010038	2	23	2	2004	2	88	4	0	-88	88	88	88
VN010040	1	22	3	1998	4	88	3	0	-88	88	88	88
VN010040	2	23	4	2004	2	88	3	0	-88	88	88	88
VN010042	1	23	2	2004	4	6	5	0	-88	88	88	88
VN010044	1	22	2	1999	4	6	3	0	-88	88	88	88
VN010044	2	23	4	2000	2	4	3	0	-88	88	88	88
VN010048	1	23	2	2002	2	88	3	0	-88	88	88	88
VN010049	1	23	2	1998	2	88	3	0	-88	88	88	88
VN010050	1	23	2	1997	1	6	3	0	-88	88	88	88
VN010052	1	23	2	2001	6	1	3	0	-88	88	88	88
VN010056	1	24	1	1999	2	88	4	0	-88	88	88	88
VN010056	2	23	2	2000	2	88	4	0	-88	88	88	88
VN010058	1	23	2	2004	2	1	3	0	-88	88	88	88
VN010060	1	23	2	2002	4	88	3	0	-88	88	88	88
VN010064	1	23	2	2003	3	88	3	0	-88	88	88	88
VN010068	1	23	2	1993	11	99	5	0	-88	88	88	88
VN010073	1	23	2	2001	4	6	3	0	-88	88	88	88
VN010075	1	23	2	2000	2	88	3	0	-88	88	88	88
VN010076	1	23	3	1986	8	88	4	0	-88	88	88	88
VN010079	1	23	2	2003	4	6	3	0	-88	88	88	88
VN010080	1	23	2	2006	3	4	3	0	-88	88	88	88
VN010081	1	23	2	2000	4	6	3	0	-88	88	88	88
VN010081	2	24	1	2003	2	4	4	0	-88	88	88	88
VN010082	1	23	2	2003	4	88	3	0	-88	88	88	88
VN010083	1	23	2	2001	2	99	3	0	-88	88	88	88
VN010088	1	23	2	2002	4	6	3	0	-88	88	88	88
VN010091	1	23	2	2004	4	6	3	0	-88	88	88	88
VN010092	1	23	2	2006	2	99	4	0	-88	88	88	88
VN010097	1	23	2	2003	4	6	3	0	-88	88	88	88
VN010100	1	23	4	2003	6	4	3	0	-88	88	88	88
VN010100	2	24	1	1998	2	6	5	0	-88	88	88	88
VN010104	1	18	80	1999	5	88	5	0	-88	88	88	88
VN010118	1	24	1	2003	1	6	5	0	-88	88	88	88
VN010121	1	23	2	2005	3	88	3	0	-88	88	88	88
VN010122	1	23	2	2002	3	4	2	0	-88	88	88	88
VN020017	1	28	1	1998	3	4	3	0	-88	88	88	88
VN020019	1	23	2	2000	5	3	3	0	-88	88	88	88
VN020019	2	24	1	2000	4	88	3	0	-88	88	88	88
VN020036	1	23	2	2001	3	6	3	0	-88	88	88	88
VN020037	1	10	2	2006	6	88	3	0	-88	88	88	88
VN020067	1	28	1	1989	5	88	4	0	-88	88	88	88
VN020070	1	28	1	1994	7	88	3	1	1995	0	16	3
VN020078	1	23	2	2006	2	88	5	0	-88	88	88	88
VN020080	1	23	2	2002	5	88	5	0	-88	88	88	88
VN020096	1	23	2	2002	5	88	77	0	-88	88	88	88
VN020100	1	23	2	2000	6	2	5	0	-88	88	88	88
VN020106	1	28	1	-77	4	5	3	0	-88	88	88	88
VN020114	1	23	2	2002	3	88	3	0	-88	88	88	88
VN020117	1	23	1	2005	2	88	4	0	-88	88	88	88
VN020131	1	23	2	2004	2	6	3	0	-88	88	88	88
VN030001	1	24	5	2000	3	4	3	0	-88	88	88	88
VN030003	1	24	2	2003	4	6	5	0	-88	88	88	88
VN030009	1	23	2	2005	3	88	3	0	-88	88	88	88
VN030011	1	23	2	2002	4	6	4	0	-88	88	88	88
VN030012	1	23	4	2003	4	6	4	0	-88	88	88	88
VN030013	1	23	5	2003	4	6	4	0	-88	88	88	88
VN030014	1	5	4	2002	2	4	5	0	-88	88	88	88
VN030014	2	23	5	2004	4	6	4	0	-88	88	88	88
VN030015	1	23	2	2001	3	88	4	0	-88	88	88	88
VN030016	1	23	4	2000	4	88	4	0	-88	88	88	88
VN030018	1	23	1	2000	4	6	4	0	-88	88	88	88
VN030021	1	23	2	2004	2	4	4	0	-88	88	88	88
VN030025	1	23	2	2000	4	6	4	0	-88	88	88	88
VN030029	1	24	1	1999	4	6	5	0	-88	88	88	88
VN030030	1	22	1	1994	8	99	3	1	2005	0	6	3
VN030030	2	23	2	2000	2	99	4	0	-88	88	88	88
VN030037	1	23	2	2000	2	99	4	0	-88	88	88	88
VN030039	1	23	4	2003	3	88	3	0	-88	88	88	88
VN030040	1	23	5	2000	1	3	1	1	2003	1	8	2
VN030042	1	23	3	2000	4	88	3	0	-88	88	88	88
VN030042	2	24	2	2005	4	88	3	0	-88	88	88	88
VN030043	1	23	2	1999	2	4	4	0	-88	88	88	88
VN030044	1	23	2	2004	2	4	4	0	-88	88	88	88
VN030046	1	23	2	2002	4	6	4	0	-88	88	88	88
VN030048	1	23	2	2003	4	6	4	0	-88	88	88	88
VN030049	1	23	2	2005	2	99	3	0	-88	88	88	88
VN030050	1	23	2	2002	2	4	4	0	-88	88	88	88
VN030052	1	23	2	2002	4	6	4	0	-88	88	88	88
VN030053	1	23	2	2000	5	88	4	0	-88	88	88	88
VN030055	1	23	2	2002	2	4	4	0	-88	88	88	88
VN030056	1	23	1	2000	4	6	4	0	-88	88	88	88
VN030058	1	23	2	1994	3	88	3	0	-88	88	88	88
VN030063	2	23	2	2002	3	88	4	0	-88	88	88	88
VN030066	1	23	2	2001	2	99	3	0	-88	88	88	88
VN030067	1	23	2	2005	3	88	3	0	-88	88	88	88
VN030069	1	23	2	2003	2	4	4	0	-88	88	88	88
VN030071	1	23	2	2002	4	3	3	1	2002	0	6	2
VN030073	1	28	1	2000	2	4	3	0	-88	88	88	88
VN030074	1	23	2	2001	2	99	4	0	-88	88	88	88
VN030074	2	16	3	2006	4	99	3	0	-88	88	88	88
VN030075	1	23	2	2001	3	4	3	0	-88	88	88	88
VN030077	1	23	6	2006	3	88	3	0	-88	88	88	88
VN030078	1	24	1	2003	2	6	3	0	-88	88	88	88
VN030078	2	23	2	2002	4	6	4	0	-88	88	88	88
VN030079	1	23	2	2003	4	6	4	0	-88	88	88	88
VN030081	1	23	2	2001	3	88	3	0	-88	88	88	88
VN030086	1	16	5	2003	8	88	3	0	-88	88	88	88
VN030086	2	20	1	2001	8	88	3	0	-88	88	88	88
VN030086	3	23	2	2003	8	88	4	0	-88	88	88	88
VN030087	1	23	6	2003	4	6	4	0	-88	88	88	88
VN030089	1	23	2	2002	2	4	4	0	-88	88	88	88
VN030092	1	23	2	1999	2	4	4	0	-88	88	88	88
VN030093	1	23	2	2004	2	99	4	0	-88	88	88	88
VN030094	1	23	2	2003	2	4	4	0	-88	88	88	88
VN030097	1	23	3	2005	4	88	3	0	-88	88	88	88
VN030097	2	28	1	2006	3	88	3	0	-88	88	88	88
VN030120	1	23	2	1992	4	88	4	0	-88	88	88	88
VN030127	1	23	2	2005	4	99	4	0	-88	88	88	88
VN030130	1	23	3	2004	2	4	4	0	-88	88	88	88
VN030132	1	28	1	1997	4	99	4	0	-88	88	88	88
VN030138	1	23	2	2003	4	88	4	0	-88	88	88	88
VN030138	2	22	1	1995	5	88	3	0	-88	88	88	88
VN030139	1	23	3	2003	2	4	4	0	-88	88	88	88
VN040001	1	23	2	2004	11	88	5	0	-88	88	88	88
VN040002	1	23	2	2005	3	88	3	0	-88	88	88	88
VN040004	1	23	2	2006	5	3	3	0	-88	88	88	88
VN040006	1	23	2	2004	2	88	5	0	-88	88	88	88
VN040007	1	23	2	2006	5	88	3	0	-88	88	88	88
VN040015	1	23	2	2006	11	4	4	0	-88	88	88	88
VN040022	1	2	2	2006	3	88	4	0	-88	88	88	88
VN040025	1	23	2	2006	3	5	5	0	-88	88	88	88
VN040030	1	23	2	2006	2	88	4	0	-88	88	88	88
VN040031	1	23	2	2001	3	5	4	0	-88	88	88	88
VN040032	1	23	2	2005	3	1	4	0	-88	88	88	88
VN040033	1	23	2	2006	3	88	3	0	-88	88	88	88
VN040048	1	23	2	2002	3	2	4	0	-88	88	88	88
VN040049	1	23	2	2006	2	6	3	0	-88	88	88	88
VN040050	1	23	2	2006	3	88	3	0	-88	88	88	88
VN040053	1	23	2	2003	3	88	4	0	-88	88	88	88
VN040055	1	23	2	2005	3	88	4	0	-88	88	88	88
VN040059	1	23	2	2000	3	2	4	0	-88	88	88	88
VN040065	1	23	2	2000	3	99	3	0	-88	88	88	88
VN040076	1	24	1	2004	3	88	77	0	-88	88	88	88
VN040077	1	18	80	1991	8	88	3	0	-88	88	88	88
VN040080	1	23	2	1998	4	6	4	0	-88	88	88	88
VN040081	1	23	2	2006	7	2	3	0	-88	88	88	88
VN040082	1	24	1	1997	5	3	4	0	-88	88	88	88
VN040088	1	23	2	2004	2	88	5	0	-88	88	88	88
VN040090	1	23	2	2004	3	4	3	0	-88	88	88	88
VN040090	2	28	1	2001	3	4	4	0	-88	88	88	88
VN040100	1	23	2	2004	1	6	4	0	-88	88	88	88
VN040119	1	23	2	2001	3	88	4	0	-88	88	88	88
VN040122	1	23	2	2006	8	88	3	0	-88	88	88	88
VN050002	1	23	4	2005	4	88	3	0	-88	88	88	88
VN050005	1	28	1	2003	4	8	5	0	-88	88	88	88
VN050006	1	18	2	1979	8	88	3	0	-88	88	88	88
VN050006	2	22	1	1986	6	88	3	0	-88	88	88	88
VN050006	3	28	2	2000	1	6	3	0	-88	88	88	88
VN050007	1	28	2	2004	5	88	3	0	-88	88	88	88
VN050009	1	28	3	2000	1	6	3	0	-88	88	88	88
VN050010	1	23	1	1990	4	3	3	0	-88	88	88	88
VN050011	1	23	3	2006	3	88	5	0	-88	88	88	88
VN050012	1	22	2	1999	8	6	3	0	-88	88	88	88
VN050012	2	23	2	1999	8	6	3	0	-88	88	88	88
VN050013	1	23	2	2001	2	8	3	0	-88	88	88	88
VN050013	2	28	2	2000	1	5	3	0	-88	88	88	88
VN050014	1	23	5	2003	3	4	5	0	-88	88	88	88
VN050016	1	18	1	1981	8	88	2	0	-88	88	88	88
VN050017	1	23	1	2006	3	4	4	0	-88	88	88	88
VN050018	1	28	2	2006	5	88	3	0	-88	88	88	88
VN050019	1	18	1	1960	8	6	3	0	-88	88	88	88
VN050019	2	28	1	1990	4	88	5	0	-88	88	88	88
VN050021	1	18	1	1980	8	4	3	0	-88	88	88	88
VN050022	1	18	3	1979	8	88	5	0	-88	88	88	88
VN050023	1	23	2	2005	3	88	5	0	-88	88	88	88
VN050023	2	28	2	2005	1	88	3	0	-88	88	88	88
VN050024	1	23	2	1997	8	2	3	0	-88	88	88	88
VN050025	1	23	2	1990	4	3	4	0	-88	88	88	88
VN050025	2	18	1	-77	6	4	1	0	-88	88	88	88
VN050026	1	28	6	2004	1	5	3	0	-88	88	88	88
VN050034	1	28	2	1999	1	6	3	0	-88	88	88	88
VN050036	1	22	2	1995	4	88	3	0	-88	88	88	88
VN050037	1	16	3	2003	4	88	3	1	2004	0	16	3
VN050038	1	18	3	1996	4	7	2	0	-88	88	88	88
VN050044	1	22	3	1990	4	88	3	0	-88	88	88	88
VN050046	1	28	1	2003	7	8	3	0	-88	88	88	88
VN050047	1	28	1	2000	4	8	3	0	-88	88	88	88
VN050048	1	22	2	1991	4	6	3	1	2005	0	2	2
VN050049	1	28	1	1997	4	88	4	0	-88	88	88	88
VN050054	1	23	2	1996	3	88	3	0	-88	88	88	88
VN050055	1	18	1	1976	8	88	5	0	-88	88	88	88
VN050055	2	28	2	2003	5	88	3	0	-88	88	88	88
VN050058	1	18	2	1974	8	88	2	0	-88	88	88	88
VN050061	1	28	1	2000	8	5	3	0	-88	88	88	88
VN050066	1	23	2	2003	2	8	3	0	-88	88	88	88
VN050068	1	23	2	2004	4	3	3	0	-88	88	88	88
VN050069	1	28	2	1986	5	1	3	0	-88	88	88	88
VN050073	1	28	1	1999	8	7	3	1	2003	0	15	3
VN050073	2	28	2	1999	8	7	3	0	-88	88	88	88
VN050075	1	28	2	2004	11	4	3	0	-88	88	88	88
VN050075	2	28	2	2004	6	4	3	0	-88	88	88	88
VN050075	3	18	2	1985	6	88	1	0	-88	88	88	88
VN050077	1	23	2	1998	4	3	3	1	1998	0	5	2
VN050077	2	18	2	-77	4	88	3	0	-88	88	88	88
VN050080	1	10	8	2004	7	88	3	0	-88	88	88	88
VN050082	1	28	1	1967	6	88	3	0	-88	88	88	88
VN050082	2	18	1	2001	5	8	3	0	-88	88	88	88
VN050083	1	23	2	1990	3	88	5	0	-88	88	88	88
VN050084	1	18	1	-77	8	88	3	0	-88	88	88	88
VN050091	1	28	2	2005	8	88	3	0	-88	88	88	88
VN050092	1	24	1	2003	3	88	3	0	-88	88	88	88
VN050092	2	23	2	1999	4	88	3	0	-88	88	88	88
VN050093	1	24	3	2003	4	88	4	0	-88	88	88	88
VN050093	2	28	3	2000	6	88	3	0	-88	88	88	88
VN050093	3	23	1	1980	5	88	5	0	-88	88	88	88
VN050093	4	28	1	2004	5	88	5	0	-88	88	88	88
VN050094	1	28	4	2003	5	1	2	0	-88	88	88	88
VN050095	1	23	3	2003	4	3	5	0	-88	88	88	88
VN050096	1	23	2	2003	4	6	3	0	-88	88	88	88
VN050097	1	28	2	2003	5	1	3	0	-88	88	88	88
VN050100	1	28	4	2003	5	1	3	0	-88	88	88	88
VN050102	1	18	1	1974	8	4	3	0	-88	88	88	88
VN050104	1	23	5	2003	3	4	3	0	-88	88	88	88
VN050104	2	28	4	2000	8	5	3	0	-88	88	88	88
VN050108	1	23	4	2005	3	88	3	0	-88	88	88	88
VN050115	1	28	2	2004	1	88	3	0	-88	88	88	88
VN050117	1	28	1	2003	1	5	3	0	-88	88	88	88
VN060004	1	23	2	2000	2	8	3	0	-88	88	88	88
VN060012	1	23	2	2006	4	5	4	0	-88	88	88	88
VN060015	1	23	3	2000	5	7	3	0	-88	88	88	88
VN060015	2	18	2	1986	6	8	2	0	-88	88	88	88
VN060020	1	23	2	1976	6	88	4	0	-88	88	88	88
VN060020	2	22	3	1997	4	6	4	0	-88	88	88	88
VN060025	1	22	2	2004	4	5	5	0	-88	88	88	88
VN060028	1	28	3	1996	7	8	3	0	-88	88	88	88
VN060028	2	23	5	2001	4	6	4	0	-88	88	88	88
VN060031	1	23	2	2003	5	7	4	0	-88	88	88	88
VN060036	1	23	3	2003	3	5	3	0	-88	88	88	88
VN060050	1	23	3	2001	6	8	3	0	-88	88	88	88
VN060051	1	23	2	2001	8	2	3	0	-88	88	88	88
VN060052	1	23	2	2005	5	88	3	0	-88	88	88	88
VN060056	1	23	2	2002	4	5	3	0	-88	88	88	88
VN060056	2	28	1	1998	4	5	3	1	2005	0	9	2
VN060057	1	23	2	2002	5	7	3	0	-88	88	88	88
VN060058	1	23	2	2003	3	4	3	0	-88	88	88	88
VN060061	1	23	3	2005	4	5	3	0	-88	88	88	88
VN060062	1	23	2	2000	2	6	4	0	-88	88	88	88
VN060065	1	22	2	1989	3	4	3	0	-88	88	88	88
VN060068	1	24	1	2004	4	5	3	0	-88	88	88	88
VN060068	2	23	2	2003	5	88	3	0	-88	88	88	88
VN060074	1	28	1	2005	5	6	3	0	-88	88	88	88
VN060075	1	23	4	2003	5	4	3	0	-88	88	88	88
VN060076	1	23	4	2005	5	88	5	0	-88	88	88	88
VN060077	1	28	1	1996	5	6	2	1	2003	0	2	3
VN060080	1	24	1	2003	4	88	3	0	-88	88	88	88
VN060081	1	18	1	1956	8	88	3	0	-88	88	88	88
VN060081	2	22	2	1990	4	6	3	0	-88	88	88	88
VN060081	3	22	3	1990	4	6	3	0	-88	88	88	88
VN060085	1	22	2	1980	4	5	3	0	-88	88	88	88
VN060085	2	23	2	2002	6	4	4	0	-88	88	88	88
VN060086	1	23	2	1994	4	8	4	0	-88	88	88	88
VN060091	1	16	1	2003	7	88	4	0	-88	88	88	88
VN060097	1	28	1	2004	6	88	3	0	-88	88	88	88
VN060098	1	24	1	2000	2	8	3	0	-88	88	88	88
VN060099	1	23	2	2003	3	5	3	0	-88	88	88	88
VN060104	1	28	1	1998	5	88	4	0	-88	88	88	88
VN060108	1	23	4	2004	4	3	3	0	-88	88	88	88
VN060127	1	23	1	2006	5	88	3	0	-88	88	88	88
VN060127	2	28	3	2005	7	88	4	0	-88	88	88	88
VN070002	1	24	1	1985	4	88	5	0	-88	88	88	88
VN070003	1	23	3	2001	3	88	5	0	-88	88	88	88
VN070003	2	28	1	2002	4	88	5	0	-88	88	88	88
VN070003	3	28	3	2005	11	88	3	0	-88	88	88	88
VN070005	1	23	1	2002	3	88	5	0	-88	88	88	88
VN070008	1	24	1	2000	4	88	5	0	-88	88	88	88
VN070019	1	28	1	2006	4	8	4	0	-88	88	88	88
VN070019	2	23	2	1994	4	8	3	0	-88	88	88	88
VN070031	1	24	1	2000	3	4	5	0	-88	88	88	88
VN070031	2	23	2	2003	4	88	5	0	-88	88	88	88
VN070031	3	11	4	1986	4	88	3	0	-88	88	88	88
VN070031	4	16	7	2003	4	88	3	0	-88	88	88	88
VN070032	1	23	1	1996	4	88	5	0	-88	88	88	88
VN070032	2	24	2	1998	4	88	5	0	-88	88	88	88
VN070039	1	23	2	2004	7	88	6	0	-88	88	88	88
VN070040	1	23	2	2003	7	88	6	0	-88	88	88	88
VN070040	2	24	1	1990	4	88	5	0	-88	88	88	88
VN070043	1	28	6	2005	1	88	3	0	-88	88	88	88
VN070045	1	28	2	2003	1	88	3	0	-88	88	88	88
VN070050	1	23	3	2003	7	88	4	0	-88	88	88	88
VN070050	2	16	7	2005	7	88	5	0	-88	88	88	88
VN070051	1	24	1	2003	4	88	4	0	-88	88	88	88
VN070052	1	16	3	2006	4	99	3	0	-88	88	88	88
VN070053	1	23	3	2000	7	88	4	1	2006	0	2	0
VN070053	2	28	1	1997	7	88	6	0	-88	88	88	88
VN070058	1	23	2	1992	2	4	4	0	-88	88	88	88
VN070058	2	24	1	2004	2	4	4	0	-88	88	88	88
VN070059	1	23	1	2003	6	88	5	0	-88	88	88	88
VN070060	1	22	3	1990	5	2	4	0	-88	88	88	88
VN070060	2	24	1	1990	2	7	6	0	-88	88	88	88
VN070063	1	28	1	1990	7	88	3	0	-88	88	88	88
VN070067	1	5	1	1985	4	2	3	0	-88	88	88	88
VN070067	2	23	2	1990	2	4	2	0	-88	88	88	88
VN070067	3	11	5	2003	8	88	2	0	-88	88	88	88
VN070068	1	23	3	2004	11	88	77	0	-88	88	88	88
VN070069	1	23	1	2001	3	4	5	0	-88	88	88	88
VN070072	1	23	9	2003	4	88	6	0	-88	88	88	88
VN070078	1	23	2	2003	4	88	5	0	-88	88	88	88
VN070083	1	28	4	2003	1	88	3	0	-88	88	88	88
VN070084	1	28	2	2004	1	88	3	0	-88	88	88	88
VN070085	1	22	1	2004	7	88	4	0	-88	88	88	88
VN070085	2	28	1	2002	6	88	4	0	-88	88	88	88
VN070085	3	16	3	2004	7	88	2	0	-88	88	88	88
VN070086	1	22	5	1988	4	6	5	0	-88	88	88	88
VN070091	1	16	4	2005	4	88	4	0	-88	88	88	88
VN070095	1	23	3	2000	4	2	4	0	-88	88	88	88
VN070097	1	28	1	1999	7	88	4	0	-88	88	88	88
VN070097	2	24	1	2003	4	88	3	0	-88	88	88	88
VN070097	3	28	1	2002	7	88	4	0	-88	88	88	88
VN070097	4	23	2	2002	4	88	6	0	-88	88	88	88
VN070102	1	23	2	1980	2	3	5	0	-88	88	88	88
VN070102	2	24	1	1980	2	3	5	0	-88	88	88	88
VN070107	1	23	3	2004	4	8	5	0	-88	88	88	88
VN070124	1	23	4	2000	3	4	4	1	2005	0	1	2
VN070124	2	28	1	1996	4	7	5	0	-88	88	88	88
VN070125	1	22	2	1998	3	88	3	0	-88	88	88	88
VN080004	1	23	2	2004	3	88	3	0	-88	88	88	88
VN080005	1	23	2	2005	3	4	3	0	-88	88	88	88
VN080006	1	23	1	1997	4	5	1	1	2006	0	2	3
VN080006	2	24	2	1999	4	88	3	0	-88	88	88	88
VN080008	1	23	2	2005	7	4	4	0	-88	88	88	88
VN080009	1	23	2	2001	4	5	3	0	-88	88	88	88
VN080011	1	23	2	2003	5	88	5	0	-88	88	88	88
VN080012	1	23	2	2001	2	4	3	0	-88	88	88	88
VN080013	1	23	4	2003	5	8	4	0	-88	88	88	88
VN080016	1	22	3	2002	4	88	3	0	-88	88	88	88
VN080017	1	23	2	2005	4	88	3	0	-88	88	88	88
VN080018	1	16	1	2000	6	4	2	0	-88	88	88	88
VN080020	1	22	2	2003	5	8	3	0	-88	88	88	88
VN080021	1	23	2	2005	4	8	4	0	-88	88	88	88
VN080022	1	18	0	-77	8	88	2	0	-88	88	88	88
VN080022	2	18	3	-77	8	88	2	0	-88	88	88	88
VN080022	3	18	4	-77	8	88	2	0	-88	88	88	88
VN080026	1	28	3	2000	6	8	4	0	-88	88	88	88
VN080026	2	28	4	2000	6	8	4	0	-88	88	88	88
VN080026	3	23	2	2006	3	4	3	0	-88	88	88	88
VN080029	1	24	1	1992	4	88	3	0	-88	88	88	88
VN080030	1	23	2	2003	7	5	4	0	-88	88	88	88
VN080030	2	24	1	2004	4	6	3	0	-88	88	88	88
VN080035	1	23	4	2006	5	88	3	0	-88	88	88	88
VN080036	1	23	4	2004	5	88	3	0	-88	88	88	88
VN080036	2	24	3	2002	4	88	3	0	-88	88	88	88
VN080038	1	24	2	1992	2	8	3	0	-88	88	88	88
VN080038	2	23	3	1995	4	8	3	0	-88	88	88	88
VN080042	1	23	2	2006	7	88	4	0	-88	88	88	88
VN080048	1	16	3	2003	4	7	5	0	-88	88	88	88
VN080048	2	16	4	2005	4	88	5	0	-88	88	88	88
VN080055	1	16	1	1996	6	7	3	1	2003	0	2	3
VN080059	1	23	1	2002	5	88	3	0	-88	88	88	88
VN080061	1	23	2	2005	4	5	4	0	-88	88	88	88
VN080062	1	28	3	2003	7	88	2	0	-88	88	88	88
VN080064	1	23	2	2000	11	88	3	0	-88	88	88	88
VN080064	2	28	3	2006	11	88	2	0	-88	88	88	88
VN080066	1	20	3	2003	7	88	1	0	-88	88	88	88
VN080068	1	23	2	2003	7	4	4	0	-88	88	88	88
VN080069	1	23	4	1996	7	88	5	0	-88	88	88	88
VN080072	1	24	1	2006	4	88	3	0	-88	88	88	88
VN080072	2	28	2	2005	4	88	4	0	-88	88	88	88
VN080075	1	22	2	2000	8	4	3	0	-88	88	88	88
VN080076	1	23	3	1999	4	3	3	0	-88	88	88	88
VN080082	1	23	3	2004	4	7	3	0	-88	88	88	88
VN080082	2	24	2	2000	4	5	3	0	-88	88	88	88
VN080082	3	28	2	1999	2	5	3	0	-88	88	88	88
VN080083	1	23	1	2004	6	4	3	0	-88	88	88	88
VN080084	1	23	3	2001	1	8	3	0	-88	88	88	88
VN080087	1	16	3	2006	4	88	3	0	-88	88	88	88
VN080090	1	23	2	2000	4	8	3	0	-88	88	88	88
VN080091	1	23	1	2001	4	5	3	0	-88	88	88	88
VN080092	1	28	1	2000	5	7	3	0	-88	88	88	88
VN080092	2	28	2	2005	5	7	3	0	-88	88	88	88
VN080092	3	22	4	-77	6	11	3	1	2005	0	2	2
VN080093	1	20	1	2004	7	88	1	0	-88	88	88	88
VN080119	1	22	2	2006	4	88	3	0	-88	88	88	88
VN080119	2	18	1	-77	8	88	2	0	-88	88	88	88
VN080120	1	23	1	2005	3	4	4	0	-88	88	88	88
VN080132	1	8	1	2003	5	4	3	0	-88	88	88	88
VN080132	2	24	1	2005	2	5	3	0	-88	88	88	88
VN080142	1	28	1	2003	7	5	3	0	-88	88	88	88
VN080142	2	28	2	2003	7	5	3	0	-88	88	88	88
VN080142	3	23	3	2002	3	6	3	0	-88	88	88	88
VN080150	1	28	1	1997	4	8	4	0	-88	88	88	88
VN080154	1	23	4	2005	2	8	3	0	-88	88	88	88
VN080154	2	24	1	1986	8	2	3	1	1987	0	2	2
VN080165	1	20	3	2006	7	88	5	0	-88	88	88	88
VN090001	1	6	3	2000	5	4	4	1	2006	0	3	2
VN090002	1	23	1	2000	3	99	4	0	-88	88	88	88
VN090002	2	24	2	1999	3	99	5	0	-88	88	88	88
VN090003	1	23	4	2002	3	4	4	0	-88	88	88	88
VN090003	2	24	1	1978	3	4	3	0	-88	88	88	88
VN090004	1	23	2	2002	5	99	4	0	-88	88	88	88
VN090004	2	24	1	2003	5	99	4	0	-88	88	88	88
VN090005	1	23	3	2002	5	88	4	0	-88	88	88	88
VN090006	1	23	2	2001	4	5	3	0	-88	88	88	88
VN090006	2	28	1	2004	8	4	4	1	2006	0	12	3
VN090007	1	23	2	1996	7	99	4	0	-88	88	88	88
VN090007	2	24	1	2000	7	99	3	0	-88	88	88	88
VN090008	1	6	80	1999	6	88	5	0	-88	88	88	88
VN090008	2	23	2	2000	4	88	3	0	-88	88	88	88
VN090009	1	23	4	2005	1	7	3	0	-88	88	88	88
VN090010	1	23	3	1996	4	88	3	0	-88	88	88	88
VN090012	1	23	1	1999	3	88	4	0	-88	88	88	88
VN090012	2	24	2	2003	3	88	6	0	-88	88	88	88
VN090013	1	23	2	2000	8	5	3	0	-88	88	88	88
VN090014	1	23	2	1999	1	99	4	0	-88	88	88	88
VN090014	2	24	1	2000	1	99	4	0	-88	88	88	88
VN090015	1	24	1	2003	4	88	4	0	-88	88	88	88
VN090015	2	23	2	2003	4	88	4	0	-88	88	88	88
VN090017	1	23	3	1990	7	99	5	1	1998	0	12	0
VN090017	2	24	2	1990	7	99	5	0	-88	88	88	88
VN090018	1	5	1	2001	5	4	4	0	-88	88	88	88
VN090020	1	23	2	2000	4	88	4	0	-88	88	88	88
VN090020	2	24	1	2003	4	6	6	0	-88	88	88	88
VN090020	3	16	1	2001	4	6	4	1	2001	0	9	3
VN090021	1	23	2	1992	7	99	4	0	-88	88	88	88
VN090021	2	24	1	1990	7	99	4	0	-88	88	88	88
VN090024	1	6	80	2000	4	5	4	0	-88	88	88	88
VN090025	1	23	3	2003	5	88	4	0	-88	88	88	88
VN090026	1	23	1	2002	5	88	4	0	-88	88	88	88
VN090026	2	24	2	2003	5	88	6	0	-88	88	88	88
VN090027	1	23	3	1996	7	88	5	0	-88	88	88	88
VN090027	2	24	5	1997	7	88	5	0	-88	88	88	88
VN090028	1	23	1	2003	5	88	4	0	-88	88	88	88
VN090032	1	23	4	1997	7	88	5	0	-88	88	88	88
VN090032	2	24	3	1996	7	88	5	0	-88	88	88	88
VN090034	1	5	3	1999	5	4	4	0	-88	88	88	88
VN090036	1	5	2	2001	4	5	4	0	-88	88	88	88
VN090037	1	5	2	2001	4	88	4	0	-88	88	88	88
VN090043	1	5	1	1996	4	5	3	0	-88	88	88	88
VN090057	1	23	3	1997	7	88	5	0	-88	88	88	88
VN090057	2	24	2	1996	3	4	5	0	-88	88	88	88
VN090058	1	5	3	1996	5	99	4	0	-88	88	88	88
VN090059	1	5	1	2000	4	88	3	0	-88	88	88	88
VN090060	1	5	1	1991	4	5	4	0	-88	88	88	88
VN090066	1	23	2	1999	7	88	4	0	-88	88	88	88
VN090066	2	24	1	1998	7	88	4	0	-88	88	88	88
VN090067	1	23	2	1994	7	88	4	0	-88	88	88	88
VN090067	2	24	1	1993	7	88	4	0	-88	88	88	88
VN090069	1	28	3	2004	4	8	3	1	2002	0	12	2
VN090070	1	5	1	2006	4	88	4	0	-88	88	88	88
VN090075	1	5	3	2001	5	88	5	0	-88	88	88	88
VN090079	1	5	1	2000	4	5	4	0	-88	88	88	88
VN090080	1	16	1	2004	1	8	2	0	-88	88	88	88
VN090085	1	24	3	1992	7	88	5	0	-88	88	88	88
VN090087	1	10	1	2000	8	1	3	0	-88	88	88	88
VN090091	1	5	2	2000	4	5	2	0	-88	88	88	88
VN090093	1	24	1	1995	3	4	1	1	2000	0	8	3
VN090094	1	5	2	2000	4	5	4	0	-88	88	88	88
VN090097	1	28	2	1991	4	5	2	1	2001	0	2	3
VN090098	1	23	2	2000	2	6	4	0	-88	88	88	88
VN090098	2	24	1	2002	2	5	4	0	-88	88	88	88
VN090101	1	23	1	2000	5	88	4	0	-88	88	88	88
VN090121	1	5	2	2000	4	88	5	0	-88	88	88	88
VN090125	1	5	1	1998	4	5	4	0	-88	88	88	88
VN100002	1	23	1	2000	5	88	4	0	-88	88	88	88
VN100003	1	23	2	2000	4	88	4	0	-88	88	88	88
VN100004	1	23	2	1991	5	88	4	0	-88	88	88	88
VN100004	2	28	1	1992	5	88	4	0	-88	88	88	88
VN100007	1	28	1	2004	1	8	3	0	-88	88	88	88
VN100007	2	23	2	2002	6	88	4	0	-88	88	88	88
VN100008	1	18	80	1991	8	88	2	0	-88	88	88	88
VN100010	1	23	2	2000	4	88	4	0	-88	88	88	88
VN100010	2	24	1	2000	4	88	4	0	-88	88	88	88
VN100011	1	23	1	2003	4	88	4	0	-88	88	88	88
VN100012	1	23	2	2006	5	88	4	0	-88	88	88	88
VN100013	1	23	2	2002	5	88	4	0	-88	88	88	88
VN100013	2	24	1	2000	5	88	4	0	-88	88	88	88
VN100014	1	23	2	2001	4	88	4	0	-88	88	88	88
VN100015	1	22	1	2006	6	8	4	0	-88	88	88	88
VN100015	2	22	2	2006	6	8	4	0	-88	88	88	88
VN100015	3	23	2	2006	6	88	3	0	-88	88	88	88
VN100016	1	23	2	2003	4	88	4	0	-88	88	88	88
VN100017	1	23	2	1993	6	88	4	0	-88	88	88	88
VN100017	2	15	1	2006	1	8	3	1	2006	0	8	3
VN100018	1	23	2	2002	4	88	4	0	-88	88	88	88
VN100020	1	23	1	2001	5	88	4	0	-88	88	88	88
VN100020	2	24	2	2001	5	88	4	0	-88	88	88	88
VN100020	3	28	3	2002	7	88	3	0	-88	88	88	88
VN100020	4	28	4	2003	7	88	3	0	-88	88	88	88
VN100022	1	22	2	1994	6	8	3	0	-88	88	88	88
VN100022	2	22	1	1993	6	8	3	0	-88	88	88	88
VN100022	3	23	2	1994	6	8	3	0	-88	88	88	88
VN100024	1	23	2	2000	5	88	4	0	-88	88	88	88
VN100024	2	24	1	2001	5	88	4	0	-88	88	88	88
VN100025	1	23	1	2000	3	4	4	0	-88	88	88	88
VN100026	1	23	2	1996	6	88	4	0	-88	88	88	88
VN100027	1	23	2	2000	4	88	4	0	-88	88	88	88
VN100029	1	23	4	2004	4	88	4	0	-88	88	88	88
VN100030	1	23	4	1997	4	5	4	0	-88	88	88	88
VN100031	1	24	2	2001	3	4	4	0	-88	88	88	88
VN100031	2	23	2	1996	4	5	4	0	-88	88	88	88
VN100032	1	23	2	2005	5	4	3	0	-88	88	88	88
VN100033	1	23	3	2000	4	88	4	0	-88	88	88	88
VN100033	2	24	2	2000	4	88	5	0	-88	88	88	88
VN100035	1	23	2	2003	4	88	4	0	-88	88	88	88
VN100036	1	23	4	2002	6	88	4	0	-88	88	88	88
VN100038	1	23	4	2003	4	88	4	0	-88	88	88	88
VN100039	1	23	2	2000	5	7	4	0	-88	88	88	88
VN100041	1	5	1	2000	6	88	4	0	-88	88	88	88
VN100042	1	23	2	2000	4	88	4	0	-88	88	88	88
VN100045	1	23	3	2003	4	88	4	0	-88	88	88	88
VN100046	1	23	2	1996	5	88	4	0	-88	88	88	88
VN100046	2	24	1	1994	5	88	4	0	-88	88	88	88
VN100047	1	23	3	2003	6	88	4	0	-88	88	88	88
VN100048	1	28	1	1998	4	5	3	0	-88	88	88	88
VN100048	2	28	2	1994	4	5	4	0	-88	88	88	88
VN100050	1	23	5	2002	6	88	3	0	-88	88	88	88
VN100051	1	23	4	2002	4	5	4	0	-88	88	88	88
VN100054	1	23	2	2003	3	4	5	0	-88	88	88	88
VN100055	1	23	4	2003	4	88	4	0	-88	88	88	88
VN100056	1	23	2	2000	4	88	4	0	-88	88	88	88
VN100057	1	28	1	1994	4	88	4	0	-88	88	88	88
VN100057	2	23	2	1990	6	88	4	0	-88	88	88	88
VN100057	3	23	4	2001	6	88	4	0	-88	88	88	88
VN100057	4	23	5	2004	6	88	4	0	-88	88	88	88
VN100058	1	24	1	2003	3	4	4	0	-88	88	88	88
VN100058	2	23	2	1998	4	5	4	0	-88	88	88	88
VN100059	1	23	2	1992	5	88	4	0	-88	88	88	88
VN100059	2	24	1	1992	5	88	4	0	-88	88	88	88
VN100060	1	23	2	2002	6	88	4	0	-88	88	88	88
VN100061	1	28	3	2005	5	4	4	0	-88	88	88	88
VN100061	2	23	4	2003	4	5	4	0	-88	88	88	88
VN100062	1	24	1	2001	3	4	4	0	-88	88	88	88
VN100062	2	23	2	2001	4	5	4	0	-88	88	88	88
VN100064	1	23	2	1993	6	5	4	0	-88	88	88	88
VN100064	2	11	1	2004	8	6	4	1	2006	0	10	3
VN100066	1	23	2	2003	6	88	4	0	-88	88	88	88
VN100067	1	23	3	2001	4	6	3	0	-88	88	88	88
VN100067	2	28	2	2003	6	8	4	0	-88	88	88	88
VN100068	1	23	2	2004	6	88	4	0	-88	88	88	88
VN100069	1	23	3	2003	5	88	4	0	-88	88	88	88
VN100069	2	28	1	1994	7	88	4	0	-88	88	88	88
VN100069	3	28	2	1994	7	88	4	0	-88	88	88	88
VN100071	1	23	4	1996	6	88	3	0	-88	88	88	88
VN100072	1	24	1	2001	3	4	4	0	-88	88	88	88
VN100072	2	23	2	2004	4	5	4	0	-88	88	88	88
VN100073	1	23	3	1992	5	88	4	0	-88	88	88	88
VN100073	2	24	2	1990	5	88	4	0	-88	88	88	88
VN100076	1	23	4	2000	6	88	3	0	-88	88	88	88
VN100077	1	22	4	1997	5	88	3	0	-88	88	88	88
VN100077	2	23	4	1997	5	88	3	0	-88	88	88	88
VN100077	3	16	4	1997	5	88	3	0	-88	88	88	88
VN100077	4	22	3	1996	5	88	4	0	-88	88	88	88
VN100077	5	16	3	1996	5	88	4	0	-88	88	88	88
VN100078	1	23	4	2003	4	5	3	0	-88	88	88	88
VN100079	1	23	2	1998	5	7	4	0	-88	88	88	88
VN100080	1	28	1	2004	4	5	4	0	-88	88	88	88
VN100081	1	23	1	1991	4	5	4	0	-88	88	88	88
VN100082	1	99	2	2002	4	5	3	0	-88	88	88	88
VN100083	1	23	3	2004	5	88	4	0	-88	88	88	88
VN100084	1	23	4	2000	3	4	4	0	-88	88	88	88
VN100085	1	24	1	2003	5	4	4	0	-88	88	88	88
VN100085	2	28	1	2001	6	88	4	0	-88	88	88	88
VN100085	3	16	4	2001	4	5	4	0	-88	88	88	88
VN100086	1	23	2	2000	6	88	4	0	-88	88	88	88
VN100087	1	22	4	2001	4	88	3	0	-88	88	88	88
VN100088	1	23	4	2002	4	5	3	0	-88	88	88	88
VN100088	2	28	3	2002	6	88	4	0	-88	88	88	88
VN100089	1	23	2	2000	4	88	4	0	-88	88	88	88
VN100090	1	23	1	1991	3	5	3	0	-88	88	88	88
VN100091	1	23	2	2001	3	88	4	0	-88	88	88	88
VN100091	2	24	1	2005	4	88	4	0	-88	88	88	88
VN100092	1	23	2	2000	5	88	4	0	-88	88	88	88
VN100092	2	24	1	1998	5	88	4	0	-88	88	88	88
VN100093	1	23	4	2001	3	4	3	0	-88	88	88	88
VN100094	1	23	2	1994	8	88	3	0	-88	88	88	88
VN100094	2	28	1	2004	1	8	2	0	-88	88	88	88
VN100095	1	23	4	2000	6	88	4	0	-88	88	88	88
VN100096	1	23	2	1999	8	88	4	0	-88	88	88	88
VN100097	1	28	2	2002	5	88	3	0	-88	88	88	88
VN100098	1	23	4	2000	4	88	4	0	-88	88	88	88
VN100099	1	23	2	2001	6	88	4	0	-88	88	88	88
VN100101	1	23	3	2000	6	88	5	0	-88	88	88	88
VN100103	1	28	1	2000	7	88	3	0	-88	88	88	88
VN100103	2	28	2	2000	7	88	3	0	-88	88	88	88
VN100103	3	23	4	2001	5	88	4	0	-88	88	88	88
VN100103	4	16	5	2006	8	5	3	0	-88	88	88	88
VN100103	5	22	5	2006	5	8	3	0	-88	88	88	88
VN100103	6	16	6	2003	5	8	3	0	-88	88	88	88
VN100104	1	24	4	-77	5	7	4	0	-88	88	88	88
VN100104	2	24	5	-77	5	88	4	0	-88	88	88	88
VN100106	1	7	2	1993	1	4	1	0	-88	88	88	88
VN100107	1	15	1	2001	1	88	1	0	-88	88	88	88
VN100107	2	22	2	2000	8	6	4	0	-88	88	88	88
VN100108	1	23	2	1980	4	88	4	0	-88	88	88	88
VN100109	1	23	2	2000	4	88	4	0	-88	88	88	88
VN100111	1	23	2	2000	6	4	3	0	-88	88	88	88
VN100113	1	23	2	2001	4	5	4	0	-88	88	88	88
VN100118	1	23	4	2003	5	88	4	0	-88	88	88	88
VN100118	2	99	1	2006	5	88	3	0	-88	88	88	88
VN100118	3	20	2	2006	5	88	3	0	-88	88	88	88
VN110001	1	23	3	1996	6	5	4	0	-88	88	88	88
VN110001	2	28	3	1995	6	5	5	0	-88	88	88	88
VN110002	1	23	1	1996	7	8	5	0	-88	88	88	88
VN110003	1	24	3	1990	4	2	4	0	-88	88	88	88
VN110003	2	28	3	1990	4	8	3	0	-88	88	88	88
VN110003	3	23	4	1998	4	3	5	0	-88	88	88	88
VN110007	1	23	2	2005	4	3	4	0	-88	88	88	88
VN110008	1	23	2	2002	6	88	4	0	-88	88	88	88
VN110008	2	24	1	2001	4	2	4	0	-88	88	88	88
VN110012	1	23	2	1999	3	4	4	0	-88	88	88	88
VN110012	2	24	1	2001	4	6	4	0	-88	88	88	88
VN110013	1	23	4	2001	3	4	4	0	-88	88	88	88
VN110013	2	24	1	1998	7	8	4	0	-88	88	88	88
VN110014	1	23	3	2004	8	88	5	0	-88	88	88	88
VN110014	2	24	2	2004	8	88	5	0	-88	88	88	88
VN110014	3	28	1	2004	8	88	5	0	-88	88	88	88
VN110015	1	23	2	2004	6	88	4	0	-88	88	88	88
VN110015	2	24	1	2003	6	88	4	0	-88	88	88	88
VN110017	1	28	1	2003	6	88	3	0	-88	88	88	88
VN110017	2	28	2	2003	6	88	3	0	-88	88	88	88
VN110017	3	22	3	1998	6	88	3	0	-88	88	88	88
VN110017	4	23	4	1995	6	88	3	0	-88	88	88	88
VN110019	1	23	4	2003	8	88	3	0	-88	88	88	88
VN110019	2	28	1	2004	8	88	5	0	-88	88	88	88
VN110024	1	24	2	2006	3	88	4	0	-88	88	88	88
VN110028	1	23	2	1990	7	6	1	0	-88	88	88	88
VN110029	1	23	2	2001	5	88	3	1	2005	0	10	3
VN110029	2	24	1	2003	5	2	5	0	-88	88	88	88
VN110030	1	23	2	2003	3	8	3	0	-88	88	88	88
VN110031	1	23	3	2000	4	6	2	0	-88	88	88	88
VN110031	2	24	2	2004	4	6	1	0	-88	88	88	88
VN110033	1	23	2	2005	7	5	4	0	-88	88	88	88
VN110036	1	23	2	2000	8	88	4	0	-88	88	88	88
VN110037	1	23	2	2002	2	8	3	0	-88	88	88	88
VN110038	1	24	1	2004	3	8	5	0	-88	88	88	88
VN110040	1	23	3	1995	3	8	2	0	-88	88	88	88
VN110040	2	24	2	2000	3	8	5	0	-88	88	88	88
VN110041	1	24	1	2003	6	7	4	0	-88	88	88	88
VN110042	1	23	2	2002	3	8	3	0	-88	88	88	88
VN110042	2	24	1	2004	3	8	5	0	-88	88	88	88
VN110043	1	24	1	2000	2	8	4	0	-88	88	88	88
VN110043	2	23	2	1992	2	8	4	0	-88	88	88	88
VN110044	1	2	3	-99	88	88	88	99	-99	88	88	88
VN110045	1	22	2	1999	8	88	3	0	-88	88	88	88
VN110047	1	28	1	2000	6	5	4	1	2000	0	10	2
VN110048	1	24	1	2005	3	5	4	0	-88	88	88	88
VN110048	2	23	2	2003	2	8	4	0	-88	88	88	88
VN110049	1	24	3	2002	2	8	4	0	-88	88	88	88
VN110049	2	23	2	2004	2	8	4	0	-88	88	88	88
VN110050	1	23	2	1993	3	4	3	0	-88	88	88	88
VN110050	2	24	80	2006	3	88	5	0	-88	88	88	88
VN110051	1	23	2	2001	3	6	4	0	-88	88	88	88
VN110052	1	23	2	1999	6	88	4	0	-88	88	88	88
VN110052	2	24	1	2006	6	88	5	0	-88	88	88	88
VN110053	1	23	2	2000	3	8	3	0	-88	88	88	88
VN110053	2	24	80	1997	8	88	4	0	-88	88	88	88
VN110054	1	23	2	2001	6	88	4	0	-88	88	88	88
VN110054	2	24	1	2001	6	88	5	0	-88	88	88	88
VN110056	1	23	4	2006	2	8	4	0	-88	88	88	88
VN110057	1	23	5	2003	3	4	3	0	-88	88	88	88
VN110058	1	23	1	2004	6	88	4	0	-88	88	88	88
VN110060	1	24	1	1996	8	5	4	0	-88	88	88	88
VN110060	2	23	2	1998	5	88	4	0	-88	88	88	88
VN110062	1	24	1	1993	8	3	5	0	-88	88	88	88
VN110062	2	28	1	1996	5	1	5	0	-88	88	88	88
VN110063	1	23	2	2004	7	88	4	0	-88	88	88	88
VN110064	1	23	2	2003	8	3	3	0	-88	88	88	88
VN110064	2	24	1	2003	3	88	5	0	-88	88	88	88
VN110066	1	16	3	2002	7	88	4	0	-88	88	88	88
VN110066	2	22	1	1996	7	6	4	0	-88	88	88	88
VN110066	3	23	4	2003	7	88	4	0	-88	88	88	88
VN110067	1	23	4	2004	6	5	4	0	-88	88	88	88
VN110067	2	24	4	2000	3	6	4	0	-88	88	88	88
VN110068	1	23	4	2005	4	88	4	0	-88	88	88	88
VN110068	2	16	3	1996	4	88	3	0	-88	88	88	88
VN110072	1	23	2	1976	6	88	4	0	-88	88	88	88
VN110072	2	24	1	2001	6	88	4	0	-88	88	88	88
VN110072	3	16	3	1990	6	88	5	0	-88	88	88	88
VN110073	1	23	4	2002	3	88	4	0	-88	88	88	88
VN110074	1	23	2	2001	8	88	4	0	-88	88	88	88
VN110076	1	23	4	1996	6	2	4	0	-88	88	88	88
VN110077	1	23	3	2002	3	5	4	0	-88	88	88	88
VN110078	1	24	1	1991	5	7	5	0	-88	88	88	88
VN110078	2	28	1	1996	5	7	4	0	-88	88	88	88
VN110081	1	24	1	2004	6	88	5	0	-88	88	88	88
VN110082	1	23	2	2001	6	3	4	0	-88	88	88	88
VN110083	1	23	2	1997	8	88	4	0	-88	88	88	88
VN110084	1	28	1	1993	8	5	4	0	-88	88	88	88
VN110084	2	23	3	2004	1	6	4	0	-88	88	88	88
VN110085	1	28	1	1996	7	88	1	1	1996	0	6	3
VN110086	1	23	2	2004	8	3	3	0	-88	88	88	88
VN110086	2	24	1	2000	3	8	5	0	-88	88	88	88
VN110087	1	22	1	1984	6	88	4	0	-88	88	88	88
VN110087	2	23	2	1998	6	88	4	0	-88	88	88	88
VN110088	1	23	2	2001	8	88	4	0	-88	88	88	88
VN110089	1	23	2	2003	7	3	4	0	-88	88	88	88
VN110091	1	23	2	1997	8	88	3	0	-88	88	88	88
VN110091	2	24	1	1997	8	88	5	0	-88	88	88	88
VN110092	1	23	2	1996	8	88	3	0	-88	88	88	88
VN110092	2	24	1	2001	8	88	4	0	-88	88	88	88
VN110093	1	24	3	2005	3	8	5	0	-88	88	88	88
VN110094	1	23	2	2006	3	7	4	0	-88	88	88	88
VN110096	1	23	2	2000	6	7	4	0	-88	88	88	88
VN110097	1	23	3	2000	7	6	4	0	-88	88	88	88
VN110097	2	24	4	1998	6	4	4	0	-88	88	88	88
VN110097	3	28	1	1996	6	4	4	0	-88	88	88	88
VN110098	1	24	1	2004	3	2	4	0	-88	88	88	88
VN110098	2	23	2	2004	3	8	4	0	-88	88	88	88
VN110099	1	23	1	2000	4	6	4	0	-88	88	88	88
VN110099	2	23	3	2003	4	6	4	0	-88	88	88	88
VN110100	1	23	2	2004	7	88	3	0	-88	88	88	88
VN110101	1	23	2	1993	6	88	5	0	-88	88	88	88
VN110101	2	28	2	1993	8	88	5	0	-88	88	88	88
VN110108	1	23	2	2000	8	88	4	0	-88	88	88	88
VN110115	1	24	1	2002	8	88	3	0	-88	88	88	88
VN110115	2	23	2	2006	8	88	3	0	-88	88	88	88
VN110119	1	23	2	2003	5	7	4	0	-88	88	88	88
VN110121	1	24	2	2004	6	3	4	0	-88	88	88	88
VN110123	1	23	4	2004	3	8	3	1	2004	0	6	2
VN110123	2	24	3	2002	3	8	5	0	-88	88	88	88
VN110123	3	28	1	1996	8	88	5	0	-88	88	88	88
VN110123	4	16	3	2005	8	88	3	1	2005	0	6	3
VN110125	1	22	4	2002	6	5	3	0	-88	88	88	88
VN110126	1	23	2	1996	5	88	4	0	-88	88	88	88
VN120001	1	23	8	2000	7	5	4	0	-88	88	88	88
VN120001	2	28	1	2001	7	6	3	0	-88	88	88	88
VN120003	1	23	3	1999	8	88	4	0	-88	88	88	88
VN120003	2	24	2	2000	8	88	5	0	-88	88	88	88
VN120004	1	24	16	1990	3	4	4	0	-88	88	88	88
VN120004	2	23	17	1985	3	2	3	0	-88	88	88	88
VN120004	3	16	18	2001	8	88	3	0	-88	88	88	88
VN120004	4	22	18	2002	6	8	3	0	-88	88	88	88
VN120006	1	23	2	2000	8	88	3	0	-88	88	88	88
VN120006	2	24	1	2000	8	88	5	0	-88	88	88	88
VN120007	1	23	4	2004	3	6	4	0	-88	88	88	88
VN120007	2	16	3	1997	7	6	3	0	-88	88	88	88
VN120009	1	24	2	2006	4	6	5	0	-88	88	88	88
VN120010	1	24	1	1999	2	8	4	0	-88	88	88	88
VN120010	2	24	2	1999	2	88	4	0	-88	88	88	88
VN120011	1	23	2	2000	7	5	4	0	-88	88	88	88
VN120012	1	23	2	2003	7	5	4	0	-88	88	88	88
VN120013	1	23	3	2003	3	8	3	0	-88	88	88	88
VN120013	2	24	2	1999	3	8	5	0	-88	88	88	88
VN120014	1	24	2	2001	3	8	4	0	-88	88	88	88
VN120014	2	23	3	2005	3	8	4	0	-88	88	88	88
VN120015	1	23	2	2005	3	8	3	0	-88	88	88	88
VN120015	2	24	1	2005	8	88	5	0	-88	88	88	88
VN120015	3	28	1	2004	8	88	5	0	-88	88	88	88
VN120016	1	23	2	1990	8	88	3	0	-88	88	88	88
VN120016	2	23	4	2006	8	88	3	0	-88	88	88	88
VN120016	3	24	2	1995	8	88	5	0	-88	88	88	88
VN120016	4	22	3	1995	8	88	3	0	-88	88	88	88
VN120017	1	23	2	2004	8	88	3	0	-88	88	88	88
VN120017	2	24	1	2001	8	88	5	0	-88	88	88	88
VN120020	1	16	3	2002	8	88	3	0	-88	88	88	88
VN120022	1	23	2	2006	8	88	3	1	2006	0	7	3
VN120022	2	28	1	2003	6	8	1	0	-88	88	88	88
VN120024	1	23	2	2003	7	5	4	0	-88	88	88	88
VN120024	2	16	1	2004	7	3	4	0	-88	88	88	88
VN120026	1	23	4	2003	5	88	4	0	-88	88	88	88
VN120027	1	24	1	-77	3	88	4	0	-88	88	88	88
VN120027	2	23	2	-77	3	88	4	0	-88	88	88	88
VN120030	1	24	1	2005	8	88	5	0	-88	88	88	88
VN120032	1	23	6	2002	8	88	3	0	-88	88	88	88
VN120032	2	24	5	2005	8	88	5	0	-88	88	88	88
VN120032	3	28	1	2001	8	88	5	0	-88	88	88	88
VN120033	1	24	1	2003	7	6	4	0	-88	88	88	88
VN120035	1	24	1	2000	3	4	4	1	2000	0	2	3
VN120035	2	28	1	1998	3	8	4	0	-88	88	88	88
VN120035	3	23	4	2000	3	8	4	0	-88	88	88	88
VN120035	4	23	16	2005	3	4	4	0	-88	88	88	88
VN120036	1	24	1	2003	3	4	4	1	2003	0	3	3
VN120036	2	23	2	2000	3	4	4	0	-88	88	88	88
VN120037	1	24	1	2004	2	88	4	0	-88	88	88	88
VN120038	1	24	1	2003	3	88	4	0	-88	88	88	88
VN120040	1	23	4	1990	4	8	5	0	-88	88	88	88
VN120042	1	24	1	2004	7	5	4	0	-88	88	88	88
VN120045	1	24	1	2005	3	88	5	0	-88	88	88	88
VN120046	1	24	1	2000	3	4	4	0	-88	88	88	88
VN120046	2	23	2	2000	3	4	4	0	-88	88	88	88
VN120048	1	23	1	2001	3	8	3	0	-88	88	88	88
VN120048	2	24	2	1998	3	8	5	0	-88	88	88	88
VN120049	1	24	3	2003	5	6	4	0	-88	88	88	88
VN120049	2	23	4	2002	4	7	4	0	-88	88	88	88
VN120050	1	23	3	2002	7	5	4	0	-88	88	88	88
VN120053	1	24	1	2004	3	8	4	0	-88	88	88	88
VN120053	2	23	2	2000	3	2	4	0	-88	88	88	88
VN120054	1	28	1	1996	5	7	4	0	-88	88	88	88
VN120054	2	24	2	2003	6	7	4	0	-88	88	88	88
VN120054	3	23	5	2002	5	7	4	0	-88	88	88	88
VN120054	4	16	4	2000	6	7	4	0	-88	88	88	88
VN120055	1	23	5	2003	8	3	4	0	-88	88	88	88
VN120058	1	24	1	2005	3	8	4	0	-88	88	88	88
VN120059	1	24	3	2004	4	5	4	0	-88	88	88	88
VN120059	2	28	1	1996	7	5	4	0	-88	88	88	88
VN120060	1	23	4	2003	8	88	3	0	-88	88	88	88
VN120061	1	28	1	1998	8	88	3	0	-88	88	88	88
VN120061	2	24	1	2003	8	88	3	0	-88	88	88	88
VN120062	1	24	2	2004	4	8	4	0	-88	88	88	88
VN120062	2	28	1	1998	8	88	4	0	-88	88	88	88
VN120063	1	28	1	1983	3	8	5	0	-88	88	88	88
VN120066	1	23	2	2005	8	88	3	0	-88	88	88	88
VN120069	1	24	3	2003	8	88	5	0	-88	88	88	88
VN120070	1	23	5	2003	5	6	4	0	-88	88	88	88
VN120071	1	24	2	2005	2	8	4	0	-88	88	88	88
VN120071	2	23	4	2005	2	8	4	0	-88	88	88	88
VN120072	1	24	1	2006	8	88	4	0	-88	88	88	88
VN120072	2	23	2	2000	8	88	4	0	-88	88	88	88
VN120076	1	23	2	1994	8	88	3	0	-88	88	88	88
VN120076	2	24	1	2003	8	88	5	0	-88	88	88	88
VN120077	1	23	2	2006	3	6	4	0	-88	88	88	88
VN120077	2	24	2	2005	3	8	3	0	-88	88	88	88
VN120078	1	24	1	2000	2	3	4	0	-88	88	88	88
VN120078	2	23	2	1986	2	3	4	0	-88	88	88	88
VN120078	3	16	4	2000	4	8	4	0	-88	88	88	88
VN120078	4	16	6	2005	4	8	4	0	-88	88	88	88
VN120079	1	23	2	2003	6	7	4	0	-88	88	88	88
VN120079	2	24	1	2003	6	5	4	0	-88	88	88	88
VN120080	1	24	1	2004	7	6	4	0	-88	88	88	88
VN120080	2	23	2	2002	5	6	4	0	-88	88	88	88
VN120081	1	23	2	2003	8	99	3	0	-88	88	88	88
VN120081	2	24	1	2004	3	99	5	0	-88	88	88	88
VN120083	1	23	2	1991	3	8	3	0	-88	88	88	88
VN120083	2	24	1	2002	3	8	5	0	-88	88	88	88
VN120084	1	24	1	2003	8	3	4	0	-88	88	88	88
VN120084	2	23	2	2004	8	3	4	0	-88	88	88	88
VN120086	1	24	1	2002	8	3	4	0	-88	88	88	88
VN120087	1	24	2	2002	8	88	3	0	-88	88	88	88
VN120087	2	23	3	2002	8	88	3	0	-88	88	88	88
VN120088	1	23	1	2004	2	3	4	0	-88	88	88	88
VN120089	1	23	2	2005	3	8	3	0	-88	88	88	88
VN120089	2	24	3	2004	3	8	5	0	-88	88	88	88
VN120090	1	24	2	2002	2	3	4	0	-88	88	88	88
VN120092	1	23	1	2003	5	6	4	0	-88	88	88	88
VN120092	2	24	2	1998	5	6	4	0	-88	88	88	88
VN120093	1	23	3	2002	3	88	3	0	-88	88	88	88
VN120093	2	24	4	2002	3	88	5	0	-88	88	88	88
VN120094	1	24	1	2003	2	3	4	0	-88	88	88	88
VN120094	2	23	2	1993	2	3	4	0	-88	88	88	88
VN120095	1	23	2	2000	8	88	4	0	-88	88	88	88
VN120096	1	24	1	2003	2	3	4	0	-88	88	88	88
VN120096	2	23	2	2000	2	3	4	0	-88	88	88	88
VN120098	1	23	2	1998	3	88	4	0	-88	88	88	88
VN120098	2	24	1	2002	3	88	5	0	-88	88	88	88
VN120099	1	28	1	2000	7	5	3	0	-88	88	88	88
VN120099	2	23	5	2004	4	6	4	0	-88	88	88	88
VN120100	1	24	1	2003	2	88	3	0	-88	88	88	88
VN120100	2	23	2	1992	5	88	3	0	-88	88	88	88
VN120114	1	24	1	2002	8	4	4	0	-88	88	88	88
VN120114	2	28	2	1999	8	4	4	0	-88	88	88	88
VN120125	1	16	4	2002	6	7	4	0	-88	88	88	88
VN120125	2	23	5	2003	7	5	4	0	-88	88	88	88
VN120126	1	24	3	2005	8	88	3	1	2005	0	15	3
VN120133	1	24	3	2003	8	88	5	0	-88	88	88	88
VN120133	2	23	4	-77	8	88	3	0	-88	88	88	88
VN120133	3	28	1	-77	8	88	5	0	-88	88	88	88
VN120134	1	23	3	2004	8	88	3	0	-88	88	88	88
VN120134	2	28	2	2002	8	88	5	0	-88	88	88	88
VN120135	1	24	1	2004	8	88	5	0	-88	88	88	88
VN120139	1	23	2	2006	5	7	4	0	-88	88	88	88
VN120140	1	23	2	2000	3	8	3	0	-88	88	88	88
VN120140	2	28	1	2004	8	88	5	0	-88	88	88	88
VN120141	1	28	3	2000	8	88	3	0	-88	88	88	88
VN120141	2	23	2	2003	8	88	5	0	-88	88	88	88
VN120142	1	22	2	1998	6	8	3	0	-88	88	88	88
VN120142	2	22	1	1991	6	8	3	0	-88	88	88	88
VN120146	1	24	1	1999	8	4	4	1	1999	0	3	3
VN120146	2	23	2	2000	8	4	4	0	-88	88	88	88
VN120148	1	23	3	2003	8	3	3	0	-88	88	88	88
VN120148	2	24	2	2003	8	3	5	0	-88	88	88	88
VN120148	3	28	1	2001	8	88	5	0	-88	88	88	88
VN120150	1	23	2	1985	8	6	4	0	-88	88	88	88
VN120150	2	28	1	2001	8	88	4	0	-88	88	88	88
VN120150	3	24	1	2003	8	4	4	0	-88	88	88	88
VN130001	1	6	3	1999	7	88	4	0	-88	88	88	88
VN130001	2	23	4	2001	7	88	6	0	-88	88	88	88
VN130002	1	28	3	1996	5	4	5	0	-88	88	88	88
VN130002	2	23	4	2001	3	4	4	0	-88	88	88	88
VN130003	1	28	1	1999	5	6	5	0	-88	88	88	88
VN130003	2	23	2	2000	3	4	4	0	-88	88	88	88
VN130004	1	22	3	1998	4	6	3	0	-88	88	88	88
VN130004	2	22	4	1998	4	6	3	0	-88	88	88	88
VN130005	1	23	2	1999	4	5	4	0	-88	88	88	88
VN130005	2	28	1	2001	5	6	5	0	-88	88	88	88
VN130005	3	28	1	2001	6	7	5	0	-88	88	88	88
VN130006	1	28	1	-77	7	88	77	0	-88	88	88	88
VN130006	2	28	1	-77	7	88	4	0	-88	88	88	88
VN130006	3	28	1	-77	8	88	4	0	-88	88	88	88
VN130006	4	23	3	1993	4	3	4	0	-88	88	88	88
VN130006	5	24	3	1993	4	88	5	0	-88	88	88	88
VN130007	1	28	1	1997	7	88	3	0	-88	88	88	88
VN130007	2	28	1	1987	7	88	2	0	-88	88	88	88
VN130007	3	24	2	2003	4	7	4	0	-88	88	88	88
VN130007	4	28	2	2001	7	88	4	0	-88	88	88	88
VN130007	5	8	2	2003	4	7	4	0	-88	88	88	88
VN130007	6	23	3	-77	4	8	4	0	-88	88	88	88
VN130007	7	28	3	2003	5	7	4	0	-88	88	88	88
VN130008	1	23	6	2002	2	4	6	0	-88	88	88	88
VN130009	1	28	4	1994	7	8	6	0	-88	88	88	88
VN130009	2	28	4	2004	7	8	6	0	-88	88	88	88
VN130009	3	23	5	2001	2	4	3	0	-88	88	88	88
VN130010	1	6	1	1999	5	7	4	0	-88	88	88	88
VN130010	2	23	2	2001	3	4	4	0	-88	88	88	88
VN130011	1	24	1	2003	3	4	5	0	-88	88	88	88
VN130011	2	23	2	1979	3	4	5	0	-88	88	88	88
VN130011	3	16	6	2002	4	7	5	0	-88	88	88	88
VN130011	4	23	7	2003	4	7	5	0	-88	88	88	88
VN130012	1	23	2	2003	4	7	3	0	-88	88	88	88
VN130012	2	28	2	1998	7	88	5	0	-88	88	88	88
VN130012	3	28	1	1998	7	88	4	0	-88	88	88	88
VN130012	4	28	1	1995	7	88	4	0	-88	88	88	88
VN130012	5	23	1	2003	4	7	5	0	-88	88	88	88
VN130013	1	23	2	2001	2	4	4	0	-88	88	88	88
VN130013	2	24	2	2001	2	4	4	0	-88	88	88	88
VN130014	1	28	1	2003	8	7	5	0	-88	88	88	88
VN130014	2	28	1	1987	7	8	5	0	-88	88	88	88
VN130014	3	28	2	1993	7	8	5	0	-88	88	88	88
VN130014	4	23	2	1955	4	3	5	0	-88	88	88	88
VN130014	5	22	3	1997	6	88	5	1	2001	0	13	3
VN130014	6	23	4	1997	4	5	5	1	2002	0	15	3
VN130015	1	23	2	1992	4	2	4	0	-88	88	88	88
VN130015	2	24	1	2002	8	2	4	0	-88	88	88	88
VN130015	3	28	1	2000	8	88	4	0	-88	88	88	88
VN130015	4	28	1	1996	4	88	3	0	-88	88	88	88
VN130016	1	28	2	2001	5	8	6	0	-88	88	88	88
VN130016	2	28	2	1996	7	8	6	0	-88	88	88	88
VN130016	3	28	2	2001	5	7	6	0	-88	88	88	88
VN130016	4	28	2	1976	8	7	6	0	-88	88	88	88
VN130016	5	28	3	2001	7	8	5	0	-88	88	88	88
VN130016	6	28	4	1989	7	5	4	0	-88	88	88	88
VN130016	7	23	5	2001	4	5	3	0	-88	88	88	88
VN130017	1	6	1	2004	7	5	4	0	-88	88	88	88
VN130017	2	23	2	2000	4	88	4	0	-88	88	88	88
VN130019	1	23	2	1996	5	4	4	0	-88	88	88	88
VN130019	2	24	2	2003	3	4	3	0	-88	88	88	88
VN130020	1	23	2	1990	4	88	5	0	-88	88	88	88
VN130020	2	24	2	-77	4	88	5	0	-88	88	88	88
VN130022	1	7	3	1994	1	5	1	0	-88	88	88	88
VN130022	2	22	3	1994	5	7	3	0	-88	88	88	88
VN130022	3	23	3	1994	4	7	4	0	-88	88	88	88
VN130022	4	28	3	1990	5	88	6	0	-88	88	88	88
VN130022	5	28	2	1986	1	5	1	0	-88	88	88	88
VN130022	6	28	2	1986	7	88	5	0	-88	88	88	88
VN130022	7	28	2	2005	7	88	5	0	-88	88	88	88
VN130022	8	28	3	2003	6	88	3	0	-88	88	88	88
VN130022	9	28	2	1996	6	88	3	0	-88	88	88	88
VN130023	0	28	1	1994	7	5	3	0	-88	88	88	88
VN130023	1	23	3	1990	8	5	5	0	-88	88	88	88
VN130023	2	24	2	2004	4	3	4	0	-88	88	88	88
VN130024	1	23	2	1990	7	8	4	0	-88	88	88	88
VN130024	2	22	2	1990	5	4	3	1	1994	0	6	3
VN130025	1	23	2	2000	7	88	6	0	-88	88	88	88
VN130026	1	23	2	1994	4	5	6	0	-88	88	88	88
VN130026	2	28	1	1993	4	7	6	0	-88	88	88	88
VN130027	1	28	1	1995	7	88	5	0	-88	88	88	88
VN130027	2	23	2	1990	7	88	6	0	-88	88	88	88
VN130028	1	23	2	1998	8	7	5	0	-88	88	88	88
VN130029	1	23	2	1992	7	4	4	0	-88	88	88	88
VN130030	1	28	1	1991	7	88	5	0	-88	88	88	88
VN130030	2	23	3	1986	4	7	5	0	-88	88	88	88
VN130032	1	6	3	2001	7	88	5	0	-88	88	88	88
VN130032	2	23	4	2000	7	88	6	0	-88	88	88	88
VN130033	1	24	1	2006	4	88	5	0	-88	88	88	88
VN130033	2	23	2	1994	4	88	4	0	-88	88	88	88
VN130034	1	23	3	2002	4	88	77	0	-88	88	88	88
VN130034	2	28	2	2003	7	5	5	0	-88	88	88	88
VN130035	1	23	2	2000	4	7	5	0	-88	88	88	88
VN130036	1	24	1	1985	4	3	4	0	-88	88	88	88
VN130036	2	28	1	2005	5	7	4	0	-88	88	88	88
VN130036	3	24	2	1988	4	3	4	0	-88	88	88	88
VN130036	4	23	2	-77	4	7	4	0	-88	88	88	88
VN130036	5	28	3	1992	5	7	4	0	-88	88	88	88
VN130036	6	28	4	-77	7	88	5	0	-88	88	88	88
VN130036	7	23	4	2000	4	3	5	0	-88	88	88	88
VN130037	1	23	3	1996	7	4	6	0	-88	88	88	88
VN130037	2	28	16	1993	7	88	5	0	-88	88	88	88
VN130037	3	28	17	1993	7	88	5	0	-88	88	88	88
VN130038	1	23	2	1998	4	88	5	0	-88	88	88	88
VN130038	2	28	1	2002	5	7	4	0	-88	88	88	88
VN130038	3	28	3	2005	7	88	4	0	-88	88	88	88
VN130039	1	23	2	1991	7	88	5	0	-88	88	88	88
VN130040	1	6	4	2002	7	5	5	0	-88	88	88	88
VN130040	2	23	5	1999	4	7	6	0	-88	88	88	88
VN130041	1	23	2	2000	2	4	4	0	-88	88	88	88
VN130041	2	28	1	2000	8	88	4	0	-88	88	88	88
VN130042	1	23	2	2001	7	88	5	0	-88	88	88	88
VN130043	1	23	2	2002	4	88	5	0	-88	88	88	88
VN130043	2	28	1	2000	5	7	4	0	-88	88	88	88
VN130044	1	23	2	1995	7	4	4	0	-88	88	88	88
VN130044	2	28	1	1995	5	6	5	0	-88	88	88	88
VN130045	1	23	2	1999	7	6	4	0	-88	88	88	88
VN130045	2	28	1	2004	7	6	4	0	-88	88	88	88
VN130046	1	22	2	1990	8	88	3	1	2005	0	14	2
VN130046	2	28	2	1997	8	88	3	1	2006	0	14	2
VN130046	3	22	1	-77	8	88	3	0	-88	88	88	88
VN130046	4	28	1	-77	8	88	3	0	-88	88	88	88
VN130047	1	23	2	1998	4	5	4	0	-88	88	88	88
VN130048	1	28	2	1996	7	4	5	0	-88	88	88	88
VN130048	2	6	3	2005	7	5	5	0	-88	88	88	88
VN130048	3	23	4	1999	4	6	5	0	-88	88	88	88
VN130049	1	23	4	2000	88	88	6	0	-88	88	88	88
VN130049	2	28	3	2001	5	7	4	0	-88	88	88	88
VN130051	1	28	3	2005	5	8	3	0	-88	88	88	88
VN130051	2	28	3	2000	5	7	4	0	-88	88	88	88
VN130051	3	28	3	1996	5	7	4	0	-88	88	88	88
VN130051	4	7	4	1999	1	4	1	0	-88	88	88	88
VN130051	5	16	4	2000	7	88	3	0	-88	88	88	88
VN130051	6	7	5	1976	1	4	1	0	-88	88	88	88
VN130051	7	28	5	2004	6	5	5	0	-88	88	88	88
VN130051	8	28	4	2004	6	5	5	0	-88	88	88	88
VN130051	9	6	4	2003	5	3	5	0	-88	88	88	88
VN130051	10	6	5	2003	5	3	5	0	-88	88	88	88
VN130051	11	23	5	1990	4	7	5	0	-88	88	88	88
VN130051	12	23	4	1999	5	7	5	0	-88	88	88	88
VN130052	1	24	3	2003	7	88	5	0	-88	88	88	88
VN130052	2	28	4	2004	3	5	4	0	-88	88	88	88
VN130053	1	23	4	1999	4	7	6	0	-88	88	88	88
VN130053	2	22	3	-77	99	99	99	99	-99	99	99	99
VN130054	1	24	3	2004	3	4	5	0	-88	88	88	88
VN130054	2	23	4	2000	5	3	4	0	-88	88	88	88
VN130055	1	28	1	1986	7	6	5	0	-88	88	88	88
VN130055	2	23	3	2001	5	4	5	0	-88	88	88	88
VN130056	1	24	3	2003	7	88	5	0	-88	88	88	88
VN130056	2	28	3	2003	5	4	5	0	-88	88	88	88
VN130056	3	23	4	1998	4	5	4	0	-88	88	88	88
VN130057	1	6	1	2004	5	7	4	0	-88	88	88	88
VN130057	2	24	1	1997	4	3	4	0	-88	88	88	88
VN130057	3	23	2	1997	7	4	4	0	-88	88	88	88
VN130058	1	6	1	1998	7	88	4	0	-88	88	88	88
VN130058	2	23	2	1996	7	88	6	0	-88	88	88	88
VN130059	1	23	4	2000	3	4	3	0	-88	88	88	88
VN130059	2	28	3	-77	7	88	5	0	-88	88	88	88
VN130059	3	28	3	1999	7	88	5	0	-88	88	88	88
VN130059	4	24	3	2003	3	4	4	0	-88	88	88	88
VN130060	1	23	2	2000	4	7	5	0	-88	88	88	88
VN130060	2	28	2	2004	5	7	5	0	-88	88	88	88
VN130060	3	24	1	2002	3	5	4	0	-88	88	88	88
VN130060	4	28	1	2003	5	7	5	0	-88	88	88	88
VN130060	5	28	1	2000	5	7	5	0	-88	88	88	88
VN130063	1	24	1	2003	4	5	4	0	-88	88	88	88
VN130063	2	28	1	2003	7	6	4	0	-88	88	88	88
VN130063	3	23	2	2000	7	4	4	0	-88	88	88	88
VN130064	1	24	1	2004	4	7	4	0	-88	88	88	88
VN130064	2	23	2	1998	4	7	4	0	-88	88	88	88
VN130065	1	28	1	1986	5	7	4	1	2000	0	9	3
VN130065	2	28	2	1986	5	7	4	0	-88	88	88	88
VN130066	1	23	2	1983	2	4	3	0	-88	88	88	88
VN130066	2	24	1	2003	2	4	4	0	-88	88	88	88
VN130066	3	28	1	1987	8	88	5	0	-88	88	88	88
VN130066	4	16	3	2004	8	88	4	0	-88	88	88	88
VN130067	1	6	1	2004	7	88	4	0	-88	88	88	88
VN130067	2	24	1	2004	3	4	4	0	-88	88	88	88
VN130067	3	23	2	1990	3	4	4	0	-88	88	88	88
VN130067	4	16	3	2005	7	88	5	0	-88	88	88	88
VN130068	1	23	2	-77	4	88	6	0	-88	88	88	88
VN130068	2	28	1	2002	5	7	5	0	-88	88	88	88
VN130069	1	6	1	1991	7	88	4	0	-88	88	88	88
VN130069	2	23	2	1990	4	88	4	0	-88	88	88	88
VN130069	3	16	3	2005	4	7	5	0	-88	88	88	88
VN130070	1	23	2	1997	4	3	4	0	-88	88	88	88
VN130071	1	28	1	2000	5	7	4	0	-88	88	88	88
VN130071	2	28	2	2000	5	7	4	0	-88	88	88	88
VN130071	3	23	2	2000	4	7	4	0	-88	88	88	88
VN130072	1	28	2	1990	7	88	5	0	-88	88	88	88
VN130072	2	28	2	2004	5	6	3	0	-88	88	88	88
VN130072	3	28	2	1997	5	8	3	0	-88	88	88	88
VN130072	4	28	2	1987	8	1	1	0	-88	88	88	88
VN130072	5	7	3	1997	8	1	1	0	-88	88	88	88
VN130072	6	28	3	2006	8	5	3	0	-88	88	88	88
VN130072	7	22	3	2000	8	6	3	1	2000	0	1	3
VN130073	1	28	1	1989	8	6	5	0	-88	88	88	88
VN130073	2	23	3	1991	4	7	4	0	-88	88	88	88
VN130074	1	23	2	2003	2	4	4	0	-88	88	88	88
VN130074	2	16	1	1996	8	88	5	0	-88	88	88	88
VN130074	3	28	1	2006	8	88	5	0	-88	88	88	88
VN130075	1	24	4	2003	7	4	5	0	-88	88	88	88
VN130075	2	28	4	2000	7	6	5	0	-88	88	88	88
VN130075	3	23	5	2000	3	4	4	0	-88	88	88	88
VN130076	1	23	2	2001	8	88	5	0	-88	88	88	88
VN130076	2	28	2	2000	8	88	5	0	-88	88	88	88
VN130076	3	22	1	1996	11	88	5	0	-88	88	88	88
VN130077	1	6	1	2004	5	7	2	0	-88	88	88	88
VN130077	2	23	2	2002	4	5	5	0	-88	88	88	88
VN130078	1	6	1	2002	7	88	4	0	-88	88	88	88
VN130078	2	23	2	1996	4	5	5	0	-88	88	88	88
VN130079	1	23	2	2001	3	7	4	0	-88	88	88	88
VN130080	1	23	2	2000	7	88	6	0	-88	88	88	88
VN130081	1	24	1	2006	7	4	5	0	-88	88	88	88
VN130081	2	23	2	1995	5	7	4	0	-88	88	88	88
VN130081	3	28	1	1997	5	6	5	0	-88	88	88	88
VN130082	1	28	3	1993	7	8	3	0	-88	88	88	88
VN130082	2	28	3	-77	8	7	3	0	-88	88	88	88
VN130082	3	28	4	1989	7	8	2	0	-88	88	88	88
VN130082	4	28	4	1990	7	8	3	0	-88	88	88	88
VN130083	1	23	4	2000	4	88	6	0	-88	88	88	88
VN130083	2	28	4	2003	7	88	5	0	-88	88	88	88
VN130085	1	23	2	2006	7	4	4	0	-88	88	88	88
VN130086	1	23	2	2001	4	5	4	0	-88	88	88	88
VN130087	1	23	2	1999	7	88	4	0	-88	88	88	88
VN130087	2	24	1	2004	7	4	4	0	-88	88	88	88
VN130088	1	23	2	1988	4	7	4	0	-88	88	88	88
VN130088	2	28	2	2006	7	88	5	0	-88	88	88	88
VN130088	3	24	1	2004	4	7	3	0	-88	88	88	88
VN130089	1	23	2	2001	4	88	5	0	-88	88	88	88
VN130089	2	24	1	2001	88	88	77	0	-88	88	88	88
VN130089	3	28	1	2001	7	88	5	0	-88	88	88	88
VN130090	1	23	2	2001	4	88	6	0	-88	88	88	88
VN130090	2	28	1	2002	7	88	5	0	-88	88	88	88
VN130090	3	28	1	1999	7	88	5	0	-88	88	88	88
VN130090	4	28	1	-77	4	88	3	0	-88	88	88	88
VN130091	1	23	2	2000	7	4	6	0	-88	88	88	88
VN130092	1	28	1	1993	7	8	5	0	-88	88	88	88
VN130092	2	24	1	1994	4	3	5	0	-88	88	88	88
VN130092	3	23	3	1998	4	3	5	0	-88	88	88	88
VN130093	1	23	5	2000	4	88	6	0	-88	88	88	88
VN130093	2	28	5	2000	7	5	5	0	-88	88	88	88
VN130093	3	28	5	2000	7	5	5	0	-88	88	88	88
VN130094	1	6	1	2001	7	88	4	0	-88	88	88	88
VN130094	2	23	2	1991	4	88	5	0	-88	88	88	88
VN130096	1	23	2	2001	7	88	6	0	-88	88	88	88
VN130097	1	23	3	2000	8	88	4	0	-88	88	88	88
VN130098	1	28	1	1994	7	8	6	0	-88	88	88	88
VN130098	2	6	2	2003	5	7	4	0	-88	88	88	88
VN130098	3	23	3	1993	4	3	5	0	-88	88	88	88
VN130099	1	24	1	2001	3	5	5	0	-88	88	88	88
VN130099	2	23	2	1995	3	4	4	0	-88	88	88	88
VN130100	1	23	2	-77	4	7	4	0	-88	88	88	88
VN130101	1	24	1	-77	5	88	4	0	-88	88	88	88
VN130101	2	28	2	2004	5	6	5	0	-88	88	88	88
VN130101	3	28	2	-77	5	7	5	0	-88	88	88	88
VN130102	1	6	4	2002	5	7	5	0	-88	88	88	88
VN130102	2	23	5	2001	7	88	6	0	-88	88	88	88
VN130103	1	24	1	2005	4	5	5	0	-88	88	88	88
VN130103	2	28	1	1990	7	6	5	0	-88	88	88	88
VN130103	3	23	2	1994	4	6	4	0	-88	88	88	88
VN130104	1	28	1	2004	5	7	5	0	-88	88	88	88
VN130104	2	28	1	2003	5	7	5	1	2003	0	16	3
VN130104	3	28	2	1990	5	7	5	0	-88	88	88	88
VN130104	4	23	2	1998	4	7	4	0	-88	88	88	88
VN140001	1	28	1	1983	8	88	99	0	-88	88	88	88
VN140001	2	24	2	1998	3	4	5	0	-88	88	88	88
VN140001	3	23	3	1999	4	3	4	0	-88	88	88	88
VN140002	1	24	1	1994	5	3	5	0	-88	88	88	88
VN140002	2	23	2	1997	5	3	3	0	-88	88	88	88
VN140003	1	23	1	1975	3	5	4	0	-88	88	88	88
VN140003	2	24	2	1999	4	5	4	0	-88	88	88	88
VN140004	1	23	2	2002	4	6	4	0	-88	88	88	88
VN140005	1	23	5	2001	7	4	6	0	-88	88	88	88
VN140005	2	24	4	2002	3	5	5	0	-88	88	88	88
VN140006	1	6	2	2003	7	88	5	0	-88	88	88	88
VN140006	2	23	3	1988	4	7	6	0	-88	88	88	88
VN140006	3	24	4	2003	4	3	5	0	-88	88	88	88
VN140006	4	23	7	2001	4	6	5	0	-88	88	88	88
VN140007	1	23	2	2001	4	1	5	0	-88	88	88	88
VN140008	1	28	1	1992	5	8	5	0	-88	88	88	88
VN140008	2	28	2	1992	5	8	5	0	-88	88	88	88
VN140008	3	24	4	2005	4	3	4	0	-88	88	88	88
VN140008	4	23	5	2000	4	3	5	0	-88	88	88	88
VN140009	1	23	5	2000	4	7	4	0	-88	88	88	88
VN140009	2	28	1	1980	7	88	5	0	-88	88	88	88
VN140010	1	24	1	2003	3	7	5	0	-88	88	88	88
VN140010	2	23	2	1991	3	4	5	0	-88	88	88	88
VN140010	3	28	1	1991	7	5	5	0	-88	88	88	88
VN140010	4	28	2	1991	7	5	5	0	-88	88	88	88
VN140011	1	24	2	2005	3	88	5	0	-88	88	88	88
VN140011	2	23	3	2000	3	4	4	0	-88	88	88	88
VN140011	3	28	1	1995	8	7	5	0	-88	88	88	88
VN140012	1	23	2	1990	4	3	3	1	2006	0	10	3
VN140012	2	28	1	1994	8	3	3	0	-88	88	88	88
VN140012	3	28	2	1990	8	3	3	0	-88	88	88	88
VN140012	4	28	1	2000	8	7	4	0	-88	88	88	88
VN140012	5	22	2	2005	5	8	4	0	-88	88	88	88
VN140012	6	28	2	2006	4	6	3	1	2006	0	10	3
VN140013	1	23	2	1996	3	88	4	0	-88	88	88	88
VN140015	1	23	2	1994	7	88	4	0	-88	88	88	88
VN140015	2	24	1	2005	5	88	4	0	-88	88	88	88
VN140016	1	23	2	1997	4	1	4	0	-88	88	88	88
VN140017	1	23	2	2001	4	3	3	0	-88	88	88	88
VN140018	1	24	1	2006	4	3	4	0	-88	88	88	88
VN140018	2	23	2	2000	4	3	4	0	-88	88	88	88
VN140019	1	23	2	1998	8	88	3	0	-88	88	88	88
VN140019	2	24	2	2001	8	88	5	0	-88	88	88	88
VN140020	1	23	2	1996	7	88	4	0	-88	88	88	88
VN140020	2	24	2	2005	7	88	4	0	-88	88	88	88
VN140021	1	16	2	1997	6	4	1	1	1999	0	6	2
VN140021	2	23	3	2003	6	4	2	1	2004	0	6	2
VN140021	3	24	2	2001	4	8	4	0	-88	88	88	88
VN140021	4	28	1	1990	7	8	2	1	1996	0	6	0
VN140022	1	23	3	1997	4	7	4	0	-88	88	88	88
VN140022	2	24	2	2006	8	4	4	0	-88	88	88	88
VN140023	1	23	2	2006	5	7	4	0	-88	88	88	88
VN140024	1	28	1	1994	7	8	5	0	-88	88	88	88
VN140024	2	23	3	2000	4	5	4	0	-88	88	88	88
VN140025	1	23	2	2000	5	4	4	0	-88	88	88	88
VN140026	1	28	1	-77	2	4	4	0	-88	88	88	88
VN140026	2	24	1	2006	2	4	4	0	-88	88	88	88
VN140026	3	23	2	1995	2	4	4	0	-88	88	88	88
VN140026	4	16	3	2004	4	88	5	0	-88	88	88	88
VN140027	1	28	1	-77	6	88	3	0	-88	88	88	88
VN140027	2	28	2	2000	7	8	4	0	-88	88	88	88
VN140027	3	23	3	1996	4	5	5	0	-88	88	88	88
VN140028	1	24	1	2002	8	7	4	0	-88	88	88	88
VN140028	2	23	2	2001	4	8	4	0	-88	88	88	88
VN140028	3	16	3	2004	4	7	4	0	-88	88	88	88
VN140029	1	28	1	2005	7	88	4	0	-88	88	88	88
VN140029	2	23	2	1999	4	88	4	0	-88	88	88	88
VN140030	1	23	2	1994	2	5	4	0	-88	88	88	88
VN140031	1	23	2	1999	4	5	4	0	-88	88	88	88
VN140032	1	28	1	1990	7	88	5	0	-88	88	88	88
VN140032	2	23	3	1994	4	88	6	0	-88	88	88	88
VN140033	1	24	1	2003	4	88	5	0	-88	88	88	88
VN140033	2	23	2	1997	4	5	4	0	-88	88	88	88
VN140033	3	23	4	1970	4	5	1	0	-88	88	88	88
VN140034	1	24	1	2004	3	7	4	0	-88	88	88	88
VN140034	2	23	2	1998	3	4	4	0	-88	88	88	88
VN140036	1	23	2	2000	4	88	6	0	-88	88	88	88
VN140037	1	23	2	1998	4	88	6	0	-88	88	88	88
VN140037	2	23	4	1972	4	88	4	0	-88	88	88	88
VN140038	1	23	2	2000	4	88	6	0	-88	88	88	88
VN140038	2	28	1	2002	7	88	5	0	-88	88	88	88
VN140039	1	28	1	1994	8	4	3	0	-88	88	88	88
VN140039	2	23	3	2000	4	3	5	0	-88	88	88	88
VN140040	1	23	2	2000	8	88	4	0	-88	88	88	88
VN140041	1	28	16	1990	8	6	2	0	-88	88	88	88
VN140041	2	23	17	1961	4	6	4	0	-88	88	88	88
VN140042	1	24	4	1998	4	5	4	0	-88	88	88	88
VN140042	2	23	7	2000	4	5	4	0	-88	88	88	88
VN140044	1	23	2	1998	4	2	4	0	-88	88	88	88
VN140045	1	28	4	2001	8	7	4	0	-88	88	88	88
VN140045	2	28	4	1986	8	88	5	0	-88	88	88	88
VN140045	3	28	5	2001	8	7	4	0	-88	88	88	88
VN140045	4	28	5	1986	8	88	5	0	-88	88	88	88
VN140045	5	23	2	1999	8	4	4	0	-88	88	88	88
VN140046	1	23	2	1995	3	4	4	0	-88	88	88	88
VN140046	2	16	16	2005	7	88	5	0	-88	88	88	88
VN140047	1	23	2	2000	5	3	4	0	-88	88	88	88
VN140047	2	24	1	2001	4	3	4	0	-88	88	88	88
VN140048	1	23	2	1999	3	5	4	0	-88	88	88	88
VN140048	2	24	1	1994	3	4	4	0	-88	88	88	88
VN140049	1	28	1	1999	7	88	4	0	-88	88	88	88
VN140049	2	23	2	1998	3	88	5	0	-88	88	88	88
VN140050	1	23	2	2004	7	8	4	0	-88	88	88	88
VN140051	1	23	3	2000	7	88	6	0	-88	88	88	88
VN140053	1	23	2	2003	2	88	5	0	-88	88	88	88
VN140054	1	28	1	1991	7	8	4	0	-88	88	88	88
VN140055	1	23	2	2000	7	3	3	0	-88	88	88	88
VN140056	1	23	2	2000	4	88	6	0	-88	88	88	88
VN140056	2	28	1	2004	7	5	5	0	-88	88	88	88
VN140057	1	23	2	1999	7	88	6	0	-88	88	88	88
VN140058	1	24	1	2005	3	4	4	0	-88	88	88	88
VN140058	2	28	1	2000	5	7	4	0	-88	88	88	88
VN140058	3	5	1	2006	6	1	1	1	2006	0	9	3
VN140060	1	23	4	1975	5	4	6	0	-88	88	88	88
VN140060	2	28	3	2000	8	7	3	0	-88	88	88	88
VN140060	3	28	3	1996	5	7	5	0	-88	88	88	88
VN140060	4	28	3	1993	5	7	3	0	-88	88	88	88
VN140061	1	23	2	2002	7	88	4	0	-88	88	88	88
VN140062	1	23	2	1997	7	88	6	0	-88	88	88	88
VN140063	1	28	1	1997	99	88	2	0	-88	88	88	88
VN140064	1	23	4	2000	4	88	4	0	-88	88	88	88
VN140065	1	23	2	1996	4	88	4	0	-88	88	88	88
VN140066	1	23	2	1999	3	4	6	0	-88	88	88	88
VN140067	1	23	2	1994	4	5	4	0	-88	88	88	88
VN140068	1	28	1	2006	7	88	4	0	-88	88	88	88
VN140068	2	23	2	1996	4	6	4	0	-88	88	88	88
VN140069	1	23	2	2003	4	3	5	0	-88	88	88	88
VN140069	2	28	1	2003	5	7	5	0	-88	88	88	88
VN140070	1	23	2	1994	4	5	4	0	-88	88	88	88
VN140071	1	23	2	2000	7	4	4	0	-88	88	88	88
VN140072	1	23	2	1998	4	7	5	0	-88	88	88	88
VN140073	1	23	2	1997	4	7	5	0	-88	88	88	88
VN140074	1	23	2	2000	4	3	5	0	-88	88	88	88
VN140076	1	28	1	1998	7	88	5	0	-88	88	88	88
VN140076	2	23	3	-77	88	88	6	0	-88	88	88	88
VN140077	1	23	2	2001	3	4	5	0	-88	88	88	88
VN140077	2	24	1	2000	3	7	5	0	-88	88	88	88
VN140077	3	28	1	2004	7	5	5	0	-88	88	88	88
VN140078	1	23	2	1995	4	3	5	0	-88	88	88	88
VN140079	1	23	17	1992	5	7	5	0	-88	88	88	88
VN140079	2	28	2	2005	7	88	3	0	-88	88	88	88
VN140079	3	28	1	1999	7	88	3	0	-88	88	88	88
VN140080	1	23	2	2003	3	5	4	0	-88	88	88	88
VN140081	1	23	2	-77	7	88	4	0	-88	88	88	88
VN140083	1	23	2	1993	3	4	5	0	-88	88	88	88
VN140083	2	24	1	2001	3	7	5	0	-88	88	88	88
VN140083	3	28	1	2003	5	7	5	0	-88	88	88	88
VN140083	4	16	3	2006	7	88	5	0	-88	88	88	88
VN140084	1	23	2	1999	4	7	4	0	-88	88	88	88
VN140086	1	23	1	1981	4	5	6	0	-88	88	88	88
VN140086	2	28	2	1984	6	7	4	0	-88	88	88	88
VN140086	3	28	3	1990	6	7	4	0	-88	88	88	88
VN140087	1	23	1	1999	4	5	2	0	-88	88	88	88
VN140087	2	24	2	2003	3	5	2	0	-88	88	88	88
VN140089	1	24	1	2002	4	7	5	0	-88	88	88	88
VN140089	2	28	1	1998	5	7	5	0	-88	88	88	88
VN140089	3	23	2	2003	4	7	5	0	-88	88	88	88
VN140090	1	23	2	1994	5	7	4	0	-88	88	88	88
VN140090	2	28	1	2005	5	7	5	0	-88	88	88	88
VN140091	1	23	3	2003	4	3	4	0	-88	88	88	88
VN140091	2	28	3	2003	5	7	5	0	-88	88	88	88
VN140092	1	23	4	2003	7	5	4	0	-88	88	88	88
VN140093	1	23	2	2004	4	3	4	0	-88	88	88	88
VN140093	2	28	1	2003	5	7	5	0	-88	88	88	88
VN140094	1	23	2	1994	3	5	4	0	-88	88	88	88
VN140095	1	16	1	1996	3	5	3	0	-88	88	88	88
VN140095	2	24	1	2000	4	5	4	0	-88	88	88	88
VN140096	1	28	2	1997	7	1	5	0	-88	88	88	88
VN140096	2	24	3	2005	4	5	5	0	-88	88	88	88
VN140096	3	23	4	2000	4	5	5	0	-88	88	88	88
VN140097	1	24	1	2002	3	88	5	0	-88	88	88	88
VN140097	2	23	2	1994	88	88	6	0	-88	88	88	88
VN140098	1	28	1	2002	7	5	4	0	-88	88	88	88
VN140098	2	23	2	1997	4	5	4	0	-88	88	88	88
VN140100	1	24	1	1993	4	3	3	1	1996	0	6	2
VN140100	2	28	1	1993	8	7	5	0	-88	88	88	88
VN140100	3	23	2	1995	4	3	5	0	-88	88	88	88
VN140101	1	28	1	1996	8	88	3	0	-88	88	88	88
VN140101	2	23	3	2004	2	88	6	0	-88	88	88	88
VN140102	1	23	2	1989	4	8	4	0	-88	88	88	88
VN140102	2	24	1	1996	4	88	4	0	-88	88	88	88
VN140103	1	23	4	1998	3	4	4	0	-88	88	88	88
VN140103	2	24	3	2003	3	4	4	0	-88	88	88	88
VN150001	1	23	2	1993	4	3	3	0	-88	88	88	88
VN150002	1	28	1	1990	7	8	3	0	-88	88	88	88
VN150002	2	23	2	1985	7	8	5	0	-88	88	88	88
VN150005	1	23	4	2001	7	88	4	0	-88	88	88	88
VN150005	2	24	3	2000	7	88	4	0	-88	88	88	88
VN150008	1	23	1	1995	5	88	2	0	-88	88	88	88
VN150008	2	24	2	2004	5	4	2	0	-88	88	88	88
VN150009	1	23	18	1986	7	8	6	0	-88	88	88	88
VN150009	2	28	17	1995	7	8	5	0	-88	88	88	88
VN150011	1	24	1	1998	7	8	5	0	-88	88	88	88
VN150011	2	28	1	2005	7	8	5	0	-88	88	88	88
VN150011	3	23	2	1990	7	8	5	0	-88	88	88	88
VN150012	1	23	2	2001	6	88	4	0	-88	88	88	88
VN150013	1	28	1	2004	7	8	5	0	-88	88	88	88
VN150013	2	23	2	1999	7	8	5	0	-88	88	88	88
VN150014	1	23	1	2001	6	88	4	0	-88	88	88	88
VN150014	2	16	2	1994	5	88	3	0	-88	88	88	88
VN150015	1	22	2	2003	5	6	4	0	-88	88	88	88
VN150016	1	23	2	1998	7	8	5	0	-88	88	88	88
VN150017	1	23	2	2004	5	4	4	0	-88	88	88	88
VN150017	2	28	1	2006	5	4	4	0	-88	88	88	88
VN150018	1	23	4	1996	7	8	6	0	-88	88	88	88
VN150018	2	28	2	1990	7	8	6	0	-88	88	88	88
VN150020	1	23	2	1982	4	6	4	0	-88	88	88	88
VN150020	2	24	1	1994	4	88	4	0	-88	88	88	88
VN150020	3	8	1	1995	6	88	4	0	-88	88	88	88
VN150021	1	24	2	2001	6	99	5	0	-88	88	88	88
VN150021	2	28	1	2000	11	99	5	0	-88	88	88	88
VN150023	1	23	2	2003	7	88	5	0	-88	88	88	88
VN150029	1	24	2	1997	4	7	5	0	-88	88	88	88
VN150029	2	23	1	1991	4	11	4	0	-88	88	88	88
VN150030	1	23	3	1998	5	4	4	0	-88	88	88	88
VN150030	2	24	2	1998	5	88	4	0	-88	88	88	88
VN150030	3	28	3	2000	5	4	5	0	-88	88	88	88
VN150031	1	23	2	1993	7	88	5	0	-88	88	88	88
VN150031	2	28	1	2001	7	88	5	0	-88	88	88	88
VN150033	1	28	1	2003	7	8	5	0	-88	88	88	88
VN150033	2	23	2	1984	7	8	5	0	-88	88	88	88
VN150039	1	28	5	1998	5	8	5	0	-88	88	88	88
VN150039	2	28	5	2005	5	8	3	1	2005	0	10	3
VN150042	1	23	1	1998	7	8	5	0	-88	88	88	88
VN150043	1	23	2	1997	7	8	5	0	-88	88	88	88
VN150051	1	23	2	1997	6	88	4	0	-88	88	88	88
VN150051	2	24	1	2000	6	88	4	0	-88	88	88	88
VN150053	1	28	1	2000	9	88	3	0	-88	88	88	88
VN150053	2	23	2	1996	5	88	4	0	-88	88	88	88
VN150054	1	23	2	1998	6	88	4	0	-88	88	88	88
VN150054	2	24	1	2003	6	88	4	0	-88	88	88	88
VN150056	1	28	1	1998	6	7	4	0	-88	88	88	88
VN150056	2	23	3	2001	6	5	4	0	-88	88	88	88
VN150057	1	23	2	1995	6	88	4	0	-88	88	88	88
VN150057	2	24	1	1995	6	5	4	0	-88	88	88	88
VN150058	1	24	2	1990	5	6	4	0	-88	88	88	88
VN150060	1	28	3	2003	6	7	4	0	-88	88	88	88
VN150060	2	28	4	2002	6	7	4	0	-88	88	88	88
VN150061	1	23	2	2000	7	8	5	0	-88	88	88	88
VN150062	1	23	2	1996	5	88	5	0	-88	88	88	88
VN150062	2	24	2	1998	6	88	4	0	-88	88	88	88
VN150063	1	22	4	1998	3	5	3	0	-88	88	88	88
VN150064	1	24	16	1995	5	88	5	0	-88	88	88	88
VN150064	2	25	16	1995	1	88	5	0	-88	88	88	88
VN150064	3	23	17	1990	5	88	4	0	-88	88	88	88
VN150065	1	23	2	1990	7	8	5	0	-88	88	88	88
VN150066	1	21	4	1996	6	88	4	0	-88	88	88	88
VN150066	2	21	5	1996	6	88	4	0	-88	88	88	88
VN150067	1	21	4	2004	6	7	4	0	-88	88	88	88
VN150067	2	21	5	2004	5	8	4	0	-88	88	88	88
VN150068	1	23	2	1994	6	5	4	0	-88	88	88	88
VN150068	2	24	1	2001	6	7	4	0	-88	88	88	88
VN150070	1	23	2	2000	4	6	5	0	-88	88	88	88
VN150070	2	28	1	2004	4	7	5	0	-88	88	88	88
VN150071	1	23	2	1996	5	7	5	0	-88	88	88	88
VN150071	2	28	4	1990	5	7	5	0	-88	88	88	88
VN150072	1	23	5	2001	7	8	5	0	-88	88	88	88
VN150072	2	28	4	1998	7	8	5	0	-88	88	88	88
VN150073	1	23	2	1998	6	4	4	0	-88	88	88	88
VN150073	2	24	1	2001	6	5	5	0	-88	88	88	88
VN150074	1	23	4	1999	6	5	4	0	-88	88	88	88
VN150075	1	24	1	2003	6	88	5	0	-88	88	88	88
VN150075	2	23	2	2000	5	88	3	0	-88	88	88	88
VN150077	1	21	1	-77	6	99	3	0	-88	88	88	88
VN150078	1	23	2	1995	7	8	5	0	-88	88	88	88
VN150078	2	24	1	2002	3	4	4	0	-88	88	88	88
VN150079	1	23	2	1996	7	88	5	0	-88	88	88	88
VN150081	1	23	2	1993	7	8	5	0	-88	88	88	88
VN150083	1	28	1	1984	6	7	4	0	-88	88	88	88
VN150083	2	24	2	2003	6	2	4	0	-88	88	88	88
VN150083	3	23	3	2001	6	7	4	0	-88	88	88	88
VN150086	1	23	4	1990	5	88	4	0	-88	88	88	88
VN150087	1	24	1	2005	3	88	5	0	-88	88	88	88
VN150087	2	23	2	2000	7	8	5	0	-88	88	88	88
VN150087	3	24	4	2003	7	8	5	0	-88	88	88	88
VN150089	1	23	2	1990	7	8	5	0	-88	88	88	88
VN150090	1	23	2	2001	6	7	4	0	-88	88	88	88
VN150090	2	24	1	2001	6	5	4	0	-88	88	88	88
VN150091	1	23	4	2001	7	6	4	0	-88	88	88	88
VN150092	1	23	1	1993	7	8	5	0	-88	88	88	88
VN150094	1	24	1	2000	6	88	4	0	-88	88	88	88
VN150094	2	23	2	1995	5	88	4	0	-88	88	88	88
VN150095	1	24	3	2002	6	88	5	0	-88	88	88	88
VN150095	2	23	4	1997	5	88	4	0	-88	88	88	88
VN150095	3	24	4	2000	2	88	5	0	-88	88	88	88
VN150096	1	24	2	1995	6	88	4	0	-88	88	88	88
VN150097	1	28	5	1996	4	2	5	0	-88	88	88	88
VN150098	1	23	2	1986	6	5	4	0	-88	88	88	88
VN150099	1	23	2	2001	7	8	5	0	-88	88	88	88
VN150104	1	23	2	2003	6	88	4	0	-88	88	88	88
VN150105	1	23	2	2005	5	6	5	0	-88	88	88	88
VN150107	1	28	1	1991	6	11	3	1	2003	0	16	3
VN150107	2	28	1	2006	7	8	5	0	-88	88	88	88
VN150126	1	23	3	2005	6	88	4	0	-88	88	88	88
VN150126	2	24	3	1996	5	88	4	0	-88	88	88	88
VN150128	1	28	3	2000	6	5	4	0	-88	88	88	88
VN150128	2	23	4	1981	6	88	4	0	-88	88	88	88
VN150129	1	23	2	1998	5	88	4	0	-88	88	88	88
VN150130	1	23	2	1992	6	7	4	0	-88	88	88	88
VN150130	2	28	1	2003	6	5	4	0	-88	88	88	88
VN150133	1	23	2	1998	5	88	4	0	-88	88	88	88
VN150134	1	24	16	2003	6	7	4	0	-88	88	88	88
VN150136	1	24	2	1996	5	88	4	0	-88	88	88	88
VN150136	2	15	1	2000	1	88	3	0	-88	88	88	88
VN150137	1	23	2	2005	6	88	4	0	-88	88	88	88
VN150138	1	23	2	1993	3	8	5	0	-88	88	88	88
VN150138	2	24	2	2003	3	8	5	0	-88	88	88	88
VN150139	1	28	1	2000	9	88	3	0	-88	88	88	88
VN150139	2	23	2	1996	5	88	4	0	-88	88	88	88
VN150140	1	23	4	2001	7	8	5	0	-88	88	88	88
VN150140	2	28	2	2002	7	8	5	0	-88	88	88	88
VN150141	1	28	2	1990	6	7	5	0	-88	88	88	88
VN150141	2	28	1	1987	6	7	5	0	-88	88	88	88
VN150142	1	23	2	2001	7	8	5	0	-88	88	88	88
VN160001	1	28	2	1997	7	8	4	0	-88	88	88	88
VN160002	1	21	2	1990	5	7	3	0	-88	88	88	88
VN160002	2	24	1	2000	6	7	3	0	-88	88	88	88
VN160002	3	23	2	1996	3	5	4	0	-88	88	88	88
VN160003	1	24	1	2000	6	4	4	0	-88	88	88	88
VN160003	2	23	2	1999	3	2	4	0	-88	88	88	88
VN160004	1	23	2	2000	7	6	4	0	-88	88	88	88
VN160004	2	28	1	1990	7	88	4	0	-88	88	88	88
VN160005	1	23	2	2000	7	8	5	0	-88	88	88	88
VN160005	2	28	1	1990	7	8	4	0	-88	88	88	88
VN160005	3	28	1	2004	7	8	5	0	-88	88	88	88
VN160006	1	23	2	2001	3	5	3	0	-88	88	88	88
VN160008	1	23	4	1998	6	8	6	0	-88	88	88	88
VN160009	1	23	4	2004	6	7	4	0	-88	88	88	88
VN160010	1	23	3	2000	7	8	5	0	-88	88	88	88
VN160010	2	28	4	1996	11	8	4	1	2003	0	15	2
VN160010	3	28	4	2003	8	88	4	1	2003	0	15	2
VN160011	1	28	1	2003	6	88	4	0	-88	88	88	88
VN160011	2	28	2	1997	7	88	5	0	-88	88	88	88
VN160012	1	23	2	2000	5	6	4	0	-88	88	88	88
VN160013	1	24	3	2000	5	88	3	1	2006	0	5	3
VN160013	2	21	3	1995	5	88	4	1	2000	0	6	3
VN160013	3	21	4	2001	6	88	4	1	2000	0	12	3
VN160013	4	23	4	1999	5	88	4	1	2003	0	14	3
VN160014	1	24	1	2006	5	6	4	0	-88	88	88	88
VN160014	2	23	2	1992	5	7	4	0	-88	88	88	88
VN160015	1	28	3	2001	6	7	4	0	-88	88	88	88
VN160015	2	23	4	1998	6	7	4	0	-88	88	88	88
VN160017	1	23	4	2001	7	8	5	0	-88	88	88	88
VN160018	1	23	2	2004	3	4	5	0	-88	88	88	88
VN160018	2	28	1	2004	7	8	5	0	-88	88	88	88
VN160018	3	28	1	1997	7	8	3	0	-88	88	88	88
VN160019	1	23	3	1993	6	4	3	0	-88	88	88	88
VN160019	2	24	3	2006	6	4	4	0	-88	88	88	88
VN160019	3	28	1	1976	6	88	3	0	-88	88	88	88
VN160019	4	28	1	1982	6	88	4	0	-88	88	88	88
VN160020	1	23	2	2001	5	6	3	0	-88	88	88	88
VN160021	1	23	2	1991	7	3	3	0	-88	88	88	88
VN160022	1	24	2	2006	6	88	4	0	-88	88	88	88
VN160022	2	28	2	1995	7	88	3	0	-88	88	88	88
VN160022	3	28	2	2003	7	88	4	0	-88	88	88	88
VN160024	1	23	2	2006	6	88	4	0	-88	88	88	88
VN160024	2	28	1	2001	7	88	5	0	-88	88	88	88
VN160025	1	23	2	1999	6	7	4	0	-88	88	88	88
VN160025	2	24	2	2006	6	7	4	0	-88	88	88	88
VN160026	1	23	2	1999	6	7	4	0	-88	88	88	88
VN160029	1	23	2	1996	6	7	4	0	-88	88	88	88
VN160032	1	23	2	1998	5	4	2	0	-88	88	88	88
VN160033	1	23	2	2003	3	4	5	0	-88	88	88	88
VN160034	1	23	2	2005	6	7	4	0	-88	88	88	88
VN160037	1	23	2	2000	6	7	4	0	-88	88	88	88
VN160037	2	24	2	1997	7	88	4	0	-88	88	88	88
VN160038	1	23	16	2003	7	8	5	0	-88	88	88	88
VN160039	1	23	2	2000	6	7	4	0	-88	88	88	88
VN160042	1	21	2	1990	6	7	3	1	1998	0	2	3
VN160042	2	28	1	2000	6	8	3	0	-88	88	88	88
VN160043	1	24	1	2000	5	2	4	0	-88	88	88	88
VN160043	2	23	2	1998	5	88	4	0	-88	88	88	88
VN160045	1	23	2	2006	6	7	4	0	-88	88	88	88
VN160046	1	23	4	1992	3	4	4	0	-88	88	88	88
VN160046	2	28	5	1990	8	6	4	0	-88	88	88	88
VN160046	3	16	6	1998	8	6	3	0	-88	88	88	88
VN160047	1	23	2	2002	5	6	4	0	-88	88	88	88
VN160048	1	22	2	1999	5	6	3	0	-88	88	88	88
VN160048	2	28	2	1996	5	6	3	1	1999	0	13	3
VN160049	1	23	17	1985	3	5	5	0	-88	88	88	88
VN160049	2	28	16	1990	7	8	5	0	-88	88	88	88
VN160050	1	23	2	2003	6	7	4	0	-88	88	88	88
VN160050	2	28	1	2002	7	88	4	0	-88	88	88	88
VN160051	1	23	2	2000	5	6	4	0	-88	88	88	88
VN160051	2	14	1	2005	4	88	4	0	-88	88	88	88
VN160052	1	23	4	2001	5	7	5	0	-88	88	88	88
VN160052	2	28	2	1998	7	8	4	0	-88	88	88	88
VN160053	1	28	1	2006	7	8	5	0	-88	88	88	88
VN160053	2	28	2	2006	7	8	5	0	-88	88	88	88
VN160054	1	21	2	2004	5	6	4	0	-88	88	88	88
VN160054	2	23	3	2000	5	4	4	0	-88	88	88	88
VN160055	1	23	1	2000	6	7	4	0	-88	88	88	88
VN160055	2	28	1	2003	6	7	4	0	-88	88	88	88
VN160056	1	23	3	2001	3	8	5	0	-88	88	88	88
VN160056	2	24	2	2006	3	8	5	0	-88	88	88	88
VN160057	1	23	2	-77	6	7	4	0	-88	88	88	88
VN160058	1	28	1	1992	7	8	1	0	-88	88	88	88
VN160058	2	28	1	1996	7	8	1	0	-88	88	88	88
VN160059	1	23	3	2001	6	7	4	0	-88	88	88	88
VN160060	1	24	1	2006	2	6	4	0	-88	88	88	88
VN160060	2	23	2	1998	5	9	4	0	-88	88	88	88
VN160062	1	24	3	2006	4	2	4	0	-88	88	88	88
VN160062	2	23	4	1995	5	7	4	0	-88	88	88	88
VN160063	1	23	2	2004	7	88	4	0	-88	88	88	88
VN160066	1	5	3	2000	5	6	4	0	-88	88	88	88
VN160066	2	21	3	2001	7	5	5	0	-88	88	88	88
VN160066	3	24	3	2002	5	6	4	0	-88	88	88	88
VN160066	4	21	4	2001	8	5	5	0	-88	88	88	88
VN160066	5	23	4	1993	5	6	4	0	-88	88	88	88
VN160068	1	24	3	2001	5	2	4	0	-88	88	88	88
VN160068	2	23	3	1995	6	3	4	0	-88	88	88	88
VN160070	1	24	1	2000	5	6	3	0	-88	88	88	88
VN160070	2	23	2	2001	7	5	4	0	-88	88	88	88
VN160070	3	14	2	2003	4	2	3	0	-88	88	88	88
VN160071	1	22	1	2001	6	3	3	0	-88	88	88	88
VN160071	2	23	2	1995	5	6	4	0	-88	88	88	88
VN160071	3	25	1	2003	10	2	3	0	-88	88	88	88
VN160072	1	23	2	1999	6	7	4	0	-88	88	88	88
VN160073	1	23	2	1995	3	8	5	0	-88	88	88	88
VN160073	2	28	2	2002	7	8	3	0	-88	88	88	88
VN160073	3	24	2	2002	7	8	4	0	-88	88	88	88
VN160073	4	28	1	2002	7	8	3	0	-88	88	88	88
VN160074	1	25	1	2005	2	4	3	0	-88	88	88	88
VN160074	2	23	2	2004	3	6	4	0	-88	88	88	88
VN160075	1	23	2	2000	7	8	5	0	-88	88	88	88
VN160075	2	28	1	2004	7	8	5	0	-88	88	88	88
VN160076	1	24	17	2002	7	88	4	0	-88	88	88	88
VN160076	2	28	16	1996	7	88	4	0	-88	88	88	88
VN160077	1	23	2	2004	3	4	5	0	-88	88	88	88
VN160077	2	24	2	2002	3	4	5	0	-88	88	88	88
VN160078	1	23	2	2000	3	6	5	0	-88	88	88	88
VN160078	2	28	1	2004	7	8	5	0	-88	88	88	88
VN160080	1	24	1	2000	6	7	4	0	-88	88	88	88
VN160080	2	23	2	2000	7	6	4	0	-88	88	88	88
VN160081	1	23	2	1992	6	7	4	0	-88	88	88	88
VN160081	2	24	1	2002	6	7	5	0	-88	88	88	88
VN160081	3	28	1	2006	7	88	5	0	-88	88	88	88
VN160082	1	24	1	2003	1	4	5	0	-88	88	88	88
VN160082	2	28	1	2005	7	8	5	0	-88	88	88	88
VN160082	3	28	1	2001	7	8	5	0	-88	88	88	88
VN160083	1	24	1	2001	2	3	4	0	-88	88	88	88
VN160083	2	23	2	2000	5	6	4	0	-88	88	88	88
VN160084	1	24	1	2003	2	7	4	0	-88	88	88	88
VN160084	2	22	1	2006	3	5	4	0	-88	88	88	88
VN160084	3	23	2	1995	5	6	4	0	-88	88	88	88
VN160085	1	23	2	1997	7	8	5	0	-88	88	88	88
VN160086	1	23	3	2005	6	7	4	0	-88	88	88	88
VN160089	1	10	1	2000	2	6	3	0	-88	88	88	88
VN160089	2	22	1	2002	6	8	4	0	-88	88	88	88
VN160089	3	24	2	1999	5	3	4	0	-88	88	88	88
VN160090	1	23	2	2000	6	7	4	0	-88	88	88	88
VN160090	2	24	1	2005	7	88	4	0	-88	88	88	88
VN160092	1	23	3	2001	3	7	5	0	-88	88	88	88
VN160093	1	24	1	2004	3	6	4	0	-88	88	88	88
VN160093	2	23	2	1995	5	6	4	0	-88	88	88	88
VN160094	1	23	2	2003	7	8	5	0	-88	88	88	88
VN160094	2	24	1	2001	7	8	5	0	-88	88	88	88
VN160095	1	23	4	2003	3	4	5	0	-88	88	88	88
VN160095	2	24	3	2003	3	4	3	0	-88	88	88	88
VN160095	3	16	6	2005	8	4	3	1	2005	0	15	2
VN160096	1	23	2	2002	7	8	5	0	-88	88	88	88
VN160097	1	23	2	1998	7	3	4	0	-88	88	88	88
VN160098	1	23	4	2001	3	4	4	0	-88	88	88	88
VN160098	2	24	3	1999	7	8	5	0	-88	88	88	88
VN160099	1	23	3	2001	6	7	4	0	-88	88	88	88
VN160099	2	24	1	1995	7	88	5	0	-88	88	88	88
VN160099	3	28	1	1995	7	88	5	0	-88	88	88	88
VN160104	1	23	2	1997	7	8	4	0	-88	88	88	88
VN160104	2	16	1	1993	7	8	3	0	-88	88	88	88
VN160104	3	28	1	2002	7	8	4	0	-88	88	88	88
VN160107	1	23	2	2000	6	3	4	0	-88	88	88	88
VN160114	1	23	2	1995	6	7	4	0	-88	88	88	88
VN170008	1	23	4	2005	6	2	4	0	-88	88	88	88
VN170011	1	23	2	2006	2	8	3	1	2006	0	16	3
VN170013	1	23	3	2002	2	3	2	0	-88	88	88	88
VN170020	1	23	7	2003	2	8	3	0	-88	88	88	88
VN170022	1	23	2	2005	2	6	3	0	-88	88	88	88
VN170028	1	23	2	2005	2	8	3	0	-88	88	88	88
VN170041	1	28	2	1999	7	6	2	0	-88	88	88	88
VN170050	1	23	2	2000	4	88	4	0	-88	88	88	88
VN170056	1	23	2	1996	4	88	3	0	-88	88	88	88
VN170057	1	18	80	1990	8	88	3	0	-88	88	88	88
VN170064	1	18	80	1998	8	88	4	0	-88	88	88	88
VN170070	1	22	1	1997	2	6	2	0	-88	88	88	88
VN170071	1	18	2	1994	8	88	3	0	-88	88	88	88
VN170076	1	23	3	2004	8	3	3	0	-88	88	88	88
VN170080	1	23	5	2004	8	6	3	0	-88	88	88	88
VN170083	1	23	2	2006	88	88	4	0	-88	88	88	88
VN170087	1	23	2	-77	8	6	3	0	-88	88	88	88
VN170089	1	23	1	1995	8	2	3	0	-88	88	88	88
VN170094	1	28	4	2005	7	8	3	0	-88	88	88	88
VN170097	1	23	3	1996	88	88	5	0	-88	88	88	88
VN170112	1	28	2	2001	4	6	2	0	-88	88	88	88
VN170114	1	23	2	1999	8	88	4	0	-88	88	88	88
VN170118	1	22	4	2002	6	8	3	0	-88	88	88	88
VN180001	1	28	2	2004	6	99	2	0	-88	88	88	88
VN180001	2	28	2	1993	6	99	2	1	1998	0	15	3
VN180002	1	28	3	2002	6	8	3	0	-88	88	88	88
VN180004	1	23	1	1976	4	5	3	0	-88	88	88	88
VN180016	1	23	1	2005	4	5	3	1	2005	0	3	2
VN180018	1	22	3	1988	4	5	3	1	2000	0	13	2
VN180019	1	22	1	1982	4	4	4	0	-88	88	88	88
VN180019	2	23	2	2006	4	5	4	0	-88	88	88	88
VN180020	1	23	3	2000	4	5	3	0	-88	88	88	88
VN180021	1	23	2	1976	7	4	3	0	-88	88	88	88
VN180021	2	22	3	1995	4	5	3	0	-88	88	88	88
VN180021	3	22	4	1999	4	5	3	0	-88	88	88	88
VN180023	1	23	4	2005	4	5	4	0	-88	88	88	88
VN180025	1	23	3	1985	5	4	3	0	-88	88	88	88
VN180027	1	22	1	1997	2	6	3	0	-88	88	88	88
VN180027	2	22	2	1997	2	6	3	1	1998	0	16	2
VN180028	1	23	4	2000	4	88	4	0	-88	88	88	88
VN180029	1	22	1	1992	4	5	3	0	-88	88	88	88
VN180029	2	22	2	1997	4	5	3	0	-88	88	88	88
VN180030	1	28	3	1976	1	4	2	1	1976	0	15	2
VN180030	2	23	4	1976	4	5	3	0	-88	88	88	88
VN180032	1	22	1	1990	4	5	3	0	-88	88	88	88
VN180032	2	22	2	1992	4	5	3	0	-88	88	88	88
VN180032	3	23	2	1990	4	5	4	0	-88	88	88	88
VN180036	1	23	2	1976	8	99	3	1	1976	0	7	2
VN180037	1	23	3	2001	8	2	5	0	-88	88	88	88
VN180042	1	23	6	2005	7	11	2	0	-88	88	88	88
VN180043	1	23	1	1976	4	5	3	0	-88	88	88	88
VN180044	1	23	5	2000	8	11	3	0	-88	88	88	88
VN180044	2	23	4	1980	11	88	3	0	-88	88	88	88
VN180047	1	22	6	1998	4	5	3	0	-88	88	88	88
VN180047	2	22	8	2001	4	5	3	0	-88	88	88	88
VN180048	1	22	80	2004	11	4	4	0	-88	88	88	88
VN180054	1	23	1	1964	6	4	3	0	-88	88	88	88
VN180054	2	22	80	1998	4	5	3	0	-88	88	88	88
VN180056	1	23	3	1990	11	88	3	0	-88	88	88	88
VN180056	2	28	2	2003	6	88	3	1	2004	0	16	2
VN180057	1	28	1	1996	8	6	3	0	-88	88	88	88
VN180057	2	28	2	1996	8	6	3	0	-88	88	88	88
VN180057	3	23	4	2000	2	5	4	0	-88	88	88	88
VN180058	1	22	2	1992	99	99	4	1	2006	0	16	3
VN180058	2	22	1	1998	99	99	4	0	-88	88	88	88
VN180066	1	28	1	1982	11	88	4	0	-88	88	88	88
VN180068	1	22	80	1996	7	11	3	0	-88	88	88	88
VN180069	1	28	8	2001	7	99	3	0	-88	88	88	88
VN180069	2	23	4	2002	5	4	3	0	-88	88	88	88
VN180069	3	22	4	1998	4	99	3	0	-88	88	88	88
VN180073	1	23	3	2003	4	88	4	0	-88	88	88	88
VN180074	1	23	8	2004	4	5	4	0	-88	88	88	88
VN180074	2	23	5	1960	4	5	4	0	-88	88	88	88
VN180074	3	28	4	1945	4	5	3	1	1945	0	10	2
VN180075	1	20	1	2000	6	4	4	0	-88	88	88	88
VN180075	2	28	1	2000	4	6	4	0	-88	88	88	88
VN180075	3	16	3	1990	5	2	3	0	-88	88	88	88
VN180075	4	23	4	1995	2	4	4	0	-88	88	88	88
VN180076	1	23	2	1976	4	5	5	0	-88	88	88	88
VN180076	2	23	4	1980	4	5	4	0	-88	88	88	88
VN180076	3	23	5	1982	4	4	4	0	-88	88	88	88
VN180077	1	22	2	2006	8	88	3	1	2006	0	16	3
VN180077	2	16	1	1998	8	88	2	0	-88	88	88	88
VN180078	1	22	1	1997	5	6	4	0	-88	88	88	88
VN180078	2	22	2	1997	5	6	4	0	-88	88	88	88
VN180079	1	22	80	1997	4	5	3	0	-88	88	88	88
VN180080	1	23	2	1999	4	5	4	0	-88	88	88	88
VN180080	2	22	2	1998	5	4	5	0	-88	88	88	88
VN180080	3	22	1	1996	4	5	4	0	-88	88	88	88
VN180080	4	16	1	1996	4	8	3	1	2002	0	16	2
VN180081	1	23	5	1995	4	5	3	0	-88	88	88	88
VN180084	1	23	2	1975	99	99	3	0	-88	88	88	88
VN180084	2	23	4	2000	99	99	3	0	-88	88	88	88
VN180085	1	23	4	2005	4	5	4	0	-88	88	88	88
VN180087	1	23	2	2006	4	5	4	0	-88	88	88	88
VN180089	1	23	1	2003	99	99	3	0	-88	88	88	88
VN180090	1	22	1	1987	4	5	3	0	-88	88	88	88
VN180090	2	23	2	1990	4	5	5	0	-88	88	88	88
VN180091	1	16	3	2006	5	6	4	1	2006	0	16	2
VN180095	1	22	4	1994	4	5	2	1	2006	0	16	77
VN180095	2	22	5	1992	4	5	3	0	-88	88	88	88
VN180095	3	23	5	2000	4	5	3	0	-88	88	88	88
VN180096	1	23	2	2003	99	99	4	0	-88	88	88	88
VN180098	1	22	1	1997	4	5	3	1	2005	0	11	2
VN180098	2	22	2	1994	4	5	3	0	-88	88	88	88
VN180098	3	23	2	1994	4	5	4	0	-88	88	88	88
VN180099	1	22	3	1995	4	5	3	0	-88	88	88	88
VN180105	1	23	2	2004	4	88	4	0	-88	88	88	88
VN180107	1	22	1	1995	4	99	3	0	-88	88	88	88
VN180107	2	22	2	1986	5	4	3	0	-88	88	88	88
VN180110	1	22	2	2003	4	5	3	0	-88	88	88	88
VN180110	2	22	3	1997	4	5	3	0	-88	88	88	88
VN180110	3	23	3	2002	4	5	4	0	-88	88	88	88
VN180113	1	5	5	1989	4	5	3	0	-88	88	88	88
VN180121	1	22	1	2006	4	5	3	0	-88	88	88	88
VN180121	2	23	2	2002	4	5	4	0	-88	88	88	88
VN190001	1	24	1	1996	11	4	4	0	-88	88	88	88
VN190001	2	23	2	1996	4	5	3	0	-88	88	88	88
VN190002	1	23	2	2000	4	6	3	0	-88	88	88	88
VN190003	1	23	4	2004	4	5	3	0	-88	88	88	88
VN190005	1	23	2	1995	4	5	4	0	-88	88	88	88
VN190006	1	23	2	1995	4	5	3	0	-88	88	88	88
VN190006	2	22	1	1985	4	5	3	0	-88	88	88	88
VN190007	1	23	2	1994	3	4	4	0	-88	88	88	88
VN190008	1	23	4	1999	99	99	3	0	-88	88	88	88
VN190010	1	23	2	2000	4	7	3	1	2004	0	11	2
VN190010	2	22	1	1996	4	99	3	0	-88	88	88	88
VN190011	1	23	1	2002	4	5	3	0	-88	88	88	88
VN190012	1	23	6	2002	4	5	4	0	-88	88	88	88
VN190013	1	23	2	2002	4	6	3	0	-88	88	88	88
VN190014	1	23	2	1993	4	5	3	0	-88	88	88	88
VN190015	1	23	2	1995	3	5	3	0	-88	88	88	88
VN190018	1	22	1	1984	5	99	3	0	-88	88	88	88
VN190018	2	21	2	1994	4	5	3	0	-88	88	88	88
VN190019	1	23	2	2002	4	5	3	0	-88	88	88	88
VN190021	1	23	2	1970	4	5	3	0	-88	88	88	88
VN190021	2	23	4	2001	4	88	6	0	-88	88	88	88
VN190022	1	24	1	1994	5	99	3	0	-88	88	88	88
VN190022	2	23	2	1995	4	5	3	0	-88	88	88	88
VN190022	3	28	4	1978	7	5	4	0	-88	88	88	88
VN190026	1	23	3	2002	4	5	3	0	-88	88	88	88
VN190027	1	22	2	2003	4	6	3	0	-88	88	88	88
VN190027	2	22	1	1988	4	6	3	0	-88	88	88	88
VN190027	3	23	2	2001	5	4	5	0	-88	88	88	88
VN190027	4	24	1	2001	5	4	5	0	-88	88	88	88
VN190028	1	23	2	1996	4	5	3	0	-88	88	88	88
VN190029	1	22	2	2006	4	5	3	0	-88	88	88	88
VN190029	2	22	1	1996	4	5	3	0	-88	88	88	88
VN190029	3	28	1	1986	4	5	4	0	-88	88	88	88
VN190030	1	23	2	2001	4	6	3	0	-88	88	88	88
VN190030	2	16	1	1999	2	6	3	0	-88	88	88	88
VN190031	1	22	1	2002	11	88	3	0	-88	88	88	88
VN190031	2	28	1	1998	11	88	3	0	-88	88	88	88
VN190031	3	23	2	1997	11	88	3	0	-88	88	88	88
VN190033	1	23	6	2003	4	6	3	0	-88	88	88	88
VN190034	1	23	4	2003	4	5	3	0	-88	88	88	88
VN190034	2	22	3	2001	4	5	3	0	-88	88	88	88
VN190034	3	23	2	1985	4	5	3	0	-88	88	88	88
VN190035	1	23	2	2006	5	6	4	0	-88	88	88	88
VN190036	1	24	2	1997	4	6	4	0	-88	88	88	88
VN190036	2	23	3	2000	4	6	4	0	-88	88	88	88
VN190037	1	24	4	2005	11	88	3	0	-88	88	88	88
VN190038	1	24	2	2004	11	88	5	0	-88	88	88	88
VN190039	1	24	1	2001	4	6	4	0	-88	88	88	88
VN190039	2	23	2	2003	4	6	4	0	-88	88	88	88
VN190040	1	23	3	1998	4	5	3	0	-88	88	88	88
VN190040	2	22	4	2002	5	88	3	0	-88	88	88	88
VN190042	1	23	3	2000	2	4	3	0	-88	88	88	88
VN190043	1	23	5	2003	4	6	3	0	-88	88	88	88
VN190044	1	23	2	2000	4	5	3	0	-88	88	88	88
VN190044	2	23	4	2001	4	88	3	0	-88	88	88	88
VN190044	3	24	3	1999	4	5	4	0	-88	88	88	88
VN190047	1	28	1	2003	4	7	4	0	-88	88	88	88
VN190047	2	28	2	2004	4	7	4	0	-88	88	88	88
VN190047	3	23	5	2004	4	5	3	0	-88	88	88	88
VN190048	1	22	2	2006	5	11	3	0	-88	88	88	88
VN190048	2	23	2	2000	5	88	3	0	-88	88	88	88
VN190050	1	28	1	1986	7	4	3	0	-88	88	88	88
VN190050	2	23	4	2003	4	5	3	0	-88	88	88	88
VN190051	1	23	2	2004	5	88	3	0	-88	88	88	88
VN190052	1	24	1	2003	5	6	3	0	-88	88	88	88
VN190054	1	23	3	1994	4	6	4	0	-88	88	88	88
VN190054	2	24	2	1994	4	6	4	0	-88	88	88	88
VN190056	1	22	1	1994	4	5	3	0	-88	88	88	88
VN190056	2	23	2	1992	4	5	3	0	-88	88	88	88
VN190057	1	23	2	2001	4	5	3	0	-88	88	88	88
VN190058	1	23	2	1994	11	88	3	0	-88	88	88	88
VN190058	2	24	1	1994	11	88	3	0	-88	88	88	88
VN190060	1	24	2	2005	3	5	3	0	-88	88	88	88
VN190060	2	23	3	2004	4	6	3	0	-88	88	88	88
VN190061	1	23	2	2003	4	5	3	0	-88	88	88	88
VN190061	2	24	1	2001	4	11	3	0	-88	88	88	88
VN190064	1	22	3	2003	4	5	3	0	-88	88	88	88
VN190064	2	22	4	2006	4	5	3	0	-88	88	88	88
VN190066	1	23	4	2001	4	5	3	0	-88	88	88	88
VN190066	2	28	2	2000	7	4	5	0	-88	88	88	88
VN190069	1	28	1	1991	7	8	5	0	-88	88	88	88
VN190069	2	28	2	1994	7	99	5	0	-88	88	88	88
VN190069	3	23	4	2003	4	5	3	0	-88	88	88	88
VN190069	4	22	4	2005	4	5	3	0	-88	88	88	88
VN190069	5	22	3	2000	4	5	3	0	-88	88	88	88
VN190070	1	23	2	2004	3	5	4	0	-88	88	88	88
VN190070	2	24	1	2000	5	11	5	0	-88	88	88	88
VN190071	1	23	2	2003	8	4	3	1	2003	0	16	0
VN190072	1	23	3	2002	4	6	4	0	-88	88	88	88
VN190072	2	24	2	1997	4	6	4	0	-88	88	88	88
VN190074	1	23	2	1998	4	5	3	0	-88	88	88	88
VN190074	2	24	1	2002	4	5	4	0	-88	88	88	88
VN190077	1	23	2	1998	4	6	3	0	-88	88	88	88
VN190077	2	24	1	2001	4	6	3	0	-88	88	88	88
VN190079	1	23	2	2001	5	11	3	0	-88	88	88	88
VN190081	1	23	2	1990	4	5	3	0	-88	88	88	88
VN190081	2	24	1	2000	4	5	4	0	-88	88	88	88
VN190082	1	23	2	1999	4	5	3	0	-88	88	88	88
VN190082	2	28	1	2006	6	8	1	0	-88	88	88	88
VN190083	1	23	2	1993	5	4	3	0	-88	88	88	88
VN190084	1	23	2	1992	4	5	5	0	-88	88	88	88
VN190087	1	23	2	1985	4	6	3	0	-88	88	88	88
VN190087	2	24	1	1985	4	6	3	0	-88	88	88	88
VN190088	1	23	2	1989	5	4	3	0	-88	88	88	88
VN190088	2	24	1	1989	5	4	3	0	-88	88	88	88
VN190089	1	23	5	2003	2	4	3	0	-88	88	88	88
VN190089	2	24	4	2003	3	5	3	0	-88	88	88	88
VN190090	1	22	1	2003	4	88	3	0	-88	88	88	88
VN190091	1	28	1	2001	4	6	3	0	-88	88	88	88
VN190092	1	23	1	1988	4	5	3	0	-88	88	88	88
VN190092	2	24	2	1988	4	5	3	0	-88	88	88	88
VN190093	1	23	1	1976	4	5	3	0	-88	88	88	88
VN190093	2	23	3	2000	4	5	3	0	-88	88	88	88
VN190094	1	23	1	1990	5	6	5	0	-88	88	88	88
VN190094	2	23	3	1990	5	6	5	0	-88	88	88	88
VN190095	1	23	3	2003	2	4	3	0	-88	88	88	88
VN190096	1	23	2	2001	4	5	3	0	-88	88	88	88
VN190097	1	23	2	1996	4	6	4	0	-88	88	88	88
VN190097	2	24	1	1996	4	6	4	0	-88	88	88	88
VN190098	1	23	2	1991	2	4	3	0	-88	88	88	88
VN190098	2	24	1	1991	4	6	4	0	-88	88	88	88
VN190099	1	24	1	1981	4	5	4	0	-88	88	88	88
VN190099	2	23	2	1985	4	5	3	0	-88	88	88	88
VN190100	1	23	2	2000	5	11	4	0	-88	88	88	88
VN190105	1	23	2	1996	4	2	4	0	-88	88	88	88
VN190105	2	24	1	1996	5	6	4	0	-88	88	88	88
VN190107	1	23	2	2003	4	6	4	0	-88	88	88	88
VN190107	2	24	1	1996	4	6	3	0	-88	88	88	88
VN190110	1	23	4	1997	4	5	3	0	-88	88	88	88
VN190112	1	23	2	1995	4	5	3	0	-88	88	88	88
VN190112	2	24	1	1995	4	5	3	0	-88	88	88	88
VN190113	1	23	3	1976	4	5	3	0	-88	88	88	88
VN190113	2	23	2	2000	4	5	3	0	-88	88	88	88
VN190113	3	24	5	1976	4	11	3	0	-88	88	88	88
VN190115	1	22	2	1995	4	5	5	0	-88	88	88	88
VN190115	2	23	2	1997	4	5	5	0	-88	88	88	88
VN190115	3	22	1	1990	11	88	5	0	-88	88	88	88
VN190116	1	23	2	2001	4	6	3	0	-88	88	88	88
VN190116	2	22	1	1995	2	4	3	0	-88	88	88	88
VN190130	1	23	2	2005	4	5	3	0	-88	88	88	88
VN190130	2	10	2	2006	4	88	4	0	-88	88	88	88
VN190137	1	22	2	1993	4	5	3	0	-88	88	88	88
VN190137	2	23	2	1991	4	5	3	0	-88	88	88	88
VN200001	1	22	1	2003	6	5	3	1	2003	0	6	3
VN200001	2	23	2	2000	6	3	3	0	-88	88	88	88
VN200005	1	23	2	2002	99	99	4	0	-88	88	88	88
VN200009	1	23	2	2003	8	3	4	0	-88	88	88	88
VN200013	1	23	2	1985	2	88	2	0	-88	88	88	88
VN200014	1	18	80	1990	8	88	3	0	-88	88	88	88
VN200015	1	23	4	1975	8	3	3	0	-88	88	88	88
VN200015	2	16	5	2004	8	88	3	0	-88	88	88	88
VN200019	1	23	3	2005	4	6	4	0	-88	88	88	88
VN200019	2	15	1	2006	1	8	2	1	2006	0	2	3
VN200020	1	23	4	2006	2	88	4	0	-88	88	88	88
VN200022	1	28	3	1991	6	7	2	0	-88	88	88	88
VN200024	1	23	4	2006	8	3	4	0	-88	88	88	88
VN200028	1	28	2	1998	4	6	2	0	-88	88	88	88
VN200029	1	28	7	-77	8	4	3	0	-88	88	88	88
VN200032	1	23	2	2001	4	3	3	0	-88	88	88	88
VN200033	1	7	2	2002	6	4	4	0	-88	88	88	88
VN200034	1	23	2	2004	4	3	3	0	-88	88	88	88
VN200036	1	16	5	2005	77	77	2	0	-88	88	88	88
VN200040	1	23	2	2006	6	3	3	1	2006	1	8	2
VN200041	1	24	1	2006	6	88	2	1	2006	0	16	3
VN200041	2	16	3	1999	4	88	2	1	1999	1	16	3
VN200041	3	16	4	2002	4	88	2	1	2004	1	16	3
VN200042	1	28	1	2002	4	7	3	0	-88	88	88	88
VN200046	1	23	2	2001	3	4	3	0	-88	88	88	88
VN200052	1	99	2	2003	6	4	3	1	2003	0	8	3
VN200053	1	23	5	1999	3	8	3	0	-88	88	88	88
VN200057	1	23	4	2000	3	8	5	0	-88	88	88	88
VN200060	1	23	6	2003	99	99	4	0	-88	88	88	88
VN200062	1	23	2	2001	4	88	4	0	-88	88	88	88
VN200080	1	23	2	2005	77	77	6	0	-88	88	88	88
VN200081	1	23	2	1999	11	88	4	0	-88	88	88	88
VN200085	1	7	1	2001	6	88	2	1	2003	0	14	2
VN200086	1	22	1	1987	8	3	2	0	-88	88	88	88
VN200086	2	22	2	1990	8	3	2	1	2003	0	6	99
VN200088	1	24	1	2003	3	88	5	0	-88	88	88	88
VN200090	1	28	2	2006	4	6	5	0	-88	88	88	88
VN200093	1	22	2	2005	6	4	3	1	2005	1	7	3
VN200115	1	28	2	2006	11	88	3	0	-88	88	88	88
VN200129	1	28	1	2000	4	7	3	0	-88	88	88	88
VN200148	1	23	2	2001	3	88	5	0	-88	88	88	88
