PLACEID	SCPRIDR5	PRBLCTLY
101	1	1
101	2	0
101	3	1
101	4	1
101	5	88
101	6	1
101	7	1
101	8	1
101	9	1
101	10	1
101	11	0
102	1	1
102	2	0
102	3	0
102	4	0
102	5	0
102	6	1
102	7	1
102	8	1
102	9	1
102	10	1
102	11	88
201	1	0
201	2	1
201	3	0
201	4	0
201	5	0
201	6	0
201	7	0
201	8	1
201	9	0
201	10	1
201	11	88
202	1	0
202	2	0
202	3	0
202	4	0
202	5	0
202	6	0
202	7	0
202	8	0
202	9	0
202	10	1
202	11	0
203	1	1
203	2	1
203	3	1
203	4	1
203	5	0
203	6	1
203	7	1
203	8	1
203	9	0
203	10	1
203	11	88
204	1	0
204	2	1
204	3	0
204	4	0
204	5	0
204	6	0
204	7	1
204	8	1
204	9	0
204	10	1
204	11	88
205	1	1
205	2	0
205	3	0
205	4	0
205	5	0
205	6	0
205	7	1
205	8	1
205	9	0
205	10	1
205	11	0
301	1	0
301	2	0
301	3	0
301	4	0
301	5	0
301	6	0
301	7	0
301	8	88
301	9	0
301	10	1
301	11	0
304	1	0
304	2	0
304	3	0
304	4	0
304	5	0
304	6	0
304	7	0
304	8	1
304	9	0
304	10	1
304	11	0
305	1	0
305	2	0
305	3	0
305	4	0
305	5	0
305	6	0
305	7	0
305	8	1
305	9	0
305	10	88
305	11	88
306	1	0
306	2	0
306	3	0
306	4	0
306	5	0
306	6	0
306	7	0
306	8	1
306	9	0
306	10	0
306	11	0
307	1	0
307	2	0
307	3	0
307	4	0
307	5	0
307	6	0
307	7	0
307	8	1
307	9	0
307	10	1
307	11	0
308	1	0
308	2	0
308	3	0
308	4	0
308	5	0
308	6	0
308	7	0
308	8	1
308	9	0
308	10	1
308	11	0
309	1	0
309	2	0
309	3	0
309	4	0
309	5	0
309	6	0
309	7	0
309	8	1
309	9	0
309	10	88
309	11	88
310	1	0
310	2	0
310	3	0
310	4	0
310	5	0
310	6	0
310	7	0
310	8	0
310	9	0
310	10	88
310	11	88
311	1	0
311	2	0
311	3	0
311	4	0
311	5	0
311	6	0
311	7	0
311	8	1
311	9	0
311	10	0
311	11	0
312	1	0
312	2	0
312	3	0
312	4	0
312	5	0
312	6	0
312	7	0
312	8	0
312	9	0
312	10	88
312	11	88
313	1	0
313	2	0
313	3	0
313	4	0
313	5	0
313	6	0
313	7	0
313	8	1
313	9	0
313	10	0
313	11	0
314	1	0
314	2	0
314	3	0
314	4	0
314	5	0
314	6	0
314	7	0
314	8	0
314	9	0
314	10	1
314	11	88
401	1	0
401	2	0
401	3	0
401	4	0
401	5	0
401	6	0
401	7	0
401	8	1
401	9	0
401	10	88
401	11	88
402	1	0
402	2	0
402	3	0
402	4	0
402	5	0
402	6	0
402	7	0
402	8	1
402	9	0
402	10	1
402	11	0
403	1	1
403	2	0
403	3	0
403	4	0
403	5	0
403	6	0
403	7	0
403	8	1
403	9	0
403	10	1
403	11	88
404	1	0
404	2	0
404	3	0
404	4	0
404	5	0
404	6	0
404	7	0
404	8	0
404	9	0
404	10	1
404	11	0
405	1	0
405	2	0
405	3	0
405	4	0
405	5	0
405	6	0
405	7	0
405	8	1
405	9	0
405	10	1
405	11	0
406	1	0
406	2	0
406	3	0
406	4	0
406	5	0
406	6	0
406	7	0
406	8	1
406	9	0
406	10	1
406	11	0
408	1	0
408	2	0
408	3	0
408	4	0
408	5	0
408	6	0
408	7	0
408	8	1
408	9	0
408	10	0
408	11	0
501	1	0
501	2	0
501	3	0
501	4	0
501	5	0
501	6	0
501	7	0
501	8	0
501	9	0
501	10	88
501	11	88
503	1	0
503	2	0
503	3	0
503	4	0
503	5	0
503	6	0
503	7	0
503	8	1
503	9	0
503	10	1
503	11	0
504	1	1
504	2	0
504	3	0
504	4	0
504	5	0
504	6	1
504	7	0
504	8	1
504	9	0
504	10	1
504	11	0
505	1	1
505	2	1
505	3	0
505	4	0
505	5	0
505	6	0
505	7	1
505	8	0
505	9	0
505	10	1
505	11	88
507	1	1
507	2	1
507	3	0
507	4	0
507	5	0
507	6	0
507	7	0
507	8	0
507	9	0
507	10	88
507	11	88
508	1	1
508	2	0
508	3	0
508	4	0
508	5	0
508	6	0
508	7	0
508	8	0
508	9	0
508	10	0
508	11	0
509	1	0
509	2	0
509	3	0
509	4	0
509	5	0
509	6	0
509	7	0
509	8	0
509	9	0
509	10	0
509	11	0
510	1	1
510	2	0
510	3	0
510	4	0
510	5	0
510	6	1
510	7	1
510	8	1
510	9	0
510	10	1
510	11	0
511	1	0
511	2	1
511	3	0
511	4	0
511	5	0
511	6	0
511	7	0
511	8	0
511	9	0
511	10	88
511	11	88
512	1	1
512	2	1
512	3	1
512	4	0
512	5	1
512	6	1
512	7	1
512	8	1
512	9	0
512	10	1
512	11	0
601	1	0
601	2	0
601	3	0
601	4	0
601	5	0
601	6	0
601	7	0
601	8	1
601	9	0
601	10	1
601	11	88
602	1	1
602	2	88
602	3	1
602	4	1
602	5	0
602	6	1
602	7	1
602	8	1
602	9	0
602	10	1
602	11	88
701	1	1
701	2	0
701	3	0
701	4	0
701	5	0
701	6	0
701	7	0
701	8	1
701	9	0
701	10	0
701	11	0
702	1	1
702	2	0
702	3	0
702	4	1
702	5	0
702	6	0
702	7	1
702	8	1
702	9	0
702	10	1
702	11	1
703	1	1
703	2	0
703	3	0
703	4	1
703	5	0
703	6	0
703	7	0
703	8	1
703	9	0
703	10	0
703	11	0
704	1	1
704	2	0
704	3	0
704	4	0
704	5	1
704	6	0
704	7	0
704	8	1
704	9	1
704	10	0
704	11	0
801	1	1
801	2	88
801	3	0
801	4	1
801	5	0
801	6	1
801	7	1
801	8	1
801	9	0
801	10	1
801	11	1
802	1	1
802	2	88
802	3	1
802	4	1
802	5	1
802	6	1
802	7	1
802	8	1
802	9	1
802	10	1
802	11	0
803	1	0
803	2	0
803	3	0
803	4	0
803	5	0
803	6	1
803	7	1
803	8	1
803	9	0
803	10	0
803	11	0
901	1	1
901	2	1
901	3	0
901	4	0
901	5	0
901	6	0
901	7	0
901	8	1
901	9	0
901	10	1
901	11	0
902	1	1
902	2	1
902	3	0
902	4	0
902	5	0
902	6	0
902	7	0
902	8	1
902	9	0
902	10	1
902	11	0
903	1	1
903	2	1
903	3	0
903	4	0
903	5	0
903	6	0
903	7	0
903	8	1
903	9	1
903	10	0
903	11	0
904	1	0
904	2	0
904	3	0
904	4	0
904	5	0
904	6	0
904	7	1
904	8	1
904	9	0
904	10	0
904	11	0
905	1	0
905	2	1
905	3	0
905	4	1
905	5	0
905	6	0
905	7	0
905	8	1
905	9	0
905	10	0
905	11	0
906	1	0
906	2	0
906	3	0
906	4	0
906	5	0
906	6	0
906	7	0
906	8	1
906	9	0
906	10	0
906	11	0
907	1	1
907	2	0
907	3	0
907	4	0
907	5	0
907	6	0
907	7	0
907	8	1
907	9	0
907	10	0
907	11	0
908	1	1
908	2	1
908	3	0
908	4	1
908	5	1
908	6	0
908	7	0
908	8	1
908	9	1
908	10	0
908	11	0
909	1	1
909	2	0
909	3	0
909	4	1
909	5	0
909	6	0
909	7	0
909	8	1
909	9	0
909	10	0
909	11	0
910	1	1
910	2	1
910	3	0
910	4	0
910	5	0
910	6	0
910	7	0
910	8	1
910	9	0
910	10	0
910	11	0
911	1	0
911	2	0
911	3	0
911	4	0
911	5	0
911	6	0
911	7	0
911	8	0
911	9	0
911	10	0
911	11	0
912	1	1
912	2	1
912	3	0
912	4	0
912	5	0
912	6	0
912	7	0
912	8	1
912	9	0
912	10	0
912	11	0
1001	1	1
1001	2	0
1001	3	0
1001	4	0
1001	5	0
1001	6	0
1001	7	1
1001	8	1
1001	9	0
1001	10	0
1001	11	0
1003	1	1
1003	2	0
1003	3	0
1003	4	0
1003	5	0
1003	6	0
1003	7	1
1003	8	1
1003	9	0
1003	10	0
1003	11	0
1004	1	1
1004	2	0
1004	3	0
1004	4	1
1004	5	0
1004	6	0
1004	7	1
1004	8	1
1004	9	0
1004	10	0
1004	11	0
1005	1	1
1005	2	0
1005	3	0
1005	4	1
1005	5	0
1005	6	0
1005	7	1
1005	8	1
1005	9	0
1005	10	0
1005	11	0
1006	1	1
1006	2	0
1006	3	0
1006	4	0
1006	5	0
1006	6	0
1006	7	1
1006	8	1
1006	9	0
1006	10	0
1006	11	0
1101	1	1
1101	2	0
1101	3	0
1101	4	0
1101	5	0
1101	6	0
1101	7	0
1101	8	1
1101	9	0
1101	10	0
1101	11	0
1102	1	1
1102	2	0
1102	3	0
1102	4	1
1102	5	0
1102	6	0
1102	7	0
1102	8	1
1102	9	0
1102	10	0
1102	11	0
1103	1	1
1103	2	1
1103	3	0
1103	4	0
1103	5	1
1103	6	0
1103	7	0
1103	8	1
1103	9	0
1103	10	0
1103	11	0
1104	1	0
1104	2	0
1104	3	0
1104	4	0
1104	5	0
1104	6	0
1104	7	0
1104	8	0
1104	9	0
1104	10	0
1104	11	0
1105	1	1
1105	2	1
1105	3	0
1105	4	0
1105	5	0
1105	6	0
1105	7	0
1105	8	1
1105	9	0
1105	10	0
1105	11	0
1106	1	0
1106	2	0
1106	3	0
1106	4	0
1106	5	0
1106	6	0
1106	7	0
1106	8	1
1106	9	0
1106	10	0
1106	11	0
1107	1	0
1107	2	0
1107	3	0
1107	4	0
1107	5	0
1107	6	0
1107	7	0
1107	8	1
1107	9	0
1107	10	0
1107	11	0
1108	1	0
1108	2	0
1108	3	0
1108	4	0
1108	5	0
1108	6	0
1108	7	0
1108	8	1
1108	9	0
1108	10	0
1108	11	0
1202	1	1
1202	2	0
1202	3	0
1202	4	1
1202	5	0
1202	6	1
1202	7	1
1202	8	1
1202	9	0
1202	10	1
1202	11	0
1203	1	1
1203	2	0
1203	3	1
1203	4	1
1203	5	0
1203	6	1
1203	7	1
1203	8	1
1203	9	1
1203	10	1
1203	11	1
1302	1	1
1302	2	0
1302	3	1
1302	4	1
1302	5	1
1302	6	1
1302	7	1
1302	8	1
1302	9	0
1302	10	1
1302	11	1
1303	1	1
1303	2	0
1303	3	0
1303	4	1
1303	5	1
1303	6	1
1303	7	1
1303	8	1
1303	9	1
1303	10	1
1303	11	0
1304	1	1
1304	2	0
1304	3	1
1304	4	1
1304	5	1
1304	6	1
1304	7	1
1304	8	1
1304	9	1
1304	10	1
1304	11	1
1402	1	1
1402	2	0
1402	3	1
1402	4	1
1402	5	0
1402	6	1
1402	7	1
1402	8	1
1402	9	1
1402	10	0
1402	11	0
1403	1	1
1403	2	0
1403	3	1
1403	4	1
1403	5	0
1403	6	1
1403	7	1
1403	8	1
1403	9	1
1403	10	1
1403	11	0
1404	1	1
1404	2	0
1404	3	0
1404	4	1
1404	5	0
1404	6	1
1404	7	1
1404	8	1
1404	9	1
1404	10	0
1404	11	0
1501	1	1
1501	2	0
1501	3	1
1501	4	1
1501	5	1
1501	6	1
1501	7	1
1501	8	1
1501	9	0
1501	10	0
1501	11	0
1502	1	1
1502	2	0
1502	3	1
1502	4	0
1502	5	1
1502	6	0
1502	7	0
1502	8	1
1502	9	0
1502	10	0
1502	11	0
1503	1	1
1503	2	0
1503	3	0
1503	4	0
1503	5	0
1503	6	0
1503	7	0
1503	8	0
1503	9	0
1503	10	0
1503	11	0
1504	1	1
1504	2	0
1504	3	0
1504	4	1
1504	5	0
1504	6	0
1504	7	0
1504	8	1
1504	9	0
1504	10	0
1504	11	0
1505	1	1
1505	2	0
1505	3	0
1505	4	0
1505	5	1
1505	6	0
1505	7	0
1505	8	1
1505	9	1
1505	10	0
1505	11	0
1506	1	1
1506	2	0
1506	3	0
1506	4	1
1506	5	0
1506	6	0
1506	7	1
1506	8	1
1506	9	0
1506	10	0
1506	11	0
1507	1	1
1507	2	0
1507	3	0
1507	4	1
1507	5	0
1507	6	1
1507	7	1
1507	8	1
1507	9	0
1507	10	0
1507	11	0
1508	1	1
1508	2	0
1508	3	0
1508	4	0
1508	5	0
1508	6	0
1508	7	0
1508	8	1
1508	9	0
1508	10	0
1508	11	0
1509	1	1
1509	2	0
1509	3	1
1509	4	1
1509	5	1
1509	6	1
1509	7	1
1509	8	1
1509	9	1
1509	10	0
1509	11	0
1601	1	0
1601	2	1
1601	3	0
1601	4	0
1601	5	0
1601	6	0
1601	7	0
1601	8	1
1601	9	0
1601	10	0
1601	11	0
1602	1	1
1602	2	1
1602	3	0
1602	4	0
1602	5	0
1602	6	0
1602	7	0
1602	8	1
1602	9	0
1602	10	0
1602	11	0
1603	1	1
1603	2	1
1603	3	0
1603	4	0
1603	5	0
1603	6	0
1603	7	0
1603	8	1
1603	9	0
1603	10	0
1603	11	0
1604	1	0
1604	2	0
1604	3	0
1604	4	0
1604	5	0
1604	6	0
1604	7	0
1604	8	1
1604	9	0
1604	10	0
1604	11	0
1605	1	1
1605	2	0
1605	3	0
1605	4	0
1605	5	0
1605	6	0
1605	7	0
1605	8	1
1605	9	0
1605	10	0
1605	11	0
1606	1	1
1606	2	1
1606	3	0
1606	4	0
1606	5	0
1606	6	0
1606	7	0
1606	8	1
1606	9	0
1606	10	0
1606	11	0
1607	1	1
1607	2	1
1607	3	0
1607	4	0
1607	5	0
1607	6	0
1607	7	0
1607	8	0
1607	9	0
1607	10	0
1607	11	0
1608	1	1
1608	2	1
1608	3	0
1608	4	0
1608	5	0
1608	6	0
1608	7	0
1608	8	1
1608	9	0
1608	10	0
1608	11	0
1701	1	1
1701	2	1
1701	3	0
1701	4	0
1701	5	0
1701	6	0
1701	7	0
1701	8	1
1701	9	0
1701	10	0
1701	11	0
1702	1	1
1702	2	1
1702	3	0
1702	4	0
1702	5	0
1702	6	0
1702	7	0
1702	8	1
1702	9	0
1702	10	0
1702	11	0
1703	1	1
1703	2	0
1703	3	0
1703	4	0
1703	5	0
1703	6	0
1703	7	0
1703	8	1
1703	9	0
1703	10	0
1703	11	0
1704	1	1
1704	2	1
1704	3	0
1704	4	0
1704	5	0
1704	6	0
1704	7	0
1704	8	0
1704	9	0
1704	10	0
1704	11	0
1705	1	1
1705	2	1
1705	3	0
1705	4	0
1705	5	0
1705	6	0
1705	7	0
1705	8	0
1705	9	0
1705	10	0
1705	11	0
1708	1	1
1708	2	0
1708	3	0
1708	4	0
1708	5	0
1708	6	0
1708	7	0
1708	8	1
1708	9	0
1708	10	0
1708	11	0
1709	1	1
1709	2	1
1709	3	0
1709	4	0
1709	5	0
1709	6	0
1709	7	0
1709	8	1
1709	9	0
1709	10	0
1709	11	0
1710	1	1
1710	2	1
1710	3	1
1710	4	0
1710	5	0
1710	6	0
1710	7	1
1710	8	1
1710	9	0
1710	10	0
1710	11	0
1711	1	1
1711	2	0
1711	3	0
1711	4	0
1711	5	0
1711	6	0
1711	7	0
1711	8	1
1711	9	0
1711	10	0
1711	11	0
1801	1	0
1801	2	0
1801	3	0
1801	4	0
1801	5	0
1801	6	0
1801	7	0
1801	8	0
1801	9	0
1801	10	0
1801	11	0
1802	1	1
1802	2	1
1802	3	0
1802	4	0
1802	5	0
1802	6	0
1802	7	0
1802	8	1
1802	9	1
1802	10	0
1802	11	0
1803	1	1
1803	2	1
1803	3	0
1803	4	0
1803	5	0
1803	6	0
1803	7	0
1803	8	1
1803	9	0
1803	10	0
1803	11	0
1804	1	0
1804	2	0
1804	3	0
1804	4	0
1804	5	0
1804	6	0
1804	7	0
1804	8	1
1804	9	0
1804	10	0
1804	11	0
1805	1	0
1805	2	0
1805	3	0
1805	4	0
1805	5	0
1805	6	0
1805	7	0
1805	8	1
1805	9	0
1805	10	0
1805	11	0
1806	1	0
1806	2	0
1806	3	0
1806	4	0
1806	5	0
1806	6	0
1806	7	0
1806	8	1
1806	9	0
1806	10	0
1806	11	0
1807	1	1
1807	2	1
1807	3	0
1807	4	1
1807	5	0
1807	6	0
1807	7	1
1807	8	1
1807	9	0
1807	10	0
1807	11	0
1901	1	1
1901	2	0
1901	3	0
1901	4	0
1901	5	0
1901	6	0
1901	7	0
1901	8	1
1901	9	0
1901	10	0
1901	11	0
1902	1	1
1902	2	1
1902	3	0
1902	4	0
1902	5	0
1902	6	0
1902	7	1
1902	8	1
1902	9	1
1902	10	0
1902	11	0
1903	1	0
1903	2	0
1903	3	0
1903	4	0
1903	5	0
1903	6	0
1903	7	0
1903	8	1
1903	9	0
1903	10	0
1903	11	0
1904	1	1
1904	2	1
1904	3	0
1904	4	0
1904	5	0
1904	6	0
1904	7	0
1904	8	1
1904	9	1
1904	10	0
1904	11	0
1905	1	1
1905	2	0
1905	3	0
1905	4	0
1905	5	0
1905	6	0
1905	7	0
1905	8	1
1905	9	0
1905	10	0
1905	11	0
2001	1	1
2001	2	88
2001	3	0
2001	4	0
2001	5	0
2001	6	0
2001	7	0
2001	8	1
2001	9	1
2001	10	88
2001	11	88
2002	1	1
2002	2	88
2002	3	0
2002	4	0
2002	5	0
2002	6	0
2002	7	0
2002	8	1
2002	9	0
2002	10	0
2002	11	0
2003	1	1
2003	2	88
2003	3	1
2003	4	1
2003	5	1
2003	6	1
2003	7	1
2003	8	1
2003	9	1
2003	10	0
2003	11	0
2004	1	1
2004	2	88
2004	3	1
2004	4	0
2004	5	0
2004	6	0
2004	7	0
2004	8	1
2004	9	1
2004	10	88
2004	11	88
2005	1	1
2005	2	88
2005	3	1
2005	4	0
2005	5	0
2005	6	1
2005	7	1
2005	8	1
2005	9	1
2005	10	88
2005	11	88
2006	1	1
2006	2	88
2006	3	1
2006	4	0
2006	5	0
2006	6	0
2006	7	1
2006	8	1
2006	9	1
2006	10	0
2006	11	0
2007	1	1
2007	2	0
2007	3	0
2007	4	0
2007	5	0
2007	6	0
2007	7	0
2007	8	1
2007	9	0
2007	10	0
2007	11	0
2008	1	1
2008	2	88
2008	3	0
2008	4	0
2008	5	0
2008	6	0
2008	7	1
2008	8	1
2008	9	1
2008	10	0
2008	11	0
8002	1	1
8002	2	88
8002	3	1
8002	4	1
8002	5	88
8002	6	1
8002	7	1
8002	8	1
8002	9	1
8002	10	1
8002	11	88
8003	1	1
8003	2	1
8003	3	1
8003	4	0
8003	5	0
8003	6	0
8003	7	1
8003	8	1
8003	9	0
8003	10	88
8003	11	88
8004	1	1
8004	2	88
8004	3	1
8004	4	1
8004	5	0
8004	6	1
8004	7	1
8004	8	1
8004	9	0
8004	10	1
8004	11	0
8006	1	1
8006	2	88
8006	3	1
8006	4	1
8006	5	0
8006	6	1
8006	7	1
8006	8	1
8006	9	0
8006	10	1
8006	11	0
8007	1	1
8007	2	88
8007	3	1
8007	4	1
8007	5	1
8007	6	1
8007	7	1
8007	8	1
8007	9	0
8007	10	0
8007	11	0
8008	1	1
8008	2	0
8008	3	1
8008	4	1
8008	5	0
8008	6	1
8008	7	1
8008	8	1
8008	9	1
8008	10	0
8008	11	0
8009	1	1
8009	2	88
8009	3	0
8009	4	0
8009	5	0
8009	6	1
8009	7	1
8009	8	1
8009	9	0
8009	10	0
8009	11	0
8010	1	1
8010	2	88
8010	3	1
8010	4	0
8010	5	0
8010	6	1
8010	7	1
8010	8	1
8010	9	1
8010	10	0
8010	11	0
8011	1	1
8011	2	0
8011	3	1
8011	4	1
8011	5	1
8011	6	1
8011	7	0
8011	8	1
8011	9	1
8011	10	0
8011	11	0
8012	1	1
8012	2	0
8012	3	1
8012	4	1
8012	5	0
8012	6	1
8012	7	1
8012	8	1
8012	9	1
8012	10	88
8012	11	88
8014	1	1
8014	2	1
8014	3	0
8014	4	1
8014	5	0
8014	6	1
8014	7	1
8014	8	1
8014	9	0
8014	10	0
8014	11	0
8015	1	1
8015	2	0
8015	3	0
8015	4	0
8015	5	0
8015	6	0
8015	7	0
8015	8	0
8015	9	0
8015	10	0
8015	11	0
8016	1	1
8016	2	0
8016	3	1
8016	4	1
8016	5	0
8016	6	1
8016	7	1
8016	8	1
8016	9	1
8016	10	0
8016	11	0
8017	1	0
8017	2	88
8017	3	0
8017	4	0
8017	5	0
8017	6	1
8017	7	1
8017	8	0
8017	9	0
8017	10	0
8017	11	0
8018	1	1
8018	2	0
8018	3	1
8018	4	0
8018	5	0
8018	6	1
8018	7	1
8018	8	1
8018	9	88
8018	10	88
8018	11	88
8019	1	1
8019	2	0
8019	3	1
8019	4	0
8019	5	0
8019	6	1
8019	7	1
8019	8	1
8019	9	0
8019	10	0
8019	11	0
8020	1	1
8020	2	0
8020	3	1
8020	4	0
8020	5	0
8020	6	0
8020	7	1
8020	8	1
8020	9	1
8020	10	0
8020	11	0
8021	1	1
8021	2	0
8021	3	0
8021	4	0
8021	5	0
8021	6	1
8021	7	1
8021	8	1
8021	9	0
8021	10	0
8021	11	0
8022	1	1
8022	2	1
8022	3	1
8022	4	1
8022	5	0
8022	6	1
8022	7	1
8022	8	1
8022	9	1
8022	10	1
8022	11	88
8023	1	1
8023	2	0
8023	3	0
8023	4	0
8023	5	0
8023	6	0
8023	7	0
8023	8	0
8023	9	0
8023	10	1
8023	11	88
8024	1	1
8024	2	0
8024	3	0
8024	4	0
8024	5	0
8024	6	0
8024	7	0
8024	8	0
8024	9	0
8024	10	0
8024	11	0
8025	1	1
8025	2	88
8025	3	0
8025	4	1
8025	5	88
8025	6	1
8025	7	1
8025	8	1
8025	9	0
8025	10	1
8025	11	88
8026	1	1
8026	2	0
8026	3	0
8026	4	1
8026	5	0
8026	6	1
8026	7	1
8026	8	1
8026	9	1
8026	10	0
8026	11	0
8027	1	1
8027	2	0
8027	3	1
8027	4	1
8027	5	0
8027	6	1
8027	7	1
8027	8	1
8027	9	0
8027	10	1
8027	11	0
8028	1	1
8028	2	88
8028	3	0
8028	4	0
8028	5	88
8028	6	1
8028	7	1
8028	8	1
8028	9	0
8028	10	88
8028	11	88
8029	1	1
8029	2	88
8029	3	1
8029	4	1
8029	5	1
8029	6	1
8029	7	1
8029	8	1
8029	9	1
8029	10	1
8029	11	0
8030	1	1
8030	2	0
8030	3	1
8030	4	1
8030	5	0
8030	6	1
8030	7	1
8030	8	1
8030	9	0
8030	10	0
8030	11	0
8031	1	1
8031	2	0
8031	3	0
8031	4	0
8031	5	0
8031	6	0
8031	7	0
8031	8	1
8031	9	0
8031	10	0
8031	11	0
8032	1	1
8032	2	1
8032	3	1
8032	4	1
8032	5	0
8032	6	1
8032	7	1
8032	8	1
8032	9	1
8032	10	1
8032	11	0
8033	1	1
8033	2	1
8033	3	1
8033	4	0
8033	5	0
8033	6	1
8033	7	1
8033	8	1
8033	9	1
8033	10	0
8033	11	0
8034	1	1
8034	2	0
8034	3	1
8034	4	1
8034	5	0
8034	6	1
8034	7	1
8034	8	1
8034	9	1
8034	10	1
8034	11	0
