formno	childid	crechid	agecrech	crechdur	crechtyp	paycrech	crchqual	dayscrec	hrscrech	crechvis
R2INDX	PE011003	1	23	1	4	0	2	5	6	1
R2INDX	PE011004	1	6	2	4	1	2	5	5	1
R2INDX	PE011007	1	32	3	4	1	2	5	4	1
R2INDX	PE011010	1	24	2	4	0	2	5	4	1
R2INDX	PE011011	1	30	3	4	0	2	5	4	1
R2INDX	PE011012	1	34	3	4	1	2	5	3	1
R2INDX	PE011013	1	12	3	4	0	2	5	4	1
R2INDX	PE011016	1	24	2	4	0	2	5	4	1
R2INDX	PE011018	1	18	2	4	0	2	5	4	1
R2INDX	PE011022	1	36	2	4	0	1	5	4	1
R2INDX	PE011024	1	10	3	3	0	2	5	3	1
R2INDX	PE011026	1	24	3	4	0	2	5	7	0
R2INDX	PE011031	1	12	2	4	0	2	5	5	1
R2INDX	PE011035	1	30	3	4	0	3	5	3	1
R2INDX	PE011036	1	18	2	4	0	2	5	4	1
R2INDX	PE011036	2	24	3	4	0	2	5	4	1
R2INDX	PE011039	1	36	3	4	0	2	5	4	1
R2INDX	PE011041	1	24	2	4	0	2	5	6	1
R2INDX	PE011042	1	18	3	4	0	1	5	7	1
R2INDX	PE011046	1	24	3	4	0	2	5	4	1
R2INDX	PE011047	1	24	2	1	1	2	5	5	1
R2INDX	PE011048	1	8	1	4	1	2	5	4	1
R2INDX	PE011049	1	24	2	4	0	2	5	5	1
R2INDX	PE011051	1	30	3	4	0	2	5	3	1
R2INDX	PE011055	1	32	3	4	1	2	5	4	1
R2INDX	PE011056	1	24	2	7	1	1	5	5	1
R2INDX	PE011059	1	9	3	4	0	1	5	4	1
R2INDX	PE011060	1	30	2	4	0	3	5	4	1
R2INDX	PE011062	1	24	2	4	0	2	5	4	1
R2INDX	PE011063	1	18	2	4	0	2	5	3	1
R2INDX	PE011064	1	36	3	4	0	2	5	3	1
R2INDX	PE011067	1	30	1	4	0	3	4	3	1
R2INDX	PE011071	1	30	3	4	1	2	5	4	1
R2INDX	PE011072	1	36	3	4	0	2	5	2	1
R2INDX	PE011073	1	24	2	4	0	2	5	3	1
R2INDX	PE011074	1	17	2	4	0	3	2	1	1
R2INDX	PE011075	1	24	2	4	0	3	3	3	1
R2INDX	PE011076	1	24	3	4	0	2	5	4	1
R2INDX	PE011077	1	18	3	3	0	2	5	4	1
R2INDX	PE011078	1	12	3	4	0	2	5	4	1
R2INDX	PE011080	1	22	3	4	1	3	5	4	0
R2INDX	PE011083	1	18	2	4	0	1	6	8	1
R2INDX	PE011083	2	31	2	4	1	2	5	4	0
R2INDX	PE011085	1	8	3	4	0	2	3	2	1
R2INDX	PE011086	1	24	2	4	0	3	5	4	1
R2INDX	PE011088	1	24	3	3	0	2	5	4	1
R2INDX	PE011089	1	30	2	4	0	2	5	3	1
R2INDX	PE011090	1	36	3	4	0	2	5	2	1
R2INDX	PE011092	1	13	3	4	0	2	5	3	1
R2INDX	PE011093	1	12	3	4	0	2	5	4	1
R2INDX	PE011094	1	12	2	4	0	2	5	3	1
R2INDX	PE011096	1	21	2	4	0	3	4	2	1
R2INDX	PE011098	1	24	1	4	0	3	5	5	1
R2INDX	PE011099	1	24	2	4	0	2	5	8	1
R2INDX	PE021059	1	18	2	4	0	2	5	4	1
R2INDX	PE021076	1	24	2	3	1	2	5	3	1
R2INDX	PE021084	1	10	3	4	1	2	4	4	1
R2INDX	PE021088	1	18	2	4	1	2	5	3	1
R2INDX	PE021089	1	34	3	3	1	2	4	4	1
R2INDX	PE021093	1	24	2	4	1	2	5	3	1
R2INDX	PE031045	1	24	2	4	1	2	6	15	1
R2INDX	PE031057	1	30	2	4	0	3	2	4	1
R2INDX	PE031074	1	30	2	4	0	3	2	3	1
R2INDX	PE041018	1	35	2	4	0	2	3	2	1
R2INDX	PE041027	1	24	2	4	1	2	5	9	1
R2INDX	PE041036	1	34	1	4	0	4	3	3	1
R2INDX	PE041053	1	12	2	4	0	2	5	3	1
R2INDX	PE041094	1	28	2	4	0	2	5	3	1
R2INDX	PE051010	1	12	3	6	1	4	4	8	1
R2INDX	PE051031	1	14	2	4	1	2	5	8	1
R2INDX	PE061004	1	14	3	4	1	1	5	2	1
R2INDX	PE061014	1	30	2	4	1	2	3	4	1
R2INDX	PE061015	1	24	2	4	1	2	5	5	1
R2INDX	PE061034	1	28	2	4	0	2	5	4	1
R2INDX	PE061039	1	12	3	4	1	2	5	3	0
R2INDX	PE061045	1	24	3	4	1	3	2	2	1
R2INDX	PE061060	1	24	1	4	1	2	3	2	1
R2INDX	PE061061	1	24	2	4	1	1	5	4	1
R2INDX	PE061067	1	20	3	4	1	1	5	4	1
R2INDX	PE061086	1	6	3	4	0	3	2	2	1
R2INDX	PE061097	1	24	3	4	1	3	5	3	1
R2INDX	PE071001	1	30	1	1	1	2	5	3	1
R2INDX	PE071002	1	30	2	1	1	2	5	3	0
R2INDX	PE071003	1	28	2	4	0	2	5	4	1
R2INDX	PE071008	1	31	2	1	1	2	5	6	0
R2INDX	PE071009	1	24	2	4	0	2	5	5	1
R2INDX	PE071015	1	9	1	4	0	2	5	4	1
R2INDX	PE071019	1	30	2	4	0	2	5	3	1
R2INDX	PE071023	1	12	1	4	1	2	5	9	1
R2INDX	PE071025	1	3	3	4	0	1	5	4	1
R2INDX	PE071034	1	5	1	4	0	2	5	5	1
R2INDX	PE071036	1	8	2	4	1	2	5	7	0
R2INDX	PE071037	1	20	2	4	0	3	5	5	1
R2INDX	PE071038	1	16	2	3	1	2	5	5	1
R2INDX	PE071042	1	24	2	4	0	2	5	3	1
R2INDX	PE071044	1	8	3	4	0	2	5	9	1
R2INDX	PE071045	1	8	2	4	0	2	5	3	1
R2INDX	PE071049	1	24	2	1	1	1	5	4	1
R2INDX	PE071051	1	7	3	4	0	2	5	8	1
R2INDX	PE071055	1	7	3	4	0	2	5	7	1
R2INDX	PE071057	1	12	1	4	0	2	5	3	1
R2INDX	PE071062	1	8	1	4	0	2	3	5	1
R2INDX	PE071064	1	24	1	4	0	2	5	3	1
R2INDX	PE071066	1	9	4	1	1	2	5	6	1
R2INDX	PE071067	1	12	1	4	0	2	3	3	1
R2INDX	PE071071	1	12	3	4	0	2	5	4	1
R2INDX	PE071073	1	24	3	4	0	2	5	4	1
R2INDX	PE071076	1	30	2	4	0	2	5	3	1
R2INDX	PE071079	1	24	3	4	0	3	5	4	1
R2INDX	PE071081	1	12	2	4	0	2	5	3	1
R2INDX	PE071082	1	32	1	4	0	3	5	5	1
R2INDX	PE071083	1	12	1	4	0	2	2	5	1
R2INDX	PE071085	1	24	3	4	0	3	5	5	1
R2INDX	PE071086	1	12	3	4	1	2	5	3	1
R2INDX	PE071087	1	18	1	4	0	1	5	8	1
R2INDX	PE071088	1	3	3	4	0	2	5	5	1
R2INDX	PE071089	1	24	2	4	1	2	5	4	1
R2INDX	PE071092	1	12	3	4	0	2	5	5	1
R2INDX	PE071099	1	14	2	4	0	2	6	5	1
R2INDX	PE071102	1	12	1	4	0	2	5	5	1
R2INDX	PE071103	1	8	1	4	0	2	5	4	0
R2INDX	PE071105	1	6	3	4	0	4	5	5	0
R2INDX	PE071106	1	7	3	4	0	2	5	6	0
R2INDX	PE071109	1	24	1	4	0	2	5	4	1
R2INDX	PE081028	1	38	2	4	0	2	5	4	1
R2INDX	PE081061	1	30	2	4	0	2	5	4	1
R2INDX	PE081090	1	36	2	4	1	2	1	1	1
R2INDX	PE081092	1	24	1	4	1	1	5	3	1
R2INDX	PE091023	1	24	3	4	0	2	5	5	1
R2INDX	PE091088	1	16	3	4	0	2	5	7	1
R2INDX	PE101001	1	18	3	4	1	2	5	6	1
R2INDX	PE101005	1	32	3	1	1	2	5	5	1
R2INDX	PE101006	1	26	2	4	1	3	5	5	1
R2INDX	PE101019	1	20	1	1	1	1	5	4	1
R2INDX	PE101029	1	20	1	1	1	2	5	4	1
R2INDX	PE101033	1	14	3	4	1	3	3	6	1
R2INDX	PE101034	1	24	1	4	1	3	5	6	1
R2INDX	PE101036	1	18	3	4	1	3	5	6	1
R2INDX	PE101039	1	18	2	4	1	2	5	5	1
R2INDX	PE101044	1	11	3	4	1	2	5	7	1
R2INDX	PE101045	1	12	2	4	1	3	5	6	1
R2INDX	PE101046	1	24	3	4	1	2	5	5	1
R2INDX	PE101048	1	20	1	4	1	2	5	6	1
R2INDX	PE101051	1	30	1	4	1	2	1	7	1
R2INDX	PE101053	1	24	1	4	1	2	1	3	1
R2INDX	PE101056	1	36	1	4	1	2	5	7	1
R2INDX	PE101057	1	30	1	4	0	2	5	6	1
R2INDX	PE101058	1	12	3	4	0	2	5	7	1
R2INDX	PE101061	1	24	2	2	1	2	5	8	0
R2INDX	PE101062	1	12	2	4	1	4	5	5	1
R2INDX	PE101069	1	24	2	4	1	3	5	4	1
R2INDX	PE101072	1	18	2	1	1	2	5	2	1
R2INDX	PE101074	1	30	1	4	1	2	5	3	1
R2INDX	PE101079	1	24	2	4	1	2	5	7	1
R2INDX	PE101081	1	24	3	4	1	2	5	6	1
R2INDX	PE101083	1	24	3	4	0	2	4	3	1
R2INDX	PE101087	1	8	3	4	1	2	5	7	1
R2INDX	PE101088	1	12	3	4	1	2	5	7	1
R2INDX	PE101090	1	24	3	4	1	2	5	6	1
R2INDX	PE101092	1	18	1	4	1	4	5	7	0
R2INDX	PE101095	1	24	3	1	1	2	5	4	0
R2INDX	PE101099	1	24	2	4	1	3	5	3	1
R2INDX	PE101100	1	12	1	4	0	2	5	4	1
R2INDX	PE101102	1	24	2	4	1	3	5	6	1
R2INDX	PE111044	1	24	1	4	0	2	5	8	1
R2INDX	PE111079	1	24	1	4	0	2	5	3	1
R2INDX	PE111094	1	24	1	4	0	2	5	4	1
R2INDX	PE121004	1	24	3	4	1	2	5	4	1
R2INDX	PE121012	1	6	3	1	1	1	5	9	1
R2INDX	PE121018	1	36	2	1	1	2	5	9	1
R2INDX	PE121026	1	30	2	1	1	2	5	4	0
R2INDX	PE121036	1	30	3	1	1	2	5	5	1
R2INDX	PE121039	1	18	2	2	1	3	5	9	0
R2INDX	PE121046	1	24	3	1	1	2	5	9	1
R2INDX	PE121048	1	30	2	4	0	1	3	2	1
R2INDX	PE121052	1	17	3	4	0	2	5	4	1
R2INDX	PE121057	1	31	3	4	0	2	5	4	0
R2INDX	PE121060	1	24	2	1	1	3	5	4	1
R2INDX	PE121065	1	28	2	4	1	2	5	5	1
R2INDX	PE121068	1	31	3	1	1	2	5	4	1
R2INDX	PE121075	1	29	2	4	1	4	3	4	1
R2INDX	PE121076	1	24	2	4	1	3	1	2	1
R2INDX	PE121091	1	12	2	4	1	3	5	10	1
R2INDX	PE121097	1	24	1	4	1	2	5	4	1
R2INDX	PE131003	1	30	1	4	1	2	5	5	1
R2INDX	PE131004	1	26	2	1	1	3	5	5	1
R2INDX	PE131010	1	12	3	4	1	2	3	3	1
R2INDX	PE131011	1	20	3	4	1	2	5	9	1
R2INDX	PE131012	1	20	2	4	1	2	5	7	1
R2INDX	PE131014	1	24	1	1	1	2	5	3	1
R2INDX	PE131015	1	30	1	4	0	3	3	4	1
R2INDX	PE131017	1	6	3	4	1	2	5	4	0
R2INDX	PE131017	2	31	1	4	1	3	5	5	0
R2INDX	PE131020	1	24	1	4	1	2	5	8	1
R2INDX	PE131024	1	12	2	4	1	2	5	8	0
R2INDX	PE131034	1	24	2	4	1	2	6	7	1
R2INDX	PE131035	1	12	2	4	0	2	5	7	1
R2INDX	PE131041	1	24	1	4	1	2	5	7	1
R2INDX	PE131049	1	24	2	4	1	2	5	7	1
R2INDX	PE131071	1	32	1	4	0	3	4	3	1
R2INDX	PE131072	1	24	1	4	1	3	5	3	1
R2INDX	PE131073	1	30	2	2	0	2	5	8	1
R2INDX	PE131074	1	6	3	4	1	2	4	3	0
R2INDX	PE131075	1	24	2	4	0	2	5	3	1
R2INDX	PE131076	1	24	3	4	0	1	4	4	1
R2INDX	PE131079	1	24	2	4	1	2	5	3	1
R2INDX	PE131083	1	36	1	4	1	2	5	9	0
R2INDX	PE131085	1	18	1	4	1	2	5	6	1
R2INDX	PE131086	1	25	2	4	0	2	4	4	1
R2INDX	PE131090	1	10	1	4	1	2	5	8	1
R2INDX	PE131091	1	24	2	4	1	2	5	4	1
R2INDX	PE131094	1	18	2	4	1	2	5	9	1
R2INDX	PE131095	1	41	1	4	1	2	5	8	1
R2INDX	PE131102	1	36	3	4	0	2	5	3	1
R2INDX	PE141007	1	24	2	1	1	1	5	5	1
R2INDX	PE141008	1	18	1	4	1	2	5	8	1
R2INDX	PE141010	1	21	3	4	0	2	2	4	1
R2INDX	PE141013	1	34	3	4	0	2	5	5	1
R2INDX	PE141036	1	30	1	4	0	3	3	3	1
R2INDX	PE141048	1	24	3	1	1	2	6	8	1
R2INDX	PE141050	1	20	2	3	1	1	3	3	1
R2INDX	PE141054	1	36	3	4	1	2	5	3	1
R2INDX	PE141059	1	24	1	4	1	2	5	7	1
R2INDX	PE141067	1	33	2	4	1	2	5	5	1
R2INDX	PE141073	1	21	3	4	1	2	5	4	1
R2INDX	PE141093	1	30	2	1	1	1	5	2	1
R2INDX	PE141095	1	24	3	1	1	2	5	5	1
R2INDX	PE141099	1	14	2	4	0	2	5	6	0
R2INDX	PE141099	2	26	2	4	0	2	5	4	1
R2INDX	PE151001	1	24	1	4	1	2	5	8	1
R2INDX	PE151013	1	24	1	4	1	4	5	2	1
R2INDX	PE151020	1	24	1	4	1	3	5	8	1
R2INDX	PE161004	1	36	2	4	0	2	5	5	1
R2INDX	PE161009	1	6	1	3	0	2	5	6	1
R2INDX	PE161012	130	30	2	4	0	2	5	4	1
R2INDX	PE161013	1	24	3	4	0	2	5	4	1
R2INDX	PE161020	1	30	2	4	1	2	5	8	1
R2INDX	PE161032	1	36	2	4	0	2	5	3	1
R2INDX	PE161037	1	36	2	4	0	2	5	8	1
R2INDX	PE161039	1	34	1	4	0	4	4	8	1
R2INDX	PE161042	1	36	2	4	0	2	5	8	1
R2INDX	PE161071	1	24	3	4	1	2	5	3	1
R2INDX	PE161072	1	24	3	4	1	3	5	3	1
R2INDX	PE161097	1	12	2	3	0	2	5	7	1
R2INDX	PE161098	1	36	1	3	0	2	5	7	1
R2INDX	PE171013	1	14	2	4	0	3	0	8	1
R2INDX	PE171034	1	24	1	4	0	2	5	3	1
R2INDX	PE171041	1	28	2	4	0	3	3	3	1
R2INDX	PE171059	1	31	3	4	1	2	5	4	1
R2INDX	PE171092	1	24	3	4	0	2	5	3	1
R2INDX	PE171103	1	24	1	1	1	2	5	10	0
R2INDX	PE181001	1	12	2	4	0	2	5	8	1
R2INDX	PE181002	1	28	2	4	0	2	5	5	1
R2INDX	PE181003	1	12	3	4	0	2	5	8	1
R2INDX	PE181004	1	15	3	4	0	2	5	8	1
R2INDX	PE181005	1	7	3	4	0	2	5	8	1
R2INDX	PE181006	1	24	3	4	0	2	5	9	1
R2INDX	PE181007	1	13	3	4	0	1	5	9	1
R2INDX	PE181008	1	14	3	4	0	2	5	8	1
R2INDX	PE181009	1	14	3	4	0	2	5	8	1
R2INDX	PE181010	1	14	3	4	0	1	5	8	1
R2INDX	PE181011	1	12	3	4	0	2	5	9	1
R2INDX	PE181012	1	8	3	4	0	2	5	8	1
R2INDX	PE181013	1	26	2	4	0	2	0	8	1
R2INDX	PE181014	1	12	3	4	0	2	5	8	1
R2INDX	PE181015	1	24	2	4	0	2	5	9	1
R2INDX	PE181016	1	6	2	4	0	3	5	9	1
R2INDX	PE181017	1	30	1	4	0	2	5	9	1
R2INDX	PE181018	1	30	2	4	0	2	5	8	1
R2INDX	PE181019	1	24	3	4	0	2	5	8	1
R2INDX	PE181021	1	12	1	4	0	2	4	8	1
R2INDX	PE181022	1	12	3	4	0	2	5	8	1
R2INDX	PE181023	1	28	3	4	0	2	5	8	1
R2INDX	PE181024	1	32	1	4	0	2	1	8	1
R2INDX	PE181025	1	24	2	4	0	2	5	7	1
R2INDX	PE181026	1	6	3	4	0	2	5	8	1
R2INDX	PE181029	1	9	3	4	0	2	5	8	1
R2INDX	PE181030	1	36	2	4	0	2	5	9	1
R2INDX	PE181031	1	7	3	4	0	2	5	7	1
R2INDX	PE181032	1	6	3	4	0	2	5	10	1
R2INDX	PE181033	1	24	3	4	0	2	5	8	1
R2INDX	PE181034	1	30	1	4	0	2	5	8	1
R2INDX	PE181035	1	9	3	4	0	2	5	8	1
R2INDX	PE181036	1	24	3	4	0	2	5	8	1
R2INDX	PE181037	1	32	2	4	0	2	5	8	1
R2INDX	PE181039	1	6	3	4	0	2	5	9	1
R2INDX	PE181040	1	6	2	4	1	3	5	9	1
R2INDX	PE181041	1	24	3	4	0	2	5	8	1
R2INDX	PE181042	1	24	2	4	0	2	5	4	1
R2INDX	PE181045	1	12	3	4	1	2	5	8	1
R2INDX	PE181049	1	12	3	4	0	2	5	8	1
R2INDX	PE181050	1	24	2	4	1	2	5	8	1
R2INDX	PE181051	1	6	3	4	0	2	5	8	1
R2INDX	PE181052	1	24	3	4	0	2	5	9	1
R2INDX	PE181054	1	14	3	4	0	2	5	8	1
R2INDX	PE181055	1	18	3	4	0	2	5	7	1
R2INDX	PE181056	1	24	1	4	0	2	5	9	1
R2INDX	PE181057	1	12	2	4	0	3	5	9	1
R2INDX	PE181058	1	24	2	4	0	2	5	9	1
R2INDX	PE181060	1	24	3	4	0	2	5	9	1
R2INDX	PE181061	1	18	3	4	0	2	5	8	1
R2INDX	PE181063	1	24	3	4	0	3	5	8	1
R2INDX	PE181070	1	1	1	4	0	2	5	8	1
R2INDX	PE181073	1	6	3	4	0	2	5	5	1
R2INDX	PE181074	1	6	3	4	0	2	5	8	1
R2INDX	PE181076	1	24	2	4	0	3	5	9	1
R2INDX	PE181077	1	6	2	4	0	2	5	8	1
R2INDX	PE181079	1	6	3	4	0	3	5	8	1
R2INDX	PE181080	1	7	3	4	0	3	5	7	1
R2INDX	PE181081	1	9	3	4	1	2	5	8	1
R2INDX	PE181081	2	24	2	4	1	2	5	8	1
R2INDX	PE181082	1	24	3	4	0	2	5	8	1
R2INDX	PE181083	1	6	3	4	0	1	5	9	1
R2INDX	PE181084	1	12	3	4	0	1	5	9	1
R2INDX	PE181086	1	24	3	4	0	1	5	9	1
R2INDX	PE181087	1	6	3	4	0	4	5	8	1
R2INDX	PE181088	1	6	3	4	0	2	5	8	1
R2INDX	PE181089	1	6	3	4	0	2	5	8	1
R2INDX	PE181090	1	24	3	4	0	2	5	8	1
R2INDX	PE181091	1	7	3	4	0	3	5	8	1
R2INDX	PE181092	1	6	2	4	0	3	5	8	1
R2INDX	PE181093	1	6	3	4	0	2	5	9	1
R2INDX	PE181095	1	18	3	4	0	2	5	9	1
R2INDX	PE181096	1	6	3	4	0	2	5	8	1
R2INDX	PE181097	1	6	3	4	0	2	5	8	1
R2INDX	PE181098	1	6	3	4	0	2	5	6	1
R2INDX	PE181099	1	6	3	4	0	2	5	8	1
R2INDX	PE181100	1	8	2	4	0	2	5	9	1
R2INDX	PE181101	1	9	3	4	1	2	5	8	1
R2INDX	PE181102	1	12	3	4	0	3	5	8	1
R2INDX	PE181103	1	6	3	4	0	3	5	8	1
R2INDX	PE181104	1	6	3	4	0	2	5	8	1
R2INDX	PE191004	1	12	1	4	0	2	5	9	1
R2INDX	PE191005	1	24	2	4	0	2	5	4	1
R2INDX	PE191007	1	8	3	4	1	3	5	11	1
R2INDX	PE191009	1	13	1	4	1	2	5	3	1
R2INDX	PE191011	1	16	3	4	0	2	5	4	1
R2INDX	PE191015	1	6	3	4	0	2	4	4	1
R2INDX	PE191016	1	36	3	4	1	2	5	6	1
R2INDX	PE191019	1	18	3	4	0	2	5	8	1
R2INDX	PE191020	1	15	2	4	0	2	5	4	1
R2INDX	PE191022	1	18	3	4	0	2	5	8	1
R2INDX	PE191022	2	34	2	4	0	2	5	4	1
R2INDX	PE191025	1	24	2	4	0	3	5	3	1
R2INDX	PE191027	1	6	2	4	0	2	3	2	1
R2INDX	PE191030	1	36	3	4	1	2	5	8	1
R2INDX	PE191031	1	33	3	1	1	2	5	3	1
R2INDX	PE191032	1	24	2	4	0	2	5	3	1
R2INDX	PE191033	1	28	2	4	1	2	5	8	1
R2INDX	PE191036	1	24	2	4	0	2	4	3	1
R2INDX	PE191038	1	24	2	4	1	2	5	5	1
R2INDX	PE191038	2	36	2	4	1	2	5	5	1
R2INDX	PE191043	1	24	1	4	0	3	5	8	1
R2INDX	PE191044	1	15	3	4	0	2	5	8	1
R2INDX	PE191047	1	30	3	4	0	1	5	3	1
R2INDX	PE191050	1	36	2	4	0	2	5	8	1
R2INDX	PE191051	1	12	2	4	0	2	4	5	1
R2INDX	PE191053	1	24	1	4	0	3	4	8	1
R2INDX	PE191054	1	24	1	4	0	2	5	9	1
R2INDX	PE191055	1	18	3	4	0	2	5	8	1
R2INDX	PE191057	1	24	1	4	0	3	5	4	1
R2INDX	PE191058	1	24	2	4	0	2	5	3	1
R2INDX	PE191060	1	24	2	4	0	2	4	4	1
R2INDX	PE191061	1	24	2	4	0	2	5	4	1
R2INDX	PE191062	1	24	3	4	1	2	7	5	1
R2INDX	PE191063	1	6	2	4	0	2	5	4	1
R2INDX	PE191063	2	24	2	4	0	2	5	8	1
R2INDX	PE191064	1	6	3	4	0	2	3	3	1
R2INDX	PE191065	1	12	3	4	0	2	5	2	1
R2INDX	PE191067	1	24	3	4	0	3	5	2	1
R2INDX	PE191070	1	18	3	4	1	2	5	5	1
R2INDX	PE191071	1	24	2	4	0	3	3	4	1
R2INDX	PE191072	1	30	3	4	0	2	5	3	1
R2INDX	PE191073	1	12	2	4	0	2	3	4	1
R2INDX	PE191079	1	36	1	4	0	2	5	8	1
R2INDX	PE191084	1	18	2	4	0	2	5	8	1
R2INDX	PE191087	1	28	3	4	0	2	5	9	1
R2INDX	PE191091	1	18	3	4	0	2	5	8	1
R2INDX	PE191092	1	18	1	4	1	5	5	6	1
R2INDX	PE191104	1	24	2	1	1	2	5	5	1
R2INDX	PE201003	1	24	2	4	0	2	7	24	1
R2INDX	PE201006	1	48	2	4	0	2	5	8	1
R2INDX	PE201010	1	24	1	4	0	2	5	3	1
R2INDX	PE201036	1	24	2	4	0	2	5	3	1
R2INDX	PE201060	1	24	1	4	1	3	5	8	1
R2INDX	PE201061	1	24	2	4	1	2	5	4	1
R2INDX	PE201062	1	24	2	6	1	2	5	10	1
R2INDX	PE201067	1	36	2	4	1	2	5	5	1
R2INDX	PE201073	1	24	2	4	0	2	5	4	1
R2INDX	PE201076	1	12	3	4	0	2	5	6	1
R2INDX	PE201077	1	33	2	4	1	3	5	6	1
R2INDX	PE201082	1	6	2	3	0	2	5	8	1
R2INDX	PE201085	1	24	3	4	0	2	5	8	1
R2INDX	PE201086	1	12	3	4	0	3	5	8	1
R2INDX	PE201098	1	32	3	4	0	2	5	7	1
