childid	rcfid	cocdmove	agemove	whymove
PE011001	1	1	0	7
PE011001	2	8888	23	8
PE011001	3	1	 	 
PE011003	1	1	19	1
PE011003	2	8888	21	13
PE011003	3	1	 	 
PE011004	1	1	6	4
PE011004	2	8888	11	2
PE011004	3	8888	15	2
PE011004	4	8888	20	2
PE011004	5	1	 	 
PE011005	1	1	17	13
PE011005	2	8888	37	5
PE011005	3	1	 	 
PE011006	1	1	14	4
PE011006	2	8888	16	4
PE011006	3	8888	20	7
PE011006	4	8888	21	1
PE011006	5	8888	25	1
PE011006	6	1	 	 
PE011008	1	1	10	1
PE011008	2	8888	27	5
PE011008	3	8888	28	1
PE011008	4	8888	31	14
PE011008	5	1	 	 
PE011011	1	1	17	13
PE011011	2	1	 	 
PE011013	1	1	16	1
PE011013	2	0	18	2
PE011013	3	1	 	 
PE011014	1	1	19	5
PE011014	2	8	 	 
PE011016	1	9999	5	14
PE011016	2	8888	16	2
PE011016	3	8888	21	2
PE011016	4	8888	24	14
PE011016	5	1	 	 
PE011017	1	1	10	10
PE011017	2	1	 	 
PE011019	1	1	15	1
PE011019	2	1	 	 
PE011020	1	1	16	5
PE011020	2	1	 	 
PE011021	1	1	7	8
PE011021	2	1	 	 
PE011025	1	1	23	1
PE011025	2	8888	24	1
PE011025	3	8888	29	1
PE011025	4	1	 	 
PE011026	1	1	2	10
PE011026	2	8888	10	16
PE011026	3	8888	29	14
PE011026	4	1	 	 
PE011027	1	1	19	13
PE011027	2	1	 	 
PE011028	1	1	16	13
PE011028	2	1	 	 
PE011030	1	1	3	1
PE011030	2	1	 	 
PE011032	1	1	14	2
PE011032	2	8888	16	13
PE011032	3	8888	18	8
PE011032	4	8888	19	4
PE011032	5	1	 	 
PE011035	1	1	7	15
PE011035	2	8888	16	15
PE011035	3	8888	17	13
PE011035	4	8888	35	1
PE011035	5	1	 	 
PE011037	1	1	1	1
PE011037	2	8888	62	7
PE011037	3	1	 	 
PE011038	1	1	6	14
PE011038	2	8888	35	12
PE011038	3	8888	38	2
PE011038	4	1	 	 
PE011039	1	1	30	1
PE011039	2	1	 	 
PE011043	1	1	12	16
PE011043	2	1	 	 
PE011044	1	1	5	15
PE011044	2	8888	7	15
PE011044	3	1	 	 
PE011048	1	1	29	13
PE011048	2	8888	 	 
PE011050	1	3	12	2
PE011050	2	8888	28	13
PE011050	3	8888	31	5
PE011050	4	8888	33	14
PE011050	5	1	 	 
PE011051	1	1	26	5
PE011051	2	1	 	 
PE011052	1	1	8	4
PE011052	2	8888	33	1
PE011052	3	8888	35	6
PE011052	4	8888	37	6
PE011052	5	8888	38	8
PE011052	6	1	 	 
PE011055	1	1	7	8
PE011055	2	8888	17	2
PE011055	3	1	 	 
PE011056	1	1	0	1
PE011056	2	8888	1	1
PE011056	3	8888	3	1
PE011056	4	8888	5	1
PE011056	5	8888	11	1
PE011056	6	8888	15	1
PE011056	7	8888	17	1
PE011056	8	1	 	 
PE011059	1	1	28	1
PE011059	2	1	 	 
PE011060	1	1	19	13
PE011060	2	1	 	 
PE011063	1	1	13	13
PE011063	2	8888	18	7
PE011063	3	8888	20	8
PE011063	4	1	 	 
PE011065	1	1	20	5
PE011065	2	1	 	 
PE011068	1	1	20	1
PE011068	2	8888	25	15
PE011068	3	8888	26	19
PE011068	4	1	 	 
PE011070	1	1	18	2
PE011070	2	8888	26	13
PE011070	3	1	 	 
PE011071	1	9999	7	15
PE011071	2	1	 	 
PE011074	1	1	10	1
PE011074	2	8888	26	5
PE011074	3	1	 	 
PE011075	1	1	34	1
PE011075	2	1	 	 
PE011077	1	1	8	1
PE011077	2	1	 	 
PE011078	1	13	2	1
PE011078	2	8888	13	1
PE011078	3	8888	27	1
PE011078	4	8888	27	8
PE011078	5	1	 	 
PE011079	1	1	28	13
PE011079	2	7	 	 
PE011080	1	1	35	5
PE011080	2	8888	38	14
PE011080	3	1	 	 
PE011081	1	1	17	5
PE011081	2	1	 	 
PE011083	1	1	7	1
PE011083	2	8888	8	1
PE011083	3	8888	17	1
PE011083	4	8888	19	13
PE011083	5	8888	29	5
PE011083	6	1	 	 
PE011084	1	1	12	6
PE011084	2	1	 	 
PE011085	1	12	17	1
PE011085	2	1	 	 
PE011086	1	1	17	2
PE011086	2	8888	20	1
PE011086	3	8888	31	1
PE011086	4	1	 	 
PE011087	1	5	21	5
PE011087	2	8888	38	6
PE011087	3	1	 	 
PE011089	1	1	12	5
PE011089	2	1	 	 
PE011093	1	1	9	15
PE011093	2	8888	12	2
PE011093	3	8888	15	15
PE011093	4	1	 	 
PE011094	1	23	10	1
PE011094	2	8888	14	1
PE011094	3	8888	17	13
PE011094	4	8888	18	5
PE011094	5	1	 	 
PE011095	1	1	18	13
PE011095	2	8888	20	5
PE011095	3	8888	21	17
PE011095	4	8888	22	7
PE011095	5	8888	31	13
PE011095	6	1	 	 
PE011097	1	1	1	1
PE011097	2	8888	4	2
PE011097	3	8888	6	5
PE011097	4	1	 	 
PE011100	1	1	16	13
PE011100	2	8888	18	7
PE011100	3	8888	18	13
PE011100	4	8888	22	5
PE011100	5	2	 	 
PE021002	1	46	7	1
PE021002	2	8888	19	13
PE021002	3	42	 	 
PE021003	1	15	11	2
PE021003	2	8888	13	15
PE021003	3	8888	18	13
PE021003	4	8888	22	5
PE021003	5	42	 	 
PE021004	1	46	15	13
PE021004	2	63	 	 
PE021005	1	46	13	7
PE021005	2	63	 	 
PE021006	1	42	8	21
PE021006	2	63	 	 
PE021007	1	9999	16	13
PE021007	2	46	 	 
PE021009	1	42	20	13
PE021009	2	46	 	 
PE021011	1	1	20	5
PE021011	2	46	 	 
PE021012	1	63	23	3
PE021012	2	63	 	 
PE021020	1	48	16	13
PE021020	2	46	 	 
PE021023	1	48	23	13
PE021023	2	46	 	 
PE021027	1	53	14	13
PE021027	2	46	 	 
PE021028	1	1	0	7
PE021028	2	47	 	 
PE021029	1	5	14	1
PE021029	2	8888	19	1
PE021029	3	8888	22	4
PE021029	4	8888	22	5
PE021029	5	47	 	 
PE021032	1	1	7	1
PE021032	2	8888	17	13
PE021032	3	8888	32	1
PE021032	4	8888	32	12
PE021032	5	47	 	 
PE021033	1	1	16	1
PE021033	2	8888	17	13
PE021033	3	47	 	 
PE021037	1	1	23	1
PE021037	2	47	 	 
PE021044	1	2	17	1
PE021044	2	8888	22	1
PE021044	3	8888	26	13
PE021044	4	8888	27	1
PE021044	5	8888	28	1
PE021044	6	1	 	 
PE021048	1	9	11	1
PE021048	2	8888	15	1
PE021048	3	8888	17	13
PE021048	4	48	 	 
PE021052	1	1	21	13
PE021052	2	48	 	 
PE021056	1	126	14	17
PE021056	2	8888	16	13
PE021056	3	8888	25	1
PE021056	4	1	 	 
PE021057	1	1	0	7
PE021057	2	8888	17	13
PE021057	3	48	 	 
PE021059	1	48	6	2
PE021059	2	8888	13	2
PE021059	3	8888	18	1
PE021059	4	8888	21	13
PE021059	5	8888	25	5
PE021059	6	51	 	 
PE021069	1	1	17	13
PE021069	2	48	 	 
PE021073	1	48	24	13
PE021073	2	47	 	 
PE021076	1	46	15	13
PE021076	2	8888	25	1
PE021076	3	8888	25	1
PE021076	4	48	 	 
PE021077	1	48	36	13
PE021077	2	8888	37	18
PE021077	3	8888	38	5
PE021077	4	51	 	 
PE021087	1	48	26	5
PE021087	2	1	 	 
PE021088	1	48	20	5
PE021088	2	8888	20	3
PE021088	3	8888	22	1
PE021088	4	8888	22	1
PE021088	5	8888	24	1
PE021088	6	8888	24	5
PE021088	7	1	 	 
PE021091	1	1	18	13
PE021091	2	48	 	 
PE021092	1	1	26	1
PE021092	2	48	 	 
PE021096	1	1	4	15
PE021096	2	48	 	 
PE021099	1	1	22	13
PE021099	2	47	 	 
PE031003	1	32	17	13
PE031003	2	30	 	 
PE031007	1	83	20	5
PE031007	2	29	 	 
PE031008	1	58	16	13
PE031008	2	8888	26	1
PE031008	3	8888	26	15
PE031008	4	29	 	 
PE031012	1	40	20	13
PE031012	2	8888	47	1
PE031012	3	8888	48	2
PE031012	4	28	 	 
PE031013	1	90	3	7
PE031013	2	8888	24	1
PE031013	3	8888	25	15
PE031013	4	8888	32	13
PE031013	5	27	 	 
PE031014	1	36	22	13
PE031014	2	24	 	 
PE031018	1	1	26	2
PE031018	2	1	 	 
PE031019	1	25	8	10
PE031019	2	1	 	 
PE031020	1	29	23	13
PE031020	2	25	 	 
PE031024	1	43	16	13
PE031024	2	8888	23	1
PE031024	3	8888	24	4
PE031024	4	1	 	 
PE031025	1	9999	13	1
PE031025	2	8888	16	15
PE031025	3	8888	17	1
PE031025	4	8888	17	5
PE031025	5	1	 	 
PE031029	1	1	17	2
PE031029	2	8888	18	6
PE031029	3	8888	22	13
PE031029	4	8888	22	4
PE031029	5	8888	23	7
PE031029	6	8888	34	5
PE031029	7	1	 	 
PE031030	1	92	9	4
PE031030	2	8888	10	4
PE031030	3	8888	11	3
PE031030	4	8888	12	1
PE031030	5	8888	14	6
PE031030	6	8888	29	7
PE031030	7	1	 	 
PE031033	1	47	18	2
PE031033	2	1	 	 
PE031037	1	1	23	1
PE031037	2	1	 	 
PE031038	1	7	24	2
PE031038	2	8888	26	2
PE031038	3	8888	28	5
PE031038	4	1	 	 
PE031042	1	1	4	1
PE031042	2	8888	21	2
PE031042	3	8888	32	8
PE031042	4	1	 	 
PE031051	1	21	19	1
PE031051	2	8888	27	8
PE031051	3	8888	32	5
PE031051	4	1	 	 
PE031053	1	1	18	8
PE031053	2	1	 	 
PE031054	1	9999	3	1
PE031054	2	8888	5	15
PE031054	3	1	 	 
PE031061	1	9999	1	12
PE031061	2	8888	13	9
PE031061	3	1	 	 
PE031062	1	62	25	1
PE031062	2	1	 	 
PE031069	1	49	13	1
PE031069	2	8888	19	13
PE031069	3	46	 	 
PE031070	1	46	23	5
PE031070	2	45	 	 
PE031075	1	45	14	4
PE031075	2	8888	23	5
PE031075	3	47	 	 
PE031081	1	9999	5	8
PE031081	2	8888	18	1
PE031081	3	8888	22	6
PE031081	4	8888	24	4
PE031081	5	8888	26	15
PE031081	6	8888	29	13
PE031081	7	51	 	 
PE031082	1	1	21	13
PE031082	2	8888	29	8
PE031082	3	1	 	 
PE031085	1	29	2	2
PE031085	2	42	 	 
PE031088	1	1	17	18
PE031088	2	42	 	 
PE031094	1	41	8	2
PE031094	2	8888	18	4
PE031094	3	8888	21	15
PE031094	4	23	 	 
PE031096	1	22	15	1
PE031096	2	8888	15	1
PE031096	3	8888	17	3
PE031096	4	8888	21	1
PE031096	5	1	 	 
PE031097	1	21	10	3
PE031097	2	8888	10	2
PE031097	3	8888	17	12
PE031097	4	8888	17	2
PE031097	5	8888	18	13
PE031097	6	22	 	 
PE031099	1	22	18	1
PE031099	2	8888	19	3
PE031099	3	8888	23	1
PE031099	4	8888	24	3
PE031099	5	8888	28	7
PE031099	6	8888	29	1
PE031099	7	8888	30	1
PE031099	8	21	 	 
PE031100	1	8	22	13
PE031100	2	1	 	 
PE031101	1	41	12	13
PE031101	2	1	 	 
PE041004	1	15	23	13
PE041004	2	8888	27	15
PE041004	3	8888	31	10
PE041004	4	2	 	 
PE041006	1	1	11	2
PE041006	2	0	17	1
PE041006	3	14	 	 
PE041009	1	1	24	13
PE041009	2	1	 	 
PE041010	1	15	22	13
PE041010	2	1	 	 
PE041011	1	62	23	8
PE041011	2	66	 	 
PE041012	1	58	1	5
PE041012	2	66	 	 
PE041013	1	10	8	2
PE041013	2	8888	24	1
PE041013	3	8888	25	2
PE041013	4	66	 	 
PE041014	1	1	16	2
PE041014	2	8888	19	15
PE041014	3	8888	25	13
PE041014	4	66	 	 
PE041016	1	1	7	1
PE041016	2	66	 	 
PE041024	1	62	18	13
PE041024	2	38	 	 
PE041028	1	53	30	1
PE041028	2	1	 	 
PE041034	1	1	22	1
PE041034	2	8888	25	19
PE041034	3	8888	35	2
PE041034	4	8888	42	1
PE041034	5	58	 	 
PE041035	1	1	18	1
PE041035	2	8888	20	1
PE041035	3	8888	35	5
PE041035	4	51	 	 
PE041038	1	38	20	13
PE041038	2	1	 	 
PE041041	1	1	38	1
PE041041	2	1	 	 
PE041051	1	1	28	7
PE041051	2	1	 	 
PE041055	1	12	6	2
PE041055	2	1	 	 
PE041058	1	1	1	1
PE041058	2	8888	17	2
PE041058	3	8888	23	15
PE041058	4	8888	27	1
PE041058	5	8888	31	5
PE041058	6	1	 	 
PE041060	1	9999	27	2
PE041060	2	1	 	 
PE041062	1	49	14	2
PE041062	2	1	 	 
PE041063	1	1	17	13
PE041063	2	20	 	 
PE041064	1	58	15	13
PE041064	2	8888	 	 
PE041064	3	1	 	 
PE041067	1	1	17	2
PE041067	2	8888	23	1
PE041067	3	58	 	 
PE041071	1	22	14	15
PE041071	2	58	 	 
PE041072	1	62	25	13
PE041072	2	58	 	 
PE041079	1	62	21	13
PE041079	2	20	 	 
PE041084	1	1	22	4
PE041084	2	1	 	 
PE041085	1	58	16	13
PE041085	2	1	 	 
PE041087	1	11	22	2
PE041087	2	1	 	 
PE041088	1	62	10	5
PE041088	2	8888	17	1
PE041088	3	8888	22	15
PE041088	4	8888	 	 
PE041088	5	1	 	 
PE041089	1	11	21	14
PE041089	2	8888	24	2
PE041089	3	1	 	 
PE041090	1	10	17	13
PE041090	2	8888	23	12
PE041090	3	8888	25	2
PE041090	4	1	 	 
PE041092	1	12	24	5
PE041092	2	40	 	 
PE041093	1	1	18	13
PE041093	2	12	 	 
PE041094	1	13	11	2
PE041094	2	8888	16	15
PE041094	3	8888	18	15
PE041094	4	24	 	 
PE041097	1	1	19	5
PE041097	2	26	 	 
PE041098	1	14	36	2
PE041098	2	26	 	 
PE051001	1	33	5	1
PE051001	2	8888	6	1
PE051001	3	8888	7	1
PE051001	4	8888	15	13
PE051001	5	8888	16	1
PE051001	6	8888	17	1
PE051001	7	8888	19	1
PE051001	8	8888	20	1
PE051001	9	4	 	 
PE051002	1	9999	6	8
PE051002	2	8888	10	8
PE051002	3	8888	12	8
PE051002	4	8888	16	13
PE051002	5	8888	20	8
PE051002	6	1	 	 
PE051003	1	25	10	8
PE051003	2	2	 	 
PE051004	1	2	16	13
PE051004	2	8888	19	7
PE051004	3	8888	20	5
PE051004	4	1	 	 
PE051005	1	1	4	1
PE051005	2	8888	7	1
PE051005	3	8888	25	1
PE051005	4	8888	27	1
PE051005	5	8888	27	1
PE051005	6	8888	27	1
PE051005	7	1	 	 
PE051007	1	30	3	1
PE051007	2	8888	6	5
PE051007	3	4	 	 
PE051008	1	31	3	3
PE051008	2	8888	4	1
PE051008	3	8888	10	1
PE051008	4	8888	10	1
PE051008	5	8888	16	1
PE051008	6	8888	16	13
PE051008	7	4	 	 
PE051009	1	1	23	15
PE051009	2	6	 	 
PE051010	1	1	8	12
PE051010	2	8888	13	1
PE051010	3	8888	14	1
PE051010	4	6	 	 
PE051011	1	44	16	8
PE051011	2	3	 	 
PE051013	1	19	4	10
PE051013	2	8888	13	13
PE051013	3	3	 	 
PE051014	1	14	25	1
PE051014	2	8888	36	1
PE051014	3	8888	38	1
PE051014	4	1	 	 
PE051015	1	17	8	8
PE051015	2	8888	13	8
PE051015	3	8888	17	5
PE051015	4	5	 	 
PE051016	1	17	9	21
PE051016	2	5	 	 
PE051017	1	1	18	1
PE051017	2	8888	26	1
PE051017	3	1	 	 
PE051018	1	9999	15	1
PE051018	2	8888	16	1
PE051018	3	8888	20	5
PE051018	4	6	 	 
PE051019	1	1	18	15
PE051019	2	8888	19	13
PE051019	3	8888	31	8
PE051019	4	1	 	 
PE051020	1	21	12	1
PE051020	2	8888	17	13
PE051020	3	8888	22	9
PE051020	4	1	 	 
PE051021	1	9999	10	4
PE051021	2	8888	19	13
PE051021	3	8888	22	3
PE051021	4	8888	31	5
PE051021	5	6	 	 
PE051022	1	18	20	13
PE051022	2	8888	24	5
PE051022	3	8888	28	5
PE051022	4	30	 	 
PE051023	1	6	23	2
PE051023	2	8888	24	1
PE051023	3	8888	25	1
PE051023	4	1	 	 
PE051024	1	1	18	5
PE051024	2	8888	25	5
PE051024	3	8888	27	1
PE051024	4	8888	48	1
PE051024	5	4	 	 
PE051025	1	22	20	1
PE051025	2	1	 	 
PE051026	1	24	4	5
PE051026	2	22	 	 
PE051027	1	23	6	1
PE051027	2	8888	11	12
PE051027	3	8888	17	1
PE051027	4	8888	18	13
PE051027	5	22	 	 
PE051028	1	23	6	14
PE051028	2	8888	18	13
PE051028	3	22	 	 
PE051029	1	10	19	8
PE051029	2	22	 	 
PE051030	1	11	14	1
PE051030	2	8888	21	1
PE051030	3	8888	21	15
PE051030	4	22	 	 
PE051031	1	9999	1	14
PE051031	2	8888	20	1
PE051031	3	8888	22	1
PE051031	4	8888	24	1
PE051031	5	9	 	 
PE051032	1	8	5	10
PE051032	2	8888	17	1
PE051032	3	22	 	 
PE051033	1	25	7	1
PE051033	2	8888	18	1
PE051033	3	1	 	 
PE051034	1	26	13	1
PE051034	2	22	 	 
PE051035	1	9999	11	4
PE051035	2	8888	20	1
PE051035	3	8888	28	1
PE051035	4	8888	31	5
PE051035	5	22	 	 
PE051036	1	21	1	8
PE051036	2	8888	19	8
PE051036	3	22	 	 
PE051037	1	8	19	1
PE051037	2	8888	26	1
PE051037	3	1	 	 
PE051038	1	1	32	13
PE051038	2	22	 	 
PE051039	1	19	1	8
PE051039	2	22	 	 
PE051040	1	26	20	1
PE051040	2	8888	21	1
PE051040	3	22	 	 
PE051041	1	1	10	15
PE051041	2	22	 	 
PE051042	1	1	2	15
PE051042	2	8888	26	12
PE051042	3	22	 	 
PE051043	1	24	17	5
PE051043	2	8888	29	8
PE051043	3	8	 	 
PE051045	1	9999	15	5
PE051045	2	22	 	 
PE051046	1	9999	20	1
PE051046	2	8888	25	1
PE051046	3	8888	30	5
PE051046	4	22	 	 
PE051047	1	17	17	5
PE051047	2	8888	19	8
PE051047	3	8888	27	1
PE051047	4	8888	29	4
PE051047	5	8888	30	8
PE051047	6	22	 	 
PE051048	1	24	21	1
PE051048	2	8888	26	1
PE051048	3	8888	36	1
PE051048	4	20	 	 
PE051049	1	21	3	14
PE051049	2	8888	6	1
PE051049	3	8888	14	1
PE051049	4	23	 	 
PE051051	1	1	3	1
PE051051	2	8888	6	1
PE051051	3	8888	12	8
PE051051	4	23	 	 
PE051052	1	1	5	5
PE051052	2	8888	30	3
PE051052	3	1	 	 
PE051056	1	23	1	7
PE051056	2	8888	16	15
PE051056	3	8888	17	13
PE051056	4	23	 	 
PE051057	1	1	-77	14
PE051057	2	23	 	 
PE051058	1	16	15	13
PE051058	2	23	 	 
PE051059	1	22	32	1
PE051059	2	23	 	 
PE051060	1	9999	8	1
PE051060	2	8888	14	1
PE051060	3	8888	28	11
PE051060	4	22	 	 
PE051061	1	31	21	13
PE051061	2	8888	24	5
PE051061	3	40	 	 
PE051062	1	11	14	5
PE051062	2	8888	18	13
PE051062	3	23	 	 
PE051063	1	1	21	1
PE051063	2	8888	22	2
PE051063	3	8888	25	2
PE051063	4	8888	30	1
PE051063	5	8888	33	1
PE051063	6	23	 	 
PE051064	1	70	14	1
PE051064	2	17	 	 
PE051065	1	37	5	1
PE051065	2	8888	20	13
PE051065	3	1	 	 
PE051067	1	17	22	1
PE051067	2	1	 	 
PE051068	1	1	15	1
PE051068	2	8888	18	15
PE051068	3	8888	19	8
PE051068	4	17	 	 
PE051069	1	9999	2	1
PE051069	2	8888	3	8
PE051069	3	17	 	 
PE051070	1	9	1	1
PE051070	2	8888	8	1
PE051070	3	8888	20	1
PE051070	4	8888	24	1
PE051070	5	1	 	 
PE051071	1	54	9	8
PE051071	2	17	 	 
PE051072	1	1	1	15
PE051072	2	8888	34	1
PE051072	3	8888	40	1
PE051072	4	1	 	 
PE051073	1	16	5	8
PE051073	2	17	 	 
PE051074	1	12	20	1
PE051074	2	17	 	 
PE051075	1	34	1	5
PE051075	2	8888	5	2
PE051075	3	8888	11	5
PE051075	4	17	 	 
PE051076	1	9999	24	1
PE051076	2	17	 	 
PE051077	1	1	3	12
PE051077	2	8888	18	13
PE051077	3	8888	29	5
PE051077	4	13	 	 
PE051078	1	1	9	15
PE051078	2	16	 	 
PE051079	1	7	15	8
PE051079	2	8888	17	13
PE051079	3	8888	21	1
PE051079	4	8888	23	4
PE051079	5	16	 	 
PE051080	1	49	21	13
PE051080	2	8888	23	1
PE051080	3	16	 	 
PE051081	1	1	15	8
PE051081	2	8888	22	13
PE051081	3	8888	28	5
PE051081	4	16	 	 
PE051082	1	45	16	1
PE051082	2	8888	17	1
PE051082	3	16	 	 
PE051083	1	1	3	1
PE051083	2	8888	12	1
PE051083	3	8888	14	13
PE051083	4	16	 	 
PE051084	1	1	4	8
PE051084	2	8888	24	5
PE051084	3	8888	34	3
PE051084	4	38	 	 
PE051085	1	1	12	1
PE051085	2	8888	19	1
PE051085	3	8888	23	3
PE051085	4	13	 	 
PE051086	1	1	14	1
PE051086	2	8888	19	1
PE051086	3	8888	21	1
PE051086	4	13	 	 
PE051087	1	1	20	13
PE051087	2	8888	22	2
PE051087	3	8888	24	1
PE051087	4	37	 	 
PE051088	1	23	38	1
PE051088	2	41	 	 
PE051089	1	1	2	5
PE051089	2	8888	20	5
PE051089	3	16	 	 
PE051090	1	1	16	1
PE051090	2	16	 	 
PE051091	1	1	17	2
PE051091	2	8888	26	5
PE051091	3	8888	28	5
PE051091	4	13	 	 
PE051092	1	5	1	15
PE051092	2	13	 	 
PE051093	1	26	2	13
PE051093	2	8888	28	1
PE051093	3	8888	29	2
PE051093	4	1	 	 
PE051094	1	119	18	15
PE051094	2	13	 	 
PE051095	1	12	13	12
PE051095	2	8888	40	1
PE051095	3	1	 	 
PE051099	1	22	3	8
PE051099	2	8888	15	5
PE051099	3	15	 	 
PE051101	1	9999	19	1
PE051101	2	8888	23	5
PE051101	3	57	 	 
PE051102	1	1	23	15
PE051102	2	13	 	 
PE051103	1	14	2	1
PE051103	2	8888	8	1
PE051103	3	8888	10	1
PE051103	4	8888	14	1
PE051103	5	13	 	 
PE051104	1	27	18	1
PE051104	2	8888	37	2
PE051104	3	17	 	 
PE051105	1	15	16	1
PE051105	2	8888	19	5
PE051105	3	8888	24	1
PE051105	4	8888	31	8
PE051105	5	8888	43	9
PE051105	6	1	 	 
PE061002	1	1	15	13
PE061002	2	8888	37	2
PE061002	3	8888	38	7
PE061002	4	1	 	 
PE061003	1	1	18	13
PE061003	2	1	 	 
PE061004	1	1	5	5
PE061004	2	1	 	 
PE061005	1	1	1	7
PE061005	2	1	 	 
PE061006	1	1	21	5
PE061006	2	8888	21	3
PE061006	3	8888	23	5
PE061006	4	8888	24	6
PE061006	5	1	 	 
PE061008	1	1	10	5
PE061008	2	8888	15	13
PE061008	3	8888	21	4
PE061008	4	8888	22	1
PE061008	5	1	 	 
PE061009	1	1	2	7
PE061009	2	8888	7	8
PE061009	3	8888	17	13
PE061009	4	8888	21	12
PE061009	5	1	 	 
PE061010	1	1	13	4
PE061010	2	8888	14	4
PE061010	3	8888	15	8
PE061010	4	8888	18	13
PE061010	5	8888	18	5
PE061010	6	8888	19	5
PE061010	7	1	 	 
PE061011	1	1	2	3
PE061011	2	8888	20	17
PE061011	3	1	 	 
PE061013	1	16	8	1
PE061013	2	8888	18	13
PE061013	3	8888	21	4
PE061013	4	8888	24	1
PE061013	5	8888	29	5
PE061013	6	1	 	 
PE061014	1	1	35	5
PE061014	2	1	 	 
PE061015	1	1	17	13
PE061015	2	8888	24	1
PE061015	3	1	 	 
PE061017	1	1	8	6
PE061017	2	1	 	 
PE061018	1	1	9	10
PE061018	2	8888	14	2
PE061018	3	8888	15	1
PE061018	4	1	 	 
PE061019	1	1	3	8
PE061019	2	8888	19	13
PE061019	3	8888	20	1
PE061019	4	8888	28	1
PE061019	5	22	 	 
PE061020	1	1	16	2
PE061020	2	8888	18	15
PE061020	3	8888	18	1
PE061020	4	8888	23	1
PE061020	5	8888	26	1
PE061020	6	8888	26	1
PE061020	7	1	 	 
PE061021	1	1	28	15
PE061021	2	1	 	 
PE061022	1	14	9	2
PE061022	2	1	 	 
PE061023	1	84	8	14
PE061023	2	8888	26	1
PE061023	3	8888	27	1
PE061023	4	8888	28	1
PE061023	5	1	 	 
PE061024	1	1	6	15
PE061024	2	1	 	 
PE061025	1	1	5	15
PE061025	2	1	 	 
PE061026	1	1	1	15
PE061026	2	8888	3	15
PE061026	3	8888	9	2
PE061026	4	8888	13	6
PE061026	5	8888	21	5
PE061026	6	8888	28	5
PE061026	7	1	 	 
PE061027	1	1	14	1
PE061027	2	8888	15	15
PE061027	3	8888	23	13
PE061027	4	1	 	 
PE061031	1	1	5	15
PE061031	2	8888	23	13
PE061031	3	1	 	 
PE061032	1	1	4	21
PE061032	2	8888	29	3
PE061032	3	1	 	 
PE061033	1	1	1	8
PE061033	2	8888	21	1
PE061033	3	8888	22	1
PE061033	4	1	 	 
PE061034	1	44	6	12
PE061034	2	8888	19	1
PE061034	3	1	 	 
PE061037	1	1	5	7
PE061037	2	8888	15	15
PE061037	3	8888	15	15
PE061037	4	8888	22	15
PE061037	5	8888	23	1
PE061037	6	1	 	 
PE061038	1	1	9	20
PE061038	2	8888	18	1
PE061038	3	8888	21	15
PE061038	4	8888	22	13
PE061038	5	1	 	 
PE061039	1	1	1	1
PE061039	2	8888	5	3
PE061039	3	8888	9	20
PE061039	4	8888	13	1
PE061039	5	8888	19	5
PE061039	6	8888	20	1
PE061039	7	1	 	 
PE061040	1	3	5	3
PE061040	2	8888	10	2
PE061040	3	1	 	 
PE061041	1	1	17	2
PE061041	2	8888	23	19
PE061041	3	1	 	 
PE061046	1	1	17	2
PE061046	2	8888	23	3
PE061046	3	8888	23	1
PE061046	4	8888	26	1
PE061046	5	8888	33	8
PE061046	6	1	 	 
PE061047	1	1	4	1
PE061047	2	8888	6	1
PE061047	3	8888	25	1
PE061047	4	8888	35	1
PE061047	5	8888	42	7
PE061047	6	1	 	 
PE061048	1	18	16	1
PE061048	2	8888	19	1
PE061048	3	1	 	 
PE061050	1	1	4	5
PE061050	2	1	 	 
PE061052	1	1	1	1
PE061052	2	8888	22	1
PE061052	3	1	 	 
PE061053	1	1	17	2
PE061053	2	8888	17	13
PE061053	3	8888	23	7
PE061053	4	8888	25	5
PE061053	5	1	 	 
PE061056	1	9999	13	1
PE061056	2	8888	19	13
PE061056	3	8888	20	1
PE061056	4	8888	23	13
PE061056	5	1	 	 
PE061059	1	1	12	1
PE061059	2	8888	16	1
PE061059	3	8888	18	5
PE061059	4	1	 	 
PE061062	1	8	13	1
PE061062	2	8888	17	1
PE061062	3	8888	20	1
PE061062	4	8888	22	8
PE061062	5	1	 	 
PE061063	1	1	29	1
PE061063	2	1	 	 
PE061064	1	1	7	17
PE061064	2	8888	26	7
PE061064	3	8888	33	4
PE061064	4	1	 	 
PE061065	1	1	25	1
PE061065	2	8888	35	15
PE061065	3	1	 	 
PE061066	1	44	15	2
PE061066	2	8888	18	15
PE061066	3	8888	22	19
PE061066	4	8888	30	5
PE061066	5	1	 	 
PE061067	1	1	14	3
PE061067	2	8888	31	1
PE061067	3	1	 	 
PE061069	1	1	6	7
PE061069	2	1	 	 
PE061070	1	1	14	1
PE061070	2	8888	18	1
PE061070	3	8888	20	5
PE061070	4	8888	25	1
PE061070	5	8888	26	1
PE061070	6	1	 	 
PE061071	1	1	13	15
PE061071	2	1	 	 
PE061072	1	1	19	1
PE061072	2	1	 	 
PE061073	1	1	11	4
PE061073	2	8888	19	1
PE061073	3	8888	21	4
PE061073	4	8888	24	5
PE061073	5	8888	39	12
PE061073	6	1	 	 
PE061074	1	1	17	1
PE061074	2	56	 	 
PE061075	1	1	14	1
PE061075	2	8888	16	1
PE061075	3	8888	17	5
PE061075	4	8888	19	8
PE061075	5	8888	21	5
PE061075	6	1	 	 
PE061077	1	1	9	4
PE061077	2	8888	13	5
PE061077	3	8888	15	8
PE061077	4	8888	22	4
PE061077	5	1	 	 
PE061078	1	1	5	4
PE061078	2	8888	10	4
PE061078	3	8888	15	1
PE061078	4	8888	15	1
PE061078	5	8888	16	1
PE061078	6	8888	26	5
PE061078	7	1	 	 
PE061079	1	44	14	4
PE061079	2	8888	24	1
PE061079	3	8888	24	1
PE061079	4	1	 	 
PE061080	1	44	7	20
PE061080	2	8888	18	1
PE061080	3	8888	21	15
PE061080	4	1	 	 
PE061081	1	1	17	13
PE061081	2	1	 	 
PE061082	1	9999	16	5
PE061082	2	8888	38	9
PE061082	3	0	38	4
PE061082	4	1	 	 
PE061084	1	1	2	10
PE061084	2	8888	7	6
PE061084	3	8888	16	6
PE061084	4	8888	25	10
PE061084	5	1	 	 
PE061085	1	1	20	13
PE061085	2	1	 	 
PE061086	1	1	13	5
PE061086	2	1	 	 
PE061087	1	1	11	2
PE061087	2	8888	12	2
PE061087	3	8888	16	5
PE061087	4	1	 	 
PE061088	1	3	7	1
PE061088	2	1	 	 
PE061089	1	1	20	1
PE061089	2	8888	26	1
PE061089	3	8888	32	5
PE061089	4	1	 	 
PE061090	1	1	19	13
PE061090	2	1	 	 
PE061091	1	1	1	8
PE061091	2	8888	17	1
PE061091	3	1	 	 
PE061092	1	1	1	1
PE061092	2	8888	8	15
PE061092	3	8888	12	1
PE061092	4	8888	29	1
PE061092	5	8888	34	1
PE061092	6	1	 	 
PE061093	1	1	36	1
PE061093	2	1	 	 
PE061094	1	23	14	1
PE061094	2	8888	24	13
PE061094	3	1	 	 
PE061096	1	1	17	1
PE061096	2	8888	18	5
PE061096	3	8888	29	12
PE061096	4	8888	31	8
PE061096	5	1	 	 
PE061097	1	9999	11	2
PE061097	2	8888	13	1
PE061097	3	8888	15	3
PE061097	4	8888	17	13
PE061097	5	1	 	 
PE061098	1	21	14	1
PE061098	2	8888	15	1
PE061098	3	8888	16	1
PE061098	4	8888	16	5
PE061098	5	1	 	 
PE061099	1	45	5	2
PE061099	2	8888	15	1
PE061099	3	8888	24	5
PE061099	4	1	 	 
PE061100	1	1	16	1
PE061100	2	8888	18	13
PE061100	3	8888	19	5
PE061100	4	1	 	 
PE061101	1	9999	2	1
PE061101	2	8888	7	10
PE061101	3	8888	15	9
PE061101	4	8888	18	1
PE061101	5	8888	21	15
PE061101	6	8888	22	18
PE061101	7	8888	22	15
PE061101	8	8888	23	1
PE061101	9	8888	27	18
PE061101	10	8888	28	15
PE061101	11	1	 	 
PE061103	1	13	5	8
PE061103	2	8888	13	1
PE061103	3	8888	20	10
PE061103	4	8888	26	1
PE061103	5	8888	28	8
PE061103	6	8888	34	1
PE061103	7	8888	35	5
PE061103	8	135	 	 
PE071004	1	1	24	8
PE071004	2	8888	28	13
PE071004	3	8888	32	14
PE071004	4	1	 	 
PE071005	1	1	5	5
PE071005	2	8888	36	5
PE071005	3	1	 	 
PE071006	1	1	22	13
PE071006	2	1	 	 
PE071008	1	1	31	8
PE071008	2	1	 	 
PE071009	1	13	20	1
PE071009	2	8888	22	1
PE071009	3	8888	24	13
PE071009	4	8888	25	1
PE071009	5	8888	36	12
PE071009	6	1	 	 
PE071010	1	1	16	2
PE071010	2	8888	18	13
PE071010	3	1	 	 
PE071013	1	9999	2	5
PE071013	2	8888	5	8
PE071013	3	8888	23	15
PE071013	4	8888	24	5
PE071013	5	1	 	 
PE071014	1	37	10	4
PE071014	2	8888	48	2
PE071014	3	8888	49	1
PE071014	4	8888	51	1
PE071014	5	8888	53	8
PE071014	6	1	 	 
PE071016	1	1	21	13
PE071016	2	1	 	 
PE071017	1	1	34	5
PE071017	2	1	 	 
PE071018	1	1	26	8
PE071018	2	1	 	 
PE071019	1	1	0	5
PE071019	2	8888	5	8
PE071019	3	8888	22	8
PE071019	4	8888	30	13
PE071019	5	1	 	 
PE071021	1	6	13	2
PE071021	2	8888	16	13
PE071021	3	8888	24	8
PE071021	4	1	 	 
PE071024	1	1	3	4
PE071024	2	8888	17	4
PE071024	3	8888	17	4
PE071024	4	8888	18	13
PE071024	5	1	 	 
PE071025	1	1	15	4
PE071025	2	8888	15	5
PE071025	3	8888	18	8
PE071025	4	8888	21	6
PE071025	5	1	 	 
PE071026	1	18	7	1
PE071026	2	8888	14	9
PE071026	3	8888	14	1
PE071026	4	8888	21	4
PE071026	5	8888	28	13
PE071026	6	1	 	 
PE071029	1	1	3	14
PE071029	2	1	 	 
PE071031	1	1	12	2
PE071031	2	8888	19	13
PE071031	3	8888	20	4
PE071031	4	8888	24	5
PE071031	5	1	 	 
PE071032	1	63	10	1
PE071032	2	8888	17	13
PE071032	3	8888	39	13
PE071032	4	1	 	 
PE071035	1	1	8	15
PE071035	2	1	 	 
PE071036	1	1	12	15
PE071036	2	8888	14	8
PE071036	3	8888	19	1
PE071036	4	8888	20	1
PE071036	5	8888	46	1
PE071036	6	8888	54	8
PE071036	7	97	 	 
PE071041	1	1	12	2
PE071041	2	8888	18	2
PE071041	3	8888	20	19
PE071041	4	8888	21	2
PE071041	5	8888	23	2
PE071041	6	8888	24	6
PE071041	7	8888	25	6
PE071041	8	8888	29	6
PE071041	9	1	 	 
PE071042	1	1	5	14
PE071042	2	1	 	 
PE071044	1	1	7	10
PE071044	2	8888	15	1
PE071044	3	8888	23	13
PE071044	4	1	 	 
PE071045	1	59	14	2
PE071045	2	1	 	 
PE071047	1	26	7	2
PE071047	2	8888	19	13
PE071047	3	1	 	 
PE071050	1	19	15	1
PE071050	2	8888	22	13
PE071050	3	1	 	 
PE071051	1	9999	16	1
PE071051	2	8888	22	1
PE071051	3	8888	24	13
PE071051	4	1	 	 
PE071052	1	1	5	8
PE071052	2	1	 	 
PE071053	1	66	15	1
PE071053	2	8888	20	13
PE071053	3	1	 	 
PE071054	1	28	7	8
PE071054	2	8888	24	5
PE071054	3	64	 	 
PE071057	1	1	28	8
PE071057	2	1	 	 
PE071058	1	1	2	8
PE071058	2	8888	13	1
PE071058	3	8888	20	13
PE071058	4	1	 	 
PE071059	1	1	0	1
PE071059	2	8888	20	13
PE071059	3	1	 	 
PE071061	1	52	33	15
PE071061	2	8888	34	14
PE071061	3	1	 	 
PE071062	1	60	14	3
PE071062	2	8888	16	19
PE071062	3	8888	18	1
PE071062	4	8888	19	1
PE071062	5	8888	24	5
PE071062	6	8888	27	5
PE071062	7	8888	28	14
PE071062	8	1	 	 
PE071066	1	45	18	6
PE071066	2	1	 	 
PE071068	1	1	19	13
PE071068	2	1	 	 
PE071069	1	9999	22	13
PE071069	2	1	 	 
PE071070	1	1	2	1
PE071070	2	1	 	 
PE071071	1	1	18	1
PE071071	2	1	 	 
PE071072	1	1	5	8
PE071072	2	1	 	 
PE071074	1	1	12	2
PE071074	2	8888	17	1
PE071074	3	8888	19	13
PE071074	4	1	 	 
PE071075	1	72	3	1
PE071075	2	1	 	 
PE071076	1	1	25	5
PE071076	2	1	 	 
PE071077	1	1	5	1
PE071077	2	8888	14	5
PE071077	3	1	 	 
PE071078	1	1	18	1
PE071078	2	8888	20	13
PE071078	3	1	 	 
PE071079	1	1	0	15
PE071079	2	0	5	12
PE071079	3	8888	9	15
PE071079	4	8888	17	13
PE071079	5	1	 	 
PE071080	1	1	8	1
PE071080	2	8888	17	5
PE071080	3	1	 	 
PE071083	1	10	23	1
PE071083	2	8888	25	1
PE071083	3	1	 	 
PE071084	1	1	1	1
PE071084	2	8888	3	8
PE071084	3	8888	13	8
PE071084	4	8888	15	8
PE071084	5	8888	22	8
PE071084	6	8888	23	13
PE071084	7	8888	23	8
PE071084	8	8888	26	1
PE071084	9	1	 	 
PE071085	1	32	17	1
PE071085	2	0	18	2
PE071085	3	8888	22	13
PE071085	4	1	 	 
PE071087	1	1	0	7
PE071087	2	8888	3	15
PE071087	3	8888	8	2
PE071087	4	8888	9	15
PE071087	5	8888	12	15
PE071087	6	8888	14	15
PE071087	7	8888	15	2
PE071087	8	8888	15	2
PE071087	9	8888	16	1
PE071087	10	8888	20	15
PE071087	11	8888	21	15
PE071087	12	8888	21	13
PE071087	13	1	 	 
PE071088	1	1	23	5
PE071088	2	1	 	 
PE071089	1	9999	0	10
PE071089	2	8888	4	15
PE071089	3	8888	8	10
PE071089	4	8888	9	12
PE071089	5	8888	15	12
PE071089	6	1	 	 
PE071090	1	1	10	8
PE071090	2	8888	31	1
PE071090	3	8888	32	2
PE071090	4	1	 	 
PE071093	1	34	11	1
PE071093	2	8888	18	5
PE071093	3	1	 	 
PE071094	1	1	7	1
PE071094	2	8888	12	8
PE071094	3	1	 	 
PE071095	1	1	5	15
PE071095	2	8888	14	15
PE071095	3	8888	17	15
PE071095	4	8888	21	13
PE071095	5	8888	23	5
PE071095	6	1	 	 
PE071096	1	1	18	2
PE071096	2	8888	21	5
PE071096	3	1	 	 
PE071097	1	1	18	12
PE071097	2	8888	21	5
PE071097	3	1	 	 
PE071098	1	29	14	10
PE071098	2	8888	26	5
PE071098	3	1	 	 
PE071099	1	64	12	2
PE071099	2	8888	14	5
PE071099	3	8888	22	6
PE071099	4	1	 	 
PE071100	1	59	14	10
PE071100	2	8888	19	5
PE071100	3	8888	27	8
PE071100	4	1	 	 
PE071102	1	1	6	2
PE071102	2	8888	18	13
PE071102	3	1	 	 
PE071103	1	1	2	1
PE071103	2	8888	15	13
PE071103	3	8888	22	6
PE071103	4	8888	25	1
PE071103	5	8888	27	1
PE071103	6	8888	32	6
PE071103	7	1	 	 
PE071104	1	1	18	8
PE071104	2	8888	31	13
PE071104	3	8888	37	15
PE071104	4	8888	39	5
PE071104	5	1	 	 
PE071105	1	9999	0	8
PE071105	2	8888	9	1
PE071105	3	8888	11	9
PE071105	4	8888	13	1
PE071105	5	0	15	3
PE071105	6	1	 	 
PE071109	1	19	13	2
PE071109	2	8888	20	13
PE071109	3	1	 	 
PE081001	1	1	32	1
PE081001	2	1	 	 
PE081002	1	1	18	1
PE081002	2	23	 	 
PE081004	1	22	6	2
PE081004	2	0	18	2
PE081004	3	1	 	 
PE081005	1	1	8	1
PE081005	2	0	22	3
PE081005	3	8888	26	3
PE081005	4	0	33	3
PE081005	5	1	 	 
PE081006	1	1	26	3
PE081006	2	1	 	 
PE081009	1	5	11	2
PE081009	2	8888	25	5
PE081009	3	4	 	 
PE081011	1	5	8	8
PE081011	2	1	 	 
PE081012	1	1	18	13
PE081012	2	1	 	 
PE081013	1	1	12	8
PE081013	2	1	 	 
PE081014	1	1	5	15
PE081014	2	8888	6	8
PE081014	3	8888	22	5
PE081014	4	4	 	 
PE081016	1	1	2	4
PE081016	2	8888	27	13
PE081016	3	8888	29	1
PE081016	4	1	 	 
PE081017	1	26	12	2
PE081017	2	8888	20	13
PE081017	3	1	 	 
PE081018	1	1	25	15
PE081018	2	8888	25	5
PE081018	3	8888	29	14
PE081018	4	4	 	 
PE081020	1	1	2	8
PE081020	2	8888	7	8
PE081020	3	8888	8	15
PE081020	4	8888	18	15
PE081020	5	8888	20	13
PE081020	6	8888	24	13
PE081020	7	8888	35	7
PE081020	8	1	 	 
PE081022	1	1	4	2
PE081022	2	8888	17	1
PE081022	3	8888	30	8
PE081022	4	1	 	 
PE081023	1	126	2	1
PE081023	2	8888	4	8
PE081023	3	8888	20	15
PE081023	4	8888	20	8
PE081023	5	1	 	 
PE081024	1	1	18	13
PE081024	2	1	 	 
PE081025	1	0	14	1
PE081025	2	1	 	 
PE081026	1	1	10	15
PE081026	2	1	 	 
PE081027	1	1	2	8
PE081027	2	8888	5	2
PE081027	3	8888	10	8
PE081027	4	8888	21	13
PE081027	5	1	 	 
PE081028	1	1	0	3
PE081028	2	8888	17	2
PE081028	3	8888	19	13
PE081028	4	1	 	 
PE081029	1	1	16	8
PE081029	2	1	 	 
PE081030	1	12	5	2
PE081030	2	1	 	 
PE081036	1	34	9	3
PE081036	2	8888	16	13
PE081036	3	8888	19	3
PE081036	4	8888	22	5
PE081036	5	8888	24	5
PE081036	6	4	 	 
PE081037	1	1	26	8
PE081037	2	1	 	 
PE081038	1	1	21	14
PE081038	2	1	 	 
PE081041	1	42	3	12
PE081041	2	8888	16	13
PE081041	3	8888	21	7
PE081041	4	1	 	 
PE081042	1	1	3	5
PE081042	2	8888	17	13
PE081042	3	1	 	 
PE081044	1	22	13	2
PE081044	2	1	 	 
PE081045	1	1	12	2
PE081045	2	8888	17	13
PE081045	3	8888	22	6
PE081045	4	8888	23	12
PE081045	5	8888	27	1
PE081045	6	8888	 	 
PE081046	1	9999	13	17
PE081046	2	1	 	 
PE081047	1	1	26	13
PE081047	2	1	 	 
PE081049	1	1	29	5
PE081049	2	1	 	 
PE081050	1	1	17	13
PE081050	2	1	 	 
PE081051	1	1	6	2
PE081051	2	8888	8	2
PE081051	3	8888	10	2
PE081051	4	8888	16	4
PE081051	5	8888	17	4
PE081051	6	8888	18	4
PE081051	7	8888	18	4
PE081051	8	8888	20	4
PE081051	9	1	 	 
PE081052	1	67	1	8
PE081052	2	8888	21	5
PE081052	3	1	 	 
PE081053	1	1	9	14
PE081053	2	8888	16	13
PE081053	3	1	 	 
PE081054	1	9999	20	13
PE081054	2	1	 	 
PE081058	1	29	7	2
PE081058	2	8888	23	1
PE081058	3	8888	 	 
PE081062	1	9	16	1
PE081062	2	8888	17	13
PE081062	3	8888	18	14
PE081062	4	8888	22	18
PE081062	5	8888	23	12
PE081062	6	1	 	 
PE081063	1	1	18	1
PE081063	2	8888	26	1
PE081063	3	8888	32	8
PE081063	4	1	 	 
PE081065	1	1	10	1
PE081065	2	8888	16	13
PE081065	3	1	 	 
PE081066	1	1	9	8
PE081066	2	8888	12	4
PE081066	3	8888	20	13
PE081066	4	1	 	 
PE081067	1	42	15	2
PE081067	2	8888	16	8
PE081067	3	8888	24	1
PE081067	4	8888	39	5
PE081067	5	4	 	 
PE081068	1	67	11	2
PE081068	2	1	 	 
PE081069	1	1	12	8
PE081069	2	8888	14	13
PE081069	3	1	 	 
PE081074	1	5	11	13
PE081074	2	8888	15	12
PE081074	3	1	 	 
PE081075	1	1	19	1
PE081075	2	8888	21	13
PE081075	3	8888	24	4
PE081075	4	8888	24	13
PE081075	5	1	 	 
PE081078	1	1	22	8
PE081078	2	1	 	 
PE081082	1	67	8	2
PE081082	2	8888	25	1
PE081082	3	8888	25	1
PE081082	4	8888	29	13
PE081082	5	1	 	 
PE081083	1	1	1	1
PE081083	2	8888	10	1
PE081083	3	1	 	 
PE081088	1	1	2	1
PE081088	2	8888	7	8
PE081088	3	8888	18	18
PE081088	4	8888	18	5
PE081088	5	8888	19	4
PE081088	6	8888	19	1
PE081088	7	8888	20	1
PE081088	8	8888	22	5
PE081088	9	1	 	 
PE081089	1	1	31	1
PE081089	2	1	 	 
PE081091	1	1	7	10
PE081091	2	8888	18	8
PE081091	3	8888	26	1
PE081091	4	8888	32	1
PE081091	5	8888	37	1
PE081091	6	1	 	 
PE081092	1	88	2	1
PE081092	2	8888	12	8
PE081092	3	8888	34	5
PE081092	4	1	 	 
PE081095	1	1	3	8
PE081095	2	1	 	 
PE081096	1	1	30	5
PE081096	2	4	 	 
PE081098	1	1	22	5
PE081098	2	1	 	 
PE091003	1	5	34	2
PE091003	2	9	 	 
PE091004	1	13	18	1
PE091004	2	8888	21	3
PE091004	3	8888	23	13
PE091004	4	9	 	 
PE091005	1	85	10	1
PE091005	2	8888	17	18
PE091005	3	8888	20	4
PE091005	4	8888	27	13
PE091005	5	9	 	 
PE091006	1	8	16	13
PE091006	2	9	 	 
PE091008	1	9999	8	8
PE091008	2	8888	16	1
PE091008	3	8888	18	15
PE091008	4	9	 	 
PE091009	1	1	18	2
PE091009	2	8888	22	1
PE091009	3	9	 	 
PE091012	1	1	17	5
PE091012	2	8888	18	5
PE091012	3	1	 	 
PE091015	1	1	17	2
PE091015	2	8888	22	1
PE091015	3	8888	28	1
PE091015	4	8888	30	1
PE091015	5	10	 	 
PE091017	1	1	18	1
PE091017	2	8888	20	5
PE091017	3	1	 	 
PE091018	1	0	23	13
PE091018	2	12	 	 
PE091020	1	4	5	12
PE091020	2	12	 	 
PE091022	1	9	25	13
PE091022	2	13	 	 
PE091024	1	12	17	13
PE091024	2	12	 	 
PE091025	1	4	10	21
PE091025	2	12	 	 
PE091026	1	4	9	8
PE091026	2	1	 	 
PE091027	1	9999	9	1
PE091027	2	8888	16	2
PE091027	3	8888	18	3
PE091027	4	8888	20	2
PE091027	5	8888	21	8
PE091027	6	8888	23	8
PE091027	7	82	 	 
PE091029	1	1	18	1
PE091029	2	8888	18	13
PE091029	3	3	 	 
PE091030	1	20	15	1
PE091030	2	8888	17	12
PE091030	3	8888	22	13
PE091030	4	3	 	 
PE091031	1	3	20	2
PE091031	2	8888	26	1
PE091031	3	8888	38	1
PE091031	4	1	 	 
PE091032	1	1	17	13
PE091032	2	3	 	 
PE091034	1	43	20	13
PE091034	2	42	 	 
PE091035	1	1	14	1
PE091035	2	8888	16	19
PE091035	3	8888	19	1
PE091035	4	8888	22	1
PE091035	5	8888	26	1
PE091035	6	8888	32	1
PE091035	7	42	 	 
PE091036	1	23	17	8
PE091036	2	42	 	 
PE091037	1	1	18	2
PE091037	2	8888	20	1
PE091037	3	8888	22	19
PE091037	4	8888	25	13
PE091037	5	42	 	 
PE091038	1	31	17	1
PE091038	2	8888	19	1
PE091038	3	8888	22	13
PE091038	4	8888	25	12
PE091038	5	8888	28	12
PE091038	6	8888	32	12
PE091038	7	1	 	 
PE091039	1	0	7	17
PE091039	2	8888	19	13
PE091039	3	8	 	 
PE091040	1	23	19	13
PE091040	2	20	 	 
PE091042	1	1	20	2
PE091042	2	8888	25	13
PE091042	3	8888	29	2
PE091042	4	1	 	 
PE091043	1	9999	17	1
PE091043	2	8888	18	5
PE091043	3	8888	19	5
PE091043	4	20	 	 
PE091046	1	20	20	1
PE091046	2	1	 	 
PE091048	1	23	17	13
PE091048	2	16	 	 
PE091052	1	26	17	1
PE091052	2	23	 	 
PE091053	1	12	27	13
PE091053	2	20	 	 
PE091056	1	8	29	13
PE091056	2	1	 	 
PE091059	1	12	20	13
PE091059	2	8888	12	2
PE091059	3	1	 	 
PE091060	1	26	20	1
PE091060	2	8888	22	14
PE091060	3	8	 	 
PE091061	1	88	20	13
PE091061	2	43	 	 
PE091064	1	15	18	13
PE091064	2	21	 	 
PE091065	1	9999	16	13
PE091065	2	15	 	 
PE091066	1	16	15	1
PE091066	2	15	 	 
PE091067	1	15	2	13
PE091067	2	9	 	 
PE091068	1	1	4	15
PE091068	2	9	 	 
PE091069	1	9999	15	1
PE091069	2	8888	16	13
PE091069	3	15	 	 
PE091070	1	15	12	1
PE091070	2	8888	23	4
PE091070	3	8888	26	4
PE091070	4	8888	29	1
PE091070	5	1	 	 
PE091073	1	30	18	13
PE091073	2	35	 	 
PE091075	1	25	22	13
PE091075	2	35	 	 
PE091082	1	9999	23	5
PE091082	2	35	 	 
PE091086	1	33	22	1
PE091086	2	1	 	 
PE091088	1	33	26	5
PE091088	2	51	 	 
PE091089	1	25	20	13
PE091089	2	33	 	 
PE091092	1	40	31	8
PE091092	2	52	 	 
PE091093	1	42	20	13
PE091093	2	40	 	 
PE091096	1	8	22	13
PE091096	2	8888	24	5
PE091096	3	41	 	 
PE091097	1	87	14	8
PE091097	2	8888	18	5
PE091097	3	8888	21	1
PE091097	4	34	 	 
PE091098	1	9999	4	1
PE091098	2	38	 	 
PE091101	1	42	25	5
PE091101	2	38	 	 
PE091102	1	39	22	13
PE091102	2	38	 	 
PE101002	1	82	16	13
PE101002	2	1	 	 
PE101004	1	1	7	1
PE101004	2	8888	13	1
PE101004	3	8888	28	8
PE101004	4	8888	38	8
PE101004	5	8888	44	8
PE101004	6	82	 	 
PE101005	1	9999	4	7
PE101005	2	8888	8	1
PE101005	3	8888	9	1
PE101005	4	8888	13	6
PE101005	5	8888	20	2
PE101005	6	8888	20	18
PE101005	7	8888	20	8
PE101005	8	8888	20	14
PE101005	9	82	 	 
PE101006	1	9999	18	13
PE101006	2	82	 	 
PE101007	1	1	19	1
PE101007	2	8888	21	13
PE101007	3	82	 	 
PE101008	1	1	3	15
PE101008	2	8888	14	15
PE101008	3	8888	22	2
PE101008	4	82	 	 
PE101009	1	82	21	13
PE101009	2	82	 	 
PE101012	1	1	12	14
PE101012	2	8888	19	13
PE101012	3	8888	20	15
PE101012	4	8888	21	1
PE101012	5	8888	23	4
PE101012	6	8888	24	1
PE101012	7	82	 	 
PE101013	1	1	11	2
PE101013	2	8888	18	1
PE101013	3	8888	21	1
PE101013	4	82	 	 
PE101018	1	3	10	2
PE101018	2	8888	26	12
PE101018	3	82	 	 
PE101020	1	1	23	13
PE101020	2	8888	23	5
PE101020	3	8888	28	5
PE101020	4	1	 	 
PE101021	1	1	12	1
PE101021	2	8888	20	13
PE101021	3	8888	20	12
PE101021	4	8888	25	12
PE101021	5	82	 	 
PE101022	1	4	13	1
PE101022	2	8888	14	1
PE101022	3	8888	24	13
PE101022	4	82	 	 
PE101023	1	1	11	21
PE101023	2	8888	44	12
PE101023	3	82	 	 
PE101024	1	1	19	1
PE101024	2	8888	19	13
PE101024	3	8888	21	8
PE101024	4	82	 	 
PE101025	1	1	0	1
PE101025	2	8888	24	13
PE101025	3	82	 	 
PE101026	1	1	14	1
PE101026	2	82	 	 
PE101027	1	78	18	13
PE101027	2	8888	23	15
PE101027	3	82	 	 
PE101030	1	1	5	1
PE101030	2	8888	12	2
PE101030	3	8888	18	1
PE101030	4	8888	24	15
PE101030	5	8888	25	1
PE101030	6	8888	27	5
PE101030	7	1	 	 
PE101031	1	71	5	2
PE101031	2	82	 	 
PE101032	1	35	17	13
PE101032	2	8888	19	1
PE101032	3	8888	21	17
PE101032	4	47	 	 
PE101033	1	60	15	1
PE101033	2	8888	18	1
PE101033	3	8888	19	1
PE101033	4	8888	25	3
PE101033	5	8888	25	5
PE101033	6	8888	30	8
PE101033	7	1	 	 
PE101034	1	49	6	2
PE101034	2	82	 	 
PE101036	1	7	10	1
PE101036	2	8888	27	8
PE101036	3	82	 	 
PE101037	1	12	5	3
PE101037	2	8888	16	2
PE101037	3	8888	37	5
PE101037	4	82	 	 
PE101040	1	5	16	13
PE101040	2	82	 	 
PE101041	1	1	21	1
PE101041	2	8888	21	1
PE101041	3	8888	22	1
PE101041	4	8888	23	2
PE101041	5	82	 	 
PE101043	1	1	9	1
PE101043	2	8888	20	1
PE101043	3	8888	20	1
PE101043	4	8888	22	1
PE101043	5	8888	22	1
PE101043	6	1	 	 
PE101044	1	82	7	8
PE101044	2	82	 	 
PE101046	1	82	22	5
PE101046	2	82	 	 
PE101048	1	83	5	4
PE101048	2	8888	14	1
PE101048	3	8888	15	15
PE101048	4	82	 	 
PE101049	1	1	9	10
PE101049	2	8888	18	13
PE101049	3	82	 	 
PE101050	1	1	3	8
PE101050	2	8888	21	13
PE101050	3	82	 	 
PE101051	1	49	5	2
PE101051	2	8888	22	1
PE101051	3	0	23	1
PE101051	4	82	 	 
PE101052	1	1	17	13
PE101052	2	8888	28	4
PE101052	3	82	 	 
PE101053	1	0	6	10
PE101053	2	8888	17	8
PE101053	3	8888	23	5
PE101053	4	74	 	 
PE101054	1	71	17	1
PE101054	2	8888	18	1
PE101054	3	8888	18	1
PE101054	4	8888	19	8
PE101054	5	8888	20	1
PE101054	6	82	 	 
PE101055	1	101	8	2
PE101055	2	8888	16	13
PE101055	3	82	 	 
PE101056	1	1	12	8
PE101056	2	82	 	 
PE101057	1	31	15	7
PE101057	2	8888	20	13
PE101057	3	82	 	 
PE101061	1	1	8	1
PE101061	2	8888	19	13
PE101061	3	8888	20	8
PE101061	4	1	 	 
PE101062	1	1	28	1
PE101062	2	8888	30	5
PE101062	3	8888	33	8
PE101062	4	82	 	 
PE101065	1	9999	15	8
PE101065	2	8888	31	14
PE101065	3	82	 	 
PE101066	1	82	4	7
PE101066	2	8888	17	13
PE101066	3	8888	23	1
PE101066	4	1	 	 
PE101067	1	20	25	13
PE101067	2	82	 	 
PE101069	1	40	7	1
PE101069	2	8888	9	1
PE101069	3	8888	24	13
PE101069	4	82	 	 
PE101070	1	1	25	13
PE101070	2	8888	27	19
PE101070	3	82	 	 
PE101071	1	75	19	1
PE101071	2	8888	26	12
PE101071	3	8888	30	1
PE101071	4	1	 	 
PE101073	1	1	17	2
PE101073	2	8888	26	1
PE101073	3	8888	29	1
PE101073	4	8888	30	2
PE101073	5	1	 	 
PE101074	1	1	15	2
PE101074	2	8888	23	5
PE101074	3	82	 	 
PE101076	1	1	20	1
PE101076	2	8888	25	2
PE101076	3	82	 	 
PE101078	1	1	10	2
PE101078	2	8888	16	5
PE101078	3	82	 	 
PE101080	1	8	33	10
PE101080	2	82	 	 
PE101081	1	9999	30	2
PE101081	2	82	 	 
PE101086	1	1	1	1
PE101086	2	8888	2	15
PE101086	3	8888	8	15
PE101086	4	8888	14	1
PE101086	5	0	16	7
PE101086	6	0	16	13
PE101086	7	82	 	 
PE101087	1	37	5	2
PE101087	2	8888	17	15
PE101087	3	8888	18	1
PE101087	4	8888	21	13
PE101087	5	82	 	 
PE101088	1	8	18	15
PE101088	2	82	 	 
PE101089	1	82	3	6
PE101089	2	8888	39	1
PE101089	3	8888	39	19
PE101089	4	82	 	 
PE101092	1	1	3	4
PE101092	2	8888	13	13
PE101092	3	8888	15	1
PE101092	4	82	 	 
PE101094	1	37	4	2
PE101094	2	8888	7	2
PE101094	3	8888	15	1
PE101094	4	8888	16	12
PE101094	5	82	 	 
PE101096	1	1	7	1
PE101096	2	8888	15	1
PE101096	3	8888	16	1
PE101096	4	8888	17	1
PE101096	5	8888	18	1
PE101096	6	8888	22	8
PE101096	7	82	 	 
PE101099	1	9999	0	8
PE101099	2	8888	19	1
PE101099	3	8888	20	1
PE101099	4	82	 	 
PE101100	1	73	10	10
PE101100	2	8888	13	15
PE101100	3	8888	13	2
PE101100	4	8888	23	1
PE101100	5	1	 	 
PE101101	1	1	19	2
PE101101	2	8888	31	5
PE101101	3	82	 	 
PE101102	1	1	0	1
PE101102	2	8888	2	8
PE101102	3	82	 	 
PE101103	1	49	6	2
PE101103	2	8888	18	8
PE101103	3	82	 	 
PE101104	1	14	22	20
PE101104	2	8888	38	1
PE101104	3	1	 	 
PE111002	1	30	18	1
PE111002	2	8888	20	13
PE111002	3	1	 	 
PE111003	1	2	23	1
PE111003	2	2	 	 
PE111004	1	92	15	2
PE111004	2	8888	25	1
PE111004	3	8888	30	1
PE111004	4	8888	36	1
PE111004	5	1	 	 
PE111007	1	135	4	7
PE111007	2	1	 	 
PE111009	1	1	15	15
PE111009	2	8888	16	13
PE111009	3	8888	17	15
PE111009	4	8888	21	5
PE111009	5	1	 	 
PE111010	1	12	20	13
PE111010	2	1	 	 
PE111011	1	38	0	1
PE111011	2	8888	10	8
PE111011	3	8888	20	13
PE111011	4	30	 	 
PE111012	1	1	8	10
PE111012	2	8888	16	2
PE111012	3	8888	18	12
PE111012	4	8888	20	8
PE111012	5	8888	21	8
PE111012	6	8888	24	8
PE111012	7	1	 	 
PE111013	1	23	3	3
PE111013	2	8888	17	1
PE111013	3	8888	20	5
PE111013	4	1	 	 
PE111017	1	75	16	5
PE111017	2	8888	22	1
PE111017	3	8888	22	3
PE111017	4	8888	24	2
PE111017	5	8888	24	2
PE111017	6	49	 	 
PE111019	1	1	19	1
PE111019	2	8888	20	8
PE111019	3	1	 	 
PE111021	1	64	20	13
PE111021	2	74	 	 
PE111022	1	1	1	8
PE111022	2	8888	27	1
PE111022	3	8888	29	6
PE111022	4	1	 	 
PE111025	1	135	4	14
PE111025	2	8888	10	1
PE111025	3	8	 	 
PE111027	1	1	0	1
PE111027	2	8888	20	13
PE111027	3	8888	23	8
PE111027	4	1	 	 
PE111029	1	64	19	8
PE111029	2	29	 	 
PE111030	1	53	22	13
PE111030	2	64	 	 
PE111032	1	1	3	8
PE111032	2	8888	20	7
PE111032	3	28	 	 
PE111034	1	75	24	1
PE111034	2	8888	15	1
PE111034	3	49	 	 
PE111036	1	9	19	5
PE111036	2	8888	28	5
PE111036	3	4	 	 
PE111038	1	71	18	13
PE111038	2	49	 	 
PE111039	1	23	9	10
PE111039	2	49	 	 
PE111042	1	2	25	1
PE111042	2	1	 	 
PE111044	1	2	16	2
PE111044	2	8888	19	1
PE111044	3	8888	22	1
PE111044	4	8888	26	1
PE111044	5	8888	31	1
PE111044	6	8888	31	1
PE111044	7	8888	32	1
PE111044	8	8888	35	8
PE111044	9	1	 	 
PE111045	1	43	7	1
PE111045	2	8888	18	3
PE111045	3	8888	21	13
PE111045	4	25	 	 
PE111047	1	11	17	13
PE111047	2	8	 	 
PE111049	1	1	14	13
PE111049	2	8	 	 
PE111050	1	89	23	5
PE111050	2	7	 	 
PE111052	1	2	20	13
PE111052	2	8	 	 
PE111057	1	7	20	13
PE111057	2	8888	37	1
PE111057	3	8888	37	12
PE111057	4	2	 	 
PE111058	1	38	17	13
PE111058	2	8888	19	1
PE111058	3	53	 	 
PE111059	1	30	6	1
PE111059	2	30	 	 
PE111061	1	2	10	10
PE111061	2	8888	28	5
PE111061	3	26	 	 
PE111063	1	1	4	1
PE111063	2	8888	14	1
PE111063	3	8888	20	1
PE111063	4	27	 	 
PE111066	1	45	16	13
PE111066	2	1	 	 
PE111071	1	2	14	1
PE111071	2	8888	15	2
PE111071	3	8888	16	13
PE111071	4	1	 	 
PE111079	1	24	28	1
PE111079	2	1	 	 
PE111081	1	11	16	13
PE111081	2	24	 	 
PE111082	1	24	19	1
PE111082	2	1	 	 
PE111083	1	27	17	1
PE111083	2	8888	21	12
PE111083	3	8888	22	1
PE111083	4	8888	23	15
PE111083	5	8888	25	7
PE111083	6	1	 	 
PE111089	1	135	1	7
PE111089	2	8888	2	2
PE111089	3	8888	9	1
PE111089	4	8888	11	1
PE111089	5	8888	28	13
PE111089	6	26	 	 
PE111094	1	1	1	1
PE111094	2	8888	15	13
PE111094	3	8888	21	1
PE111094	4	8888	22	1
PE111094	5	38	 	 
PE111096	1	38	28	1
PE111096	2	8888	30	1
PE111096	3	8888	38	1
PE111096	4	9999	 	 
PE111098	1	44	30	13
PE111098	2	34	 	 
PE111102	1	1	24	5
PE111102	2	8888	28	1
PE111102	3	26	 	 
PE121002	1	1	11	15
PE121002	2	8888	12	19
PE121002	3	8888	16	2
PE121002	4	8888	17	4
PE121002	5	8888	18	4
PE121002	6	8888	19	5
PE121002	7	8888	20	15
PE121002	8	8888	25	5
PE121002	9	5	 	 
PE121003	1	1	1	6
PE121003	2	1	 	 
PE121005	1	1	10	16
PE121005	2	1	 	 
PE121007	1	0	2	4
PE121007	2	8888	9	6
PE121007	3	8888	19	5
PE121007	4	1	 	 
PE121008	1	1	1	15
PE121008	2	1	 	 
PE121009	1	1	0	1
PE121009	2	8888	8	1
PE121009	3	8888	11	1
PE121009	4	8888	18	1
PE121009	5	8888	19	1
PE121009	6	8888	32	13
PE121009	7	1	 	 
PE121012	1	1	1	4
PE121012	2	8888	17	13
PE121012	3	1	 	 
PE121013	1	1	4	8
PE121013	2	8888	20	13
PE121013	3	8888	23	5
PE121013	4	1	 	 
PE121015	1	1	0	1
PE121015	2	8888	3	6
PE121015	3	8888	4	1
PE121015	4	8888	11	16
PE121015	5	8888	20	13
PE121015	6	8888	21	16
PE121015	7	1	 	 
PE121016	1	65	14	1
PE121016	2	8888	21	18
PE121016	3	1	 	 
PE121017	1	1	0	14
PE121017	2	8888	16	7
PE121017	3	8888	16	13
PE121017	4	8888	18	9
PE121017	5	8888	20	7
PE121017	6	8888	20	15
PE121017	7	1	 	 
PE121020	1	12	17	15
PE121020	2	8888	18	4
PE121020	3	8888	21	13
PE121020	4	1	 	 
PE121021	1	1	10	5
PE121021	2	8888	12	4
PE121021	3	8888	13	5
PE121021	4	1	 	 
PE121022	1	1	22	13
PE121022	2	1	 	 
PE121024	1	1	2	6
PE121024	2	8888	23	5
PE121024	3	8888	28	1
PE121024	4	1	 	 
PE121027	1	1	1	1
PE121027	2	8888	16	2
PE121027	3	8888	26	13
PE121027	4	8888	27	18
PE121027	5	1	 	 
PE121028	1	1	6	5
PE121028	2	8888	22	13
PE121028	3	8888	24	1
PE121028	4	1	 	 
PE121029	1	9	10	1
PE121029	2	8888	17	2
PE121029	3	8888	19	5
PE121029	4	1	 	 
PE121030	1	1	16	2
PE121030	2	1	 	 
PE121031	1	1	16	6
PE121031	2	8888	17	1
PE121031	3	8888	23	18
PE121031	4	8888	25	5
PE121031	5	1	 	 
PE121032	1	9999	18	1
PE121032	2	8888	19	1
PE121032	3	8888	22	13
PE121032	4	8888	31	7
PE121032	5	1	 	 
PE121033	1	4	14	1
PE121033	2	8888	15	1
PE121033	3	8888	21	1
PE121033	4	8888	21	5
PE121033	5	8888	33	5
PE121033	6	1	 	 
PE121035	1	1	14	10
PE121035	2	1	 	 
PE121036	1	1	6	5
PE121036	2	8888	17	13
PE121036	3	8888	18	3
PE121036	4	8888	21	5
PE121036	5	1	 	 
PE121037	1	1	5	8
PE121037	2	8888	8	5
PE121037	3	1	 	 
PE121038	1	1	1	8
PE121038	2	8888	19	4
PE121038	3	8888	25	13
PE121038	4	5	 	 
PE121039	1	1	4	4
PE121039	2	8888	7	2
PE121039	3	8888	22	13
PE121039	4	8888	22	8
PE121039	5	1	 	 
PE121040	1	1	5	15
PE121040	2	1	 	 
PE121042	1	1	22	5
PE121042	2	8888	25	3
PE121042	3	8888	25	3
PE121042	4	1	 	 
PE121044	1	1	3	1
PE121044	2	8888	32	5
PE121044	3	1	 	 
PE121046	1	1	18	2
PE121046	2	8888	20	5
PE121046	3	8888	24	13
PE121046	4	8888	27	1
PE121046	5	1	 	 
PE121048	1	1	0	5
PE121048	2	1	 	 
PE121049	1	1	1	14
PE121049	2	8888	20	13
PE121049	3	8888	21	15
PE121049	4	8888	25	15
PE121049	5	8888	27	15
PE121049	6	8888	30	7
PE121049	7	1	 	 
PE121050	1	1	10	6
PE121050	2	8888	14	2
PE121050	3	1	 	 
PE121052	1	1	9	3
PE121052	2	8888	14	14
PE121052	3	8888	17	1
PE121052	4	8888	22	13
PE121052	5	8888	27	10
PE121052	6	8888	29	1
PE121052	7	8888	32	14
PE121052	8	1	 	 
PE121053	1	100	11	15
PE121053	2	8888	15	14
PE121053	3	1	 	 
PE121054	1	10	7	5
PE121054	2	1	 	 
PE121055	1	1	15	16
PE121055	2	8888	20	8
PE121055	3	8888	22	6
PE121055	4	8888	23	14
PE121055	5	1	 	 
PE121057	1	1	28	5
PE121057	2	1	 	 
PE121059	1	1	30	1
PE121059	2	1	 	 
PE121062	1	13	6	15
PE121062	2	8888	8	8
PE121062	3	8888	11	2
PE121062	4	8888	11	8
PE121062	5	8888	16	1
PE121062	6	8888	18	1
PE121062	7	8888	28	1
PE121062	8	1	 	 
PE121064	1	1	23	1
PE121064	2	8888	25	5
PE121064	3	1	 	 
PE121066	1	1	18	13
PE121066	2	8888	20	4
PE121066	3	8888	21	1
PE121066	4	1	 	 
PE121068	1	1	5	8
PE121068	2	8888	28	13
PE121068	3	1	 	 
PE121069	1	1	6	1
PE121069	2	8888	16	1
PE121069	3	8888	19	13
PE121069	4	8888	26	8
PE121069	5	1	 	 
PE121070	1	1	1	14
PE121070	2	8888	26	13
PE121070	3	1	 	 
PE121071	1	1	5	5
PE121071	2	1	 	 
PE121073	1	1	2	1
PE121073	2	8888	6	5
PE121073	3	8888	20	13
PE121073	4	1	 	 
PE121075	1	9999	1	4
PE121075	2	8888	9	7
PE121075	3	8888	14	7
PE121075	4	8888	18	13
PE121075	5	8888	20	1
PE121075	6	1	 	 
PE121076	1	1	22	13
PE121076	2	1	 	 
PE121078	1	1	8	9
PE121078	2	8888	18	1
PE121078	3	8888	19	1
PE121078	4	8888	20	1
PE121078	5	8888	23	1
PE121078	6	8888	24	13
PE121078	7	8888	26	8
PE121078	8	8888	27	15
PE121078	9	8888	29	5
PE121078	10	1	 	 
PE121079	1	1	1	3
PE121079	2	8888	17	1
PE121079	3	8888	17	9
PE121079	4	8888	22	13
PE121079	5	8888	30	4
PE121079	6	1	 	 
PE121080	1	1	25	5
PE121080	2	1	 	 
PE121081	1	1	28	5
PE121081	2	8888	29	3
PE121081	3	8888	30	2
PE121081	4	1	 	 
PE121082	1	1	5	15
PE121082	2	1	 	 
PE121083	1	1	24	6
PE121083	2	1	 	 
PE121085	1	1	17	13
PE121085	2	8888	22	5
PE121085	3	1	 	 
PE121086	1	1	28	13
PE121086	2	1	 	 
PE121088	1	1	1	5
PE121088	2	1	 	 
PE121089	1	1	19	4
PE121089	2	8888	20	3
PE121089	3	8888	23	4
PE121089	4	1	 	 
PE121091	1	1	1	4
PE121091	2	8888	8	7
PE121091	3	8888	10	4
PE121091	4	8888	14	4
PE121091	5	8888	16	13
PE121091	6	8888	24	7
PE121091	7	1	 	 
PE121092	1	1	19	1
PE121092	2	8888	20	2
PE121092	3	1	 	 
PE121093	1	1	4	10
PE121093	2	8888	8	15
PE121093	3	8888	10	4
PE121093	4	8888	20	18
PE121093	5	8888	21	13
PE121093	6	1	 	 
PE121094	1	1	15	1
PE121094	2	8888	18	15
PE121094	3	8888	21	13
PE121094	4	1	 	 
PE121097	1	1	9	11
PE121097	2	8888	22	5
PE121097	3	8888	23	13
PE121097	4	1	 	 
PE121098	1	1	4	1
PE121098	2	1	 	 
PE131001	1	1	8	5
PE131001	2	1	 	 
PE131002	1	1	12	1
PE131002	2	0	17	15
PE131002	3	0	19	1
PE131002	4	0	23	8
PE131002	5	1	 	 
PE131003	1	1	22	1
PE131003	2	1	 	 
PE131004	1	1	22	13
PE131004	2	8888	28	5
PE131004	3	1	 	 
PE131005	1	1	0	 
PE131005	2	8888	30	1
PE131005	3	1	 	 
PE131006	1	1	8	15
PE131006	2	8888	9	2
PE131006	3	1	 	 
PE131007	1	1	1	1
PE131007	2	8888	6	1
PE131007	3	8888	6	8
PE131007	4	8888	24	12
PE131007	5	8888	26	15
PE131007	6	1	 	 
PE131008	1	1	14	2
PE131008	2	8888	16	1
PE131008	3	8888	26	13
PE131008	4	8888	27	6
PE131008	5	1	 	 
PE131009	1	3	8	2
PE131009	2	8888	18	1
PE131009	3	8888	24	1
PE131009	4	0	33	8
PE131009	5	1	 	 
PE131010	1	6	1	1
PE131010	2	8888	15	8
PE131010	3	1	 	 
PE131011	1	1	1	8
PE131011	2	1	 	 
PE131012	1	1	30	6
PE131012	2	8888	39	5
PE131012	3	1	 	 
PE131013	1	1	3	8
PE131013	2	1	 	 
PE131014	1	1	19	5
PE131014	2	1	 	 
PE131015	1	1	13	1
PE131015	2	8888	14	1
PE131015	3	8888	19	1
PE131015	4	8888	20	1
PE131015	5	8888	20	1
PE131015	6	8888	22	13
PE131015	7	8888	25	6
PE131015	8	8888	27	12
PE131015	9	1	 	 
PE131016	1	9	7	1
PE131016	2	1	 	 
PE131017	1	1	7	8
PE131017	2	1	 	 
PE131018	1	8	20	1
PE131018	2	8888	30	5
PE131018	3	8888	33	3
PE131018	4	8888	34	1
PE131018	5	1	 	 
PE131019	1	8	10	3
PE131019	2	1	 	 
PE131020	1	1	1	1
PE131020	2	8888	21	8
PE131020	3	1	 	 
PE131021	1	1	7	1
PE131021	2	8888	11	1
PE131021	3	1	 	 
PE131022	1	1	8	1
PE131022	2	8888	22	5
PE131022	3	8888	35	1
PE131022	4	8888	36	15
PE131022	5	1	 	 
PE131023	1	1	16	1
PE131023	2	8888	27	5
PE131023	3	1	 	 
PE131024	1	1	2	5
PE131024	2	1	 	 
PE131025	1	10	8	10
PE131025	2	8888	9	4
PE131025	3	8888	17	13
PE131025	4	8888	24	5
PE131025	5	1	 	 
PE131026	1	1	14	1
PE131026	2	8888	19	13
PE131026	3	8888	20	8
PE131026	4	8888	24	7
PE131026	5	1	 	 
PE131028	1	1	7	9
PE131028	2	8888	8	4
PE131028	3	8888	8	16
PE131028	4	1	 	 
PE131029	1	1	5	8
PE131029	2	8888	28	13
PE131029	3	1	 	 
PE131030	1	1	6	1
PE131030	2	1	 	 
PE131032	1	1	16	1
PE131032	2	8888	18	13
PE131032	3	8888	19	1
PE131032	4	8888	20	1
PE131032	5	1	 	 
PE131034	1	1	14	8
PE131034	2	1	 	 
PE131035	1	1	0	1
PE131035	2	8888	15	2
PE131035	3	1	 	 
PE131037	1	1	18	6
PE131037	2	1	 	 
PE131038	1	1	5	14
PE131038	2	8888	9	15
PE131038	3	8888	13	12
PE131038	4	1	 	 
PE131039	1	1	4	14
PE131039	2	1	 	 
PE131040	1	60	12	1
PE131040	2	8888	12	1
PE131040	3	8888	14	1
PE131040	4	8888	16	18
PE131040	5	1	 	 
PE131041	1	1	5	5
PE131041	2	8888	7	8
PE131041	3	8888	 	13
PE131041	4	1	 	 
PE131042	1	1	0	1
PE131042	2	8888	10	1
PE131042	3	8888	13	1
PE131042	4	8888	14	1
PE131042	5	8888	19	13
PE131042	6	8888	26	14
PE131042	7	1	 	 
PE131043	1	1	20	1
PE131043	2	8888	22	13
PE131043	3	1	 	 
PE131044	1	1	15	1
PE131044	2	8888	21	13
PE131044	3	8888	32	14
PE131044	4	8888	33	12
PE131044	5	8888	36	5
PE131044	6	8888	37	14
PE131044	7	1	 	 
PE131045	1	1	11	2
PE131045	2	8888	19	5
PE131045	3	8888	23	13
PE131045	4	8888	27	5
PE131045	5	8888	31	8
PE131045	6	1	 	 
PE131046	1	3	13	1
PE131046	2	0	15	1
PE131046	3	0	17	1
PE131046	4	1	 	 
PE131047	1	1	7	8
PE131047	2	1	 	 
PE131048	1	1	4	6
PE131048	2	8888	10	4
PE131048	3	8888	17	12
PE131048	4	8888	26	4
PE131048	5	8888	37	5
PE131048	6	1	 	 
PE131049	1	1	6	6
PE131049	2	8888	11	6
PE131049	3	1	 	 
PE131050	1	1	38	2
PE131050	2	8888	42	14
PE131050	3	1	 	 
PE131051	1	1	10	1
PE131051	2	8888	10	1
PE131051	3	8888	21	1
PE131051	4	1	 	 
PE131052	1	1	7	1
PE131052	2	8888	15	3
PE131052	3	8888	20	3
PE131052	4	8888	37	1
PE131052	5	1	 	 
PE131054	1	9999	16	1
PE131054	2	8888	23	13
PE131054	3	1	 	 
PE131055	1	1	11	1
PE131055	2	8888	16	1
PE131055	3	8888	18	15
PE131055	4	8888	26	1
PE131055	5	1	 	 
PE131056	1	1	1	5
PE131056	2	1	 	 
PE131058	1	64	16	15
PE131058	2	1	 	 
PE131060	1	1	6	5
PE131060	2	8888	8	8
PE131060	3	8888	12	8
PE131060	4	8888	30	5
PE131060	5	8888	32	6
PE131060	6	1	 	 
PE131062	1	1	18	14
PE131062	2	8888	32	4
PE131062	3	8888	33	1
PE131062	4	8888	38	4
PE131062	5	1	 	 
PE131063	1	1	17	1
PE131063	2	8888	19	15
PE131063	3	8888	20	1
PE131063	4	8888	22	13
PE131063	5	8888	26	14
PE131063	6	1	 	 
PE131065	1	1	2	5
PE131065	2	1	 	 
PE131066	1	1	14	1
PE131066	2	1	 	 
PE131067	1	1	20	1
PE131067	2	1	 	 
PE131068	1	1	6	1
PE131068	2	8888	10	14
PE131068	3	1	 	 
PE131069	1	1	13	15
PE131069	2	8888	17	13
PE131069	3	8888	21	14
PE131069	4	1	 	 
PE131070	1	1	18	5
PE131070	2	1	 	 
PE131071	1	38	12	15
PE131071	2	8888	13	1
PE131071	3	8888	14	1
PE131071	4	8888	20	8
PE131071	5	8888	36	13
PE131071	6	8888	37	4
PE131071	7	1	 	 
PE131072	1	1	2	1
PE131072	2	8888	17	13
PE131072	3	8888	18	14
PE131072	4	1	 	 
PE131073	1	1	2	8
PE131073	2	1	 	 
PE131074	1	1	7	8
PE131074	2	1	 	 
PE131075	1	1	20	1
PE131075	2	8888	24	13
PE131075	3	1	 	 
PE131076	1	1	2	1
PE131076	2	8888	6	6
PE131076	3	8888	36	6
PE131076	4	1	 	 
PE131078	1	1	23	1
PE131078	2	8888	23	2
PE131078	3	8888	23	1
PE131078	4	1	 	 
PE131079	1	1	16	2
PE131079	2	8888	18	6
PE131079	3	8888	20	2
PE131079	4	8888	25	15
PE131079	5	8888	33	1
PE131079	6	1	 	 
PE131080	1	1	10	2
PE131080	2	8888	20	13
PE131080	3	8888	28	8
PE131080	4	1	 	 
PE131081	1	11	12	1
PE131081	2	0	17	1
PE131081	3	8888	29	5
PE131081	4	1	 	 
PE131082	1	1	15	1
PE131082	2	8888	17	1
PE131082	3	8888	18	13
PE131082	4	8888	19	5
PE131082	5	1	 	 
PE131083	1	1	14	1
PE131083	2	8888	15	15
PE131083	3	8888	17	15
PE131083	4	8888	19	15
PE131083	5	1	 	 
PE131084	1	2	12	2
PE131084	2	8888	16	8
PE131084	3	8888	23	1
PE131084	4	8888	25	8
PE131084	5	1	 	 
PE131085	1	1	9	5
PE131085	2	1	 	 
PE131086	1	9999	2	1
PE131086	2	8888	5	8
PE131086	3	8888	7	1
PE131086	4	8888	9	8
PE131086	5	8888	9	8
PE131086	6	8888	10	1
PE131086	7	8888	12	5
PE131086	8	8888	20	5
PE131086	9	1	 	 
PE131087	1	1	6	15
PE131087	2	8888	12	8
PE131087	3	8888	13	15
PE131087	4	8888	14	5
PE131087	5	8888	32	4
PE131087	6	1	 	 
PE131088	1	1	1	1
PE131088	2	8888	4	2
PE131088	3	8888	9	2
PE131088	4	8888	11	2
PE131088	5	1	 	 
PE131089	1	1	14	1
PE131089	2	8888	17	12
PE131089	3	8888	21	5
PE131089	4	8888	25	12
PE131089	5	8888	25	5
PE131089	6	8888	26	4
PE131089	7	8888	29	4
PE131089	8	1	 	 
PE131090	1	1	6	7
PE131090	2	8888	6	15
PE131090	3	8888	14	1
PE131090	4	8888	17	15
PE131090	5	1	 	 
PE131091	1	1	1	8
PE131091	2	8888	7	4
PE131091	3	1	 	 
PE131092	1	1	6	8
PE131092	2	1	 	 
PE131093	1	19	10	10
PE131093	2	8888	12	2
PE131093	3	8888	15	5
PE131093	4	8888	18	8
PE131093	5	8888	20	1
PE131093	6	8888	21	1
PE131093	7	8888	22	1
PE131093	8	1	 	 
PE131094	1	1	12	1
PE131094	2	8888	12	8
PE131094	3	8888	15	13
PE131094	4	1	 	 
PE131095	1	6	7	1
PE131095	2	8888	26	5
PE131095	3	1	 	 
PE131096	1	1	1	8
PE131096	2	1	 	 
PE131097	1	1	18	1
PE131097	2	1	 	 
PE131098	1	1	10	17
PE131098	2	1	 	 
PE131099	1	1	5	2
PE131099	2	8888	33	8
PE131099	3	1	 	 
PE131100	1	9999	11	10
PE131100	2	0	22	1
PE131100	3	1	 	 
PE131101	1	1	17	13
PE131101	2	1	 	 
PE131102	1	1	0	1
PE131102	2	8888	16	1
PE131102	3	8888	20	13
PE131102	4	8888	21	5
PE131102	5	1	 	 
PE141001	1	1	12	1
PE141001	2	8888	15	1
PE141001	3	1	 	 
PE141003	1	1	30	13
PE141003	2	1	 	 
PE141005	1	1	20	3
PE141005	2	1	 	 
PE141006	1	39	5	15
PE141006	2	8888	8	15
PE141006	3	8888	9	1
PE141006	4	8888	11	1
PE141006	5	8888	11	1
PE141006	6	0	14	1
PE141006	7	0	16	1
PE141006	8	8888	25	13
PE141006	9	1	 	 
PE141010	1	1	4	6
PE141010	2	1	 	 
PE141012	1	1	2	1
PE141012	2	8888	9	10
PE141012	3	1	 	 
PE141013	1	1	5	8
PE141013	2	1	 	 
PE141019	1	1	7	15
PE141019	2	8888	12	4
PE141019	3	8888	14	4
PE141019	4	0	17	4
PE141019	5	8888	19	5
PE141019	6	8888	31	3
PE141019	7	1	 	 
PE141021	1	1	4	8
PE141021	2	8888	32	13
PE141021	3	1	 	 
PE141023	1	1	2	3
PE141023	2	8888	38	8
PE141023	3	8888	39	4
PE141023	4	1	 	 
PE141025	1	24	6	1
PE141025	2	1	 	 
PE141027	1	1	34	8
PE141027	2	34	 	 
PE141028	1	65	13	4
PE141028	2	8888	14	1
PE141028	3	8888	16	1
PE141028	4	8888	17	13
PE141028	5	1	 	 
PE141030	1	9999	9	1
PE141030	2	8888	11	1
PE141030	3	8888	15	13
PE141030	4	8888	29	8
PE141030	5	1	 	 
PE141032	1	1	9	2
PE141032	2	0	10	2
PE141032	3	8888	28	5
PE141032	4	8888	30	8
PE141032	5	1	 	 
PE141034	1	1	3	16
PE141034	2	1	 	 
PE141035	1	22	18	1
PE141035	2	1	 	 
PE141038	1	21	4	12
PE141038	2	8888	28	13
PE141038	3	8888	29	4
PE141038	4	1	 	 
PE141039	1	9999	6	1
PE141039	2	8888	12	1
PE141039	3	1	 	 
PE141040	1	1	13	2
PE141040	2	8888	22	13
PE141040	3	1	 	 
PE141044	1	1	6	2
PE141044	2	8888	8	2
PE141044	3	0	12	2
PE141044	4	8888	18	1
PE141044	5	8888	23	6
PE141044	6	8888	25	8
PE141044	7	1	 	 
PE141048	1	1	9	5
PE141048	2	8888	23	13
PE141048	3	1	 	 
PE141051	1	54	16	1
PE141051	2	8888	20	1
PE141051	3	8888	23	12
PE141051	4	1	 	 
PE141055	1	1	23	5
PE141055	2	8888	28	5
PE141055	3	8888	29	4
PE141055	4	1	 	 
PE141056	1	1	18	10
PE141056	2	8888	2	1
PE141056	3	1	 	 
PE141057	1	1	7	14
PE141057	2	8888	25	13
PE141057	3	8888	27	6
PE141057	4	1	 	 
PE141058	1	1	2	8
PE141058	2	8888	12	2
PE141058	3	8888	15	15
PE141058	4	1	 	 
PE141059	1	9999	6	8
PE141059	2	8888	34	1
PE141059	3	8888	35	4
PE141059	4	1	 	 
PE141061	1	1	21	13
PE141061	2	1	 	 
PE141066	1	39	5	4
PE141066	2	0	10	2
PE141066	3	8888	12	2
PE141066	4	8888	19	8
PE141066	5	1	 	 
PE141067	1	1	28	13
PE141067	2	1	 	 
PE141068	1	1	6	14
PE141068	2	8888	18	6
PE141068	3	8888	25	5
PE141068	4	1	 	 
PE141070	1	1	0	12
PE141070	2	8888	18	13
PE141070	3	1	 	 
PE141072	1	1	7	2
PE141072	2	1	 	 
PE141073	1	1	1	6
PE141073	2	1	 	 
PE141074	1	1	2	12
PE141074	2	8888	10	1
PE141074	3	1	 	 
PE141076	1	1	17	15
PE141076	2	1	 	 
PE141077	1	1	18	13
PE141077	2	1	 	 
PE141079	1	1	5	1
PE141079	2	8888	7	2
PE141079	3	8888	12	2
PE141079	4	8888	32	13
PE141079	5	1	 	 
PE141080	1	1	13	6
PE141080	2	8888	18	1
PE141080	3	8888	22	5
PE141080	4	1	 	 
PE141083	1	1	19	13
PE141083	2	8888	27	8
PE141083	3	1	 	 
PE141084	1	1	2	1
PE141084	2	8888	3	1
PE141084	3	8888	4	8
PE141084	4	8888	3	13
PE141084	5	8888	45	6
PE141084	6	8888	48	3
PE141084	7	1	 	 
PE141085	1	1	11	2
PE141085	2	8888	22	1
PE141085	3	8888	26	13
PE141085	4	1	 	 
PE141087	1	1	10	2
PE141087	2	8888	20	6
PE141087	3	8888	25	8
PE141087	4	8888	35	1
PE141087	5	8888	40	13
PE141087	6	8888	61	2
PE141087	7	1	 	 
PE141089	1	8	3	1
PE141089	2	8888	13	4
PE141089	3	1	 	 
PE141094	1	7	31	1
PE141094	2	2	 	 
PE141096	1	1	13	1
PE141096	2	8888	24	1
PE141096	3	8888	27	13
PE141096	4	1	 	 
PE141097	1	1	7	10
PE141097	2	1	 	 
PE141098	1	28	8	1
PE141098	2	8888	16	13
PE141098	3	1	 	 
PE141099	1	1	2	8
PE141099	2	8888	15	2
PE141099	3	8888	18	2
PE141099	4	8888	20	1
PE141099	5	8888	23	4
PE141099	6	1	 	 
PE141101	1	1	21	1
PE141101	2	8888	25	1
PE141101	3	8888	27	1
PE141101	4	1	 	 
PE141102	1	1	4	1
PE141102	2	8888	11	1
PE141102	3	1	 	 
PE141104	1	1	7	16
PE141104	2	1	 	 
PE151002	1	1	0	14
PE151002	2	8888	24	13
PE151002	3	8888	25	4
PE151002	4	1	 	 
PE151003	1	1	8	1
PE151003	2	8888	10	8
PE151003	3	8888	27	2
PE151003	4	2	 	 
PE151004	1	25	17	1
PE151004	2	8888	18	5
PE151004	3	2	 	 
PE151005	1	48	13	2
PE151005	2	8888	14	1
PE151005	3	8888	16	13
PE151005	4	2	 	 
PE151006	1	39	9	20
PE151006	2	0	15	8
PE151006	3	8888	21	13
PE151006	4	2	 	 
PE151007	1	53	6	10
PE151007	2	8888	19	1
PE151007	3	8888	23	13
PE151007	4	8888	27	8
PE151007	5	8888	29	17
PE151007	6	8888	30	1
PE151007	7	2	 	 
PE151008	1	45	24	9
PE151008	2	2	 	 
PE151009	1	1	6	1
PE151009	2	8888	12	2
PE151009	3	8888	19	5
PE151009	4	2	 	 
PE151010	1	1	8	2
PE151010	2	8888	11	8
PE151010	3	2	 	 
PE151013	1	1	4	1
PE151013	2	8888	27	2
PE151013	3	1	 	 
PE151014	1	1	26	9
PE151014	2	2	 	 
PE151015	1	1	1	1
PE151015	2	8888	18	1
PE151015	3	8888	27	9
PE151015	4	8888	29	5
PE151015	5	2	 	 
PE151016	1	21	0	1
PE151016	2	8888	9	9
PE151016	3	8888	19	5
PE151016	4	8888	19	13
PE151016	5	2	 	 
PE151017	1	1	1	1
PE151017	2	8888	35	2
PE151017	3	2	 	 
PE151018	1	9999	16	1
PE151018	2	8888	17	1
PE151018	3	2	 	 
PE151019	1	1	0	5
PE151019	2	8888	12	1
PE151019	3	8888	15	20
PE151019	4	8888	40	1
PE151019	5	2	 	 
PE151020	1	1	0	1
PE151020	2	8888	2	1
PE151020	3	8888	10	14
PE151020	4	8888	15	2
PE151020	5	8888	18	15
PE151020	6	8888	24	1
PE151020	7	8888	25	1
PE151020	8	8888	27	13
PE151020	9	8888	30	1
PE151020	10	8888	32	15
PE151020	11	8888	34	12
PE151020	12	8888	37	15
PE151020	13	2	 	 
PE151021	1	3	8	2
PE151021	2	8888	18	2
PE151021	3	8888	18	5
PE151021	4	2	 	 
PE151023	1	18	18	1
PE151023	2	8888	19	1
PE151023	3	8888	26	13
PE151023	4	2	 	 
PE151024	1	19	15	1
PE151024	2	8888	15	13
PE151024	3	8888	17	1
PE151024	4	8888	17	1
PE151024	5	6	 	 
PE151025	1	1	2	1
PE151025	2	8888	36	1
PE151025	3	8888	38	1
PE151025	4	8888	41	5
PE151025	5	1	 	 
PE151026	1	24	17	1
PE151026	2	8888	22	1
PE151026	3	8888	25	1
PE151026	4	8888	27	5
PE151026	5	2	 	 
PE151027	1	13	4	1
PE151027	2	8888	10	10
PE151027	3	0	12	2
PE151027	4	8888	19	15
PE151027	5	2	 	 
PE151028	1	1	3	7
PE151028	2	8888	49	8
PE151028	3	1	 	 
PE151031	1	79	15	13
PE151031	2	16	 	 
PE151032	1	35	1	1
PE151032	2	8888	5	1
PE151032	3	8888	10	20
PE151032	4	8888	17	1
PE151032	5	15	 	 
PE151033	1	16	22	12
PE151033	2	27	 	 
PE151035	1	9999	1	10
PE151035	2	8888	9	1
PE151035	3	8888	20	5
PE151035	4	8888	30	8
PE151035	5	10	 	 
PE151037	1	1	1	8
PE151037	2	8888	10	1
PE151037	3	8888	40	13
PE151037	4	25	 	 
PE151040	1	48	20	13
PE151040	2	16	 	 
PE151042	1	1	13	6
PE151042	2	8888	18	5
PE151042	3	1	 	 
PE151044	1	33	8	1
PE151044	2	8888	10	1
PE151044	3	8888	24	1
PE151044	4	8888	26	2
PE151044	5	1	 	 
PE151045	1	87	0	19
PE151045	2	8888	7	5
PE151045	3	8888	10	16
PE151045	4	1	 	 
PE151046	1	48	10	1
PE151046	2	0	15	1
PE151046	3	0	16	19
PE151046	4	8888	17	1
PE151046	5	8888	21	9
PE151046	6	8888	35	5
PE151046	7	1	 	 
PE151048	1	9999	4	1
PE151048	2	8888	12	1
PE151048	3	8888	39	12
PE151048	4	15	 	 
PE151049	1	11	12	2
PE151049	2	8888	15	1
PE151049	3	8888	16	4
PE151049	4	8888	18	1
PE151049	5	8888	19	13
PE151049	6	8888	21	7
PE151049	7	8888	22	1
PE151049	8	1	 	 
PE151050	1	1	4	1
PE151050	2	15	 	 
PE151051	1	1	7	8
PE151051	2	15	 	 
PE151052	1	1	22	1
PE151052	2	8888	30	1
PE151052	3	1	 	 
PE151062	1	10	18	13
PE151062	2	8888	25	12
PE151062	3	8888	28	8
PE151062	4	35	 	 
PE151064	1	9999	28	13
PE151064	2	8888	31	1
PE151064	3	8888	33	2
PE151064	4	35	 	 
PE151065	1	1	8	1
PE151065	2	8888	15	2
PE151065	3	19	 	 
PE151066	1	1	2	1
PE151066	2	8888	16	4
PE151066	3	8888	20	3
PE151066	4	8888	38	13
PE151066	5	1	 	 
PE151067	1	19	22	5
PE151067	2	23	 	 
PE151068	1	9999	4	5
PE151068	2	8888	8	6
PE151068	3	19	 	 
PE151069	1	56	21	1
PE151069	2	19	 	 
PE151070	1	41	1	1
PE151070	2	8888	4	1
PE151070	3	8888	13	1
PE151070	4	8888	25	13
PE151070	5	8888	25	15
PE151070	6	19	 	 
PE151072	1	9999	5	7
PE151072	2	8888	15	14
PE151072	3	8888	35	13
PE151072	4	19	 	 
PE151073	1	1	4	1
PE151073	2	8888	12	2
PE151073	3	8888	22	5
PE151073	4	8888	24	7
PE151073	5	1	 	 
PE151075	1	1	20	4
PE151075	2	8888	24	5
PE151075	3	19	 	 
PE151076	1	1	4	4
PE151076	2	0	16	5
PE151076	3	0	19	1
PE151076	4	8888	21	1
PE151076	5	0	22	1
PE151076	6	19	 	 
PE151077	1	33	18	1
PE151077	2	8888	19	1
PE151077	3	8888	19	1
PE151077	4	8888	25	3
PE151077	5	8888	27	1
PE151077	6	8888	27	15
PE151077	7	19	 	 
PE151078	1	1	7	15
PE151078	2	8888	12	12
PE151078	3	8888	19	2
PE151078	4	8888	27	13
PE151078	5	8888	32	14
PE151078	6	19	 	 
PE151079	1	11	8	1
PE151079	2	8888	17	5
PE151079	3	19	 	 
PE151080	1	1	6	8
PE151080	2	8888	27	2
PE151080	3	1	 	 
PE151081	1	1	23	8
PE151081	2	28	 	 
PE151082	1	9999	16	9
PE151082	2	27	 	 
PE151083	1	1	5	2
PE151083	2	8888	18	2
PE151083	3	8888	22	1
PE151083	4	28	 	 
PE151084	1	1	7	1
PE151084	2	27	 	 
PE151085	1	28	17	1
PE151085	2	8888	20	3
PE151085	3	8888	22	2
PE151085	4	1	 	 
PE151086	1	1	7	1
PE151086	2	28	 	 
PE151088	1	7	15	13
PE151088	2	27	 	 
PE151089	1	27	21	15
PE151089	2	1	 	 
PE151090	1	28	14	2
PE151090	2	8888	15	1
PE151090	3	8888	17	1
PE151090	4	8888	22	8
PE151090	5	8888	27	1
PE151090	6	1	 	 
PE151091	1	1	4	1
PE151091	2	28	 	 
PE151092	1	6	 	 
PE151092	2	8888	15	1
PE151092	3	8888	21	1
PE151092	4	28	 	 
PE151094	1	0	10	1
PE151094	2	27	 	 
PE151096	1	9999	15	13
PE151096	2	8888	28	14
PE151096	3	27	 	 
PE151098	1	10	16	1
PE151098	2	8888	22	5
PE151098	3	28	 	 
PE151099	1	36	15	13
PE151099	2	8888	17	1
PE151099	3	8888	19	1
PE151099	4	8888	20	15
PE151099	5	8888	21	13
PE151099	6	8888	21	1
PE151099	7	59	 	 
PE151100	1	28	8	3
PE151100	2	8888	13	1
PE151100	3	8888	18	1
PE151100	4	8888	20	1
PE151100	5	19	 	 
PE151101	1	1	9	1
PE151101	2	8888	22	9
PE151101	3	8888	28	5
PE151101	4	19	 	 
PE151102	1	1	2	1
PE151102	2	8888	4	1
PE151102	3	19	 	 
PE151106	1	19	14	13
PE151106	2	35	 	 
PE151109	1	17	5	8
PE151109	2	8888	13	2
PE151109	3	8888	23	5
PE151109	4	19	 	 
PE151110	1	19	37	1
PE151110	2	49	 	 
PE151112	1	19	12	1
PE151112	2	8888	33	1
PE151112	3	65	 	 
PE161001	1	1	1	1
PE161001	2	8888	8	4
PE161001	3	0	10	4
PE161001	4	1	 	 
PE161002	1	9999	24	13
PE161002	2	1	 	 
PE161005	1	88	17	13
PE161005	2	8888	33	1
PE161005	3	8888	35	1
PE161005	4	35	 	 
PE161006	1	119	19	13
PE161006	2	63	 	 
PE161008	1	9999	15	1
PE161008	2	8888	17	18
PE161008	3	8888	17	1
PE161008	4	8888	17	1
PE161008	5	8888	18	5
PE161008	6	8888	20	8
PE161008	7	1	 	 
PE161011	1	69	17	13
PE161011	2	56	 	 
PE161014	1	66	21	13
PE161014	2	70	 	 
PE161017	1	9999	16	1
PE161017	2	63	 	 
PE161018	1	34	25	2
PE161018	2	1	 	 
PE161019	1	9999	2	8
PE161019	2	8888	24	5
PE161019	3	36	 	 
PE161020	1	36	27	8
PE161020	2	8888	28	5
PE161020	3	1	 	 
PE161023	1	79	18	13
PE161023	2	8888	21	15
PE161023	3	112	 	 
PE161024	1	56	5	1
PE161024	2	8888	10	11
PE161024	3	104	 	 
PE161026	1	19	8	9
PE161026	2	88	 	 
PE161029	1	112	3	1
PE161029	2	8888	22	8
PE161029	3	88	 	 
PE161031	1	39	5	1
PE161031	2	8888	10	15
PE161031	3	8888	12	8
PE161031	4	8888	16	1
PE161031	5	8888	17	12
PE161031	6	8888	20	13
PE161031	7	15	 	 
PE161036	1	9999	3	12
PE161036	2	8888	30	4
PE161036	3	1	 	 
PE161037	1	19	18	13
PE161037	2	188	 	 
PE161041	1	12	22	13
PE161041	2	8888	25	20
PE161041	3	8888	32	13
PE161041	4	144	 	 
PE161042	1	32	8	12
PE161042	2	8888	21	17
PE161042	3	8888	13	1
PE161042	4	8888	18	1
PE161042	5	8888	22	8
PE161042	6	8888	26	13
PE161042	7	132	 	 
PE161043	1	19	28	15
PE161043	2	8888	29	1
PE161043	3	8888	29	3
PE161043	4	1	 	 
PE161044	1	9999	19	8
PE161044	2	8888	23	1
PE161044	3	1	 	 
PE161046	1	59	22	13
PE161046	2	36	 	 
PE161048	1	1	18	4
PE161048	2	95	 	 
PE161049	1	95	19	1
PE161049	2	41	 	 
PE161051	1	95	17	12
PE161051	2	160	 	 
PE161052	1	88	11	2
PE161052	2	8888	12	2
PE161052	3	8888	12	15
PE161052	4	8888	12	19
PE161052	5	8888	19	13
PE161052	6	160	 	 
PE161057	1	119	20	13
PE161057	2	8888	26	12
PE161057	3	160	 	 
PE161058	1	93	18	13
PE161058	2	95	 	 
PE161059	1	1	16	1
PE161059	2	8888	19	1
PE161059	3	0	20	13
PE161059	4	95	 	 
PE161062	1	95	16	13
PE161062	2	95	 	 
PE161064	1	30	6	1
PE161064	2	8888	40	8
PE161064	3	95	 	 
PE161065	1	95	19	10
PE161065	2	119	 	 
PE161066	1	119	28	2
PE161066	2	1	 	 
PE161070	1	65	19	1
PE161070	2	8888	20	1
PE161070	3	8888	24	13
PE161070	4	8888	25	8
PE161070	5	1	 	 
PE161080	1	1	2	12
PE161080	2	8888	16	1
PE161080	3	8888	17	15
PE161080	4	8888	20	13
PE161080	5	208	 	 
PE161081	1	34	20	13
PE161081	2	208	 	 
PE161082	1	31	21	2
PE161082	2	1	 	 
PE161083	1	129	20	13
PE161083	2	208	 	 
PE161085	1	34	4	1
PE161085	2	8888	19	13
PE161085	3	187	 	 
PE161086	1	102	30	13
PE161086	2	130	 	 
PE161089	1	9999	25	13
PE161089	2	198	 	 
PE161091	1	119	17	13
PE161091	2	186	 	 
PE161093	1	0	5	1
PE161093	2	8888	16	13
PE161093	3	186	 	 
PE161096	1	129	7	8
PE161096	2	8888	16	13
PE161096	3	198	 	 
PE161098	1	140	18	13
PE161098	2	132	 	 
PE161105	1	119	16	13
PE161105	2	132	 	 
PE171001	1	34	15	2
PE171001	2	8888	21	5
PE171001	3	1	 	 
PE171005	1	9999	3	8
PE171005	2	0	24	1
PE171005	3	0	34	1
PE171005	4	1	 	 
PE171008	1	1	2	11
PE171008	2	1	 	 
PE171011	1	68	10	15
PE171011	2	8888	13	1
PE171011	3	0	16	12
PE171011	4	1	 	 
PE171014	1	83	20	13
PE171014	2	1	 	 
PE171015	1	62	12	1
PE171015	2	0	15	15
PE171015	3	1	 	 
PE171017	1	1	33	1
PE171017	2	1	 	 
PE171018	1	49	20	8
PE171018	2	8888	23	9
PE171018	3	1	 	 
PE171020	1	64	17	15
PE171020	2	8888	17	2
PE171020	3	8888	23	7
PE171020	4	8888	34	4
PE171020	5	1	 	 
PE171025	1	64	16	1
PE171025	2	8888	20	15
PE171025	3	64	 	 
PE171026	1	1	25	1
PE171026	2	64	 	 
PE171027	1	9999	16	13
PE171027	2	85	 	 
PE171030	1	64	27	14
PE171030	2	1	 	 
PE171034	1	63	24	13
PE171034	2	1	 	 
PE171036	1	30	2	10
PE171036	2	8888	10	1
PE171036	3	8888	17	13
PE171036	4	71	 	 
PE171037	1	9999	6	8
PE171037	2	8888	19	18
PE171037	3	8888	22	7
PE171037	4	1	 	 
PE171039	1	1	21	1
PE171039	2	63	 	 
PE171040	1	1	2	1
PE171040	2	8888	17	1
PE171040	3	8888	17	2
PE171040	4	1	 	 
PE171042	1	9999	18	13
PE171042	2	8888	24	8
PE171042	3	76	 	 
PE171050	1	1	5	7
PE171050	2	0	9	3
PE171050	3	1	 	 
PE171051	1	4	18	1
PE171051	2	8888	18	1
PE171051	3	8888	24	13
PE171051	4	8888	31	1
PE171051	5	8888	32	1
PE171051	6	1	 	 
PE171057	1	1	3	2
PE171057	2	8888	10	15
PE171057	3	8888	14	2
PE171057	4	8888	18	2
PE171057	5	8888	20	13
PE171057	6	8888	20	13
PE171057	7	8888	22	1
PE171057	8	8888	24	14
PE171057	9	1	 	 
PE171063	1	5	23	1
PE171063	2	1	 	 
PE171067	1	5	13	1
PE171067	2	0	26	13
PE171067	3	1	 	 
PE171069	1	9999	21	13
PE171069	2	5	 	 
PE171073	1	7	22	13
PE171073	2	4	 	 
PE171077	1	5	15	13
PE171077	2	1	 	 
PE171081	1	59	9	2
PE171081	2	8888	17	2
PE171081	3	8888	20	1
PE171081	4	8888	21	1
PE171081	5	8888	21	1
PE171081	6	1	 	 
PE171082	1	65	19	1
PE171082	2	8888	21	15
PE171082	3	8888	22	5
PE171082	4	59	 	 
PE171085	1	78	19	2
PE171085	2	59	 	 
PE171086	1	59	17	9
PE171086	2	8888	21	1
PE171086	3	8888	25	2
PE171086	4	1	 	 
PE171089	1	1	19	13
PE171089	2	61	 	 
PE171091	1	6	19	13
PE171091	2	61	 	 
PE171092	1	1	20	13
PE171092	2	8888	24	1
PE171092	3	61	 	 
PE171093	1	65	12	2
PE171093	2	0	23	13
PE171093	3	8888	28	1
PE171093	4	8888	30	2
PE171093	5	8888	34	1
PE171093	6	8888	34	5
PE171093	7	1	 	 
PE171101	1	78	15	9
PE171101	2	0	21	1
PE171101	3	60	 	 
PE171102	1	8	13	2
PE171102	2	60	 	 
PE171104	1	1	0	4
PE171104	2	8888	18	1
PE171104	3	8888	20	13
PE171104	4	59	 	 
PE171106	1	61	7	2
PE171106	2	8888	13	1
PE171106	3	8888	20	12
PE171106	4	8888	30	2
PE171106	5	1	 	 
PE181001	1	16	12	8
PE181001	2	8888	17	2
PE181001	3	8888	19	1
PE181001	4	15	 	 
PE181007	1	27	18	13
PE181007	2	16	 	 
PE181025	1	23	14	13
PE181025	2	8888	15	12
PE181025	3	8888	44	2
PE181025	4	13	 	 
PE181030	1	9	18	13
PE181030	2	16	 	 
PE181032	1	9	19	13
PE181032	2	16	 	 
PE181037	1	9999	18	13
PE181037	2	16	 	 
PE181042	1	16	19	5
PE181042	2	23	 	 
PE181043	1	17	20	13
PE181043	2	23	 	 
PE181049	1	9	18	13
PE181049	2	16	 	 
PE181059	1	16	14	1
PE181059	2	8888	15	15
PE181059	3	8888	21	5
PE181059	4	11	 	 
PE181063	1	16	25	2
PE181063	2	1	 	 
PE181064	1	13	12	12
PE181064	2	8888	20	1
PE181064	3	8888	44	7
PE181064	4	8888	46	6
PE181064	5	42	 	 
PE181065	1	8	2	15
PE181065	2	0	5	1
PE181065	3	8888	7	12
PE181065	4	11	 	 
PE181070	1	16	19	1
PE181070	2	8888	20	1
PE181070	3	1	 	 
PE181071	1	1	30	13
PE181071	2	13	 	 
PE181072	1	9	23	13
PE181072	2	11	 	 
PE181073	1	17	18	13
PE181073	2	27	 	 
PE181075	1	11	17	1
PE181075	2	0	19	1
PE181075	3	8888	26	1
PE181075	4	16	 	 
PE181081	1	11	19	13
PE181081	2	8888	21	7
PE181081	3	8888	22	13
PE181081	4	27	 	 
PE181082	1	17	15	13
PE181082	2	9	 	 
PE181084	1	9	19	13
PE181084	2	17	 	 
PE181089	1	16	15	13
PE181089	2	27	 	 
PE181091	1	16	17	13
PE181091	2	27	 	 
PE181092	1	17	12	10
PE181092	2	8888	17	13
PE181092	3	9	 	 
PE181094	1	16	16	5
PE181094	2	23	 	 
PE181096	1	37	17	5
PE181096	2	9	 	 
PE181097	1	11	18	1
PE181097	2	8888	19	5
PE181097	3	9	 	 
PE181102	1	11	0	11
PE181102	2	8888	20	14
PE181102	3	9	 	 
PE181103	1	16	17	13
PE181103	2	8888	21	4
PE181103	3	9	 	 
PE191001	1	1	0	1
PE191001	2	0	0	1
PE191001	3	0	0	1
PE191001	4	0	0	1
PE191001	5	0	0	1
PE191001	6	0	6	1
PE191001	7	8888	9	1
PE191001	8	8888	27	13
PE191001	9	8888	27	7
PE191001	10	8888	30	1
PE191001	11	1	 	 
PE191002	1	9999	9	9
PE191002	2	0	10	1
PE191002	3	8888	12	1
PE191002	4	8888	15	1
PE191002	5	8888	31	8
PE191002	6	1	 	 
PE191003	1	1	18	12
PE191003	2	1	 	 
PE191004	1	9999	16	1
PE191004	2	8888	19	1
PE191004	3	1	 	 
PE191007	1	25	8	1
PE191007	2	0	8	1
PE191007	3	8888	16	9
PE191007	4	8888	30	12
PE191007	5	8888	35	1
PE191007	6	1	 	 
PE191008	1	9999	19	13
PE191008	2	1	 	 
PE191010	1	1	15	4
PE191010	2	8888	17	13
PE191010	3	8888	19	1
PE191010	4	1	 	 
PE191014	1	9999	7	1
PE191014	2	1	 	 
PE191015	1	1	17	13
PE191015	2	8888	20	7
PE191015	3	8888	21	13
PE191015	4	1	 	 
PE191017	1	16	10	1
PE191017	2	8888	19	13
PE191017	3	1	 	 
PE191020	1	1	25	1
PE191020	2	8888	27	1
PE191020	3	1	 	 
PE191022	1	1	5	1
PE191022	2	1	 	 
PE191023	1	11	17	2
PE191023	2	8888	25	13
PE191023	3	1	 	 
PE191025	1	1	26	13
PE191025	2	1	 	 
PE191026	1	1	11	1
PE191026	2	8888	20	2
PE191026	3	8888	23	13
PE191026	4	1	 	 
PE191027	1	1	14	2
PE191027	2	8888	16	2
PE191027	3	8888	21	13
PE191027	4	1	 	 
PE191028	1	1	9	1
PE191028	2	8888	23	1
PE191028	3	1	 	 
PE191029	1	1	5	5
PE191029	2	8888	8	8
PE191029	3	8888	22	1
PE191029	4	8888	 	 
PE191032	1	1	0	1
PE191032	2	8888	0	15
PE191032	3	8888	12	2
PE191032	4	8888	16	2
PE191032	5	8888	17	10
PE191032	6	8888	19	13
PE191032	7	1	 	 
PE191034	1	1	5	1
PE191034	2	8888	13	1
PE191034	3	8888	16	8
PE191034	4	8888	21	2
PE191034	5	1	 	 
PE191035	1	1	14	12
PE191035	2	1	 	 
PE191036	1	1	2	1
PE191036	2	8888	11	1
PE191036	3	0	13	1
PE191036	4	8888	23	1
PE191036	5	8888	24	1
PE191036	6	8888	30	1
PE191036	7	8888	26	1
PE191036	8	1	 	 
PE191037	1	62	12	1
PE191037	2	8888	18	13
PE191037	3	1	 	 
PE191038	1	1	23	2
PE191038	2	8888	27	1
PE191038	3	8888	31	1
PE191038	4	1	 	 
PE191039	1	1	7	12
PE191039	2	0	9	9
PE191039	3	8888	23	13
PE191039	4	1	 	 
PE191041	1	1	4	1
PE191041	2	8888	5	1
PE191041	3	8888	8	1
PE191041	4	8888	17	1
PE191041	5	8888	19	2
PE191041	6	8888	20	2
PE191041	7	1	 	 
PE191043	1	1	1	1
PE191043	2	8888	6	12
PE191043	3	1	 	 
PE191045	1	1	19	2
PE191045	2	8888	23	1
PE191045	3	0	24	1
PE191045	4	8888	27	1
PE191045	5	8888	30	1
PE191045	6	1	 	 
PE191048	1	1	19	13
PE191048	2	2	 	 
PE191050	1	1	15	15
PE191050	2	2	 	 
PE191051	1	1	18	13
PE191051	2	1	 	 
PE191053	1	13	7	15
PE191053	2	8888	11	2
PE191053	3	8888	19	15
PE191053	4	8888	23	13
PE191053	5	2	 	 
PE191054	1	1	1	1
PE191054	2	8888	15	1
PE191054	3	8888	18	13
PE191054	4	2	 	 
PE191056	1	2	14	10
PE191056	2	8888	18	 
PE191056	3	8888	22	12
PE191056	4	8888	23	18
PE191056	5	8888	23	1
PE191056	6	8888	24	5
PE191056	7	1	 	 
PE191057	1	1	17	2
PE191057	2	8888	21	13
PE191057	3	1	 	 
PE191058	1	1	11	5
PE191058	2	8888	23	13
PE191058	3	1	 	 
PE191059	1	9999	7	1
PE191059	2	8888	17	13
PE191059	3	8888	18	6
PE191059	4	8888	21	1
PE191059	5	8888	22	4
PE191059	6	27	 	 
PE191061	1	1	13	1
PE191061	2	8888	14	1
PE191061	3	8888	15	1
PE191061	4	3	 	 
PE191062	1	1	12	1
PE191062	2	0	15	1
PE191062	3	8888	22	13
PE191062	4	8888	26	2
PE191062	5	3	 	 
PE191063	1	43	1	4
PE191063	2	8888	27	1
PE191063	3	8888	31	2
PE191063	4	8888	34	4
PE191063	5	8888	36	4
PE191063	6	1	 	 
PE191064	1	9999	12	1
PE191064	2	3	 	 
PE191065	1	1	3	4
PE191065	2	3	 	 
PE191066	1	1	2	1
PE191066	2	8888	4	1
PE191066	3	8888	23	13
PE191066	4	3	 	 
PE191068	1	37	1	1
PE191068	2	8888	20	14
PE191068	3	1	 	 
PE191069	1	37	3	8
PE191069	2	8888	8	2
PE191069	3	8888	16	9
PE191069	4	8888	22	4
PE191069	5	1	 	 
PE191070	1	2	16	18
PE191070	2	8888	21	13
PE191070	3	1	 	 
PE191071	1	1	1	13
PE191071	2	8888	4	5
PE191071	3	8888	16	1
PE191071	4	8888	19	8
PE191071	5	8888	21	6
PE191071	6	1	 	 
PE191074	1	16	8	4
PE191074	2	8888	10	2
PE191074	3	8888	14	2
PE191074	4	1	 	 
PE191075	1	1	12	15
PE191075	2	0	14	1
PE191075	3	8888	16	1
PE191075	4	12	 	 
PE191076	1	1	27	13
PE191076	2	12	 	 
PE191077	1	22	10	1
PE191077	2	16	 	 
PE191078	1	1	5	 
PE191078	2	8888	11	1
PE191078	3	8888	16	1
PE191078	4	8888	19	13
PE191078	5	15	 	 
PE191079	1	1	16	1
PE191079	2	8888	17	13
PE191079	3	17	 	 
PE191080	1	1	5	8
PE191080	2	8888	21	1
PE191080	3	8888	26	2
PE191080	4	1	 	 
PE191081	1	9999	7	1
PE191081	2	8888	21	1
PE191081	3	8	 	 
PE191082	1	18	7	2
PE191082	2	1	 	 
PE191083	1	3	23	13
PE191083	2	8888	32	5
PE191083	3	1	 	 
PE191088	1	3	37	5
PE191088	2	1	 	 
PE191090	1	1	18	2
PE191090	2	1	 	 
PE191092	1	1	3	1
PE191092	2	8888	23	1
PE191092	3	1	 	 
PE191093	1	1	4	1
PE191093	2	8888	9	7
PE191093	3	8888	14	15
PE191093	4	8888	16	1
PE191093	5	8888	24	4
PE191093	6	1	 	 
PE191094	1	1	17	13
PE191094	2	1	 	 
PE191096	1	1	0	15
PE191096	2	1	 	 
PE191097	1	67	24	13
PE191097	2	8888	37	1
PE191097	3	1	 	 
PE191100	1	0	10	1
PE191100	2	8888	22	1
PE191100	3	8888	24	12
PE191100	4	1	 	 
PE191103	1	2	7	1
PE191103	2	8888	19	1
PE191103	3	8888	21	1
PE191103	4	8888	25	14
PE191103	5	1	 	 
PE191104	1	1	10	2
PE191104	2	8888	29	1
PE191104	3	1	 	 
PE201001	1	1	11	2
PE201001	2	8888	23	1
PE201001	3	8888	24	13
PE201001	4	1	 	 
PE201002	1	25	7	2
PE201002	2	0	19	15
PE201002	3	8888	21	2
PE201002	4	8888	24	1
PE201002	5	8888	27	13
PE201002	6	8888	35	4
PE201002	7	1	 	 
PE201003	1	1	19	1
PE201003	2	8888	20	13
PE201003	3	1	 	 
PE201004	1	60	15	5
PE201004	2	1	 	 
PE201005	1	33	25	13
PE201005	2	8888	41	5
PE201005	3	1	 	 
PE201006	1	8888	8	15
PE201006	2	8888	21	13
PE201006	3	8888	23	19
PE201006	4	8888	23	19
PE201006	5	1	 	 
PE201008	1	9999	19	1
PE201008	2	1	 	 
PE201010	1	20	25	13
PE201010	2	1	 	 
PE201012	1	90	19	13
PE201012	2	1	 	 
PE201013	1	9999	17	1
PE201013	2	8888	18	3
PE201013	3	8888	20	13
PE201013	4	8888	21	4
PE201013	5	8888	23	4
PE201013	6	8888	25	13
PE201013	7	1	 	 
PE201014	1	1	22	5
PE201014	2	1	 	 
PE201016	1	0	24	1
PE201016	2	1	 	 
PE201017	1	1	26	5
PE201017	2	1	 	 
PE201018	1	59	13	1
PE201018	2	0	13	1
PE201018	3	8888	23	1
PE201018	4	8888	25	1
PE201018	5	0	26	1
PE201018	6	8888	28	1
PE201018	7	66	 	 
PE201020	1	9999	6	1
PE201020	2	8888	10	1
PE201020	3	8888	16	3
PE201020	4	1	 	 
PE201021	1	9999	12	4
PE201021	2	8888	17	6
PE201021	3	8888	24	4
PE201021	4	8888	25	6
PE201021	5	1	 	 
PE201022	1	22	13	2
PE201022	2	8888	17	13
PE201022	3	8888	22	8
PE201022	4	1	 	 
PE201023	1	1	26	2
PE201023	2	1	 	 
PE201025	1	26	13	1
PE201025	2	8888	16	15
PE201025	3	1	 	 
PE201026	1	6	24	1
PE201026	2	1	 	 
PE201028	1	1	2	1
PE201028	2	1	 	 
PE201029	1	42	9	1
PE201029	2	8888	18	13
PE201029	3	8888	19	13
PE201029	4	1	 	 
PE201030	1	69	19	13
PE201030	2	8888	22	1
PE201030	3	1	 	 
PE201032	1	1	10	1
PE201032	2	8888	11	3
PE201032	3	8888	12	1
PE201032	4	8888	13	1
PE201032	5	8888	15	1
PE201032	6	8888	17	13
PE201032	7	8888	8	3
PE201032	8	8888	24	1
PE201032	9	8888	25	3
PE201032	10	8888	27	8
PE201032	11	8888	28	1
PE201032	12	1	 	 
PE201033	1	1	13	2
PE201033	2	8888	18	13
PE201033	3	1	 	 
PE201034	1	1	10	1
PE201034	2	1	 	 
PE201036	1	1	14	2
PE201036	2	8888	16	12
PE201036	3	0	18	2
PE201036	4	8888	19	4
PE201036	5	8888	21	1
PE201036	6	8888	22	1
PE201036	7	8888	24	6
PE201036	8	8888	24	8
PE201036	9	8888	27	8
PE201036	10	1	 	 
PE201038	1	4	2	4
PE201038	2	8888	14	2
PE201038	3	8888	17	6
PE201038	4	8888	19	13
PE201038	5	8888	32	14
PE201038	6	1	 	 
PE201043	1	46	8	2
PE201043	2	8888	14	2
PE201043	3	1	 	 
PE201044	1	1	6	1
PE201044	2	8888	14	1
PE201044	3	1	 	 
PE201045	1	19	33	1
PE201045	2	1	 	 
PE201048	1	1	11	2
PE201048	2	8888	22	1
PE201048	3	8888	30	1
PE201048	4	1	 	 
PE201049	1	1	11	1
PE201049	2	0	15	1
PE201049	3	0	15	1
PE201049	4	0	16	1
PE201049	5	8888	18	1
PE201049	6	8888	20	1
PE201049	7	8888	36	4
PE201049	8	8888	37	4
PE201049	9	8888	39	1
PE201049	10	0	41	1
PE201049	11	1	 	 
PE201050	1	1	26	2
PE201050	2	1	 	 
PE201051	1	0	2	10
PE201051	2	8888	6	1
PE201051	3	8888	12	10
PE201051	4	1	 	 
PE201054	1	1	19	1
PE201054	2	8888	29	13
PE201054	3	1	 	 
PE201055	1	83	25	1
PE201055	2	8888	38	6
PE201055	3	1	 	 
PE201056	1	1	4	1
PE201056	2	1	 	 
PE201057	1	39	4	2
PE201057	2	8888	15	1
PE201057	3	8888	32	3
PE201057	4	1	 	 
PE201058	1	1	12	15
PE201058	2	8888	19	13
PE201058	3	1	 	 
PE201059	1	9999	13	1
PE201059	2	8888	19	6
PE201059	3	8888	36	8
PE201059	4	1	 	 
PE201061	1	1	21	13
PE201061	2	8888	23	1
PE201061	3	1	 	 
PE201062	1	9999	15	1
PE201062	2	8888	17	6
PE201062	3	8888	19	15
PE201062	4	8888	24	1
PE201062	5	8888	25	6
PE201062	6	1	 	 
PE201063	1	6	22	1
PE201063	2	8888	23	1
PE201063	3	8888	25	1
PE201063	4	8888	28	6
PE201063	5	8888	30	1
PE201063	6	2	 	 
PE201064	1	12	30	2
PE201064	2	1	 	 
PE201065	1	1	19	2
PE201065	2	8888	25	5
PE201065	3	1	 	 
PE201066	1	17	6	1
PE201066	2	8888	8	1
PE201066	3	8888	20	1
PE201066	4	8888	22	8
PE201066	5	1	 	 
PE201067	1	58	20	1
PE201067	2	1	 	 
PE201068	1	29	30	1
PE201068	2	1	 	 
PE201069	1	1	11	2
PE201069	2	8888	14	5
PE201069	3	8888	21	13
PE201069	4	1	 	 
PE201070	1	1	11	1
PE201070	2	1	 	 
PE201071	1	1	13	2
PE201071	2	8888	25	6
PE201071	3	8888	26	1
PE201071	4	8888	26	8
PE201071	5	1	 	 
PE201072	1	97	14	1
PE201072	2	8888	17	1
PE201072	3	8888	17	1
PE201072	4	8888	18	1
PE201072	5	8888	28	12
PE201072	6	8888	29	6
PE201072	7	8888	31	6
PE201072	8	1	 	 
PE201073	1	1	24	1
PE201073	2	0	26	2
PE201073	3	8888	27	8
PE201073	4	8888	29	6
PE201073	5	1	 	 
PE201074	1	9999	19	13
PE201074	2	8888	34	8
PE201074	3	1	 	 
PE201075	1	17	0	1
PE201075	2	8888	7	2
PE201075	3	1	 	 
PE201076	1	1	7	10
PE201076	2	8888	24	13
PE201076	3	1	 	 
PE201077	1	86	19	15
PE201077	2	8888	20	1
PE201077	3	1	 	 
PE201078	1	1	13	1
PE201078	2	0	20	1
PE201078	3	1	 	 
PE201079	1	28	16	13
PE201079	2	0	18	3
PE201079	3	8888	22	4
PE201079	4	0	27	14
PE201079	5	8888	28	4
PE201079	6	0	30	4
PE201079	7	1	 	 
PE201080	1	1	18	13
PE201080	2	8888	20	1
PE201080	3	8888	22	1
PE201080	4	1	 	 
PE201082	1	43	17	13
PE201082	2	8888	24	2
PE201082	3	8888	29	1
PE201082	4	1	 	 
PE201083	1	1	4	3
PE201083	2	8888	11	2
PE201083	3	8888	15	2
PE201083	4	8888	17	15
PE201083	5	8888	24	1
PE201083	6	8888	24	1
PE201083	7	1	 	 
PE201085	1	1	6	2
PE201085	2	1	 	 
PE201086	1	20	11	2
PE201086	2	8888	25	13
PE201086	3	1	 	 
PE201087	1	1	19	13
PE201087	2	8888	21	1
PE201087	3	8888	23	1
PE201087	4	8888	24	1
PE201087	5	51	 	 
PE201088	1	83	12	1
PE201088	2	8888	13	5
PE201088	3	8888	14	2
PE201088	4	8888	18	2
PE201088	5	1	 	 
PE201090	1	1	17	1
PE201090	2	8888	20	13
PE201090	3	8888	21	1
PE201090	4	8888	24	5
PE201090	5	1	 	 
PE201093	1	13	22	13
PE201093	2	8888	42	2
PE201093	3	1	 	 
PE201094	1	58	14	1
PE201094	2	8888	15	13
PE201094	3	8888	22	13
PE201094	4	1	 	 
PE201096	1	1	17	1
PE201096	2	8888	17	13
PE201096	3	8888	24	1
PE201096	4	8888	25	6
PE201096	5	8888	26	6
PE201096	6	8888	27	6
PE201096	7	1	 	 
PE201097	1	35	18	13
PE201097	2	8888	19	1
PE201097	3	8888	21	6
PE201097	4	1	 	 
PE201098	1	1	3	1
PE201098	2	8888	12	2
PE201098	3	8888	20	13
PE201098	4	8888	22	1
PE201098	5	1	 	 
PE201099	1	27	21	2
PE201099	2	8888	28	6
PE201099	3	8888	33	6
PE201099	4	8888	40	6
PE201099	5	1	 	 
PE201100	1	1	18	13
PE201100	2	8888	21	3
PE201100	3	8888	23	5
PE201100	4	1	 	 
PE201101	1	15	19	13
PE201101	2	8888	25	9
PE201101	3	8888	37	6
PE201101	4	1	 	 
PE201102	1	22	18	13
PE201102	2	1	 	 
