formno	childid	preid	agepresc	prescdur	presctyp	paypresc	presccre	dayspres	hrspresc	prescvis
R2INDX	PE011001	1	42	3	4	1	2	5	4	1
R2INDX	PE011002	1	41	3	4	1	2	5	5	1
R2INDX	PE011003	1	32	3	4	1	2	5	4	0
R2INDX	PE011004	1	36	3	4	1	2	5	5	1
R2INDX	PE011005	1	40	3	4	1	2	5	3	1
R2INDX	PE011006	1	48	2	4	1	2	5	4	1
R2INDX	PE011007	1	43	3	4	1	2	5	5	1
R2INDX	PE011008	1	36	3	4	1	3	5	5	1
R2INDX	PE011009	1	36	3	1	1	2	5	4	1
R2INDX	PE011010	1	48	3	4	1	2	5	4	1
R2INDX	PE011011	1	48	3	4	1	2	5	4	1
R2INDX	PE011012	1	46	3	4	1	2	6	4	1
R2INDX	PE011013	1	44	3	4	1	3	5	5	0
R2INDX	PE011014	1	36	3	4	1	2	5	4	1
R2INDX	PE011015	1	36	3	4	1	2	5	4	1
R2INDX	PE011016	1	36	3	4	1	2	5	5	0
R2INDX	PE011017	1	48	3	4	0	2	5	4	1
R2INDX	PE011018	1	48	2	4	1	2	5	4	1
R2INDX	PE011019	1	42	3	4	1	2	5	4	1
R2INDX	PE011020	1	36	3	4	1	3	5	5	1
R2INDX	PE011021	1	48	3	4	1	3	5	5	1
R2INDX	PE011022	1	48	3	4	0	2	5	4	1
R2INDX	PE011023	1	36	3	4	1	2	5	4	1
R2INDX	PE011024	1	36	3	4	1	2	5	4	1
R2INDX	PE011025	1	45	2	4	1	2	5	5	1
R2INDX	PE011026	1	48	3	4	1	2	5	5	1
R2INDX	PE011027	1	36	3	4	1	3	5	4	1
R2INDX	PE011028	1	36	3	4	1	1	5	4	1
R2INDX	PE011029	1	36	3	4	1	2	5	5	1
R2INDX	PE011030	1	36	3	4	0	1	5	4	1
R2INDX	PE011031	1	36	2	4	1	2	5	4	1
R2INDX	PE011032	1	55	1	1	1	1	5	5	1
R2INDX	PE011033	1	38	3	4	1	2	5	5	0
R2INDX	PE011034	1	48	2	4	1	2	5	5	1
R2INDX	PE011035	1	48	3	4	1	2	5	4	1
R2INDX	PE011036	1	36	3	4	1	2	5	4	1
R2INDX	PE011037	1	36	3	4	1	2	5	4	1
R2INDX	PE011038	1	35	3	4	1	2	5	4	1
R2INDX	PE011039	1	48	3	4	1	3	5	4	1
R2INDX	PE011040	1	36	2	4	0	2	5	4	1
R2INDX	PE011041	1	57	2	4	1	2	5	5	1
R2INDX	PE011042	1	36	3	4	1	2	5	4	1
R2INDX	PE011043	1	36	2	4	1	2	5	4	1
R2INDX	PE011044	1	40	3	4	1	3	5	4	1
R2INDX	PE011045	1	36	3	1	1	2	5	4	1
R2INDX	PE011046	1	36	3	4	1	3	5	4	1
R2INDX	PE011047	1	36	3	1	1	2	5	5	1
R2INDX	PE011048	1	36	3	4	1	3	5	5	1
R2INDX	PE011049	1	36	3	4	1	1	5	5	1
R2INDX	PE011050	1	32	3	4	1	2	5	5	0
R2INDX	PE011051	1	48	3	4	1	2	5	4	1
R2INDX	PE011052	1	48	3	4	1	2	5	4	1
R2INDX	PE011053	1	36	3	4	1	2	5	4	1
R2INDX	PE011054	1	36	1	1	1	2	5	5	1
R2INDX	PE011055	1	44	3	4	1	2	5	4	1
R2INDX	PE011056	1	36	2	4	1	5	5	4	1
R2INDX	PE011056	2	48	2	1	1	1	5	6	1
R2INDX	PE011057	1	36	2	4	1	2	5	5	1
R2INDX	PE011059	1	36	3	4	1	2	5	4	1
R2INDX	PE011060	1	48	3	4	1	2	5	4	1
R2INDX	PE011061	1	48	2	4	1	2	5	4	0
R2INDX	PE011062	1	36	3	4	1	2	5	5	1
R2INDX	PE011063	1	36	3	4	1	2	5	4	1
R2INDX	PE011064	1	48	3	4	1	2	5	4	1
R2INDX	PE011065	1	48	3	4	1	1	5	4	1
R2INDX	PE011066	1	45	2	4	1	2	5	5	1
R2INDX	PE011067	1	34	3	4	1	2	5	4	0
R2INDX	PE011068	1	43	2	4	1	2	5	5	0
R2INDX	PE011069	1	36	3	4	1	2	5	4	1
R2INDX	PE011070	1	48	3	1	1	2	5	5	0
R2INDX	PE011071	1	48	3	4	1	2	5	4	1
R2INDX	PE011072	1	48	3	4	1	2	5	4	1
R2INDX	PE011073	1	36	3	4	1	2	5	5	1
R2INDX	PE011074	1	41	3	4	1	2	3	3	1
R2INDX	PE011075	1	48	2	4	1	2	5	4	1
R2INDX	PE011076	1	48	3	4	1	2	5	5	1
R2INDX	PE011077	1	36	2	4	1	1	5	4	1
R2INDX	PE011077	2	48	3	4	1	1	5	4	1
R2INDX	PE011078	1	36	3	4	1	2	5	4	1
R2INDX	PE011079	1	40	3	4	1	2	5	4	1
R2INDX	PE011080	1	36	3	4	1	3	5	5	1
R2INDX	PE011081	1	36	3	4	1	2	5	4	1
R2INDX	PE011082	1	36	2	4	0	2	5	4	1
R2INDX	PE011083	1	43	2	4	1	2	5	4	0
R2INDX	PE011084	1	39	3	1	1	2	5	5	1
R2INDX	PE011085	1	36	2	4	0	2	5	4	1
R2INDX	PE011085	2	48	3	4	1	2	5	4	1
R2INDX	PE011086	1	36	3	4	0	2	5	5	0
R2INDX	PE011087	1	48	2	4	1	2	5	5	1
R2INDX	PE011088	1	36	3	4	1	2	5	5	1
R2INDX	PE011089	1	48	2	4	1	2	5	4	1
R2INDX	PE011090	1	44	3	4	1	2	5	4	1
R2INDX	PE011091	1	48	1	4	0	2	5	5	1
R2INDX	PE011092	1	36	3	4	1	2	5	4	0
R2INDX	PE011093	1	36	3	4	1	2	5	4	1
R2INDX	PE011094	1	36	3	4	1	2	5	4	1
R2INDX	PE011095	1	36	3	4	1	2	5	5	1
R2INDX	PE011096	1	48	2	4	1	2	5	4	0
R2INDX	PE011097	1	33	3	1	1	2	5	5	1
R2INDX	PE011098	1	36	1	4	1	2	5	5	0
R2INDX	PE011099	1	48	3	4	1	2	5	5	1
R2INDX	PE011100	1	40	3	4	0	2	5	4	1
R2INDX	PE021001	1	48	1	4	1	3	5	4	1
R2INDX	PE021002	1	48	2	4	1	2	5	4	1
R2INDX	PE021003	1	48	3	4	1	2	5	5	1
R2INDX	PE021004	1	48	2	4	1	3	5	5	1
R2INDX	PE021005	1	48	3	4	0	3	5	4	1
R2INDX	PE021006	1	55	2	4	1	3	5	4	1
R2INDX	PE021007	1	60	2	4	1	2	5	4	1
R2INDX	PE021009	1	48	3	4	1	2	5	4	1
R2INDX	PE021010	1	39	3	4	1	2	5	5	1
R2INDX	PE021011	1	54	2	4	1	3	5	5	1
R2INDX	PE021012	1	48	3	4	1	2	5	4	1
R2INDX	PE021013	1	60	3	4	1	2	5	5	1
R2INDX	PE021014	1	48	2	4	1	3	5	5	1
R2INDX	PE021015	1	61	1	4	1	3	5	6	1
R2INDX	PE021016	1	52	3	4	1	2	5	5	1
R2INDX	PE021017	1	42	2	4	1	2	5	6	1
R2INDX	PE021018	1	48	3	4	1	2	5	4	1
R2INDX	PE021019	1	48	3	4	1	2	5	5	1
R2INDX	PE021021	1	34	2	4	1	2	5	5	1
R2INDX	PE021022	1	42	1	4	1	3	5	5	1
R2INDX	PE021023	1	36	2	4	0	2	4	5	1
R2INDX	PE021024	1	36	3	4	1	2	5	5	1
R2INDX	PE021027	1	36	2	4	1	1	5	4	1
R2INDX	PE021029	1	38	3	4	1	2	5	4	0
R2INDX	PE021030	1	36	3	4	1	2	5	4	1
R2INDX	PE021031	1	48	1	4	1	4	5	5	1
R2INDX	PE021032	1	36	3	4	1	2	5	5	1
R2INDX	PE021033	1	36	2	4	1	2	5	5	1
R2INDX	PE021034	1	30	3	4	1	2	5	5	1
R2INDX	PE021035	1	36	2	4	0	2	5	4	1
R2INDX	PE021036	1	42	3	4	1	2	5	4	1
R2INDX	PE021037	1	45	3	4	1	2	5	4	1
R2INDX	PE021038	1	48	2	4	1	2	5	4	0
R2INDX	PE021039	1	48	3	4	1	2	5	4	1
R2INDX	PE021040	1	39	3	4	1	2	5	4	1
R2INDX	PE021041	1	36	3	4	1	1	5	4	1
R2INDX	PE021042	1	48	2	4	1	2	5	6	1
R2INDX	PE021043	1	30	3	1	1	2	5	0	1
R2INDX	PE021044	1	36	3	4	1	3	5	5	1
R2INDX	PE021045	1	51	3	4	1	2	5	4	1
R2INDX	PE021046	1	48	2	4	1	2	5	5	1
R2INDX	PE021048	1	48	3	4	1	2	5	4	1
R2INDX	PE021049	1	50	3	4	1	2	5	5	1
R2INDX	PE021050	1	54	3	4	1	2	5	4	1
R2INDX	PE021051	1	48	2	4	1	2	5	4	1
R2INDX	PE021052	1	54	3	4	1	2	5	4	1
R2INDX	PE021053	1	39	3	4	1	2	5	4	1
R2INDX	PE021054	1	36	3	4	1	2	5	5	1
R2INDX	PE021055	1	48	3	4	1	3	5	6	1
R2INDX	PE021058	1	36	3	4	1	2	5	4	1
R2INDX	PE021059	1	48	2	4	1	2	5	4	1
R2INDX	PE021060	1	36	1	4	1	2	5	4	1
R2INDX	PE021061	1	41	3	1	1	1	5	4	0
R2INDX	PE021062	1	36	2	4	1	3	5	4	1
R2INDX	PE021063	1	48	3	4	1	2	5	4	1
R2INDX	PE021064	1	50	1	4	1	2	5	5	1
R2INDX	PE021065	1	39	3	4	1	2	5	5	1
R2INDX	PE021066	1	45	3	4	1	2	5	6	1
R2INDX	PE021067	1	36	2	4	0	1	5	4	1
R2INDX	PE021068	1	48	3	4	1	3	5	4	1
R2INDX	PE021069	1	36	2	4	1	2	5	4	1
R2INDX	PE021070	1	53	1	4	1	3	5	4	1
R2INDX	PE021071	1	36	3	4	1	2	5	4	1
R2INDX	PE021072	1	36	3	4	1	2	5	4	1
R2INDX	PE021072	2	48	2	4	1	2	5	4	1
R2INDX	PE021073	1	48	2	4	1	2	5	5	1
R2INDX	PE021074	1	48	3	4	1	2	5	4	1
R2INDX	PE021076	1	36	3	4	1	2	5	4	1
R2INDX	PE021077	1	43	3	4	1	3	5	4	1
R2INDX	PE021078	1	42	3	4	1	2	5	4	1
R2INDX	PE021079	1	44	3	4	1	2	5	4	1
R2INDX	PE021080	1	48	3	4	1	2	5	4	1
R2INDX	PE021081	1	48	3	4	1	2	5	4	1
R2INDX	PE021082	1	48	3	4	1	2	5	5	1
R2INDX	PE021083	1	36	3	4	1	5	5	4	1
R2INDX	PE021084	1	36	3	4	1	2	5	4	1
R2INDX	PE021087	1	36	2	4	1	2	5	4	0
R2INDX	PE021088	1	40	3	4	1	1	5	4	0
R2INDX	PE021088	2	51	3	4	1	1	5	4	0
R2INDX	PE021089	1	58	3	3	1	2	5	4	1
R2INDX	PE021090	1	42	3	4	1	2	5	4	1
R2INDX	PE021091	1	48	2	4	1	2	5	4	1
R2INDX	PE021092	1	48	2	4	1	2	5	4	1
R2INDX	PE021093	1	36	3	4	1	2	5	4	1
R2INDX	PE021094	1	34	3	4	1	3	5	4	0
R2INDX	PE021095	1	48	3	4	1	2	5	4	1
R2INDX	PE021096	1	52	3	4	1	2	5	4	1
R2INDX	PE021097	1	48	3	4	1	2	5	4	1
R2INDX	PE021098	1	50	3	4	1	2	5	4	1
R2INDX	PE021099	1	51	3	4	1	3	5	4	1
R2INDX	PE021100	1	36	3	4	0	3	5	5	1
R2INDX	PE031002	1	59	1	4	0	2	5	5	1
R2INDX	PE031004	1	84	2	3	0	2	5	4	1
R2INDX	PE031006	1	48	3	4	1	2	5	5	1
R2INDX	PE031008	1	36	3	4	0	2	3	4	1
R2INDX	PE031010	1	53	3	4	1	2	4	4	1
R2INDX	PE031011	1	44	3	3	0	2	4	4	1
R2INDX	PE031012	1	49	3	4	0	2	4	3	1
R2INDX	PE031015	1	48	2	4	0	2	5	4	1
R2INDX	PE031016	1	48	1	4	0	1	5	4	1
R2INDX	PE031017	1	36	3	4	0	3	5	4	1
R2INDX	PE031018	1	36	3	4	1	2	5	5	1
R2INDX	PE031020	1	47	1	4	0	2	4	4	1
R2INDX	PE031021	1	53	1	4	0	3	4	4	1
R2INDX	PE031023	1	36	3	4	0	2	5	5	1
R2INDX	PE031024	1	37	3	4	1	3	5	4	1
R2INDX	PE031025	1	36	3	4	0	3	5	5	1
R2INDX	PE031026	1	36	3	4	1	2	5	4	1
R2INDX	PE031027	1	41	3	4	1	3	5	5	1
R2INDX	PE031028	1	36	3	4	1	2	5	4	1
R2INDX	PE031029	1	36	3	4	1	1	5	5	1
R2INDX	PE031030	1	59	2	4	1	2	5	4	1
R2INDX	PE031031	1	38	2	4	1	3	5	3	1
R2INDX	PE031032	1	37	1	4	1	3	5	4	1
R2INDX	PE031033	1	37	3	4	1	3	5	4	1
R2INDX	PE031034	1	40	3	4	1	3	5	4	1
R2INDX	PE031035	1	36	3	4	0	2	5	5	1
R2INDX	PE031036	1	48	2	4	1	2	5	5	1
R2INDX	PE031037	1	36	3	4	1	3	4	3	1
R2INDX	PE031038	1	36	2	4	1	3	5	3	1
R2INDX	PE031039	1	48	3	4	0	2	5	4	1
R2INDX	PE031040	1	36	3	4	1	2	5	4	1
R2INDX	PE031041	1	60	3	4	1	2	5	4	1
R2INDX	PE031042	1	52	3	4	1	2	5	4	1
R2INDX	PE031043	1	36	3	4	1	3	5	4	1
R2INDX	PE031044	1	60	1	4	0	2	5	5	1
R2INDX	PE031045	1	41	3	4	0	2	4	4	1
R2INDX	PE031046	1	42	3	4	1	3	5	4	1
R2INDX	PE031047	1	51	3	4	0	2	5	4	1
R2INDX	PE031048	1	45	2	4	0	3	5	4	1
R2INDX	PE031049	1	36	3	4	1	2	5	5	1
R2INDX	PE031050	1	47	3	4	0	2	5	4	1
R2INDX	PE031051	1	48	2	4	0	3	5	4	1
R2INDX	PE031052	1	36	3	4	1	2	5	12	1
R2INDX	PE031053	1	36	3	4	1	3	5	4	1
R2INDX	PE031054	1	36	3	4	1	3	5	4	1
R2INDX	PE031055	1	48	3	4	0	2	5	4	1
R2INDX	PE031056	1	36	3	4	0	4	5	4	1
R2INDX	PE031057	1	36	2	4	0	2	5	4	1
R2INDX	PE031059	1	43	3	4	1	2	5	5	1
R2INDX	PE031060	1	43	3	4	1	3	5	4	1
R2INDX	PE031061	1	48	3	4	1	3	5	4	1
R2INDX	PE031062	1	36	3	4	1	2	5	6	1
R2INDX	PE031063	1	42	3	4	0	3	5	4	1
R2INDX	PE031064	1	48	2	4	1	3	5	5	1
R2INDX	PE031067	1	36	3	4	1	3	4	4	1
R2INDX	PE031068	1	42	3	4	1	3	5	4	1
R2INDX	PE031070	1	48	2	4	0	2	3	3	1
R2INDX	PE031071	1	42	3	4	1	3	5	4	1
R2INDX	PE031072	1	36	3	4	1	2	5	4	1
R2INDX	PE031074	1	36	3	4	1	3	2	4	1
R2INDX	PE031075	1	36	3	4	1	2	5	4	1
R2INDX	PE031076	1	48	2	4	1	2	5	5	1
R2INDX	PE031077	1	48	3	4	1	3	5	4	1
R2INDX	PE031078	1	48	2	4	1	2	5	5	1
R2INDX	PE031079	1	36	2	4	1	2	5	5	1
R2INDX	PE031080	1	38	3	4	1	2	5	4	1
R2INDX	PE031081	1	43	3	4	0	2	5	4	1
R2INDX	PE031082	1	36	3	3	1	2	5	4	1
R2INDX	PE031083	1	36	3	4	1	3	5	5	1
R2INDX	PE031084	1	44	3	4	1	2	4	3	1
R2INDX	PE031085	1	48	2	4	1	3	4	5	1
R2INDX	PE031086	1	36	3	4	0	3	4	4	1
R2INDX	PE031087	1	48	3	4	1	3	5	4	1
R2INDX	PE031088	1	48	3	4	1	2	3	3	1
R2INDX	PE031089	1	48	3	4	1	3	5	4	1
R2INDX	PE031090	1	52	1	4	0	3	4	4	1
R2INDX	PE031091	1	36	3	4	1	3	4	4	1
R2INDX	PE031092	1	36	3	4	1	2	5	4	1
R2INDX	PE031093	1	36	3	4	0	3	5	3	1
R2INDX	PE031094	1	36	3	4	0	3	5	5	1
R2INDX	PE031095	1	36	3	4	1	2	5	4	1
R2INDX	PE031096	1	36	1	4	1	4	5	3	1
R2INDX	PE031097	1	46	1	4	0	4	5	2	1
R2INDX	PE031098	1	31	3	4	1	2	5	4	1
R2INDX	PE031100	1	36	3	4	1	2	5	5	1
R2INDX	PE031101	1	48	3	4	1	3	5	4	1
R2INDX	PE041001	1	36	3	4	1	2	5	4	1
R2INDX	PE041002	1	36	3	4	0	2	5	5	1
R2INDX	PE041003	1	37	3	4	0	2	5	5	1
R2INDX	PE041004	1	36	3	4	0	2	5	5	1
R2INDX	PE041005	1	36	3	4	1	3	5	6	1
R2INDX	PE041006	1	48	2	4	0	2	5	4	1
R2INDX	PE041008	1	36	2	4	0	2	5	4	1
R2INDX	PE041009	1	36	3	4	0	3	5	4	1
R2INDX	PE041010	1	36	3	4	0	3	5	5	1
R2INDX	PE041011	1	48	2	4	0	2	5	5	1
R2INDX	PE041012	1	48	2	4	1	3	5	4	1
R2INDX	PE041013	1	48	3	4	0	2	5	5	1
R2INDX	PE041014	1	36	3	4	1	2	5	4	1
R2INDX	PE041015	1	36	1	4	1	3	5	5	1
R2INDX	PE041016	1	36	3	4	0	2	5	5	1
R2INDX	PE041017	1	48	3	4	1	3	5	5	1
R2INDX	PE041018	1	48	2	4	1	2	5	3	1
R2INDX	PE041019	1	48	1	4	1	2	5	5	1
R2INDX	PE041020	1	56	2	4	1	2	5	4	1
R2INDX	PE041021	1	38	2	4	0	3	3	2	1
R2INDX	PE041022	1	48	3	4	0	2	5	4	1
R2INDX	PE041023	1	48	2	1	1	2	5	3	1
R2INDX	PE041024	1	51	2	4	1	3	5	5	1
R2INDX	PE041025	1	36	2	4	0	2	5	3	1
R2INDX	PE041026	1	48	1	4	1	3	5	4	1
R2INDX	PE041027	1	48	3	4	1	3	5	3	1
R2INDX	PE041028	1	36	3	4	1	3	5	5	1
R2INDX	PE041030	1	60	1	4	1	2	5	5	1
R2INDX	PE041031	1	48	2	4	1	2	5	5	1
R2INDX	PE041032	1	60	2	4	1	2	5	4	1
R2INDX	PE041033	1	48	2	4	1	3	5	5	1
R2INDX	PE041034	1	60	2	4	1	2	5	5	1
R2INDX	PE041035	1	48	3	4	0	2	5	3	1
R2INDX	PE041036	1	55	2	4	0	2	5	3	1
R2INDX	PE041037	1	36	3	2	0	3	5	3	1
R2INDX	PE041039	1	48	2	4	1	3	5	3	0
R2INDX	PE041040	1	60	2	4	0	2	5	3	1
R2INDX	PE041042	1	48	2	4	1	3	5	5	1
R2INDX	PE041043	1	42	1	4	0	2	3	3	1
R2INDX	PE041045	1	36	3	4	0	2	5	4	1
R2INDX	PE041046	1	48	2	4	0	3	5	3	1
R2INDX	PE041047	1	48	2	2	0	2	5	3	1
R2INDX	PE041048	1	48	2	4	1	2	5	4	1
R2INDX	PE041049	1	48	2	4	1	2	5	4	1
R2INDX	PE041051	1	33	3	4	1	2	5	4	0
R2INDX	PE041052	1	48	3	4	0	3	5	5	1
R2INDX	PE041053	1	48	2	4	0	2	5	3	1
R2INDX	PE041053	2	48	2	4	1	2	5	3	1
R2INDX	PE041054	1	48	2	4	0	1	5	5	1
R2INDX	PE041055	1	48	3	4	1	2	5	3	0
R2INDX	PE041056	1	36	3	4	1	3	5	3	0
R2INDX	PE041058	1	52	2	4	1	4	5	5	1
R2INDX	PE041059	1	48	3	4	1	2	5	4	1
R2INDX	PE041060	1	50	2	4	0	3	5	4	1
R2INDX	PE041061	1	36	2	4	1	1	5	5	1
R2INDX	PE041063	1	36	3	4	1	2	5	5	1
R2INDX	PE041064	1	36	1	4	1	3	5	5	1
R2INDX	PE041065	1	60	1	4	0	3	3	3	1
R2INDX	PE041066	1	36	2	4	1	2	5	4	0
R2INDX	PE041067	1	36	2	4	1	2	5	4	1
R2INDX	PE041069	1	36	3	4	1	3	5	4	1
R2INDX	PE041070	1	48	2	4	1	2	5	4	1
R2INDX	PE041071	1	36	3	4	0	2	5	4	1
R2INDX	PE041072	1	60	2	4	1	2	5	4	1
R2INDX	PE041073	1	40	3	4	0	2	5	4	1
R2INDX	PE041074	1	36	2	4	0	2	5	5	1
R2INDX	PE041075	1	40	3	4	1	2	5	4	1
R2INDX	PE041076	1	48	3	4	1	2	5	4	1
R2INDX	PE041077	1	48	3	4	1	3	5	4	1
R2INDX	PE041078	1	48	3	4	1	2	5	5	1
R2INDX	PE041080	1	36	3	4	1	2	5	5	1
R2INDX	PE041081	1	48	2	4	1	2	5	5	1
R2INDX	PE041083	1	48	3	4	0	3	5	4	1
R2INDX	PE041084	1	54	2	4	1	3	5	5	0
R2INDX	PE041085	1	36	2	4	0	2	3	3	1
R2INDX	PE041086	1	48	2	4	0	3	5	4	1
R2INDX	PE041087	1	52	1	4	1	2	5	4	1
R2INDX	PE041088	1	48	2	4	1	2	5	4	1
R2INDX	PE041089	1	36	1	4	0	2	3	4	1
R2INDX	PE041090	1	41	3	4	1	2	5	3	1
R2INDX	PE041091	1	48	2	4	0	2	5	3	1
R2INDX	PE041093	1	37	2	4	0	2	5	3	1
R2INDX	PE041093	2	55	2	4	0	3	5	4	1
R2INDX	PE041094	1	40	2	4	0	2	5	3	1
R2INDX	PE041096	1	36	3	4	1	2	5	4	1
R2INDX	PE041097	1	36	3	4	0	2	5	3	1
R2INDX	PE041098	1	48	1	4	0	1	5	4	0
R2INDX	PE041099	1	36	3	4	1	3	5	5	1
R2INDX	PE041100	1	48	2	4	1	3	5	3	1
R2INDX	PE051004	1	48	2	4	1	2	5	4	1
R2INDX	PE051009	1	36	3	4	0	2	5	4	1
R2INDX	PE051010	1	36	3	4	0	3	5	3	1
R2INDX	PE051016	1	46	2	4	1	2	5	4	1
R2INDX	PE051018	1	36	3	4	0	2	5	4	1
R2INDX	PE051020	1	36	3	4	1	2	5	3	0
R2INDX	PE051021	1	44	2	4	0	2	5	5	1
R2INDX	PE051023	1	39	3	4	1	2	5	7	1
R2INDX	PE051024	1	48	2	4	1	3	5	5	1
R2INDX	PE051025	1	36	3	4	1	3	5	4	1
R2INDX	PE051026	1	48	1	4	1	3	5	4	1
R2INDX	PE051028	1	36	2	4	1	3	5	4	1
R2INDX	PE051029	1	54	2	4	1	3	5	4	1
R2INDX	PE051030	1	44	3	4	1	2	5	4	1
R2INDX	PE051031	1	36	2	4	1	2	0	5	1
R2INDX	PE051032	1	48	2	4	1	3	5	3	1
R2INDX	PE051033	1	43	3	4	1	2	5	5	1
R2INDX	PE051034	1	45	3	4	1	3	5	4	1
R2INDX	PE051035	1	55	2	4	1	3	5	4	1
R2INDX	PE051038	1	48	2	4	1	3	3	4	1
R2INDX	PE051039	1	55	2	4	1	2	5	5	1
R2INDX	PE051040	1	48	2	4	1	2	5	5	1
R2INDX	PE051041	1	56	2	4	0	2	5	3	1
R2INDX	PE051042	1	48	2	4	1	3	5	4	1
R2INDX	PE051046	1	58	2	4	1	2	5	5	1
R2INDX	PE051047	1	36	3	4	1	2	5	4	1
R2INDX	PE051048	1	48	2	4	1	2	5	5	1
R2INDX	PE051049	1	48	2	4	1	2	5	4	1
R2INDX	PE051058	1	42	3	4	1	3	5	3	1
R2INDX	PE051061	1	46	3	4	1	3	5	3	1
R2INDX	PE051062	1	38	3	4	1	2	5	3	1
R2INDX	PE051063	1	48	3	4	1	3	5	5	1
R2INDX	PE051065	1	51	3	4	1	2	5	5	1
R2INDX	PE051067	1	36	3	4	0	2	5	4	1
R2INDX	PE051067	2	56	2	1	1	2	5	5	0
R2INDX	PE051070	1	48	3	4	1	3	5	5	0
R2INDX	PE051071	1	48	2	4	1	2	5	4	1
R2INDX	PE051073	1	48	3	4	1	3	5	2	1
R2INDX	PE051078	1	54	1	4	1	3	5	3	1
R2INDX	PE051080	1	54	1	4	1	3	5	2	1
R2INDX	PE051081	1	48	2	4	1	3	5	4	1
R2INDX	PE051084	1	48	1	6	1	3	5	4	1
R2INDX	PE051085	1	44	3	4	1	3	5	4	1
R2INDX	PE051088	1	48	2	3	 	 	6	4	 
R2INDX	PE051090	1	48	3	4	0	2	5	4	1
R2INDX	PE051091	1	36	2	4	0	1	5	4	1
R2INDX	PE051092	1	54	1	4	0	2	5	5	0
R2INDX	PE051095	1	48	2	4	1	3	5	5	1
R2INDX	PE051099	1	48	2	4	1	3	5	4	1
R2INDX	PE051100	1	36	3	4	1	2	5	3	1
R2INDX	PE061001	1	36	3	4	1	2	5	4	1
R2INDX	PE061002	1	58	3	4	1	2	5	4	0
R2INDX	PE061003	1	36	2	4	1	2	5	5	1
R2INDX	PE061004	1	36	3	4	1	4	5	4	1
R2INDX	PE061011	1	45	1	4	1	3	4	4	1
R2INDX	PE061012	1	48	2	4	1	2	5	4	1
R2INDX	PE061013	1	48	1	4	1	3	5	5	1
R2INDX	PE061014	1	36	3	4	1	2	5	5	1
R2INDX	PE061015	1	36	2	4	1	2	5	5	1
R2INDX	PE061016	1	47	3	4	1	2	5	4	1
R2INDX	PE061017	1	48	2	4	1	3	5	4	1
R2INDX	PE061021	1	40	3	4	1	2	5	4	1
R2INDX	PE061022	1	48	2	4	1	2	5	4	1
R2INDX	PE061023	1	48	2	4	1	2	5	5	1
R2INDX	PE061024	1	44	3	4	1	2	5	4	1
R2INDX	PE061025	1	42	3	4	1	2	5	4	1
R2INDX	PE061026	1	42	3	4	1	2	5	4	1
R2INDX	PE061031	1	38	3	4	1	3	5	5	1
R2INDX	PE061032	1	44	3	4	1	4	5	4	1
R2INDX	PE061033	1	42	3	1	1	2	5	6	1
R2INDX	PE061034	1	36	2	4	1	2	5	4	1
R2INDX	PE061035	1	44	2	4	1	2	5	5	0
R2INDX	PE061036	1	41	3	4	0	2	5	5	1
R2INDX	PE061037	1	48	3	4	1	2	5	4	1
R2INDX	PE061038	1	48	3	4	1	3	5	4	1
R2INDX	PE061039	1	48	3	4	1	3	5	5	1
R2INDX	PE061040	1	38	3	1	1	2	5	5	1
R2INDX	PE061041	1	48	3	4	1	2	5	4	1
R2INDX	PE061043	1	48	2	4	1	2	5	4	1
R2INDX	PE061044	1	35	3	4	1	2	5	4	0
R2INDX	PE061045	1	36	3	4	1	2	5	4	1
R2INDX	PE061046	1	36	3	4	1	3	5	4	1
R2INDX	PE061047	1	36	3	1	1	2	5	0	1
R2INDX	PE061049	1	41	3	4	1	3	5	5	1
R2INDX	PE061050	1	48	2	4	1	2	5	5	1
R2INDX	PE061051	1	48	2	4	1	3	5	4	1
R2INDX	PE061052	1	50	2	4	1	2	5	5	1
R2INDX	PE061053	1	48	2	1	1	4	5	5	0
R2INDX	PE061056	1	48	2	4	1	2	5	4	1
R2INDX	PE061056	2	60	1	4	1	2	5	4	1
R2INDX	PE061057	1	36	3	4	1	3	5	4	1
R2INDX	PE061058	1	48	2	4	1	3	2	1	1
R2INDX	PE061059	1	36	3	4	1	3	5	4	1
R2INDX	PE061060	1	53	3	4	1	2	5	4	1
R2INDX	PE061061	1	48	2	4	1	1	5	4	1
R2INDX	PE061063	1	48	3	4	0	3	4	5	1
R2INDX	PE061064	1	45	3	4	1	2	5	5	1
R2INDX	PE061065	1	48	2	4	1	3	5	4	1
R2INDX	PE061066	1	42	3	4	1	3	5	4	1
R2INDX	PE061067	1	38	3	4	1	2	5	4	1
R2INDX	PE061068	1	40	3	4	1	2	5	4	1
R2INDX	PE061069	1	45	2	4	1	2	5	4	1
R2INDX	PE061070	1	53	1	4	1	2	5	4	1
R2INDX	PE061071	1	48	1	4	1	2	5	4	1
R2INDX	PE061072	1	48	3	4	1	3	5	4	1
R2INDX	PE061075	1	51	2	4	1	2	5	3	1
R2INDX	PE061078	1	39	2	4	1	2	5	4	1
R2INDX	PE061080	1	55	2	4	1	1	5	3	1
R2INDX	PE061081	1	48	2	4	1	2	5	4	1
R2INDX	PE061083	1	48	3	4	1	2	5	4	1
R2INDX	PE061085	1	36	3	3	1	2	5	4	1
R2INDX	PE061086	1	48	3	4	1	2	5	4	0
R2INDX	PE061087	1	48	3	4	0	2	5	4	1
R2INDX	PE061088	1	48	1	4	1	2	5	4	1
R2INDX	PE061089	1	36	3	4	1	2	5	4	1
R2INDX	PE061090	1	36	3	4	1	4	5	4	1
R2INDX	PE061091	1	36	3	4	1	2	5	4	0
R2INDX	PE061092	1	48	3	4	1	3	5	4	1
R2INDX	PE061093	1	48	3	4	1	2	5	4	1
R2INDX	PE061095	1	48	2	4	1	2	5	3	1
R2INDX	PE061096	1	48	2	4	1	3	5	4	1
R2INDX	PE061097	1	55	2	4	1	2	5	4	1
R2INDX	PE061098	1	55	1	4	1	2	5	5	1
R2INDX	PE061100	1	48	1	4	0	3	5	4	1
R2INDX	PE061101	1	48	2	1	1	2	5	5	1
R2INDX	PE061101	2	60	1	4	1	3	5	5	1
R2INDX	PE071001	1	36	3	4	0	2	5	4	0
R2INDX	PE071002	1	41	3	1	1	2	5	4	0
R2INDX	PE071003	1	40	3	4	1	1	5	4	1
R2INDX	PE071004	1	31	3	1	1	2	5	5	1
R2INDX	PE071005	1	41	3	1	1	2	5	5	0
R2INDX	PE071006	1	36	3	4	1	3	5	4	1
R2INDX	PE071007	1	44	3	1	1	2	5	5	0
R2INDX	PE071008	1	43	3	1	1	2	5	6	0
R2INDX	PE071009	1	48	3	4	1	2	5	4	1
R2INDX	PE071010	1	36	3	4	1	3	5	4	1
R2INDX	PE071011	1	30	3	4	1	2	5	4	1
R2INDX	PE071012	1	41	3	1	1	2	5	4	1
R2INDX	PE071013	1	35	3	4	1	2	5	4	0
R2INDX	PE071014	1	55	1	4	1	2	5	4	1
R2INDX	PE071015	1	36	3	1	1	2	5	4	1
R2INDX	PE071016	1	38	3	4	1	2	5	4	0
R2INDX	PE071017	1	34	3	4	1	2	5	4	1
R2INDX	PE071018	1	44	3	4	1	2	5	3	0
R2INDX	PE071019	1	37	3	4	1	3	5	3	0
R2INDX	PE071020	1	41	3	4	1	2	5	3	1
R2INDX	PE071021	1	52	3	4	1	3	5	4	0
R2INDX	PE071022	1	36	3	4	1	3	5	4	0
R2INDX	PE071023	1	36	1	4	1	2	5	4	1
R2INDX	PE071024	1	41	3	4	1	2	5	4	0
R2INDX	PE071025	1	51	2	4	1	2	5	4	1
R2INDX	PE071026	1	36	1	4	0	4	5	3	1
R2INDX	PE071026	2	48	1	4	1	2	5	4	1
R2INDX	PE071028	1	44	3	1	1	2	5	3	0
R2INDX	PE071029	1	48	3	4	1	2	5	4	1
R2INDX	PE071031	1	36	1	4	1	3	5	4	1
R2INDX	PE071032	1	36	1	4	1	2	3	4	1
R2INDX	PE071033	1	30	3	4	1	2	5	5	1
R2INDX	PE071034	1	36	3	4	1	2	5	4	1
R2INDX	PE071035	1	30	3	4	1	2	5	5	1
R2INDX	PE071036	1	54	3	4	1	3	4	3	0
R2INDX	PE071037	1	33	3	1	1	2	5	5	0
R2INDX	PE071038	1	29	3	4	1	2	5	4	0
R2INDX	PE071039	1	36	3	4	1	2	5	4	1
R2INDX	PE071040	1	33	3	4	1	2	5	4	0
R2INDX	PE071041	1	36	1	4	1	3	5	4	1
R2INDX	PE071042	1	36	3	4	1	2	5	4	0
R2INDX	PE071043	1	28	3	4	1	3	5	4	0
R2INDX	PE071044	1	54	2	4	1	3	5	3	1
R2INDX	PE071045	1	42	3	1	1	2	5	4	1
R2INDX	PE071046	1	40	3	4	1	2	5	4	0
R2INDX	PE071047	1	36	1	4	1	3	5	4	0
R2INDX	PE071048	1	38	3	4	1	2	5	4	0
R2INDX	PE071049	1	38	3	1	1	2	5	5	1
R2INDX	PE071050	1	33	3	4	1	2	5	5	1
R2INDX	PE071051	1	35	3	1	1	2	5	5	1
R2INDX	PE071052	1	38	3	4	1	2	5	4	0
R2INDX	PE071053	1	44	3	4	1	2	5	4	0
R2INDX	PE071054	1	36	3	4	1	2	5	4	0
R2INDX	PE071055	1	32	3	4	1	2	5	4	0
R2INDX	PE071056	1	35	3	4	1	2	5	4	0
R2INDX	PE071057	1	35	3	4	1	2	5	4	0
R2INDX	PE071058	1	47	3	4	1	3	5	5	0
R2INDX	PE071059	1	40	3	4	1	4	5	4	0
R2INDX	PE071060	1	42	3	4	1	2	5	4	0
R2INDX	PE071061	1	59	2	1	1	2	5	3	0
R2INDX	PE071062	1	36	2	4	0	2	5	4	1
R2INDX	PE071062	2	48	3	4	1	3	5	4	1
R2INDX	PE071064	1	36	1	4	1	2	5	4	0
R2INDX	PE071066	1	36	3	4	0	2	5	4	1
R2INDX	PE071067	1	36	3	4	1	3	5	4	1
R2INDX	PE071068	1	36	3	4	1	2	5	4	0
R2INDX	PE071069	1	42	3	4	1	2	5	4	1
R2INDX	PE071070	1	51	2	4	1	2	5	4	1
R2INDX	PE071071	1	36	3	4	0	2	5	4	0
R2INDX	PE071072	1	36	3	4	1	2	5	4	1
R2INDX	PE071073	1	48	3	4	1	2	5	4	1
R2INDX	PE071074	1	49	3	7	1	2	5	4	1
R2INDX	PE071075	1	48	3	4	1	2	5	4	1
R2INDX	PE071076	1	36	2	4	1	2	5	4	1
R2INDX	PE071077	1	54	2	4	1	2	5	3	1
R2INDX	PE071078	1	36	3	4	1	2	5	4	1
R2INDX	PE071079	1	48	3	4	1	3	5	4	1
R2INDX	PE071080	1	36	2	4	1	2	5	5	1
R2INDX	PE071081	1	35	2	4	1	4	5	3	1
R2INDX	PE071081	2	49	2	4	1	2	5	3	1
R2INDX	PE071082	1	43	3	4	1	3	5	5	1
R2INDX	PE071083	1	48	3	4	1	3	5	4	1
R2INDX	PE071084	1	36	1	4	1	2	5	4	1
R2INDX	PE071085	1	48	2	4	1	3	5	4	1
R2INDX	PE071086	1	48	3	4	1	2	5	4	1
R2INDX	PE071086	2	42	1	4	1	2	5	4	1
R2INDX	PE071087	1	36	1	4	1	3	5	4	1
R2INDX	PE071087	2	48	1	1	1	2	5	4	1
R2INDX	PE071087	3	60	 	1	1	2	5	4	1
R2INDX	PE071088	1	33	3	4	1	2	5	5	0
R2INDX	PE071089	1	36	3	4	1	3	5	10	1
R2INDX	PE071090	1	36	1	1	1	2	5	4	1
R2INDX	PE071091	1	34	3	4	1	2	5	4	1
R2INDX	PE071092	1	48	3	4	1	3	5	3	0
R2INDX	PE071093	1	27	1	4	0	2	5	3	1
R2INDX	PE071093	2	38	2	4	1	2	5	5	1
R2INDX	PE071094	1	43	2	4	1	2	5	4	1
R2INDX	PE071095	1	30	3	4	1	3	5	3	1
R2INDX	PE071096	1	48	1	1	1	2	5	5	1
R2INDX	PE071097	1	36	1	4	1	2	5	4	0
R2INDX	PE071098	1	40	2	4	1	2	5	4	1
R2INDX	PE071099	1	52	2	4	1	2	5	5	1
R2INDX	PE071100	1	53	2	4	1	2	5	4	1
R2INDX	PE071101	1	36	1	4	0	2	5	4	0
R2INDX	PE071102	1	36	1	4	1	3	5	4	1
R2INDX	PE071103	1	36	3	4	1	3	5	5	1
R2INDX	PE071104	1	24	3	1	0	2	5	5	1
R2INDX	PE071105	1	47	3	4	1	4	5	4	0
R2INDX	PE071106	1	48	2	4	1	3	5	4	0
R2INDX	PE071109	1	36	3	7	1	2	5	5	1
R2INDX	PE081001	1	48	3	4	1	2	5	5	1
R2INDX	PE081003	1	48	3	1	1	2	5	4	1
R2INDX	PE081004	1	48	3	1	1	2	5	4	1
R2INDX	PE081005	1	48	1	4	1	2	5	4	1
R2INDX	PE081006	1	52	3	3	1	2	5	3	1
R2INDX	PE081007	1	51	3	3	1	2	5	3	1
R2INDX	PE081008	1	53	2	1	1	2	5	4	0
R2INDX	PE081009	1	44	2	4	1	2	5	4	0
R2INDX	PE081010	1	48	3	4	1	3	5	3	1
R2INDX	PE081011	1	48	1	4	1	2	5	3	1
R2INDX	PE081012	1	41	3	1	1	2	5	4	1
R2INDX	PE081013	1	40	1	1	1	2	5	4	0
R2INDX	PE081014	1	41	3	4	1	2	5	4	0
R2INDX	PE081015	1	33	2	4	1	2	5	4	1
R2INDX	PE081017	1	48	3	1	1	2	5	5	1
R2INDX	PE081018	1	24	2	4	1	2	5	4	1
R2INDX	PE081018	2	36	2	4	1	2	5	3	1
R2INDX	PE081018	3	48	3	1	1	2	5	4	1
R2INDX	PE081019	1	48	3	4	1	2	5	4	1
R2INDX	PE081020	1	59	2	4	1	3	5	3	0
R2INDX	PE081021	1	48	1	3	1	2	5	4	1
R2INDX	PE081023	1	57	1	4	1	2	5	5	0
R2INDX	PE081024	1	44	3	4	1	2	5	3	1
R2INDX	PE081025	1	48	2	4	1	3	5	4	1
R2INDX	PE081026	1	49	2	4	1	2	5	3	1
R2INDX	PE081027	1	36	1	4	1	2	5	3	1
R2INDX	PE081027	2	60	1	1	1	3	5	4	1
R2INDX	PE081028	1	49	2	1	1	2	5	5	1
R2INDX	PE081030	1	46	3	1	1	3	5	4	1
R2INDX	PE081031	1	38	2	1	1	1	5	3	1
R2INDX	PE081032	1	36	3	4	1	3	5	3	1
R2INDX	PE081033	1	53	2	4	0	3	0	3	1
R2INDX	PE081034	1	54	2	4	1	2	5	3	0
R2INDX	PE081035	1	33	3	4	1	2	5	4	0
R2INDX	PE081036	1	48	1	1	1	2	5	4	1
R2INDX	PE081037	1	53	3	4	1	2	5	4	0
R2INDX	PE081040	1	48	3	4	1	2	5	4	1
R2INDX	PE081041	1	36	3	1	1	1	5	4	1
R2INDX	PE081042	1	45	3	4	1	2	5	4	1
R2INDX	PE081043	1	53	2	4	1	3	5	3	1
R2INDX	PE081043	2	62	2	1	1	2	5	4	1
R2INDX	PE081044	1	53	2	1	1	2	5	4	1
R2INDX	PE081045	1	48	2	1	1	2	5	5	1
R2INDX	PE081046	1	36	1	4	1	3	5	4	1
R2INDX	PE081046	2	48	1	4	0	2	5	4	1
R2INDX	PE081047	1	48	3	4	1	2	5	4	1
R2INDX	PE081048	1	36	2	4	1	3	5	4	1
R2INDX	PE081048	2	48	2	4	1	3	5	4	1
R2INDX	PE081050	1	50	3	1	1	2	5	4	1
R2INDX	PE081051	1	47	3	4	1	2	5	3	0
R2INDX	PE081052	1	37	2	4	1	2	5	4	1
R2INDX	PE081052	2	61	2	1	1	2	5	6	1
R2INDX	PE081053	1	36	3	4	1	2	5	4	1
R2INDX	PE081054	1	37	3	1	1	2	5	4	1
R2INDX	PE081056	1	46	3	4	1	2	5	4	1
R2INDX	PE081057	1	36	3	4	1	2	5	5	 
R2INDX	PE081058	1	41	3	4	1	2	5	4	0
R2INDX	PE081059	1	36	2	1	1	2	5	4	0
R2INDX	PE081060	1	44	3	4	1	2	4	5	0
R2INDX	PE081061	1	41	3	4	1	3	5	4	1
R2INDX	PE081062	1	55	2	3	1	2	5	4	1
R2INDX	PE081063	1	56	3	3	1	2	5	4	1
R2INDX	PE081064	1	36	3	4	1	2	5	4	1
R2INDX	PE081065	1	51	3	3	1	2	5	3	1
R2INDX	PE081066	1	50	3	4	1	3	5	4	0
R2INDX	PE081067	1	30	2	4	1	2	5	4	1
R2INDX	PE081068	1	48	3	1	1	2	5	5	1
R2INDX	PE081069	1	36	3	4	1	2	5	4	1
R2INDX	PE081070	1	42	2	1	1	2	5	5	1
R2INDX	PE081071	1	48	3	1	1	1	5	3	1
R2INDX	PE081072	1	38	2	3	1	1	5	4	1
R2INDX	PE081072	2	62	2	4	1	3	5	4	0
R2INDX	PE081074	1	36	3	4	1	3	5	4	1
R2INDX	PE081075	1	48	3	4	1	2	5	4	1
R2INDX	PE081076	1	39	3	4	1	2	5	4	0
R2INDX	PE081077	1	36	3	1	1	2	5	4	1
R2INDX	PE081078	1	43	3	4	1	2	5	4	1
R2INDX	PE081079	1	36	3	4	1	2	5	4	1
R2INDX	PE081080	1	48	3	4	1	3	5	4	1
R2INDX	PE081081	1	48	3	1	1	2	5	4	1
R2INDX	PE081082	1	44	3	1	1	2	5	4	1
R2INDX	PE081083	1	41	3	4	1	2	5	4	0
R2INDX	PE081084	1	36	1	4	1	2	5	4	1
R2INDX	PE081087	1	39	3	4	1	1	5	4	0
R2INDX	PE081088	1	46	3	4	1	2	5	4	0
R2INDX	PE081089	1	46	2	4	1	1	5	4	0
R2INDX	PE081090	1	50	2	4	1	2	5	4	1
R2INDX	PE081091	1	32	1	1	1	2	5	5	1
R2INDX	PE081092	1	40	2	1	1	2	5	4	1
R2INDX	PE081092	2	64	2	1	1	2	5	5	1
R2INDX	PE081093	1	36	1	4	1	2	5	4	1
R2INDX	PE081095	1	36	3	4	1	2	5	4	0
R2INDX	PE081098	1	36	3	4	1	1	5	4	1
R2INDX	PE081099	1	48	3	1	1	2	5	4	1
R2INDX	PE081100	1	36	1	1	1	2	5	4	1
R2INDX	PE081102	1	50	3	4	1	4	5	4	1
R2INDX	PE091002	1	48	1	4	0	2	5	4	1
R2INDX	PE091003	1	60	2	4	1	2	5	4	1
R2INDX	PE091004	1	48	1	4	1	3	5	3	1
R2INDX	PE091005	1	36	1	4	0	2	5	3	1
R2INDX	PE091007	1	36	3	4	0	2	5	4	1
R2INDX	PE091010	1	24	3	4	1	3	5	3	1
R2INDX	PE091011	1	51	2	4	0	2	3	3	1
R2INDX	PE091012	1	48	1	4	0	2	5	4	1
R2INDX	PE091014	1	55	1	4	0	2	3	4	1
R2INDX	PE091015	1	36	3	4	0	3	5	5	1
R2INDX	PE091016	1	36	1	4	0	3	5	5	1
R2INDX	PE091017	1	42	3	2	1	2	5	5	1
R2INDX	PE091018	1	48	2	4	0	3	5	3	1
R2INDX	PE091019	1	36	1	4	0	2	5	4	1
R2INDX	PE091020	1	24	3	4	0	2	5	4	1
R2INDX	PE091022	1	60	2	4	0	2	5	4	1
R2INDX	PE091023	1	36	3	4	0	2	5	5	1
R2INDX	PE091024	1	48	1	4	1	2	5	4	0
R2INDX	PE091025	1	36	1	4	0	3	3	5	1
R2INDX	PE091026	1	43	2	4	1	3	5	3	1
R2INDX	PE091027	1	48	3	4	1	2	5	4	0
R2INDX	PE091029	1	24	3	4	0	2	5	3	1
R2INDX	PE091030	1	24	3	4	1	2	5	3	1
R2INDX	PE091031	1	56	2	4	1	2	5	5	1
R2INDX	PE091032	1	53	2	4	1	2	5	2	0
R2INDX	PE091033	1	36	2	4	1	2	5	3	1
R2INDX	PE091034	1	39	3	4	1	2	5	4	1
R2INDX	PE091035	1	36	3	4	1	3	5	3	1
R2INDX	PE091036	1	48	2	4	1	2	5	3	1
R2INDX	PE091037	1	48	3	1	1	2	5	5	1
R2INDX	PE091038	1	35	2	4	1	3	5	4	1
R2INDX	PE091042	1	36	3	4	1	2	5	5	1
R2INDX	PE091044	1	48	2	4	0	2	5	3	0
R2INDX	PE091045	1	51	1	4	1	3	2	3	1
R2INDX	PE091046	1	48	1	4	1	2	5	4	1
R2INDX	PE091048	1	48	2	4	0	2	5	3	1
R2INDX	PE091049	1	41	3	4	0	2	5	3	1
R2INDX	PE091051	1	48	2	4	1	2	5	3	1
R2INDX	PE091054	1	36	3	4	0	2	5	3	0
R2INDX	PE091055	1	36	3	4	0	3	5	3	1
R2INDX	PE091056	1	36	3	1	1	2	5	5	1
R2INDX	PE091057	1	50	2	4	0	2	5	3	1
R2INDX	PE091059	1	36	1	4	1	4	5	4	1
R2INDX	PE091060	1	36	3	4	1	3	5	4	1
R2INDX	PE091062	1	48	2	4	1	2	5	3	1
R2INDX	PE091063	1	48	3	4	0	2	5	3	1
R2INDX	PE091064	1	36	3	4	0	2	5	3	1
R2INDX	PE091065	1	36	3	4	0	3	5	3	1
R2INDX	PE091066	1	48	2	4	1	2	5	3	1
R2INDX	PE091067	1	60	2	4	1	2	5	3	1
R2INDX	PE091068	1	48	3	4	0	2	5	3	1
R2INDX	PE091069	1	54	2	4	0	2	5	3	1
R2INDX	PE091070	1	48	3	4	0	3	5	4	1
R2INDX	PE091071	1	34	3	4	1	2	5	3	1
R2INDX	PE091073	1	48	2	4	1	2	5	3	1
R2INDX	PE091074	1	36	3	4	1	3	5	3	1
R2INDX	PE091075	1	36	3	4	0	2	5	5	1
R2INDX	PE091076	1	36	1	4	1	2	5	4	1
R2INDX	PE091077	1	44	2	4	0	3	5	4	1
R2INDX	PE091078	1	36	2	4	0	2	5	4	1
R2INDX	PE091079	1	43	2	4	0	3	5	4	1
R2INDX	PE091080	1	60	1	4	1	2	5	4	1
R2INDX	PE091082	1	56	2	4	0	2	5	5	1
R2INDX	PE091085	1	38	2	4	1	2	5	4	1
R2INDX	PE091086	1	36	3	4	0	2	5	5	1
R2INDX	PE091087	1	36	3	4	0	2	5	5	1
R2INDX	PE091089	1	48	1	4	1	2	4	4	1
R2INDX	PE091097	1	48	2	4	0	2	5	5	1
R2INDX	PE091098	1	57	2	4	1	1	5	4	1
R2INDX	PE091102	1	47	2	4	1	3	5	4	0
R2INDX	PE101001	1	36	3	1	1	1	5	5	1
R2INDX	PE101002	1	41	3	4	1	2	5	4	0
R2INDX	PE101003	1	30	3	1	1	2	5	4	0
R2INDX	PE101004	1	54	3	4	1	2	5	4	1
R2INDX	PE101005	1	36	3	1	1	2	5	5	1
R2INDX	PE101006	1	43	3	4	1	2	5	4	0
R2INDX	PE101007	1	30	2	1	1	2	5	5	1
R2INDX	PE101007	2	36	3	1	1	2	5	5	1
R2INDX	PE101008	1	39	3	4	1	2	5	4	1
R2INDX	PE101009	1	38	3	4	1	2	5	4	0
R2INDX	PE101010	1	36	3	1	1	2	5	4	0
R2INDX	PE101011	1	36	1	1	1	2	5	4	1
R2INDX	PE101011	2	48	1	4	1	3	5	4	1
R2INDX	PE101012	1	48	2	4	1	2	5	5	1
R2INDX	PE101013	1	40	2	1	1	2	5	4	1
R2INDX	PE101014	1	36	3	4	1	3	5	4	0
R2INDX	PE101015	1	48	3	4	1	2	5	3	1
R2INDX	PE101016	1	36	2	4	1	3	2	3	1
R2INDX	PE101016	2	53	2	4	1	2	5	4	1
R2INDX	PE101017	1	30	3	1	1	2	5	4	0
R2INDX	PE101018	1	42	1	4	1	2	5	4	1
R2INDX	PE101019	1	48	1	1	1	1	5	4	0
R2INDX	PE101020	1	48	1	4	1	3	5	4	1
R2INDX	PE101021	1	50	2	1	1	2	5	5	1
R2INDX	PE101022	1	48	3	4	1	2	4	5	1
R2INDX	PE101023	1	36	1	1	1	3	5	4	1
R2INDX	PE101024	1	41	1	4	1	3	5	5	1
R2INDX	PE101025	1	36	1	1	1	2	5	4	1
R2INDX	PE101026	1	34	2	4	0	2	5	4	1
R2INDX	PE101027	1	36	3	4	0	2	5	3	1
R2INDX	PE101028	1	36	1	4	1	2	5	5	1
R2INDX	PE101029	1	36	1	4	1	3	5	4	1
R2INDX	PE101031	1	41	3	4	1	2	5	4	1
R2INDX	PE101033	1	36	3	4	0	2	5	3	1
R2INDX	PE101034	1	48	1	4	1	3	5	4	0
R2INDX	PE101035	1	48	1	1	1	3	5	4	1
R2INDX	PE101035	2	54	1	4	0	2	5	4	1
R2INDX	PE101036	1	53	2	4	1	2	4	5	1
R2INDX	PE101037	1	38	1	4	1	3	5	4	0
R2INDX	PE101039	1	36	3	4	1	2	5	4	1
R2INDX	PE101040	1	36	3	4	1	1	5	4	1
R2INDX	PE101041	1	33	2	4	1	2	5	4	0
R2INDX	PE101043	1	36	2	4	0	3	5	4	1
R2INDX	PE101044	1	36	3	4	1	3	5	4	1
R2INDX	PE101045	1	24	3	1	1	3	5	4	1
R2INDX	PE101046	1	36	3	4	1	2	5	4	1
R2INDX	PE101048	1	36	3	4	1	2	5	4	1
R2INDX	PE101049	1	36	3	4	1	2	5	5	0
R2INDX	PE101050	1	48	2	4	1	2	5	4	1
R2INDX	PE101051	1	36	3	4	1	2	5	4	1
R2INDX	PE101052	1	48	2	4	1	2	5	4	1
R2INDX	PE101053	1	36	3	4	1	2	5	4	1
R2INDX	PE101054	1	48	3	4	1	2	5	4	1
R2INDX	PE101055	1	36	3	4	1	2	5	4	1
R2INDX	PE101056	1	48	1	4	1	2	5	8	1
R2INDX	PE101057	1	45	3	4	1	2	5	4	1
R2INDX	PE101058	1	48	3	4	1	2	5	4	1
R2INDX	PE101059	1	52	2	4	1	2	5	5	0
R2INDX	PE101061	1	36	3	4	1	2	5	5	0
R2INDX	PE101062	1	48	3	4	1	2	5	4	1
R2INDX	PE101063	1	36	1	4	1	3	5	4	0
R2INDX	PE101064	1	36	3	4	1	2	5	5	1
R2INDX	PE101066	1	35	2	4	1	2	5	4	0
R2INDX	PE101066	2	47	2	4	1	2	5	4	0
R2INDX	PE101067	1	30	3	4	1	2	5	5	1
R2INDX	PE101069	1	36	3	4	1	2	5	5	1
R2INDX	PE101070	1	36	2	4	1	2	5	4	1
R2INDX	PE101072	1	36	3	1	1	2	5	4	1
R2INDX	PE101073	1	48	3	4	1	2	5	4	1
R2INDX	PE101074	1	47	2	4	1	2	5	3	1
R2INDX	PE101074	2	56	2	4	1	1	5	4	1
R2INDX	PE101075	1	50	2	2	1	1	5	5	1
R2INDX	PE101076	1	45	2	4	1	2	5	5	1
R2INDX	PE101077	1	42	2	4	1	2	5	3	1
R2INDX	PE101078	1	49	2	4	1	1	5	4	1
R2INDX	PE101080	1	60	2	4	1	2	5	5	1
R2INDX	PE101082	1	36	3	4	1	2	5	4	1
R2INDX	PE101083	1	36	3	4	1	2	5	4	1
R2INDX	PE101084	1	36	3	4	1	1	5	4	1
R2INDX	PE101085	1	36	3	4	1	3	5	4	1
R2INDX	PE101086	1	36	3	4	1	2	5	8	1
R2INDX	PE101087	1	48	3	4	1	2	5	3	1
R2INDX	PE101088	1	48	3	4	1	2	5	4	1
R2INDX	PE101089	1	42	3	7	1	2	5	4	0
R2INDX	PE101090	1	48	3	4	1	2	5	4	1
R2INDX	PE101091	1	48	2	4	1	3	5	4	0
R2INDX	PE101092	1	36	3	4	1	3	5	4	1
R2INDX	PE101093	1	36	3	4	1	3	5	4	1
R2INDX	PE101094	1	34	3	4	1	2	5	4	0
R2INDX	PE101095	1	36	3	1	1	2	5	5	1
R2INDX	PE101096	1	48	2	4	1	2	5	4	0
R2INDX	PE101097	1	32	3	4	1	2	5	4	0
R2INDX	PE101098	1	48	2	4	1	2	5	4	1
R2INDX	PE101099	1	37	2	4	1	4	5	3	1
R2INDX	PE101099	2	50	2	1	1	2	5	4	1
R2INDX	PE101100	1	48	3	4	1	4	5	5	1
R2INDX	PE101101	1	38	3	4	1	3	5	4	1
R2INDX	PE101102	1	56	2	4	1	2	5	4	1
R2INDX	PE101103	1	47	3	4	1	2	5	3	1
R2INDX	PE101104	1	45	3	4	1	2	5	4	1
R2INDX	PE111002	1	36	1	4	1	3	5	5	1
R2INDX	PE111003	1	48	3	4	1	2	5	4	1
R2INDX	PE111004	1	48	2	4	0	2	5	4	1
R2INDX	PE111005	1	58	2	4	1	3	5	6	1
R2INDX	PE111007	1	36	3	4	1	3	5	5	1
R2INDX	PE111008	1	48	3	4	0	3	5	4	1
R2INDX	PE111009	1	36	3	4	1	2	5	4	1
R2INDX	PE111011	1	36	3	4	0	3	5	3	1
R2INDX	PE111012	1	42	3	4	1	2	5	4	1
R2INDX	PE111014	1	48	2	4	0	3	5	4	1
R2INDX	PE111015	1	48	2	4	1	2	5	6	1
R2INDX	PE111017	1	48	1	4	0	2	5	4	1
R2INDX	PE111018	1	48	3	4	1	2	5	5	1
R2INDX	PE111019	1	36	3	4	1	2	5	5	1
R2INDX	PE111025	1	36	2	4	1	2	5	4	1
R2INDX	PE111027	1	52	3	1	1	2	5	5	1
R2INDX	PE111028	1	48	2	4	0	3	5	5	1
R2INDX	PE111037	1	36	1	4	0	2	5	5	1
R2INDX	PE111040	1	36	2	4	0	2	5	5	1
R2INDX	PE111040	2	48	2	4	0	2	5	6	1
R2INDX	PE111042	1	48	2	4	1	2	5	4	1
R2INDX	PE111044	1	48	2	1	1	2	5	5	1
R2INDX	PE111045	1	36	2	4	0	2	5	4	1
R2INDX	PE111047	1	36	2	4	1	2	5	3	1
R2INDX	PE111048	1	36	2	4	1	3	5	3	1
R2INDX	PE111049	1	48	1	4	0	3	3	4	1
R2INDX	PE111052	1	55	2	4	1	2	5	3	1
R2INDX	PE111057	1	67	2	4	0	2	5	4	1
R2INDX	PE111058	1	60	1	4	1	3	5	4	0
R2INDX	PE111059	1	36	3	4	0	2	5	4	1
R2INDX	PE111062	1	48	1	4	0	2	5	3	1
R2INDX	PE111063	1	36	1	4	0	2	5	3	1
R2INDX	PE111064	1	24	3	4	0	2	5	3	1
R2INDX	PE111066	1	48	2	4	0	2	5	5	1
R2INDX	PE111068	1	48	1	4	1	2	5	4	1
R2INDX	PE111069	1	48	2	4	1	2	5	3	1
R2INDX	PE111074	1	36	2	4	1	2	5	4	1
R2INDX	PE111076	1	48	2	4	0	2	5	4	1
R2INDX	PE111077	1	48	3	4	1	3	5	5	1
R2INDX	PE111079	1	53	1	4	0	2	5	5	1
R2INDX	PE111080	1	36	1	4	0	2	5	3	1
R2INDX	PE111081	1	36	1	4	0	2	5	3	1
R2INDX	PE111085	1	60	2	4	0	2	5	3	1
R2INDX	PE111087	1	48	2	4	0	2	5	4	1
R2INDX	PE111089	1	48	1	4	0	3	5	3	1
R2INDX	PE111090	1	48	3	4	1	2	5	4	1
R2INDX	PE111094	1	48	3	4	0	3	5	4	1
R2INDX	PE111095	1	48	2	4	1	2	5	5	1
R2INDX	PE111097	1	48	1	4	1	2	5	4	1
R2INDX	PE111099	1	60	2	4	1	2	5	5	1
R2INDX	PE111100	1	36	3	4	0	2	5	4	1
R2INDX	PE111101	1	48	3	4	0	3	5	3	1
R2INDX	PE111102	1	36	3	4	0	3	5	4	1
R2INDX	PE121001	1	48	3	1	1	2	5	4	0
R2INDX	PE121002	1	38	3	4	1	2	5	5	1
R2INDX	PE121003	1	36	3	4	1	2	5	5	1
R2INDX	PE121004	1	48	3	1	1	2	5	5	1
R2INDX	PE121005	1	36	3	4	1	2	5	4	1
R2INDX	PE121006	1	36	3	4	1	2	5	4	0
R2INDX	PE121007	1	36	3	1	1	2	5	5	1
R2INDX	PE121007	2	60	2	4	1	2	5	4	1
R2INDX	PE121008	1	60	3	4	1	2	5	4	1
R2INDX	PE121009	1	36	3	2	1	2	5	8	1
R2INDX	PE121010	1	47	1	4	1	2	5	4	1
R2INDX	PE121011	1	36	3	4	1	3	5	4	1
R2INDX	PE121012	1	36	3	1	1	1	5	4	1
R2INDX	PE121013	1	37	2	1	1	2	5	5	1
R2INDX	PE121014	1	36	3	1	1	2	5	4	1
R2INDX	PE121015	1	36	3	2	1	2	5	9	1
R2INDX	PE121016	1	56	2	4	1	3	3	3	0
R2INDX	PE121017	1	36	3	4	1	2	5	4	1
R2INDX	PE121018	1	45	3	4	1	2	5	5	1
R2INDX	PE121019	1	41	3	4	1	2	5	5	1
R2INDX	PE121020	1	41	3	1	1	2	3	5	1
R2INDX	PE121021	1	45	2	1	1	3	5	6	1
R2INDX	PE121022	1	36	3	4	1	2	5	4	0
R2INDX	PE121024	1	67	1	4	1	2	5	4	1
R2INDX	PE121025	1	39	1	4	1	3	5	4	0
R2INDX	PE121026	1	40	1	1	1	2	5	5	0
R2INDX	PE121027	1	39	4	4	1	2	5	4	1
R2INDX	PE121028	1	36	3	4	1	1	5	4	0
R2INDX	PE121029	1	47	2	2	1	2	6	8	1
R2INDX	PE121030	1	48	3	4	1	2	5	5	1
R2INDX	PE121031	1	39	3	4	1	2	5	5	1
R2INDX	PE121032	1	48	1	4	1	2	5	4	1
R2INDX	PE121033	1	48	3	1	1	2	5	5	1
R2INDX	PE121034	1	48	2	2	1	1	5	6	1
R2INDX	PE121035	1	40	3	4	1	3	5	4	1
R2INDX	PE121036	1	48	1	4	1	2	5	5	1
R2INDX	PE121037	1	38	3	4	1	1	5	4	0
R2INDX	PE121039	1	35	3	1	1	1	5	4	0
R2INDX	PE121040	1	48	3	4	0	3	5	5	1
R2INDX	PE121041	1	48	3	4	1	2	5	4	1
R2INDX	PE121042	1	36	3	4	1	2	5	4	1
R2INDX	PE121042	2	48	1	4	1	1	5	4	1
R2INDX	PE121043	1	36	3	4	1	2	5	4	0
R2INDX	PE121044	1	36	2	4	1	2	5	5	1
R2INDX	PE121045	1	36	2	1	1	1	5	4	1
R2INDX	PE121045	2	48	2	1	1	1	5	4	1
R2INDX	PE121045	3	48	2	4	1	1	5	4	1
R2INDX	PE121046	1	48	3	1	1	2	5	3	1
R2INDX	PE121047	1	48	3	4	1	2	5	5	0
R2INDX	PE121048	1	36	3	4	1	2	5	5	0
R2INDX	PE121049	1	36	3	1	1	2	5	5	1
R2INDX	PE121050	1	48	3	4	1	2	5	4	1
R2INDX	PE121051	1	36	3	4	1	3	5	4	1
R2INDX	PE121051	2	60	2	1	1	2	6	4	1
R2INDX	PE121052	1	48	2	4	1	3	5	5	1
R2INDX	PE121053	1	36	3	4	1	2	5	4	0
R2INDX	PE121054	1	60	2	4	1	2	5	4	0
R2INDX	PE121055	1	36	3	4	1	2	5	3	1
R2INDX	PE121056	1	36	3	4	1	2	4	4	1
R2INDX	PE121057	1	48	3	1	1	2	5	4	1
R2INDX	PE121058	1	36	3	1	1	2	5	3	0
R2INDX	PE121060	1	36	1	1	1	2	5	4	1
R2INDX	PE121061	1	45	3	1	1	2	5	5	0
R2INDX	PE121062	1	43	3	4	1	2	5	4	1
R2INDX	PE121063	1	48	2	4	1	2	6	8	1
R2INDX	PE121064	1	42	3	4	1	2	5	4	1
R2INDX	PE121065	1	36	1	4	1	2	5	5	1
R2INDX	PE121066	1	48	3	4	1	3	5	4	0
R2INDX	PE121067	1	48	1	4	1	2	4	5	0
R2INDX	PE121068	1	60	3	1	1	2	5	5	1
R2INDX	PE121069	1	48	2	4	1	3	5	3	1
R2INDX	PE121070	1	36	3	4	1	2	5	4	0
R2INDX	PE121071	1	36	3	1	1	2	5	4	1
R2INDX	PE121072	1	36	3	1	1	2	5	4	1
R2INDX	PE121073	1	59	1	2	1	2	5	7	1
R2INDX	PE121074	1	30	3	4	1	3	5	4	1
R2INDX	PE121075	1	36	3	1	1	2	6	4	1
R2INDX	PE121076	1	48	3	4	1	2	5	5	0
R2INDX	PE121077	1	48	3	2	1	2	6	9	0
R2INDX	PE121078	1	48	2	1	1	2	5	5	1
R2INDX	PE121079	1	36	3	4	1	2	5	5	1
R2INDX	PE121080	1	42	2	4	1	2	5	5	1
R2INDX	PE121081	1	42	3	4	1	2	5	5	1
R2INDX	PE121082	1	42	3	1	1	2	5	4	1
R2INDX	PE121083	1	48	2	4	1	2	5	5	0
R2INDX	PE121084	1	36	3	1	1	2	5	5	1
R2INDX	PE121085	1	36	3	1	1	2	5	5	1
R2INDX	PE121086	1	36	3	1	1	1	5	4	1
R2INDX	PE121087	1	36	3	4	1	4	5	4	1
R2INDX	PE121088	1	48	1	1	1	2	5	4	1
R2INDX	PE121089	1	38	3	4	1	4	5	4	1
R2INDX	PE121090	1	36	3	4	1	4	5	3	1
R2INDX	PE121091	1	36	3	4	1	2	5	5	1
R2INDX	PE121092	1	48	3	4	1	3	5	4	0
R2INDX	PE121093	1	36	3	4	1	2	5	5	1
R2INDX	PE121094	1	48	3	4	1	2	5	4	1
R2INDX	PE121096	1	62	1	1	1	1	5	5	1
R2INDX	PE121097	1	36	2	4	1	2	5	5	1
R2INDX	PE121098	1	48	3	4	1	3	5	4	1
R2INDX	PE121099	1	36	3	4	1	3	5	3	1
R2INDX	PE121101	1	48	2	1	1	2	5	4	1
R2INDX	PE131001	1	37	3	4	1	2	5	4	0
R2INDX	PE131003	1	36	2	4	0	2	5	4	0
R2INDX	PE131003	2	47	2	1	1	2	5	5	1
R2INDX	PE131004	1	28	2	1	1	3	5	4	0
R2INDX	PE131004	2	38	2	1	1	3	5	4	0
R2INDX	PE131005	1	58	3	4	1	2	5	4	1
R2INDX	PE131007	1	42	3	1	1	3	5	4	1
R2INDX	PE131008	1	51	3	4	1	2	5	5	0
R2INDX	PE131009	1	48	3	7	1	3	5	8	1
R2INDX	PE131010	1	42	3	4	1	3	5	3	0
R2INDX	PE131011	1	59	2	4	0	2	5	4	1
R2INDX	PE131012	1	36	3	4	1	3	5	5	1
R2INDX	PE131013	1	48	3	1	1	2	5	5	1
R2INDX	PE131014	1	42	3	1	1	2	5	4	1
R2INDX	PE131015	1	36	3	1	1	1	5	4	0
R2INDX	PE131016	1	41	3	1	1	1	5	4	0
R2INDX	PE131017	1	36	3	1	1	2	5	5	0
R2INDX	PE131018	1	44	2	4	1	2	5	4	0
R2INDX	PE131019	1	36	2	4	1	3	4	3	1
R2INDX	PE131019	2	48	3	4	1	3	5	5	1
R2INDX	PE131020	1	48	2	4	1	2	5	4	1
R2INDX	PE131021	1	48	2	1	1	2	5	4	1
R2INDX	PE131022	1	36	3	1	1	1	5	6	1
R2INDX	PE131023	1	50	3	1	1	3	5	4	0
R2INDX	PE131024	1	60	2	4	1	2	4	5	0
R2INDX	PE131025	1	39	2	1	1	2	5	4	1
R2INDX	PE131025	2	51	2	1	1	2	5	4	1
R2INDX	PE131026	1	55	3	4	1	2	5	4	0
R2INDX	PE131028	1	48	1	4	0	1	4	3	1
R2INDX	PE131029	1	52	2	1	1	2	5	5	1
R2INDX	PE131030	1	48	2	4	1	1	5	5	0
R2INDX	PE131031	1	32	3	1	1	3	5	5	1
R2INDX	PE131032	1	48	3	4	1	1	5	4	1
R2INDX	PE131034	1	42	2	1	1	2	5	5	1
R2INDX	PE131035	1	54	2	1	1	3	5	4	1
R2INDX	PE131037	1	36	1	1	1	1	5	5	1
R2INDX	PE131038	1	48	2	1	1	2	5	4	1
R2INDX	PE131039	1	48	3	1	1	1	5	5	1
R2INDX	PE131040	1	42	3	4	1	3	5	4	0
R2INDX	PE131041	1	55	3	4	1	3	5	4	1
R2INDX	PE131042	1	48	3	4	1	2	5	4	1
R2INDX	PE131043	1	48	3	1	1	2	5	5	1
R2INDX	PE131044	1	36	2	1	1	2	5	3	1
R2INDX	PE131044	2	48	1	1	1	2	5	3	1
R2INDX	PE131045	1	33	3	1	1	2	5	5	0
R2INDX	PE131046	1	36	2	4	1	2	5	4	1
R2INDX	PE131047	1	48	3	1	1	2	5	5	1
R2INDX	PE131048	1	46	3	1	1	3	5	5	0
R2INDX	PE131049	1	48	2	4	1	2	5	4	0
R2INDX	PE131050	1	40	3	1	1	2	5	4	1
R2INDX	PE131051	1	45	3	1	1	2	5	4	1
R2INDX	PE131052	1	60	1	4	1	2	5	5	0
R2INDX	PE131054	1	48	2	1	1	2	5	5	1
R2INDX	PE131055	1	40	3	1	1	1	5	3	0
R2INDX	PE131056	1	35	3	4	1	2	5	4	0
R2INDX	PE131058	1	36	3	4	1	3	5	4	1
R2INDX	PE131060	1	58	2	2	0	2	5	6	1
R2INDX	PE131062	1	56	2	1	1	2	5	5	1
R2INDX	PE131063	1	52	3	1	1	3	5	5	1
R2INDX	PE131064	1	36	3	1	1	2	5	4	1
R2INDX	PE131065	1	36	3	4	1	3	5	3	1
R2INDX	PE131066	1	47	3	4	1	3	5	5	1
R2INDX	PE131067	1	46	2	1	1	2	5	5	1
R2INDX	PE131068	1	48	3	1	1	2	5	4	1
R2INDX	PE131070	1	36	3	1	1	2	5	5	1
R2INDX	PE131071	1	50	3	4	1	2	5	4	1
R2INDX	PE131072	1	36	3	1	1	2	5	4	1
R2INDX	PE131073	1	35	2	1	1	2	5	4	1
R2INDX	PE131074	1	36	3	4	1	2	5	4	1
R2INDX	PE131075	1	36	3	4	1	2	5	4	1
R2INDX	PE131076	1	48	3	4	1	2	5	4	1
R2INDX	PE131078	1	36	3	4	1	2	5	5	1
R2INDX	PE131079	1	36	3	1	1	2	5	5	0
R2INDX	PE131080	1	48	3	1	0	2	5	5	1
R2INDX	PE131081	1	60	2	4	1	2	5	4	1
R2INDX	PE131082	1	36	3	4	1	3	5	5	1
R2INDX	PE131084	1	60	2	1	1	2	5	4	1
R2INDX	PE131085	1	48	3	4	1	2	5	4	1
R2INDX	PE131086	1	40	1	4	1	2	5	4	1
R2INDX	PE131086	2	65	1	7	1	1	5	5	0
R2INDX	PE131087	1	50	3	1	1	1	5	5	1
R2INDX	PE131089	1	48	3	4	1	2	5	4	0
R2INDX	PE131090	1	36	3	4	1	3	5	4	0
R2INDX	PE131091	1	48	3	1	1	2	5	4	1
R2INDX	PE131092	1	42	3	1	1	2	5	4	1
R2INDX	PE131094	1	38	2	4	1	2	5	4	1
R2INDX	PE131094	2	62	2	4	1	2	5	5	1
R2INDX	PE131095	1	50	2	4	1	2	5	4	0
R2INDX	PE131096	1	34	3	4	1	3	5	4	0
R2INDX	PE131096	2	58	2	1	1	2	5	4	0
R2INDX	PE131097	1	36	2	4	1	2	5	4	1
R2INDX	PE131097	2	48	2	1	1	2	5	5	1
R2INDX	PE131098	1	48	3	4	1	2	5	4	1
R2INDX	PE131099	1	52	3	4	1	2	5	4	0
R2INDX	PE131101	1	48	1	4	1	3	5	4	1
R2INDX	PE131102	1	48	3	4	1	2	5	4	1
R2INDX	PE141001	1	36	3	4	0	2	5	5	1
R2INDX	PE141002	1	48	3	4	0	3	5	5	1
R2INDX	PE141003	1	40	3	4	1	2	5	4	1
R2INDX	PE141005	1	36	3	4	1	2	5	4	1
R2INDX	PE141007	1	36	2	4	1	2	5	5	1
R2INDX	PE141007	2	48	2	4	1	4	5	5	1
R2INDX	PE141007	3	60	1	1	1	1	5	5	1
R2INDX	PE141008	1	36	3	4	1	2	5	4	1
R2INDX	PE141009	1	36	3	4	1	3	5	4	1
R2INDX	PE141010	1	55	3	1	1	2	5	5	1
R2INDX	PE141011	1	36	3	4	1	2	5	4	1
R2INDX	PE141012	1	37	2	1	1	2	5	5	1
R2INDX	PE141012	2	44	2	1	1	2	5	5	1
R2INDX	PE141012	3	57	2	1	1	2	5	5	1
R2INDX	PE141013	1	36	3	4	0	2	5	5	1
R2INDX	PE141015	1	38	3	1	1	2	5	7	1
R2INDX	PE141016	1	36	1	4	1	2	5	5	0
R2INDX	PE141017	1	45	3	4	1	2	5	5	1
R2INDX	PE141018	1	43	3	4	1	2	5	5	1
R2INDX	PE141019	1	60	2	4	1	2	5	5	1
R2INDX	PE141020	1	55	2	4	1	2	5	5	1
R2INDX	PE141021	1	36	3	4	1	3	5	4	1
R2INDX	PE141022	1	48	1	1	1	2	5	5	1
R2INDX	PE141023	1	41	3	1	1	2	5	4	0
R2INDX	PE141024	1	57	3	4	1	2	5	4	1
R2INDX	PE141025	1	36	3	4	0	2	5	5	1
R2INDX	PE141026	1	42	3	4	1	3	5	4	1
R2INDX	PE141027	1	36	2	4	1	2	5	4	0
R2INDX	PE141027	2	48	2	4	1	2	5	4	1
R2INDX	PE141028	1	44	3	1	1	2	5	6	1
R2INDX	PE141029	1	48	3	4	0	2	5	5	1
R2INDX	PE141030	1	48	3	4	1	1	5	4	0
R2INDX	PE141031	1	48	3	1	1	2	5	5	1
R2INDX	PE141032	1	36	3	4	1	3	5	4	0
R2INDX	PE141033	1	38	2	4	1	3	5	4	1
R2INDX	PE141033	2	50	2	1	1	2	5	4	1
R2INDX	PE141034	1	36	3	1	1	2	5	4	1
R2INDX	PE141035	1	48	3	4	1	2	5	4	0
R2INDX	PE141036	1	48	3	1	1	3	5	4	1
R2INDX	PE141037	1	36	3	1	1	2	5	4	1
R2INDX	PE141038	1	54	2	1	1	2	5	5	1
R2INDX	PE141039	1	36	3	1	1	2	4	5	0
R2INDX	PE141040	1	52	3	4	1	1	5	4	1
R2INDX	PE141041	1	36	3	4	1	3	5	4	1
R2INDX	PE141042	1	56	3	1	1	2	5	5	1
R2INDX	PE141044	1	48	3	4	1	1	5	4	0
R2INDX	PE141046	1	48	3	4	1	2	5	5	1
R2INDX	PE141047	1	48	3	1	1	2	5	5	1
R2INDX	PE141048	1	36	3	4	1	3	5	5	0
R2INDX	PE141049	1	36	3	7	1	2	5	6	1
R2INDX	PE141050	1	30	3	1	1	1	5	4	1
R2INDX	PE141051	1	52	3	4	1	2	5	4	1
R2INDX	PE141052	1	24	3	1	1	2	2	4	1
R2INDX	PE141053	1	52	3	1	1	2	5	7	1
R2INDX	PE141054	1	48	3	4	1	3	5	3	1
R2INDX	PE141055	1	46	3	4	1	2	5	4	1
R2INDX	PE141056	1	36	3	4	1	2	5	4	1
R2INDX	PE141057	1	38	3	4	1	2	5	5	1
R2INDX	PE141058	1	36	3	1	1	2	5	5	1
R2INDX	PE141059	1	32	3	1	1	2	5	4	1
R2INDX	PE141060	1	36	3	4	1	2	5	5	1
R2INDX	PE141061	1	38	3	4	1	2	5	4	1
R2INDX	PE141063	1	36	2	1	1	1	5	5	1
R2INDX	PE141063	2	48	3	1	1	1	5	6	1
R2INDX	PE141064	1	36	3	4	1	4	5	5	0
R2INDX	PE141064	2	60	1	1	1	2	5	5	1
R2INDX	PE141065	1	48	1	4	1	2	5	5	1
R2INDX	PE141066	1	35	2	4	1	3	5	5	1
R2INDX	PE141067	1	45	3	4	1	2	5	5	1
R2INDX	PE141068	1	48	3	4	1	3	5	5	1
R2INDX	PE141069	1	60	1	4	1	1	5	5	1
R2INDX	PE141070	1	41	3	4	1	2	5	4	1
R2INDX	PE141071	1	36	3	4	1	2	5	5	1
R2INDX	PE141072	1	45	3	1	1	2	5	4	1
R2INDX	PE141073	1	36	3	1	1	2	5	4	1
R2INDX	PE141074	1	42	3	1	1	2	5	4	1
R2INDX	PE141075	1	43	3	4	1	2	5	4	1
R2INDX	PE141076	1	48	3	4	1	2	5	4	1
R2INDX	PE141077	1	48	3	4	1	2	5	5	1
R2INDX	PE141078	1	36	3	4	1	2	5	4	1
R2INDX	PE141079	1	36	3	1	1	2	5	5	1
R2INDX	PE141080	1	36	3	1	1	1	5	5	0
R2INDX	PE141081	1	36	2	4	1	2	5	4	1
R2INDX	PE141081	2	48	3	4	1	3	5	4	1
R2INDX	PE141082	1	54	3	1	1	1	5	4	0
R2INDX	PE141083	1	48	3	1	1	2	5	5	1
R2INDX	PE141084	1	42	2	4	1	2	5	4	1
R2INDX	PE141084	2	53	2	4	1	2	4	3	1
R2INDX	PE141085	1	48	1	1	1	2	5	4	0
R2INDX	PE141085	2	60	1	1	1	2	5	5	0
R2INDX	PE141086	1	42	3	4	1	2	5	5	1
R2INDX	PE141087	1	36	3	1	1	2	5	7	1
R2INDX	PE141088	1	36	3	4	1	3	5	5	1
R2INDX	PE141089	1	38	3	4	1	2	5	5	1
R2INDX	PE141090	1	36	2	4	1	4	5	4	1
R2INDX	PE141090	2	48	3	4	1	2	5	4	1
R2INDX	PE141091	1	48	3	4	1	2	5	5	1
R2INDX	PE141092	1	38	2	1	1	2	5	5	1
R2INDX	PE141092	2	50	3	1	1	2	5	5	1
R2INDX	PE141093	1	38	3	1	1	2	5	5	1
R2INDX	PE141094	1	49	3	4	1	2	5	7	1
R2INDX	PE141095	1	36	3	1	1	2	5	5	1
R2INDX	PE141096	1	36	3	4	1	2	5	4	1
R2INDX	PE141097	1	36	3	1	1	2	5	5	1
R2INDX	PE141098	1	48	1	4	0	2	5	4	0
R2INDX	PE141099	1	38	2	4	0	2	5	4	1
R2INDX	PE141099	2	50	2	1	1	1	5	5	1
R2INDX	PE141100	1	36	3	1	1	2	5	5	1
R2INDX	PE141101	1	48	2	1	1	3	5	6	0
R2INDX	PE141102	1	36	3	4	1	2	5	4	1
R2INDX	PE141103	1	36	3	1	1	2	5	5	1
R2INDX	PE151001	1	57	2	4	1	3	5	8	1
R2INDX	PE151002	1	46	2	4	1	2	5	4	1
R2INDX	PE151003	1	60	2	4	1	3	5	5	1
R2INDX	PE151004	1	48	1	4	0	2	5	4	1
R2INDX	PE151006	1	48	1	4	1	2	5	3	1
R2INDX	PE151007	1	43	1	4	1	3	3	4	1
R2INDX	PE151009	1	36	3	1	1	3	5	5	1
R2INDX	PE151010	1	60	1	4	1	3	5	5	1
R2INDX	PE151011	1	54	1	4	1	2	5	4	1
R2INDX	PE151012	1	48	3	4	1	2	5	4	1
R2INDX	PE151013	1	36	2	1	1	1	5	5	1
R2INDX	PE151013	2	48	3	4	1	2	5	5	1
R2INDX	PE151016	1	33	3	4	0	3	5	5	1
R2INDX	PE151021	1	54	2	1	1	2	5	6	1
R2INDX	PE151022	1	48	2	4	0	2	5	4	1
R2INDX	PE151023	1	48	2	4	1	2	5	4	1
R2INDX	PE151024	1	36	3	4	1	3	5	5	1
R2INDX	PE151025	1	36	2	4	1	2	5	4	1
R2INDX	PE151025	2	48	2	4	1	2	4	0	1
R2INDX	PE151026	1	52	2	4	1	3	5	3	1
R2INDX	PE151027	1	36	2	4	1	3	5	4	1
R2INDX	PE151029	1	36	3	4	0	2	5	4	1
R2INDX	PE151030	1	48	2	4	0	2	5	4	1
R2INDX	PE151031	1	24	3	4	1	2	5	4	1
R2INDX	PE151036	1	48	3	4	1	2	5	4	1
R2INDX	PE151037	1	48	1	4	1	2	5	4	1
R2INDX	PE151040	1	36	3	4	0	2	5	3	1
R2INDX	PE151044	1	48	2	4	1	2	5	4	0
R2INDX	PE151044	2	60	2	4	1	2	5	4	0
R2INDX	PE151050	1	36	1	4	0	2	5	4	1
R2INDX	PE151051	1	49	2	4	1	2	5	4	1
R2INDX	PE151052	1	36	2	4	1	3	5	4	0
R2INDX	PE151064	1	58	1	4	0	3	5	3	0
R2INDX	PE151066	1	51	3	4	1	2	5	4	1
R2INDX	PE151067	1	48	1	4	1	2	5	3	1
R2INDX	PE151068	1	51	1	1	1	2	5	5	1
R2INDX	PE151069	1	48	1	4	1	3	5	5	1
R2INDX	PE151073	1	48	2	4	1	2	5	5	1
R2INDX	PE151076	1	60	2	4	1	3	5	5	1
R2INDX	PE151078	1	48	2	4	1	2	5	4	1
R2INDX	PE151079	1	50	1	4	1	3	5	4	1
R2INDX	PE151080	1	49	2	4	1	2	5	5	1
R2INDX	PE151081	1	38	3	4	1	3	4	4	0
R2INDX	PE151082	1	57	1	4	1	3	5	4	1
R2INDX	PE151083	1	36	2	4	1	3	3	3	1
R2INDX	PE151084	1	53	2	4	1	2	5	5	1
R2INDX	PE151085	1	48	1	4	0	3	5	5	1
R2INDX	PE151086	1	48	2	4	1	2	5	4	1
R2INDX	PE151088	1	48	1	4	1	3	5	4	1
R2INDX	PE151089	1	48	1	4	1	2	5	3	1
R2INDX	PE151090	1	45	2	4	1	2	5	4	1
R2INDX	PE151091	1	48	1	4	1	3	5	4	1
R2INDX	PE151094	1	36	3	4	1	2	5	5	1
R2INDX	PE151097	1	44	1	4	1	2	5	4	1
R2INDX	PE151098	1	48	2	4	1	3	5	5	1
R2INDX	PE151100	1	60	2	4	1	2	5	4	0
R2INDX	PE151101	1	48	2	2	0	1	2	5	1
R2INDX	PE151102	1	36	1	4	1	3	5	4	1
R2INDX	PE151105	1	48	2	4	1	2	5	4	1
R2INDX	PE151112	1	37	3	4	1	2	5	4	1
R2INDX	PE161001	1	48	2	4	0	2	5	4	1
R2INDX	PE161002	1	42	3	4	1	3	5	3	1
R2INDX	PE161003	1	38	3	4	1	3	5	4	1
R2INDX	PE161004	1	48	2	4	0	2	5	5	1
R2INDX	PE161004	2	60	2	4	1	2	5	5	1
R2INDX	PE161005	1	51	1	4	0	4	2	2	1
R2INDX	PE161006	1	57	2	4	1	2	5	4	1
R2INDX	PE161007	1	42	3	4	1	2	5	4	1
R2INDX	PE161008	1	48	3	4	1	2	5	4	0
R2INDX	PE161009	1	60	2	3	1	2	5	3	1
R2INDX	PE161010	1	36	3	4	0	2	5	4	1
R2INDX	PE161011	1	48	3	4	1	2	5	4	1
R2INDX	PE161012	1	52	3	4	1	2	5	4	1
R2INDX	PE161013	1	24	3	4	0	2	5	4	1
R2INDX	PE161014	1	38	3	4	1	2	5	4	1
R2INDX	PE161015	1	36	3	4	1	2	5	4	1
R2INDX	PE161016	1	34	3	4	1	2	5	4	1
R2INDX	PE161017	1	54	2	4	1	2	5	3	1
R2INDX	PE161018	1	48	2	4	1	2	5	4	1
R2INDX	PE161020	1	54	1	4	1	3	5	4	1
R2INDX	PE161021	1	36	3	4	0	2	5	4	1
R2INDX	PE161023	1	48	1	4	1	3	5	3	1
R2INDX	PE161024	1	48	2	4	0	3	5	4	1
R2INDX	PE161025	1	43	3	4	1	2	5	3	1
R2INDX	PE161026	1	53	3	4	1	2	5	4	1
R2INDX	PE161027	1	36	2	4	0	2	5	4	1
R2INDX	PE161028	1	53	1	4	1	2	5	3	1
R2INDX	PE161029	1	43	3	4	1	2	5	2	1
R2INDX	PE161030	1	48	2	4	1	2	5	5	1
R2INDX	PE161031	1	42	1	4	0	2	5	8	1
R2INDX	PE161031	2	49	2	4	1	2	5	3	1
R2INDX	PE161032	1	48	2	4	1	2	5	3	1
R2INDX	PE161033	1	36	2	4	1	2	5	3	1
R2INDX	PE161033	2	48	2	4	1	2	5	3	1
R2INDX	PE161034	1	36	3	4	1	3	5	4	1
R2INDX	PE161035	1	48	3	4	1	3	5	4	1
R2INDX	PE161036	1	30	3	4	1	4	5	4	1
R2INDX	PE161040	1	41	1	4	0	2	5	8	1
R2INDX	PE161040	2	48	2	4	1	3	5	4	1
R2INDX	PE161041	1	44	1	4	0	4	5	8	1
R2INDX	PE161041	2	53	2	4	1	3	5	5	1
R2INDX	PE161042	1	48	1	3	0	2	5	6	1
R2INDX	PE161043	1	36	2	4	1	3	5	4	1
R2INDX	PE161043	2	53	2	4	1	3	5	4	1
R2INDX	PE161048	1	36	2	4	1	3	5	4	1
R2INDX	PE161048	2	48	2	4	1	2	5	4	1
R2INDX	PE161049	1	49	3	4	1	3	5	6	1
R2INDX	PE161050	1	36	3	4	1	3	5	5	1
R2INDX	PE161051	1	46	2	4	0	2	5	3	1
R2INDX	PE161052	1	45	3	4	1	3	5	4	1
R2INDX	PE161054	1	54	1	4	1	3	5	4	1
R2INDX	PE161055	1	48	2	4	1	2	5	4	1
R2INDX	PE161056	1	44	3	4	1	2	5	4	1
R2INDX	PE161058	1	36	3	4	1	3	5	4	1
R2INDX	PE161059	1	36	1	4	1	4	3	4	1
R2INDX	PE161059	2	48	1	4	1	3	5	5	1
R2INDX	PE161060	1	48	2	4	1	3	5	4	1
R2INDX	PE161061	1	50	1	4	1	2	5	4	1
R2INDX	PE161062	1	36	3	4	1	2	5	3	1
R2INDX	PE161063	1	48	3	4	1	3	5	3	1
R2INDX	PE161064	1	51	1	4	1	2	5	4	1
R2INDX	PE161066	1	60	2	4	1	2	5	5	1
R2INDX	PE161067	1	48	2	4	1	2	5	3	1
R2INDX	PE161068	1	36	1	4	0	2	5	4	1
R2INDX	PE161068	2	48	2	4	1	3	5	4	1
R2INDX	PE161068	3	60	2	4	1	2	5	4	1
R2INDX	PE161071	1	36	3	4	1	2	5	3	1
R2INDX	PE161072	1	36	3	4	1	3	5	3	1
R2INDX	PE161073	1	60	2	4	1	2	5	4	1
R2INDX	PE161074	1	36	3	4	1	2	5	4	1
R2INDX	PE161075	1	43	3	4	1	2	5	3	1
R2INDX	PE161076	1	36	3	4	1	2	5	3	1
R2INDX	PE161077	1	47	2	4	1	2	5	3	1
R2INDX	PE161079	1	60	2	4	1	2	5	5	1
R2INDX	PE161082	1	60	2	4	1	2	5	3	1
R2INDX	PE161085	1	49	2	4	1	2	5	4	1
R2INDX	PE161088	1	56	2	4	1	3	5	4	1
R2INDX	PE161089	1	54	2	4	1	2	5	5	1
R2INDX	PE161090	1	60	2	4	0	2	5	4	1
R2INDX	PE161094	1	49	2	4	1	2	5	3	1
R2INDX	PE161095	1	48	2	4	1	2	5	3	1
R2INDX	PE161097	1	48	1	4	1	2	5	3	1
R2INDX	PE161102	1	37	3	4	0	2	5	4	1
R2INDX	PE161107	1	36	3	4	1	2	5	4	1
R2INDX	PE161108	1	36	3	4	1	2	5	3	1
R2INDX	PE161108	2	48	3	4	1	2	5	3	1
R2INDX	PE171001	1	37	3	4	0	3	5	4	1
R2INDX	PE171003	1	42	3	4	1	2	5	4	1
R2INDX	PE171004	1	36	2	4	0	2	5	4	1
R2INDX	PE171008	1	36	3	4	1	2	5	4	1
R2INDX	PE171010	1	40	3	4	0	3	5	4	1
R2INDX	PE171013	1	36	3	4	1	2	5	5	1
R2INDX	PE171014	1	48	2	4	0	3	5	3	1
R2INDX	PE171016	1	39	3	4	1	2	5	5	1
R2INDX	PE171017	1	42	3	4	1	2	5	4	1
R2INDX	PE171018	1	58	1	4	1	2	5	4	1
R2INDX	PE171020	1	41	3	4	1	2	5	4	1
R2INDX	PE171022	1	36	3	4	1	2	5	4	1
R2INDX	PE171023	1	34	3	4	1	2	5	4	1
R2INDX	PE171025	1	36	2	4	0	2	5	5	1
R2INDX	PE171026	1	36	3	4	1	2	5	5	1
R2INDX	PE171027	1	36	3	4	0	3	3	4	1
R2INDX	PE171028	1	36	3	4	1	2	5	4	1
R2INDX	PE171030	1	55	2	4	1	2	5	3	1
R2INDX	PE171031	1	58	2	4	1	2	5	4	1
R2INDX	PE171032	1	48	3	4	1	3	5	3	1
R2INDX	PE171033	1	36	3	4	1	3	5	4	1
R2INDX	PE171034	1	36	1	4	1	2	5	4	1
R2INDX	PE171035	1	36	3	4	0	3	5	4	1
R2INDX	PE171036	1	48	1	4	0	3	5	3	1
R2INDX	PE171037	1	42	3	1	1	2	5	5	1
R2INDX	PE171040	1	48	2	4	1	2	5	5	1
R2INDX	PE171041	1	39	3	4	1	3	5	3	1
R2INDX	PE171042	1	36	3	4	0	3	5	3	1
R2INDX	PE171043	1	36	3	4	0	3	5	5	1
R2INDX	PE171044	1	36	3	4	0	2	5	4	1
R2INDX	PE171045	1	40	3	4	1	2	5	5	1
R2INDX	PE171046	1	36	3	4	1	2	5	4	1
R2INDX	PE171047	1	41	3	4	1	2	5	4	1
R2INDX	PE171049	1	33	3	4	1	3	5	4	1
R2INDX	PE171050	1	36	3	4	0	2	5	4	1
R2INDX	PE171051	1	42	3	4	1	3	5	3	1
R2INDX	PE171051	2	60	1	4	1	3	5	4	1
R2INDX	PE171052	1	24	3	4	0	3	5	4	1
R2INDX	PE171053	1	36	3	4	0	2	5	5	1
R2INDX	PE171054	1	36	3	4	1	2	5	4	1
R2INDX	PE171055	1	36	3	4	0	2	5	4	1
R2INDX	PE171057	1	48	2	1	1	2	5	5	1
R2INDX	PE171057	2	60	1	4	1	2	5	5	1
R2INDX	PE171058	1	36	2	4	0	2	5	5	1
R2INDX	PE171059	1	45	2	4	1	3	5	4	1
R2INDX	PE171060	1	36	3	4	0	2	5	4	1
R2INDX	PE171061	1	36	3	4	0	2	5	6	1
R2INDX	PE171062	1	36	3	4	1	3	5	4	1
R2INDX	PE171063	1	48	2	4	1	3	5	4	0
R2INDX	PE171064	1	40	2	4	1	3	5	5	1
R2INDX	PE171065	1	36	3	4	0	2	5	6	1
R2INDX	PE171066	1	36	3	4	0	1	5	3	1
R2INDX	PE171067	1	36	3	4	1	2	5	4	1
R2INDX	PE171068	1	36	3	4	1	2	5	5	1
R2INDX	PE171069	1	54	2	4	1	2	5	5	1
R2INDX	PE171070	1	48	2	4	1	2	5	5	1
R2INDX	PE171071	1	36	3	4	1	2	5	5	1
R2INDX	PE171072	1	36	2	4	1	2	5	5	1
R2INDX	PE171073	1	42	3	4	1	4	5	4	1
R2INDX	PE171074	1	44	3	4	1	2	5	4	1
R2INDX	PE171075	1	36	2	4	1	3	5	4	1
R2INDX	PE171076	1	36	3	4	1	2	5	5	1
R2INDX	PE171077	1	36	3	4	1	2	5	4	1
R2INDX	PE171078	1	48	3	4	0	2	5	4	1
R2INDX	PE171079	1	48	2	4	1	3	5	3	1
R2INDX	PE171081	1	36	3	4	1	2	5	5	1
R2INDX	PE171082	1	54	2	4	0	2	5	4	1
R2INDX	PE171083	1	36	2	4	0	3	5	3	1
R2INDX	PE171084	1	36	3	4	1	2	5	3	1
R2INDX	PE171085	1	36	3	4	1	2	5	5	1
R2INDX	PE171086	1	45	3	4	1	2	5	4	1
R2INDX	PE171087	1	36	3	4	0	3	5	4	1
R2INDX	PE171088	1	36	2	4	0	2	3	4	1
R2INDX	PE171089	1	36	3	4	0	2	5	4	1
R2INDX	PE171090	1	48	1	4	1	2	5	3	1
R2INDX	PE171091	1	44	3	4	1	2	5	5	1
R2INDX	PE171092	1	36	1	4	0	2	5	4	1
R2INDX	PE171093	1	48	2	4	1	2	5	3	1
R2INDX	PE171094	1	43	3	4	1	3	5	4	1
R2INDX	PE171095	1	58	3	4	1	2	5	4	1
R2INDX	PE171096	1	36	3	4	1	2	5	5	1
R2INDX	PE171098	1	36	2	4	1	2	5	5	1
R2INDX	PE171099	1	48	2	4	0	2	5	5	1
R2INDX	PE171100	1	36	3	4	0	2	5	5	1
R2INDX	PE171101	1	36	3	4	0	3	5	5	1
R2INDX	PE171102	1	24	3	4	0	3	5	5	1
R2INDX	PE171103	1	36	2	4	0	2	5	4	1
R2INDX	PE171104	1	36	3	4	1	1	5	4	1
R2INDX	PE171105	1	36	3	4	0	2	5	4	1
R2INDX	PE171106	1	36	3	4	1	3	5	4	1
R2INDX	PE181001	1	38	2	4	1	2	5	4	1
R2INDX	PE181002	1	36	3	4	0	2	5	4	1
R2INDX	PE181003	1	48	2	4	1	2	5	4	1
R2INDX	PE181004	1	50	2	4	1	2	5	5	1
R2INDX	PE181005	1	56	2	4	1	2	5	4	1
R2INDX	PE181006	1	48	3	4	1	2	5	4	1
R2INDX	PE181007	1	47	3	4	1	2	5	3	1
R2INDX	PE181008	1	49	3	4	1	2	5	5	1
R2INDX	PE181009	1	48	2	4	1	2	5	5	1
R2INDX	PE181010	1	55	3	4	1	1	5	3	1
R2INDX	PE181011	1	36	2	4	0	2	5	9	1
R2INDX	PE181011	2	48	2	4	1	2	5	4	1
R2INDX	PE181012	1	48	2	4	1	2	5	5	1
R2INDX	PE181013	1	35	2	4	1	2	5	3	1
R2INDX	PE181014	1	48	3	4	1	3	4	5	1
R2INDX	PE181015	1	60	2	4	1	2	5	5	1
R2INDX	PE181016	1	36	2	4	0	3	5	9	1
R2INDX	PE181016	2	60	2	4	1	2	5	6	1
R2INDX	PE181017	1	36	3	4	1	1	5	4	1
R2INDX	PE181018	1	55	2	4	0	3	4	5	1
R2INDX	PE181019	1	48	2	4	1	2	5	5	1
R2INDX	PE181020	1	54	2	4	0	2	4	4	1
R2INDX	PE181021	1	48	2	4	1	4	5	5	1
R2INDX	PE181022	1	36	2	4	0	2	5	8	1
R2INDX	PE181023	1	60	2	4	1	2	5	5	1
R2INDX	PE181024	1	52	2	4	1	2	5	5	1
R2INDX	PE181025	1	38	3	4	1	4	5	3	1
R2INDX	PE181025	2	58	2	4	1	2	5	5	1
R2INDX	PE181026	1	37	3	4	0	2	5	5	1
R2INDX	PE181027	1	36	3	4	1	2	5	4	1
R2INDX	PE181029	1	37	2	4	0	2	5	8	1
R2INDX	PE181030	1	60	2	4	1	2	5	4	1
R2INDX	PE181031	1	48	3	4	1	2	5	4	1
R2INDX	PE181032	1	36	2	4	0	2	5	10	1
R2INDX	PE181033	1	48	3	4	1	3	5	4	1
R2INDX	PE181034	1	48	1	4	1	4	5	5	1
R2INDX	PE181035	1	51	2	4	1	2	5	4	1
R2INDX	PE181036	1	48	3	4	1	3	5	4	1
R2INDX	PE181037	1	44	2	4	0	2	5	5	1
R2INDX	PE181038	1	48	3	4	1	2	5	5	1
R2INDX	PE181039	1	48	2	4	1	3	5	5	1
R2INDX	PE181040	1	36	2	4	1	2	5	5	1
R2INDX	PE181040	2	48	2	4	1	2	5	5	1
R2INDX	PE181041	1	48	2	4	1	2	5	4	1
R2INDX	PE181043	1	42	2	4	1	2	5	3	1
R2INDX	PE181044	1	50	2	4	0	2	5	3	1
R2INDX	PE181045	1	99	2	4	1	2	5	3	1
R2INDX	PE181046	1	47	2	4	0	2	4	5	1
R2INDX	PE181047	1	48	2	4	0	4	5	4	1
R2INDX	PE181048	1	57	2	4	0	2	4	5	1
R2INDX	PE181049	1	36	1	4	1	2	5	3	1
R2INDX	PE181050	1	36	3	4	1	2	5	5	1
R2INDX	PE181051	1	48	2	4	1	2	5	5	1
R2INDX	PE181053	1	47	1	4	1	2	5	5	1
R2INDX	PE181054	1	48	2	4	1	2	5	3	1
R2INDX	PE181055	1	52	2	4	1	3	5	4	1
R2INDX	PE181056	1	36	3	4	1	2	5	4	1
R2INDX	PE181057	1	48	2	4	1	2	5	4	1
R2INDX	PE181058	1	48	2	4	1	2	5	5	1
R2INDX	PE181058	2	60	2	4	1	2	5	5	1
R2INDX	PE181059	1	36	3	4	1	2	4	5	1
R2INDX	PE181060	1	45	3	4	1	2	5	4	1
R2INDX	PE181061	1	36	2	4	0	2	5	5	1
R2INDX	PE181061	2	53	2	4	1	2	5	5	1
R2INDX	PE181062	1	36	3	4	0	2	5	4	1
R2INDX	PE181065	1	48	3	4	0	3	4	5	1
R2INDX	PE181066	1	37	3	4	0	2	4	4	1
R2INDX	PE181067	1	36	2	4	1	3	5	4	1
R2INDX	PE181067	2	54	3	4	1	2	5	5	1
R2INDX	PE181068	1	42	2	4	0	2	4	4	1
R2INDX	PE181068	2	48	2	4	0	2	4	4	1
R2INDX	PE181069	1	55	1	4	0	3	5	4	1
R2INDX	PE181070	1	60	1	4	1	2	5	4	1
R2INDX	PE181071	1	57	2	4	1	3	5	4	1
R2INDX	PE181072	1	56	1	4	0	2	4	5	1
R2INDX	PE181073	1	48	1	4	0	2	5	3	1
R2INDX	PE181074	1	48	3	4	1	2	5	4	1
R2INDX	PE181075	1	36	3	4	0	2	5	5	1
R2INDX	PE181076	1	60	2	4	1	2	5	5	1
R2INDX	PE181077	1	60	2	4	1	2	5	5	1
R2INDX	PE181079	1	36	2	4	0	3	5	8	1
R2INDX	PE181079	2	48	3	4	1	2	5	5	1
R2INDX	PE181080	1	36	3	4	1	2	4	4	1
R2INDX	PE181081	1	38	3	3	1	2	5	3	1
R2INDX	PE181082	1	48	3	4	1	2	5	5	1
R2INDX	PE181083	1	60	2	4	1	2	5	5	1
R2INDX	PE181084	1	50	2	4	1	2	5	3	1
R2INDX	PE181086	1	48	2	4	0	2	5	3	1
R2INDX	PE181087	1	36	3	4	0	2	4	4	1
R2INDX	PE181088	1	37	2	4	0	2	5	8	1
R2INDX	PE181088	2	49	2	4	0	2	4	5	1
R2INDX	PE181089	1	38	3	4	0	3	5	5	1
R2INDX	PE181090	1	48	2	4	1	2	5	3	1
R2INDX	PE181091	1	38	2	4	0	3	5	8	1
R2INDX	PE181091	2	50	2	4	0	2	4	5	1
R2INDX	PE181092	1	48	2	4	1	2	5	5	1
R2INDX	PE181093	1	36	2	4	0	2	5	9	1
R2INDX	PE181093	2	48	3	4	1	2	5	5	1
R2INDX	PE181095	1	36	2	4	0	2	5	9	1
R2INDX	PE181095	2	48	3	4	1	2	5	5	1
R2INDX	PE181096	1	48	2	4	1	4	5	4	1
R2INDX	PE181097	1	48	3	4	1	2	5	4	1
R2INDX	PE181098	1	48	2	4	0	2	5	3	1
R2INDX	PE181099	1	42	2	4	0	2	5	8	1
R2INDX	PE181099	2	54	2	4	0	2	4	5	1
R2INDX	PE181100	1	48	2	4	1	2	5	4	1
R2INDX	PE181101	1	36	3	4	1	2	5	6	1
R2INDX	PE181102	1	39	2	4	0	3	5	8	1
R2INDX	PE181103	1	36	2	4	0	3	5	8	1
R2INDX	PE181103	2	56	2	4	1	2	5	5	1
R2INDX	PE181104	1	49	2	4	0	2	5	8	1
R2INDX	PE181104	2	61	2	4	1	2	5	4	1
R2INDX	PE181105	1	48	2	4	1	2	5	5	1
R2INDX	PE191001	1	48	3	4	1	2	5	4	0
R2INDX	PE191002	1	36	2	4	1	4	5	3	1
R2INDX	PE191002	2	48	2	4	1	2	5	5	1
R2INDX	PE191004	1	48	1	4	1	2	5	4	1
R2INDX	PE191005	1	54	2	4	1	2	5	4	1
R2INDX	PE191006	1	36	2	4	0	2	3	2	1
R2INDX	PE191006	2	48	2	4	1	2	5	4	1
R2INDX	PE191007	1	55	2	1	1	2	5	5	1
R2INDX	PE191008	1	36	3	4	1	3	5	6	1
R2INDX	PE191009	1	36	2	4	1	3	5	4	1
R2INDX	PE191009	2	48	2	1	1	2	5	5	1
R2INDX	PE191010	1	48	2	1	1	1	5	5	1
R2INDX	PE191011	1	36	3	1	1	3	5	5	1
R2INDX	PE191012	1	42	3	4	1	2	5	6	1
R2INDX	PE191013	1	36	3	4	1	2	5	4	1
R2INDX	PE191015	1	48	2	1	1	1	5	4	1
R2INDX	PE191016	1	48	2	4	1	2	5	4	1
R2INDX	PE191017	1	51	2	1	1	1	5	5	1
R2INDX	PE191018	1	45	1	4	1	2	3	4	1
R2INDX	PE191018	2	57	2	4	1	2	5	4	1
R2INDX	PE191019	1	36	3	4	0	2	5	4	1
R2INDX	PE191020	1	36	3	7	1	2	5	4	1
R2INDX	PE191021	1	36	2	4	1	2	5	5	1
R2INDX	PE191022	1	36	2	4	0	2	5	3	1
R2INDX	PE191022	2	46	2	4	0	2	5	4	1
R2INDX	PE191023	1	36	3	1	1	2	5	3	1
R2INDX	PE191024	1	36	1	4	1	3	5	3	1
R2INDX	PE191024	2	48	1	1	1	1	5	5	1
R2INDX	PE191025	1	36	3	4	0	3	5	4	1
R2INDX	PE191026	1	36	2	4	0	4	5	3	1
R2INDX	PE191026	2	48	2	4	1	2	5	4	1
R2INDX	PE191027	1	36	2	4	0	3	5	3	1
R2INDX	PE191027	2	48	2	4	1	3	5	4	1
R2INDX	PE191028	1	48	2	4	1	2	5	4	0
R2INDX	PE191029	1	36	3	4	1	2	5	4	1
R2INDX	PE191030	1	48	3	4	1	2	5	3	1
R2INDX	PE191031	1	45	2	1	1	2	5	4	1
R2INDX	PE191031	2	56	2	1	1	2	5	5	1
R2INDX	PE191032	1	36	3	1	1	2	5	4	1
R2INDX	PE191033	1	42	3	4	1	2	5	5	1
R2INDX	PE191034	1	36	3	4	1	2	5	5	1
R2INDX	PE191035	1	45	3	4	1	2	5	5	0
R2INDX	PE191036	1	36	3	4	1	2	5	3	1
R2INDX	PE191037	1	45	3	4	1	2	5	4	1
R2INDX	PE191038	1	48	2	4	1	2	5	5	1
R2INDX	PE191039	1	58	2	4	1	2	5	5	1
R2INDX	PE191041	1	32	3	4	1	3	5	5	1
R2INDX	PE191042	1	37	3	1	1	2	5	5	1
R2INDX	PE191043	1	36	3	4	0	2	5	3	1
R2INDX	PE191043	2	48	1	4	0	2	5	3	1
R2INDX	PE191044	1	50	2	4	1	2	5	5	1
R2INDX	PE191045	1	36	3	1	1	2	5	5	1
R2INDX	PE191047	1	36	3	4	1	2	5	4	1
R2INDX	PE191048	1	36	3	4	1	2	5	4	1
R2INDX	PE191051	1	48	2	4	1	2	5	4	1
R2INDX	PE191052	1	36	3	4	1	1	5	4	1
R2INDX	PE191053	1	48	2	4	0	3	5	4	1
R2INDX	PE191054	1	36	1	4	1	2	5	3	1
R2INDX	PE191055	1	36	3	4	1	2	5	5	1
R2INDX	PE191056	1	36	3	7	1	2	5	9	1
R2INDX	PE191057	1	48	2	4	1	2	5	4	1
R2INDX	PE191058	1	36	2	4	1	2	5	3	1
R2INDX	PE191058	2	48	3	1	1	2	5	4	1
R2INDX	PE191060	1	36	3	4	1	1	5	5	1
R2INDX	PE191061	1	36	3	4	1	3	5	4	1
R2INDX	PE191062	1	56	2	4	1	3	5	4	1
R2INDX	PE191063	1	41	3	4	1	2	5	4	1
R2INDX	PE191064	1	48	3	4	0	2	5	4	1
R2INDX	PE191065	1	36	3	4	0	2	5	4	1
R2INDX	PE191066	1	45	3	4	0	3	5	3	1
R2INDX	PE191067	1	36	2	4	1	4	5	5	1
R2INDX	PE191067	2	48	3	1	1	2	5	5	1
R2INDX	PE191068	1	51	2	4	1	3	5	5	1
R2INDX	PE191071	1	55	2	4	1	3	5	5	1
R2INDX	PE191072	1	44	1	4	0	2	5	3	1
R2INDX	PE191072	2	56	1	4	1	2	5	4	1
R2INDX	PE191073	1	36	3	4	1	1	5	4	1
R2INDX	PE191074	1	36	2	4	1	2	5	4	1
R2INDX	PE191075	1	48	2	4	1	3	5	4	1
R2INDX	PE191076	1	36	2	4	0	1	5	5	1
R2INDX	PE191077	1	37	3	4	0	2	5	5	1
R2INDX	PE191078	1	36	3	4	0	3	4	5	1
R2INDX	PE191079	1	48	2	4	1	3	5	4	1
R2INDX	PE191080	1	44	3	4	1	2	5	4	1
R2INDX	PE191081	1	31	3	4	1	2	5	5	1
R2INDX	PE191082	1	45	3	4	1	2	5	4	1
R2INDX	PE191083	1	49	2	4	1	2	5	4	1
R2INDX	PE191084	1	36	3	1	1	2	5	5	1
R2INDX	PE191085	1	36	3	4	1	2	5	4	1
R2INDX	PE191086	1	48	2	4	0	2	5	3	1
R2INDX	PE191087	1	40	3	4	1	2	5	4	1
R2INDX	PE191088	1	60	2	4	1	2	5	5	1
R2INDX	PE191089	1	36	3	4	1	3	5	4	1
R2INDX	PE191090	1	42	3	1	1	2	5	5	1
R2INDX	PE191091	1	48	2	4	1	3	5	4	1
R2INDX	PE191092	1	44	3	4	1	2	5	4	1
R2INDX	PE191093	1	41	3	4	1	2	5	4	0
R2INDX	PE191094	1	36	3	4	1	1	5	4	1
R2INDX	PE191095	1	48	2	4	0	2	5	5	1
R2INDX	PE191096	1	48	2	4	1	2	5	4	1
R2INDX	PE191098	1	43	3	4	1	1	5	3	0
R2INDX	PE191099	1	48	2	4	1	4	5	3	1
R2INDX	PE191100	1	48	3	1	1	2	5	4	0
R2INDX	PE191100	2	62	2	4	1	2	5	4	0
R2INDX	PE191101	1	39	1	1	1	2	5	4	1
R2INDX	PE191103	1	48	2	4	1	3	5	4	1
R2INDX	PE191104	1	36	3	1	1	2	5	7	1
R2INDX	PE201002	1	58	3	1	1	2	5	5	1
R2INDX	PE201003	1	48	1	4	0	3	5	4	1
R2INDX	PE201004	1	36	2	1	1	1	5	4	1
R2INDX	PE201004	2	48	2	1	1	1	5	4	1
R2INDX	PE201005	1	55	2	4	1	2	5	4	1
R2INDX	PE201007	1	36	1	4	1	2	5	4	1
R2INDX	PE201007	2	48	1	1	1	3	5	4	1
R2INDX	PE201011	1	48	2	4	1	3	5	4	1
R2INDX	PE201011	2	60	2	1	1	3	5	5	1
R2INDX	PE201012	1	44	3	4	1	2	5	5	1
R2INDX	PE201015	1	36	3	4	1	2	5	5	1
R2INDX	PE201016	1	36	3	4	1	2	5	5	1
R2INDX	PE201016	2	48	2	2	1	2	5	4	1
R2INDX	PE201018	1	48	3	4	0	3	3	4	1
R2INDX	PE201021	1	48	2	4	1	2	5	4	1
R2INDX	PE201022	1	48	3	4	0	2	5	5	1
R2INDX	PE201023	1	48	2	4	1	3	5	3	1
R2INDX	PE201024	1	48	3	1	1	3	5	5	0
R2INDX	PE201025	1	48	3	4	1	2	5	3	1
R2INDX	PE201027	1	36	2	4	1	3	5	4	0
R2INDX	PE201027	2	60	2	4	1	2	5	4	1
R2INDX	PE201028	1	48	1	1	1	2	5	4	1
R2INDX	PE201029	1	48	2	4	1	2	5	4	1
R2INDX	PE201030	1	48	1	4	0	2	5	7	1
R2INDX	PE201034	1	60	2	4	1	3	5	5	1
R2INDX	PE201035	1	61	1	1	1	2	5	5	1
R2INDX	PE201036	1	52	2	1	1	2	5	4	1
R2INDX	PE201038	1	60	2	1	1	2	5	5	1
R2INDX	PE201042	1	58	2	4	1	2	3	4	1
R2INDX	PE201044	1	60	2	4	1	3	5	4	1
R2INDX	PE201049	1	48	2	4	1	2	5	4	1
R2INDX	PE201051	1	48	3	4	1	4	5	4	1
R2INDX	PE201054	1	60	1	4	1	2	5	4	1
R2INDX	PE201057	1	48	3	4	1	2	5	5	1
R2INDX	PE201059	1	48	2	1	1	1	5	5	1
R2INDX	PE201060	1	48	2	4	1	2	5	3	1
R2INDX	PE201061	1	36	2	4	0	2	5	5	0
R2INDX	PE201061	2	48	2	4	1	2	5	5	1
R2INDX	PE201062	1	54	2	1	1	2	5	4	1
R2INDX	PE201065	1	59	2	4	1	3	5	5	1
R2INDX	PE201066	1	43	3	4	1	2	5	4	1
R2INDX	PE201067	1	48	3	4	1	3	5	5	1
R2INDX	PE201068	1	48	3	4	1	2	5	5	1
R2INDX	PE201069	1	55	2	4	1	2	5	4	1
R2INDX	PE201070	1	48	1	4	1	3	5	4	1
R2INDX	PE201072	1	48	3	4	1	3	5	5	1
R2INDX	PE201074	1	48	1	4	1	2	5	4	1
R2INDX	PE201075	1	48	3	1	1	3	5	3	1
R2INDX	PE201076	1	60	2	4	1	2	5	4	1
R2INDX	PE201077	1	58	2	4	1	2	5	6	1
R2INDX	PE201078	1	48	1	4	1	2	5	4	1
R2INDX	PE201079	1	38	2	4	0	2	5	6	1
R2INDX	PE201080	1	48	3	4	0	2	5	4	1
R2INDX	PE201081	1	36	2	4	0	2	5	3	1
R2INDX	PE201081	2	48	2	4	0	2	5	3	1
R2INDX	PE201083	1	42	3	4	1	3	5	3	1
R2INDX	PE201085	1	48	2	4	1	2	5	4	1
R2INDX	PE201086	1	36	3	4	1	3	5	4	1
R2INDX	PE201087	1	46	3	4	1	3	5	4	0
R2INDX	PE201088	1	56	2	4	1	2	5	4	1
R2INDX	PE201091	1	48	3	4	1	3	5	4	1
R2INDX	PE201092	1	60	2	4	1	3	5	3	1
R2INDX	PE201093	1	60	2	4	1	2	5	5	1
R2INDX	PE201097	1	48	2	4	1	2	5	6	1
R2INDX	PE201098	1	56	1	1	1	2	5	5	1
R2INDX	PE201099	1	46	2	4	0	2	5	5	1
R2INDX	PE201099	2	58	2	1	1	2	5	5	1
R2INDX	PE201100	1	59	2	4	1	2	5	5	1
