CHILDID	PASSID	NUMASTR3	ASSETR3	ASTACTR3	NUMOWNR3	VALASTR3
IN011001	1	25	3	26	1	1000
IN011002	1	3	25	26	3	1500
IN011003	1	1	25	26	1	1000
IN011005	1	2	25	26	2	1000
IN011006	1	5	15	12	5	1000
IN011007	1	2	25	26	1	1000
IN011008	1	3	25	26	1	1500
IN011009	1	2	8	11	1	100
IN011010	1	1	25	26	1	800
IN011010	2	1	25	26	11	20000
IN011011	1	1	2	12	1	3000
IN011011	2	10	15	12	10	5000
IN011012	1	2	25	26	1	1000
IN011015	1	1	25	24	1	20000
IN011016	1	1	25	23	1	800
IN011018	1	8	1	11	8	5000
IN011018	2	1	2	11	1	8000
IN011022	1	2	25	23	2	50000
IN011024	1	1	25	23	1	35000
IN011025	1	8	30	26	8	6000
IN011025	2	1	23	23	1	1000
IN011026	1	2	25	23	2	100000
IN011027	1	1	25	28	1	15000
IN011028	1	2	12	32	2	1000
IN011030	1	1	25	28	1	18000
IN011031	1	1	25	24	1	3000
IN011032	1	1	30	23	1	20000
IN011033	1	2	12	32	2	1000
IN011035	1	20	15	12	0	-88
IN011035	2	20	30	12	0	-88
IN011036	1	2	25	25	1	1000
IN011036	2	1	25	26	1	18000
IN011037	1	1	25	26	1	600
IN011038	1	1	25	26	1	300
IN011042	1	10	13	26	10	500
IN011043	1	1	7	11	1	300000
IN011043	2	3	5	11	3	150000
IN011043	3	1	24	23	1	30000
IN011044	1	2	25	26	2	800
IN011046	1	1	25	24	1	3000
IN011047	1	1	25	32	1	800
IN011047	2	2	12	32	2	1000
IN011048	1	1	25	23	3	700
IN011049	1	1	25	26	1	20000
IN011050	1	3	25	12	3	2500
IN021001	1	1	25	11	1	450
IN021001	2	7	1	11	1	500
IN021002	1	5	1	11	1	350
IN021005	1	9	8	11	9	1200
IN021005	2	1	4	11	1	400
IN021005	3	1	25	11	1	500
IN021006	1	6	1	11	6	1500
IN021007	1	4	1	11	4	200
IN021008	1	1	25	28	1	20000
IN021009	1	5	1	11	1	200
IN021009	2	1	4	11	1	300
IN021010	1	 	1	11	1	150
IN021010	2	 	25	23	1	300
IN021011	1	1	25	23	1	40000
IN021012	1	2	1	11	1	100
IN021013	1	4	4	11	2	1800
IN021013	2	1	25	11	1	400
IN021013	3	1	8	11	1	2500
IN021014	1	3	1	11	3	100
IN021015	1	8	1	11	8	1400
IN021016	1	12	1	11	12	2000
IN021016	2	1	25	24	1	500
IN021017	1	8	1	11	8	2000
IN021017	2	1	3	11	1	400
IN021017	3	1	25	24	1	600
IN021018	1	1	1	10	1	500
IN021019	1	7	8	11	1	450
IN021020	1	4	8	11	4	800
IN021020	2	1	25	11	1	600
IN021020	3	3	1	29	3	700
IN021021	1	4	1	11	4	1000
IN021022	1	1	4	11	1	300
IN021022	2	3	1	11	0	 
IN021023	1	4	1	11	4	200
IN021024	1	5	13	26	5	1000
IN021026	1	8	1	11	8	2000
IN021026	2	2	3	11	2	1500
IN021027	1	1	25	28	1	30000
IN021029	1	2	1	11	1	200
IN021029	2	4	4	11	2	400
IN021029	3	1	25	11	1	500
IN021030	1	6	1	11	6	300
IN021031	1	1	2	11	1	1000
IN021031	2	6	1	11	6	2000
IN021032	1	11	1	11	11	3000
IN021032	2	1	3	11	1	1500
IN021033	1	3	1	11	3	150
IN021034	1	1	25	5	1	350
IN021034	2	9	1	11	1	200
IN021035	1	1	4	11	1	500
IN021035	2	5	1	11	5	700
IN021035	3	1	25	11	1	1200
IN021036	1	4	1	11	4	300
IN021037	1	10	1	11	10	2100
IN021038	1	10	1	11	10	1700
IN021039	1	3	1	11	3	15
IN021040	1	1	25	26	1	25000
IN021040	2	1	25	8	1	500
IN021042	1	4	1	11	4	200
IN021043	1	6	1	11	6	1000
IN021044	1	5	6	11	5	1000
IN021047	1	3	8	11	3	700
IN021049	1	1	25	8	1	500
IN021049	2	1	25	22	1	20000
IN021050	1	2	1	11	2	100
IN031003	1	1	23	23	1	300
IN031006	1	0	 	 	 	 
IN031009	1	5	21	11	5	4000
IN031015	1	8	23	23	8	1200
IN031016	1	6	30	26	1	500
IN031016	2	88	 	 	 	 
IN031021	1	0	 	 	 	 
IN031022	1	0	 	 	 	 
IN031023	1	2	19	4	10	10000
IN031024	1	5	1	11	5	400
IN031029	1	1	25	24	1	8000
IN031030	1	4	13	26	1	700
IN031030	2	7	15	26	2	600
IN031030	3	1	23	26	3	500
IN031032	1	6	23	23	6	800
IN031035	1	8	13	26	8	1500
IN031036	1	1	21	21	1	1000
IN031039	1	1	21	21	1	1500
IN031043	1	2	21	21	2	6000
IN031047	1	0	 	 	 	 
IN041001	1	10	1	11	10	500
IN041002	1	8	1	11	8	300
IN041002	2	1	4	11	1	200
IN041003	1	1	25	5	1	500
IN041003	2	5	1	11	5	400
IN041004	1	2	4	11	1	800
IN041004	2	12	1	11	1	1000
IN041005	1	5	1	11	5	200
IN041005	2	2	4	11	2	500
IN041006	1	1	4	11	1	200
IN041006	2	5	1	11	5	300
IN041007	1	1	4	11	1	400
IN041007	2	9	1	11	9	600
IN041009	1	4	1	11	4	0
IN041010	1	2	1	11	2	150
IN041011	1	2	1	11	2	100
IN041011	2	2	1	29	2	100
IN041012	1	7	1	11	7	300
IN041012	2	1	4	11	1	400
IN041013	1	5	1	11	5	200
IN041013	2	1	4	11	1	150
IN041014	1	12	1	11	12	1000
IN041015	1	5	1	11	5	500
IN041016	1	2	4	11	2	600
IN041016	2	12	1	11	12	500
IN041017	1	2	4	11	2	400
IN041017	2	5	1	11	5	150
IN041019	1	4	1	29	4	300
IN041020	1	1	4	11	1	600
IN041020	2	9	1	11	1	450
IN041021	1	4	1	11	4	700
IN041022	1	8	1	11	8	300
IN041022	2	1	4	11	1	200
IN041023	1	6	1	11	6	200
IN041023	2	1	4	11	1	200
IN041024	1	6	1	11	6	500
IN041025	1	8	1	11	8	500
IN041026	1	8	1	11	8	400
IN041027	1	2	25	26	2	40000
IN041028	1	2	12	8	2	1500
IN041029	1	1	25	22	1	20000
IN041029	2	1	25	26	1	500
IN041031	1	1	25	26	1	500
IN041031	2	4	1	11	4	300
IN041032	1	1	25	26	1	800
IN041033	1	10	1	11	10	3000
IN041034	1	2	12	8	2	1500
IN041034	2	1	24	26	1	400
IN041035	1	8	1	11	8	1200
IN041036	1	8	21	21	8	9000
IN041037	1	4	8	5	4	600
IN041037	2	3	23	23	3	500
IN041038	1	1	25	26	1	400
IN041040	1	1	25	23	1	20000
IN041040	2	1	25	26	1	500
IN041041	1	1	21	21	1	2500
IN041041	2	2	1	11	2	100
IN041042	1	1	25	26	1	30000
IN041043	1	2	25	26	2	1000
IN041044	1	1	25	17	1	30000
IN041045	1	8	1	11	8	400
IN041045	2	1	25	26	1	500
IN041047	1	1	4	11	1	400
IN041047	2	8	1	11	8	300
IN041048	1	5	1	11	5	150
IN041049	1	2	25	24	2	120000
IN041049	2	1	30	26	1	25000
IN051001	1	0	1	11	5	3000
IN051002	1	4	1	11	4	500
IN051003	1	8	1	11	8	800
IN051004	1	7	1	11	1	600
IN051005	1	4	1	4	4	300
IN051006	1	 	1	11	3	500
IN051007	1	3	1	11	3	1500
IN051008	1	8	1	1	8	800
IN051009	1	6	1	11	6	600
IN051009	2	1	3	11	1	600
IN051010	1	5	1	11	1	400
IN051011	1	8	23	8	23	1000
IN051012	1	10	1	11	10	3000
IN051013	1	6	1	11	6	400
IN051014	1	3	23	23	3	300
IN051014	2	1	21	21	0	0
IN051014	3	2	1	11	2	100
IN051015	1	5	1	11	5	300
IN051016	1	8	1	11	8	600
IN051016	2	2	4	11	2	800
IN051018	1	8	23	23	8	700
IN051020	1	5	1	32	1	500
IN051021	1	4	30	30	4	800
IN051021	2	4	1	11	4	200
IN051022	1	5	1	11	5	300
IN051023	1	1	12	32	0	 
IN051026	1	8	1	11	8	600
IN051027	1	4	1	11	4	600
IN051027	2	8	12	7	8	700
IN051029	1	2	1	11	2	120
IN051030	1	1	7	11	0	0
IN051030	2	6	1	11	6	800
IN051030	3	2	3	11	0	0
IN051031	1	4	1	11	5	3000
IN051032	1	5	1	11	5	300
IN051033	1	6	1	11	6	800
IN051034	1	0	 	 	 	 
IN051035	1	8	13	7	8	1000
IN051035	2	4	1	11	4	400
IN051036	1	3	1	11	3	200
IN051037	1	1	4	11	1	500
IN051037	2	2	1	11	2	100
IN051039	1	6	1	11	1	600
IN051040	1	4	1	11	1	600
IN051040	2	1	4	11	2	400
IN051040	3	1	3	11	3	300
IN051041	1	8	1	11	8	800
IN051043	1	5	1	11	5	250
IN051044	1	1	23	23	5	2000
IN051046	1	4	1	11	4	200
IN051047	1	6	1	11	6	260
IN051048	1	8	1	11	8	700
IN051048	2	1	2	11	1	3000
IN051048	3	3	4	11	3	1200
IN061001	1	2	4	11	2	1000
IN061001	2	2	3	11	2	1000
IN061001	3	6	8	11	6	500
IN061002	1	2	4	11	2	1000
IN061002	2	5	8	11	5	500
IN061002	3	1	3	11	1	300
IN061003	1	2	2	11	2	200
IN061003	2	2	8	11	2	200
IN061004	1	3	1	11	3	400
IN061005	1	4	1	11	4	400
IN061007	1	4	1	11	4	400
IN061008	1	3	1	11	3	250
IN061008	2	1	12	32	1	5000
IN061008	3	1	30	32	1	5000
IN061009	1	6	1	11	6	750
IN061010	1	6	1	11	6	500
IN061011	1	3	1	11	1	300
IN061012	1	2	1	11	1	200
IN061013	1	3	30	5	3	500
IN061014	1	4	1	11	4	600
IN061015	1	2	4	11	2	1000
IN061015	2	3	1	11	3	300
IN061015	3	1	2	11	1	11000
IN061015	4	5	8	11	5	250
IN061016	1	8	1	11	1	1000
IN061016	2	1	2	11	1	5000
IN061017	1	4	1	11	1	400
IN061018	1	3	1	11	1	500
IN061019	1	3	1	11	1	300
IN061020	1	2	23	23	1	300
IN061021	1	3	1	11	3	200
IN061023	1	2	1	11	2	200
IN061024	1	4	1	11	4	500
IN061025	1	4	1	11	4	450
IN061026	1	4	30	26	1	600
IN061027	1	4	1	11	4	350
IN061028	1	3	15	12	1	1000
IN061029	1	2	1	1	1	8000
IN061029	2	8	1	1	1	10000
IN061029	3	4	1	1	4	10000
IN061030	1	4	1	11	1	300
IN061030	2	1	4	11	2	400
IN061030	3	1	3	11	 	 
IN061031	1	3	1	11	3	500
IN061031	2	0	1	11	1	1800
IN061032	1	4	1	11	1	500
IN061032	2	1	4	11	2	400
IN061032	3	1	7	11	 	 
IN061033	1	5	1	11	1	400
IN061033	2	1	3	11	2	150
IN061033	3	1	4	11	3	400
IN061034	1	6	1	11	6	500
IN061035	1	2	4	11	2	1000
IN061035	2	6	1	11	6	600
IN061035	3	1	3	11	1	1500
IN061035	4	1	2	11	1	15000
IN061036	1	4	1	11	1	500
IN061036	2	1	4	11	2	600
IN061036	3	1	7	11	 	 
IN061037	1	2	23	23	2	200
IN061038	1	8	1	11	8	2000
IN061038	2	1	3	11	1	400
IN061038	3	2	4	11	2	1000
IN061039	1	15	11	4	15	2000
IN061040	1	4	1	11	4	300
IN061041	1	6	1	11	6	800
IN061041	2	2	4	11	2	800
IN061041	3	3	8	11	3	600
IN061043	1	4	1	11	4	300
IN061044	1	4	1	11	5	500
IN061046	1	5	13	7	5	800
IN061046	2	3	1	11	3	300
IN061046	3	3	23	23	3	400
IN061047	1	5	1	11	5	800
IN061049	1	4	1	11	4	500
IN061050	1	4	1	11	4	500
IN071001	1	6	1	11	6	600
IN071002	1	2	1	11	2	150
IN071004	1	3	1	11	3	600
IN071005	1	6	1	11	6	600
IN071006	1	3	1	11	1	400
IN071006	2	1	4	11	2	300
IN071007	1	6	11	11	4	400
IN071007	2	3	12	14	3	700
IN071009	1	8	11	4	8	1500
IN071011	1	4	1	11	4	600
IN071011	2	1	2	11	1	7000
IN071011	3	2	23	23	2	1000
IN071012	1	3	4	11	3	1500
IN071012	2	5	1	11	5	800
IN071013	1	3	1	11	3	200
IN071014	1	2	4	11	2	800
IN071014	2	6	1	11	6	600
IN071015	1	3	1	11	3	500
IN071016	1	3	1	11	3	400
IN071017	1	5	1	11	1	300
IN071018	1	1	4	11	1	500
IN071018	2	4	1	11	4	300
IN071018	3	2	8	11	2	100
IN071019	1	1	4	11	1	500
IN071019	2	2	1	11	2	200
IN071020	1	8	1	11	8	1000
IN071021	1	3	1	11	3	300
IN071022	1	3	1	11	1	200
IN071023	1	4	23	23	4	1000
IN071024	1	4	11	11	4	600
IN071025	1	2	1	11	2	200
IN071025	2	1	4	11	1	500
IN071026	1	4	1	11	4	200
IN071026	2	1	4	11	1	500
IN071026	3	2	8	11	2	200
IN071027	1	3	1	11	3	1000
IN071027	2	1	2	11	1	8000
IN071028	1	6	1	11	6	800
IN071029	1	3	1	11	3	300
IN071031	1	4	1	11	4	500
IN071033	1	5	1	11	5	500
IN071033	2	4	14	18	4	600
IN071034	1	3	4	11	3	1200
IN071034	2	8	1	11	8	700
IN071034	3	1	8	11	1	400
IN071035	1	3	4	11	3	1200
IN071035	2	7	1	11	7	800
IN071035	3	2	8	11	1	500
IN071036	1	4	1	11	1	300
IN071037	1	1	4	11	1	100
IN071037	2	2	1	11	2	200
IN071038	1	3	4	11	3	1200
IN071038	2	6	1	11	6	800
IN071038	3	2	8	11	2	600
IN071039	1	4	1	11	1	400
IN071039	2	1	4	11	2	150
IN071040	1	1	15	12	1	500
IN071040	2	1	23	26	1	300
IN071042	1	3	1	11	3	90
IN071043	1	4	1	11	4	500
IN071044	1	2	4	11	2	800
IN071044	2	5	1	11	5	400
IN071044	3	4	8	11	4	500
IN071045	1	4	4	26	4	100
IN071046	1	2	13	2	2	100
IN071046	2	1	1	1	1	30
IN071047	1	3	23	23	3	5000
IN071048	1	4	1	11	4	700
IN071049	1	1	2	11	1	300
IN071049	2	2	8	11	2	100
IN071050	1	5	3	26	5	2000
IN081001	1	4	1	11	4	400
IN081001	2	1	7	11	0	-88
IN081001	3	6	13	7	6	800
IN081002	1	3	1	11	3	240
IN081003	1	5	1	11	5	250
IN081003	2	1	7	11	0	-88
IN081004	1	3	1	8	3	130
IN081005	1	4	1	11	4	150
IN081006	1	4	1	11	4	500
IN081007	1	6	1	11	6	400
IN081007	2	1	7	11	0	-88
IN081008	1	12	1	11	8	430
IN081008	2	1	7	11	0	-88
IN081009	1	2	1	8	2	40
IN081010	1	2	1	11	4	100
IN081011	1	3	1	8	3	70
IN081011	2	1	21	21	1	2800
IN081012	1	8	1	11	8	1300
IN081012	2	1	21	21	1	3000
IN081012	3	1	7	11	0	-88
IN081013	1	8	1	8	8	150
IN081014	1	4	30	26	4	400
IN081015	1	5	 	32	2	1000
IN081015	2	1	2	32	1	5000
IN081016	1	4	1	11	4	230
IN081016	2	8	13	7	8	800
IN081017	1	6	1	11	3	150
IN081018	1	12	30	14	12	2400
IN081019	1	1	12	32	1	200
IN081019	2	1	2	32	1	7000
IN081019	3	1	30	32	2	600
IN081020	1	5	1	11	5	250
IN081020	2	1	2	11	1	10000
IN081020	3	3	8	11	3	6000
IN081021	1	11	1	11	6	250
IN081021	2	1	7	11	0	-88
IN081022	1	1	2	26	1	15000
IN081022	2	1	12	26	1	2000
IN081022	3	2	30	26	2	1500
IN081023	1	8	1	11	8	200
IN081023	2	1	7	11	0	-88
IN081023	3	2	1	11	1	10000
IN081024	1	4	1	11	4	280
IN081024	2	3	12	8	3	180
IN081025	1	1	1	11	1	40
IN081025	2	1	7	11	0	-88
IN081025	3	4	9	2	4	300
IN081026	1	3	1	11	3	150
IN081026	2	1	7	11	0	-88
IN081027	1	14	1	11	12	1000
IN081027	2	1	7	11	0	-88
IN081028	1	9	1	11	4	250
IN081028	2	4	9	2	4	380
IN081028	3	1	7	11	0	-88
IN081029	1	4	13	26	4	500
IN081030	1	3	1	11	3	120
IN081030	2	1	7	11	0	-88
IN081031	1	6	1	11	6	200
IN081031	2	1	7	11	0	0
IN081031	3	10	9	2	10	500
IN081031	4	1	10	2	1	800
IN081032	1	4	8	8	4	100
IN081033	1	2	1	11	2	110
IN081034	1	7	1	11	8	300
IN081034	2	1	7	11	0	0
IN081035	1	5	1	11	5	700
IN081035	2	1	7	11	0	-88
IN081036	1	3	1	11	3	200
IN081036	2	1	7	11	0	-88
IN081037	1	4	1	11	4	150
IN081037	2	1	7	11	0	0
IN081038	1	10	1	11	10	21000
IN081038	2	1	2	11	1	10000
IN081038	3	1	7	11	0	-88
IN081039	1	8	1	11	4	200
IN081039	2	1	7	11	0	 
IN081040	1	4	1	11	4	150
IN081040	2	2	30	11	2	150
IN081040	3	1	7	11	0	0
IN081041	1	3	1	8	3	800
IN081042	1	4	1	8	4	100
IN081043	1	11	1	11	11	600
IN081043	2	1	7	11	0	-88
IN081044	1	3	1	11	3	150
IN081044	2	1	7	11	0	-88
IN081045	1	15	1	11	15	1500
IN081045	2	1	7	11	1	350000
IN081045	3	1	21	21	1	4000
IN081046	1	8	1	11	4	200
IN081046	2	1	7	11	 	-88
IN081047	1	3	1	8	3	230
IN081048	1	1	2	32	1	8000
IN081048	2	4	13	32	4	1600
IN081048	3	5	30	32	5	1000
IN081049	1	11	1	11	8	520
IN081049	2	1	7	11	0	-88
IN081050	1	6	8	8	6	100
IN091001	1	1	1	11	1	50
IN091002	1	3	1	8	3	120
IN091003	1	3	1	11	2	60
IN091004	1	8	1	11	8	480
IN091005	1	6	1	11	6	1000
IN091005	2	0	88	88	88	88
IN091006	1	1	7	11	0	 
IN091006	2	1	4	11	0	 
IN091006	3	4	8	11	4	200
IN091007	1	15	1	11	6	180
IN091007	2	1	4	11	1	200
IN091008	1	10	1	11	10	2100
IN091009	1	3	1	11	3	400
IN091010	1	11	1	11	9	450
IN091012	1	4	1	11	4	160
IN091013	1	4	1	11	5	150
IN091014	1	4	1	11	2	300
IN091015	1	5	1	11	5	1500
IN091015	2	1	4	11	1	5000
IN091015	3	1	7	11	1	5000
IN091016	1	5	1	11	5	400
IN091017	1	6	1	11	6	120
IN091018	1	2	4	11	0	0
IN091018	2	1	7	11	0	0
IN091018	3	5	1	11	5	250
IN091019	1	4	1	11	4	480
IN091020	1	1	7	11	0	-88
IN091020	2	1	4	11	1	200
IN091020	3	7	1	11	4	160
IN091021	1	4	1	8	4	350
IN091022	1	3	1	11	3	120
IN091026	1	1	2	11	1	2000
IN091026	2	1	4	11	1	500
IN091026	3	5	1	11	5	200
IN091027	1	4	1	11	4	126
IN091027	2	0	 	 	 	 
IN091028	1	3	1	11	3	100
IN091029	1	5	1	11	5	150
IN091030	1	4	1	11	4	200
IN091034	1	8	30	7	8	1500
IN091036	1	5	1	11	5	400
IN091037	1	1	12	8	0	-88
IN091037	2	4	1	11	4	600
IN091039	1	6	1	11	6	1000
IN091040	1	4	1	11	4	200
IN091041	1	15	8	11	5	400
IN091042	1	9	1	11	9	400
IN091043	1	4	1	5	4	500
IN091044	1	4	1	29	4	450
IN091045	1	2	1	29	2	130
IN091046	1	1	7	11	0	-88
IN091046	2	1	4	11	0	-88
IN091046	3	5	1	11	5	250
IN091047	1	2	1	11	2	60
IN091050	1	4	30	26	4	30000
IN101002	1	3	12	8	3	450
IN101002	2	1	25	24	1	17000
IN101003	1	6	15	12	6	3500
IN101004	1	2	12	8	2	50
IN101004	2	1	30	26	1	15000
IN101005	1	1	25	26	1	20000
IN101005	2	8	30	8	8	100
IN101005	3	1	30	31	1	1000000
IN101007	1	1	25	26	1	28000
IN101008	1	20	15	12	20	800
IN101008	2	1	21	21	1	3200
IN101008	3	1	25	24	1	18000
IN101011	1	1	25	26	1	15000
IN101012	1	2	12	8	2	50
IN101013	1	3	21	21	1	3000
IN101016	1	3	12	8	3	150
IN101017	1	4	23	23	4	28000
IN101017	2	2	30	8	2	150
IN101018	1	3	12	8	3	400
IN101019	1	5	12	8	5	820
IN101019	2	8	11	4	8	1800
IN101019	3	1	21	21	1	2200
IN101019	4	1	25	24	1	60000
IN101020	1	1	30	26	1	4500
IN101021	1	5	12	8	5	450
IN101023	1	2	25	26	2	3000
IN101024	1	5	12	8	5	850
IN101024	2	1	21	21	1	2200
IN101024	3	1	25	24	1	35000
IN101025	1	8	12	8	8	850
IN101026	1	4	12	8	4	250
IN101027	1	4	30	8	4	50
IN101028	1	4	30	26	4	400
IN101030	1	4	25	24	1	701000
IN101031	1	1	25	24	1	100000
IN101032	1	1	30	23	1	1000
IN101032	2	3	12	8	3	80
IN101033	1	1	25	26	1	300000
IN101034	1	2	25	24	2	429000
IN101034	2	4	30	26	4	70000
IN101034	3	3	30	8	3	150
IN101035	1	1	25	26	1	1500
IN101036	1	1	21	21	1	2500
IN101036	2	1	30	21	1	120
IN101038	1	3	30	23	1	10000
IN101039	1	3	30	8	3	200
IN101040	1	6	30	8	6	60
IN101041	1	6	12	8	6	400
IN101043	1	4	1	8	4	120
IN101044	1	3	12	28	3	310
IN101045	1	4	15	12	4	780
IN101046	1	3	12	8	2	250
IN101047	1	4	1	28	3	340
IN101048	1	4	12	26	4	100
IN101048	2	1	3	26	1	200
IN101049	1	8	30	26	8	1400
IN101050	1	3	12	8	3	310
IN111001	1	2	4	11	2	1500
IN111001	2	4	1	11	4	300
IN111002	1	4	1	11	4	150
IN111003	1	1	2	11	1	15000
IN111003	2	4	8	11	4	4000
IN111003	3	2	4	11	2	1000
IN111004	1	5	1	11	5	60
IN111005	1	0	30	14	6	300
IN111006	1	9	1	11	9	420
IN111006	2	2	4	11	0	-88
IN111007	1	5	1	11	5	200
IN111008	1	4	1	11	4	1600
IN111009	1	5	1	11	5	450
IN111010	1	4	1	11	5	480
IN111010	2	1	23	23	1	600
IN111010	3	4	4	11	-77	-88
IN111011	1	1	2	11	1	20000
IN111011	2	2	4	11	2	3000
IN111011	3	8	1	11	8	1200
IN111012	1	5	1	11	5	650
IN111012	2	0	 	 	 	 
IN111013	1	3	4	11	3	4000
IN111013	2	1	3	11	1	2000
IN111013	3	2	23	23	2	2000
IN111014	1	5	1	1	5	3750
IN111014	2	1	3	1	1	3000
IN111014	3	1	4	1	1	1500
IN111015	1	5	1	11	5	500
IN111016	1	4	30	26	4	3700
IN111016	2	2	1	8	2	400
IN111018	1	1	3	11	1	3000
IN111018	2	10	1	11	10	2000
IN111018	3	0	 	 	 	 
IN111019	1	3	4	11	3	4000
IN111019	2	1	2	11	1	6600
IN111019	3	5	1	11	5	260
IN111020	1	5	1	29	5	420
IN111021	1	3	4	11	0	 
IN111021	2	2	1	11	2	200
IN111021	3	7	8	11	7	360
IN111022	1	1	2	11	1	8000
IN111022	2	7	1	11	7	9270
IN111023	1	3	4	11	3	7000
IN111023	2	6	1	11	6	860
IN111023	3	1	2	11	1	20000
IN111024	1	5	1	11	5	500
IN111024	2	7	1	11	0	-88
IN111025	1	1	2	11	1	20000
IN111025	2	1	4	11	1	1000
IN111025	3	10	1	11	10	9500
IN111026	1	3	4	11	3	5000
IN111026	2	7	1	11	7	670
IN111027	1	4	4	11	3	2100
IN111027	2	2	1	11	2	500
IN111027	3	8	8	11	8	360
IN111028	1	4	1	11	4	280
IN111029	1	6	1	11	6	10800
IN111029	2	1	4	11	1	1000
IN111030	1	1	4	11	1	1000
IN111030	2	9	1	11	7	240
IN111031	1	8	1	11	8	800
IN111031	2	2	4	11	0	-88
IN111032	1	3	1	11	3	350
IN111033	1	1	7	11	0	1000
IN111033	2	3	1	11	3	100
IN111033	3	3	4	11	0	500
IN111034	1	5	1	11	5	930
IN111034	2	1	7	11	0	-88
IN111035	1	4	1	11	4	300
IN111035	2	1	7	11	0	-88
IN111036	1	3	4	11	0	-88
IN111036	2	6	1	11	6	650
IN111036	3	1	21	21	1	2500
IN111038	1	5	1	11	5	2400
IN111038	2	1	4	11	1	1000
IN111038	3	1	2	11	1	20000
IN111039	1	6	1	11	6	7350
IN111039	2	1	3	11	1	2000
IN111039	3	1	2	11	1	25000
IN111040	1	1	2	11	1	20000
IN111040	2	3	4	11	3	5000
IN111040	3	1	3	11	1	800
IN111040	4	14	1	11	14	455
IN111041	1	1	4	11	0	150
IN111041	2	8	1	11	6	340
IN111043	1	1	4	11	0	 
IN111043	2	5	1	11	5	200
IN111044	1	4	1	11	4	480
IN111044	2	1	7	11	0	-88
IN111045	1	4	12	32	4	8400
IN111046	1	12	4	11	12	20000
IN111046	2	7	1	11	7	740
IN111047	1	4	1	11	4	390
IN111047	2	5	4	11	0	-88
IN111048	1	3	1	11	3	5000
IN111049	1	7	1	11	0	 
IN111050	1	5	1	11	5	550
IN111050	2	1	7	11	0	-88
IN111051	1	1	21	21	1	2000
IN111051	2	4	1	27	4	700
IN111051	3	4	4	11	0	-88
IN111053	1	3	4	11	3	3000
IN111053	2	4	4	11	4	180
IN111054	1	1	25	24	1	32000
IN111056	1	2	12	32	2	1000
IN111057	1	2	1	11	2	150
IN111057	2	6	8	11	6	410
IN121001	1	2	1	27	2	110
IN121002	1	1	4	11	0	 
IN121002	2	7	1	11	5	380
IN121003	1	1	4	11	1	600
IN121003	2	17	1	11	17	6115
IN121003	3	1	2	11	1	25000
IN121004	1	4	1	11	4	280
IN121005	1	5	1	11	5	380
IN121005	2	1	7	11	0	-88
IN121006	1	11	1	5	11	660
IN121007	1	2	23	23	2	3800
IN121008	1	9	13	26	9	6750
IN121009	1	4	1	5	4	350
IN121011	1	5	1	11	0	-88
IN121011	2	1	7	11	0	-88
IN121012	1	9	1	11	9	2290
IN121012	2	1	4	11	1	500
IN121013	1	3	12	32	3	3700
IN121013	2	5	1	11	5	1240
IN121014	1	9	9	2	9	5575
IN121016	1	5	1	11	5	240
IN121017	1	18	1	11	18	850
IN121019	1	7	1	11	7	540
IN121020	1	2	1	11	2	100
IN121022	1	4	1	27	4	195
IN121023	1	16	1	11	16	500
IN121023	2	2	4	11	0	-88
IN121024	1	1	5	11	1	3000
IN121024	2	2	26	25	0	-88
IN121024	3	4	1	5	5	140
IN121026	1	1	4	11	0	0
IN121026	2	11	1	11	11	750
IN121027	1	3	1	11	3	3200
IN121028	1	1	7	11	1	400000
IN121028	2	5	1	11	5	42000
IN121028	3	1	2	11	1	25000
IN121029	1	5	1	11	5	500
IN121030	1	8	1	11	8	650
IN121030	2	1	7	11	0	-88
IN121031	1	4	1	29	4	400
IN121032	1	1	4	11	4	360
IN121032	2	1	7	11	0	-88
IN121032	3	1	23	21	1	3000
IN121033	1	46	30	5	46	1500
IN121033	2	5	1	27	5	370
IN121034	1	3	1	30	3	230
IN121036	1	1	5	11	1	25000
IN121036	2	1	2	11	1	10000
IN121036	3	3	23	23	1	9000
IN121037	1	5	1	11	5	400
IN121038	1	1	5	11	1	15000
IN121038	2	16	1	11	1	335
IN121038	3	1	4	11	0	-88
IN121039	1	11	23	23	11	700
IN121039	2	5	1	5	5	155
IN121040	1	7	1	5	7	260
IN121041	1	3	1	29	3	210
IN121042	1	7	1	11	7	570
IN121042	2	1	7	11	0	-88
IN121044	1	10	1	11	10	290
IN121045	1	5	1	29	5	620
IN121046	1	4	1	29	4	410
IN121047	1	8	30	5	8	1980
IN121048	1	4	1	11	4	310
IN121048	2	1	7	11	0	-88
IN121050	1	150	8	11	150	2250
IN121050	2	1	4	11	1	500
IN121050	3	2	8	11	2	5500
IN121051	1	6	1	29	6	400
IN131001	1	6	1	5	6	215
IN131005	1	9	1	11	9	280
IN131005	2	1	7	11	0	-88
IN131006	1	1	4	11	0	0
IN131006	2	4	1	11	4	270
IN131007	1	5	1	11	0	-88
IN131007	2	9	30	26	9	6800
IN131009	1	2	4	11	2	1000
IN131009	2	1	8	11	1	1500
IN131009	3	1	3	11	1	2500
IN131010	1	1	4	11	1	1500
IN131010	2	1	2	11	1	20000
IN131010	3	28	1	11	28	1550
IN131011	1	5	1	11	5	350
IN131013	1	6	1	11	6	1200
IN131013	2	1	2	11	1	10000
IN131014	1	1	5	11	1	40000
IN131014	2	15	1	11	15	550
IN131014	3	1	25	24	1	300000
IN131015	1	1	4	11	1	300
IN131015	2	12	1	11	12	430
IN131015	3	1	5	11	1	13500
IN131017	1	4	1	29	4	350
IN131018	1	3	1	11	3	200
IN131019	1	4	1	5	4	175
IN131020	1	1	5	11	1	3000
IN131020	2	1	4	11	1	1000
IN131020	3	7	1	11	7	575
IN131021	1	3	1	11	3	180
IN131022	1	15	1	5	15	585
IN131023	1	1	21	21	1	1500
IN131023	2	5	1	11	5	300
IN131024	1	2	23	23	2	2300
IN131024	2	1	21	21	1	1500
IN131026	1	5	1	11	5	400
IN131026	2	1	4	11	1	2000
IN131027	1	7	23	23	7	6500
IN131027	2	3	1	23	3	370
IN131028	1	1	5	11	1	45000
IN131028	2	15	1	11	15	670
IN131028	3	1	7	11	0	-88
IN131029	1	3	8	11	3	150
IN131030	1	6	1	11	6	550
IN131031	1	5	15	12	5	4000
IN131032	1	1	4	11	1	500
IN131032	2	2	8	11	2	1000
IN131032	3	5	1	11	5	350
IN131034	1	12	1	11	12	570
IN131035	1	1	4	11	1	500
IN131035	2	2	8	11	2	2000
IN131035	3	5	1	11	5	500
IN131037	1	1	4	11	1	400
IN131037	2	1	8	11	1	2000
IN131037	3	5	1	11	5	300
IN131038	1	4	1	11	4	250
IN131039	1	1	4	11	11	1500
IN131039	2	30	1	11	30	1060
IN131039	3	1	2	11	1	10000
IN131040	1	1	23	23	1	1000
IN131041	1	1	4	11	0	0
IN131041	2	5	1	11	1	200
IN131042	1	1	4	11	0	0
IN131042	2	7	1	11	7	330
IN131043	1	1	5	11	1	40000
IN131043	2	7	1	11	7	280
IN131043	3	2	4	11	0	-88
IN131044	1	1	5	11	1	30000
IN131044	2	1	4	11	1	200
IN131044	3	14	1	11	14	535
IN131045	1	4	1	11	4	200
IN131045	2	2	4	11	0	-88
IN131046	1	6	1	11	6	470
IN131046	2	1	7	11	0	-88
IN131047	1	8	15	23	8	24300
IN131048	1	7	1	11	7	800
IN131049	1	1	4	11	1	500
IN131049	2	2	8	11	2	2000
IN131049	3	3	1	11	3	500
IN131050	1	1	25	23	1	6000
IN141004	1	6	30	7	6	2500
IN141004	2	6	17	16	6	2000
IN141005	1	2	1	11	2	120
IN141005	2	3	30	7	3	180
IN141007	1	10	30	8	10	800
IN141007	2	5	1	11	5	450
IN141009	1	4	25	24	2	5000
IN141010	1	3	25	24	2	3000
IN141013	1	1	21	21	1	1000
IN141015	1	5	15	12	3	500
IN141017	1	4	25	24	2	3500
IN141018	1	 	30	7	 	60000
IN141020	1	4	30	26	4	25000
IN141021	1	8	15	12	8	2500
IN141022	1	1	7	21	1	300000
IN141022	2	20	15	12	20	8000
IN141023	1	1	21	21	1	2000
IN141024	1	3	19	14	3	800
IN141030	1	2	21	21	2	6000
IN141034	1	12	23	23	12	6500
IN141034	2	1	21	21	1	8000
IN141035	1	16	23	23	16	11000
IN141035	2	1	21	21	1	1000
IN141036	1	21	30	26	21	55000
IN141037	1	3	21	21	3	3000
IN141039	1	3	21	21	2	500
IN141041	1	12	13	26	12	1200
IN141041	2	2	21	21	2	6000
IN141047	1	2	21	21	2	18000
IN151001	1	2	4	11	2	1500
IN151001	2	6	1	11	6	800
IN151002	1	50	4	11	4	4000
IN151002	2	1	7	11	0	-88
IN151002	3	15	1	11	15	2500
IN151003	1	6	1	11	6	1000
IN151004	1	5	1	11	5	1200
IN151004	2	1	7	11	0	 
IN151004	3	2	4	11	2	800
IN151005	1	10	1	11	10	3000
IN151005	2	1	2	11	1	1500
IN151006	1	14	1	11	14	2800
IN151006	2	1	3	11	1	800
IN151007	1	4	1	11	4	200
IN151007	2	4	13	7	4	400
IN151008	1	8	1	11	8	3000
IN151008	2	1	2	11	1	2500
IN151009	1	4	1	11	3	200
IN151009	2	2	4	11	1	500
IN151010	1	2	4	11	2	450
IN151010	2	5	1	11	5	300
IN151011	1	12	1	11	12	5500
IN151011	2	1	2	11	1	10000
IN151012	1	3	4	11	3	2000
IN151012	2	10	1	11	10	1600
IN151012	3	1	3	11	1	400
IN151013	1	6	1	11	2	80
IN151014	1	3	1	11	2	80
IN151014	2	1	4	11	0	-88
IN151015	1	4	1	11	4	400
IN151015	2	1	2	1	1	6000
IN151016	1	4	1	11	4	350
IN151017	1	3	1	11	2	100
IN151017	2	3	4	11	0	-88
IN151018	1	6	4	11	6	3000
IN151018	2	1	2	11	1	8000
IN151018	3	3	3	11	3	2400
IN151019	1	6	1	11	5	250
IN151019	2	3	4	11	1	1000
IN151020	1	5	12	32	5	3500
IN151021	1	10	1	11	10	4200
IN151021	2	1	2	11	1	8000
IN151021	3	1	3	11	 	800
IN151022	1	10	1	11	10	3000
IN151022	2	1	7	11	0	-88
IN151022	3	3	4	11	3	3500
IN151023	1	22	1	11	22	8000
IN151023	2	1	2	11	1	8500
IN151023	3	1	30	11	1	700000
IN151024	1	4	1	11	4	200
IN151025	1	15	1	11	15	5000
IN151025	2	1	2	11	1	6000
IN151025	3	2	3	11	1	800
IN151026	1	6	1	11	6	2500
IN151026	2	1	18	8	1	2100
IN151027	1	4	4	11	4	4000
IN151027	2	1	7	11	0	-88
IN151027	3	10	1	11	10	3000
IN151028	1	3	4	11	3	4500
IN151028	2	1	2	11	1	8000
IN151028	3	8	1	11	8	2000
IN151029	1	5	1	11	5	800
IN151030	1	2	1	11	2	90
IN151031	1	2	4	11	2	1200
IN151031	2	1	2	11	1	5500
IN151031	3	7	1	11	7	1000
IN151032	1	6	1	11	6	1200
IN151032	2	1	21	21	1	2000
IN151033	1	8	1	11	8	1200
IN151033	2	2	21	21	2	5000
IN151034	1	4	1	11	4	300
IN151035	1	2	1	11	2	90
IN151036	1	5	1	11	5	1200
IN151037	1	4	1	11	4	300
IN151038	1	5	1	11	5	700
IN151038	2	3	4	11	3	3000
IN151038	3	1	2	11	1	10000
IN151039	1	8	1	11	8	1200
IN151039	2	1	7	11	0	-88
IN151040	1	15	1	11	15	2500
IN151040	2	1	2	11	1	8000
IN151040	3	2	3	11	2	4000
IN151041	1	6	1	11	6	600
IN151041	2	1	2	11	1	2000
IN151041	3	6	4	11	3	2300
IN151042	1	11	1	11	11	3000
IN151042	2	1	2	11	1	10000
IN151042	3	2	4	11	2	8000
IN151043	1	10	1	11	10	4500
IN151043	2	1	2	11	1	5000
IN151043	3	1	3	11	1	800
IN151044	1	2	21	21	2	12000
IN151044	2	1	25	24	1	118000
IN151044	3	6	1	11	6	1200
IN151045	1	5	1	11	5	700
IN151045	2	3	4	11	3	2500
IN151045	3	1	2	11	1	10000
IN151046	1	4	1	11	4	800
IN151047	1	6	1	11	6	1100
IN151048	1	4	1	11	2	100
IN151049	1	5	1	11	5	3000
IN161001	1	4	1	11	2	60
IN161003	1	3	1	5	3	300
IN161003	2	6	13	7	6	600
IN161004	1	5	1	11	5	1200
IN161005	1	20	15	12	20	10000
IN161005	2	4	1	11	4	350
IN161006	1	4	15	12	3	500
IN161007	1	15	30	16	15	2500
IN161007	2	4	1	11	4	350
IN161008	1	12	1	11	12	2500
IN161009	1	6	1	11	6	2600
IN161010	1	4	1	11	4	800
IN161011	1	6	4	11	6	2500
IN161011	2	10	1	11	10	1500
IN161011	3	1	3	11	1	700
IN161012	1	8	1	11	8	600
IN161013	1	8	1	11	6	2000
IN161013	2	5	1	11	1	1500
IN161013	3	3	1	11	1	2500
IN161014	1	5	1	11	4	450
IN161014	2	2	4	11	0	-88
IN161015	1	2	4	11	2	550
IN161015	2	6	1	11	6	400
IN161016	1	20	1	11	20	15000
IN161017	1	7	1	11	5	1500
IN161018	1	20	1	11	10	6000
IN161018	2	3	3	11	2	3000
IN161018	3	1	25	24	1	50000
IN161019	1	0	88	88	88	88
IN161020	1	5	1	11	5	800
IN161020	2	12	15	12	12	9000
IN161021	1	12	1	11	10	7500
IN161022	1	10	1	11	10	5000
IN161023	1	10	21	21	5	400
IN161023	2	2	1	11	2	100
IN161024	1	2	12	1	1	200
IN161025	1	10	1	11	5	1200
IN161025	2	1	3	11	1	4000
IN161026	1	5	30	26	5	2000
IN161026	2	3	1	29	3	600
IN161027	1	5	1	11	5	200
IN161028	1	20	1	11	5	1100
IN161028	2	1	3	11	1	3000
IN161029	1	20	1	11	8	4000
IN161029	2	1	1	11	1	8000
IN161029	3	1	3	11	1	5000
IN161030	1	5	1	11	5	350
IN161031	1	14	1	11	14	16000
IN161032	1	5	1	11	5	600
IN161033	1	15	9	2	15	2000
IN161033	2	10	13	7	10	1000
IN161033	3	0	88	88	0	0
IN161034	1	5	1	11	3	300
IN161034	2	2	4	11	1	500
IN161035	1	3	1	11	3	1500
IN161036	1	8	1	11	5	420
IN161037	1	20	1	11	20	25000
IN161037	2	1	2	11	1	25000
IN161038	1	2	1	11	2	200
IN161039	1	5	1	11	5	500
IN161039	2	0	88	88	0	0
IN161040	1	5	1	11	5	500
IN161041	1	3	1	11	0	-88
IN161042	1	5	1	11	5	1200
IN161043	1	4	1	11	4	300
IN161043	2	10	15	12	10	2500
IN161044	1	4	1	11	4	800
IN161045	1	5	1	11	15	5000
IN161045	2	1	1	11	1	10000
IN161046	1	4	4	11	4	1200
IN161046	2	7	1	11	7	1100
IN161048	1	4	1	11	4	300
IN161049	1	12	1	11	12	8000
IN161050	1	7	1	11	7	850
IN161050	2	20	15	12	20	4500
IN171002	1	2	13	14	2	10
IN171003	1	3	1	11	3	100
IN171004	1	4	1	11	4	200
IN171005	1	9	1	11	9	500
IN171005	2	2	4	11	2	1000
IN171006	1	2	5	11	2	10000
IN171006	2	4	1	11	4	600
IN171006	3	1	3	11	1	200
IN171007	1	1	7	11	0	-88
IN171007	2	6	1	11	6	1000
IN171007	3	1	5	11	1	5000
IN171008	1	9	10	11	10	1500
IN171009	1	6	1	11	6	300
IN171010	1	1	7	11	0	-88
IN171010	2	5	1	11	5	500
IN171011	1	25	1	11	25	5000
IN171011	2	1	7	11	0	 
IN171012	1	1	4	11	1	300
IN171012	2	1	1	11	1	500
IN171012	3	1	3	11	0	 
IN171014	1	7	1	11	7	500
IN171014	2	3	4	11	3	1000
IN171015	1	4	1	11	4	100
IN171016	1	3	1	11	3	1000
IN171017	1	4	1	11	4	150
IN171018	1	3	1	29	3	200
IN171019	1	10	1	11	10	300
IN171019	2	4	4	11	4	500
IN171020	1	1	4	11	4	200
IN171020	2	4	2	11	2	300
IN171021	1	1	4	11	1	250
IN171021	2	1	8	5	1	500
IN171021	3	3	1	5	3	400
IN171022	1	13	1	11	13	550
IN171022	2	5	4	11	5	1500
IN171023	1	3	1	29	3	300
IN171023	2	2	4	11	0	-88
IN171024	1	3	1	29	3	200
IN171025	1	2	4	11	2	600
IN171025	2	3	1	11	3	540
IN171026	1	1	2	11	1	4000
IN171026	2	1	5	11	1	11000
IN171026	3	4	1	11	4	800
IN171027	1	1	8	5	1	500
IN171027	2	1	4	11	1	200
IN171027	3	2	1	11	2	300
IN171028	1	6	1	11	6	400
IN171028	2	2	4	11	2	300
IN171029	1	2	4	11	2	1000
IN171029	2	6	1	11	6	300
IN171031	1	15	30	32	10	500
IN171031	2	10	1	11	10	500
IN171032	1	4	1	11	4	1000
IN171032	2	1	2	11	1	20000
IN171032	3	1	3	11	1	2000
IN171032	4	1	4	11	1	800
IN171032	5	10	5	11	10	5000
IN171033	1	1	7	11	0	-88
IN171033	2	6	1	11	6	650
IN171033	3	1	3	11	1	300
IN171034	1	6	1	11	6	250
IN171035	1	3	1	11	0	-88
IN171035	2	2	1	11	0	-88
IN171036	1	3	14	10	3	100
IN171037	1	3	1	29	3	450
IN171038	1	12	30	26	12	2500
IN171039	1	6	1	11	6	250
IN171040	1	5	30	23	5	500
IN171041	1	2	1	29	2	150
IN171041	2	4	30	23	4	400
IN171042	1	10	1	11	10	300
IN171042	2	1	25	24	1	300000
IN171043	1	3	4	11	1	800
IN171043	2	2	1	29	2	300
IN171043	3	1	30	5	1	250
IN171044	1	3	1	11	3	150
IN171044	2	2	4	11	2	500
IN171045	1	10	1	11	10	650
IN171045	2	1	4	11	1	150
IN171046	1	4	1	11	4	200
IN171046	2	2	4	11	2	500
IN171047	1	10	1	11	10	350
IN171047	2	3	4	11	3	750
IN171047	3	1	7	11	0	-88
IN171048	1	3	1	11	3	300
IN171049	1	1	7	11	0	-88
IN171049	2	1	4	11	1	800
IN171049	3	2	1	29	2	200
IN171050	1	8	1	11	8	450
IN171050	2	4	1	11	4	700
IN181001	1	1	7	11	0	-88
IN181001	2	3	4	11	0	-88
IN181002	1	3	1	29	3	200
IN181002	2	6	30	26	6	2000
IN181003	1	5	4	11	5	1900
IN181003	2	5	1	11	5	800
IN181003	3	3	5	11	3	3500
IN181004	1	4	1	11	4	450
IN181004	2	1	4	11	1	200
IN181004	3	1	3	11	0	-88
IN181005	1	1	1	11	1	100
IN181006	1	5	1	11	5	150
IN181007	1	3	1	11	3	350
IN181008	1	2	1	11	2	100
IN181009	1	0	88	88	0	0
IN181010	1	4	30	12	4	250
IN181010	2	3	30	23	3	200
IN181011	1	1	5	11	1	18000
IN181011	2	5	1	11	5	480
IN181011	3	1	3	11	1	450
IN181012	1	1	25	24	1	250000
IN181013	1	3	1	11	3	300
IN181013	2	2	1	29	3	150
IN181015	1	3	4	11	3	1200
IN181015	2	4	1	11	4	300
IN181016	1	7	14	26	7	70000
IN181017	1	4	5	11	4	5000
IN181017	2	3	1	11	3	400
IN181018	1	30	30	26	30	1500
IN181018	2	15	1	11	15	500
IN181019	1	4	4	11	4	2550
IN181019	2	4	1	29	4	500
IN181020	1	1	4	11	1	300
IN181020	2	10	1	11	10	500
IN181020	3	1	5	11	1	7500
IN181021	1	5	1	11	5	170
IN181021	2	1	7	11	0	-88
IN181022	1	4	1	11	4	200
IN181022	2	1	4	11	1	500
IN181023	1	3	1	11	3	500
IN181023	2	1	4	11	1	1000
IN181024	1	4	1	11	4	800
IN181025	1	6	1	11	6	450
IN181025	2	2	4	11	2	1500
IN181026	1	5	1	11	5	300
IN181026	2	2	4	11	2	400
IN181026	3	4	1	29	4	300
IN181027	1	5	1	11	5	500
IN181027	2	2	4	11	2	1500
IN181028	1	4	1	11	4	350
IN181028	2	1	4	11	1	250
IN181028	3	2	1	29	2	250
IN181029	1	6	1	11	6	350
IN181029	2	2	4	11	2	400
IN181029	3	1	3	11	0	-88
IN181030	1	6	1	11	6	900
IN181030	2	1	3	11	1	800
IN181030	3	1	7	11	1	250000
IN181030	4	3	30	28	3	800
IN181031	1	4	1	11	3	450
IN181031	2	1	3	11	0	-88
IN181031	3	1	5	11	1	10000
IN181032	1	2	1	11	2	300
IN181032	2	3	30	26	3	400
IN181033	1	4	14	17	4	9000
IN181033	2	3	1	5	3	450
IN181035	1	0	0	0	0	0
IN181036	1	3	1	11	3	200
IN181037	1	7	1	11	7	250
IN181038	1	6	30	26	6	800
IN181038	2	2	1	29	2	200
IN181038	3	1	7	11	0	-88
IN181039	1	3	1	11	3	500
IN181040	1	4	1	11	4	400
IN181041	1	4	4	11	4	3800
IN181041	2	4	1	11	4	300
IN181042	1	3	1	11	3	200
IN181043	1	5	30	23	5	1300
IN181044	1	4	1	1	4	150
IN181044	2	0	1	1	0	0
IN181044	3	0	1	1	0	0
IN181045	1	2	1	29	2	120
IN181045	2	6	30	7	6	1150
IN181045	3	0	1	1	0	0
IN181046	1	4	1	5	4	350
IN181046	2	4	30	7	4	650
IN181047	1	4	1	29	4	300
IN181047	2	3	4	11	3	2600
IN181047	3	1	7	11	0	-88
IN181048	1	4	1	11	4	400
IN181049	1	2	4	11	0	-88
IN181049	2	4	1	29	4	600
IN181050	1	8	15	12	8	4000
IN181050	2	3	30	26	3	350
IN191001	1	4	1	11	4	200
IN191001	2	1	7	11	0	-88
IN191002	1	4	1	11	4	400
IN191002	2	2	4	11	2	1000
IN191003	1	3	1	11	3	500
IN191004	1	4	1	11	4	280
IN191004	2	2	1	29	2	120
IN191005	1	4	1	11	4	280
IN191005	2	3	1	29	3	200
IN191006	1	2	4	11	2	2000
IN191006	2	4	1	11	4	500
IN191007	1	5	1	11	5	450
IN191007	2	2	4	11	2	400
IN191007	3	1	5	11	1	14000
IN191008	1	1	5	11	0	-88
IN191008	2	6	1	11	6	400
IN191008	3	2	4	11	2	500
IN191010	1	6	1	11	6	700
IN191011	1	4	1	15	0	-88
IN191011	2	3	1	11	4	280
IN191012	1	15	1	1	10	300
IN191013	1	3	5	11	3	40000
IN191013	2	8	1	11	11	500
IN191013	3	1	2	11	1	6000
IN191013	4	2	4	11	2	500
IN191014	1	2	1	29	2	200
IN191015	1	2	4	11	2	2000
IN191015	2	5	1	11	5	150
IN191015	3	1	7	11	0	-88
IN191016	1	1	5	11	1	10000
IN191016	2	5	1	11	5	300
IN191016	3	2	4	11	2	400
IN191017	1	2	1	11	2	400
IN191018	1	2	1	11	2	100
IN191019	1	4	1	11	4	60
IN191019	2	3	4	11	3	1500
IN191020	1	4	1	11	4	500
IN191021	1	6	1	11	6	400
IN191022	1	7	1	11	7	220
IN191022	2	1	7	11	0	-88
IN191023	1	4	1	11	4	1000
IN191024	1	9	1	11	9	320
IN191024	2	7	1	11	0	-88
IN191027	1	3	1	11	3	400
IN191027	2	1	4	11	1	600
IN191027	3	1	3	11	1	500
IN191028	1	4	1	11	4	500
IN191028	2	1	4	11	1	600
IN191029	1	6	1	11	6	450
IN191029	2	2	4	11	2	1600
IN191030	1	6	1	11	6	400
IN191030	2	2	4	11	2	1500
IN191031	1	10	1	11	10	300
IN191031	2	10	23	23	10	16000
IN191031	3	6	5	11	6	18000
IN191032	1	1	5	11	1	600000
IN191032	2	10	1	11	10	300
IN191032	3	1	21	21	1	2100
IN191032	4	10	23	23	10	5000
IN191033	1	10	1	11	10	300
IN191033	2	10	5	11	10	5000
IN191033	3	1	7	11	0	0
IN191034	1	2	5	11	2	40000
IN191034	2	1	3	11	1	4000
IN191034	3	1	2	11	1	10000
IN191034	4	10	1	11	10	800
IN191034	5	2	4	11	2	600
IN191035	1	1	5	11	1	12000
IN191035	2	1	3	11	1	3800
IN191035	3	1	2	11	0	-88
IN191035	4	6	1	11	6	700
IN191036	1	1	5	11	1	12000
IN191036	2	1	3	11	1	1500
IN191036	3	7	1	11	7	450
IN191036	4	2	4	11	2	520
IN191037	1	1	5	11	1	20000
IN191037	2	1	3	11	1	3200
IN191037	3	7	1	11	7	800
IN191038	1	1	5	11	1	28000
IN191038	2	1	3	11	1	1500
IN191038	3	2	4	11	2	450
IN191038	4	7	1	11	7	350
IN191039	1	13	15	12	13	2000
IN191039	2	10	30	26	10	600
IN191040	1	7	1	11	7	500
IN191040	2	2	4	11	2	1200
IN191042	1	5	13	26	5	350
IN191043	1	1	21	21	1	1500
IN191044	1	1	5	11	1	18000
IN191044	2	1	21	21	1	3500
IN191045	1	2	4	11	2	2000
IN191045	2	1	3	11	1	3000
IN191046	1	3	4	11	3	3000
IN191046	2	1	7	11	0	-88
IN191046	3	1	3	11	1	1500
IN191047	1	3	4	11	3	2200
IN191047	2	1	3	11	1	1800
IN191047	3	6	30	26	6	2000
IN191048	1	4	1	11	4	70
IN191049	1	4	1	11	4	200
IN191050	1	5	30	26	5	1200
IN191050	2	2	1	29	2	200
IN201002	1	10	13	7	10	500
IN201003	1	 	25	24	2	4000
IN201004	1	1	25	24	1	100000
IN201004	2	6	23	23	6	50000
IN201006	1	0	30	7	90	200000
IN201009	1	7	23	23	5	20000
IN201009	2	1	21	21	2	4500
IN201010	1	1	23	23	4	25000
IN201010	2	4	25	24	1	20000
IN201015	1	6	13	7	60	200
IN201016	1	1	13	7	2	100000
IN201021	1	 	23	23	8	25000
IN201025	1	10	30	26	10	3000
IN201032	1	20	9	2	20	8000
IN201033	1	1	30	26	8	25000
IN201034	1	1	21	21	3	12000
IN201037	1	 	15	12	4	6000
IN201042	1	1	25	24	0	-77
