CHILDID	ACTIDR3	ACTR3	ACTOWNR3	ACTMTHR3	ACTDAYHR3	ACTHRSR3	PYMRECR3
IN011001	1	2	1	12	30	1	0
IN011002	1	2	1	12	30	1	0
IN011003	1	2	1	12	30	1	0
IN011004	1	2	1	12	20	1	0
IN011004	2	6	2	4	5	8	2
IN011005	1	2	1	12	30	1	0
IN011006	1	2	1	12	30	2	0
IN011007	1	2	1	12	6	2	0
IN011008	1	2	1	12	30	1	0
IN011009	1	2	1	12	5	2	0
IN011012	1	2	1	12	30	1	0
IN011014	1	2	1	12	30	6	0
IN011015	1	2	1	12	28	2	0
IN011016	1	2	1	12	25	1	0
IN011019	1	4	1	5	20	1	0
IN011021	1	2	1	12	30	2	0
IN011023	1	2	1	12	12	1	0
IN011024	1	2	1	12	26	1	0
IN011026	1	2	1	2	15	1	0
IN011027	1	2	1	12	30	2	0
IN011028	1	6	2	8	25	10	1
IN011030	1	2	1	12	8	2	0
IN011031	1	6	2	10	20	10	1
IN011036	1	2	1	12	30	1	0
IN011037	1	2	1	12	30	1	0
IN011038	1	4	2	2	24	10	1
IN011038	2	2	1	12	30	1	0
IN011039	1	7	2	2	25	10	1
IN011039	2	4	2	2	10	4	1
IN011044	1	2	1	12	30	1	0
IN011044	2	1	2	3	20	6	1
IN011047	1	2	1	12	30	2	0
IN011048	1	2	1	12	30	1	0
IN011049	1	2	1	12	30	1	0
IN011050	1	2	1	12	30	2	0
IN021001	1	2	1	12	30	8	4
IN021001	2	6	2	3	26	7	1
IN021002	1	5	2	6	15	8	1
IN021002	2	2	1	12	27	2	4
IN021004	1	7	1	12	30	7	0
IN021005	1	2	1	3	25	2	0
IN021007	1	1	2	2	30	8	1
IN021007	2	2	1	3	15	3	0
IN021008	1	3	1	10	30	1	0
IN021008	2	2	1	12	24	2	0
IN021009	1	2	1	12	5	1	0
IN021009	2	1	2	1	7	3	1
IN021010	1	1	1	1	6	8	1
IN021010	2	2	1	3	20	2	0
IN021012	1	2	1	12	26	2	0
IN021012	2	1	2	2	20	6	1
IN021013	1	2	1	12	30	2	0
IN021013	2	1	1	3	10	1	0
IN021015	1	1	2	4	10	8	1
IN021015	2	2	1	10	20	2	0
IN021018	1	2	1	12	24	1	0
IN021020	1	2	1	2	30	2	0
IN021021	1	2	1	2	20	2	0
IN021021	2	1	2	1	4	8	1
IN021022	1	1	2	3	20	6	1
IN021022	2	2	1	3	24	2	0
IN021023	1	1	2	1	3	9	1
IN021023	2	2	1	12	10	1	0
IN021023	3	7	2	1	3	6	1
IN021024	1	2	1	3	20	2	0
IN021025	1	1	2	2	6	8	1
IN021025	2	2	1	12	8	1	0
IN021026	1	1	2	1	6	8	1
IN021026	2	2	1	2	20	2	0
IN021027	1	2	1	3	30	3	0
IN021028	1	2	1	4	30	1	0
IN021029	1	2	1	10	15	2	0
IN021030	1	1	1	3	5	5	0
IN021030	2	2	1	3	3	1	0
IN021031	1	1	1	6	15	8	0
IN021031	2	2	1	12	15	2	0
IN021032	1	1	2	12	25	8	1
IN021032	2	2	1	5	2	4	0
IN021033	1	2	1	12	24	2	0
IN021033	2	1	1	10	25	10	1
IN021034	1	1	2	6	15	8	1
IN021035	1	1	1	6	20	8	0
IN021035	2	2	1	12	30	4	0
IN021036	1	1	2	2	5	8	1
IN021036	2	2	1	5	2	1	0
IN021037	1	1	2	5	25	9	1
IN021037	2	6	2	3	10	8	1
IN021037	3	2	1	2	15	2	0
IN021038	1	1	2	4	25	7	1
IN021038	2	1	2	3	5	8	1
IN021038	3	6	2	3	10	7	1
IN021039	1	6	2	3	24	6	1
IN021042	1	2	1	3	20	2	0
IN021043	1	2	1	8	15	2	0
IN021043	2	1	1	2	30	4	1
IN021044	1	6	2	9	10	9	1
IN021044	2	2	1	10	5	2	0
IN021045	1	6	2	6	15	9	1
IN021046	1	2	1	12	25	2	0
IN021046	2	1	1	1	25	5	1
IN021047	1	2	1	12	28	2	0
IN021047	2	3	1	3	20	1	0
IN021049	1	2	1	12	30	2	0
IN021049	2	3	1	12	20	1	0
IN021050	1	6	2	3	15	8	1
IN021050	2	2	1	12	2	1	0
IN031003	1	4	1	12	30	3	0
IN031003	2	7	1	5	30	2	1
IN031016	1	4	2	12	26	11	1
IN031021	1	2	0	12	30	1	0
IN031028	1	2	1	12	30	4	0
IN031030	1	2	1	12	30	2	0
IN031032	1	6	1	4	15	8	1
IN031033	1	2	1	2	15	2	0
IN031035	1	6	1	3	30	8	1
IN031037	1	6	2	4	6	6	2
IN031039	1	2	1	12	25	1	0
IN031050	1	2	1	12	30	1	0
IN041001	1	2	1	2	20	1	0
IN041002	1	1	2	3	4	8	1
IN041002	2	1	1	4	5	6	0
IN041003	1	1	2	1	5	6	1
IN041003	2	2	1	12	30	1	0
IN041004	1	2	1	2	30	2	0
IN041006	1	2	1	3	20	1	0
IN041007	1	2	1	2	30	1	0
IN041009	1	1	1	3	3	6	0
IN041010	1	1	2	2	20	8	1
IN041010	2	2	2	2	10	8	0
IN041011	1	2	1	2	30	2	0
IN041011	2	1	2	2	10	8	1
IN041012	1	2	1	12	30	1	0
IN041013	1	7	1	3	5	6	0
IN041015	1	2	1	12	24	1	0
IN041015	2	6	1	1	7	6	1
IN041016	1	2	1	2	30	2	0
IN041017	1	6	2	1	7	8	1
IN041019	1	2	1	2	30	2	0
IN041020	1	2	1	2	30	1	0
IN041020	2	6	1	2	10	6	1
IN041021	1	6	2	2	4	8	1
IN041021	2	2	1	3	5	2	0
IN041022	1	1	2	1	10	8	1
IN041022	2	2	1	2	15	1	0
IN041023	1	1	2	6	10	7	1
IN041023	2	1	1	6	10	7	0
IN041023	3	2	1	12	5	1	0
IN041024	1	1	1	2	30	6	0
IN041024	2	6	1	1	6	5	1
IN041025	1	7	1	3	5	5	0
IN041026	1	1	2	3	20	6	1
IN041026	2	6	1	2	12	7	1
IN041026	3	2	1	9	30	2	0
IN041026	4	3	1	9	30	1	0
IN041031	1	1	1	12	30	1	0
IN041032	1	3	1	12	30	1	0
IN041033	1	6	2	2	15	7	1
IN041033	2	2	1	2	15	1	0
IN041036	1	2	1	2	26	1	0
IN041038	1	2	1	12	30	1	0
IN041039	1	2	1	12	30	2	0
IN041040	1	2	1	12	30	1	0
IN041043	1	2	1	2	10	1	0
IN041045	1	2	1	12	24	1	0
IN041046	1	2	1	2	10	2	0
IN041047	1	2	1	12	30	2	0
IN041049	1	7	1	10	5	2	0
IN051002	1	1	1	5	20	1	0
IN051005	1	1	1	4	6	1	0
IN051010	1	2	1	12	30	2	0
IN051013	1	1	2	6	15	6	1
IN051013	2	6	2	2	15	6	1
IN051014	1	6	2	6	20	6	1
IN051015	1	6	2	6	30	12	3
IN051016	1	1	1	8	5	1	0
IN051017	1	4	1	6	30	10	1
IN051019	1	5	2	10	20	10	1
IN051021	1	5	2	10	20	10	1
IN051022	1	2	1	12	30	3	0
IN051024	1	6	2	12	26	11	1
IN051025	1	2	1	12	30	2	0
IN051026	1	2	1	8	15	1	0
IN051028	1	6	2	10	20	10	1
IN051034	1	2	1	12	30	3	0
IN051037	1	2	1	12	30	2	0
IN051039	1	2	1	12	30	2	0
IN051040	1	2	1	12	30	1	0
IN051045	1	2	1	12	30	2	0
IN051046	1	6	2	10	24	9	1
IN051047	1	6	2	8	24	8	1
IN051050	1	6	2	12	30	7	2
IN061001	1	2	1	12	30	2	0
IN061002	1	2	1	12	30	2	0
IN061003	1	2	1	12	30	2	0
IN061004	1	1	1	2	24	6	1
IN061004	2	2	1	7	25	1	0
IN061006	1	6	2	12	30	8	1
IN061011	1	2	1	12	30	5	0
IN061012	1	2	1	12	30	4	0
IN061013	1	2	1	12	30	8	0
IN061014	1	2	1	10	20	1	0
IN061018	1	2	1	12	30	2	0
IN061020	1	2	1	12	30	2	0
IN061021	1	2	1	12	30	1	0
IN061022	1	2	1	12	30	6	0
IN061023	1	2	1	12	30	2	0
IN061025	1	2	1	12	20	1	0
IN061026	1	2	1	12	30	1	0
IN061026	2	7	1	3	26	9	1
IN061026	3	1	1	1	20	8	1
IN061028	1	2	1	12	20	3	0
IN061030	1	2	1	12	30	3	0
IN061031	1	6	1	3	26	10	1
IN061031	2	2	1	9	30	4	0
IN061032	1	2	1	12	30	3	0
IN061036	1	2	1	12	30	5	0
IN061037	1	2	1	10	20	1	0
IN061038	1	1	1	6	15	1	0
IN061039	1	2	1	12	30	1	0
IN061040	1	1	1	10	25	8	1
IN061041	1	2	1	4	20	1	0
IN061042	1	6	2	10	15	8	1
IN061042	2	2	1	12	25	2	0
IN061043	1	2	1	12	25	2	0
IN061044	1	2	1	12	30	2	0
IN061045	1	2	2	10	20	1	0
IN061046	1	2	1	12	30	3	0
IN061047	1	7	1	8	20	9	0
IN061047	2	1	1	3	20	8	1
IN061048	1	2	1	12	25	2	0
IN071001	1	1	1	12	10	1	0
IN071002	1	2	1	12	30	8	0
IN071003	1	6	1	12	24	8	1
IN071004	1	1	1	10	5	2	0
IN071004	2	2	1	12	30	10	0
IN071006	1	2	1	12	30	3	0
IN071008	1	2	1	12	30	2	0
IN071011	1	2	1	12	30	10	0
IN071012	1	2	1	12	30	2	0
IN071015	1	2	1	10	20	2	0
IN071018	1	2	1	12	30	3	0
IN071019	1	2	1	12	30	4	0
IN071019	2	6	1	2	2	8	1
IN071021	1	2	1	12	20	2	0
IN071022	1	2	1	12	30	2	0
IN071024	1	2	1	12	30	3	1
IN071025	1	2	1	12	30	5	0
IN071026	1	2	1	12	30	2	0
IN071027	1	2	1	6	20	1	0
IN071028	1	6	2	6	5	6	1
IN071029	1	2	1	12	26	2	0
IN071031	1	2	1	12	20	2	0
IN071033	1	2	1	6	20	2	0
IN071034	1	2	1	7	15	1	0
IN071035	1	1	1	4	6	1	0
IN071036	1	2	1	12	30	3	0
IN071037	1	2	1	12	20	3	0
IN071038	1	2	1	12	20	7	0
IN071039	1	2	1	12	30	3	0
IN071039	2	3	1	12	30	2	0
IN071041	1	2	1	12	30	4	0
IN071043	1	2	1	10	25	1	0
IN071045	1	6	1	4	25	8	1
IN071045	2	2	1	4	30	2	0
IN071046	1	2	1	12	25	2	0
IN071047	1	2	1	12	22	1	0
IN071048	1	2	1	10	20	1	0
IN071050	1	2	1	12	30	2	0
IN081001	1	2	1	12	26	3	0
IN081001	2	6	2	1	5	7	1
IN081003	1	2	1	9	20	2	0
IN081005	1	2	1	12	28	2	0
IN081006	1	2	1	4	10	2	0
IN081007	1	2	1	3	8	2	0
IN081007	2	6	2	6	8	6	1
IN081007	3	1	1	4	9	2	0
IN081008	1	2	1	12	29	1	0
IN081009	1	2	1	2	10	2	0
IN081011	1	2	1	9	30	6	0
IN081013	1	1	2	8	20	8	1
IN081013	2	2	1	9	19	2	0
IN081014	1	1	1	6	20	8	2
IN081014	2	2	1	12	24	3	0
IN081015	1	7	1	8	15	4	0
IN081015	2	2	1	12	27	4	0
IN081016	1	1	2	6	17	8	2
IN081016	2	2	1	8	21	2	0
IN081017	1	2	1	12	30	2	0
IN081019	1	7	2	9	15	7	2
IN081019	2	1	2	6	12	8	1
IN081019	3	2	1	9	20	3	0
IN081019	4	3	1	5	20	2	0
IN081020	1	2	1	12	26	5	0
IN081021	1	2	1	8	19	1	0
IN081022	1	2	1	7	5	2	0
IN081023	1	1	1	3	10	4	1
IN081023	2	2	1	12	20	2	0
IN081024	1	6	2	10	22	8	1
IN081025	1	2	1	12	25	4	0
IN081026	1	7	1	3	15	12	3
IN081026	2	7	1	0	0	0	0
IN081028	1	1	2	5	13	8	2
IN081028	2	2	1	9	20	2	0
IN081029	1	2	1	8	18	2	0
IN081030	1	6	2	3	18	8	1
IN081030	2	1	2	4	15	8	1
IN081030	3	2	1	9	20	2	0
IN081031	1	1	1	1	10	6	1
IN081031	2	2	1	12	30	1	0
IN081032	1	2	1	12	30	1	0
IN081033	1	2	1	10	25	1	0
IN081034	1	1	1	2	15	2	0
IN081035	1	2	1	12	25	1	0
IN081036	1	2	1	12	30	2	0
IN081036	2	1	1	3	20	3	1
IN081037	1	2	1	12	30	2	0
IN081039	1	1	1	3	6	20	0
IN081039	2	2	1	8	30	1	0
IN081040	1	2	1	3	20	8	1
IN081041	1	2	1	11	25	1	0
IN081042	1	1	2	1	7	5	2
IN081042	2	2	1	12	30	2	0
IN081044	1	2	1	12	24	2	0
IN081045	1	2	1	7	15	1	0
IN081046	1	2	1	12	20	2	0
IN081047	1	6	2	6	20	8	3
IN081047	2	2	1	12	26	4	0
IN081048	1	6	2	8	20	6	1
IN081048	2	2	1	12	10	8	0
IN081049	1	2	1	12	21	1	0
IN081050	1	2	1	12	10	1	0
IN091002	1	2	1	8	20	2	0
IN091007	1	1	1	4	16	6	0
IN091007	2	6	1	1	14	8	1
IN091007	3	2	1	10	28	5	0
IN091008	1	1	1	3	14	7	0
IN091008	2	6	1	1	7	8	1
IN091008	3	2	1	9	25	6	0
IN091009	1	7	1	8	20	8	1
IN091009	2	7	1	2	30	8	1
IN091012	1	7	1	4	15	10	1
IN091012	2	2	1	10	25	1	0
IN091013	1	1	1	4	14	5	1
IN091014	1	2	1	8	15	7	0
IN091015	1	2	1	12	24	4	0
IN091016	1	2	1	12	25	4	0
IN091017	1	1	1	4	23	8	3
IN091017	2	6	1	3	24	8	1
IN091017	3	2	1	9	20	4	0
IN091017	4	3	1	10	15	1	0
IN091018	1	1	1	3	10	9	1
IN091019	1	2	1	12	26	4	0
IN091020	1	6	2	12	15	7	1
IN091020	2	2	1	12	30	2	2
IN091022	1	7	1	5	15	6	1
IN091022	2	2	1	12	15	4	0
IN091025	1	7	1	10	22	7	0
IN091025	2	2	1	7	18	2	0
IN091026	1	1	1	3	20	6	0
IN091026	2	2	1	12	30	3	0
IN091026	3	6	1	3	20	4	3
IN091027	1	7	1	7	15	8	1
IN091027	2	2	1	6	18	3	0
IN091027	3	3	1	5	20	1	0
IN091028	1	1	1	1	30	8	3
IN091028	2	2	1	3	10	3	0
IN091029	1	2	1	12	20	6	0
IN091029	2	1	1	6	15	8	3
IN091031	1	2	1	12	30	1	0
IN091033	1	2	1	12	30	1	0
IN091036	1	1	1	5	15	8	2
IN091039	1	2	1	1	10	3	0
IN091040	1	7	1	12	30	9	1
IN091040	2	2	1	12	30	4	0
IN091041	1	1	1	7	23	6	0
IN091041	2	2	1	2	25	2	0
IN091042	1	2	1	12	26	2	1
IN091042	2	7	1	1	21	4	1
IN091042	3	1	1	2	4	5	1
IN091044	1	1	1	1	20	8	3
IN091044	2	2	1	12	30	2	0
IN091045	1	1	1	2	7	4	1
IN091045	2	2	1	1	10	2	0
IN091046	1	2	1	7	20	1	0
IN091047	1	1	1	2	17	8	3
IN091047	2	2	1	1	15	2	0
IN091049	1	7	1	12	20	9	1
IN091050	1	7	1	11	20	8	3
IN091050	2	2	1	1	10	2	0
IN101003	1	2	1	12	15	1	0
IN101004	1	2	1	12	20	1	0
IN101005	1	2	1	9	10	1	0
IN101007	1	2	1	12	30	1	0
IN101008	1	2	1	10	20	1	0
IN101011	1	2	1	12	10	1	0
IN101012	1	2	1	8	12	1	0
IN101013	1	2	1	12	15	1	0
IN101016	1	2	1	12	25	1	0
IN101016	2	7	2	12	28	10	1
IN101017	1	2	1	8	12	1	0
IN101019	1	2	1	12	10	1	0
IN101020	1	2	1	9	22	8	0
IN101021	1	2	1	12	20	1	0
IN101022	1	2	1	12	20	1	0
IN101024	1	2	1	12	20	1	0
IN101025	1	2	1	10	20	1	0
IN101026	1	2	1	6	10	1	0
IN101027	1	2	1	8	20	1	0
IN101028	1	2	1	12	25	1	0
IN101030	1	2	1	8	20	1	0
IN101031	1	2	1	10	19	1	0
IN101032	1	2	1	12	25	1	0
IN101033	1	2	1	7	18	1	0
IN101034	1	2	1	12	20	1	0
IN101035	1	7	1	12	30	11	1
IN101035	2	2	1	12	30	1	0
IN101036	1	2	1	12	25	2	0
IN101037	1	2	1	12	24	1	0
IN101038	1	2	1	7	9	1	0
IN101039	1	2	1	9	20	6	0
IN101040	1	2	1	12	20	2	0
IN101042	1	2	1	12	23	2	0
IN101043	1	6	2	10	25	8	1
IN101043	2	2	1	12	28	1	0
IN101044	1	2	1	12	25	1	0
IN101044	2	4	2	10	30	9	3
IN101045	1	2	1	12	28	2	0
IN101046	1	2	1	8	18	5	0
IN101047	1	2	1	12	28	1	0
IN101048	1	2	1	12	20	1	0
IN101050	1	2	1	12	25	1	0
IN111001	1	2	1	12	12	3	0
IN111003	1	2	1	9	23	1	0
IN111004	1	6	2	12	30	12	1
IN111004	2	2	1	12	25	1	0
IN111006	1	2	1	10	20	2	0
IN111006	2	6	1	5	5	8	1
IN111007	1	6	2	5	25	10	1
IN111008	1	6	2	1	30	10	1
IN111008	2	2	1	10	20	3	0
IN111009	1	2	1	12	30	3	0
IN111010	1	2	1	10	25	2	0
IN111011	1	2	1	10	20	2	0
IN111013	1	2	1	10	26	3	0
IN111013	2	1	1	6	5	6	0
IN111014	1	2	1	3	16	4	0
IN111015	1	2	1	10	25	2	0
IN111016	1	2	1	8	20	1	0
IN111018	1	2	1	10	25	4	0
IN111020	1	1	1	8	20	8	3
IN111020	2	2	1	12	25	3	0
IN111021	1	2	1	12	30	2	0
IN111021	2	6	2	9	25	8	4
IN111022	1	6	2	2	20	8	1
IN111022	2	2	1	10	25	4	0
IN111023	1	2	1	10	18	1	0
IN111023	2	1	1	3	12	2	0
IN111024	1	7	2	12	25	9	0
IN111024	2	2	1	10	12	2	0
IN111025	1	2	1	12	30	6	0
IN111025	2	1	1	6	4	4	0
IN111026	1	1	1	4	10	8	0
IN111027	1	1	1	7	20	6	0
IN111027	2	2	1	12	30	5	0
IN111028	1	1	2	5	20	6	0
IN111028	2	2	1	7	25	3	0
IN111029	1	2	1	9	4	1	0
IN111031	1	2	1	12	20	2	0
IN111032	1	2	1	11	27	2	0
IN111033	1	2	1	12	30	1	0
IN111034	1	2	1	10	25	3	0
IN111034	2	1	2	2	20	8	1
IN111035	1	2	1	7	25	4	0
IN111035	2	7	1	5	10	2	0
IN111036	1	2	1	10	20	2	0
IN111038	1	1	1	6	15	4	0
IN111038	2	2	1	5	12	3	0
IN111039	1	1	1	6	15	1	0
IN111039	2	2	1	5	10	1	0
IN111040	1	2	1	10	25	2	0
IN111041	1	1	1	6	20	6	1
IN111041	2	2	1	12	30	4	0
IN111043	1	2	1	10	25	3	0
IN111044	1	1	2	2	10	7	1
IN111044	2	2	1	8	25	4	0
IN111045	1	7	2	12	5	4	2
IN111046	1	2	1	10	26	2	0
IN111047	1	2	1	8	20	2	0
IN111047	2	1	1	3	15	2	0
IN111048	1	2	1	8	18	3	0
IN111048	2	1	1	3	10	2	0
IN111049	1	1	1	8	12	7	3
IN111049	2	2	1	12	22	4	2
IN111050	1	3	1	3	20	3	0
IN111050	2	2	1	10	27	3	0
IN111051	1	2	1	10	20	2	0
IN111053	1	2	1	12	21	2	0
IN111053	2	1	1	8	16	1	0
IN111055	1	2	1	12	26	4	0
IN111055	2	6	1	6	20	8	1
IN111056	1	2	1	11	25	3	0
IN111057	1	2	1	12	30	2	0
IN121001	1	2	1	12	22	2	0
IN121003	1	2	1	12	30	5	0
IN121004	1	2	1	12	20	2	0
IN121005	1	2	1	4	10	1	0
IN121005	2	1	2	9	1	8	1
IN121006	1	2	1	11	25	2	0
IN121007	1	1	1	12	25	1	0
IN121008	1	2	1	12	20	2	0
IN121009	1	2	1	6	20	3	0
IN121010	1	2	1	12	22	3	0
IN121011	1	2	1	6	20	3	0
IN121012	1	2	1	9	25	3	0
IN121012	2	1	1	3	15	4	0
IN121013	1	2	1	10	20	2	0
IN121013	2	6	1	10	5	8	1
IN121014	1	2	1	12	5	2	0
IN121015	1	2	1	12	20	1	0
IN121016	1	2	1	10	20	1	0
IN121017	1	2	1	5	20	2	0
IN121019	1	2	1	12	23	3	0
IN121020	1	2	1	12	20	2	0
IN121020	2	1	1	12	4	7	0
IN121021	1	2	1	12	15	1	0
IN121023	1	2	1	12	22	3	0
IN121023	2	1	1	6	3	7	1
IN121024	1	2	1	12	28	3	0
IN121024	2	1	1	9	10	8	0
IN121024	3	1	2	4	5	8	1
IN121025	1	2	1	12	20	2	0
IN121026	1	2	1	12	20	2	0
IN121027	1	2	1	12	10	1	0
IN121028	1	2	1	12	10	2	0
IN121029	1	2	1	10	15	2	0
IN121030	1	2	1	9	25	2	0
IN121031	1	2	1	12	20	3	0
IN121031	2	1	2	12	4	8	1
IN121032	1	2	1	3	20	2	0
IN121033	1	2	1	10	20	2	0
IN121034	1	2	1	10	22	3	0
IN121035	1	2	1	12	20	3	0
IN121036	1	2	1	12	20	1	0
IN121037	1	2	1	12	28	2	0
IN121037	2	6	1	9	10	8	1
IN121038	1	2	1	12	27	2	0
IN121038	2	1	1	6	15	6	0
IN121039	1	2	1	10	15	3	0
IN121040	1	2	1	12	30	2	0
IN121041	1	1	2	5	8	16	3
IN121042	1	1	2	10	20	7	1
IN121043	1	2	1	10	20	2	0
IN121044	1	2	1	12	20	1	0
IN121045	1	1	2	2	20	6	3
IN121045	2	2	1	2	25	2	0
IN121046	1	1	2	8	20	7	3
IN121047	1	2	1	12	20	2	0
IN121048	1	2	1	9	20	2	0
IN121049	1	2	1	12	20	3	0
IN121050	1	2	1	9	20	2	0
IN121051	1	2	1	8	20	3	0
IN121051	2	1	2	3	20	8	1
IN131001	1	2	1	12	20	2	0
IN131002	1	2	1	12	22	2	0
IN131002	2	6	1	1	30	9	1
IN131003	1	2	1	12	20	1	0
IN131004	1	5	2	7	26	8	1
IN131004	2	2	1	7	24	2	0
IN131005	1	2	1	12	20	2	0
IN131005	2	1	1	6	4	8	1
IN131006	1	2	1	12	20	2	0
IN131007	1	2	1	10	20	5	0
IN131008	1	2	1	12	20	2	0
IN131009	1	2	1	12	20	2	0
IN131010	1	2	1	10	20	1	0
IN131011	1	2	1	12	20	2	0
IN131012	1	2	1	12	28	3	0
IN131013	1	2	1	12	20	1	0
IN131014	1	2	1	10	20	2	0
IN131015	1	2	1	12	20	2	0
IN131016	1	2	1	9	20	3	0
IN131017	1	2	1	12	20	2	0
IN131018	1	2	1	12	20	2	0
IN131019	1	2	1	12	10	2	0
IN131019	2	6	1	8	8	8	1
IN131020	1	7	1	12	28	12	0
IN131021	1	1	2	5	4	6	3
IN131023	1	6	1	12	24	10	1
IN131023	2	2	1	12	20	2	0
IN131024	1	2	1	12	20	5	0
IN131025	1	1	2	6	15	8	1
IN131025	2	2	1	12	20	2	0
IN131026	1	2	1	12	25	2	0
IN131028	1	2	1	12	15	2	0
IN131029	1	7	2	12	25	10	0
IN131030	1	2	1	12	20	2	0
IN131031	1	2	1	12	20	2	0
IN131032	1	2	1	12	20	2	0
IN131034	1	2	1	12	20	2	0
IN131035	1	2	1	12	20	2	0
IN131035	2	7	1	4	15	9	0
IN131036	1	2	1	12	25	2	0
IN131037	1	2	1	12	20	2	0
IN131038	1	2	1	12	20	2	0
IN131040	1	2	1	10	27	2	0
IN131041	1	2	1	12	25	6	0
IN131042	1	1	1	9	3	8	0
IN131042	2	2	1	10	24	2	0
IN131043	1	2	1	2	20	2	0
IN131045	1	2	1	12	26	2	0
IN131046	1	2	1	12	15	1	0
IN131047	1	2	1	12	30	6	0
IN131047	2	6	1	6	20	5	1
IN131048	1	2	1	9	20	3	0
IN131049	1	2	1	12	20	2	0
IN131050	1	2	1	12	25	1	0
IN141001	1	2	1	12	30	2	0
IN141002	1	2	1	12	15	1	0
IN141003	1	2	1	12	30	2	0
IN141004	1	2	1	12	15	3	0
IN141005	1	2	1	11	20	1	0
IN141006	1	2	1	4	15	2	0
IN141007	1	2	1	11	28	1	0
IN141009	1	1	1	10	4	1	0
IN141010	1	4	1	12	30	2	0
IN141011	1	2	1	12	30	2	0
IN141013	1	2	1	12	30	2	0
IN141014	1	2	1	10	15	1	0
IN141015	1	2	1	12	30	3	0
IN141016	1	2	1	12	6	2	0
IN141017	1	2	1	10	12	1	0
IN141018	1	2	1	11	24	1	0
IN141021	1	2	1	10	26	1	0
IN141022	1	2	1	10	8	1	0
IN141024	1	2	1	12	20	1	0
IN141026	1	2	1	12	25	1	0
IN141028	1	2	1	10	15	1	0
IN141029	1	2	1	1	22	1	0
IN141030	1	2	1	4	15	1	0
IN141031	1	2	1	12	25	2	0
IN141031	2	7	2	4	4	2	1
IN141032	1	2	1	10	4	1	0
IN141033	1	2	1	12	4	1	0
IN141034	1	2	1	12	15	1	0
IN141036	1	2	1	12	30	2	0
IN141037	1	5	1	12	25	1	0
IN141037	2	2	1	12	30	2	0
IN141038	1	6	1	8	24	8	1
IN141039	1	2	1	12	3	1	0
IN141040	1	2	1	8	10	1	1
IN141042	1	2	1	10	4	1	0
IN141043	1	2	1	2	10	2	0
IN141045	1	2	1	5	6	1	0
IN141046	1	2	1	12	30	1	0
IN141048	1	2	1	12	15	1	0
IN141049	1	2	1	12	4	1	0
IN141050	1	2	1	12	30	1	0
IN151001	1	2	1	12	22	2	0
IN151001	2	1	1	5	6	8	1
IN151002	1	2	1	2	25	1	0
IN151003	1	7	1	2	26	8	1
IN151004	1	2	1	12	30	1	0
IN151005	1	2	1	10	25	3	0
IN151005	2	1	1	4	5	8	0
IN151005	3	1	2	4	5	8	1
IN151006	1	6	1	2	22	8	1
IN151007	1	2	1	11	25	3	0
IN151007	2	1	2	2	5	8	1
IN151008	1	2	1	10	25	2	0
IN151008	2	1	2	5	3	8	1
IN151009	1	2	1	12	2	10	0
IN151010	1	2	1	11	23	1	0
IN151010	2	1	1	5	2	8	0
IN151011	1	1	1	2	15	8	1
IN151011	2	2	1	3	20	1	0
IN151012	1	2	1	4	15	6	0
IN151013	1	2	2	4	15	3	1
IN151013	2	1	1	2	5	8	0
IN151014	1	4	1	12	30	4	0
IN151015	1	2	1	10	10	1	0
IN151016	1	2	1	11	20	2	0
IN151017	1	1	1	6	5	8	1
IN151017	2	2	1	10	24	5	0
IN151018	1	1	1	8	4	8	1
IN151018	2	2	1	11	25	5	0
IN151019	1	2	1	3	10	3	0
IN151019	2	6	2	1	1	10	1
IN151020	1	6	1	2	10	6	1
IN151020	2	2	1	10	20	1	0
IN151021	1	1	1	6	18	7	0
IN151022	1	2	1	10	20	1	0
IN151023	1	6	1	2	15	4	1
IN151024	1	2	1	2	30	4	0
IN151024	2	6	2	1	1	15	1
IN151025	1	6	1	2	10	5	1
IN151026	1	6	1	2	10	4	1
IN151026	2	2	1	2	24	2	0
IN151027	1	2	1	7	20	2	0
IN151028	1	2	1	3	12	3	0
IN151028	2	1	1	2	5	8	0
IN151028	3	1	2	2	6	8	1
IN151028	4	7	1	1	30	5	1
IN151029	1	1	2	8	22	8	1
IN151029	2	2	1	11	25	3	0
IN151030	1	4	1	8	20	10	1
IN151030	2	2	1	11	27	4	0
IN151030	3	1	2	5	8	8	1
IN151031	1	1	2	5	4	8	1
IN151032	1	2	1	12	20	1	0
IN151033	1	1	1	2	10	8	1
IN151033	2	2	1	12	20	2	0
IN151034	1	1	2	5	18	8	1
IN151034	2	2	1	12	25	4	0
IN151035	1	2	1	6	27	2	0
IN151035	2	1	1	8	5	8	1
IN151036	1	2	1	1	5	3	0
IN151036	2	1	2	12	5	6	1
IN151037	1	4	2	3	30	13	1
IN151037	2	2	1	9	30	1	0
IN151038	1	2	1	12	20	1	0
IN151039	1	2	1	11	20	2	0
IN151041	1	1	1	6	6	3	0
IN151041	2	1	2	6	3	8	1
IN151041	3	2	1	10	25	3	0
IN151042	1	2	1	12	10	2	0
IN151042	2	7	1	10	20	3	0
IN151043	1	7	1	12	25	10	1
IN151044	1	1	1	2	10	8	1
IN151044	2	2	1	12	22	2	0
IN151045	1	1	2	10	4	8	1
IN151045	2	2	1	10	28	4	0
IN151046	1	6	1	2	24	6	1
IN151047	1	2	1	11	25	2	0
IN151047	2	7	2	9	28	9	1
IN151048	1	2	1	10	20	1	0
IN151049	1	1	2	9	22	8	1
IN151049	2	6	2	2	21	6	1
IN161001	1	1	2	3	15	6	1
IN161001	2	2	1	12	30	3	0
IN161003	1	1	2	6	20	7	1
IN161003	2	2	1	10	28	2	0
IN161004	1	2	1	4	18	5	0
IN161004	2	1	1	2	8	8	1
IN161005	1	2	1	2	25	2	0
IN161006	1	2	1	12	30	3	0
IN161006	2	4	1	12	30	8	0
IN161007	1	6	1	12	24	10	1
IN161008	1	2	1	2	20	4	0
IN161009	1	1	1	3	10	4	1
IN161010	1	2	1	2	15	2	0
IN161011	1	1	1	6	6	8	0
IN161011	2	2	1	10	25	3	0
IN161012	1	6	1	3	18	7	1
IN161012	2	1	1	6	20	8	1
IN161012	3	2	1	12	26	4	0
IN161013	1	1	1	3	15	4	1
IN161014	1	2	1	6	20	4	0
IN161015	1	1	1	4	5	6	0
IN161015	2	2	1	6	28	3	0
IN161016	1	1	1	2	10	6	0
IN161017	1	2	1	2	15	4	0
IN161018	1	3	1	12	30	8	0
IN161018	2	2	1	12	30	4	0
IN161019	1	1	2	2	6	7	1
IN161019	2	6	2	1	6	4	1
IN161019	3	2	1	3	20	4	1
IN161020	1	2	1	12	28	9	0
IN161022	1	1	1	9	20	8	0
IN161022	2	2	1	12	25	3	0
IN161023	1	2	1	12	25	2	0
IN161024	1	1	2	9	8	20	0
IN161025	1	1	1	3	12	6	1
IN161026	1	1	2	6	20	8	1
IN161026	2	2	1	12	28	3	0
IN161026	3	6	2	4	17	7	1
IN161027	1	2	1	12	10	5	0
IN161028	1	2	1	12	24	2	0
IN161029	1	2	1	4	20	1	0
IN161030	1	2	1	4	15	3	0
IN161030	2	1	1	1	5	8	0
IN161031	1	1	1	6	10	2	0
IN161031	2	2	1	11	25	4	0
IN161032	1	1	2	10	25	8	1
IN161032	2	2	1	10	25	3	0
IN161032	3	3	1	10	28	1	0
IN161033	1	7	1	12	4	8	1
IN161033	2	2	1	12	20	2	0
IN161034	1	2	1	10	8	4	0
IN161035	1	2	1	12	25	2	0
IN161035	2	1	1	10	3	8	0
IN161036	1	1	1	6	5	8	1
IN161036	2	2	1	10	25	2	0
IN161038	1	2	1	2	20	2	0
IN161039	1	2	1	5	10	2	0
IN161040	1	2	1	12	26	1	0
IN161041	1	2	1	3	10	2	0
IN161042	1	2	1	12	20	2	1
IN161042	2	6	2	1	3	7	1
IN161043	1	2	1	4	15	4	0
IN161044	1	2	1	2	22	1	0
IN161045	1	2	1	12	30	2	0
IN161046	1	2	1	4	3	5	0
IN161047	1	2	1	12	18	1	0
IN161048	1	1	2	2	5	8	1
IN161048	2	2	1	10	15	3	0
IN161048	3	3	1	10	15	1	0
IN161049	1	2	1	12	22	4	0
IN161049	2	3	1	8	20	1	0
IN161049	3	1	1	3	3	4	0
IN161050	1	2	1	11	25	5	0
IN161050	2	1	1	5	10	8	1
IN171002	1	2	1	12	30	4	0
IN171002	2	5	1	1	9	1	0
IN171002	3	7	2	12	22	1	1
IN171003	1	2	1	4	20	2	0
IN171004	1	2	1	12	30	3	0
IN171005	1	2	1	12	24	1	0
IN171005	2	1	1	10	5	6	0
IN171006	1	2	1	12	25	3	0
IN171007	1	2	1	12	26	3	0
IN171008	1	1	1	1	8	4	1
IN171008	2	2	1	8	15	2	0
IN171008	3	1	2	8	3	7	1
IN171009	1	6	2	5	20	8	2
IN171009	2	1	1	4	15	8	0
IN171009	3	3	1	12	24	2	0
IN171009	4	2	1	12	20	2	0
IN171012	1	1	1	6	18	1	1
IN171012	2	2	1	12	20	1	1
IN171013	1	6	2	12	25	8	1
IN171013	2	2	1	9	15	2	0
IN171013	3	3	1	12	25	2	0
IN171014	1	2	1	10	25	2	0
IN171015	1	1	1	10	25	8	0
IN171015	2	2	1	12	30	2	0
IN171016	1	2	1	12	30	2	0
IN171017	1	2	1	10	30	6	0
IN171018	1	2	1	10	25	8	0
IN171018	2	1	1	1	20	8	1
IN171019	1	6	2	1	11	8	1
IN171019	2	1	1	1	4	3	0
IN171019	3	2	1	10	15	1	0
IN171019	4	1	2	1	1	8	1
IN171020	1	1	2	3	15	8	1
IN171020	2	2	1	10	20	1	2
IN171020	3	3	1	9	20	1	0
IN171021	1	1	1	5	4	6	0
IN171021	2	1	2	4	5	7	1
IN171022	1	1	2	10	25	8	1
IN171022	2	2	1	8	30	3	0
IN171023	1	2	1	12	20	2	0
IN171024	1	2	1	11	24	3	0
IN171025	1	2	1	12	25	2	0
IN171025	2	1	2	1	1	2	0
IN171025	3	1	2	1	2	6	1
IN171026	1	1	1	10	15	1	1
IN171026	2	2	1	10	10	1	1
IN171027	1	1	1	12	6	2	1
IN171027	2	2	1	12	25	1	0
IN171027	3	6	2	2	20	8	1
IN171028	1	2	1	5	15	3	0
IN171029	1	2	1	12	20	2	0
IN171031	1	2	1	8	20	1	0
IN171031	2	6	2	2	30	14	3
IN171032	1	5	1	12	25	4	0
IN171033	1	1	1	6	15	6	1
IN171033	2	2	1	12	26	3	0
IN171034	1	2	1	12	25	3	0
IN171035	1	2	1	10	20	2	0
IN171035	2	3	2	4	15	1	0
IN171035	3	1	1	3	10	1	0
IN171036	1	2	1	8	25	2	0
IN171037	1	6	2	1	2	8	1
IN171037	2	2	1	2	15	2	0
IN171038	1	2	1	12	24	2	0
IN171039	1	2	1	10	25	3	0
IN171040	1	2	1	12	20	3	0
IN171040	2	1	1	3	18	7	0
IN171041	1	2	1	12	20	2	0
IN171041	2	1	1	3	5	8	0
IN171042	1	1	1	6	3	3	0
IN171043	1	2	1	11	25	2	1
IN171043	2	1	1	3	9	2	1
IN171043	3	1	2	1	2	3	1
IN171044	1	3	1	10	20	1	2
IN171044	2	2	1	8	15	2	2
IN171045	1	2	1	10	26	3	0
IN171046	1	2	1	6	20	2	0
IN171046	2	1	1	2	10	2	0
IN171046	3	3	1	2	15	2	0
IN171047	1	1	2	2	7	8	1
IN171047	2	1	1	10	6	8	0
IN171047	3	1	1	2	20	8	0
IN171048	1	2	1	10	20	2	2
IN171048	2	1	1	2	2	4	2
IN171049	1	1	2	6	5	8	1
IN171049	2	2	1	12	20	2	0
IN171050	1	2	1	4	10	2	0
IN181002	1	1	2	10	18	8	1
IN181002	2	2	1	12	24	3	0
IN181003	1	2	1	10	20	2	0
IN181004	1	2	1	12	20	1	0
IN181004	2	1	1	4	3	1	0
IN181005	1	1	1	2	8	8	1
IN181006	1	4	1	10	30	2	0
IN181007	1	2	1	6	15	1	0
IN181007	2	3	1	5	10	1	0
IN181007	3	1	2	2	3	7	0
IN181007	4	6	1	3	4	4	2
IN181008	1	2	1	12	20	3	0
IN181009	1	2	1	8	20	1	1
IN181010	1	2	1	10	20	3	0
IN181011	1	2	1	12	20	2	0
IN181011	2	1	1	3	3	4	0
IN181012	1	2	1	12	25	1	1
IN181013	1	7	2	9	30	10	3
IN181014	1	1	1	4	7	8	1
IN181015	1	2	1	12	20	3	0
IN181015	2	1	1	3	3	6	0
IN181016	1	2	1	12	25	2	0
IN181017	1	2	1	12	28	1	0
IN181018	1	1	1	10	20	8	0
IN181018	2	2	1	12	25	2	0
IN181019	1	2	1	4	4	8	0
IN181019	2	1	1	10	20	2	0
IN181020	1	1	1	12	20	1	0
IN181020	2	2	1	12	20	1	0
IN181021	1	2	1	10	20	2	0
IN181022	1	7	1	12	25	10	0
IN181023	1	2	1	12	20	2	0
IN181024	1	2	1	12	20	2	0
IN181024	2	6	1	2	20	9	1
IN181025	1	2	1	8	6	2	0
IN181025	2	1	1	5	4	2	0
IN181025	3	3	1	8	6	1	0
IN181026	1	7	1	12	28	8	0
IN181026	2	2	1	12	20	2	0
IN181026	3	1	1	6	5	6	0
IN181027	1	2	1	8	20	2	0
IN181027	2	1	1	3	5	2	0
IN181028	1	2	1	12	28	2	0
IN181028	2	1	1	4	3	3	0
IN181029	1	2	1	12	20	1	0
IN181029	2	1	1	4	5	7	0
IN181029	3	6	1	1	5	8	1
IN181030	1	2	1	6	20	2	0
IN181030	2	7	1	6	15	6	0
IN181031	1	2	1	12	20	1	0
IN181031	2	6	1	1	5	4	1
IN181031	3	1	1	2	3	3	0
IN181032	1	7	1	10	25	8	0
IN181032	2	2	1	12	15	1	0
IN181032	3	1	1	3	5	6	0
IN181032	4	6	1	5	9	8	1
IN181033	1	2	1	5	28	1	0
IN181033	2	6	1	5	4	6	1
IN181035	1	2	1	12	25	1	0
IN181035	2	2	2	3	6	1	0
IN181036	1	2	1	12	25	1	0
IN181036	2	1	1	3	5	8	0
IN181036	3	6	1	4	8	9	2
IN181037	1	1	1	2	20	8	0
IN181037	2	2	1	10	25	1	0
IN181038	1	1	2	12	25	8	1
IN181038	2	2	1	12	20	3	0
IN181039	1	1	1	8	4	8	0
IN181040	1	6	2	6	20	8	1
IN181040	2	2	1	8	25	2	0
IN181040	3	3	1	7	20	2	0
IN181041	1	1	2	9	5	8	1
IN181041	2	2	1	12	24	3	0
IN181042	1	2	1	12	30	2	0
IN181043	1	7	2	10	20	5	1
IN181043	2	2	1	10	26	3	0
IN181044	1	2	1	6	20	2	0
IN181044	2	6	1	7	20	8	2
IN181045	1	6	1	12	18	9	1
IN181045	2	4	1	12	25	2	1
IN181045	3	2	1	12	22	2	0
IN181046	1	2	1	12	25	1	0
IN181047	1	2	1	8	15	1	0
IN181048	1	2	1	12	25	2	0
IN181048	2	1	1	2	10	6	0
IN181049	1	2	1	12	20	2	0
IN181049	2	1	1	2	3	8	0
IN191001	1	2	1	8	20	1	0
IN191002	1	3	1	8	30	2	0
IN191002	2	2	1	8	20	1	1
IN191002	3	1	2	4	5	2	3
IN191003	1	1	2	5	20	8	1
IN191003	2	6	2	3	20	8	1
IN191004	1	2	1	12	20	1	0
IN191004	2	6	2	2	10	8	0
IN191004	3	1	1	6	8	8	1
IN191005	1	2	1	6	12	1	0
IN191005	2	1	1	4	5	5	0
IN191006	1	1	1	10	24	8	0
IN191006	2	2	1	12	25	2	0
IN191007	1	2	1	12	25	1	0
IN191007	2	1	1	6	5	5	0
IN191007	3	6	2	3	4	8	1
IN191008	1	2	1	12	20	1	0
IN191008	2	6	2	2	15	8	1
IN191010	1	2	1	8	25	2	1
IN191010	2	3	1	6	20	2	1
IN191010	3	1	1	4	15	3	1
IN191011	1	6	2	4	25	9	1
IN191011	2	1	2	5	7	9	1
IN191011	3	2	1	10	20	1	0
IN191011	4	1	1	3	8	9	0
IN191012	1	7	1	12	28	10	0
IN191013	1	1	2	8	15	8	1
IN191013	2	1	1	3	6	3	0
IN191013	3	2	1	12	20	1	0
IN191014	1	2	1	10	20	2	0
IN191015	1	2	1	10	20	1	0
IN191015	2	1	1	4	30	8	0
IN191015	3	1	2	3	10	8	1
IN191016	1	2	1	12	20	1	0
IN191016	2	1	1	6	6	4	0
IN191017	1	1	1	6	4	8	0
IN191018	1	2	1	12	5	2	0
IN191018	2	1	2	4	4	8	1
IN191019	1	2	1	12	20	6	0
IN191019	2	3	1	8	15	3	0
IN191019	3	1	1	4	10	3	0
IN191020	1	1	1	4	16	8	0
IN191020	2	1	2	3	15	8	1
IN191021	1	2	1	10	18	2	0
IN191022	1	1	2	10	20	8	1
IN191022	2	2	1	10	30	2	0
IN191023	1	2	1	12	30	1	0
IN191023	2	1	2	10	5	8	1
IN191023	3	1	1	10	5	8	0
IN191024	1	1	2	7	22	8	1
IN191024	2	2	1	10	25	2	0
IN191025	1	1	2	8	20	8	3
IN191025	2	2	1	12	27	4	0
IN191026	1	1	2	12	20	8	3
IN191026	2	2	1	12	25	3	0
IN191027	1	2	1	12	5	5	0
IN191028	1	2	1	12	20	2	0
IN191028	2	1	1	9	4	8	0
IN191029	1	2	1	8	20	2	0
IN191029	2	3	1	6	15	1	0
IN191029	3	1	1	4	5	1	0
IN191030	1	2	1	6	20	2	0
IN191030	2	3	1	5	15	1	0
IN191030	3	1	1	4	4	4	0
IN191031	1	4	1	12	25	3	0
IN191031	2	1	1	6	5	6	0
IN191032	1	1	1	10	5	8	0
IN191033	1	1	1	10	20	3	0
IN191034	1	2	1	12	20	1	0
IN191034	2	1	1	8	18	1	0
IN191035	1	1	1	8	9	4	0
IN191035	2	2	1	12	1	1	0
IN191036	1	1	1	8	18	5	0
IN191036	2	2	1	12	25	1	0
IN191037	1	2	1	12	20	2	0
IN191037	2	1	1	5	8	5	0
IN191038	1	1	1	3	10	2	0
IN191038	2	2	1	12	20	1	0
IN191039	1	2	1	12	20	1	0
IN191040	1	3	1	12	30	4	0
IN191040	2	1	1	6	25	8	0
IN191040	3	2	1	12	30	2	0
IN191041	1	5	2	6	20	8	1
IN191041	2	3	1	12	30	4	0
IN191041	3	2	1	12	25	2	0
IN191042	1	2	1	10	30	2	0
IN191043	1	2	1	12	25	1	0
IN191044	1	2	1	11	24	2	0
IN191045	1	2	1	12	5	2	0
IN191046	1	1	1	8	24	8	0
IN191046	2	2	1	10	24	2	0
IN191046	3	6	2	3	10	8	1
IN191047	1	1	1	10	15	8	0
IN191047	2	1	2	10	4	8	1
IN191048	1	4	1	10	15	1	0
IN191049	1	2	1	12	20	2	0
IN191049	2	1	2	10	18	8	1
IN191050	1	2	1	9	20	8	0
IN191050	2	1	2	7	24	8	1
IN201002	1	2	1	12	30	2	1
IN201003	1	2	1	11	28	5	1
IN201003	2	3	1	10	23	2	0
IN201004	1	2	1	12	30	1	1
IN201004	2	4	1	12	30	2	1
IN201005	1	2	1	10	21	2	0
IN201006	1	2	1	12	22	1	0
IN201007	1	2	1	11	23	3	1
IN201008	1	2	1	12	20	1	0
IN201009	1	2	1	12	30	1	0
IN201010	1	4	1	12	30	1	0
IN201011	1	2	1	12	23	3	0
IN201012	1	2	1	12	30	2	0
IN201014	1	2	1	12	18	2	0
IN201016	1	2	1	12	24	1	0
IN201017	1	2	1	11	25	4	0
IN201018	1	2	1	12	30	2	0
IN201019	1	6	2	12	26	8	1
IN201022	1	2	1	12	30	1	0
IN201023	1	2	1	12	25	1	0
IN201024	1	2	1	12	30	1	0
IN201025	1	2	1	12	20	1	0
IN201026	1	4	2	12	20	5	1
IN201026	2	2	1	12	30	3	0
IN201027	1	2	1	12	26	1	0
IN201028	1	2	1	12	24	2	0
IN201029	1	2	1	2	30	6	0
IN201030	1	2	1	12	26	2	1
IN201032	1	2	1	12	30	1	0
IN201034	1	4	1	12	4	1	0
IN201036	1	2	1	12	25	2	0
IN201037	1	2	1	12	30	1	0
IN201039	1	2	1	12	20	1	0
IN201040	1	2	1	10	24	2	0
IN201041	1	6	2	12	26	10	1
IN201042	1	2	1	12	15	1	0
IN201044	1	7	1	12	20	2	0
IN201045	1	2	1	12	26	4	0
IN201046	1	2	1	11	25	2	1
IN201047	1	2	1	12	15	1	0
IN201048	1	6	1	12	26	12	1
IN201049	1	7	1	12	30	11	1
IN201050	1	2	1	12	15	2	0
IN201051	1	7	1	12	25	12	1
IN201051	2	2	1	12	15	1	0
