PLACEID	DISTIDR4	DISASTER	DISTYEAR	DISTMNTH	DISEFCT1	DISEFCT2	PRCEFFCT
301	1	2	2012	9	8	88	1
302	1	2	2012	9	8	88	1
303	1	2	2012	9	8	88	2
304	1	2	2012	10	8	88	1
305	1	2	2012	9	8	88	2
306	1	2	2012	9	8	88	1
307	1	2	2012	8	8	5	1
308	1	2	2012	9	8	5	1
309	1	2	2012	9	8	88	1
310	1	2	2012	9	8	88	1
311	1	2	2012	9	8	88	2
312	1	2	2012	9	8	88	2
314	1	2	2012	9	18	88	2
315	1	2	2012	11	8	5	1
316	1	2	2012	11	8	88	3
316	2	6	2011	10	8	88	3
317	1	6	2011	10	8	4	2
317	2	2	2012	9	8	88	2
318	1	2	2012	9	8	12	2
319	1	2	2012	9	8	88	1
320	1	2	2012	9	8	88	3
321	1	2	2012	10	8	12	2
322	1	2	2012	10	8	88	2
323	1	2	2012	9	8	88	2
325	1	2	2012	9	8	5	1
326	1	2	2012	9	8	88	3
327	1	6	2011	9	8	88	3
327	2	2	2012	10	11	8	2
328	1	6	2011	10	8	4	2
328	2	2	2012	9	8	88	2
329	1	6	2011	10	8	88	3
329	2	2	2012	11	8	88	3
330	1	2	2012	10	8	88	3
332	1	2	2012	11	8	88	2
334	1	2	2012	10	8	88	2
335	1	2	2012	10	8	88	1
336	1	2	2012	10	8	88	2
340	1	2	2012	10	18	11	2
342	1	2	2012	10	8	88	2
343	1	2	2012	10	8	88	2
344	1	2	2012	10	8	88	1
345	1	2	2012	10	8	88	2
347	1	2	2012	9	8	12	3
348	1	2	2012	9	8	12	2
349	1	2	2012	10	8	11	2
351	1	2	2012	9	8	88	1
401	1	6	2011	11	8	9	2
401	2	2	2013	10	8	18	3
402	1	2	2011	8	8	12	4
402	2	6	2012	10	8	9	3
403	1	6	2009	9	8	1	2
403	2	2	2013	10	12	15	4
404	1	3	2011	10	8	88	3
404	2	6	2012	9	8	88	3
406	1	6	2010	10	1	11	2
407	1	6	2010	11	8	88	2
407	2	3	2009	7	8	9	2
408	1	2	2009	11	8	9	2
411	1	6	2012	9	8	88	3
411	2	3	2011	10	8	88	3
412	1	2	2012	9	8	88	3
412	2	3	2011	6	1	9	-88
413	1	6	2009	9	8	9	3
414	1	6	2011	11	8	88	4
414	2	6	2012	7	8	88	2
415	1	2	2010	12	8	88	2
415	2	6	2011	10	8	88	1
415	3	2	2013	10	8	88	2
416	1	2	2011	8	8	12	2
416	2	6	2012	11	9	9	-88
416	3	6	2013	10	8	8	3
417	1	6	2010	10	8	18	2
417	2	6	2012	11	9	12	1
417	3	2	2013	10	8	19	2
418	1	6	2010	8	8	88	3
418	2	3	2012	7	8	88	2
419	1	2	2010	11	8	12	2
419	2	6	2013	10	8	9	4
420	1	6	2010	11	8	77	2
420	2	6	2011	11	8	77	2
420	3	6	2013	10	8	77	3
421	1	2	2012	11	8	9	2
421	2	6	2013	10	8	18	2
422	1	3	2010	8	8	1	2
422	2	6	2011	11	8	5	2
422	3	2	2013	10	8	7	3
423	1	6	2010	11	8	12	1
423	2	2	2012	9	8	9	2
423	3	6	2013	10	8	12	2
424	1	2	2011	10	8	18	1
424	2	6	2012	11	12	9	2
424	3	6	2013	10	8	18	2
425	1	3	2012	10	8	88	3
425	2	6	2010	8	8	88	3
426	1	2	2013	10	8	88	3
426	2	2	2011	11	8	88	2
426	3	6	2010	12	8	88	2
427	1	6	2010	10	8	18	2
427	2	2	2013	10	8	4	3
428	1	6	2009	5	1	10	1
428	2	6	2010	5	10	11	2
428	3	14	2013	8	10	77	2
429	1	2	2013	10	18	88	2
429	2	13	2012	7	18	10	2
430	1	2	2012	7	18	88	2
430	2	6	2013	10	8	18	2
431	1	2	2013	11	8	88	2
431	2	2	2013	10	8	88	2
431	3	2	2010	12	8	88	2
432	1	2	2010	11	18	16	2
433	1	2	2011	11	8	15	1
433	2	2	2013	10	8	18	2
434	1	6	2010	8	8	9	2
434	2	6	2011	10	8	12	1
434	3	10	2012	11	9	12	1
435	1	6	2012	10	8	12	2
435	2	6	2013	10	8	9	3
436	1	6	2011	10	8	9	1
436	2	6	2012	9	8	18	2
436	3	6	2013	10	8	9	2
437	1	2	2013	11	8	88	2
437	2	5	2013	10	8	8	1
439	1	6	2011	9	8	18	2
439	2	6	2012	10	8	9	1
439	3	6	2013	10	8	18	3
440	1	6	2011	10	8	18	2
440	2	6	2013	10	8	12	3
441	1	6	2010	9	8	12	2
441	2	6	2012	10	10	1	2
441	3	6	2013	10	8	1	3
442	1	6	2011	9	9	8	1
442	2	6	2012	8	8	12	2
442	3	6	2013	10	8	9	3
443	1	6	2013	11	8	88	2
443	2	2	2013	10	8	88	1
443	3	6	2010	12	8	8	2
445	1	2	2013	11	8	18	2
445	2	6	2013	10	8	88	1
445	3	2	2010	10	8	18	2
447	1	6	2012	9	8	9	2
447	2	6	2013	10	8	18	3
448	1	3	2009	5	8	88	2
450	1	2	2012	10	8	88	2
502	1	3	2011	9	9	88	2
502	2	10	2012	10	3	8	2
507	1	3	2010	10	8	5	2
511	1	3	2010	5	8	88	3
522	1	 	 	 	 	 	 
527	1	3	2010	6	8	88	3
536	1	8	2011	9	8	88	3
538	1	3	2010	6	8	88	3
542	1	3	2010	6	8	88	1
601	1	3	2011	10	8	9	3
602	1	3	2010	6	8	9	2
603	1	6	2012	12	8	12	3
603	2	3	2012	8	8	1	3
606	1	3	2009	9	8	9	3
609	1	3	2003	6	8	9	2
610	1	3	2012	9	8	9	3
612	1	6	2012	5	8	9	2
612	2	3	2010	8	8	9	3
613	1	3	2012	7	8	9	3
614	1	3	2010	6	8	9	2
615	1	3	2012	7	8	9	3
616	1	3	2012	8	8	9	3
619	1	3	2010	6	8	9	2
620	1	3	2011	6	8	9	3
621	1	3	2011	7	8	9	3
622	1	3	2012	7	8	9	3
623	1	3	2012	6	8	9	3
624	1	3	2012	7	8	9	3
625	1	3	2012	7	8	9	3
626	1	3	2012	6	8	9	3
628	1	3	2012	6	8	9	3
629	1	3	2013	6	8	9	2
630	1	3	2012	9	8	9	3
631	1	3	2011	6	8	1	3
632	1	3	2012	6	8	9	3
633	1	3	2012	8	8	9	1
634	1	3	2013	6	8	9	2
635	1	3	2012	6	8	9	3
636	1	3	2012	8	8	9	2
637	1	3	2010	8	8	9	1
642	1	3	2013	7	8	9	3
701	1	10	2011	11	8	9	2
702	1	6	2011	8	8	5	2
703	1	3	2012	8	8	88	3
704	1	6	2012	10	8	18	2
707	1	3	2012	1	8	88	1
708	1	3	2011	10	8	88	2
712	1	6	2010	10	8	88	1
716	1	3	2011	4	8	88	2
718	1	6	2011	10	8	88	1
719	1	6	2011	10	8	88	2
724	1	6	2013	8	8	88	1
724	2	6	2012	8	8	88	1
724	3	3	2011	9	8	8	1
725	1	6	2012	7	8	88	1
728	1	3	2012	10	8	88	3
728	2	6	2013	10	8	88	3
730	1	6	2011	7	8	88	2
731	1	6	2013	10	8	88	3
733	1	3	2010	8	8	88	1
736	1	3	2012	7	8	88	2
801	1	3	2012	8	8	1	1
802	1	3	2011	8	8	1	1
802	2	3	2012	8	8	1	1
803	1	3	2010	8	8	1	3
804	1	3	2010	8	8	1	3
804	2	3	2011	10	8	6	3
804	3	3	2012	7	8	1	3
805	1	3	2011	9	8	88	3
805	2	9	2010	3	8	88	3
806	1	6	2012	9	8	88	2
806	2	3	2011	8	8	88	3
807	1	3	2010	9	8	88	2
808	1	3	2012	1	8	88	1
808	2	3	2010	1	8	88	2
809	1	3	2013	9	8	1	1
809	2	3	2012	2	8	1	2
810	2	3	2011	8	8	88	2
810	3	3	2010	10	8	88	2
812	1	3	2010	10	8	5	2
813	1	2	2013	10	8	18	1
813	2	3	2011	8	8	1	1
814	1	3	2012	8	8	88	2
814	2	3	2011	8	8	88	2
815	1	6	2009	8	18	15	1
815	2	6	2013	10	18	9	1
816	1	3	2012	9	8	88	2
817	1	6	2013	10	8	9	2
817	2	3	2012	9	8	9	1
817	3	3	2011	9	8	9	1
817	4	6	2010	10	8	9	2
818	1	6	2013	10	8	18	2
819	1	6	2009	9	18	8	2
819	2	6	2013	10	8	9	1
820	2	6	2013	10	8	13	1
822	2	6	2013	10	8	88	1
822	3	6	2010	9	8	18	1
824	1	3	2012	8	8	88	2
825	1	3	2011	9	8	88	2
825	2	3	2012	8	8	88	1
826	1	3	2011	9	8	88	2
826	2	3	2012	8	8	88	2
827	1	3	2011	9	8	5	2
829	1	6	2013	10	1	8	1
829	2	6	2009	10	8	88	1
830	1	6	2009	10	8	88	2
832	1	6	2013	10	8	88	1
832	2	6	2009	9	8	9	1
951	1	2	2013	10	8	88	1
952	1	2	2012	10	8	88	3
954	1	1	2012	10	8	88	2
955	1	6	2012	10	8	88	1
956	1	3	2011	8	8	88	3
