CHILDID	PLOT	ACRES	LOWN	LUSE	larea
IN010006	1	8	4	6	32400
IN010006	2	1	4	5	4050
IN010006	3	1	4	5	4050
IN010023	1	5	4	1	20250
IN010023	2	5	4	6	20250
IN010034	1	2	4	3	8100
IN010038	1	2	4	1	8100
IN010077	1	5	4	7	20250
IN010087	1	2	4	6	8100
IN010094	1	3	4	6	12150
IN020001	1	1	4	3	4050
IN020003	1	1.5	4	3	6075
IN020004	1	2	3	7	8100
IN020004	2	1	1	1	4050
IN020005	1	3	4	1	12150
IN020006	1	1	4	3	4050
IN020007	1	5	4	1	20250
IN020010	1	1	4	8	4050
IN020012	1	1	4	3	4050
IN020014	1	.5	4	3	2025
IN020015	1	2.70000004768372	4	1	10935.000193119
IN020016	1	1	4	3	4050
IN020016	2	1	4	8	4050
IN020017	1	1	4	1	4050
IN020018	1	4	4	1	16200
IN020018	2	4	4	1	16200
IN020019	1	3	4	1	12150
IN020019	2	2	4	7	8100
IN020023	1	10	4	7	40500
IN020024	1	3	4	3	12150
IN020025	1	2.5	4	7	10125
IN020028	1	2	4	1	8100
IN020043	1	15	1	1	60750
IN020043	2	5	4	1	20250
IN020045	1	2	3	1	8100
IN020049	1	2	1	1	8100
IN020050	1	1	4	1	4050
IN020051	1	4	4	1	16200
IN020052	1	2	4	7	8100
IN020053	1	2	4	6	8100
IN020053	2	2.5	4	7	10125
IN020053	3	.5	4	1	2025
IN020055	1	1.5	4	1	6075
IN020055	2	1	4	6	4050
IN020055	3	1	4	7	4050
IN020056	1	8	4	1	32400
IN020056	2	4	4	6	16200
IN020057	1	2	4	7	8100
IN020061	1	1	4	1	4050
IN020062	1	1	4	6	4050
IN020063	1	1	3	1	4050
IN020064	1	1	4	6	4050
IN020065	1	1	4	1	4050
IN020065	2	1	4	3	4050
IN020065	3	1	4	7	4050
IN020066	1	1.5	4	1	6075
IN020070	1	1	4	1	4050
IN020072	1	3	4	3	12150
IN020072	2	2	4	1	8100
IN020072	3	2	4	1	8100
IN020072	4	1	4	3	4050
IN020074	1	1	4	1	4050
IN020074	2	1	4	3	4050
IN020075	1	.5	4	1	2025
IN020077	1	5	4	1	20250
IN020078	1	1	4	1	4050
IN020079	1	3	4	2	12150
IN020079	2	2	4	6	8100
IN020079	3	1	4	1	4050
IN020080	1	1	4	1	4050
IN020080	2	1	1	6	4050
IN020080	3	2	1	6	8100
IN020081	1	2	4	7	8100
IN020082	1	1	4	6	4050
IN020082	2	1	4	6	4050
IN020082	3	.5	4	1	2025
IN020082	4	.5	4	1	2025
IN020083	1	1	4	1	4050
IN020086	1	.5	4	1	2025
IN020089	1	1	4	6	4050
IN020092	1	2	4	3	8100
IN020094	1	1	4	6	4050
IN020095	1	1	4	1	4050
IN020096	1	1	4	7	4050
IN020097	1	4	4	3	16200
IN020097	2	4	4	7	16200
IN020097	3	1	4	6	4050
IN020098	1	3	4	3	12150
IN020100	1	2	4	3	8100
IN020100	2	1	4	7	4050
IN020100	3	1	4	3	4050
IN020100	4	1	4	1	4050
IN030004	1	1	4	6	4050
IN030010	1	3	4	6	12150
IN030011	1	1	4	1	4050
IN030028	1	.0500000007450581	4	7	202.500003017485
IN030037	1	.0199999995529652	2	4	80.9999981895089
IN030042	1	1	4	1	4050
IN030045	1	.5	4	4	2025
IN030045	2	.400000005960464	4	4	1620.00002413988
IN030045	3	.400000005960464	4	4	1620.00002413988
IN030053	1	2	4	4	8100
IN030063	1	.0199999995529652	4	4	80.9999981895089
IN030073	1	1	2	1	4050
IN030073	2	1	2	1	4050
IN030073	3	.0199999995529652	4	4	80.9999981895089
IN030090	1	1	4	1	4050
IN030092	1	2	4	4	8100
IN040003	1	3	4	8	12150
IN040003	2	.699999988079071	4	7	2834.99995172024
IN040004	1	1	4	1	4050
IN040005	1	2	4	1	8100
IN040006	1	1	4	1	4050
IN040007	1	.300000011920929	4	8	1215.00004827976
IN040008	1	.5	4	8	2025
IN040009	1	.25	4	1	1012.5
IN040009	2	1	4	1	4050
IN040010	1	.5	4	1	2025
IN040011	1	1	4	1	4050
IN040011	2	.5	4	8	2025
IN040012	1	5	4	8	20250
IN040013	1	1	4	1	4050
IN040014	1	1	4	8	4050
IN040017	1	1	4	8	4050
IN040018	1	1	4	8	4050
IN040018	2	.5	4	1	2025
IN040019	1	2	4	8	8100
IN040019	2	.5	4	1	2025
IN040020	1	2	4	1	8100
IN040020	2	.5	4	8	2025
IN040021	1	3	4	8	12150
IN040021	2	2	4	1	8100
IN040022	1	3	4	3	12150
IN040022	2	.5	4	1	2025
IN040023	1	.5	4	8	2025
IN040023	2	.25	4	1	1012.5
IN040024	1	4	4	1	16200
IN040025	1	1	4	1	4050
IN040026	1	1	4	1	4050
IN040028	1	1	4	1	4050
IN040030	1	1	4	1	4050
IN040031	1	.5	4	1	2025
IN040031	2	.5	4	8	2025
IN040032	1	.5	4	1	2025
IN040032	2	.100000001490116	4	8	405.00000603497
IN040033	1	2	4	1	8100
IN040033	2	1	4	8	4050
IN040036	1	1.11000001430511	1	1	4495.50005793571
IN040037	1	3	4	8	12150
IN040037	2	1	4	1	4050
IN040038	1	.5	4	1	2025
IN040038	2	.5	4	8	2025
IN040039	1	1	4	1	4050
IN040039	2	1	4	8	4050
IN040039	3	1	1	1	4050
IN040040	1	1	4	8	4050
IN040042	1	1	4	1	4050
IN040042	2	1	4	1	4050
IN040044	1	4	4	8	16200
IN040044	2	2	4	1	8100
IN040045	1	1	99	1	4050
IN040045	2	2	99	8	8100
IN040046	1	2	4	8	8100
IN040048	1	.25	4	1	1012.5
IN040049	1	5	4	1	20250
IN040050	1	2	4	8	8100
IN040051	1	3	4	8	12150
IN040051	2	2	4	1	8100
IN040052	1	5	4	8	20250
IN040053	1	2	4	2	8100
IN040054	1	1.5	4	1	6075
IN040055	1	1	4	8	4050
IN040055	2	1	4	8	4050
IN040055	3	.25	3	1	1012.5
IN040056	1	3	4	8	12150
IN040062	1	2	4	1	8100
IN040065	1	1.5	4	1	6075
IN040065	2	1.5	4	8	6075
IN040071	1	1	4	6	4050
IN040075	1	3	4	1	12150
IN040076	1	3	4	6	12150
IN040079	1	2	4	1	8100
IN040080	1	.5	4	1	2025
IN040080	2	.400000005960464	4	6	1620.00002413988
IN040082	1	2	4	1	8100
IN040085	1	2	4	8	8100
IN040088	1	.5	4	7	2025
IN040091	1	5	4	8	20250
IN040091	2	1	4	1	4050
IN040093	1	.5	4	1	2025
IN040093	2	.5	4	2	2025
IN040094	1	.5	4	1	2025
IN040095	1	2	4	8	8100
IN040096	1	2	4	1	8100
IN040096	2	1	4	8	4050
IN040097	1	1	4	8	4050
IN040097	2	.5	4	1	2025
IN040100	1	1	4	8	4050
IN040100	2	1	4	8	4050
IN050001	1	2.5	4	1	10125
IN050001	2	2.5	4	1	10125
IN050001	3	2.5	4	1	10125
IN050001	4	2.25	4	1	9112.5
IN050001	5	1.5	4	1	6075
IN050001	6	1.5	4	1	6075
IN050001	7	1.5	4	1	6075
IN050001	8	1	4	1	4050
IN050003	1	.25	4	1	1012.5
IN050003	2	.25	4	1	1012.5
IN050004	1	2.5	4	1	10125
IN050004	2	2	4	1	8100
IN050004	3	1.5	4	1	6075
IN050004	4	1.25	4	1	5062.5
IN050004	5	1	4	1	4050
IN050005	1	.300000011920929	4	1	1215.00004827976
IN050005	2	.300000011920929	4	1	1215.00004827976
IN050005	3	.150000005960464	4	1	607.500024139881
IN050005	4	.100000001490116	4	1	405.00000603497
IN050005	5	.0799999982118607	4	1	323.999992758036
IN050005	6	.00999999977648258	4	6	40.4999990947545
IN050006	1	.5	4	1	2025
IN050006	2	.5	4	1	2025
IN050007	1	.5	4	1	2025
IN050008	1	.5	4	1	2025
IN050009	1	.400000005960464	4	1	1620.00002413988
IN050010	1	1.5	4	1	6075
IN050010	2	1	4	1	4050
IN050010	3	.800000011920929	4	1	3240.00004827976
IN050011	1	.699999988079071	4	1	2834.99995172024
IN050012	1	.5	4	1	2025
IN050012	2	.200000002980232	4	1	810.000012069941
IN050013	1	.5	4	1	2025
IN050014	1	.5	4	1	2025
IN050014	2	.5	4	1	2025
IN050015	1	.400000005960464	4	6	1620.00002413988
IN050017	1	6	4	1	24300
IN050017	2	4	4	1	16200
IN050017	3	4	4	1	16200
IN050017	4	3	4	8	12150
IN050018	1	.5	4	1	2025
IN050019	1	.25	4	1	1012.5
IN050019	2	.25	4	1	1012.5
IN050020	1	3	4	1	12150
IN050020	2	1	4	1	4050
IN050020	3	1	4	1	4050
IN050020	4	.5	4	1	2025
IN050020	5	.25	4	1	1012.5
IN050020	6	.25	4	1	1012.5
IN050020	7	.200000002980232	4	1	810.000012069941
IN050020	8	.200000002980232	4	1	810.000012069941
IN050021	1	.800000011920929	4	1	3240.00004827976
IN050021	2	.699999988079071	4	1	2834.99995172024
IN050021	3	.5	4	3	2025
IN050021	4	.300000011920929	4	1	1215.00004827976
IN050021	5	.200000002980232	4	1	810.000012069941
IN050023	1	.600000023841858	4	1	2430.00009655952
IN050023	2	.300000011920929	4	1	1215.00004827976
IN050023	3	.25	4	1	1012.5
IN050024	1	.5	4	8	2025
IN050024	2	.300000011920929	4	8	1215.00004827976
IN050024	3	.150000005960464	4	8	607.500024139881
IN050025	1	1	4	6	4050
IN050025	2	1	4	6	4050
IN050027	1	.5	4	1	2025
IN050027	2	.5	4	1	2025
IN050028	1	.0500000007450581	4	4	202.500003017485
IN050029	1	1	4	1	4050
IN050029	2	.5	4	1	2025
IN050029	3	.5	4	1	2025
IN050029	4	.400000005960464	4	1	1620.00002413988
IN050029	5	.300000011920929	4	1	1215.00004827976
IN050029	6	.300000011920929	4	1	1215.00004827976
IN050030	1	6	4	1	24300
IN050030	2	4	4	1	16200
IN050030	3	3	4	1	12150
IN050031	1	.5	4	1	2025
IN050031	2	.5	4	1	2025
IN050032	1	1	4	1	4050
IN050032	2	1	4	1	4050
IN050033	1	.5	4	8	2025
IN050033	2	.150000005960464	4	8	607.500024139881
IN050034	1	.400000005960464	4	1	1620.00002413988
IN050034	2	.300000011920929	4	1	1215.00004827976
IN050035	1	2	4	1	8100
IN050040	1	.100000001490116	4	1	405.00000603497
IN050040	2	.100000001490116	4	1	405.00000603497
IN050041	1	.5	4	1	2025
IN050041	2	.5	4	1	2025
IN050041	3	.5	4	1	2025
IN050041	4	.5	4	1	2025
IN050041	5	.5	4	8	2025
IN050041	6	.5	4	8	2025
IN050041	7	.5	4	8	2025
IN050041	8	.300000011920929	4	8	1215.00004827976
IN050042	1	1	4	8	4050
IN050042	2	1	4	1	4050
IN050042	3	.800000011920929	4	1	3240.00004827976
IN050042	4	.800000011920929	4	1	3240.00004827976
IN050042	5	.5	4	1	2025
IN050042	6	.400000005960464	4	1	1620.00002413988
IN050042	7	.100000001490116	4	1	405.00000603497
IN050042	8	.100000001490116	4	1	405.00000603497
IN050043	1	.5	4	1	2025
IN050043	2	.5	4	1	2025
IN050046	1	1	4	1	4050
IN050047	1	1	4	1	4050
IN050047	2	.200000002980232	4	1	810.000012069941
IN050047	3	.600000023841858	4	1	2430.00009655952
IN050047	4	.200000002980232	4	1	810.000012069941
IN050047	5	.200000002980232	4	1	810.000012069941
IN050047	6	.300000011920929	4	1	1215.00004827976
IN050047	7	.400000005960464	4	1	1620.00002413988
IN050047	8	.200000002980232	4	1	810.000012069941
IN050048	1	.400000005960464	4	1	1620.00002413988
IN050048	2	.200000002980232	4	1	810.000012069941
IN050048	3	.200000002980232	4	1	810.000012069941
IN050050	1	2	4	1	8100
IN050050	2	1.5	4	1	6075
IN050050	3	1.5	4	1	6075
IN050051	1	2	4	1	8100
IN050052	1	2	4	1	8100
IN050053	1	.300000011920929	4	1	1215.00004827976
IN050053	2	.25	4	1	1012.5
IN050053	3	.25	4	1	1012.5
IN050053	4	.100000001490116	4	1	405.00000603497
IN050053	5	.100000001490116	4	1	405.00000603497
IN050057	1	.5	4	1	2025
IN050057	2	.5	4	1	2025
IN050057	3	.400000005960464	4	1	1620.00002413988
IN050057	4	.300000011920929	4	1	1215.00004827976
IN050059	1	2	4	1	8100
IN050059	2	1.5	4	1	6075
IN050059	3	1.5	4	1	6075
IN050060	1	1.5	4	1	6075
IN050060	2	.5	4	1	2025
IN050060	3	.5	4	1	2025
IN050061	1	.5	4	1	2025
IN050061	2	.300000011920929	4	1	1215.00004827976
IN050061	3	.200000002980232	4	1	810.000012069941
IN050063	1	1	4	1	4050
IN050068	1	.5	4	1	2025
IN050069	1	.5	4	1	2025
IN050069	2	.5	4	1	2025
IN050070	1	1	4	1	4050
IN050071	1	1	4	1	4050
IN050072	1	.5	4	1	2025
IN050073	1	.600000023841858	4	1	2430.00009655952
IN050073	2	1	3	3	4050
IN050074	1	1	4	1	4050
IN050074	2	1	4	1	4050
IN050074	3	1	4	1	4050
IN050074	4	1	4	1	4050
IN050075	1	5	4	1	20250
IN050075	2	5	4	1	20250
IN050075	3	2	4	1	8100
IN050075	4	2	4	1	8100
IN050075	5	.0399999991059303	4	4	161.999996379018
IN050075	6	.0399999991059303	4	4	161.999996379018
IN050075	7	.0399999991059303	4	4	161.999996379018
IN050076	1	.25	4	6	1012.5
IN050076	2	.25	4	6	1012.5
IN050077	1	.25	4	6	1012.5
IN050077	2	.25	4	6	1012.5
IN050079	1	1	4	1	4050
IN050080	1	2	4	1	8100
IN050082	1	.100000001490116	4	1	405.00000603497
IN050082	2	.200000002980232	4	1	810.000012069941
IN050082	3	.100000001490116	4	1	405.00000603497
IN050082	4	.100000001490116	4	1	405.00000603497
IN050083	1	.649999976158142	4	6	2632.49990344048
IN050083	2	.600000023841858	1	1	2430.00009655952
IN050083	3	.400000005960464	1	1	1620.00002413988
IN050083	4	.200000002980232	1	1	810.000012069941
IN050083	5	.200000002980232	1	1	810.000012069941
IN050083	6	.200000002980232	4	1	810.000012069941
IN050083	7	.150000005960464	4	1	607.500024139881
IN050083	8	.100000001490116	4	1	405.00000603497
IN050087	1	1	4	1	4050
IN050087	2	1	4	3	4050
IN050089	1	2	4	1	8100
IN050089	2	1	4	1	4050
IN050089	3	1	4	1	4050
IN050090	1	.5	1	1	2025
IN050090	2	.25	4	1	1012.5
IN050091	1	2	4	1	8100
IN050093	1	.5	4	1	2025
IN050093	2	.5	4	1	2025
IN050094	1	1	4	1	4050
IN050098	1	1	4	1	4050
IN050098	2	1	4	1	4050
IN050098	3	.800000011920929	4	1	3240.00004827976
IN050098	4	.400000005960464	4	1	1620.00002413988
IN050099	1	1	4	1	4050
IN050100	1	5	4	8	20250
IN050100	2	4	4	1	16200
IN050100	3	4	4	1	16200
IN050100	4	4	4	6	16200
IN050100	5	3	4	1	12150
IN050100	6	2	4	8	8100
IN050100	7	.5	4	1	2025
IN050100	8	.5	4	1	2025
IN060001	1	3	4	1	12150
IN060002	1	20	4	1	81000
IN060002	2	.0799999982118607	4	8	323.999992758036
IN060003	1	.400000005960464	4	1	1620.00002413988
IN060003	2	.300000011920929	4	1	1215.00004827976
IN060003	3	.300000011920929	4	1	1215.00004827976
IN060003	4	.200000002980232	4	1	810.000012069941
IN060004	1	.400000005960464	4	1	1620.00002413988
IN060004	2	.300000011920929	4	1	1215.00004827976
IN060004	3	.300000011920929	4	1	1215.00004827976
IN060004	4	.300000011920929	4	1	1215.00004827976
IN060004	5	.300000011920929	4	1	1215.00004827976
IN060004	6	.200000002980232	4	1	810.000012069941
IN060004	7	.200000002980232	4	3	810.000012069941
IN060005	1	.400000005960464	4	1	1620.00002413988
IN060005	2	.349999994039536	4	1	1417.49997586012
IN060005	3	.200000002980232	4	1	810.000012069941
IN060005	4	.0500000007450581	4	1	202.500003017485
IN060007	1	.200000002980232	4	1	810.000012069941
IN060009	1	.949999988079071	4	1	3847.49995172024
IN060011	1	.400000005960464	4	1	1620.00002413988
IN060011	2	.300000011920929	4	1	1215.00004827976
IN060011	3	.25	4	1	1012.5
IN060011	4	.200000002980232	4	1	810.000012069941
IN060011	5	.100000001490116	4	1	405.00000603497
IN060013	1	1	4	1	4050
IN060016	1	1	4	1	4050
IN060016	2	1	4	1	4050
IN060016	3	1	4	1	4050
IN060017	1	.400000005960464	4	1	1620.00002413988
IN060017	2	.300000011920929	4	1	1215.00004827976
IN060017	3	.200000002980232	4	1	810.000012069941
IN060017	4	.100000001490116	4	1	405.00000603497
IN060018	1	.100000001490116	4	7	405.00000603497
IN060021	1	.5	4	1	2025
IN060021	2	.449999988079071	4	1	1822.49995172024
IN060021	3	.449999988079071	4	1	1822.49995172024
IN060021	4	.300000011920929	4	1	1215.00004827976
IN060021	5	.200000002980232	4	1	810.000012069941
IN060021	6	.150000005960464	4	1	607.500024139881
IN060022	1	.100000001490116	4	1	405.00000603497
IN060022	2	.0700000002980232	4	1	283.500001206994
IN060022	3	.0599999986588955	4	1	242.999994568527
IN060022	4	.0500000007450581	4	1	202.500003017485
IN060024	1	3	4	1	12150
IN060025	1	1	4	1	4050
IN060025	2	.5	4	1	2025
IN060025	3	.5	4	1	2025
IN060025	4	.5	4	1	2025
IN060025	5	.5	4	1	2025
IN060025	6	.400000005960464	4	1	1620.00002413988
IN060025	7	.400000005960464	4	1	1620.00002413988
IN060026	1	.5	4	1	2025
IN060026	2	.400000005960464	4	1	1620.00002413988
IN060026	3	.300000011920929	4	1	1215.00004827976
IN060026	4	.300000011920929	4	1	1215.00004827976
IN060026	5	.200000002980232	4	1	810.000012069941
IN060026	6	.150000005960464	4	1	607.500024139881
IN060026	7	.150000005960464	4	1	607.500024139881
IN060028	1	.300000011920929	4	1	1215.00004827976
IN060028	2	.150000005960464	4	1	607.500024139881
IN060028	3	.100000001490116	4	1	405.00000603497
IN060029	1	.75	4	1	3037.5
IN060029	2	.400000005960464	2	1	1620.00002413988
IN060029	3	.25	4	1	1012.5
IN060029	4	.200000002980232	2	1	810.000012069941
IN060029	5	.200000002980232	2	1	810.000012069941
IN060031	1	2	4	1	8100
IN060031	2	.0199999995529652	4	4	80.9999981895089
IN060032	1	.300000011920929	4	1	1215.00004827976
IN060035	1	.300000011920929	4	1	1215.00004827976
IN060036	1	1	4	1	4050
IN060036	2	.75	4	1	3037.5
IN060036	3	.5	4	1	2025
IN060036	4	.5	4	1	2025
IN060036	5	.25	4	1	1012.5
IN060037	1	3	4	1	12150
IN060038	1	.300000011920929	3	1	1215.00004827976
IN060038	2	.200000002980232	3	1	810.000012069941
IN060039	1	.200000002980232	4	1	810.000012069941
IN060039	2	.100000001490116	4	1	405.00000603497
IN060040	1	1	4	1	4050
IN060040	2	.800000011920929	4	1	3240.00004827976
IN060040	3	.600000023841858	4	1	2430.00009655952
IN060040	4	.5	4	1	2025
IN060040	5	.449999988079071	4	1	1822.49995172024
IN060040	6	.349999994039536	4	1	1417.49997586012
IN060040	7	.300000011920929	4	1	1215.00004827976
IN060043	1	2	4	1	8100
IN060043	2	5	3	1	20250
IN060045	1	.300000011920929	4	1	1215.00004827976
IN060046	1	.200000002980232	4	1	810.000012069941
IN060047	1	.600000023841858	4	1	2430.00009655952
IN060047	2	.5	4	1	2025
IN060047	3	.400000005960464	4	1	1620.00002413988
IN060047	4	.400000005960464	4	1	1620.00002413988
IN060047	5	.400000005960464	4	1	1620.00002413988
IN060047	6	.400000005960464	4	1	1620.00002413988
IN060047	7	.300000011920929	4	1	1215.00004827976
IN060048	1	.5	4	1	2025
IN060048	2	.400000005960464	4	1	1620.00002413988
IN060048	3	.300000011920929	4	1	1215.00004827976
IN060048	4	.300000011920929	4	1	1215.00004827976
IN060048	5	.200000002980232	4	1	810.000012069941
IN060049	1	.300000011920929	4	1	1215.00004827976
IN060049	2	.200000002980232	4	1	810.000012069941
IN060049	3	.200000002980232	4	7	810.000012069941
IN060051	1	.699999988079071	4	1	2834.99995172024
IN060052	1	.699999988079071	4	1	2834.99995172024
IN060054	1	.400000005960464	4	1	1620.00002413988
IN060054	2	.200000002980232	4	1	810.000012069941
IN060054	3	.200000002980232	4	1	810.000012069941
IN060055	1	.5	4	1	2025
IN060055	2	.5	4	1	2025
IN060055	3	.300000011920929	4	1	1215.00004827976
IN060055	4	.300000011920929	4	1	1215.00004827976
IN060055	5	.200000002980232	4	1	810.000012069941
IN060055	6	.200000002980232	4	1	810.000012069941
IN060055	7	.100000001490116	4	1	405.00000603497
IN060059	1	.5	4	1	2025
IN060060	1	.300000011920929	4	8	1215.00004827976
IN060060	2	.150000005960464	4	1	607.500024139881
IN060060	3	.150000005960464	4	1	607.500024139881
IN060060	4	.100000001490116	4	1	405.00000603497
IN060060	5	.100000001490116	4	1	405.00000603497
IN060060	6	.0700000002980232	4	1	283.500001206994
IN060066	1	.150000005960464	4	1	607.500024139881
IN060066	2	.25	4	1	1012.5
IN060066	3	.150000005960464	4	1	607.500024139881
IN060068	1	.400000005960464	4	1	1620.00002413988
IN060070	1	.300000011920929	4	1	1215.00004827976
IN060070	2	.200000002980232	4	1	810.000012069941
IN060071	1	1.5	4	3	6075
IN060071	2	.5	4	1	2025
IN060071	3	.5	4	1	2025
IN060071	4	.25	4	1	1012.5
IN060071	5	.200000002980232	4	7	810.000012069941
IN060071	6	.200000002980232	4	7	810.000012069941
IN060071	7	.150000005960464	4	7	607.500024139881
IN060072	1	3	4	1	12150
IN060074	1	2	4	7	8100
IN060074	2	.5	4	1	2025
IN060074	3	.5	4	1	2025
IN060074	4	.100000001490116	4	1	405.00000603497
IN060074	5	.100000001490116	4	4	405.00000603497
IN060075	1	.300000011920929	4	1	1215.00004827976
IN060075	2	.200000002980232	4	1	810.000012069941
IN060075	3	.150000005960464	4	1	607.500024139881
IN060075	4	.150000005960464	4	1	607.500024139881
IN060075	5	.100000001490116	4	1	405.00000603497
IN060075	6	.100000001490116	4	1	405.00000603497
IN060076	1	2	4	1	8100
IN060077	1	10	4	1	40500
IN060077	2	2	4	3	8100
IN060077	3	13	4	1	52650
IN060078	1	1	4	1	4050
IN060079	1	1	4	1	4050
IN060081	1	.300000011920929	4	3	1215.00004827976
IN060081	2	.200000002980232	4	1	810.000012069941
IN060081	3	.150000005960464	4	1	607.500024139881
IN060081	4	.100000001490116	4	1	405.00000603497
IN060081	5	.200000002980232	4	1	810.000012069941
IN060082	1	.400000005960464	4	1	1620.00002413988
IN060086	1	.5	1	1	2025
IN060086	2	.100000001490116	4	1	405.00000603497
IN060088	1	1.39999997615814	4	3	5669.99990344048
IN060089	1	.25	4	7	1012.5
IN060090	1	.200000002980232	4	7	810.000012069941
IN060090	2	.100000001490116	4	7	405.00000603497
IN060090	3	.100000001490116	4	7	405.00000603497
IN060092	1	.600000023841858	4	1	2430.00009655952
IN070001	1	3	4	3	12150
IN070001	2	7	4	1	28350
IN070001	3	.300000011920929	4	99	1215.00004827976
IN070002	1	.349999994039536	4	7	1417.49997586012
IN070002	2	.150000005960464	4	7	607.500024139881
IN070002	3	.25	4	1	1012.5
IN070002	4	.150000005960464	4	1	607.500024139881
IN070002	5	.0500000007450581	4	1	202.500003017485
IN070002	6	.0500000007450581	4	1	202.500003017485
IN070003	1	.699999988079071	4	1	2834.99995172024
IN070003	2	.600000023841858	4	1	2430.00009655952
IN070003	3	.25	4	1	1012.5
IN070003	4	.200000002980232	4	1	810.000012069941
IN070003	5	.200000002980232	4	1	810.000012069941
IN070003	6	.119999997317791	4	1	485.999989137053
IN070004	1	.5	4	1	2025
IN070004	2	.300000011920929	4	1	1215.00004827976
IN070004	3	.300000011920929	4	1	1215.00004827976
IN070004	4	.200000002980232	4	1	810.000012069941
IN070005	1	1	4	3	4050
IN070005	2	.5	4	1	2025
IN070006	1	.5	4	1	2025
IN070006	2	.400000005960464	4	1	1620.00002413988
IN070006	3	.100000001490116	4	1	405.00000603497
IN070007	1	.800000011920929	4	3	3240.00004827976
IN070007	2	.400000005960464	4	7	1620.00002413988
IN070008	1	.5	4	1	2025
IN070008	2	.5	4	1	2025
IN070008	3	.5	4	1	2025
IN070008	4	.5	4	1	2025
IN070011	1	7	4	3	28350
IN070011	2	.5	4	1	2025
IN070011	3	.400000005960464	4	1	1620.00002413988
IN070011	4	.400000005960464	4	1	1620.00002413988
IN070011	5	.300000011920929	4	1	1215.00004827976
IN070011	6	.300000011920929	4	1	1215.00004827976
IN070011	7	.100000001490116	4	1	405.00000603497
IN070013	1	.300000011920929	4	1	1215.00004827976
IN070013	2	.300000011920929	4	7	1215.00004827976
IN070013	3	.200000002980232	4	1	810.000012069941
IN070013	4	.150000005960464	4	7	607.500024139881
IN070013	5	.100000001490116	4	7	405.00000603497
IN070014	1	.259999990463257	4	1	1052.99996137619
IN070014	2	.25	4	1	1012.5
IN070014	3	.239999994635582	4	1	971.999978274107
IN070015	1	2	4	1	8100
IN070017	1	.600000023841858	4	7	2430.00009655952
IN070017	2	.150000005960464	4	1	607.500024139881
IN070017	3	.119999997317791	4	1	485.999989137053
IN070017	4	.100000001490116	4	1	405.00000603497
IN070017	5	.100000001490116	4	1	405.00000603497
IN070017	6	.100000001490116	4	1	405.00000603497
IN070019	1	.600000023841858	4	1	2430.00009655952
IN070019	2	.389999985694885	4	1	1579.49994206429
IN070019	3	.5	4	8	2025
IN070019	4	.100000001490116	4	8	405.00000603497
IN070019	5	.100000001490116	4	8	405.00000603497
IN070021	1	1	4	1	4050
IN070021	2	1.5	4	8	6075
IN070021	3	2	4	8	8100
IN070021	4	1.5	1	8	6075
IN070021	5	1.5	1	7	6075
IN070022	1	.5	4	8	2025
IN070022	2	.300000011920929	4	8	1215.00004827976
IN070022	3	.25	4	8	1012.5
IN070022	4	.25	4	8	1012.5
IN070023	1	.5	4	1	2025
IN070023	2	.5	1	1	2025
IN070023	3	.300000011920929	4	8	1215.00004827976
IN070023	4	.300000011920929	4	8	1215.00004827976
IN070023	5	.200000002980232	4	1	810.000012069941
IN070024	1	1	4	8	4050
IN070024	2	.5	4	8	2025
IN070024	3	.300000011920929	4	1	1215.00004827976
IN070024	4	.200000002980232	4	1	810.000012069941
IN070025	1	.300000011920929	4	8	1215.00004827976
IN070026	1	.200000002980232	4	1	810.000012069941
IN070026	2	.100000001490116	4	1	405.00000603497
IN070026	3	.100000001490116	4	1	405.00000603497
IN070026	4	.0500000007450581	4	1	202.500003017485
IN070026	5	.0500000007450581	4	1	202.500003017485
IN070030	1	.5	4	1	2025
IN070030	2	.5	4	1	2025
IN070035	1	.300000011920929	4	6	1215.00004827976
IN070035	2	.200000002980232	4	6	810.000012069941
IN070035	3	.100000001490116	4	6	405.00000603497
IN070035	4	.100000001490116	4	6	405.00000603497
IN070036	1	.5	4	1	2025
IN070038	1	.5	4	1	2025
IN070042	1	.400000005960464	4	7	1620.00002413988
IN070042	2	.300000011920929	4	1	1215.00004827976
IN070042	3	.200000002980232	4	1	810.000012069941
IN070044	1	1	4	3	4050
IN070045	1	2	4	1	8100
IN070046	1	.25	4	1	1012.5
IN070046	2	.100000001490116	4	1	405.00000603497
IN070046	3	.100000001490116	4	1	405.00000603497
IN070046	4	.0500000007450581	4	1	202.500003017485
IN070050	1	.200000002980232	4	1	810.000012069941
IN070050	2	.150000005960464	4	1	607.500024139881
IN070050	3	.150000005960464	4	1	607.500024139881
IN070050	4	1	1	1	4050
IN070051	1	1	4	1	4050
IN070051	2	.75	4	1	3037.5
IN070051	3	.600000023841858	4	1	2430.00009655952
IN070051	4	.5	4	1	2025
IN070051	5	.300000011920929	4	8	1215.00004827976
IN070052	1	.449999988079071	4	1	1822.49995172024
IN070052	2	.300000011920929	4	1	1215.00004827976
IN070052	3	.25	4	1	1012.5
IN070055	1	.5	4	1	2025
IN070055	2	.400000005960464	4	1	1620.00002413988
IN070055	3	.300000011920929	4	1	1215.00004827976
IN070055	4	.200000002980232	4	1	810.000012069941
IN070055	5	.200000002980232	4	1	810.000012069941
IN070056	1	.5	4	1	2025
IN070056	2	.400000005960464	4	1	1620.00002413988
IN070056	3	.300000011920929	4	1	1215.00004827976
IN070056	4	.200000002980232	4	1	810.000012069941
IN070056	5	.200000002980232	4	1	810.000012069941
IN070057	1	.5	4	1	2025
IN070058	1	.300000011920929	4	1	1215.00004827976
IN070058	2	.200000002980232	4	1	810.000012069941
IN070058	3	.0500000007450581	4	1	202.500003017485
IN070059	1	.5	4	1	2025
IN070059	2	.300000011920929	4	1	1215.00004827976
IN070059	3	.200000002980232	4	1	810.000012069941
IN070060	1	.5	4	1	2025
IN070061	1	1.5	4	1	6075
IN070061	2	.699999988079071	4	3	2834.99995172024
IN070062	1	.200000002980232	4	1	810.000012069941
IN070062	2	.300000011920929	4	6	1215.00004827976
IN070063	1	.899999976158142	4	1	3644.99990344048
IN070063	2	.25	4	1	1012.5
IN070064	1	7	4	1	28350
IN070064	2	5	4	1	20250
IN070064	3	4	4	1	16200
IN070064	4	4	4	1	16200
IN070064	5	1.5	4	1	6075
IN070064	6	1	4	1	4050
IN070065	1	23	4	1	93150
IN070065	2	6	4	1	24300
IN070065	3	5	4	1	20250
IN070066	1	3	4	1	12150
IN070066	2	2	4	1	8100
IN070066	3	2	4	1	8100
IN070066	4	1	4	1	4050
IN070066	5	.5	4	1	2025
IN070066	6	.5	4	1	2025
IN070066	7	.5	4	1	2025
IN070066	8	.5	4	1	2025
IN070068	1	.5	3	1	2025
IN070068	2	.400000005960464	3	1	1620.00002413988
IN070068	3	.200000002980232	3	1	810.000012069941
IN070068	4	.200000002980232	3	1	810.000012069941
IN070069	1	.5	4	1	2025
IN070069	2	.300000011920929	4	1	1215.00004827976
IN070072	1	.25	4	1	1012.5
IN070072	2	.25	4	1	1012.5
IN070075	1	.200000002980232	4	1	810.000012069941
IN070075	2	.300000011920929	4	1	1215.00004827976
IN070075	3	.25	4	1	1012.5
IN070075	4	.150000005960464	4	1	607.500024139881
IN070075	5	.100000001490116	4	1	405.00000603497
IN070076	1	.5	3	1	2025
IN070076	2	.150000005960464	3	1	607.500024139881
IN070076	3	.119999997317791	3	1	485.999989137053
IN070077	1	.400000005960464	4	1	1620.00002413988
IN070077	2	.200000002980232	4	1	810.000012069941
IN070077	3	.180000007152557	4	1	729.000028967857
IN070077	4	.100000001490116	4	1	405.00000603497
IN070080	1	4	4	1	16200
IN070080	2	1.70000004768372	4	1	6885.00019311905
IN070080	3	1.60000002384186	4	1	6480.00009655952
IN070080	4	1	4	1	4050
IN070080	5	.800000011920929	3	1	3240.00004827976
IN070080	6	.5	4	1	2025
IN070080	7	.400000005960464	4	1	1620.00002413988
IN070080	8	.300000011920929	4	3	1215.00004827976
IN070081	1	2	4	1	8100
IN070081	2	1.5	4	1	6075
IN070081	3	1	4	1	4050
IN070082	1	5.5	4	6	22275
IN070082	2	3	4	6	12150
IN070082	3	2	4	6	8100
IN070082	4	.5	4	6	2025
IN070083	1	.189999997615814	4	6	769.499990344048
IN070084	1	.300000011920929	4	1	1215.00004827976
IN070085	1	.300000011920929	4	7	1215.00004827976
IN070085	2	.150000005960464	4	1	607.500024139881
IN070086	1	.200000002980232	4	1	810.000012069941
IN070087	1	4	2	1	16200
IN070087	2	1.5	2	1	6075
IN070088	1	.5	2	1	2025
IN070088	2	.400000005960464	2	1	1620.00002413988
IN070088	3	.400000005960464	2	1	1620.00002413988
IN070088	4	.400000005960464	2	1	1620.00002413988
IN070088	5	.300000011920929	2	1	1215.00004827976
IN070090	1	1	4	6	4050
IN070091	1	.200000002980232	4	1	810.000012069941
IN070092	1	1.5	3	1	6075
IN070092	2	1	3	1	4050
IN070092	3	1	3	1	4050
IN070092	4	.300000011920929	4	1	1215.00004827976
IN070093	1	.200000002980232	4	1	810.000012069941
IN070094	1	.400000005960464	3	1	1620.00002413988
IN070094	2	.300000011920929	3	1	1215.00004827976
IN070094	3	.300000011920929	3	1	1215.00004827976
IN070095	1	.5	4	1	2025
IN070096	1	.699999988079071	4	7	2834.99995172024
IN070096	2	.25	4	6	1012.5
IN070096	3	.200000002980232	4	6	810.000012069941
IN070096	4	.150000005960464	4	6	607.500024139881
IN070096	5	.140000000596046	4	6	567.000002413988
IN070097	1	1	3	1	4050
IN070097	2	.400000005960464	3	1	1620.00002413988
IN070097	3	.400000005960464	3	1	1620.00002413988
IN070099	1	.550000011920929	4	1	2227.50004827976
IN070099	2	2	3	1	8100
IN070099	3	1	3	1	4050
IN070099	4	.5	3	1	2025
IN070099	5	.5	3	1	2025
IN080002	1	6	4	1	24300
IN080002	2	4	4	1	16200
IN080002	3	.100000001490116	4	8	405.00000603497
IN080004	1	10	4	1	40500
IN080004	2	3.5	4	1	14175
IN080004	3	1.75	4	1	7087.5
IN080004	4	1.75	4	1	7087.5
IN080004	5	1.39999997615814	4	1	5669.99990344048
IN080004	6	1.25	4	1	5062.5
IN080004	7	.0500000007450581	4	8	202.500003017485
IN080006	1	6	4	1	24300
IN080006	2	4.25	4	1	17212.5
IN080006	3	.100000001490116	4	8	405.00000603497
IN080008	1	2	4	1	8100
IN080009	1	1	1	1	4050
IN080010	1	.0399999991059303	4	8	161.999996379018
IN080012	1	.0199999995529652	4	7	80.9999981895089
IN080014	1	1	4	1	4050
IN080016	1	1	4	1	4050
IN080017	1	.200000002980232	2	7	810.000012069941
IN080018	1	5	1	1	20250
IN080019	1	3	4	1	12150
IN080019	2	1	4	1	4050
IN080019	3	1	4	1	4050
IN080019	4	1	4	1	4050
IN080020	1	.5	4	1	2025
IN080021	1	.5	4	1	2025
IN080021	2	2	4	2	8100
IN080023	1	1	4	1	4050
IN080028	1	1	1	1	4050
IN080029	1	.0199999995529652	4	7	80.9999981895089
IN080030	1	1	1	1	4050
IN080031	1	4.5	4	1	18225
IN080031	2	1.25	4	1	5062.5
IN080033	1	.5	4	1	2025
IN080034	1	.5	4	1	2025
IN080035	1	1.5	4	1	6075
IN080036	1	2	4	1	8100
IN080036	2	1.25	4	1	5062.5
IN080036	3	.75	4	1	3037.5
IN080036	4	.0299999993294477	4	8	121.499997284263
IN080039	1	1	4	1	4050
IN080040	1	.800000011920929	4	1	3240.00004827976
IN080042	1	.600000023841858	1	1	2430.00009655952
IN080045	1	2	4	1	8100
IN080046	1	1.25	4	1	5062.5
IN080046	2	.75	4	1	3037.5
IN080047	1	3	4	1	12150
IN080048	1	7	1	1	28350
IN080050	1	5	4	1	20250
IN080050	2	5	1	1	20250
IN080052	1	1.25	4	1	5062.5
IN080052	2	4	1	1	16200
IN080053	1	1	4	1	4050
IN080054	1	2	4	1	8100
IN080054	2	4	4	1	16200
IN080055	1	3	4	1	12150
IN080055	2	2	4	1	8100
IN080055	3	1	4	1	4050
IN080055	5	.0399999991059303	4	8	161.999996379018
IN080056	1	3	1	1	12150
IN080056	2	1	4	1	4050
IN080056	3	.100000001490116	4	8	405.00000603497
IN080058	1	3	4	1	12150
IN080058	2	.100000001490116	4	8	405.00000603497
IN080059	1	3	1	1	12150
IN080059	2	1	4	1	4050
IN080059	3	.100000001490116	4	8	405.00000603497
IN080060	1	1	4	1	4050
IN080060	2	4	1	1	16200
IN080061	1	.5	4	1	2025
IN080063	1	1.5	1	1	6075
IN080063	2	.75	1	1	3037.5
IN080066	1	1	4	1	4050
IN080067	1	2	1	1	8100
IN080068	1	2.5	4	1	10125
IN080068	2	.5	4	1	2025
IN080068	3	.0299999993294477	4	1	121.499997284263
IN080069	1	.5	4	1	2025
IN080070	1	3	4	1	12150
IN080070	2	.0199999995529652	4	1	80.9999981895089
IN080071	1	2.5	4	1	10125
IN080071	2	.0399999991059303	4	8	161.999996379018
IN080072	1	1	4	1	4050
IN080072	2	1	1	1	4050
IN080073	1	3	4	1	12150
IN080074	1	1	4	1	4050
IN080075	1	1.5	4	1	6075
IN080076	1	1.5	4	1	6075
IN080076	2	1	4	1	4050
IN080077	1	5	4	1	20250
IN080078	1	6	1	1	24300
IN080078	2	3	4	1	12150
IN080080	1	1	4	1	4050
IN080081	1	2.25	4	1	9112.5
IN080081	2	1.75	4	1	7087.5
IN080081	3	.0799999982118607	4	1	323.999992758036
IN080082	1	2	1	1	8100
IN080082	2	1	4	1	4050
IN080082	3	.150000005960464	4	99	607.500024139881
IN080084	1	2	4	1	8100
IN080084	2	1	4	1	4050
IN080086	1	5	4	1	20250
IN080086	2	.0299999993294477	4	4	121.499997284263
IN080087	1	1	1	1	4050
IN080088	1	5	4	1	20250
IN080091	1	4.5	4	1	18225
IN080091	2	.00999999977648258	4	8	40.4999990947545
IN080092	1	2	1	1	8100
IN080092	2	1	4	1	4050
IN080094	1	1	4	1	4050
IN080094	2	1	1	1	4050
IN080096	1	4	4	1	16200
IN080096	2	.0199999995529652	4	4	80.9999981895089
IN080097	1	.5	4	1	2025
IN080098	1	2	4	1	8100
IN080100	1	3	4	1	12150
IN090001	1	2	4	1	8100
IN090001	2	1	4	1	4050
IN090002	1	2	4	1	8100
IN090002	2	1	4	1	4050
IN090003	1	3	4	1	12150
IN090003	2	2	4	1	8100
IN090004	1	.5	4	1	2025
IN090005	1	2	4	6	8100
IN090006	1	4	4	1	16200
IN090007	1	4	4	1	16200
IN090008	1	4	4	1	16200
IN090008	2	3	4	1	12150
IN090009	1	4	4	1	16200
IN090009	2	2	4	1	8100
IN090010	1	3	4	1	12150
IN090011	1	2	1	1	8100
IN090012	1	1	4	1	4050
IN090012	2	.5	4	1	2025
IN090015	1	3	4	1	12150
IN090016	1	1	1	1	4050
IN090016	2	.5	4	1	2025
IN090017	1	1	4	1	4050
IN090017	2	1	4	1	4050
IN090018	1	2	4	1	8100
IN090018	2	1	1	1	4050
IN090019	1	1	4	1	4050
IN090020	1	1	4	7	4050
IN090021	1	1.5	4	1	6075
IN090022	1	1	1	1	4050
IN090024	1	.5	4	1	2025
IN090024	2	1	1	1	4050
IN090026	1	9	4	1	36450
IN090026	2	6	4	1	24300
IN090026	3	3	4	1	12150
IN090026	4	2	4	1	8100
IN090027	1	3	4	1	12150
IN090027	2	2	4	1	8100
IN090027	3	.300000011920929	4	1	1215.00004827976
IN090028	1	2	4	1	8100
IN090028	2	1	4	1	4050
IN090028	3	1	4	1	4050
IN090029	1	.5	4	6	2025
IN090030	1	.800000011920929	4	1	3240.00004827976
IN090031	1	2	4	1	8100
IN090032	1	.5	4	1	2025
IN090033	1	1	4	1	4050
IN090033	2	1	4	1	4050
IN090037	1	1	1	1	4050
IN090038	1	1	4	1	4050
IN090040	1	2	4	1	8100
IN090041	1	4	4	1	16200
IN090042	1	2	4	1	8100
IN090042	2	1	4	1	4050
IN090043	1	1	1	1	4050
IN090045	1	3	4	1	12150
IN090046	1	2	4	1	8100
IN090046	2	2.5	4	1	10125
IN090048	1	2	4	1	8100
IN090048	2	1	4	1	4050
IN090049	1	3	4	1	12150
IN090050	1	2	4	1	8100
IN090050	2	1.5	4	1	6075
IN090051	1	3	4	1	12150
IN090051	2	1	4	1	4050
IN090053	1	2	4	1	8100
IN090057	1	2	4	1	8100
IN090058	1	2	4	1	8100
IN090058	2	3	4	1	12150
IN090059	1	1	4	1	4050
IN090060	1	4.5	4	1	18225
IN090061	1	1	4	7	4050
IN090062	1	2	4	1	8100
IN090063	1	2	4	1	8100
IN090063	2	1	4	1	4050
IN090063	3	3	4	1	12150
IN090063	4	1.5	4	3	6075
IN090064	1	3	4	1	12150
IN090064	2	2	4	1	8100
IN090065	1	4	4	1	16200
IN090066	1	2	4	1	8100
IN090066	2	1	4	1	4050
IN090067	1	8	4	1	32400
IN090068	1	3	4	1	12150
IN090068	2	1	4	1	4050
IN090068	3	1.5	4	3	6075
IN090069	1	4	4	1	16200
IN090070	1	4	1	1	16200
IN090071	1	3	1	1	12150
IN090076	1	1	4	1	4050
IN090077	1	2	4	1	8100
IN090077	2	1.5	4	1	6075
IN090078	1	1	4	1	4050
IN090078	2	1.5	1	1	6075
IN090080	1	1	4	1	4050
IN090080	2	1	4	1	4050
IN090082	1	2	4	5	8100
IN090083	1	3	4	1	12150
IN090083	2	4	4	1	16200
IN090083	3	3	4	1	12150
IN090083	4	2.5	4	1	10125
IN090083	5	4.5	4	1	18225
IN090085	1	1	4	1	4050
IN090085	2	1.5	4	1	6075
IN090087	1	4	4	99	16200
IN090087	2	2	4	99	8100
IN090088	1	5	4	1	20250
IN090088	2	5	4	1	20250
IN090088	3	4	4	1	16200
IN090089	1	2	4	1	8100
IN090089	2	4	1	1	16200
IN090090	1	2	4	1	8100
IN090094	1	1	4	6	4050
IN090097	1	4	4	6	16200
IN090100	1	3	4	1	12150
IN100006	1	1.5	4	6	6075
IN100008	1	.300000011920929	4	7	1215.00004827976
IN100042	1	3	4	7	12150
IN100043	1	.0199999995529652	4	7	80.9999981895089
IN100047	1	.0199999995529652	4	8	80.9999981895089
IN100077	1	20	4	1	81000
IN110001	1	3	4	8	12150
IN110003	1	4	4	1	16200
IN110003	2	.0500000007450581	4	8	202.500003017485
IN110004	1	20	3	1	81000
IN110004	2	2	4	1	8100
IN110004	3	2	4	1	8100
IN110004	4	2	4	1	8100
IN110005	1	20	3	1	81000
IN110005	2	12	4	1	48600
IN110005	3	.200000002980232	4	8	810.000012069941
IN110006	1	3	4	1	12150
IN110006	2	.0199999995529652	4	8	80.9999981895089
IN110007	1	5	4	1	20250
IN110007	2	5	4	1	20250
IN110007	3	.0599999986588955	4	8	242.999994568527
IN110008	1	2	1	1	8100
IN110008	2	1	1	1	4050
IN110008	3	.0500000007450581	1	8	202.500003017485
IN110009	1	15	4	1	60750
IN110009	2	5	4	1	20250
IN110009	3	5	4	1	20250
IN110009	4	5	4	1	20250
IN110010	1	1	4	1	4050
IN110011	1	2	1	1	8100
IN110012	1	6	3	1	24300
IN110012	2	1	4	1	4050
IN110012	3	.0199999995529652	4	8	80.9999981895089
IN110013	1	4	4	1	16200
IN110013	2	4	4	1	16200
IN110013	3	.0500000007450581	4	8	202.500003017485
IN110014	1	6	4	1	24300
IN110014	2	8	4	1	32400
IN110014	3	6	4	1	24300
IN110014	4	.800000011920929	4	8	3240.00004827976
IN110015	1	4	1	1	16200
IN110015	2	3	4	1	12150
IN110016	1	3	4	1	12150
IN110016	2	3	1	1	12150
IN110017	1	.0299999993294477	4	7	121.499997284263
IN110018	1	3	4	1	12150
IN110019	1	1	4	1	4050
IN110020	1	1	4	1	4050
IN110021	1	4	4	1	16200
IN110021	2	.0500000007450581	4	8	202.500003017485
IN110022	1	1	4	1	4050
IN110023	1	5	4	1	20250
IN110023	2	4	4	1	16200
IN110023	3	1	4	1	4050
IN110023	4	.100000001490116	4	8	405.00000603497
IN110024	1	3	4	1	12150
IN110024	2	.300000011920929	4	99	1215.00004827976
IN110025	1	6	4	1	24300
IN110025	2	2	4	1	8100
IN110025	3	.300000011920929	4	99	1215.00004827976
IN110027	1	1	4	1	4050
IN110027	2	4	4	1	16200
IN110027	3	3	4	1	12150
IN110027	4	2	4	1	8100
IN110027	5	12	4	1	48600
IN110028	1	4	4	1	16200
IN110028	2	3	4	1	12150
IN110028	3	2	4	1	8100
IN110028	4	.100000001490116	4	1	405.00000603497
IN110029	1	2	4	1	8100
IN110030	1	2	4	1	8100
IN110030	2	1.5	4	1	6075
IN110031	1	3	4	1	12150
IN110031	2	1	1	1	4050
IN110031	3	.0500000007450581	4	8	202.500003017485
IN110032	1	2	4	1	8100
IN110032	2	2	4	1	8100
IN110032	3	2	1	1	8100
IN110032	4	1	4	1	4050
IN110033	1	2.5	4	1	10125
IN110034	1	5	1	1	20250
IN110034	2	5	1	1	20250
IN110034	3	4	4	1	16200
IN110034	4	2	4	1	8100
IN110034	5	.0299999993294477	4	8	121.499997284263
IN110035	1	2	4	1	8100
IN110037	1	2	4	1	8100
IN110038	1	2	4	1	8100
IN110039	1	4	4	1	16200
IN110040	1	2	1	1	8100
IN110040	2	.5	4	1	2025
IN110041	1	.330000013113022	4	7	1336.50005310774
IN110041	2	.0299999993294477	4	8	121.499997284263
IN110042	1	5	4	1	20250
IN110042	2	5	4	1	20250
IN110042	3	.0500000007450581	4	8	202.500003017485
IN110043	1	4.40000009536743	4	1	17820.0003862381
IN110043	2	4.40000009536743	4	1	17820.0003862381
IN110043	3	2.25	4	1	9112.5
IN110043	4	2.25	4	1	9112.5
IN110043	5	.129999995231628	4	1	526.499980688095
IN110044	1	5.76999998092651	4	1	23368.4999227524
IN110044	2	4.88000011444092	4	1	19764.0004634857
IN110044	3	3.95000004768372	4	1	15997.500193119
IN110044	4	3.65000009536743	4	1	14782.5003862381
IN110044	5	.400000005960464	4	8	1620.00002413988
IN110045	1	18.6000003814697	4	1	75330.0015449524
IN110045	2	.0799999982118607	4	8	323.999992758036
IN110047	1	3	4	1	12150
IN110047	2	3	1	1	12150
IN110048	1	8	4	1	32400
IN110048	2	3	4	1	12150
IN110048	3	.100000001490116	4	1	405.00000603497
IN110049	1	1	4	1	4050
IN110049	2	.100000001490116	4	8	405.00000603497
IN110050	1	13	4	1	52650
IN110050	2	.100000001490116	4	8	405.00000603497
IN110050	3	.0299999993294477	4	8	121.499997284263
IN110051	1	20	4	1	81000
IN110051	2	10	4	1	40500
IN110051	3	.300000011920929	4	8	1215.00004827976
IN110052	1	1	4	1	4050
IN110052	2	.00999999977648258	4	8	40.4999990947545
IN110055	1	6.5	4	1	26325
IN110055	2	.0500000007450581	4	8	202.500003017485
IN110056	1	5	4	1	20250
IN110056	2	.0900000035762787	4	8	364.500014483929
IN110057	1	1.75	4	1	7087.5
IN110059	1	5	4	8	20250
IN110059	2	5	3	1	20250
IN110059	3	5	3	1	20250
IN110059	4	.5	4	8	2025
IN110061	1	5	4	1	20250
IN110062	1	2	4	1	8100
IN110064	1	2.40000009536743	4	1	9720.0003862381
IN110064	2	2.15000009536743	4	1	8707.5003862381
IN110064	3	1	4	1	4050
IN110064	4	.0799999982118607	4	8	323.999992758036
IN110065	1	2.5	4	1	10125
IN110066	1	1	4	1	4050
IN110067	1	1.25	4	1	5062.5
IN110067	2	1.25	4	1	5062.5
IN110068	1	3	4	1	12150
IN110069	1	2	4	1	8100
IN110070	1	8.11999988555908	4	1	32885.9995365143
IN110070	2	2.96000003814697	4	1	11988.0001544952
IN110070	3	1.98000001907349	4	1	8019.00007724762
IN110070	4	.140000000596046	4	1	567.000002413988
IN110070	5	3.5	3	1	14175
IN110070	6	5	1	1	20250
IN110071	1	3	4	1	12150
IN110071	2	1.5	4	1	6075
IN110073	1	4	4	1	16200
IN110073	2	.0500000007450581	4	8	202.500003017485
IN110074	1	2	4	1	8100
IN110075	1	4.5	4	1	18225
IN110075	2	4	4	7	16200
IN110075	3	4	4	7	16200
IN110075	4	3.5	4	7	14175
IN110075	5	2	4	1	8100
IN110077	1	5	4	1	20250
IN110077	2	1.5	4	1	6075
IN110077	3	1.5	4	1	6075
IN110078	1	3	4	1	12150
IN110079	1	3	1	1	12150
IN110079	2	1	4	1	4050
IN110080	1	9	4	1	36450
IN110080	2	.0299999993294477	4	7	121.499997284263
IN110081	1	3	4	1	12150
IN110082	1	1	4	1	4050
IN110083	1	3	4	1	12150
IN110083	2	1.5	4	1	6075
IN110083	3	.0500000007450581	4	8	202.500003017485
IN110085	1	1	4	1	4050
IN110085	2	6	4	1	24300
IN110085	3	5	4	1	20250
IN110085	4	4	4	1	16200
IN110085	5	.100000001490116	99	99	405.00000603497
IN110086	1	1	4	1	4050
IN110087	1	2	4	1	8100
IN110087	2	.00999999977648258	4	8	40.4999990947545
IN110088	1	.0199999995529652	4	7	80.9999981895089
IN110089	1	3	4	1	12150
IN110089	2	1.5	4	1	6075
IN110089	3	1	3	1	4050
IN110089	4	.0700000002980232	4	8	283.500001206994
IN110091	1	3	4	6	12150
IN110093	1	3	4	1	12150
IN110093	2	2	4	1	8100
IN110093	3	.0199999995529652	4	8	80.9999981895089
IN110094	1	13	4	1	52650
IN110094	2	6	4	1	24300
IN110094	3	5	4	1	20250
IN110094	4	.400000005960464	4	8	1620.00002413988
IN110094	5	.100000001490116	4	8	405.00000603497
IN110095	1	15	4	1	60750
IN110095	2	.100000001490116	4	8	405.00000603497
IN110095	3	.100000001490116	4	8	405.00000603497
IN110095	4	.100000001490116	4	8	405.00000603497
IN110097	1	10	1	1	40500
IN110097	2	5	1	3	20250
IN110097	3	.150000005960464	4	1	607.500024139881
IN110098	1	1	4	1	4050
IN110100	1	3	4	1	12150
IN110102	1	2	3	1	8100
IN110103	1	1	4	1	4050
IN110104	1	10	4	1	40500
IN110104	2	15	1	1	60750
IN110104	3	.0500000007450581	4	8	202.500003017485
IN120003	1	8	4	1	32400
IN120003	2	.100000001490116	4	99	405.00000603497
IN120004	1	5	4	1	20250
IN120004	2	.300000011920929	4	99	1215.00004827976
IN120006	1	2	3	1	8100
IN120006	2	1.5	4	1	6075
IN120007	2	3	1	99	12150
IN120008	1	15	4	1	60750
IN120008	2	3	4	1	12150
IN120008	3	1	4	1	4050
IN120008	4	1	4	1	4050
IN120008	5	.100000001490116	4	8	405.00000603497
IN120010	1	3	4	1	12150
IN120010	2	.0199999995529652	4	8	80.9999981895089
IN120011	1	10	4	1	40500
IN120012	1	6	1	1	24300
IN120012	2	5	4	1	20250
IN120012	3	2	4	1	8100
IN120012	4	1	4	1	4050
IN120012	5	.0500000007450581	4	8	202.500003017485
IN120014	1	11	4	1	44550
IN120014	2	7	4	1	28350
IN120014	3	.5	4	8	2025
IN120015	1	5	4	1	20250
IN120015	2	.400000005960464	4	1	1620.00002413988
IN120015	3	.400000005960464	4	1	1620.00002413988
IN120018	1	9	4	1	36450
IN120018	2	4.5	4	1	18225
IN120018	3	4	4	1	16200
IN120018	4	4	4	1	16200
IN120018	5	.100000001490116	4	8	405.00000603497
IN120020	1	9	4	1	36450
IN120020	2	.5	4	1	2025
IN120020	3	.0500000007450581	4	8	202.500003017485
IN120022	1	5	4	6	20250
IN120023	1	2	4	1	8100
IN120026	1	9	4	1	36450
IN120026	2	5	4	1	20250
IN120027	1	5	4	1	20250
IN120027	2	4	4	1	16200
IN120027	3	3	3	1	12150
IN120028	1	5	4	1	20250
IN120030	1	1.5	4	1	6075
IN120031	1	5	4	7	20250
IN120032	1	4	4	7	16200
IN120033	1	5	1	1	20250
IN120033	2	4	4	1	16200
IN120033	3	2	3	1	8100
IN120034	1	2	4	7	8100
IN120035	1	9.03999996185303	4	1	36611.9998455048
IN120035	2	7.30000019073486	4	1	29565.0007724762
IN120035	3	2.29999995231628	4	1	9314.99980688095
IN120035	4	.150000005960464	4	8	607.500024139881
IN120036	1	5	4	1	20250
IN120039	1	3	3	1	12150
IN120039	2	2.5	4	1	10125
IN120039	3	2.5	4	1	10125
IN120039	4	1	4	1	4050
IN120039	5	.5	4	1	2025
IN120039	6	.400000005960464	4	8	1620.00002413988
IN120042	1	10	4	1	40500
IN120042	2	.100000001490116	4	8	405.00000603497
IN120045	1	5	3	1	20250
IN120045	2	.400000005960464	4	1	1620.00002413988
IN120046	1	.5	4	1	2025
IN120047	1	.25	4	1	1012.5
IN120048	1	1.60000002384186	4	1	6480.00009655952
IN120048	2	1.20000004768372	4	1	4860.00019311905
IN120049	1	.5	4	1	2025
IN120051	1	3	4	1	12150
IN120051	2	1.60000002384186	4	1	6480.00009655952
IN120052	1	5	4	1	20250
IN120052	2	1	4	1	4050
IN120052	3	.0799999982118607	4	8	323.999992758036
IN120054	1	4	4	1	16200
IN120054	2	1	4	1	4050
IN120054	3	1	4	1	4050
IN120054	4	.0399999991059303	4	7	161.999996379018
IN120055	1	.300000011920929	1	1	1215.00004827976
IN120056	1	6	4	1	24300
IN120056	2	6	4	1	24300
IN120056	3	4	4	1	16200
IN120056	4	2	4	1	8100
IN120057	1	4	4	1	16200
IN120057	2	3	4	7	12150
IN120058	1	4	4	1	16200
IN120058	2	2	4	1	8100
IN120059	1	3	4	1	12150
IN120059	2	2	4	1	8100
IN120059	3	1	4	1	4050
IN120061	1	2	4	1	8100
IN120062	1	6	4	1	24300
IN120064	1	1	4	7	4050
IN120065	1	3	4	1	12150
IN120065	2	.5	4	8	2025
IN120066	1	.449999988079071	4	7	1822.49995172024
IN120068	1	2	4	1	8100
IN120069	1	2	4	1	8100
IN120069	2	6	4	1	24300
IN120069	3	3	4	1	12150
IN120069	4	.0199999995529652	4	8	80.9999981895089
IN120072	1	1	4	1	4050
IN120072	2	1	4	1	4050
IN120073	1	3	4	1	12150
IN120073	2	1	4	1	4050
IN120073	3	.0500000007450581	4	8	202.500003017485
IN120074	1	3	4	1	12150
IN120074	2	9	4	1	36450
IN120074	3	.0900000035762787	4	1	364.500014483929
IN120076	1	1	4	1	4050
IN120077	1	6	4	1	24300
IN120079	1	.400000005960464	4	6	1620.00002413988
IN120081	1	1	1	1	4050
IN120081	2	.0299999993294477	4	4	121.499997284263
IN120083	1	2	4	1	8100
IN120084	1	3	4	1	12150
IN120084	2	2	4	1	8100
IN120084	4	.5	4	1	2025
IN120085	1	4	4	1	16200
IN120086	1	5	4	7	20250
IN120087	1	2	4	7	8100
IN120088	1	2	4	1	8100
IN120090	1	2	4	7	8100
IN120091	1	2	4	1	8100
IN120091	2	1	4	1	4050
IN120091	3	.200000002980232	4	8	810.000012069941
IN120095	1	2	4	1	8100
IN120098	1	4	4	1	16200
IN120098	2	1	1	1	4050
IN120098	3	.0299999993294477	4	4	121.499997284263
IN120099	1	2	4	1	8100
IN120099	2	1	4	1	4050
IN120099	3	.200000002980232	4	7	810.000012069941
IN120100	1	2	4	1	8100
IN120100	2	.300000011920929	3	1	1215.00004827976
IN120102	1	7	4	1	28350
IN130001	1	5	4	1	20250
IN130001	2	.0199999995529652	4	8	80.9999981895089
IN130002	1	1	4	1	4050
IN130002	2	1	4	1	4050
IN130002	3	1	4	1	4050
IN130002	4	1	4	8	4050
IN130003	1	3	4	1	12150
IN130003	2	2	4	1	8100
IN130004	1	1	4	1	4050
IN130004	2	.5	4	8	2025
IN130005	1	1	4	1	4050
IN130006	1	2	4	1	8100
IN130007	1	3	4	1	12150
IN130008	1	2.25	4	1	9112.5
IN130008	2	.75	4	1	3037.5
IN130009	1	7	4	1	28350
IN130010	1	3	4	99	12150
IN130010	2	1.5	4	99	6075
IN130010	3	1.5	4	99	6075
IN130010	4	.5	4	99	2025
IN130011	1	1	4	1	4050
IN130012	1	2.5	4	1	10125
IN130012	2	.0500000007450581	4	8	202.500003017485
IN130013	1	4	4	1	16200
IN130013	2	2	4	1	8100
IN130013	3	2	4	4	8100
IN130014	1	1	4	1	4050
IN130015	1	1	4	1	4050
IN130015	2	1	4	1	4050
IN130015	3	5	4	1	20250
IN130015	4	6	4	1	24300
IN130015	5	6	2	4	24300
IN130016	1	2	4	1	8100
IN130016	2	1.5	4	1	6075
IN130017	1	3.5	4	1	14175
IN130017	2	2	4	1	8100
IN130017	3	1.5	4	1	6075
IN130018	1	3	4	1	12150
IN130018	2	1	4	1	4050
IN130018	3	1	4	1	4050
IN130018	4	2	4	8	8100
IN130019	1	2	4	1	8100
IN130019	2	1	4	1	4050
IN130020	1	1.25	4	1	5062.5
IN130022	1	6	4	1	24300
IN130023	1	5	4	1	20250
IN130025	1	3	4	1	12150
IN130025	2	2	4	1	8100
IN130025	3	1	4	1	4050
IN130026	1	2	4	1	8100
IN130026	2	1.5	4	1	6075
IN130026	3	.5	4	1	2025
IN130026	4	.0599999986588955	4	8	242.999994568527
IN130029	1	1.5	4	1	6075
IN130031	1	10	4	1	40500
IN130031	2	3	4	1	12150
IN130031	3	1	4	8	4050
IN130032	1	3	4	1	12150
IN130032	2	4	4	8	16200
IN130033	1	2	4	1	8100
IN130034	1	1	4	1	4050
IN130037	1	1	4	99	4050
IN130038	1	3	4	1	12150
IN130038	2	2.5	4	1	10125
IN130038	3	2.5	4	1	10125
IN130038	4	2	4	1	8100
IN130039	1	4	4	1	16200
IN130039	2	1	4	1	4050
IN130039	3	.75	4	1	3037.5
IN130039	4	.5	4	1	2025
IN130039	5	.300000011920929	4	1	1215.00004827976
IN130040	1	3	4	1	12150
IN130040	2	2	4	1	8100
IN130040	3	1	4	7	4050
IN130041	1	2	4	7	8100
IN130042	1	3	4	1	12150
IN130042	2	2	4	1	8100
IN130043	1	3	4	1	12150
IN130043	2	2	4	1	8100
IN130043	3	.200000002980232	4	8	810.000012069941
IN130044	1	1.5	4	1	6075
IN130046	1	3	4	1	12150
IN130047	1	1	4	1	4050
IN130048	1	3	4	1	12150
IN130048	2	1	4	1	4050
IN130049	1	2	4	1	8100
IN130049	2	.75	4	1	3037.5
IN130050	1	1	4	1	4050
IN130052	1	2	4	1	8100
IN130053	1	2	4	1	8100
IN130055	1	1	4	1	4050
IN130057	1	1.5	1	1	6075
IN130057	2	1	4	1	4050
IN130058	1	3	4	1	12150
IN130060	1	1	3	1	4050
IN130060	2	.5	4	7	2025
IN130061	1	2	4	7	8100
IN130061	2	1	3	1	4050
IN130062	1	1	4	99	4050
IN130063	1	6	4	1	24300
IN130063	2	3	4	1	12150
IN130063	3	2	4	1	8100
IN130063	4	.200000002980232	4	8	810.000012069941
IN130064	1	4	4	1	16200
IN130064	2	1	4	7	4050
IN130064	3	.75	4	7	3037.5
IN130064	4	.5	4	7	2025
IN130064	5	.300000011920929	4	1	1215.00004827976
IN130064	6	.25	4	1	1012.5
IN130064	7	.100000001490116	4	8	405.00000603497
IN130065	1	3	4	1	12150
IN130065	2	2.5	4	3	10125
IN130065	3	.300000011920929	4	1	1215.00004827976
IN130066	1	3	4	1	12150
IN130067	1	2	4	1	8100
IN130068	1	6	4	1	24300
IN130068	2	3	4	1	12150
IN130068	3	2	4	1	8100
IN130068	4	.200000002980232	4	8	810.000012069941
IN130069	1	3	4	1	12150
IN130069	2	.5	4	1	2025
IN130070	1	1	4	1	4050
IN130070	2	.75	4	1	3037.5
IN130071	1	2.5	4	1	10125
IN130071	2	1	4	1	4050
IN130071	3	.5	4	7	2025
IN130072	1	8	4	1	32400
IN130072	2	6	4	1	24300
IN130072	3	.5	4	1	2025
IN130072	4	.5	4	1	2025
IN130073	1	1	4	1	4050
IN130074	1	5	4	1	20250
IN130075	1	2	4	1	8100
IN130076	1	1	4	1	4050
IN130077	1	9	4	1	36450
IN130077	2	20	4	1	81000
IN130077	3	.400000005960464	4	8	1620.00002413988
IN130078	1	2	4	6	8100
IN130079	1	1.5	4	1	6075
IN130080	1	1	4	1	4050
IN130081	1	1	4	1	4050
IN130082	1	5	4	1	20250
IN130084	1	3	4	1	12150
IN130084	2	3	4	1	12150
IN130085	1	3	4	1	12150
IN130085	2	2	4	1	8100
IN130086	1	1	4	1	4050
IN130088	1	.75	4	7	3037.5
IN130089	1	3	4	1	12150
IN130090	1	5	4	1	20250
IN130090	2	2	4	1	8100
IN130091	1	1	4	1	4050
IN130092	1	1	4	1	4050
IN130094	1	4	4	1	16200
IN130096	1	2	1	1	8100
IN130097	1	.25	4	7	1012.5
IN130098	1	2	3	1	8100
IN130098	2	1	4	1	4050
IN130099	1	3.25	4	1	13162.5
IN130100	1	3	4	1	12150
IN140003	1	.100000001490116	4	7	405.00000603497
IN140008	1	2	4	2	8100
IN140009	1	2	4	2	8100
IN140031	1	2	4	7	8100
IN140033	1	.5	4	7	2025
IN140044	1	.0299999993294477	4	7	121.499997284263
IN140046	1	.5	4	7	2025
IN140046	2	.25	4	7	1012.5
IN140047	1	.600000023841858	4	7	2430.00009655952
IN140048	1	2	4	2	8100
IN140048	2	.5	4	7	2025
IN140056	1	3	4	7	12150
IN140061	1	3	4	6	12150
IN140061	2	2	4	6	8100
IN140061	3	3	4	7	12150
IN140077	1	2	4	4	8100
IN140078	1	.519999980926514	4	4	2105.99992275238
IN140082	1	1	4	2	4050
IN140083	1	2.5	4	7	10125
IN140089	1	1.5	4	1	6075
IN140094	1	1	4	1	4050
IN140096	1	1	4	7	4050
IN140097	1	2	4	7	8100
IN150001	1	2	4	1	8100
IN150001	2	1	4	1	4050
IN150001	3	4.5	4	1	18225
IN150001	4	6	4	1	24300
IN150001	5	2	1	1	8100
IN150003	1	5	4	1	20250
IN150003	2	1	4	1	4050
IN150004	1	3	1	1	12150
IN150007	1	2	4	1	8100
IN150008	1	2	4	1	8100
IN150008	2	2	4	1	8100
IN150008	3	.75	4	1	3037.5
IN150010	1	1	4	1	4050
IN150010	2	1	4	1	4050
IN150010	3	1	4	1	4050
IN150011	1	.5	4	1	2025
IN150012	1	1	4	1	4050
IN150016	1	1	4	1	4050
IN150016	2	.5	4	1	2025
IN150016	3	.5	4	1	2025
IN150017	1	2	4	1	8100
IN150017	2	1	4	1	4050
IN150019	1	2	4	6	8100
IN150020	1	1	4	1	4050
IN150021	1	2	2	1	8100
IN150021	2	2	2	1	8100
IN150021	3	1	1	1	4050
IN150022	1	3	4	1	12150
IN150023	1	2	4	1	8100
IN150023	2	1	4	2	4050
IN150024	1	.75	4	1	3037.5
IN150024	2	1.75	4	1	7087.5
IN150024	3	1	1	1	4050
IN150025	1	2	4	1	8100
IN150025	2	1	4	1	4050
IN150026	1	1	4	1	4050
IN150026	2	2.5	4	1	10125
IN150026	3	2	4	1	8100
IN150026	4	3	1	1	12150
IN150027	1	1	4	1	4050
IN150027	2	.25	4	1	1012.5
IN150027	3	1	4	1	4050
IN150028	1	.449999988079071	4	1	1822.49995172024
IN150028	2	.5	3	1	2025
IN150029	1	.25	4	1	1012.5
IN150031	1	2	4	1	8100
IN150032	1	1	4	1	4050
IN150032	2	1	3	1	4050
IN150033	1	1	1	1	4050
IN150033	2	.5	4	1	2025
IN150035	1	3	4	1	12150
IN150035	2	.5	3	1	2025
IN150036	1	2	4	1	8100
IN150036	2	.129999995231628	4	1	526.499980688095
IN150036	3	.25	4	1	1012.5
IN150037	1	2	4	1	8100
IN150037	2	2	1	1	8100
IN150038	1	1	4	1	4050
IN150038	2	1	1	1	4050
IN150039	1	1.5	3	1	6075
IN150039	2	1	3	1	4050
IN150039	3	1	3	1	4050
IN150039	4	.5	3	1	2025
IN150041	1	.5	4	1	2025
IN150041	2	.5	3	1	2025
IN150042	1	1.5	4	1	6075
IN150042	2	.5	4	1	2025
IN150046	1	3	4	1	12150
IN150046	2	2	4	2	8100
IN150047	1	.5	4	1	2025
IN150048	1	1	4	1	4050
IN150048	2	1	4	1	4050
IN150049	1	.5	4	1	2025
IN150051	1	1	4	1	4050
IN150055	1	1.5	1	1	6075
IN150056	1	.150000005960464	4	1	607.500024139881
IN150056	2	.150000005960464	3	1	607.500024139881
IN150057	1	.25	4	1	1012.5
IN150058	1	1	4	1	4050
IN150060	1	3	4	1	12150
IN150060	2	3	4	1	12150
IN150060	3	2	4	1	8100
IN150060	4	2	4	1	8100
IN150060	5	2	3	1	8100
IN150061	1	2	4	1	8100
IN150064	1	1	4	1	4050
IN150065	1	.649999976158142	4	2	2632.49990344048
IN150068	1	1	4	1	4050
IN150069	1	1	4	1	4050
IN150070	1	1	3	1	4050
IN150071	1	1	4	7	4050
IN150071	2	.5	4	1	2025
IN150074	1	.5	1	1	2025
IN150074	2	.150000005960464	4	1	607.500024139881
IN150076	1	.5	4	1	2025
IN150077	1	1	4	1	4050
IN150077	2	2	4	2	8100
IN150078	1	.5	4	1	2025
IN150082	1	1	4	1	4050
IN150083	1	2	4	1	8100
IN150084	1	1	4	1	4050
IN150084	2	1	4	1	4050
IN150084	3	.5	4	1	2025
IN150084	4	1.5	4	1	6075
IN150086	1	3	1	1	12150
IN150088	1	.5	4	1	2025
IN150088	2	2	1	1	8100
IN150090	1	1	4	1	4050
IN150090	2	1	1	1	4050
IN150091	1	3	4	1	12150
IN150091	2	1	1	1	4050
IN150092	1	6	1	1	24300
IN150093	1	1	4	2	4050
IN150094	1	2	4	2	8100
IN150096	1	.25	4	1	1012.5
IN150097	1	1	4	1	4050
IN150097	2	1	1	1	4050
IN150099	1	1	4	1	4050
IN150099	2	1	1	1	4050
IN160001	1	6	1	1	24300
IN160002	1	8	4	1	32400
IN160003	1	3	4	2	12150
IN160004	1	2	4	6	8100
IN160005	1	1.5	4	1	6075
IN160006	1	4	4	1	16200
IN160007	1	15	4	1	60750
IN160008	1	.75	4	7	3037.5
IN160011	1	2	4	1	8100
IN160011	2	2	3	1	8100
IN160012	1	3	4	1	12150
IN160014	1	2	4	1	8100
IN160014	2	7	3	1	28350
IN160016	1	3	4	1	12150
IN160017	1	4	4	1	16200
IN160018	1	3	4	2	12150
IN160020	1	2	4	1	8100
IN160021	1	12	4	1	48600
IN160022	1	1	4	1	4050
IN160022	2	3	1	1	12150
IN160024	1	2	4	1	8100
IN160024	2	2	1	1	8100
IN160025	1	2	1	1	8100
IN160026	1	1.5	4	1	6075
IN160027	1	8	4	1	32400
IN160027	2	3	1	1	12150
IN160028	1	2	4	1	8100
IN160028	2	2	1	1	8100
IN160029	1	.5	4	1	2025
IN160029	2	5	1	1	20250
IN160031	1	1	4	7	4050
IN160033	1	3	4	1	12150
IN160033	2	3	4	1	12150
IN160033	3	2	4	1	8100
IN160033	4	2	4	1	8100
IN160034	1	6	4	1	24300
IN160034	2	2	4	1	8100
IN160034	3	5	1	1	20250
IN160035	1	1	4	1	4050
IN160035	2	3	1	1	12150
IN160037	1	4.25	4	1	17212.5
IN160038	1	1	4	6	4050
IN160041	1	2	4	1	8100
IN160041	2	2	4	1	8100
IN160041	3	1	4	1	4050
IN160043	1	1	4	1	4050
IN160043	2	3	3	1	12150
IN160044	1	4	4	7	16200
IN160045	1	2	1	1	8100
IN160046	1	8	4	1	32400
IN160047	1	1	4	1	4050
IN160048	1	1	4	6	4050
IN160049	1	3	1	1	12150
IN160050	1	2	4	1	8100
IN160051	1	3	4	1	12150
IN160054	1	1	4	7	4050
IN160055	1	1	4	1	4050
IN160056	1	1	4	7	4050
IN160057	1	3	4	1	12150
IN160058	1	4	4	1	16200
IN160059	1	2	4	1	8100
IN160059	2	1	4	7	4050
IN160060	1	3	4	1	12150
IN160063	1	2	4	1	8100
IN160063	2	3	1	1	12150
IN160064	1	5	4	1	20250
IN160064	2	3	1	1	12150
IN160065	1	2	4	6	8100
IN160066	1	5	3	1	20250
IN160068	1	2	4	1	8100
IN160069	1	1	4	1	4050
IN160069	2	.5	4	1	2025
IN160070	1	2	4	6	8100
IN160072	1	6	4	1	24300
IN160073	1	7	4	1	28350
IN160073	2	3	4	1	12150
IN160074	1	5	4	1	20250
IN160074	2	5	4	1	20250
IN160075	1	1	4	1	4050
IN160076	1	3	4	1	12150
IN160076	2	3	1	1	12150
IN160077	1	1	4	1	4050
IN160078	1	4	4	2	16200
IN160079	1	3	4	1	12150
IN160081	1	1	1	1	4050
IN160081	2	1	1	1	4050
IN160083	1	2	4	7	8100
IN160084	1	2.5	4	6	10125
IN160086	1	3	4	1	12150
IN160087	1	4	4	7	16200
IN160090	1	3	4	1	12150
IN160091	1	3	4	7	12150
IN160096	1	6	4	1	24300
IN160097	1	.5	4	1	2025
IN160098	1	1	4	1	4050
IN160098	2	5	1	1	20250
IN160098	3	5	1	2	20250
IN170001	1	2.5	4	1	10125
IN170001	2	.5	4	7	2025
IN170001	3	.5	4	7	2025
IN170002	1	1.5	1	1	6075
IN170002	2	.5	1	7	2025
IN170002	3	.5	4	7	2025
IN170002	4	1	4	1	4050
IN170002	5	.5	4	7	2025
IN170003	1	1	4	1	4050
IN170003	2	.5	4	1	2025
IN170003	3	1	1	1	4050
IN170004	1	1	4	1	4050
IN170005	1	1.75	4	1	7087.5
IN170005	2	1	4	1	4050
IN170007	1	1	1	1	4050
IN170008	1	2	4	1	8100
IN170009	1	1.5	4	1	6075
IN170010	1	3	4	7	12150
IN170010	2	2.5	4	1	10125
IN170010	3	1.5	4	2	6075
IN170010	4	3	4	7	12150
IN170011	1	1.25	4	1	5062.5
IN170011	2	.75	4	1	3037.5
IN170012	1	1	4	1	4050
IN170012	2	.5	4	1	2025
IN170013	1	1.25	4	1	5062.5
IN170013	2	.75	4	1	3037.5
IN170014	1	.5	1	1	2025
IN170014	2	.5	1	1	2025
IN170014	3	.5	4	7	2025
IN170014	4	.5	4	1	2025
IN170015	1	5	4	1	20250
IN170016	1	6.15000009536743	4	1	24907.5003862381
IN170017	1	1	4	1	4050
IN170018	1	.5	4	1	2025
IN170019	1	5	4	1	20250
IN170019	2	1	4	7	4050
IN170019	3	1	3	1	4050
IN170020	1	1	4	1	4050
IN170020	2	1	4	1	4050
IN170020	3	.5	4	2	2025
IN170021	1	.5	4	1	2025
IN170021	2	.5	4	1	2025
IN170021	3	.5	4	1	2025
IN170021	4	.5	4	1	2025
IN170021	5	.5	4	1	2025
IN170021	6	.5	4	1	2025
IN170022	1	2	4	1	8100
IN170022	2	2	4	7	8100
IN170022	3	1	4	1	4050
IN170022	4	.5	4	1	2025
IN170022	5	.5	4	1	2025
IN170023	1	3	4	1	12150
IN170023	2	.360000014305115	4	2	1458.00005793571
IN170024	1	4	4	1	16200
IN170024	2	.5	4	1	2025
IN170024	3	.5	4	7	2025
IN170024	4	.5	4	7	2025
IN170026	1	2	4	1	8100
IN170027	1	1	4	1	4050
IN170027	2	1	4	1	4050
IN170027	3	1	4	1	4050
IN170027	4	2	4	1	8100
IN170028	1	1.5	4	1	6075
IN170028	2	.5	4	1	2025
IN170028	3	2	4	7	8100
IN170029	1	.5	4	1	2025
IN170029	2	.5	4	1	2025
IN170029	3	.5	4	1	2025
IN170029	4	.5	4	1	2025
IN170030	1	1.5	4	1	6075
IN170031	1	.25	4	1	1012.5
IN170032	1	2	4	1	8100
IN170033	1	2	4	1	8100
IN170034	1	2	4	1	8100
IN170034	2	2	4	1	8100
IN170035	1	1	4	1	4050
IN170035	2	1	4	7	4050
IN170036	1	2	4	1	8100
IN170036	2	1	4	1	4050
IN170036	3	.5	4	1	2025
IN170036	4	.5	4	1	2025
IN170037	1	4	4	1	16200
IN170037	2	1	4	7	4050
IN170038	1	1	4	7	4050
IN170039	1	1	4	1	4050
IN170040	1	2	4	1	8100
IN170040	2	.5	1	1	2025
IN170040	3	.25	1	1	1012.5
IN170041	1	3	4	1	12150
IN170041	2	1	4	1	4050
IN170042	1	5	4	1	20250
IN170043	1	10	4	1	40500
IN170043	2	5	4	1	20250
IN170044	1	.5	4	7	2025
IN170045	1	2	4	1	8100
IN170046	1	6	4	1	24300
IN170046	2	3	4	1	12150
IN170047	1	1	4	1	4050
IN170047	2	1	4	1	4050
IN170047	3	1	4	7	4050
IN170047	4	2	4	1	8100
IN170048	1	2	4	1	8100
IN170048	2	2	4	1	8100
IN170048	3	2	4	1	8100
IN170049	1	1	4	1	4050
IN170050	1	4	4	1	16200
IN170051	1	3	4	1	12150
IN170052	1	7	4	1	28350
IN170053	1	4	4	1	16200
IN170054	1	2	4	1	8100
IN170055	1	3	4	1	12150
IN170055	2	5	4	1	20250
IN170057	1	2	4	1	8100
IN170058	1	2	1	1	8100
IN170058	2	1	1	1	4050
IN170058	3	1	1	7	4050
IN170059	1	5	4	1	20250
IN170059	2	5	4	1	20250
IN170059	3	1	4	7	4050
IN170060	1	1	4	1	4050
IN170060	2	.5	4	7	2025
IN170061	1	10	4	1	40500
IN170061	2	8	4	1	32400
IN170061	3	12	4	7	48600
IN170062	1	10	4	1	40500
IN170063	1	1	4	1	4050
IN170063	2	1	4	1	4050
IN170064	1	.5	4	7	2025
IN170064	2	1	4	6	4050
IN170065	1	3	4	7	12150
IN170066	1	1	4	1	4050
IN170066	2	2	4	1	8100
IN170066	3	1	4	1	4050
IN170066	4	.5	4	7	2025
IN170067	1	1.25	4	1	5062.5
IN170068	1	3	4	1	12150
IN170068	2	2	4	1	8100
IN170068	3	1.5	4	1	6075
IN170068	4	1.5	4	8	6075
IN170068	5	2	4	7	8100
IN170069	1	.5	4	8	2025
IN170069	2	.5	4	8	2025
IN170070	1	6	4	1	24300
IN170070	2	3	4	1	12150
IN170070	3	2	4	1	8100
IN170070	4	1	4	1	4050
IN170071	1	1	4	1	4050
IN170071	2	.5	4	1	2025
IN170071	3	.25	4	1	1012.5
IN170072	1	2	4	1	8100
IN170073	1	2	4	1	8100
IN170074	1	2	4	7	8100
IN170074	2	1	4	7	4050
IN170076	1	.5	4	1	2025
IN170077	1	1.5	4	1	6075
IN170077	2	3	4	1	12150
IN170078	1	3	4	1	12150
IN170079	1	1	4	1	4050
IN170080	1	2	4	1	8100
IN170080	2	1	4	1	4050
IN170081	1	1.5	4	1	6075
IN170081	2	1	4	1	4050
IN170082	1	1	4	1	4050
IN170083	1	1	4	1	4050
IN170083	2	1	4	1	4050
IN170083	3	1	4	1	4050
IN170083	4	1	4	1	4050
IN170083	5	1	4	7	4050
IN170084	1	1	4	1	4050
IN170085	1	.5	4	1	2025
IN170086	1	2.5	4	1	10125
IN170086	2	1.5	4	1	6075
IN170086	3	5	4	1	20250
IN170087	1	5	4	1	20250
IN170087	2	3	4	1	12150
IN170087	3	1	4	1	4050
IN170087	4	1	4	1	4050
IN170087	5	1	4	1	4050
IN170087	6	.5	4	1	2025
IN170087	7	.5	4	1	2025
IN170088	1	1	4	1	4050
IN170088	2	1	4	1	4050
IN170088	3	1	4	7	4050
IN170088	4	1.5	4	1	6075
IN170089	1	2	4	1	8100
IN170089	2	1	4	1	4050
IN170089	3	1	4	7	4050
IN170090	1	1	4	1	4050
IN170091	1	2	4	1	8100
IN170091	2	1.5	4	1	6075
IN170091	3	1.5	4	1	6075
IN170091	4	.5	4	1	2025
IN170091	5	1.5	4	1	6075
IN170091	6	1	4	1	4050
IN170092	1	1.5	4	1	6075
IN170092	2	1	4	3	4050
IN170093	1	.5	4	1	2025
IN170093	2	.5	4	1	2025
IN170093	3	.5	4	1	2025
IN170093	4	.5	4	1	2025
IN170093	5	1	4	7	4050
IN170094	1	2	4	1	8100
IN170095	1	2.5	4	1	10125
IN170095	2	1	4	1	4050
IN170095	3	.5	4	7	2025
IN170095	4	.5	4	7	2025
IN170095	5	.5	4	7	2025
IN170097	1	.75	4	1	3037.5
IN170097	2	.75	4	1	3037.5
IN170097	3	1.5	4	1	6075
IN170098	1	1.5	4	7	6075
IN170098	2	1.5	4	7	6075
IN170099	1	8	4	1	32400
IN170100	1	1	4	1	4050
IN170100	2	2	3	1	8100
IN180001	1	12	4	2	48600
IN180001	2	9	4	2	36450
IN180001	3	4	4	1	16200
IN180002	1	3	4	7	12150
IN180003	1	7	4	2	28350
IN180004	1	1.25	4	2	5062.5
IN180004	2	.75	4	2	3037.5
IN180005	1	5	4	1	20250
IN180005	2	2	4	1	8100
IN180006	1	5	4	2	20250
IN180006	2	2	4	1	8100
IN180008	1	2	4	1	8100
IN180009	1	2	4	7	8100
IN180010	1	2	4	1	8100
IN180011	1	2	4	1	8100
IN180011	2	5	4	1	20250
IN180012	1	4.5	4	7	18225
IN180012	2	3	4	1	12150
IN180012	3	.5	4	7	2025
IN180012	4	1	4	7	4050
IN180012	5	3	4	1	12150
IN180013	1	1	4	7	4050
IN180017	1	6	4	1	24300
IN180017	2	6	4	7	24300
IN180017	3	5	4	1	20250
IN180017	4	3	3	1	12150
IN180018	1	3	4	1	12150
IN180019	1	.5	4	7	2025
IN180021	1	2	4	2	8100
IN180021	2	1	4	2	4050
IN180022	1	1	4	1	4050
IN180023	1	2	4	2	8100
IN180024	1	2.5	4	1	10125
IN180024	2	2	4	7	8100
IN180024	3	.5	4	7	2025
IN180025	1	.5	4	7	2025
IN180025	2	4	4	7	16200
IN180027	1	6	4	1	24300
IN180028	1	3	4	7	12150
IN180029	1	2	4	1	8100
IN180030	1	1.5	4	1	6075
IN180031	1	8	4	1	32400
IN180031	2	10	1	1	40500
IN180032	1	2	4	1	8100
IN180032	2	3	4	7	12150
IN180033	1	6	4	1	24300
IN180033	2	3	4	7	12150
IN180033	3	1	4	1	4050
IN180034	1	8	4	1	32400
IN180034	2	2	4	1	8100
IN180035	1	8	4	2	32400
IN180035	2	2.5	4	1	10125
IN180035	3	1	1	2	4050
IN180036	1	5	4	1	20250
IN180037	1	7	4	1	28350
IN180037	2	2	4	1	8100
IN180038	1	2	4	1	8100
IN180039	1	10	4	7	40500
IN180039	2	1.5	4	1	6075
IN180039	3	1	4	1	4050
IN180040	1	2	4	2	8100
IN180040	2	1	4	1	4050
IN180041	1	.5	4	2	2025
IN180042	1	1	4	1	4050
IN180043	1	2.5	4	1	10125
IN180043	2	1.5	4	1	6075
IN180044	1	1	4	7	4050
IN180045	1	5	4	1	20250
IN180045	2	4	4	1	16200
IN180045	3	5	4	1	20250
IN180045	4	3	4	7	12150
IN180046	1	1	4	1	4050
IN180046	2	1	4	1	4050
IN180047	1	3	4	1	12150
IN180047	2	2	4	7	8100
IN180047	3	2	3	1	8100
IN180047	4	2	4	1	8100
IN180048	1	2	4	1	8100
IN180048	2	3	4	1	12150
IN180048	3	4	4	1	16200
IN180049	1	2	4	1	8100
IN180050	1	1.5	4	1	6075
IN180051	1	1	4	7	4050
IN180052	1	.5	4	1	2025
IN180053	1	1	4	1	4050
IN180054	1	1	4	1	4050
IN180055	1	3	4	1	12150
IN180056	1	1.5	4	1	6075
IN180056	2	5	1	1	20250
IN180057	1	3	4	1	12150
IN180058	1	1.5	4	1	6075
IN180058	2	1	4	1	4050
IN180059	1	1.5	4	1	6075
IN180059	2	3	4	1	12150
IN180059	3	1	4	7	4050
IN180060	1	3	4	7	12150
IN180061	1	2.5	4	2	10125
IN180061	2	.5	4	1	2025
IN180061	3	.5	4	2	2025
IN180062	1	2.5	4	1	10125
IN180062	2	.5	4	1	2025
IN180063	1	2	4	1	8100
IN180063	2	1	4	1	4050
IN180064	1	.75	4	7	3037.5
IN180065	1	1	4	1	4050
IN180066	1	.5	4	2	2025
IN180067	1	1.5	4	1	6075
IN180067	2	1.5	4	1	6075
IN180068	1	4	4	1	16200
IN180068	2	1.5	4	1	6075
IN180068	3	1	4	2	4050
IN180069	1	.5	4	2	2025
IN180069	2	.5	4	1	2025
IN180070	1	2	4	1	8100
IN180070	2	2	4	1	8100
IN180071	1	1	4	1	4050
IN180071	2	1	4	1	4050
IN180072	1	2	4	1	8100
IN180073	1	1	4	1	4050
IN180073	2	1	4	1	4050
IN180074	1	1	4	1	4050
IN180074	2	1	4	1	4050
IN180076	1	3	4	1	12150
IN180076	2	4	4	1	16200
IN180077	1	1.5	4	1	6075
IN180078	1	3	4	1	12150
IN180078	2	1	4	1	4050
IN180079	1	1.5	4	2	6075
IN180080	1	3	3	1	12150
IN180080	2	1.25	4	2	5062.5
IN180081	1	7.5	4	1	30375
IN180081	2	7	4	1	28350
IN180082	1	4	4	1	16200
IN180082	2	9	1	1	36450
IN180084	1	15	4	1	60750
IN180084	2	15	4	2	60750
IN180084	3	5	4	1	20250
IN180085	1	3	4	1	12150
IN180085	2	2	4	1	8100
IN180086	1	1	4	7	4050
IN180086	2	1	4	7	4050
IN180087	1	.5	4	7	2025
IN180087	2	.5	4	7	2025
IN180087	3	.25	4	7	1012.5
IN180088	1	1	4	7	4050
IN180088	2	1	4	7	4050
IN180089	1	2.5	4	7	10125
IN180090	1	2	4	7	8100
IN180091	1	2	4	1	8100
IN180091	2	2	4	1	8100
IN180092	1	1	4	7	4050
IN180092	2	.75	4	7	3037.5
IN180092	3	1	4	7	4050
IN180093	1	2	4	7	8100
IN180094	1	4	4	1	16200
IN180094	2	3.5	4	1	14175
IN180094	3	2.5	4	1	10125
IN180095	1	1	4	1	4050
IN180095	2	.5	4	1	2025
IN180097	1	3	4	1	12150
IN180098	1	5	4	1	20250
IN180099	1	16	4	2	64800
IN180099	2	8	4	2	32400
IN180099	3	7	4	1	28350
IN180100	1	15	4	4	60750
IN190001	1	4	4	1	16200
IN190001	2	1.5	4	1	6075
IN190001	3	1.5	4	1	6075
IN190002	1	.5	4	1	2025
IN190002	2	.5	4	1	2025
IN190002	3	1	4	1	4050
IN190002	4	2	4	1	8100
IN190003	1	1	4	1	4050
IN190004	1	10	4	1	40500
IN190004	2	4	4	1	16200
IN190004	3	1	4	7	4050
IN190005	1	3	4	1	12150
IN190006	1	1	4	1	4050
IN190006	2	1	4	1	4050
IN190006	3	1	4	1	4050
IN190006	4	2	4	1	8100
IN190007	1	1	4	1	4050
IN190008	1	3	4	1	12150
IN190008	2	2	4	7	8100
IN190009	1	4	4	6	16200
IN190010	1	.5	4	1	2025
IN190010	2	.5	1	1	2025
IN190012	1	1	4	1	4050
IN190013	1	2	4	1	8100
IN190014	1	1	4	1	4050
IN190015	1	2	4	1	8100
IN190016	1	3.5	4	1	14175
IN190016	2	3.5	4	1	14175
IN190016	3	3	4	1	12150
IN190017	1	2.5	4	1	10125
IN190018	1	2	4	1	8100
IN190018	2	3	4	1	12150
IN190018	3	1	4	1	4050
IN190020	1	7	4	1	28350
IN190020	2	.75	4	1	3037.5
IN190021	1	2	4	1	8100
IN190022	1	14	4	1	56700
IN190025	1	1.5	4	1	6075
IN190026	1	4	4	1	16200
IN190028	1	3	4	1	12150
IN190029	1	1	4	1	4050
IN190030	1	2	4	1	8100
IN190030	2	1	4	2	4050
IN190030	3	.5	4	2	2025
IN190031	1	4	4	1	16200
IN190031	2	3	4	1	12150
IN190031	3	.5	4	2	2025
IN190032	1	2	4	1	8100
IN190032	2	1	4	2	4050
IN190032	3	.5	4	1	2025
IN190033	1	5	4	1	20250
IN190034	1	9	4	1	36450
IN190034	2	9	4	1	36450
IN190035	1	4	4	1	16200
IN190035	2	2	4	1	8100
IN190035	3	2	4	1	8100
IN190035	4	2	4	1	8100
IN190036	1	10	4	1	40500
IN190036	2	4	4	1	16200
IN190037	1	1	4	1	4050
IN190037	2	4	4	1	16200
IN190037	3	4	1	1	16200
IN190038	1	3	4	1	12150
IN190038	2	2	4	1	8100
IN190038	3	2	4	1	8100
IN190039	1	2	4	1	8100
IN190039	2	1	4	1	4050
IN190040	1	3	4	1	12150
IN190040	2	2	4	1	8100
IN190040	3	1	4	1	4050
IN190041	1	2	4	7	8100
IN190042	1	5	4	1	20250
IN190042	2	3	4	1	12150
IN190043	1	4	4	1	16200
IN190043	2	4	4	2	16200
IN190043	3	2	4	1	8100
IN190044	1	1	4	7	4050
IN190044	2	.5	4	1	2025
IN190045	1	2	1	1	8100
IN190045	2	5	1	1	20250
IN190046	1	2	4	1	8100
IN190046	2	2	4	1	8100
IN190046	3	1	4	1	4050
IN190047	1	5	4	1	20250
IN190048	1	2	4	1	8100
IN190048	2	2	4	1	8100
IN190049	1	2	4	1	8100
IN190049	2	2	4	1	8100
IN190050	1	5	4	1	20250
IN190050	2	4	4	1	16200
IN190051	1	4	4	1	16200
IN190051	2	4	4	2	16200
IN190051	3	4	4	2	16200
IN190051	4	3	4	1	12150
IN190053	1	1	4	1	4050
IN190053	2	1	4	1	4050
IN190054	1	5	4	1	20250
IN190054	2	3	4	1	12150
IN190054	3	2	4	1	8100
IN190055	1	5	4	1	20250
IN190055	2	2	4	7	8100
IN190055	3	1	4	1	4050
IN190056	1	3	4	1	12150
IN190056	2	2	4	1	8100
IN190057	1	1	4	1	4050
IN190058	1	4	4	1	16200
IN190059	1	3	4	1	12150
IN190059	2	1	4	2	4050
IN190060	1	10	4	1	40500
IN190061	1	5	4	1	20250
IN190061	2	5	4	1	20250
IN190062	1	5	4	1	20250
IN190062	2	5	4	1	20250
IN190062	3	5	4	7	20250
IN190063	1	6	4	1	24300
IN190063	2	5	4	7	20250
IN190063	3	2	4	1	8100
IN190064	1	1	4	1	4050
IN190065	1	5	4	1	20250
IN190065	2	2	4	1	8100
IN190066	1	5	4	1	20250
IN190066	2	3	3	1	12150
IN190066	3	1	4	1	4050
IN190067	1	2	4	6	8100
IN190067	2	1	4	6	4050
IN190068	1	4	4	1	16200
IN190068	2	3	4	1	12150
IN190068	3	1	4	1	4050
IN190069	1	1	4	1	4050
IN190069	2	2	4	1	8100
IN190071	1	1	4	7	4050
IN190072	1	10	4	1	40500
IN190072	2	5	4	1	20250
IN190073	1	5	4	1	20250
IN190073	2	5	4	1	20250
IN190073	3	2	4	1	8100
IN190074	1	4	4	1	16200
IN190075	1	1	4	1	4050
IN190075	2	1	4	1	4050
IN190075	3	1	4	1	4050
IN190076	1	3	4	1	12150
IN190076	2	3	4	7	12150
IN190077	1	3	4	1	12150
IN190077	2	3	4	1	12150
IN190078	1	3	4	1	12150
IN190079	1	9	4	1	36450
IN190079	2	11	4	1	44550
IN190080	1	1	4	1	4050
IN190080	2	1	4	1	4050
IN190081	1	4	4	1	16200
IN190082	1	6	4	1	24300
IN190082	2	3	4	1	12150
IN190083	1	2.5	4	1	10125
IN190083	2	2.5	4	2	10125
IN190084	1	7	4	1	28350
IN190086	1	2	4	1	8100
IN190086	2	2	4	1	8100
IN190086	3	1	4	2	4050
IN190087	1	3	4	2	12150
IN190087	2	2	4	1	8100
IN190088	1	2	4	1	8100
IN190088	2	1	4	1	4050
IN190089	1	2	4	1	8100
IN190089	2	1	4	1	4050
IN190090	1	4	4	4	16200
IN190091	1	1.5	4	1	6075
IN190091	2	.5	4	1	2025
IN190092	1	3	4	1	12150
IN190092	2	2	4	1	8100
IN190093	1	3	4	1	12150
IN190093	2	2	4	1	8100
IN190094	1	3	4	1	12150
IN190094	2	2	4	1	8100
IN190096	1	2	4	1	8100
IN190096	2	2	4	1	8100
IN190097	1	4	4	1	16200
IN190097	2	3	4	1	12150
IN190097	3	1.5	4	2	6075
IN190097	4	3	1	1	12150
IN190098	1	1	4	1	4050
IN190098	2	2	4	1	8100
IN190098	3	2	4	1	8100
IN190098	4	2	4	7	8100
IN190098	5	2	4	7	8100
IN190098	6	2	4	1	8100
IN190099	1	2	4	1	8100
IN190100	1	2	4	1	8100
IN190100	2	2	4	1	8100
IN190100	3	1	4	1	4050
IN200017	1	.0199999995529652	4	7	80.9999981895089
IN200021	1	.00999999977648258	4	6	40.4999990947545
IN200023	1	.00999999977648258	4	6	40.4999990947545
IN200039	1	1	4	7	4050
IN200041	1	.00999999977648258	1	4	40.4999990947545
IN200044	1	1	4	7	4050
IN200050	1	1	4	4	4050
IN200078	1	.0199999995529652	4	4	80.9999981895089
