PLACEID	WTSPIDR4	CONNTYPE	WATERTRT	TREATFRQ
101	1	1	 	 
101	2	0	 	 
101	3	0	 	 
102	1	0	 	 
102	2	0	 	 
102	3	1	1	3
201	1	0	 	 
201	2	0	 	 
201	3	1	1	10
202	1	1	 	 
202	2	0	 	 
202	3	0	 	 
203	1	1	 	 
203	2	0	 	 
203	3	0	 	 
204	1	1	 	 
204	2	0	 	 
204	3	0	 	 
205	1	1	 	 
205	2	0	 	 
205	3	0	 	 
301	1	 	 	 
301	2	 	 	 
301	3	 	 	 
304	1	0	 	 
304	2	0	 	 
304	3	1	1	1
305	1	0	 	 
305	2	0	 	 
305	3	1	1	3
306	1	0	 	 
306	2	0	 	 
306	3	1	1	3
307	1	 	 	 
307	2	 	 	 
307	3	 	 	 
308	1	0	 	 
308	2	1	1	1
308	3	0	 	 
309	1	0	 	 
309	2	0	 	 
309	3	1	1	1
310	1	0	 	 
310	2	0	 	 
310	3	1	1	6
311	1	0	 	 
311	2	0	 	 
311	3	1	1	6
312	1	0	 	 
312	2	0	 	 
312	3	1	1	1
313	1	0	 	 
313	2	0	 	 
313	3	1	2	1
314	1	0	 	 
314	2	0	 	 
314	3	1	1	1
401	1	0	 	 
401	2	1	1	4
401	3	0	 	 
402	1	0	 	 
402	2	0	 	 
402	3	1	0	88
403	1	0	 	 
403	2	0	 	 
403	3	1	0	88
404	1	0	 	 
404	2	0	 	 
404	3	1	1	7
405	1	0	 	 
405	2	0	 	 
405	3	1	0	88
406	1	0	 	 
406	2	0	 	 
406	3	1	1	6
408	1	0	 	 
408	2	0	 	 
408	3	1	1	6
501	1	0	 	 
501	2	0	 	 
501	3	1	1	5
503	1	0	 	 
503	2	1	1	3
503	3	0	 	 
504	1	0	 	 
504	2	0	 	 
504	3	1	0	88
505	1	0	 	 
505	2	0	 	 
505	3	1	1	2
507	1	0	 	 
507	2	1	1	4
507	3	0	 	 
508	1	0	 	 
508	2	1	1	1
508	3	0	 	 
509	1	0	 	 
509	2	0	 	 
509	3	1	1	6
510	1	1	 	 
510	2	0	 	 
510	3	0	 	 
511	1	0	 	 
511	2	0	 	 
511	3	1	1	4
512	1	0	 	 
512	2	1	1	1
512	3	0	 	 
601	1	1	 	 
601	2	0	 	 
601	3	0	 	 
602	1	1	 	 
602	2	0	 	 
602	3	0	 	 
701	1	1	 	 
701	2	0	 	 
701	3	0	 	 
702	1	1	 	 
702	2	0	 	 
702	3	0	 	 
703	1	1	 	 
703	2	0	 	 
703	3	0	 	 
704	1	1	 	 
704	2	0	 	 
704	3	0	 	 
801	1	1	 	 
801	2	0	 	 
801	3	0	 	 
802	1	1	 	 
802	2	0	 	 
802	3	0	 	 
901	1	 	 	 
901	2	 	 	 
901	3	 	 	 
902	1	0	 	 
902	2	0	 	 
902	3	1	88	88
903	1	0	 	 
903	2	0	 	 
903	3	1	1	5
904	1	0	 	 
904	2	0	 	 
904	3	1	88	88
905	1	0	 	 
905	2	0	 	 
905	3	1	1	4
906	1	0	 	 
906	2	0	 	 
906	3	1	1	6
907	1	0	 	 
907	2	0	 	 
907	3	1	1	6
908	1	0	 	 
908	2	0	 	 
908	3	1	1	4
909	1	0	 	 
909	2	0	 	 
909	3	1	1	4
910	1	0	 	 
910	2	0	 	 
910	3	1	1	6
911	1	0	 	 
911	2	0	 	 
911	3	1	1	6
912	1	0	 	 
912	2	0	 	 
912	3	1	1	6
1001	1	1	 	 
1001	2	0	 	 
1001	3	0	 	 
1003	1	1	 	 
1003	2	0	 	 
1003	3	0	 	 
1004	1	1	 	 
1004	2	0	 	 
1004	3	0	 	 
1005	1	1	 	 
1005	2	0	 	 
1005	3	0	 	 
1006	1	1	 	 
1006	2	0	 	 
1006	3	0	 	 
1101	1	0	 	 
1101	2	1	1	4
1101	3	0	 	 
1102	1	0	 	 
1102	2	0	 	 
1102	3	1	1	4
1103	1	0	 	 
1103	2	0	 	 
1103	3	1	1	4
1104	1	0	 	 
1104	2	0	 	 
1104	3	1	1	6
1105	1	0	 	 
1105	2	0	 	 
1105	3	1	1	4
1106	1	 	 	 
1106	2	 	 	 
1106	3	 	 	 
1107	1	0	 	 
1107	2	0	 	 
1107	3	1	88	88
1108	1	0	 	 
1108	2	0	 	 
1108	3	1	1	5
1202	1	1	 	 
1202	2	0	 	 
1202	3	0	 	 
1203	1	1	 	 
1203	2	0	 	 
1203	3	0	 	 
1302	1	1	 	 
1302	2	0	 	 
1302	3	0	 	 
1303	1	1	 	 
1303	2	0	 	 
1303	3	0	 	 
1304	1	1	 	 
1304	2	0	 	 
1304	3	0	 	 
1402	1	1	 	 
1402	2	0	 	 
1402	3	0	 	 
1403	1	1	 	 
1403	2	0	 	 
1403	3	0	 	 
1404	1	1	 	 
1404	2	0	 	 
1404	3	0	 	 
1501	1	0	 	 
1501	2	0	 	 
1501	3	1	1	4
1502	1	0	 	 
1502	2	0	 	 
1502	3	1	1	3
1503	1	0	 	 
1503	2	0	 	 
1503	3	1	0	88
1504	1	0	 	 
1504	2	0	 	 
1504	3	1	1	4
1505	1	0	 	 
1505	2	0	 	 
1505	3	1	1	4
1506	1	0	 	 
1506	2	0	 	 
1506	3	1	1	4
1507	1	0	 	 
1507	2	0	 	 
1507	3	1	0	88
1508	1	0	 	 
1508	2	0	 	 
1508	3	1	1	4
1509	1	0	 	 
1509	2	0	 	 
1509	3	1	1	4
1601	1	 	 	 
1601	2	 	 	 
1601	3	 	 	 
1602	1	0	 	 
1602	2	0	 	 
1602	3	1	1	4
1603	1	0	 	 
1603	2	0	 	 
1603	3	1	1	6
1604	1	 	 	 
1604	2	 	 	 
1604	3	 	 	 
1605	1	 	 	 
1605	2	 	 	 
1605	3	 	 	 
1606	1	0	 	 
1606	2	0	 	 
1606	3	1	1	4
1607	1	0	 	 
1607	2	0	 	 
1607	3	1	1	6
1608	1	0	 	 
1608	2	0	 	 
1608	3	1	1	6
1701	1	0	 	 
1701	2	0	 	 
1701	3	1	1	3
1702	1	0	 	 
1702	2	1	1	6
1702	3	0	 	 
1703	1	0	 	 
1703	2	0	 	 
1703	3	1	0	88
1704	1	 	 	 
1704	2	 	 	 
1704	3	 	 	 
1705	1	0	 	 
1705	2	0	 	 
1705	3	1	1	4
1706	1	 	 	 
1706	2	 	 	 
1706	3	 	 	 
1708	1	0	 	 
1708	2	0	 	 
1708	3	1	1	7
1709	1	0	 	 
1709	2	1	1	6
1709	3	0	 	 
1710	1	1	 	 
1710	2	0	 	 
1710	3	0	 	 
1711	1	0	 	 
1711	2	0	 	 
1711	3	1	0	88
1801	1	0	 	 
1801	2	0	 	 
1801	3	1	1	4
1802	1	 	 	 
1802	2	 	 	 
1802	3	 	 	 
1803	1	 	 	 
1803	2	 	 	 
1803	3	 	 	 
1804	1	0	 	 
1804	2	0	 	 
1804	3	1	1	4
1806	1	 	 	 
1806	2	 	 	 
1806	3	 	 	 
1807	1	0	 	 
1807	2	0	 	 
1807	3	1	1	4
1901	1	0	 	 
1901	2	1	1	1
1901	3	0	 	 
1902	1	0	 	 
1902	2	0	 	 
1902	3	1	2	1
1903	1	0	 	 
1903	2	0	 	 
1903	3	1	1	1
1904	1	0	 	 
1904	2	1	1	3
1904	3	0	 	 
1905	1	0	 	 
1905	2	1	1	1
1905	3	0	 	 
2001	1	1	 	 
2001	2	0	 	 
2001	3	0	 	 
2002	1	1	 	 
2002	2	0	 	 
2002	3	0	 	 
2003	1	1	 	 
2003	2	0	 	 
2003	3	0	 	 
2004	1	1	 	 
2004	2	0	 	 
2004	3	0	 	 
2005	1	1	 	 
2005	2	0	 	 
2005	3	0	 	 
2006	1	1	 	 
2006	2	0	 	 
2006	3	0	 	 
2007	1	1	 	 
2007	2	0	 	 
2007	3	0	 	 
2008	1	 	 	 
2008	2	 	 	 
2008	3	 	 	 
8002	1	1	 	 
8002	2	0	 	 
8002	3	0	 	 
8003	1	0	 	 
8003	2	1	1	1
8003	3	0	 	 
8004	1	1	 	 
8004	2	0	 	 
8004	3	0	 	 
8006	1	1	 	 
8006	2	0	 	 
8006	3	0	 	 
8007	1	1	 	 
8007	2	0	 	 
8007	3	0	 	 
8008	1	1	 	 
8008	2	0	 	 
8008	3	0	 	 
8010	1	1	 	 
8010	2	0	 	 
8010	3	0	 	 
8011	1	 	 	 
8011	2	 	 	 
8011	3	 	 	 
8012	1	1	 	 
8012	2	0	 	 
8012	3	0	 	 
8014	1	1	 	 
8014	2	0	 	 
8014	3	0	 	 
8015	1	0	 	 
8015	2	0	 	 
8015	3	1	0	88
8016	1	1	 	 
8016	2	0	 	 
8016	3	0	 	 
8017	1	1	 	 
8017	2	0	 	 
8017	3	0	 	 
8018	1	0	 	 
8018	2	1	1	2
8018	3	0	 	 
8019	1	1	 	 
8019	2	0	 	 
8019	3	0	 	 
8020	1	0	 	 
8020	2	1	1	7
8020	3	1	1	7
8021	1	1	 	 
8021	2	0	 	 
8021	3	0	 	 
8022	1	0	 	 
8022	2	1	0	88
8022	3	0	 	 
8023	1	0	 	 
8023	2	1	1	3
8023	3	0	 	 
8024	1	0	 	 
8024	2	1	1	10
8024	3	0	 	 
8025	1	1	 	 
8025	2	0	 	 
8025	3	0	 	 
8026	1	1	 	 
8026	2	0	 	 
8026	3	0	 	 
8027	1	0	 	 
8027	2	1	1	9
8027	3	0	 	 
8028	1	1	 	 
8028	2	0	 	 
8028	3	0	 	 
