PLACEID	SERVIDR4	SERVAVLB	TIM2PLCE	CMNTRNSP
101	1	0	 	 
101	2	1	 	 
101	3	1	 	 
101	4	0	 	 
101	5	0	 	 
101	6	1	 	 
101	7	1	 	 
101	8	1	 	 
101	9	1	 	 
101	10	1	 	 
101	11	1	 	 
101	12	1	 	 
101	13	1	 	 
101	14	1	 	 
101	15	1	 	 
101	16	1	 	 
101	17	88	 	 
101	18	1	 	 
101	19	1	 	 
101	20	1	 	 
101	21	1	 	 
101	22	1	 	 
101	23	1	 	 
101	24	1	 	 
101	25	0	 	 
101	27	1	 	 
101	28	88	 	 
101	29	1	 	 
101	32	1	 	 
102	1	1	 	 
102	2	1	 	 
102	3	0	 	 
102	4	0	 	 
102	5	0	 	 
102	6	1	 	 
102	7	1	 	 
102	8	0	 	 
102	9	1	 	 
102	10	1	 	 
102	11	1	 	 
102	12	1	 	 
102	13	1	 	 
102	14	1	 	 
102	15	1	 	 
102	16	1	 	 
102	17	1	 	 
102	18	1	 	 
102	19	1	 	 
102	20	0	8	6
102	21	0	8	6
102	22	1	 	 
102	23	0	-88	88
102	24	1	 	 
102	25	0	 	 
102	27	0	8	6
102	28	1	 	 
102	29	1	 	 
102	32	1	 	 
201	1	0	 	 
201	2	1	 	 
201	3	0	 	 
201	4	0	 	 
201	5	0	 	 
201	6	0	 	 
201	7	1	 	 
201	8	0	 	 
201	9	1	 	 
201	10	0	10	5
201	11	0	 	 
201	12	1	 	 
201	13	1	 	 
201	14	1	 	 
201	15	0	 	 
201	16	0	40	6
201	17	0	10	5
201	18	0	40	5
201	19	0	50	6
201	20	0	50	6
201	21	0	50	5
201	22	0	10	6
201	23	0	40	6
201	24	1	 	 
201	25	0	 	 
201	27	0	50	6
201	28	88	 	 
201	29	0	50	6
201	32	1	 	 
202	1	1	 	 
202	2	1	 	 
202	3	0	 	 
202	4	0	 	 
202	5	0	 	 
202	6	0	 	 
202	7	1	 	 
202	8	0	 	 
202	9	1	 	 
202	10	1	 	 
202	11	1	 	 
202	12	1	 	 
202	13	1	 	 
202	14	1	 	 
202	15	0	 	 
202	16	0	30	88
202	17	1	 	 
202	18	1	 	 
202	19	0	4	6
202	20	0	40	6
202	21	0	40	6
202	22	0	40	6
202	23	0	30	6
202	24	1	 	 
202	25	0	 	 
202	27	1	 	 
202	28	1	 	 
202	29	0	40	6
202	32	1	 	 
203	1	0	 	 
203	2	1	 	 
203	3	0	 	 
203	4	0	 	 
203	5	0	 	 
203	6	0	 	 
203	7	1	 	 
203	8	0	 	 
203	9	1	 	 
203	10	1	 	 
203	11	1	 	 
203	12	1	 	 
203	13	1	 	 
203	14	1	 	 
203	15	0	 	 
203	16	0	20	6
203	17	1	 	 
203	18	0	30	6
203	19	0	30	6
203	20	0	30	6
203	21	0	30	6
203	22	0	30	6
203	23	0	30	6
203	24	1	 	 
203	25	0	 	 
203	27	0	30	6
203	28	88	 	 
203	29	0	30	7
203	32	1	 	 
204	1	0	 	 
204	2	1	 	 
204	3	0	 	 
204	4	0	 	 
204	5	0	 	 
204	6	0	 	 
204	7	1	 	 
204	8	0	 	 
204	9	1	 	 
204	10	1	 	 
204	11	0	 	 
204	12	1	 	 
204	13	1	 	 
204	14	1	 	 
204	15	0	 	 
204	16	0	15	6
204	17	1	 	 
204	18	0	15	6
204	19	0	25	6
204	20	0	25	6
204	21	0	25	6
204	22	0	15	6
204	23	0	15	6
204	24	1	 	 
204	25	0	 	 
204	27	0	25	6
204	28	88	 	 
204	29	0	25	6
204	32	1	 	 
205	1	1	 	 
205	2	1	 	 
205	3	1	 	 
205	4	0	 	 
205	5	0	 	 
205	6	1	 	 
205	7	1	 	 
205	8	0	 	 
205	9	1	 	 
205	10	1	 	 
205	11	1	 	 
205	12	1	 	 
205	13	1	 	 
205	14	1	 	 
205	15	1	 	 
205	16	0	5	6
205	17	0	10	6
205	18	1	 	 
205	19	0	10	6
205	20	0	10	6
205	21	1	 	 
205	22	0	10	6
205	23	0	5	6
205	24	1	 	 
205	25	0	 	 
205	27	0	5	6
205	28	1	 	 
205	29	1	 	 
205	32	1	 	 
301	1	0	 	 
301	2	1	 	 
301	3	0	 	 
301	4	0	 	 
301	5	0	 	 
301	6	0	 	 
301	7	0	 	 
301	8	0	 	 
301	9	1	 	 
301	10	0	120	1
301	11	0	 	 
301	12	0	120	1
301	13	1	 	 
301	14	1	 	 
301	15	0	 	 
301	16	0	120	1
301	17	0	120	1
301	18	0	120	1
301	19	0	120	1
301	20	0	120	1
301	21	0	120	1
301	22	1	 	 
301	23	0	120	1
301	24	0	 	 
301	25	0	 	 
301	27	0	420	8
301	28	88	 	 
301	29	0	320	1
301	32	1	 	 
304	1	0	 	 
304	2	1	 	 
304	3	0	 	 
304	4	0	 	 
304	5	0	 	 
304	6	1	 	 
304	7	1	 	 
304	8	0	 	 
304	9	1	 	 
304	10	1	 	 
304	11	0	 	 
304	12	1	 	 
304	13	1	 	 
304	14	1	 	 
304	15	0	 	 
304	16	0	240	1
304	17	1	 	 
304	18	0	180	6
304	19	0	240	1
304	20	0	180	6
304	21	0	240	6
304	22	0	240	6
304	23	0	240	1
304	24	0	 	 
304	25	0	 	 
304	27	0	180	6
304	28	88	 	 
304	29	0	180	6
304	32	1	 	 
305	1	0	 	 
305	2	1	 	 
305	3	0	 	 
305	4	0	 	 
305	5	0	 	 
305	6	0	 	 
305	7	1	 	 
305	8	0	 	 
305	9	1	 	 
305	10	0	60	1
305	11	0	 	 
305	12	0	60	1
305	13	1	 	 
305	14	1	 	 
305	15	0	 	 
305	16	0	120	1
305	17	0	150	1
305	18	0	150	1
305	19	0	150	1
305	20	0	150	1
305	21	0	150	1
305	22	1	 	 
305	23	0	150	1
305	24	0	 	 
305	25	0	 	 
305	27	0	210	6
305	28	88	 	 
305	29	0	150	1
305	32	0	 	 
306	1	0	 	 
306	2	1	 	 
306	3	0	 	 
306	4	0	 	 
306	5	0	 	 
306	6	0	 	 
306	7	0	 	 
306	8	0	 	 
306	9	1	 	 
306	10	1	 	 
306	11	0	 	 
306	12	0	90	1
306	13	1	 	 
306	14	1	 	 
306	15	0	 	 
306	16	0	90	1
306	17	0	90	1
306	18	0	90	1
306	19	0	90	1
306	20	0	-77	88
306	21	0	90	1
306	22	0	90	1
306	23	0	90	1
306	24	1	 	 
306	25	0	 	 
306	27	0	300	8
306	28	88	 	 
306	29	0	180	8
306	32	1	 	 
307	1	0	 	 
307	2	1	 	 
307	3	0	 	 
307	4	0	 	 
307	5	0	 	 
307	6	0	 	 
307	7	0	 	 
307	8	0	 	 
307	9	1	 	 
307	10	0	30	1
307	11	0	 	 
307	12	0	30	1
307	13	1	 	 
307	14	1	 	 
307	15	0	 	 
307	16	0	30	1
307	17	0	30	1
307	18	0	30	1
307	19	0	30	1
307	20	0	30	1
307	21	0	30	1
307	22	1	 	 
307	23	0	30	1
307	24	1	 	 
307	25	0	 	 
307	27	0	240	8
307	28	88	 	 
307	29	0	30	1
307	32	88	 	 
308	1	1	 	 
308	2	1	 	 
308	3	0	 	 
308	4	0	 	 
308	5	1	 	 
308	6	1	 	 
308	7	1	 	 
308	8	0	 	 
308	9	1	 	 
308	10	1	 	 
308	11	1	 	 
308	12	1	 	 
308	13	1	 	 
308	14	1	 	 
308	15	1	 	 
308	16	1	 	 
308	17	1	 	 
308	18	0	240	8
308	19	1	 	 
308	20	0	240	8
308	21	1	 	 
308	22	1	 	 
308	23	1	 	 
308	24	1	 	 
308	25	0	 	 
308	27	0	240	8
308	28	88	 	 
308	29	1	 	 
308	32	1	 	 
309	1	0	 	 
309	2	0	 	 
309	3	0	 	 
309	4	0	 	 
309	5	0	 	 
309	6	0	 	 
309	7	0	 	 
309	8	0	 	 
309	9	1	 	 
309	10	1	 	 
309	11	0	 	 
309	12	1	 	 
309	13	1	 	 
309	14	1	 	 
309	15	0	 	 
309	16	0	120	6
309	17	1	 	 
309	18	0	240	1
309	19	0	240	1
309	20	0	120	6
309	21	0	120	1
309	22	0	120	6
309	23	0	240	1
309	24	0	 	 
309	25	0	 	 
309	27	0	120	6
309	28	88	 	 
309	29	0	120	6
309	32	0	 	 
310	1	0	 	 
310	2	1	 	 
310	3	0	 	 
310	4	0	 	 
310	5	0	 	 
310	6	0	 	 
310	7	1	 	 
310	8	0	 	 
310	9	1	 	 
310	10	1	 	 
310	11	0	 	 
310	12	0	60	1
310	13	1	 	 
310	14	1	 	 
310	15	0	 	 
310	16	0	60	1
310	17	0	60	1
310	18	0	60	1
310	19	0	60	1
310	20	0	180	8
310	21	0	60	1
310	22	0	60	1
310	23	0	60	1
310	24	1	 	 
310	25	0	 	 
310	27	0	-77	88
310	28	88	 	 
310	29	0	60	1
310	32	1	 	 
311	1	0	 	 
311	2	1	 	 
311	3	0	 	 
311	4	0	 	 
311	5	0	 	 
311	6	0	 	 
311	7	1	 	 
311	8	0	 	 
311	9	1	 	 
311	10	0	90	1
311	11	0	 	 
311	12	0	90	1
311	13	1	 	 
311	14	1	 	 
311	15	0	 	 
311	16	0	90	1
311	17	0	90	1
311	18	0	90	1
311	19	0	90	1
311	20	0	90	1
311	21	1	 	 
311	22	1	 	 
311	23	0	90	1
311	24	0	 	 
311	25	0	 	 
311	27	0	90	1
311	28	88	 	 
311	29	1	 	 
311	32	88	 	 
312	1	0	 	 
312	2	1	 	 
312	3	0	 	 
312	4	0	 	 
312	5	0	 	 
312	6	0	 	 
312	7	0	 	 
312	8	0	 	 
312	9	1	 	 
312	10	0	15	1
312	11	0	 	 
312	12	0	15	1
312	13	1	 	 
312	14	1	 	 
312	15	0	 	 
312	16	0	15	1
312	17	0	15	1
312	18	0	15	1
312	19	0	15	1
312	20	0	180	8
312	21	0	15	1
312	22	0	180	8
312	23	0	15	1
312	24	0	 	 
312	25	0	 	 
312	27	0	180	8
312	28	88	 	 
312	29	0	180	8
312	32	1	 	 
313	1	0	 	 
313	2	1	 	 
313	3	0	 	 
313	4	0	 	 
313	5	0	 	 
313	6	0	 	 
313	7	0	 	 
313	8	0	 	 
313	9	1	 	 
313	10	1	 	 
313	11	0	 	 
313	12	0	15	1
313	13	1	 	 
313	14	1	 	 
313	15	0	 	 
313	16	0	15	1
313	17	0	15	1
313	18	0	15	1
313	19	0	15	1
313	20	0	120	8
313	21	0	120	8
313	22	0	120	8
313	23	0	15	1
313	24	0	 	 
313	25	0	 	 
313	27	0	240	9
313	28	0	15	8
313	29	0	120	8
313	32	1	 	 
314	1	0	 	 
314	2	1	 	 
314	3	0	 	 
314	4	0	 	 
314	5	0	 	 
314	6	1	 	 
314	7	1	 	 
314	8	0	 	 
314	9	0	15	1
314	10	0	15	1
314	11	0	 	 
314	12	0	15	1
314	13	1	 	 
314	14	1	 	 
314	15	1	 	 
314	16	0	15	1
314	17	0	15	1
314	18	0	240	8
314	19	0	15	1
314	20	0	240	8
314	21	0	15	1
314	22	0	15	1
314	23	0	15	1
314	24	0	 	 
314	25	0	 	 
314	27	0	240	8
314	28	88	 	 
314	29	0	240	8
314	32	1	 	 
401	1	1	 	 
401	2	1	 	 
401	3	0	 	 
401	4	0	 	 
401	5	0	 	 
401	6	0	 	 
401	7	1	 	 
401	8	0	 	 
401	9	1	 	 
401	10	1	 	 
401	11	0	 	 
401	12	1	 	 
401	13	1	 	 
401	14	1	 	 
401	15	1	 	 
401	16	1	 	 
401	17	1	 	 
401	18	0	30	7
401	19	0	120	7
401	20	0	120	7
401	21	0	120	7
401	22	0	120	7
401	23	0	120	7
401	24	1	 	 
401	25	1	 	 
401	27	0	120	7
401	28	88	 	 
401	29	0	120	7
401	32	1	 	 
402	1	1	 	 
402	2	1	 	 
402	3	0	 	 
402	4	0	 	 
402	5	0	 	 
402	6	0	 	 
402	7	1	 	 
402	8	0	 	 
402	9	1	 	 
402	10	1	 	 
402	11	1	 	 
402	12	1	 	 
402	13	1	 	 
402	14	1	 	 
402	15	1	 	 
402	16	0	20	7
402	17	1	 	 
402	18	0	90	7
402	19	0	90	7
402	20	0	90	7
402	21	0	90	7
402	22	0	90	7
402	23	0	90	7
402	24	1	 	 
402	25	0	 	 
402	27	0	90	7
402	28	88	 	 
402	29	0	90	7
402	32	1	 	 
403	1	0	 	 
403	2	1	 	 
403	3	0	 	 
403	4	0	 	 
403	5	1	 	 
403	6	1	 	 
403	7	1	 	 
403	8	0	 	 
403	9	1	 	 
403	10	1	 	 
403	11	0	 	 
403	12	1	 	 
403	13	1	 	 
403	14	1	 	 
403	15	1	 	 
403	16	1	 	 
403	17	1	 	 
403	18	0	180	7
403	19	0	180	7
403	20	0	180	7
403	21	0	180	7
403	22	1	 	 
403	23	0	180	7
403	24	1	 	 
403	25	0	 	 
403	27	0	180	7
403	28	88	 	 
403	29	0	180	7
403	32	1	 	 
404	1	0	 	 
404	2	1	 	 
404	3	0	 	 
404	4	0	 	 
404	5	0	 	 
404	6	0	 	 
404	7	0	 	 
404	8	0	 	 
404	9	1	 	 
404	10	1	 	 
404	11	0	 	 
404	12	0	60	1
404	13	1	 	 
404	14	1	 	 
404	15	1	 	 
404	16	0	120	1
404	17	0	15	1
404	18	0	120	1
404	19	0	120	7
404	20	0	120	7
404	21	0	120	7
404	22	1	 	 
404	23	0	120	7
404	24	0	 	 
404	25	0	 	 
404	27	0	120	7
404	28	88	 	 
404	29	0	120	7
404	32	1	 	 
405	1	0	 	 
405	2	1	 	 
405	3	0	 	 
405	4	0	 	 
405	5	0	 	 
405	6	0	 	 
405	7	1	 	 
405	8	0	 	 
405	9	1	 	 
405	10	0	60	1
405	11	0	 	 
405	12	0	60	1
405	13	1	 	 
405	14	1	 	 
405	15	0	 	 
405	16	0	120	1
405	17	1	 	 
405	18	0	120	1
405	19	0	120	7
405	20	0	120	7
405	21	0	120	7
405	22	0	120	1
405	23	0	120	7
405	24	1	 	 
405	25	0	 	 
405	27	0	120	7
405	28	88	 	 
405	29	0	120	7
405	32	1	 	 
406	1	0	 	 
406	2	1	 	 
406	3	0	 	 
406	4	0	 	 
406	5	0	 	 
406	6	0	 	 
406	7	0	 	 
406	8	0	 	 
406	9	1	 	 
406	10	1	 	 
406	11	0	 	 
406	12	0	45	1
406	13	1	 	 
406	14	1	 	 
406	15	1	 	 
406	16	0	15	1
406	17	1	 	 
406	18	0	180	7
406	19	0	180	7
406	20	0	180	7
406	21	0	180	7
406	22	0	180	7
406	23	0	180	7
406	24	0	 	 
406	25	0	 	 
406	27	0	180	7
406	28	88	 	 
406	29	0	180	7
406	32	1	 	 
408	1	0	 	 
408	2	1	 	 
408	3	0	 	 
408	4	0	 	 
408	5	0	 	 
408	6	0	 	 
408	7	0	 	 
408	8	0	 	 
408	9	1	 	 
408	10	1	 	 
408	11	0	 	 
408	12	0	30	1
408	13	1	 	 
408	14	1	 	 
408	15	1	 	 
408	16	0	180	1
408	17	1	 	 
408	18	0	120	1
408	19	0	120	7
408	20	0	120	7
408	21	0	120	7
408	22	1	 	 
408	23	0	180	7
408	24	1	 	 
408	25	0	 	 
408	27	0	180	7
408	28	88	 	 
408	29	0	120	7
408	32	1	 	 
501	1	0	 	 
501	2	1	 	 
501	3	0	 	 
501	4	0	 	 
501	5	0	 	 
501	6	1	 	 
501	7	1	 	 
501	8	0	 	 
501	9	1	 	 
501	10	1	 	 
501	11	0	 	 
501	12	0	20	6
501	13	1	 	 
501	14	1	 	 
501	15	0	 	 
501	16	0	10	6
501	17	1	 	 
501	18	0	20	6
501	19	0	20	6
501	20	0	45	6
501	21	0	20	6
501	22	0	45	6
501	23	0	20	6
501	24	1	 	 
501	25	1	 	 
501	27	0	20	6
501	28	88	 	 
501	29	0	20	6
501	32	1	 	 
503	1	1	 	 
503	2	1	 	 
503	3	0	 	 
503	4	0	 	 
503	5	0	 	 
503	6	0	 	 
503	7	1	 	 
503	8	0	 	 
503	9	1	 	 
503	10	1	 	 
503	11	0	 	 
503	12	0	12	6
503	13	1	 	 
503	14	1	 	 
503	15	1	 	 
503	16	1	 	 
503	17	1	 	 
503	18	0	40	6
503	19	0	12	6
503	20	0	40	6
503	21	0	12	6
503	22	1	 	 
503	23	0	12	6
503	24	1	 	 
503	25	0	 	 
503	27	0	90	6
503	28	88	 	 
503	29	0	12	6
503	32	1	 	 
504	1	0	 	 
504	2	1	 	 
504	3	0	 	 
504	4	0	 	 
504	5	0	 	 
504	6	0	 	 
504	7	1	 	 
504	8	0	 	 
504	9	1	 	 
504	10	1	 	 
504	11	0	 	 
504	12	0	10	5
504	13	1	 	 
504	14	1	 	 
504	15	0	 	 
504	16	0	10	5
504	17	1	 	 
504	18	0	60	6
504	19	0	10	5
504	20	0	60	6
504	21	0	60	6
504	22	0	90	6
504	23	0	10	5
504	24	0	 	 
504	25	1	 	 
504	27	0	60	6
504	28	88	 	 
504	29	0	60	6
504	32	1	 	 
505	1	0	 	 
505	2	1	 	 
505	3	0	 	 
505	4	0	 	 
505	5	0	 	 
505	6	1	 	 
505	7	0	 	 
505	8	0	 	 
505	9	1	 	 
505	10	1	 	 
505	11	0	 	 
505	12	0	5	5
505	13	1	 	 
505	14	1	 	 
505	15	0	 	 
505	16	0	5	5
505	17	1	 	 
505	18	0	45	6
505	19	0	5	5
505	20	0	5	5
505	21	0	5	5
505	22	0	5	5
505	23	0	5	5
505	24	1	 	 
505	25	0	 	 
505	27	0	60	6
505	28	88	 	 
505	29	0	5	5
505	32	1	 	 
507	1	0	 	 
507	2	1	 	 
507	3	0	 	 
507	4	0	 	 
507	5	0	 	 
507	6	0	 	 
507	7	0	 	 
507	8	0	 	 
507	9	1	 	 
507	10	0	5	5
507	11	0	 	 
507	12	0	5	5
507	13	1	 	 
507	14	1	 	 
507	15	0	 	 
507	16	0	5	5
507	17	0	5	5
507	18	0	5	5
507	19	0	25	5
507	20	0	25	5
507	21	0	25	5
507	22	0	5	5
507	23	0	25	5
507	24	1	 	 
507	25	0	 	 
507	27	0	25	5
507	28	0	0	88
507	29	0	5	5
507	32	1	 	 
508	1	0	 	 
508	2	1	 	 
508	3	0	 	 
508	4	0	 	 
508	5	0	 	 
508	6	0	 	 
508	7	0	 	 
508	8	0	 	 
508	9	1	 	 
508	10	0	10	5
508	11	0	 	 
508	12	0	10	5
508	13	0	 	 
508	14	1	 	 
508	15	0	 	 
508	16	0	10	5
508	17	0	10	5
508	18	0	20	5
508	19	0	20	5
508	20	0	20	5
508	21	0	20	5
508	22	0	20	5
508	23	0	10	5
508	24	1	 	 
508	25	1	 	 
508	27	0	20	5
508	28	88	 	 
508	29	0	20	5
508	32	1	 	 
509	1	0	 	 
509	2	1	 	 
509	3	0	 	 
509	4	0	 	 
509	5	0	 	 
509	6	0	 	 
509	7	0	 	 
509	8	0	 	 
509	9	1	 	 
509	10	0	15	5
509	11	0	 	 
509	12	0	15	5
509	13	0	 	 
509	14	1	 	 
509	15	0	 	 
509	16	0	15	5
509	17	0	15	5
509	18	0	20	5
509	19	0	20	5
509	20	0	30	6
509	21	0	30	6
509	22	0	30	6
509	23	0	20	5
509	24	0	 	 
509	25	0	 	 
509	27	0	30	6
509	28	88	 	 
509	29	0	20	5
509	32	1	 	 
510	1	0	 	 
510	2	1	 	 
510	3	0	 	 
510	4	0	 	 
510	5	0	 	 
510	6	1	 	 
510	7	1	 	 
510	8	0	 	 
510	9	1	 	 
510	10	0	20	6
510	11	1	 	 
510	12	1	 	 
510	13	1	 	 
510	14	1	 	 
510	15	0	 	 
510	16	1	 	 
510	17	1	 	 
510	18	0	20	6
510	19	0	20	6
510	20	0	20	6
510	21	0	20	6
510	22	1	 	 
510	23	1	 	 
510	24	1	 	 
510	25	0	 	 
510	27	0	20	6
510	28	88	 	 
510	29	1	 	 
510	32	1	 	 
511	1	0	 	 
511	2	1	 	 
511	3	0	 	 
511	4	0	 	 
511	5	0	 	 
511	6	0	 	 
511	7	0	 	 
511	8	0	 	 
511	9	1	 	 
511	10	0	5	6
511	11	0	 	 
511	12	0	10	6
511	13	1	 	 
511	14	1	 	 
511	15	0	 	 
511	16	0	5	6
511	17	0	5	6
511	18	0	10	6
511	19	0	10	6
511	20	0	10	6
511	21	0	10	6
511	22	0	10	6
511	23	0	60	6
511	24	0	 	 
511	25	0	 	 
511	27	0	60	6
511	28	88	 	 
511	29	0	10	6
511	32	1	 	 
512	1	0	 	 
512	2	1	 	 
512	3	1	 	 
512	4	1	 	 
512	5	1	 	 
512	6	1	 	 
512	7	1	 	 
512	8	1	 	 
512	9	1	 	 
512	10	1	 	 
512	11	0	 	 
512	12	1	 	 
512	13	1	 	 
512	14	1	 	 
512	15	1	 	 
512	16	1	 	 
512	17	1	 	 
512	18	0	30	6
512	19	1	 	 
512	20	0	30	6
512	21	1	 	 
512	22	0	240	6
512	23	1	 	 
512	24	1	 	 
512	25	1	 	 
512	27	0	60	7
512	28	88	 	 
512	29	1	 	 
512	32	1	 	 
601	1	1	 	 
601	2	1	 	 
601	3	0	 	 
601	4	0	 	 
601	5	1	 	 
601	6	0	 	 
601	7	0	 	 
601	8	0	 	 
601	9	1	 	 
601	10	1	 	 
601	11	1	 	 
601	12	1	 	 
601	13	1	 	 
601	14	1	 	 
601	15	1	 	 
601	16	1	 	 
601	17	0	5	5
601	18	0	5	5
601	19	0	5	5
601	20	0	5	5
601	21	0	5	5
601	22	1	 	 
601	23	0	5	5
601	24	1	 	 
601	25	0	 	 
601	27	0	10	5
601	28	88	 	 
601	29	1	 	 
601	32	1	 	 
602	1	1	 	 
602	2	1	 	 
602	3	1	 	 
602	4	1	 	 
602	5	1	 	 
602	6	0	 	 
602	7	1	 	 
602	8	1	 	 
602	9	1	 	 
602	10	1	 	 
602	11	1	 	 
602	12	1	 	 
602	13	1	 	 
602	14	1	 	 
602	15	1	 	 
602	16	1	 	 
602	17	1	 	 
602	18	1	 	 
602	19	1	 	 
602	20	1	 	 
602	21	1	 	 
602	22	1	 	 
602	23	1	 	 
602	24	1	 	 
602	25	0	 	 
602	27	1	 	 
602	28	88	 	 
602	29	1	 	 
602	32	1	 	 
701	1	1	 	 
701	2	0	 	 
701	3	0	 	 
701	4	0	 	 
701	5	1	 	 
701	6	0	 	 
701	7	0	 	 
701	8	0	 	 
701	9	1	 	 
701	10	1	 	 
701	11	1	 	 
701	12	1	 	 
701	13	1	 	 
701	14	1	 	 
701	15	1	 	 
701	16	0	10	7
701	17	0	15	7
701	18	0	10	7
701	19	0	10	7
701	20	0	10	7
701	21	0	10	7
701	22	0	10	7
701	23	0	10	7
701	24	1	 	 
701	25	0	 	 
701	27	0	20	7
701	28	88	 	 
701	29	1	 	 
701	32	1	 	 
702	1	0	 	 
702	2	0	 	 
702	3	1	 	 
702	4	0	 	 
702	5	0	 	 
702	6	0	 	 
702	7	0	 	 
702	8	0	 	 
702	9	1	 	 
702	10	1	 	 
702	11	1	 	 
702	12	0	5	1
702	13	1	 	 
702	14	1	 	 
702	15	1	 	 
702	16	0	15	1
702	17	0	10	1
702	18	0	15	1
702	19	0	15	1
702	20	0	15	1
702	21	0	15	1
702	22	1	 	 
702	23	0	15	1
702	24	1	 	 
702	25	0	 	 
702	27	0	15	1
702	28	88	 	 
702	29	0	15	1
702	32	1	 	 
703	1	0	 	 
703	2	1	 	 
703	3	0	 	 
703	4	0	 	 
703	5	1	 	 
703	6	0	 	 
703	7	0	 	 
703	8	0	 	 
703	9	1	 	 
703	10	1	 	 
703	11	1	 	 
703	12	1	 	 
703	13	1	 	 
703	14	1	 	 
703	15	1	 	 
703	16	0	10	7
703	17	0	10	1
703	18	0	10	1
703	19	0	10	1
703	20	0	10	1
703	21	0	10	1
703	22	1	 	 
703	23	0	10	1
703	24	1	 	 
703	25	0	 	 
703	27	0	10	1
703	28	0	-88	88
703	29	0	5	1
703	32	1	 	 
704	1	0	 	 
704	2	1	 	 
704	3	0	 	 
704	4	0	 	 
704	5	0	 	 
704	6	0	 	 
704	7	0	 	 
704	8	0	 	 
704	9	1	 	 
704	10	1	 	 
704	11	1	 	 
704	12	1	 	 
704	13	1	 	 
704	14	1	 	 
704	15	1	 	 
704	16	0	15	7
704	17	0	20	7
704	18	0	15	7
704	19	0	15	7
704	20	0	15	7
704	21	0	15	7
704	22	0	15	7
704	23	0	15	7
704	24	1	 	 
704	25	0	 	 
704	27	0	15	7
704	28	88	 	 
704	29	0	15	7
704	32	1	 	 
801	1	1	 	 
801	2	1	 	 
801	3	1	 	 
801	4	0	 	 
801	5	1	 	 
801	6	0	 	 
801	7	1	 	 
801	8	0	 	 
801	9	1	 	 
801	10	1	 	 
801	11	1	 	 
801	12	1	 	 
801	13	1	 	 
801	14	1	 	 
801	15	1	 	 
801	16	1	 	 
801	17	1	 	 
801	18	1	 	 
801	19	0	10	7
801	20	1	 	 
801	21	0	10	7
801	22	1	 	 
801	23	0	10	7
801	24	1	 	 
801	25	0	 	 
801	27	0	30	7
801	28	88	 	 
801	29	1	 	 
801	32	1	 	 
802	1	1	 	 
802	2	1	 	 
802	3	0	 	 
802	4	0	 	 
802	5	0	 	 
802	6	1	 	 
802	7	1	 	 
802	8	0	 	 
802	9	1	 	 
802	10	1	 	 
802	11	1	 	 
802	12	1	 	 
802	13	1	 	 
802	14	1	 	 
802	15	1	 	 
802	16	1	 	 
802	17	0	-88	88
802	18	1	 	 
802	19	0	15	6
802	20	0	15	6
802	21	0	15	6
802	22	0	15	6
802	23	1	 	 
802	24	1	 	 
802	25	0	 	 
802	27	0	15	6
802	28	1	 	 
802	29	1	 	 
802	32	1	 	 
901	1	0	 	 
901	2	1	 	 
901	3	0	 	 
901	4	1	 	 
901	5	1	 	 
901	6	1	 	 
901	7	1	 	 
901	8	0	 	 
901	9	1	 	 
901	10	1	 	 
901	11	1	 	 
901	12	1	 	 
901	13	1	 	 
901	14	1	 	 
901	15	0	 	 
901	16	0	20	1
901	17	1	 	 
901	18	0	90	7
901	19	0	20	1
901	20	0	90	7
901	21	0	90	7
901	22	0	90	7
901	23	0	20	1
901	24	0	 	 
901	25	0	 	 
901	27	0	90	7
901	28	0	-88	88
901	29	0	90	7
901	32	1	 	 
902	1	0	 	 
902	2	0	 	 
902	3	0	 	 
902	4	0	 	 
902	5	0	 	 
902	6	0	 	 
902	7	0	 	 
902	8	0	 	 
902	9	1	 	 
902	10	1	 	 
902	11	0	 	 
902	12	0	30	7
902	13	1	 	 
902	14	1	 	 
902	15	0	 	 
902	16	0	30	7
902	17	1	 	 
902	18	0	90	7
902	19	0	30	7
902	20	0	90	7
902	21	0	90	7
902	22	0	90	7
902	23	0	90	7
902	24	0	 	 
902	25	0	 	 
902	27	0	90	7
902	28	0	-88	88
902	29	0	90	7
902	32	1	 	 
903	1	0	 	 
903	2	1	 	 
903	3	0	 	 
903	4	0	 	 
903	5	0	 	 
903	6	0	 	 
903	7	0	 	 
903	8	0	 	 
903	9	1	 	 
903	10	0	-77	88
903	11	0	 	 
903	12	0	60	7
903	13	1	 	 
903	14	1	 	 
903	15	0	 	 
903	16	0	60	7
903	17	0	60	7
903	18	0	60	7
903	19	0	60	7
903	20	0	60	7
903	21	0	60	7
903	22	0	60	7
903	23	0	60	7
903	24	0	 	 
903	25	0	 	 
903	27	0	60	7
903	28	0	-88	8
903	29	0	60	7
903	32	1	 	 
904	1	0	 	 
904	2	0	 	 
904	3	0	 	 
904	4	0	 	 
904	5	0	 	 
904	6	0	 	 
904	7	0	 	 
904	8	0	 	 
904	9	1	 	 
904	10	0	20	6
904	11	1	 	 
904	12	0	20	6
904	13	1	 	 
904	14	1	 	 
904	15	0	 	 
904	16	0	20	6
904	17	0	20	1
904	18	0	20	6
904	19	0	20	6
904	20	0	20	6
904	21	0	20	6
904	22	0	20	6
904	23	0	20	1
904	24	1	 	 
904	25	0	 	 
904	27	0	20	6
904	28	88	 	 
904	29	0	20	6
904	32	1	 	 
905	1	0	 	 
905	2	1	 	 
905	3	0	 	 
905	4	0	 	 
905	5	0	 	 
905	6	0	 	 
905	7	0	 	 
905	8	0	 	 
905	9	1	 	 
905	10	1	 	 
905	11	0	 	 
905	12	0	30	7
905	13	1	 	 
905	14	1	 	 
905	15	0	 	 
905	16	0	60	7
905	17	1	 	 
905	18	0	60	7
905	19	0	60	7
905	20	0	60	7
905	21	0	60	7
905	22	0	60	7
905	23	0	60	6
905	24	0	 	 
905	25	0	 	 
905	27	0	60	7
905	28	88	 	 
905	29	0	60	7
905	32	1	 	 
906	1	0	 	 
906	2	1	 	 
906	3	0	 	 
906	4	0	 	 
906	5	0	 	 
906	6	0	 	 
906	7	0	 	 
906	8	0	 	 
906	9	1	 	 
906	10	0	15	7
906	11	0	 	 
906	12	0	90	7
906	13	1	 	 
906	14	1	 	 
906	15	0	 	 
906	16	0	90	7
906	17	0	90	7
906	18	0	15	7
906	19	0	90	7
906	20	0	90	7
906	21	0	90	7
906	22	0	90	7
906	23	0	70	7
906	24	0	 	 
906	25	0	 	 
906	27	0	90	7
906	28	1	 	 
906	29	0	90	7
906	32	1	 	 
907	1	0	 	 
907	2	1	 	 
907	3	0	 	 
907	4	0	 	 
907	5	0	 	 
907	6	0	 	 
907	7	0	 	 
907	8	0	 	 
907	9	1	 	 
907	10	0	20	1
907	11	0	 	 
907	12	0	120	1
907	13	1	 	 
907	14	1	 	 
907	15	0	 	 
907	16	0	140	1
907	17	0	20	1
907	18	0	140	1
907	19	0	140	1
907	20	0	140	1
907	21	0	140	1
907	22	0	140	1
907	23	0	140	1
907	24	0	 	 
907	25	0	 	 
907	27	0	140	1
907	28	0	-88	88
907	29	0	140	1
907	32	1	 	 
908	1	0	 	 
908	2	1	 	 
908	3	0	 	 
908	4	0	 	 
908	5	0	 	 
908	6	0	 	 
908	7	0	 	 
908	8	0	 	 
908	9	1	 	 
908	10	1	 	 
908	11	0	 	 
908	12	0	15	6
908	13	1	 	 
908	14	1	 	 
908	15	1	 	 
908	16	0	25	6
908	17	1	 	 
908	18	0	25	6
908	19	0	25	6
908	20	0	25	6
908	21	0	25	6
908	22	0	25	6
908	23	0	25	6
908	24	1	 	 
908	25	0	 	 
908	27	0	25	6
908	28	0	-88	88
908	29	0	25	6
908	32	1	 	 
909	1	0	 	 
909	2	1	 	 
909	3	0	 	 
909	4	0	 	 
909	5	0	 	 
909	6	0	 	 
909	7	0	 	 
909	8	0	 	 
909	9	1	 	 
909	10	0	15	7
909	11	0	 	 
909	12	1	 	 
909	13	1	 	 
909	14	1	 	 
909	15	1	 	 
909	16	0	15	7
909	17	0	10	7
909	18	0	10	7
909	19	0	15	7
909	20	0	15	7
909	21	0	15	7
909	22	0	15	7
909	23	0	15	7
909	24	1	 	 
909	25	0	 	 
909	27	0	15	7
909	28	88	 	 
909	29	0	15	7
909	32	1	 	 
910	1	0	 	 
910	2	1	 	 
910	3	0	 	 
910	4	0	 	 
910	5	0	 	 
910	6	0	 	 
910	7	0	 	 
910	8	0	 	 
910	9	1	 	 
910	10	0	20	1
910	11	0	 	 
910	12	0	120	1
910	13	1	 	 
910	14	1	 	 
910	15	0	 	 
910	16	0	140	1
910	17	0	20	1
910	18	0	140	1
910	19	0	140	1
910	20	0	140	1
910	21	0	140	1
910	22	0	140	1
910	23	0	140	1
910	24	0	 	 
910	25	0	 	 
910	27	0	140	1
910	28	0	-88	88
910	29	0	140	1
910	32	1	 	 
911	1	0	 	 
911	2	1	 	 
911	3	0	 	 
911	4	0	 	 
911	5	0	 	 
911	6	0	 	 
911	7	0	 	 
911	8	0	 	 
911	9	1	 	 
911	10	0	60	6
911	11	0	 	 
911	12	0	60	6
911	13	1	 	 
911	14	1	 	 
911	15	0	 	 
911	16	0	60	6
911	17	0	40	1
911	18	0	60	6
911	19	0	60	6
911	20	0	60	6
911	21	0	60	6
911	22	0	60	6
911	23	0	60	6
911	24	0	 	 
911	25	0	 	 
911	27	0	60	6
911	28	0	-88	88
911	29	0	60	6
911	32	1	 	 
912	1	0	 	 
912	2	1	 	 
912	3	0	 	 
912	4	0	 	 
912	5	0	 	 
912	6	0	 	 
912	7	0	 	 
912	8	0	 	 
912	9	1	 	 
912	10	0	60	7
912	11	0	 	 
912	12	0	60	7
912	13	1	 	 
912	14	1	 	 
912	15	0	 	 
912	16	0	60	7
912	17	0	30	7
912	18	0	60	7
912	19	0	60	7
912	20	0	60	7
912	21	0	60	7
912	22	0	60	7
912	23	0	60	7
912	24	0	 	 
912	25	0	 	 
912	27	0	60	7
912	28	88	 	 
912	29	0	60	7
912	32	1	 	 
1001	1	1	 	 
1001	2	1	 	 
1001	3	0	 	 
1001	4	0	 	 
1001	5	1	 	 
1001	6	0	 	 
1001	7	0	 	 
1001	8	1	 	 
1001	9	1	 	 
1001	10	1	 	 
1001	11	1	 	 
1001	12	1	 	 
1001	13	1	 	 
1001	14	1	 	 
1001	15	1	 	 
1001	16	1	 	 
1001	17	0	-88	88
1001	18	1	 	 
1001	19	0	10	1
1001	20	1	 	 
1001	21	1	 	 
1001	22	1	 	 
1001	23	1	 	 
1001	24	1	 	 
1001	25	0	 	 
1001	27	1	 	 
1001	28	0	-88	88
1001	29	1	 	 
1001	32	1	 	 
1003	1	0	 	 
1003	2	1	 	 
1003	3	0	 	 
1003	4	0	 	 
1003	5	1	 	 
1003	6	0	 	 
1003	7	0	 	 
1003	8	0	 	 
1003	9	1	 	 
1003	10	1	 	 
1003	11	1	 	 
1003	12	1	 	 
1003	13	1	 	 
1003	14	1	 	 
1003	15	1	 	 
1003	16	0	10	7
1003	17	0	10	7
1003	18	0	10	7
1003	19	0	10	7
1003	20	0	10	7
1003	21	0	10	7
1003	22	1	 	 
1003	23	0	10	7
1003	24	1	 	 
1003	25	0	 	 
1003	27	0	10	7
1003	28	0	-88	88
1003	29	0	10	7
1003	32	1	 	 
1004	1	0	 	 
1004	2	1	 	 
1004	3	0	 	 
1004	4	0	 	 
1004	5	1	 	 
1004	6	0	 	 
1004	7	1	 	 
1004	8	0	 	 
1004	9	0	10	1
1004	10	1	 	 
1004	11	1	 	 
1004	12	1	 	 
1004	13	1	 	 
1004	14	1	 	 
1004	15	1	 	 
1004	16	0	15	1
1004	17	0	10	7
1004	18	0	10	7
1004	19	0	10	7
1004	20	0	10	7
1004	21	0	10	7
1004	22	0	10	1
1004	23	0	10	7
1004	24	1	 	 
1004	25	0	 	 
1004	27	0	10	7
1004	28	0	-88	88
1004	29	0	10	1
1004	32	1	 	 
1005	1	0	 	 
1005	2	1	 	 
1005	3	0	 	 
1005	4	0	 	 
1005	5	1	 	 
1005	6	0	 	 
1005	7	1	 	 
1005	8	0	 	 
1005	9	1	 	 
1005	10	1	 	 
1005	11	1	 	 
1005	12	1	 	 
1005	13	1	 	 
1005	14	1	 	 
1005	15	1	 	 
1005	16	0	15	7
1005	17	0	-88	88
1005	18	0	15	7
1005	19	0	15	7
1005	20	0	15	7
1005	21	0	15	7
1005	22	0	5	1
1005	23	0	15	7
1005	24	1	 	 
1005	25	0	 	 
1005	27	0	15	7
1005	28	88	 	 
1005	29	0	5	1
1005	32	1	 	 
1006	1	0	 	 
1006	2	1	 	 
1006	3	0	 	 
1006	4	0	 	 
1006	5	1	 	 
1006	6	0	 	 
1006	7	0	 	 
1006	8	0	 	 
1006	9	0	15	1
1006	10	1	 	 
1006	11	1	 	 
1006	12	1	 	 
1006	13	1	 	 
1006	14	1	 	 
1006	15	1	 	 
1006	16	1	 	 
1006	17	0	15	7
1006	18	0	15	7
1006	19	0	15	7
1006	20	0	15	7
1006	21	0	15	7
1006	22	1	 	 
1006	23	0	15	7
1006	24	1	 	 
1006	25	0	 	 
1006	27	0	15	7
1006	28	88	 	 
1006	29	0	15	7
1006	32	1	 	 
1101	1	0	 	 
1101	2	1	 	 
1101	3	0	 	 
1101	4	0	 	 
1101	5	0	 	 
1101	6	0	 	 
1101	7	1	 	 
1101	8	0	 	 
1101	9	1	 	 
1101	10	1	 	 
1101	11	0	 	 
1101	12	0	150	7
1101	13	1	 	 
1101	14	1	 	 
1101	15	1	 	 
1101	16	0	150	7
1101	17	1	 	 
1101	18	0	150	7
1101	19	0	150	7
1101	20	0	300	7
1101	21	0	150	7
1101	22	0	150	7
1101	23	0	150	7
1101	24	1	 	 
1101	25	1	 	 
1101	27	0	150	7
1101	28	88	 	 
1101	29	0	150	7
1101	32	1	 	 
1102	1	0	 	 
1102	2	1	 	 
1102	3	0	 	 
1102	4	0	 	 
1102	5	0	 	 
1102	6	0	 	 
1102	7	0	 	 
1102	8	0	 	 
1102	9	1	 	 
1102	10	1	 	 
1102	11	0	 	 
1102	12	0	120	7
1102	13	1	 	 
1102	14	1	 	 
1102	15	1	 	 
1102	16	0	240	7
1102	17	1	 	 
1102	18	0	120	7
1102	19	0	120	7
1102	20	0	-88	88
1102	21	0	120	7
1102	22	0	120	7
1102	23	0	120	7
1102	24	1	 	 
1102	25	0	 	 
1102	27	0	120	7
1102	28	0	-88	88
1102	29	0	120	7
1102	32	1	 	 
1103	1	0	 	 
1103	2	1	 	 
1103	3	0	 	 
1103	4	0	 	 
1103	5	0	 	 
1103	6	0	 	 
1103	7	0	 	 
1103	8	0	 	 
1103	9	1	 	 
1103	10	1	 	 
1103	11	0	 	 
1103	12	0	180	7
1103	13	1	 	 
1103	14	1	 	 
1103	15	0	 	 
1103	16	0	180	7
1103	17	1	 	 
1103	18	0	180	7
1103	19	0	180	7
1103	20	0	390	7
1103	21	0	180	7
1103	22	0	180	7
1103	23	0	180	7
1103	24	1	 	 
1103	25	0	 	 
1103	27	0	180	7
1103	28	88	 	 
1103	29	0	180	7
1103	32	1	 	 
1104	1	1	 	 
1104	2	1	 	 
1104	3	0	 	 
1104	4	0	 	 
1104	5	0	 	 
1104	6	0	 	 
1104	7	0	 	 
1104	8	0	 	 
1104	9	1	 	 
1104	10	1	 	 
1104	11	0	 	 
1104	12	0	120	7
1104	13	1	 	 
1104	14	1	 	 
1104	15	1	 	 
1104	16	0	120	7
1104	17	1	 	 
1104	18	0	120	7
1104	19	0	120	7
1104	20	0	300	6
1104	21	0	120	7
1104	22	0	120	7
1104	23	0	120	7
1104	24	0	 	 
1104	25	0	 	 
1104	27	0	120	7
1104	28	0	-88	88
1104	29	0	120	7
1104	32	1	 	 
1105	1	0	 	 
1105	2	1	 	 
1105	3	0	 	 
1105	4	0	 	 
1105	5	0	 	 
1105	6	0	 	 
1105	7	1	 	 
1105	8	0	 	 
1105	9	1	 	 
1105	10	1	 	 
1105	11	0	 	 
1105	12	0	90	6
1105	13	1	 	 
1105	14	1	 	 
1105	15	1	 	 
1105	16	0	90	6
1105	17	1	 	 
1105	18	0	90	6
1105	19	0	90	6
1105	20	0	210	6
1105	21	0	90	6
1105	22	0	90	6
1105	23	0	90	6
1105	24	1	 	 
1105	25	0	 	 
1105	27	0	90	6
1105	28	0	-88	88
1105	29	0	90	6
1105	32	1	 	 
1106	1	0	 	 
1106	2	1	 	 
1106	3	0	 	 
1106	4	0	 	 
1106	5	0	 	 
1106	6	0	 	 
1106	7	0	 	 
1106	8	0	 	 
1106	9	1	 	 
1106	10	1	 	 
1106	11	0	 	 
1106	12	0	240	7
1106	13	1	 	 
1106	14	0	 	 
1106	15	0	 	 
1106	16	0	240	7
1106	17	1	 	 
1106	18	0	240	7
1106	19	0	240	7
1106	20	0	-88	88
1106	21	0	240	7
1106	22	0	240	7
1106	23	0	240	7
1106	24	0	 	 
1106	25	0	 	 
1106	27	0	240	7
1106	28	88	 	 
1106	29	0	240	7
1106	32	0	 	 
1107	1	0	 	 
1107	2	0	 	 
1107	3	0	 	 
1107	4	0	 	 
1107	5	0	 	 
1107	6	0	 	 
1107	7	0	 	 
1107	8	0	 	 
1107	9	1	 	 
1107	10	1	 	 
1107	11	0	 	 
1107	12	0	45	6
1107	13	1	 	 
1107	14	1	 	 
1107	15	1	 	 
1107	16	0	45	6
1107	17	0	45	6
1107	18	0	45	6
1107	19	0	45	6
1107	20	0	180	6
1107	21	0	45	6
1107	22	0	45	6
1107	23	0	45	6
1107	24	1	 	 
1107	25	0	 	 
1107	27	0	180	6
1107	28	0	-88	88
1107	29	0	45	6
1107	32	1	 	 
1108	1	1	 	 
1108	2	1	 	 
1108	3	0	 	 
1108	4	0	 	 
1108	5	0	 	 
1108	6	0	 	 
1108	7	0	 	 
1108	8	0	 	 
1108	9	1	 	 
1108	10	0	60	1
1108	11	0	 	 
1108	12	0	90	6
1108	13	1	 	 
1108	14	1	 	 
1108	15	1	 	 
1108	16	0	90	6
1108	17	0	60	1
1108	18	0	90	6
1108	19	0	90	6
1108	20	0	225	6
1108	21	0	90	6
1108	22	0	90	6
1108	23	0	90	6
1108	24	1	 	 
1108	25	0	 	 
1108	27	0	90	6
1108	28	0	-88	88
1108	29	0	90	6
1108	32	1	 	 
1202	1	1	 	 
1202	2	1	 	 
1202	3	0	 	 
1202	4	0	 	 
1202	5	0	 	 
1202	6	0	 	 
1202	7	0	 	 
1202	8	0	 	 
1202	9	1	 	 
1202	10	1	 	 
1202	11	1	 	 
1202	12	1	 	 
1202	13	1	 	 
1202	14	1	 	 
1202	15	1	 	 
1202	16	0	7	7
1202	17	0	10	7
1202	18	0	10	7
1202	19	0	30	7
1202	20	0	10	7
1202	21	0	40	6
1202	22	0	10	1
1202	23	0	15	7
1202	24	1	 	 
1202	25	0	 	 
1202	27	0	60	7
1202	28	88	 	 
1202	29	0	6	6
1202	32	1	 	 
1203	1	1	 	 
1203	2	1	 	 
1203	3	1	 	 
1203	4	0	 	 
1203	5	1	 	 
1203	6	0	 	 
1203	7	0	 	 
1203	8	1	 	 
1203	9	1	 	 
1203	10	1	 	 
1203	11	1	 	 
1203	12	1	 	 
1203	13	1	 	 
1203	14	1	 	 
1203	15	1	 	 
1203	16	0	10	7
1203	17	0	10	7
1203	18	0	10	7
1203	19	0	20	7
1203	20	0	5	5
1203	21	0	5	7
1203	22	1	 	 
1203	23	0	5	7
1203	24	1	 	 
1203	25	0	 	 
1203	27	0	20	7
1203	28	88	 	 
1203	29	1	 	 
1203	32	1	 	 
1302	1	1	 	 
1302	2	1	 	 
1302	3	1	 	 
1302	4	0	 	 
1302	5	1	 	 
1302	6	1	 	 
1302	7	1	 	 
1302	8	1	 	 
1302	9	1	 	 
1302	10	1	 	 
1302	11	1	 	 
1302	12	1	 	 
1302	13	1	 	 
1302	14	1	 	 
1302	15	1	 	 
1302	16	1	 	 
1302	17	0	-77	88
1302	18	1	 	 
1302	19	0	25	7
1302	20	1	 	 
1302	21	1	 	 
1302	22	1	 	 
1302	23	1	 	 
1302	24	1	 	 
1302	25	0	 	 
1302	27	0	30	7
1302	28	1	 	 
1302	29	1	 	 
1302	32	1	 	 
1303	1	0	 	 
1303	2	1	 	 
1303	3	0	 	 
1303	4	0	 	 
1303	5	1	 	 
1303	6	0	 	 
1303	7	0	 	 
1303	8	0	 	 
1303	9	1	 	 
1303	10	1	 	 
1303	11	1	 	 
1303	12	1	 	 
1303	13	1	 	 
1303	14	1	 	 
1303	15	1	 	 
1303	16	0	10	7
1303	17	0	-88	8
1303	18	0	10	7
1303	19	0	10	7
1303	20	0	10	7
1303	21	0	-88	88
1303	22	0	-88	88
1303	23	0	10	7
1303	24	1	 	 
1303	25	1	 	 
1303	27	0	30	7
1303	28	88	 	 
1303	29	0	10	7
1303	32	1	 	 
1304	1	1	 	 
1304	2	1	 	 
1304	3	1	 	 
1304	4	1	 	 
1304	5	0	 	 
1304	6	1	 	 
1304	7	0	 	 
1304	8	1	 	 
1304	9	1	 	 
1304	10	1	 	 
1304	11	1	 	 
1304	12	1	 	 
1304	13	1	 	 
1304	14	1	 	 
1304	15	1	 	 
1304	16	1	 	 
1304	17	0	-77	88
1304	18	1	 	 
1304	19	1	 	 
1304	20	1	 	 
1304	21	1	 	 
1304	22	1	 	 
1304	23	1	 	 
1304	24	1	 	 
1304	25	0	 	 
1304	27	1	 	 
1304	28	0	-88	88
1304	29	1	 	 
1304	32	1	 	 
1402	1	0	 	 
1402	2	1	 	 
1402	3	0	 	 
1402	4	0	 	 
1402	5	0	 	 
1402	6	0	 	 
1402	7	1	 	 
1402	8	0	 	 
1402	9	1	 	 
1402	10	1	 	 
1402	11	1	 	 
1402	12	1	 	 
1402	13	1	 	 
1402	14	1	 	 
1402	15	1	 	 
1402	16	0	10	1
1402	17	1	 	 
1402	18	1	 	 
1402	19	0	10	5
1402	20	0	10	5
1402	21	0	12	7
1402	22	1	 	 
1402	23	0	10	5
1402	24	1	 	 
1402	25	0	 	 
1402	27	0	10	5
1402	28	88	 	 
1402	29	1	 	 
1402	32	1	 	 
1403	1	1	 	 
1403	2	1	 	 
1403	3	1	 	 
1403	4	0	 	 
1403	5	1	 	 
1403	6	0	 	 
1403	7	1	 	 
1403	8	1	 	 
1403	9	1	 	 
1403	10	1	 	 
1403	11	1	 	 
1403	12	1	 	 
1403	13	1	 	 
1403	14	1	 	 
1403	15	1	 	 
1403	16	1	 	 
1403	17	1	 	 
1403	18	1	 	 
1403	19	1	 	 
1403	20	1	 	 
1403	21	1	 	 
1403	22	1	 	 
1403	23	1	 	 
1403	24	1	 	 
1403	25	1	 	 
1403	27	1	 	 
1403	28	0	-88	88
1403	29	1	 	 
1403	32	1	 	 
1404	1	1	 	 
1404	2	1	 	 
1404	3	1	 	 
1404	4	0	 	 
1404	5	0	 	 
1404	6	0	 	 
1404	7	1	 	 
1404	8	0	 	 
1404	9	0	5	1
1404	10	1	 	 
1404	11	1	 	 
1404	12	1	 	 
1404	13	1	 	 
1404	14	1	 	 
1404	15	1	 	 
1404	16	0	10	5
1404	17	0	20	7
1404	18	0	20	5
1404	19	0	10	5
1404	20	0	10	5
1404	21	0	10	5
1404	22	0	-88	88
1404	23	0	10	5
1404	24	1	 	 
1404	25	1	 	 
1404	27	0	-88	88
1404	28	0	-88	88
1404	29	0	10	5
1404	32	1	 	 
1501	1	0	 	 
1501	2	1	 	 
1501	3	0	 	 
1501	4	0	 	 
1501	5	0	 	 
1501	6	0	 	 
1501	7	1	 	 
1501	8	0	 	 
1501	9	1	 	 
1501	10	1	 	 
1501	11	1	 	 
1501	12	0	10	1
1501	13	1	 	 
1501	14	1	 	 
1501	15	0	 	 
1501	16	0	10	1
1501	17	1	 	 
1501	18	0	10	1
1501	19	0	10	1
1501	20	0	20	6
1501	21	0	10	1
1501	22	1	 	 
1501	23	0	20	6
1501	24	1	 	 
1501	25	0	 	 
1501	27	0	20	6
1501	28	88	 	 
1501	29	0	10	1
1501	32	1	 	 
1502	1	1	 	 
1502	2	1	 	 
1502	3	0	 	 
1502	4	0	 	 
1502	5	0	 	 
1502	6	0	 	 
1502	7	1	 	 
1502	8	0	 	 
1502	9	1	 	 
1502	10	0	15	7
1502	11	0	 	 
1502	12	0	15	7
1502	13	1	 	 
1502	14	1	 	 
1502	15	0	 	 
1502	16	0	15	7
1502	17	0	15	7
1502	18	0	15	7
1502	19	0	15	7
1502	20	0	60	7
1502	21	0	15	7
1502	22	1	 	 
1502	23	0	15	7
1502	24	1	 	 
1502	25	0	 	 
1502	27	0	15	7
1502	28	88	 	 
1502	29	0	15	7
1502	32	1	 	 
1503	1	1	 	 
1503	2	1	 	 
1503	3	0	 	 
1503	4	0	 	 
1503	5	0	 	 
1503	6	0	 	 
1503	7	0	 	 
1503	8	0	 	 
1503	9	1	 	 
1503	10	1	 	 
1503	11	0	 	 
1503	12	0	10	5
1503	13	1	 	 
1503	14	1	 	 
1503	15	0	 	 
1503	16	0	10	5
1503	17	0	10	5
1503	18	0	10	5
1503	19	0	10	5
1503	20	0	70	6
1503	21	0	10	5
1503	22	0	10	5
1503	23	0	10	5
1503	24	1	 	 
1503	25	0	 	 
1503	27	0	10	5
1503	28	88	 	 
1503	29	0	10	5
1503	32	1	 	 
1504	1	1	 	 
1504	2	1	 	 
1504	3	0	 	 
1504	4	0	 	 
1504	5	0	 	 
1504	6	0	 	 
1504	7	0	 	 
1504	8	0	 	 
1504	9	1	 	 
1504	10	1	 	 
1504	11	0	 	 
1504	12	0	20	6
1504	13	1	 	 
1504	14	1	 	 
1504	15	0	 	 
1504	16	0	20	6
1504	17	1	 	 
1504	18	0	20	6
1504	19	0	20	6
1504	20	0	80	6
1504	21	0	20	6
1504	22	0	20	6
1504	23	0	20	6
1504	24	1	 	 
1504	25	0	 	 
1504	27	0	20	6
1504	28	88	 	 
1504	29	0	15	6
1504	32	1	 	 
1505	1	0	 	 
1505	2	0	 	 
1505	3	0	 	 
1505	4	0	 	 
1505	5	0	 	 
1505	6	0	 	 
1505	7	0	 	 
1505	8	0	 	 
1505	9	1	 	 
1505	10	1	 	 
1505	11	0	 	 
1505	12	0	20	6
1505	13	1	 	 
1505	14	1	 	 
1505	15	0	 	 
1505	16	0	20	6
1505	17	0	5	1
1505	18	0	20	6
1505	19	0	20	6
1505	20	0	80	6
1505	21	0	20	6
1505	22	0	20	6
1505	23	0	20	6
1505	24	1	 	 
1505	25	0	 	 
1505	27	0	20	6
1505	28	88	 	 
1505	29	0	15	6
1505	32	1	 	 
1506	1	0	 	 
1506	2	1	 	 
1506	3	0	 	 
1506	4	0	 	 
1506	5	0	 	 
1506	6	0	 	 
1506	7	1	 	 
1506	8	0	 	 
1506	9	1	 	 
1506	10	1	 	 
1506	11	1	 	 
1506	12	0	15	1
1506	13	1	 	 
1506	14	1	 	 
1506	15	0	 	 
1506	16	0	15	1
1506	17	1	 	 
1506	18	0	15	1
1506	19	0	15	1
1506	20	0	60	6
1506	21	0	15	1
1506	22	0	15	1
1506	23	0	15	1
1506	24	1	 	 
1506	25	0	 	 
1506	27	0	15	1
1506	28	88	 	 
1506	29	1	 	 
1506	32	1	 	 
1507	1	1	 	 
1507	2	1	 	 
1507	3	0	 	 
1507	4	0	 	 
1507	5	0	 	 
1507	6	0	 	 
1507	7	0	 	 
1507	8	0	 	 
1507	9	1	 	 
1507	10	0	30	5
1507	11	0	 	 
1507	12	0	30	5
1507	13	1	 	 
1507	14	1	 	 
1507	15	0	 	 
1507	16	0	30	5
1507	17	0	30	5
1507	18	0	30	5
1507	19	0	30	5
1507	20	0	30	5
1507	21	0	30	5
1507	22	0	20	5
1507	23	0	30	5
1507	24	1	 	 
1507	25	0	 	 
1507	27	0	30	5
1507	28	0	-88	88
1507	29	0	30	5
1507	32	1	 	 
1508	1	0	 	 
1508	2	1	 	 
1508	3	0	 	 
1508	4	0	 	 
1508	5	1	 	 
1508	6	0	 	 
1508	7	0	 	 
1508	8	0	 	 
1508	9	1	 	 
1508	10	1	 	 
1508	11	0	 	 
1508	12	1	 	 
1508	13	1	 	 
1508	14	1	 	 
1508	15	0	 	 
1508	16	0	15	5
1508	17	0	10	5
1508	18	0	15	5
1508	19	0	15	5
1508	20	0	80	6
1508	21	0	15	5
1508	22	0	15	5
1508	23	0	15	5
1508	24	0	 	 
1508	25	0	 	 
1508	27	0	15	5
1508	28	88	 	 
1508	29	0	10	5
1508	32	1	 	 
1509	1	0	 	 
1509	2	1	 	 
1509	3	1	 	 
1509	4	0	 	 
1509	5	1	 	 
1509	6	0	 	 
1509	7	0	 	 
1509	8	1	 	 
1509	9	1	 	 
1509	10	1	 	 
1509	11	1	 	 
1509	12	1	 	 
1509	13	1	 	 
1509	14	1	 	 
1509	15	1	 	 
1509	16	1	 	 
1509	17	0	10	5
1509	18	1	 	 
1509	19	1	 	 
1509	20	0	40	6
1509	21	1	 	 
1509	22	1	 	 
1509	23	1	 	 
1509	24	1	 	 
1509	25	0	 	 
1509	27	0	40	6
1509	28	88	 	 
1509	29	1	 	 
1509	32	1	 	 
1601	1	0	 	 
1601	2	1	 	 
1601	3	88	 	 
1601	4	0	 	 
1601	5	0	 	 
1601	6	0	 	 
1601	7	1	 	 
1601	8	0	 	 
1601	9	1	 	 
1601	10	1	 	 
1601	11	0	 	 
1601	12	0	120	7
1601	13	1	 	 
1601	14	0	 	 
1601	15	0	 	 
1601	16	0	45	7
1601	17	1	 	 
1601	18	0	45	7
1601	19	0	120	7
1601	20	0	120	7
1601	21	0	120	7
1601	22	0	120	7
1601	23	0	45	7
1601	24	1	 	 
1601	25	0	 	 
1601	27	0	120	7
1601	28	88	 	 
1601	29	0	45	7
1601	32	1	 	 
1602	1	1	 	 
1602	2	1	 	 
1602	3	88	 	 
1602	4	0	 	 
1602	5	0	 	 
1602	6	0	 	 
1602	7	1	 	 
1602	8	0	 	 
1602	9	1	 	 
1602	10	1	 	 
1602	11	0	 	 
1602	12	1	 	 
1602	13	1	 	 
1602	14	1	 	 
1602	15	1	 	 
1602	16	1	 	 
1602	17	1	 	 
1602	18	1	 	 
1602	19	0	80	7
1602	20	0	80	7
1602	21	0	80	7
1602	22	0	80	7
1602	23	1	 	 
1602	24	1	 	 
1602	25	0	 	 
1602	27	0	80	7
1602	28	88	 	 
1602	29	1	 	 
1602	32	1	 	 
1603	1	0	 	 
1603	2	1	 	 
1603	3	88	 	 
1603	4	0	 	 
1603	5	0	 	 
1603	6	0	 	 
1603	7	0	 	 
1603	8	0	 	 
1603	9	1	 	 
1603	10	0	60	7
1603	11	0	 	 
1603	12	0	0	7
1603	13	1	 	 
1603	14	1	 	 
1603	15	0	 	 
1603	16	0	60	7
1603	17	1	 	 
1603	18	0	60	7
1603	19	0	90	7
1603	20	0	90	7
1603	21	0	90	7
1603	22	0	90	7
1603	23	0	60	7
1603	24	1	 	 
1603	25	0	 	 
1603	27	0	90	7
1603	28	88	 	 
1603	29	0	60	7
1603	32	0	 	 
1604	1	0	 	 
1604	2	1	 	 
1604	3	0	 	 
1604	4	0	 	 
1604	5	0	 	 
1604	6	0	 	 
1604	7	0	 	 
1604	8	0	 	 
1604	9	1	 	 
1604	10	1	 	 
1604	11	0	 	 
1604	12	1	 	 
1604	13	1	 	 
1604	14	0	 	 
1604	15	0	 	 
1604	16	0	10	7
1604	17	1	 	 
1604	18	0	10	7
1604	19	0	60	7
1604	20	0	60	7
1604	21	0	60	7
1604	22	0	60	7
1604	23	0	10	7
1604	24	1	 	 
1604	25	0	 	 
1604	27	0	60	7
1604	28	88	 	 
1604	29	0	10	7
1604	32	1	 	 
1605	1	1	 	 
1605	2	1	 	 
1605	3	88	 	 
1605	4	0	 	 
1605	5	0	 	 
1605	6	0	 	 
1605	7	1	 	 
1605	8	0	 	 
1605	9	1	 	 
1605	10	1	 	 
1605	11	0	 	 
1605	12	0	150	7
1605	13	1	 	 
1605	14	0	 	 
1605	15	0	 	 
1605	16	0	40	7
1605	17	1	 	 
1605	18	0	40	7
1605	19	0	150	7
1605	20	0	150	7
1605	21	0	150	7
1605	22	0	150	7
1605	23	0	40	7
1605	24	1	 	 
1605	25	0	 	 
1605	27	0	150	7
1605	28	88	 	 
1605	29	0	150	7
1605	32	1	 	 
1606	1	0	 	 
1606	2	1	 	 
1606	3	88	 	 
1606	4	0	 	 
1606	5	0	 	 
1606	6	0	 	 
1606	7	1	 	 
1606	8	0	 	 
1606	9	1	 	 
1606	10	1	 	 
1606	11	1	 	 
1606	12	0	50	7
1606	13	1	 	 
1606	14	1	 	 
1606	15	1	 	 
1606	16	0	20	7
1606	17	1	 	 
1606	18	0	20	7
1606	19	0	50	7
1606	20	0	50	7
1606	21	0	50	7
1606	22	0	50	7
1606	23	0	20	7
1606	24	1	 	 
1606	25	0	 	 
1606	27	0	50	7
1606	28	88	 	 
1606	29	0	50	7
1606	32	1	 	 
1607	1	0	 	 
1607	2	1	 	 
1607	3	88	 	 
1607	4	0	 	 
1607	5	0	 	 
1607	6	0	 	 
1607	7	0	 	 
1607	8	0	 	 
1607	9	1	 	 
1607	10	1	 	 
1607	11	0	 	 
1607	12	0	30	7
1607	13	1	 	 
1607	14	1	 	 
1607	15	0	 	 
1607	16	0	50	7
1607	17	0	50	7
1607	18	0	50	7
1607	19	0	30	7
1607	20	0	30	7
1607	21	0	30	7
1607	22	0	30	7
1607	23	0	50	7
1607	24	1	 	 
1607	25	0	 	 
1607	27	0	30	7
1607	28	88	 	 
1607	29	0	30	7
1607	32	1	 	 
1608	1	0	 	 
1608	2	1	 	 
1608	3	88	 	 
1608	4	0	 	 
1608	5	0	 	 
1608	6	0	 	 
1608	7	1	 	 
1608	8	0	 	 
1608	9	1	 	 
1608	10	1	 	 
1608	11	0	 	 
1608	12	0	40	7
1608	13	1	 	 
1608	14	1	 	 
1608	15	0	 	 
1608	16	0	30	7
1608	17	0	30	7
1608	18	0	30	7
1608	19	0	40	7
1608	20	0	40	7
1608	21	0	40	7
1608	22	0	40	7
1608	23	0	30	7
1608	24	1	 	 
1608	25	0	 	 
1608	27	0	40	7
1608	28	88	 	 
1608	29	0	30	7
1608	32	1	 	 
1701	1	0	 	 
1701	2	1	 	 
1701	3	88	 	 
1701	4	0	 	 
1701	5	0	 	 
1701	6	0	 	 
1701	7	0	 	 
1701	8	0	 	 
1701	9	1	 	 
1701	10	1	 	 
1701	11	1	 	 
1701	12	1	 	 
1701	13	1	 	 
1701	14	1	 	 
1701	15	1	 	 
1701	16	0	20	6
1701	17	1	 	 
1701	18	0	40	6
1701	19	0	40	6
1701	20	0	40	6
1701	21	0	40	6
1701	22	0	20	6
1701	23	0	20	6
1701	24	1	 	 
1701	25	0	 	 
1701	27	0	40	6
1701	28	88	 	 
1701	29	0	40	6
1701	32	1	 	 
1702	1	0	 	 
1702	2	1	 	 
1702	3	0	 	 
1702	4	0	 	 
1702	5	0	 	 
1702	6	1	 	 
1702	7	1	 	 
1702	8	0	 	 
1702	9	1	 	 
1702	10	1	 	 
1702	11	1	 	 
1702	12	1	 	 
1702	13	1	 	 
1702	14	1	 	 
1702	15	1	 	 
1702	16	0	30	6
1702	17	1	 	 
1702	18	0	30	6
1702	19	0	30	6
1702	20	0	30	6
1702	21	0	30	6
1702	22	1	 	 
1702	23	1	 	 
1702	24	1	 	 
1702	25	0	 	 
1702	27	0	30	6
1702	28	1	 	 
1702	29	0	30	6
1702	32	1	 	 
1703	1	1	 	 
1703	2	1	 	 
1703	3	88	 	 
1703	4	0	 	 
1703	5	0	 	 
1703	6	0	 	 
1703	7	1	 	 
1703	8	0	 	 
1703	9	1	 	 
1703	10	0	35	7
1703	11	0	 	 
1703	12	1	 	 
1703	13	1	 	 
1703	14	1	 	 
1703	15	1	 	 
1703	16	0	35	7
1703	17	1	 	 
1703	18	0	35	7
1703	19	0	35	7
1703	20	0	35	7
1703	21	0	35	7
1703	22	0	35	7
1703	23	1	 	 
1703	24	1	 	 
1703	25	0	 	 
1703	27	0	35	7
1703	28	88	 	 
1703	29	0	35	7
1703	32	1	 	 
1704	1	0	 	 
1704	2	1	 	 
1704	3	88	 	 
1704	4	0	 	 
1704	5	0	 	 
1704	6	0	 	 
1704	7	0	 	 
1704	8	0	 	 
1704	9	1	 	 
1704	10	0	60	7
1704	11	0	 	 
1704	12	0	88	88
1704	13	1	 	 
1704	14	1	 	 
1704	15	0	 	 
1704	16	0	60	7
1704	17	0	60	7
1704	18	0	60	7
1704	19	0	60	7
1704	20	0	60	7
1704	21	0	60	7
1704	22	0	60	7
1704	23	0	60	7
1704	24	1	 	 
1704	25	0	 	 
1704	27	0	60	7
1704	28	88	 	 
1704	29	0	60	7
1704	32	1	 	 
1705	1	0	 	 
1705	2	1	 	 
1705	3	88	 	 
1705	4	0	 	 
1705	5	0	 	 
1705	6	0	 	 
1705	7	0	 	 
1705	8	0	 	 
1705	9	1	 	 
1705	10	0	90	1
1705	11	0	 	 
1705	12	0	180	7
1705	13	1	 	 
1705	14	1	 	 
1705	15	0	 	 
1705	16	0	180	7
1705	17	0	90	1
1705	18	0	180	7
1705	19	0	180	7
1705	20	0	180	7
1705	21	0	180	7
1705	22	0	90	1
1705	23	0	90	1
1705	24	1	 	 
1705	25	0	 	 
1705	27	0	180	7
1705	28	88	 	 
1705	29	0	180	7
1705	32	1	 	 
1706	1	1	 	 
1706	2	0	 	 
1706	3	0	 	 
1706	4	0	 	 
1706	5	0	 	 
1706	6	0	 	 
1706	7	0	 	 
1706	8	0	 	 
1706	9	1	 	 
1706	10	0	10	6
1706	11	0	 	 
1706	12	0	60	6
1706	13	0	 	 
1706	14	0	 	 
1706	15	0	 	 
1706	16	0	60	6
1706	17	0	10	6
1706	18	0	60	6
1706	19	0	60	6
1706	20	0	60	6
1706	21	0	60	6
1706	22	1	 	 
1706	23	0	10	6
1706	24	1	 	 
1706	25	0	 	 
1706	27	0	60	6
1706	28	88	 	 
1706	29	0	60	6
1706	32	1	 	 
1708	1	0	 	 
1708	2	1	 	 
1708	3	88	 	 
1708	4	0	 	 
1708	5	0	 	 
1708	6	0	 	 
1708	7	0	 	 
1708	8	0	 	 
1708	9	1	 	 
1708	10	1	 	 
1708	11	1	 	 
1708	12	0	150	7
1708	13	1	 	 
1708	14	1	 	 
1708	15	0	 	 
1708	16	0	150	7
1708	17	0	45	7
1708	18	0	45	7
1708	19	0	150	7
1708	20	0	150	7
1708	21	0	50	7
1708	22	1	 	 
1708	23	0	45	7
1708	24	0	 	 
1708	25	0	 	 
1708	27	0	150	7
1708	28	88	 	 
1708	29	0	150	7
1708	32	0	 	 
1709	1	0	 	 
1709	2	1	 	 
1709	3	0	 	 
1709	4	0	 	 
1709	5	0	 	 
1709	6	0	 	 
1709	7	1	 	 
1709	8	0	 	 
1709	9	1	 	 
1709	10	1	 	 
1709	11	1	 	 
1709	12	1	 	 
1709	13	1	 	 
1709	14	1	 	 
1709	15	1	 	 
1709	16	0	180	7
1709	17	1	 	 
1709	18	0	180	7
1709	19	0	180	7
1709	20	0	180	7
1709	21	0	180	7
1709	22	1	 	 
1709	23	0	180	7
1709	24	1	 	 
1709	25	1	 	 
1709	27	0	180	7
1709	28	1	 	 
1709	29	0	180	7
1709	32	1	 	 
1710	1	1	 	 
1710	2	1	 	 
1710	3	1	 	 
1710	4	0	 	 
1710	5	1	 	 
1710	6	1	 	 
1710	7	1	 	 
1710	8	0	 	 
1710	9	1	 	 
1710	10	1	 	 
1710	11	1	 	 
1710	12	1	 	 
1710	13	1	 	 
1710	14	1	 	 
1710	15	1	 	 
1710	16	1	 	 
1710	17	1	 	 
1710	18	1	 	 
1710	19	1	 	 
1710	20	0	240	8
1710	21	1	 	 
1710	22	1	 	 
1710	23	1	 	 
1710	24	1	 	 
1710	25	0	 	 
1710	27	1	 	 
1710	28	88	 	 
1710	29	1	 	 
1710	32	1	 	 
1711	1	1	 	 
1711	2	1	 	 
1711	3	88	 	 
1711	4	0	 	 
1711	5	0	 	 
1711	6	0	 	 
1711	7	1	 	 
1711	8	0	 	 
1711	9	1	 	 
1711	10	0	60	7
1711	11	0	 	 
1711	12	0	60	7
1711	13	1	 	 
1711	14	1	 	 
1711	15	1	 	 
1711	16	0	60	7
1711	17	0	60	7
1711	18	0	60	7
1711	19	0	60	7
1711	20	0	60	7
1711	21	0	60	7
1711	22	0	60	7
1711	23	0	60	7
1711	24	1	 	 
1711	25	0	 	 
1711	27	0	60	7
1711	28	88	 	 
1711	29	0	60	7
1711	32	1	 	 
1801	1	0	 	 
1801	2	1	 	 
1801	3	88	 	 
1801	4	0	 	 
1801	5	0	 	 
1801	6	0	 	 
1801	7	0	 	 
1801	8	0	 	 
1801	9	1	 	 
1801	10	0	80	13
1801	11	0	 	 
1801	12	0	80	13
1801	13	1	 	 
1801	14	1	 	 
1801	15	0	 	 
1801	16	0	80	13
1801	17	0	80	13
1801	18	0	80	13
1801	19	0	80	13
1801	20	0	80	13
1801	21	0	80	13
1801	22	1	 	 
1801	23	0	80	13
1801	24	0	 	 
1801	25	0	 	 
1801	27	0	80	13
1801	28	88	 	 
1801	29	0	80	13
1801	32	1	 	 
1802	1	0	 	 
1802	2	1	 	 
1802	3	88	 	 
1802	4	0	 	 
1802	5	0	 	 
1802	6	0	 	 
1802	7	0	 	 
1802	8	0	 	 
1802	9	1	 	 
1802	10	0	20	7
1802	11	0	 	 
1802	12	0	20	7
1802	13	1	 	 
1802	14	1	 	 
1802	15	0	 	 
1802	16	0	20	7
1802	17	1	 	 
1802	18	0	30	7
1802	19	0	30	7
1802	20	0	30	7
1802	21	0	20	7
1802	22	0	20	7
1802	23	0	30	7
1802	24	1	 	 
1802	25	0	 	 
1802	27	0	30	7
1802	28	0	30	7
1802	29	0	20	7
1802	32	1	 	 
1803	1	0	 	 
1803	2	1	 	 
1803	3	88	 	 
1803	4	0	 	 
1803	5	0	 	 
1803	6	0	 	 
1803	7	1	 	 
1803	8	0	 	 
1803	9	1	 	 
1803	10	1	 	 
1803	11	1	 	 
1803	12	0	20	6
1803	13	1	 	 
1803	14	0	 	 
1803	15	0	 	 
1803	16	0	20	6
1803	17	1	 	 
1803	18	0	20	6
1803	19	0	20	6
1803	20	0	20	6
1803	21	1	 	 
1803	22	0	30	6
1803	23	0	30	6
1803	24	1	 	 
1803	25	0	 	 
1803	27	0	30	6
1803	28	88	 	 
1803	29	0	20	6
1803	32	1	 	 
1804	1	1	 	 
1804	2	1	 	 
1804	3	88	 	 
1804	4	0	 	 
1804	5	0	 	 
1804	6	0	 	 
1804	7	0	 	 
1804	8	0	 	 
1804	9	1	 	 
1804	10	0	30	7
1804	11	0	 	 
1804	12	0	30	7
1804	13	1	 	 
1804	14	1	 	 
1804	15	0	 	 
1804	16	0	30	7
1804	17	0	30	7
1804	18	0	30	7
1804	19	0	30	7
1804	20	0	30	7
1804	21	0	30	7
1804	22	0	30	7
1804	23	0	30	7
1804	24	1	 	 
1804	25	0	 	 
1804	27	0	30	7
1804	28	0	88	88
1804	29	0	30	7
1804	32	0	 	 
1806	1	0	 	 
1806	2	1	 	 
1806	3	88	 	 
1806	4	0	 	 
1806	5	0	 	 
1806	6	0	 	 
1806	7	0	 	 
1806	8	0	 	 
1806	9	1	 	 
1806	10	0	15	1
1806	11	0	 	 
1806	12	1	 	 
1806	13	0	 	 
1806	14	0	 	 
1806	15	0	 	 
1806	16	0	35	13
1806	17	0	15	1
1806	18	0	35	13
1806	19	0	35	13
1806	20	0	45	13
1806	21	0	35	13
1806	22	0	35	13
1806	23	0	45	13
1806	24	1	 	 
1806	25	0	 	 
1806	27	0	45	13
1806	28	88	 	 
1806	29	0	35	13
1806	32	1	 	 
1807	1	0	 	 
1807	2	1	 	 
1807	3	0	 	 
1807	4	0	 	 
1807	5	0	 	 
1807	6	0	 	 
1807	7	0	 	 
1807	8	0	 	 
1807	9	1	 	 
1807	10	1	 	 
1807	11	1	 	 
1807	12	1	 	 
1807	13	1	 	 
1807	14	1	 	 
1807	15	1	 	 
1807	16	1	 	 
1807	17	1	 	 
1807	18	0	5	6
1807	19	1	 	 
1807	20	0	5	6
1807	21	0	5	6
1807	22	0	5	6
1807	23	0	5	6
1807	24	1	 	 
1807	25	0	 	 
1807	27	0	5	6
1807	28	88	 	 
1807	29	1	 	 
1807	32	1	 	 
1901	1	1	 	 
1901	2	1	 	 
1901	3	1	 	 
1901	4	0	 	 
1901	5	1	 	 
1901	6	1	 	 
1901	7	0	 	 
1901	8	0	 	 
1901	9	1	 	 
1901	10	1	 	 
1901	11	1	 	 
1901	12	1	 	 
1901	13	1	 	 
1901	14	1	 	 
1901	15	1	 	 
1901	16	1	 	 
1901	17	1	 	 
1901	18	0	15	6
1901	19	0	15	6
1901	20	0	15	6
1901	21	0	15	6
1901	22	1	 	 
1901	23	1	 	 
1901	24	1	 	 
1901	25	1	 	 
1901	27	0	-88	88
1901	28	88	 	 
1901	29	0	15	6
1901	32	1	 	 
1902	1	1	 	 
1902	2	1	 	 
1902	3	0	 	 
1902	4	0	 	 
1902	5	0	 	 
1902	6	1	 	 
1902	7	0	 	 
1902	8	1	 	 
1902	9	1	 	 
1902	10	1	 	 
1902	11	1	 	 
1902	12	1	 	 
1902	13	1	 	 
1902	14	1	 	 
1902	15	1	 	 
1902	16	0	8	6
1902	17	0	8	6
1902	18	0	5	6
1902	19	0	5	6
1902	20	0	5	6
1902	21	0	5	6
1902	22	0	5	6
1902	23	0	5	6
1902	24	1	 	 
1902	25	0	 	 
1902	27	0	5	6
1902	28	88	 	 
1902	29	0	5	6
1902	32	1	 	 
1903	1	0	 	 
1903	2	1	 	 
1903	3	0	 	 
1903	4	0	 	 
1903	5	0	 	 
1903	6	0	 	 
1903	7	0	 	 
1903	8	0	 	 
1903	9	1	 	 
1903	10	1	 	 
1903	11	0	 	 
1903	12	0	60	8
1903	13	0	 	 
1903	14	1	 	 
1903	15	0	 	 
1903	16	0	60	8
1903	17	0	60	8
1903	18	0	90	8
1903	19	0	90	8
1903	20	0	90	8
1903	21	0	90	8
1903	22	0	90	8
1903	23	0	90	8
1903	24	0	 	 
1903	25	0	 	 
1903	27	0	90	8
1903	28	0	-88	88
1903	29	0	90	8
1903	32	0	 	 
1904	1	1	 	 
1904	2	1	 	 
1904	3	1	 	 
1904	4	0	 	 
1904	5	0	 	 
1904	6	1	 	 
1904	7	1	 	 
1904	8	1	 	 
1904	9	1	 	 
1904	10	1	 	 
1904	11	1	 	 
1904	12	1	 	 
1904	13	1	 	 
1904	14	1	 	 
1904	15	1	 	 
1904	16	1	 	 
1904	17	1	 	 
1904	18	0	50	6
1904	19	1	 	 
1904	20	0	50	6
1904	21	0	50	6
1904	22	1	 	 
1904	23	0	50	6
1904	24	1	 	 
1904	25	1	 	 
1904	27	0	50	6
1904	28	88	 	 
1904	29	0	50	6
1904	32	1	 	 
1905	1	1	 	 
1905	2	1	 	 
1905	3	0	 	 
1905	4	0	 	 
1905	5	1	 	 
1905	6	1	 	 
1905	7	1	 	 
1905	8	0	 	 
1905	9	1	 	 
1905	10	1	 	 
1905	11	1	 	 
1905	12	1	 	 
1905	13	1	 	 
1905	14	1	 	 
1905	15	1	 	 
1905	16	0	5	6
1905	17	0	5	6
1905	18	0	10	6
1905	19	0	10	6
1905	20	0	10	6
1905	21	0	10	6
1905	22	0	5	6
1905	23	0	5	6
1905	24	1	 	 
1905	25	0	 	 
1905	27	0	10	6
1905	28	0	-88	88
1905	29	0	10	6
1905	32	1	 	 
2001	1	0	 	 
2001	2	0	 	 
2001	3	0	 	 
2001	4	0	 	 
2001	5	0	 	 
2001	6	0	 	 
2001	7	0	 	 
2001	8	0	 	 
2001	9	0	15	1
2001	10	1	 	 
2001	11	1	 	 
2001	12	1	 	 
2001	13	1	 	 
2001	14	1	 	 
2001	15	1	 	 
2001	16	0	40	7
2001	17	0	40	7
2001	18	0	40	7
2001	19	0	40	7
2001	20	0	40	7
2001	21	0	40	7
2001	22	1	 	 
2001	23	0	40	7
2001	24	1	 	 
2001	25	1	 	 
2001	27	0	-88	88
2001	28	0	-88	88
2001	29	0	40	7
2001	32	1	 	 
2002	1	1	 	 
2002	2	1	 	 
2002	3	0	 	 
2002	4	0	 	 
2002	5	0	 	 
2002	6	0	 	 
2002	7	0	 	 
2002	8	0	 	 
2002	9	0	10	7
2002	10	1	 	 
2002	11	1	 	 
2002	12	1	 	 
2002	13	1	 	 
2002	14	1	 	 
2002	15	1	 	 
2002	16	0	10	1
2002	17	88	 	 
2002	18	0	20	1
2002	19	0	40	7
2002	20	0	10	7
2002	21	0	10	7
2002	22	0	20	7
2002	23	0	30	7
2002	24	1	 	 
2002	25	0	 	 
2002	27	0	30	7
2002	28	88	 	 
2002	29	0	10	7
2002	32	1	 	 
2003	1	1	 	 
2003	2	1	 	 
2003	3	0	 	 
2003	4	0	 	 
2003	5	0	 	 
2003	6	0	 	 
2003	7	1	 	 
2003	8	0	 	 
2003	9	0	20	7
2003	10	1	 	 
2003	11	1	 	 
2003	12	1	 	 
2003	13	1	 	 
2003	14	1	 	 
2003	15	1	 	 
2003	16	0	20	7
2003	17	0	-77	88
2003	18	0	25	7
2003	19	0	25	7
2003	20	0	30	7
2003	21	0	30	7
2003	22	0	20	7
2003	23	0	35	7
2003	24	1	 	 
2003	25	0	 	 
2003	27	0	20	7
2003	28	88	 	 
2003	29	0	20	7
2003	32	1	 	 
2004	1	0	 	 
2004	2	0	 	 
2004	3	0	 	 
2004	4	0	 	 
2004	5	0	 	 
2004	6	0	 	 
2004	7	1	 	 
2004	8	1	 	 
2004	9	0	15	1
2004	10	1	 	 
2004	11	1	 	 
2004	12	1	 	 
2004	13	1	 	 
2004	14	1	 	 
2004	15	1	 	 
2004	16	0	45	7
2004	17	0	45	7
2004	18	0	45	7
2004	19	0	45	7
2004	20	0	45	7
2004	21	0	45	7
2004	22	1	 	 
2004	23	0	45	7
2004	24	1	 	 
2004	25	0	 	 
2004	27	0	45	7
2004	28	88	 	 
2004	29	0	10	1
2004	32	1	 	 
2005	1	0	 	 
2005	2	0	 	 
2005	3	0	 	 
2005	4	0	 	 
2005	5	0	 	 
2005	6	0	 	 
2005	7	0	 	 
2005	8	0	 	 
2005	9	0	10	5
2005	10	1	 	 
2005	11	1	 	 
2005	12	1	 	 
2005	13	1	 	 
2005	14	1	 	 
2005	15	1	 	 
2005	16	0	15	7
2005	17	0	-77	7
2005	18	0	20	7
2005	19	0	30	7
2005	20	0	20	7
2005	21	0	20	7
2005	22	0	30	7
2005	23	0	30	7
2005	24	1	 	 
2005	25	0	 	 
2005	27	0	20	7
2005	28	88	 	 
2005	29	0	30	7
2005	32	1	 	 
2006	1	0	 	 
2006	2	1	 	 
2006	3	0	 	 
2006	4	0	 	 
2006	5	1	 	 
2006	6	0	 	 
2006	7	1	 	 
2006	8	0	 	 
2006	9	1	 	 
2006	10	1	 	 
2006	11	1	 	 
2006	12	1	 	 
2006	13	1	 	 
2006	14	1	 	 
2006	15	1	 	 
2006	16	0	30	7
2006	17	0	30	7
2006	18	0	30	7
2006	19	0	30	7
2006	20	0	30	7
2006	21	0	30	7
2006	22	0	30	7
2006	23	0	30	7
2006	24	1	 	 
2006	25	0	 	 
2006	27	0	-88	88
2006	28	88	 	 
2006	29	0	30	7
2006	32	1	 	 
2007	1	0	 	 
2007	2	1	 	 
2007	3	0	 	 
2007	4	0	 	 
2007	5	0	 	 
2007	6	0	 	 
2007	7	1	 	 
2007	8	1	 	 
2007	9	0	10	1
2007	10	1	 	 
2007	11	1	 	 
2007	12	1	 	 
2007	13	1	 	 
2007	14	1	 	 
2007	15	1	 	 
2007	16	0	20	7
2007	17	0	20	7
2007	18	0	20	7
2007	19	0	20	7
2007	20	0	20	7
2007	21	0	20	7
2007	22	1	 	 
2007	23	0	20	7
2007	24	1	 	 
2007	25	1	 	 
2007	27	0	20	7
2007	28	88	 	 
2007	29	0	20	7
2007	32	1	 	 
2008	1	0	 	 
2008	2	1	 	 
2008	3	0	 	 
2008	4	0	 	 
2008	5	0	 	 
2008	6	0	 	 
2008	7	0	 	 
2008	8	0	 	 
2008	9	1	 	 
2008	10	0	10	1
2008	11	0	 	 
2008	12	0	10	1
2008	13	1	 	 
2008	14	0	 	 
2008	15	0	 	 
2008	16	0	30	7
2008	17	0	50	7
2008	18	0	50	7
2008	19	0	55	7
2008	20	0	55	7
2008	21	0	35	7
2008	22	0	40	7
2008	23	0	60	7
2008	24	1	 	 
2008	25	0	 	 
2008	27	0	50	7
2008	28	88	 	 
2008	29	0	35	7
2008	32	1	 	 
8002	1	1	 	 
8002	2	1	 	 
8002	3	0	 	 
8002	4	1	 	 
8002	5	1	 	 
8002	6	1	 	 
8002	7	0	 	 
8002	8	0	 	 
8002	9	1	 	 
8002	10	1	 	 
8002	11	1	 	 
8002	12	1	 	 
8002	13	1	 	 
8002	14	1	 	 
8002	15	1	 	 
8002	16	1	 	 
8002	17	1	 	 
8002	18	1	 	 
8002	19	1	 	 
8002	20	1	 	 
8002	21	1	 	 
8002	22	1	 	 
8002	23	1	 	 
8002	24	1	 	 
8002	25	0	 	 
8002	27	1	 	 
8002	28	88	 	 
8002	29	1	 	 
8002	32	1	 	 
8003	1	1	 	 
8003	2	1	 	 
8003	3	1	 	 
8003	4	1	 	 
8003	5	1	 	 
8003	6	1	 	 
8003	7	1	 	 
8003	8	1	 	 
8003	9	1	 	 
8003	10	1	 	 
8003	11	1	 	 
8003	12	1	 	 
8003	13	1	 	 
8003	14	1	 	 
8003	15	0	 	 
8003	16	1	 	 
8003	17	0	10	6
8003	18	1	 	 
8003	19	1	 	 
8003	20	1	 	 
8003	21	1	 	 
8003	22	0	25	6
8003	23	1	 	 
8003	24	1	 	 
8003	25	1	 	 
8003	27	0	30	6
8003	28	88	 	 
8003	29	1	 	 
8003	32	1	 	 
8004	1	1	 	 
8004	2	1	 	 
8004	3	1	 	 
8004	4	0	 	 
8004	5	1	 	 
8004	6	1	 	 
8004	7	1	 	 
8004	8	1	 	 
8004	9	1	 	 
8004	10	1	 	 
8004	11	1	 	 
8004	12	1	 	 
8004	13	1	 	 
8004	14	1	 	 
8004	15	1	 	 
8004	16	1	 	 
8004	17	0	20	6
8004	18	1	 	 
8004	19	1	 	 
8004	20	1	 	 
8004	21	1	 	 
8004	22	1	 	 
8004	23	1	 	 
8004	24	1	 	 
8004	25	0	 	 
8004	27	1	 	 
8004	28	88	 	 
8004	29	1	 	 
8004	32	1	 	 
8006	1	1	 	 
8006	2	1	 	 
8006	3	1	 	 
8006	4	0	 	 
8006	5	1	 	 
8006	6	0	 	 
8006	7	1	 	 
8006	8	1	 	 
8006	9	1	 	 
8006	10	1	 	 
8006	11	1	 	 
8006	12	1	 	 
8006	13	1	 	 
8006	14	1	 	 
8006	15	1	 	 
8006	16	1	 	 
8006	17	1	 	 
8006	18	1	 	 
8006	19	1	 	 
8006	20	0	5	5
8006	21	0	5	5
8006	22	0	5	5
8006	23	1	 	 
8006	24	1	 	 
8006	25	0	 	 
8006	27	1	 	 
8006	28	1	 	 
8006	29	0	5	5
8006	32	1	 	 
8007	1	1	 	 
8007	2	1	 	 
8007	3	0	 	 
8007	4	0	 	 
8007	5	1	 	 
8007	6	1	 	 
8007	7	1	 	 
8007	8	0	 	 
8007	9	1	 	 
8007	10	1	 	 
8007	11	1	 	 
8007	12	1	 	 
8007	13	1	 	 
8007	14	1	 	 
8007	15	0	 	 
8007	16	1	 	 
8007	17	0	-88	88
8007	18	1	 	 
8007	19	0	20	7
8007	20	0	20	7
8007	21	1	 	 
8007	22	0	20	7
8007	23	1	 	 
8007	24	1	 	 
8007	25	0	 	 
8007	27	0	20	7
8007	28	88	 	 
8007	29	1	 	 
8007	32	1	 	 
8008	1	1	 	 
8008	2	1	 	 
8008	3	1	 	 
8008	4	1	 	 
8008	5	1	 	 
8008	6	1	 	 
8008	7	1	 	 
8008	8	1	 	 
8008	9	1	 	 
8008	10	1	 	 
8008	11	1	 	 
8008	12	1	 	 
8008	13	1	 	 
8008	14	1	 	 
8008	15	1	 	 
8008	16	1	 	 
8008	17	1	 	 
8008	18	1	 	 
8008	19	1	 	 
8008	20	1	 	 
8008	21	1	 	 
8008	22	1	 	 
8008	23	1	 	 
8008	24	1	 	 
8008	25	0	 	 
8008	27	1	 	 
8008	28	88	 	 
8008	29	1	 	 
8008	32	1	 	 
8010	1	1	 	 
8010	2	1	 	 
8010	3	1	 	 
8010	4	0	 	 
8010	5	0	 	 
8010	6	1	 	 
8010	7	1	 	 
8010	8	1	 	 
8010	9	1	 	 
8010	10	1	 	 
8010	11	1	 	 
8010	12	1	 	 
8010	13	1	 	 
8010	14	1	 	 
8010	15	1	 	 
8010	16	1	 	 
8010	17	0	-88	88
8010	18	1	 	 
8010	19	1	 	 
8010	20	1	 	 
8010	21	1	 	 
8010	22	1	 	 
8010	23	1	 	 
8010	24	1	 	 
8010	25	0	 	 
8010	27	1	 	 
8010	28	88	 	 
8010	29	1	 	 
8010	32	1	 	 
8011	1	1	 	 
8011	2	1	 	 
8011	3	1	 	 
8011	4	0	 	 
8011	5	0	 	 
8011	6	0	 	 
8011	7	1	 	 
8011	8	1	 	 
8011	9	1	 	 
8011	10	1	 	 
8011	11	1	 	 
8011	12	1	 	 
8011	13	1	 	 
8011	14	0	 	 
8011	15	0	 	 
8011	16	0	10	7
8011	17	0	15	6
8011	18	0	15	6
8011	19	0	25	7
8011	20	1	 	 
8011	21	0	15	7
8011	22	1	 	 
8011	23	1	 	 
8011	24	1	 	 
8011	25	0	 	 
8011	27	0	25	7
8011	28	88	 	 
8011	29	1	 	 
8011	32	1	 	 
8012	1	1	 	 
8012	2	1	 	 
8012	3	0	 	 
8012	4	0	 	 
8012	5	0	 	 
8012	6	0	 	 
8012	7	1	 	 
8012	8	0	 	 
8012	9	1	 	 
8012	10	1	 	 
8012	11	1	 	 
8012	12	1	 	 
8012	13	1	 	 
8012	14	1	 	 
8012	15	1	 	 
8012	16	1	 	 
8012	17	0	30	6
8012	18	1	 	 
8012	19	1	 	 
8012	20	0	10	6
8012	21	0	10	6
8012	22	1	 	 
8012	23	1	 	 
8012	24	1	 	 
8012	25	1	 	 
8012	27	0	10	6
8012	28	88	 	 
8012	29	1	 	 
8012	32	1	 	 
8014	1	0	 	 
8014	2	1	 	 
8014	3	0	 	 
8014	4	1	 	 
8014	5	1	 	 
8014	6	1	 	 
8014	7	1	 	 
8014	8	1	 	 
8014	9	1	 	 
8014	10	1	 	 
8014	11	1	 	 
8014	12	1	 	 
8014	13	1	 	 
8014	14	1	 	 
8014	15	1	 	 
8014	16	1	 	 
8014	17	1	 	 
8014	18	1	 	 
8014	19	1	 	 
8014	20	1	 	 
8014	21	1	 	 
8014	22	1	 	 
8014	23	1	 	 
8014	24	1	 	 
8014	25	0	 	 
8014	27	1	 	 
8014	28	1	 	 
8014	29	1	 	 
8014	32	1	 	 
8015	1	0	 	 
8015	2	1	 	 
8015	3	0	 	 
8015	4	0	 	 
8015	5	0	 	 
8015	6	0	 	 
8015	7	0	 	 
8015	8	0	 	 
8015	9	1	 	 
8015	10	0	20	6
8015	11	0	 	 
8015	12	0	20	6
8015	13	1	 	 
8015	14	1	 	 
8015	15	1	 	 
8015	16	0	20	6
8015	17	0	20	6
8015	18	0	20	6
8015	19	0	20	6
8015	20	0	20	6
8015	21	0	20	6
8015	22	0	20	6
8015	23	0	20	6
8015	24	1	 	 
8015	25	0	 	 
8015	27	0	20	6
8015	28	0	-88	88
8015	29	0	20	6
8015	32	1	 	 
8016	1	1	 	 
8016	2	1	 	 
8016	3	1	 	 
8016	4	0	 	 
8016	5	1	 	 
8016	6	0	 	 
8016	7	1	 	 
8016	8	1	 	 
8016	9	1	 	 
8016	10	1	 	 
8016	11	1	 	 
8016	12	1	 	 
8016	13	1	 	 
8016	14	1	 	 
8016	15	1	 	 
8016	16	1	 	 
8016	17	0	-88	88
8016	18	1	 	 
8016	19	1	 	 
8016	20	0	10	5
8016	21	0	10	5
8016	22	1	 	 
8016	23	1	 	 
8016	24	1	 	 
8016	25	1	 	 
8016	27	0	10	5
8016	28	0	-88	88
8016	29	1	 	 
8016	32	1	 	 
8017	1	1	 	 
8017	2	1	 	 
8017	3	1	 	 
8017	4	1	 	 
8017	5	1	 	 
8017	6	1	 	 
8017	7	1	 	 
8017	8	1	 	 
8017	9	1	 	 
8017	10	1	 	 
8017	11	1	 	 
8017	12	1	 	 
8017	13	1	 	 
8017	14	1	 	 
8017	15	1	 	 
8017	16	1	 	 
8017	17	0	-77	88
8017	18	1	 	 
8017	19	1	 	 
8017	20	1	 	 
8017	21	1	 	 
8017	22	1	 	 
8017	23	1	 	 
8017	24	1	 	 
8017	25	0	 	 
8017	27	1	 	 
8017	28	1	 	 
8017	29	1	 	 
8017	32	1	 	 
8018	1	1	 	 
8018	2	1	 	 
8018	3	1	 	 
8018	4	0	 	 
8018	5	0	 	 
8018	6	0	 	 
8018	7	1	 	 
8018	8	0	 	 
8018	9	1	 	 
8018	10	1	 	 
8018	11	1	 	 
8018	12	1	 	 
8018	13	1	 	 
8018	14	1	 	 
8018	15	1	 	 
8018	16	1	 	 
8018	17	1	 	 
8018	18	0	10	6
8018	19	0	10	6
8018	20	0	10	6
8018	21	0	10	6
8018	22	1	 	 
8018	23	0	10	6
8018	24	1	 	 
8018	25	0	 	 
8018	27	0	10	6
8018	28	88	 	 
8018	29	0	10	6
8018	32	1	 	 
8019	1	1	 	 
8019	2	1	 	 
8019	3	1	 	 
8019	4	1	 	 
8019	5	1	 	 
8019	6	0	 	 
8019	7	0	 	 
8019	8	1	 	 
8019	9	1	 	 
8019	10	1	 	 
8019	11	1	 	 
8019	12	1	 	 
8019	13	1	 	 
8019	14	1	 	 
8019	15	1	 	 
8019	16	1	 	 
8019	17	88	 	 
8019	18	1	 	 
8019	19	1	 	 
8019	20	1	 	 
8019	21	1	 	 
8019	22	1	 	 
8019	23	1	 	 
8019	24	1	 	 
8019	25	0	 	 
8019	27	1	 	 
8019	28	1	 	 
8019	29	1	 	 
8019	32	1	 	 
8020	1	0	 	 
8020	2	1	 	 
8020	3	0	 	 
8020	4	0	 	 
8020	5	1	 	 
8020	6	1	 	 
8020	7	1	 	 
8020	8	0	 	 
8020	9	1	 	 
8020	10	1	 	 
8020	11	1	 	 
8020	12	1	 	 
8020	13	1	 	 
8020	14	1	 	 
8020	15	1	 	 
8020	16	1	 	 
8020	17	1	 	 
8020	18	1	 	 
8020	19	1	 	 
8020	20	0	20	6
8020	21	1	 	 
8020	22	1	 	 
8020	23	1	 	 
8020	24	1	 	 
8020	25	0	 	 
8020	27	1	 	 
8020	28	0	-88	88
8020	29	1	 	 
8020	32	1	 	 
8021	1	1	 	 
8021	2	1	 	 
8021	3	0	 	 
8021	4	0	 	 
8021	5	0	 	 
8021	6	0	 	 
8021	7	1	 	 
8021	8	1	 	 
8021	9	1	 	 
8021	10	1	 	 
8021	11	1	 	 
8021	12	1	 	 
8021	13	1	 	 
8021	14	1	 	 
8021	15	1	 	 
8021	16	1	 	 
8021	17	1	 	 
8021	18	0	10	6
8021	19	0	10	6
8021	20	0	10	6
8021	21	1	 	 
8021	22	1	 	 
8021	23	1	 	 
8021	24	1	 	 
8021	25	0	 	 
8021	27	0	10	6
8021	28	88	 	 
8021	29	0	10	6
8021	32	1	 	 
8022	1	1	 	 
8022	2	1	 	 
8022	3	1	 	 
8022	4	0	 	 
8022	5	0	 	 
8022	6	1	 	 
8022	7	1	 	 
8022	8	0	 	 
8022	9	1	 	 
8022	10	1	 	 
8022	11	1	 	 
8022	12	1	 	 
8022	13	1	 	 
8022	14	1	 	 
8022	15	1	 	 
8022	16	1	 	 
8022	17	1	 	 
8022	18	1	 	 
8022	19	1	 	 
8022	20	1	 	 
8022	21	1	 	 
8022	22	1	 	 
8022	23	1	 	 
8022	24	1	 	 
8022	25	0	 	 
8022	27	1	 	 
8022	28	88	 	 
8022	29	1	 	 
8022	32	1	 	 
8023	1	0	 	 
8023	2	1	 	 
8023	3	1	 	 
8023	4	0	 	 
8023	5	0	 	 
8023	6	0	 	 
8023	7	1	 	 
8023	8	0	 	 
8023	9	1	 	 
8023	10	1	 	 
8023	11	1	 	 
8023	12	1	 	 
8023	13	1	 	 
8023	14	1	 	 
8023	15	1	 	 
8023	16	1	 	 
8023	17	1	 	 
8023	18	0	10	6
8023	19	0	5	5
8023	20	0	5	5
8023	21	0	10	6
8023	22	1	 	 
8023	23	1	 	 
8023	24	1	 	 
8023	25	0	 	 
8023	27	0	10	6
8023	28	88	 	 
8023	29	1	 	 
8023	32	1	 	 
8024	1	1	 	 
8024	2	1	 	 
8024	3	0	 	 
8024	4	0	 	 
8024	5	0	 	 
8024	6	1	 	 
8024	7	1	 	 
8024	8	0	 	 
8024	9	1	 	 
8024	10	1	 	 
8024	11	0	 	 
8024	12	1	 	 
8024	13	1	 	 
8024	14	1	 	 
8024	15	1	 	 
8024	16	0	15	5
8024	17	1	 	 
8024	18	0	15	5
8024	19	0	15	5
8024	20	0	15	5
8024	21	0	60	6
8024	22	0	15	5
8024	23	1	 	 
8024	24	1	 	 
8024	25	0	 	 
8024	27	0	15	5
8024	28	88	 	 
8024	29	0	15	5
8024	32	1	 	 
8025	1	1	 	 
8025	2	1	 	 
8025	3	1	 	 
8025	4	0	 	 
8025	5	1	 	 
8025	6	1	 	 
8025	7	1	 	 
8025	8	0	 	 
8025	9	1	 	 
8025	10	1	 	 
8025	11	1	 	 
8025	12	1	 	 
8025	13	1	 	 
8025	14	1	 	 
8025	15	1	 	 
8025	16	1	 	 
8025	17	0	10	5
8025	18	1	 	 
8025	19	1	 	 
8025	20	0	5	5
8025	21	0	5	5
8025	22	1	 	 
8025	23	1	 	 
8025	24	1	 	 
8025	25	0	 	 
8025	27	0	5	5
8025	28	88	 	 
8025	29	1	 	 
8025	32	1	 	 
8026	1	1	 	 
8026	2	1	 	 
8026	3	1	 	 
8026	4	1	 	 
8026	5	1	 	 
8026	6	1	 	 
8026	7	1	 	 
8026	8	1	 	 
8026	9	1	 	 
8026	10	1	 	 
8026	11	1	 	 
8026	12	1	 	 
8026	13	1	 	 
8026	14	1	 	 
8026	15	1	 	 
8026	16	1	 	 
8026	17	0	-88	88
8026	18	1	 	 
8026	19	1	 	 
8026	20	1	 	 
8026	21	1	 	 
8026	22	1	 	 
8026	23	1	 	 
8026	24	1	 	 
8026	25	0	 	 
8026	27	1	 	 
8026	28	0	-88	88
8026	29	1	 	 
8026	32	1	 	 
8027	1	1	 	 
8027	2	1	 	 
8027	3	1	 	 
8027	4	0	 	 
8027	5	1	 	 
8027	6	1	 	 
8027	7	1	 	 
8027	8	1	 	 
8027	9	1	 	 
8027	10	1	 	 
8027	11	1	 	 
8027	12	1	 	 
8027	13	1	 	 
8027	14	1	 	 
8027	15	1	 	 
8027	16	1	 	 
8027	17	1	 	 
8027	18	1	 	 
8027	19	1	 	 
8027	20	1	 	 
8027	21	1	 	 
8027	22	1	 	 
8027	23	1	 	 
8027	24	1	 	 
8027	25	0	 	 
8027	27	1	 	 
8027	28	88	 	 
8027	29	1	 	 
8027	32	1	 	 
8028	1	1	 	 
8028	2	1	 	 
8028	3	1	 	 
8028	4	1	 	 
8028	5	1	 	 
8028	6	0	 	 
8028	7	1	 	 
8028	8	1	 	 
8028	9	1	 	 
8028	10	1	 	 
8028	11	1	 	 
8028	12	1	 	 
8028	13	1	 	 
8028	14	1	 	 
8028	15	1	 	 
8028	16	1	 	 
8028	17	0	-77	88
8028	18	1	 	 
8028	19	1	 	 
8028	20	1	 	 
8028	21	1	 	 
8028	22	1	 	 
8028	23	1	 	 
8028	24	1	 	 
8028	25	0	 	 
8028	27	1	 	 
8028	28	88	 	 
8028	29	1	 	 
8028	32	1	 	 
