PLACEID	HLTHIDR4	HLTHCURR	HLTHTIM	HLTHTRN
101	1	1	 	 
101	2	1	 	 
101	3	1	 	 
101	4	1	 	 
101	5	1	 	 
101	6	1	 	 
101	7	1	 	 
101	8	1	 	 
101	9	1	 	 
101	10	1	 	 
101	11	0	360	8
101	12	88	 	 
102	1	0	8	6
102	2	0	5	6
102	3	1	 	 
102	4	1	 	 
102	5	0	30	6
102	6	0	8	6
102	7	0	20	6
102	8	1	 	 
102	9	0	8	6
102	10	1	 	 
102	11	0	8	6
102	12	88	 	 
201	1	0	50	6
201	2	0	50	6
201	3	0	50	6
201	4	0	45	6
201	5	0	45	6
201	6	0	50	6
201	7	1	 	 
201	8	0	50	6
201	9	0	50	6
201	10	1	 	 
201	11	0	50	6
201	12	88	 	 
202	1	0	30	6
202	2	0	30	6
202	3	0	30	6
202	4	0	20	6
202	5	0	30	6
202	6	0	30	6
202	7	1	 	 
202	8	0	30	6
202	9	0	30	6
202	10	0	30	6
202	11	0	30	6
202	12	0	20	6
203	1	0	20	6
203	2	0	20	6
203	3	0	20	6
203	4	0	10	6
203	5	0	8	6
203	6	0	20	6
203	7	1	 	 
203	8	0	20	6
203	9	0	20	6
203	10	1	 	 
203	11	0	20	6
203	12	88	 	 
204	1	0	20	6
204	2	0	20	6
204	3	0	20	6
204	4	0	5	6
204	5	0	20	6
204	6	0	5	6
204	7	1	 	 
204	8	0	20	6
204	9	0	20	6
204	10	1	 	 
204	11	0	20	6
204	12	88	 	 
205	1	0	10	6
205	2	0	10	6
205	3	0	10	6
205	4	0	5	6
205	5	0	10	6
205	6	0	10	6
205	7	1	 	 
205	8	0	10	6
205	9	0	10	6
205	10	1	 	 
205	11	0	10	6
205	12	88	 	 
301	1	0	300	8
301	2	0	360	8
301	3	0	360	8
301	4	0	60	8
301	5	0	240	8
301	6	0	300	8
301	7	0	20	1
301	8	0	300	8
301	9	0	300	8
301	10	0	20	1
301	11	0	360	8
301	12	88	 	 
304	1	0	180	6
304	2	0	180	6
304	3	0	180	6
304	4	1	 	 
304	5	0	90	6
304	6	0	180	6
304	7	0	120	1
304	8	0	180	6
304	9	0	180	6
304	10	0	120	6
304	11	0	180	6
304	12	88	 	 
305	1	0	360	8
305	2	0	360	8
305	3	0	360	8
305	4	0	120	1
305	5	0	360	8
305	6	0	360	8
305	7	0	60	1
305	8	0	360	8
305	9	0	360	8
305	10	0	60	1
305	11	0	360	8
305	12	88	 	 
306	1	0	210	8
306	2	0	300	8
306	3	0	300	8
306	4	0	90	1
306	5	0	180	8
306	6	0	300	8
306	7	0	60	1
306	8	0	180	8
306	9	0	300	8
306	10	0	90	1
306	11	0	90	1
306	12	88	 	 
307	1	0	240	8
307	2	0	300	8
307	3	0	300	8
307	4	0	30	1
307	5	0	180	8
307	6	0	300	8
307	7	0	60	1
307	8	0	300	8
307	9	0	300	8
307	10	0	30	1
307	11	0	300	8
307	12	88	 	 
308	1	0	210	8
308	2	0	300	8
308	3	0	300	8
308	4	1	 	 
308	5	0	180	8
308	6	0	300	8
308	7	0	60	1
308	8	0	180	8
308	9	0	300	8
308	10	1	 	 
308	11	0	300	8
308	12	88	 	 
309	1	0	150	6
309	2	0	120	6
309	3	0	150	6
309	4	0	120	6
309	5	0	120	6
309	6	0	120	6
309	7	0	30	4
309	8	0	120	6
309	9	0	120	6
309	10	0	120	6
309	11	0	240	6
309	12	88	 	 
310	1	0	300	8
310	2	0	300	8
310	3	0	300	8
310	4	0	60	1
310	5	0	300	8
310	6	0	300	8
310	7	1	 	 
310	8	0	300	8
310	9	0	300	8
310	10	1	 	 
310	11	0	300	8
310	12	88	 	 
311	1	0	300	8
311	2	0	360	8
311	3	0	360	8
311	4	0	60	8
311	5	0	240	8
311	6	0	300	8
311	7	1	 	 
311	8	0	300	8
311	9	0	300	8
311	10	1	 	 
311	11	0	360	8
311	12	88	 	 
312	1	0	210	8
312	2	0	300	8
312	3	0	300	8
312	4	1	 	 
312	5	0	180	8
312	6	0	300	8
312	7	0	60	1
312	8	0	180	8
312	9	0	300	8
312	10	1	 	 
312	11	0	300	8
312	12	88	 	 
313	1	0	210	8
313	2	0	300	8
313	3	0	300	8
313	4	1	 	 
313	5	0	180	8
313	6	0	300	8
313	7	0	60	1
313	8	0	180	8
313	9	0	300	8
313	10	1	 	 
313	11	0	300	8
313	12	88	 	 
314	1	0	210	8
314	2	0	300	8
314	3	0	300	8
314	4	1	 	 
314	5	0	180	8
314	6	0	300	8
314	7	0	60	1
314	8	0	180	8
314	9	0	300	8
314	10	1	 	 
314	11	0	300	8
314	12	88	 	 
401	1	0	120	7
401	2	0	120	7
401	3	0	120	7
401	4	0	15	7
401	5	0	120	7
401	6	0	120	7
401	7	0	15	7
401	8	0	120	7
401	9	0	120	7
401	10	1	 	 
401	11	0	120	7
401	12	88	 	 
402	1	0	90	7
402	2	0	90	7
402	3	0	90	7
402	4	1	 	 
402	5	0	90	7
402	6	0	90	7
402	7	0	20	7
402	8	0	90	7
402	9	0	90	7
402	10	1	 	 
402	11	3	 	 
402	12	88	 	 
403	1	0	120	7
403	2	0	120	7
403	3	0	120	7
403	4	1	 	 
403	5	0	120	7
403	6	0	120	7
403	7	0	60	7
403	8	0	120	7
403	9	0	120	7
403	10	1	 	 
403	11	0	120	7
403	12	88	 	 
404	1	0	150	7
404	2	0	150	7
404	3	0	150	7
404	4	0	60	7
404	5	0	150	7
404	6	0	150	7
404	7	1	 	 
404	8	0	150	7
404	9	0	150	7
404	10	1	 	 
404	11	3	 	 
404	12	88	 	 
405	1	0	150	7
405	2	0	150	7
405	3	0	150	7
405	4	0	90	1
405	5	0	150	7
405	6	0	150	7
405	7	1	 	 
405	8	0	150	7
405	9	0	150	8
405	10	1	 	 
405	11	0	150	7
405	12	88	 	 
406	1	0	120	7
406	2	0	120	7
406	3	0	120	7
406	4	0	20	7
406	5	0	120	7
406	6	0	120	7
406	7	1	 	 
406	8	0	120	7
406	9	0	120	7
406	10	1	 	 
406	11	0	120	7
406	12	88	 	 
408	1	0	120	7
408	2	0	120	7
408	3	0	120	7
408	4	0	40	1
408	5	0	120	7
408	6	0	120	7
408	7	1	 	 
408	8	0	120	7
408	9	0	120	7
408	10	1	 	 
408	11	0	120	7
408	12	88	 	 
501	1	0	90	6
501	2	0	90	6
501	3	0	90	6
501	4	0	20	6
501	5	0	60	6
501	6	0	90	6
501	7	1	 	 
501	8	0	20	6
501	9	0	90	6
501	10	1	 	 
501	11	0	90	6
501	12	88	 	 
503	1	0	60	6
503	2	0	90	6
503	3	0	60	6
503	4	0	15	6
503	5	0	90	6
503	6	0	15	6
503	7	1	 	 
503	8	0	15	6
503	9	0	60	6
503	10	1	 	 
503	11	0	90	6
503	12	88	 	 
504	1	0	90	6
504	2	0	90	6
504	3	0	90	6
504	4	0	15	5
504	5	0	45	6
504	6	0	90	6
504	7	1	 	 
504	8	0	15	5
504	9	0	45	6
504	10	1	 	 
504	11	1	 	 
504	12	88	 	 
505	1	0	60	6
505	2	0	90	6
505	3	0	60	6
505	4	1	 	 
505	5	0	30	6
505	6	0	60	6
505	7	0	10	5
505	8	0	60	5
505	9	0	60	5
505	10	1	 	 
505	11	0	180	6
505	12	88	 	 
507	1	0	25	6
507	2	0	25	6
507	3	0	25	6
507	4	0	10	3
507	5	0	25	6
507	6	0	25	6
507	7	0	5	3
507	8	0	25	6
507	9	0	25	6
507	10	0	5	5
507	11	0	25	6
507	12	88	 	 
508	1	0	20	5
508	2	0	30	6
508	3	0	20	6
508	4	0	10	5
508	5	0	20	6
508	6	0	20	5
508	7	0	15	5
508	8	0	20	5
508	9	0	30	6
508	10	0	15	5
508	11	0	30	6
508	12	88	 	 
509	1	0	20	6
509	2	0	25	6
509	3	0	20	6
509	4	1	 	 
509	5	0	20	6
509	6	0	20	6
509	7	0	20	6
509	8	1	20	6
509	9	0	25	6
509	10	1	 	 
509	11	0	25	6
509	12	88	 	 
510	1	0	20	6
510	2	0	25	6
510	3	0	20	6
510	4	1	 	 
510	5	0	20	6
510	6	0	20	6
510	7	0	15	5
510	8	1	 	 
510	9	0	25	6
510	10	1	 	 
510	11	0	25	6
510	12	88	 	 
511	1	0	60	6
511	2	0	90	6
511	3	0	90	6
511	4	0	10	6
511	5	0	90	6
511	6	0	60	6
511	7	0	5	6
511	8	0	10	6
511	9	0	90	6
511	10	0	5	6
511	11	0	60	6
511	12	88	 	 
512	1	0	60	6
512	2	0	90	6
512	3	0	60	6
512	4	1	 	 
512	5	0	30	6
512	6	0	60	6
512	7	0	10	5
512	8	0	60	5
512	9	0	60	5
512	10	1	 	 
512	11	0	180	6
512	12	88	 	 
601	1	0	5	5
601	2	0	15	5
601	3	0	5	5
601	4	1	 	 
601	5	0	10	5
601	6	0	5	5
601	7	0	3	5
601	8	0	5	5
601	9	0	5	5
601	10	1	 	 
601	11	0	5	5
601	12	88	 	 
602	1	1	 	 
602	2	1	 	 
602	3	1	 	 
602	4	1	 	 
602	5	1	 	 
602	6	1	 	 
602	7	0	10	5
602	8	1	 	 
602	9	1	 	 
602	10	1	 	 
602	11	1	 	 
602	12	88	 	 
701	1	0	30	7
701	2	0	15	7
701	3	0	15	7
701	4	0	10	7
701	5	0	40	7
701	6	0	15	7
701	7	1	 	 
701	8	1	 	 
701	9	0	15	7
701	10	1	 	 
701	11	0	-77	88
701	12	88	 	 
702	1	0	30	7
702	2	0	15	7
702	3	0	15	7
702	4	1	 	 
702	5	0	40	7
702	6	0	15	7
702	7	0	20	7
702	8	1	 	 
702	9	0	15	7
702	10	1	 	 
702	11	0	-77	88
702	12	88	 	 
703	1	0	30	7
703	2	0	15	7
703	3	0	15	7
703	4	1	 	 
703	5	0	40	7
703	6	0	15	7
703	7	0	20	7
703	8	1	 	 
703	9	0	15	7
703	10	0	5	1
703	11	0	-77	88
703	12	88	 	 
704	1	0	15	7
704	2	0	20	7
704	3	0	15	7
704	4	0	10	7
704	5	0	20	7
704	6	0	10	7
704	7	0	10	5
704	8	0	15	7
704	9	0	15	7
704	10	1	 	 
704	11	0	-77	88
704	12	88	 	 
801	1	1	 	 
801	2	0	30	7
801	3	0	30	7
801	4	0	5	5
801	5	0	5	5
801	6	1	 	 
801	7	3	 	 
801	8	1	 	 
801	9	0	5	5
801	10	1	 	 
801	11	0	30	7
801	12	88	 	 
802	1	1	 	 
802	2	0	30	7
802	3	0	20	5
802	4	0	20	5
802	5	1	 	 
802	6	1	 	 
802	7	1	 	 
802	8	1	 	 
802	9	1	 	 
802	10	1	 	 
802	11	0	30	7
802	12	88	 	 
901	1	0	90	7
901	2	0	120	7
901	3	0	120	7
901	4	1	 	 
901	5	0	90	7
901	6	0	90	7
901	7	3	 	 
901	8	0	90	7
901	9	0	90	7
901	10	0	20	1
901	11	3	 	 
901	12	1	 	 
902	1	0	90	7
902	2	0	180	7
902	3	0	180	7
902	4	0	30	7
902	5	3	 	 
902	6	0	90	7
902	7	3	 	 
902	8	0	90	7
902	9	0	90	7
902	10	0	30	7
902	11	3	 	 
902	12	1	 	 
903	1	0	60	6
903	2	0	60	6
903	3	0	150	6
903	4	0	30	6
903	5	0	60	6
903	6	0	60	6
903	7	1	 	 
903	8	0	60	6
903	9	0	60	6
903	10	0	60	6
903	11	0	60	6
903	12	88	 	 
904	1	0	25	6
904	2	0	120	6
904	3	0	120	6
904	4	1	 	 
904	5	0	25	6
904	6	0	25	6
904	7	3	 	 
904	8	0	25	6
904	9	0	25	6
904	10	0	25	6
904	11	3	 	 
904	12	1	 	 
905	1	0	60	7
905	2	0	130	7
905	3	0	130	7
905	4	0	40	7
905	5	0	60	7
905	6	0	60	7
905	7	3	 	 
905	8	0	60	7
905	9	0	60	7
905	10	0	60	7
905	11	3	 	 
905	12	0	-88	88
906	1	0	90	7
906	2	0	100	7
906	3	0	100	7
906	4	0	70	7
906	5	0	90	7
906	6	0	90	7
906	7	3	 	 
906	8	0	90	7
906	9	0	90	7
906	10	0	90	7
906	11	3	 	 
906	12	1	 	 
907	1	0	90	7
907	2	0	180	7
907	3	0	180	7
907	4	0	120	7
907	5	0	90	7
907	6	0	90	7
907	7	3	 	 
907	8	0	90	7
907	9	0	90	7
907	10	0	90	7
907	11	3	 	 
907	12	0	35	1
908	1	0	25	6
908	2	0	100	6
908	3	0	100	6
908	4	0	20	1
908	5	0	25	6
908	6	0	25	6
908	7	3	 	 
908	8	0	25	6
908	9	0	25	6
908	10	0	25	6
908	11	3	 	 
908	12	1	 	 
909	1	0	15	6
909	2	0	80	6
909	3	0	80	6
909	4	0	15	6
909	5	0	15	6
909	6	0	15	6
909	7	3	 	 
909	8	0	15	6
909	9	0	15	6
909	10	0	15	6
909	11	3	 	 
909	12	0	10	6
910	1	0	90	7
910	2	0	180	7
910	3	0	180	7
910	4	0	120	7
910	5	0	90	7
910	6	0	90	7
910	7	3	 	 
910	8	0	90	7
910	9	0	90	7
910	10	0	90	7
910	11	3	 	 
910	12	1	 	 
911	1	0	60	6
911	2	0	150	6
911	3	0	150	6
911	4	0	60	1
911	5	0	60	6
911	6	0	60	6
911	7	3	 	 
911	8	0	60	6
911	9	0	60	6
911	10	0	60	6
911	11	0	150	6
911	12	1	 	 
912	1	0	60	7
912	2	0	120	7
912	3	0	120	7
912	4	0	50	1
912	5	0	60	7
912	6	0	120	7
912	7	3	 	 
912	8	0	60	7
912	9	0	60	7
912	10	0	60	7
912	11	0	120	7
912	12	0	20	1
1001	1	0	10	7
1001	2	0	25	8
1001	3	1	 	 
1001	4	1	 	 
1001	5	0	50	7
1001	6	1	 	 
1001	7	3	 	 
1001	8	1	 	 
1001	9	1	 	 
1001	10	1	 	 
1001	11	1	 	 
1001	12	88	 	 
1003	1	0	10	1
1003	2	0	30	7
1003	3	0	20	1
1003	4	0	20	7
1003	5	0	50	7
1003	6	0	15	7
1003	7	3	 	 
1003	8	0	10	1
1003	9	0	25	1
1003	10	1	 	 
1003	11	0	15	7
1003	12	88	 	 
1004	1	0	10	1
1004	2	0	25	7
1004	3	0	15	7
1004	4	0	20	7
1004	5	0	50	7
1004	6	0	20	7
1004	7	3	 	 
1004	8	0	10	1
1004	9	0	15	7
1004	10	1	 	 
1004	11	0	15	7
1004	12	88	 	 
1005	1	0	10	1
1005	2	0	30	7
1005	3	0	15	7
1005	4	0	15	7
1005	5	0	50	7
1005	6	0	15	7
1005	7	3	 	 
1005	8	0	10	1
1005	9	0	15	7
1005	10	1	 	 
1005	11	0	15	7
1005	12	88	 	 
1006	1	0	15	7
1006	2	0	25	7
1006	3	0	15	7
1006	4	0	20	7
1006	5	0	50	7
1006	6	0	15	7
1006	7	3	 	 
1006	8	0	15	7
1006	9	0	15	7
1006	10	0	10	7
1006	11	0	15	7
1006	12	88	 	 
1101	1	0	300	7
1101	2	0	300	7
1101	3	0	300	7
1101	4	0	45	7
1101	5	0	90	7
1101	6	0	300	7
1101	7	3	 	 
1101	8	0	90	7
1101	9	3	 	 
1101	10	0	90	7
1101	11	3	 	 
1101	12	1	 	 
1102	1	0	240	6
1102	2	0	240	6
1102	3	0	240	6
1102	4	0	120	7
1102	5	0	120	7
1102	6	0	240	6
1102	7	3	 	 
1102	8	0	240	6
1102	9	0	240	6
1102	10	0	120	6
1102	11	3	 	 
1102	12	1	 	 
1103	1	0	390	7
1103	2	0	390	7
1103	3	0	390	7
1103	4	0	150	7
1103	5	0	180	7
1103	6	0	390	7
1103	7	3	 	 
1103	8	0	180	7
1103	9	0	390	7
1103	10	0	180	7
1103	11	3	 	 
1103	12	1	 	 
1104	1	0	240	6
1104	2	0	240	6
1104	3	0	240	6
1104	4	0	120	7
1104	5	0	120	7
1104	6	0	120	7
1104	7	3	 	 
1104	8	0	240	6
1104	9	0	240	6
1104	10	0	120	7
1104	11	3	 	 
1104	12	1	 	 
1105	1	0	210	6
1105	2	0	210	6
1105	3	0	210	6
1105	4	1	 	 
1105	5	0	90	6
1105	6	0	210	6
1105	7	3	 	 
1105	8	0	90	6
1105	9	0	210	6
1105	10	0	90	6
1105	11	3	 	 
1105	12	0	-88	88
1106	1	0	360	6
1106	2	0	360	6
1106	3	0	360	6
1106	4	0	240	7
1106	5	0	240	7
1106	6	0	360	6
1106	7	3	 	 
1106	8	0	360	7
1106	9	0	360	7
1106	10	0	240	6
1106	11	3	 	 
1106	12	1	 	 
1107	1	0	180	6
1107	2	0	180	6
1107	3	0	180	6
1107	4	0	45	6
1107	5	0	45	6
1107	6	0	180	6
1107	7	3	 	 
1107	8	0	45	6
1107	9	0	180	6
1107	10	0	45	6
1107	11	3	 	 
1107	12	0	-88	88
1108	1	0	225	6
1108	2	0	225	6
1108	3	0	225	6
1108	4	0	90	6
1108	5	0	90	6
1108	6	0	225	6
1108	7	3	 	 
1108	8	0	90	6
1108	9	0	225	6
1108	10	0	90	6
1108	11	3	 	 
1108	12	0	-88	88
1202	1	0	10	7
1202	2	0	10	7
1202	3	0	8	7
1202	4	1	 	 
1202	5	0	15	7
1202	6	0	10	7
1202	7	0	10	7
1202	8	0	15	1
1202	9	0	15	7
1202	10	1	 	 
1202	11	0	15	7
1202	12	88	 	 
1203	1	1	 	 
1203	2	0	10	7
1203	3	1	 	 
1203	4	1	 	 
1203	5	0	10	7
1203	6	1	 	 
1203	7	1	 	 
1203	8	1	 	 
1203	9	1	 	 
1203	10	1	 	 
1203	11	1	 	 
1203	12	88	 	 
1302	1	1	 	 
1302	2	0	40	7
1302	3	1	 	 
1302	4	0	10	7
1302	5	1	 	 
1302	6	1	 	 
1302	7	0	20	7
1302	8	1	 	 
1302	9	1	 	 
1302	10	1	 	 
1302	11	1	 	 
1302	12	1	 	 
1303	1	0	10	7
1303	2	0	50	7
1303	3	0	10	7
1303	4	1	 	 
1303	5	0	10	7
1303	6	0	10	7
1303	7	1	 	 
1303	8	0	10	7
1303	9	0	10	7
1303	10	1	 	 
1303	11	0	10	7
1303	12	1	 	 
1304	1	1	 	 
1304	2	1	 	 
1304	3	1	 	 
1304	4	1	 	 
1304	5	1	 	 
1304	6	1	 	 
1304	7	1	 	 
1304	8	1	 	 
1304	9	1	 	 
1304	10	1	 	 
1304	11	1	 	 
1304	12	88	 	 
1402	1	0	10	5
1402	2	0	20	5
1402	3	0	20	5
1402	4	0	15	1
1402	5	0	10	5
1402	6	1	 	 
1402	7	1	 	 
1402	8	1	 	 
1402	9	0	10	5
1402	10	0	10	5
1402	11	0	10	5
1402	12	88	 	 
1403	1	0	15	7
1403	2	0	30	7
1403	3	1	 	 
1403	4	0	20	7
1403	5	1	 	 
1403	6	1	 	 
1403	7	1	 	 
1403	8	1	 	 
1403	9	1	 	 
1403	10	1	 	 
1403	11	3	 	 
1403	12	1	 	 
1404	1	0	15	7
1404	2	0	30	7
1404	3	0	10	5
1404	4	0	30	7
1404	5	0	10	5
1404	6	0	5	5
1404	7	0	5	5
1404	8	0	5	5
1404	9	0	5	5
1404	10	0	5	5
1404	11	3	 	 
1404	12	0	10	5
1501	1	0	30	7
1501	2	3	 	 
1501	3	3	 	 
1501	4	0	10	1
1501	5	0	45	6
1501	6	0	30	7
1501	7	3	 	 
1501	8	0	30	7
1501	9	0	30	7
1501	10	1	 	 
1501	11	3	 	 
1501	12	1	 	 
1502	1	0	15	5
1502	2	3	 	 
1502	3	3	 	 
1502	4	0	20	5
1502	5	0	60	6
1502	6	0	15	5
1502	7	3	 	 
1502	8	0	15	5
1502	9	0	15	5
1502	10	0	15	5
1502	11	3	 	 
1502	12	1	 	 
1503	1	0	10	5
1503	2	3	 	 
1503	3	3	 	 
1503	4	0	10	5
1503	5	0	80	6
1503	6	0	10	5
1503	7	3	 	 
1503	8	0	10	5
1503	9	0	10	5
1503	10	0	10	5
1503	11	3	 	 
1503	12	88	 	 
1504	1	0	20	6
1504	2	3	 	 
1504	3	3	 	 
1504	4	0	15	6
1504	5	0	80	6
1504	6	0	20	6
1504	7	3	 	 
1504	8	0	20	6
1504	9	0	20	6
1504	10	1	 	 
1504	11	3	 	 
1504	12	1	 	 
1505	1	0	20	6
1505	2	3	 	 
1505	3	3	 	 
1505	4	0	15	6
1505	5	0	80	6
1505	6	0	20	6
1505	7	3	 	 
1505	8	0	20	6
1505	9	0	20	6
1505	10	0	5	1
1505	11	3	 	 
1505	12	1	 	 
1506	1	0	15	1
1506	2	3	 	 
1506	3	3	 	 
1506	4	1	 	 
1506	5	0	90	7
1506	6	3	 	 
1506	7	3	 	 
1506	8	0	15	1
1506	9	0	15	1
1506	10	1	 	 
1506	11	3	 	 
1506	12	88	 	 
1507	1	0	30	5
1507	2	3	 	 
1507	3	3	 	 
1507	4	0	35	5
1507	5	3	 	 
1507	6	0	30	5
1507	7	3	 	 
1507	8	0	30	5
1507	9	0	30	5
1507	10	0	30	5
1507	11	3	 	 
1507	12	0	-88	88
1508	1	0	15	5
1508	2	3	 	 
1508	3	3	 	 
1508	4	0	15	5
1508	5	0	90	6
1508	6	3	 	 
1508	7	3	 	 
1508	8	0	15	5
1508	9	0	15	5
1508	10	0	15	5
1508	11	3	 	 
1508	12	88	 	 
1509	1	1	 	 
1509	2	3	 	 
1509	3	3	 	 
1509	4	0	15	1
1509	5	0	75	6
1509	6	1	 	 
1509	7	3	 	 
1509	8	1	 	 
1509	9	1	 	 
1509	10	1	 	 
1509	11	3	 	 
1509	12	88	 	 
1601	1	0	120	7
1601	2	0	120	7
1601	3	0	120	7
1601	4	0	120	7
1601	5	0	120	7
1601	6	0	120	7
1601	7	0	10	7
1601	8	0	120	7
1601	9	0	120	7
1601	10	0	120	7
1601	11	0	120	7
1601	12	88	 	 
1602	1	0	80	7
1602	2	0	80	7
1602	3	0	80	7
1602	4	1	 	 
1602	5	0	80	7
1602	6	0	80	7
1602	7	0	80	7
1602	8	0	80	7
1602	9	0	80	7
1602	10	1	 	 
1602	11	0	80	7
1602	12	3	 	 
1603	1	0	90	7
1603	2	0	90	7
1603	3	0	90	7
1603	4	0	90	7
1603	5	0	90	7
1603	6	0	90	7
1603	7	1	 	 
1603	8	0	90	7
1603	9	0	90	7
1603	10	1	 	 
1603	11	0	90	7
1603	12	0	-88	88
1604	1	0	60	7
1604	2	0	60	7
1604	3	0	60	7
1604	4	0	60	7
1604	5	0	60	7
1604	6	0	60	7
1604	7	0	60	7
1604	8	0	60	7
1604	9	0	60	7
1604	10	1	 	 
1604	11	0	60	7
1604	12	1	 	 
1605	1	0	150	7
1605	2	0	150	7
1605	3	0	150	7
1605	4	0	150	7
1605	5	0	150	7
1605	6	0	150	7
1605	7	1	 	 
1605	8	0	150	7
1605	9	0	150	7
1605	10	1	 	 
1605	11	0	150	7
1605	12	88	 	 
1606	1	0	50	7
1606	2	0	50	7
1606	3	0	50	7
1606	4	0	50	7
1606	5	0	50	7
1606	6	0	50	7
1606	7	1	 	 
1606	8	0	50	7
1606	9	0	50	7
1606	10	1	 	 
1606	11	0	50	7
1606	12	88	 	 
1607	1	0	30	7
1607	2	0	30	7
1607	3	0	30	7
1607	4	0	30	7
1607	5	0	30	7
1607	6	0	30	7
1607	7	0	30	7
1607	8	0	30	7
1607	9	0	30	7
1607	10	0	30	7
1607	11	0	30	7
1607	12	88	 	 
1608	1	0	40	7
1608	2	0	40	7
1608	3	0	40	7
1608	4	0	40	7
1608	5	0	40	7
1608	6	0	40	7
1608	7	0	5	7
1608	8	0	40	7
1608	9	0	40	7
1608	10	0	40	7
1608	11	0	40	7
1608	12	88	 	 
1701	1	0	40	6
1701	2	3	 	 
1701	3	0	40	6
1701	4	0	20	6
1701	5	0	40	6
1701	6	3	 	 
1701	7	1	 	 
1701	8	0	40	6
1701	9	3	 	 
1701	10	1	 	 
1701	11	3	 	 
1701	12	3	 	 
1702	1	0	30	6
1702	2	0	30	6
1702	3	0	30	6
1702	4	1	 	 
1702	5	0	30	6
1702	6	0	30	6
1702	7	0	30	6
1702	8	0	30	6
1702	9	3	 	 
1702	10	1	 	 
1702	11	3	 	 
1702	12	3	 	 
1703	1	0	60	7
1703	2	3	 	 
1703	3	0	30	7
1703	4	0	30	7
1703	5	0	60	7
1703	6	3	 	 
1703	7	1	 	 
1703	8	0	60	7
1703	9	3	 	 
1703	10	1	 	 
1703	11	3	 	 
1703	12	3	 	 
1704	1	0	60	88
1704	2	3	 	 
1704	3	3	 	 
1704	4	0	60	7
1704	5	0	60	7
1704	6	3	 	 
1704	7	1	 	 
1704	8	0	60	7
1704	9	3	 	 
1704	10	0	60	7
1704	11	3	 	 
1704	12	3	 	 
1705	1	3	 	 
1705	2	3	 	 
1705	3	3	 	 
1705	4	0	90	1
1705	5	0	180	7
1705	6	3	 	 
1705	7	3	 	 
1705	8	0	180	7
1705	9	3	 	 
1705	10	0	90	1
1705	11	3	 	 
1705	12	3	 	 
1706	1	0	60	7
1706	2	3	 	 
1706	3	3	 	 
1706	4	0	15	7
1706	5	0	60	7
1706	6	3	 	 
1706	7	0	30	7
1706	8	0	60	7
1706	9	3	 	 
1706	10	0	15	7
1706	11	3	 	 
1706	12	3	 	 
1708	1	3	 	 
1708	2	3	 	 
1708	3	3	 	 
1708	4	0	45	1
1708	5	0	150	7
1708	6	3	 	 
1708	7	3	 	 
1708	8	0	150	7
1708	9	3	 	 
1708	10	0	45	1
1708	11	3	 	 
1708	12	88	 	 
1709	1	3	 	 
1709	2	3	 	 
1709	3	3	 	 
1709	4	1	 	 
1709	5	3	 	 
1709	6	3	 	 
1709	7	3	 	 
1709	8	3	 	 
1709	9	3	 	 
1709	10	1	 	 
1709	11	3	 	 
1709	12	3	 	 
1710	1	1	 	 
1710	2	3	 	 
1710	3	1	 	 
1710	4	1	 	 
1710	5	1	 	 
1710	6	3	 	 
1710	7	0	60	7
1710	8	1	 	 
1710	9	3	 	 
1710	10	1	 	 
1710	11	3	 	 
1710	12	88	 	 
1711	1	0	60	7
1711	2	3	 	 
1711	3	3	 	 
1711	4	0	30	7
1711	5	0	60	7
1711	6	3	 	 
1711	7	1	 	 
1711	8	0	60	7
1711	9	3	 	 
1711	10	1	 	 
1711	11	3	 	 
1711	12	3	 	 
1801	1	0	90	13
1801	2	0	100	13
1801	3	0	90	13
1801	4	0	90	13
1801	5	3	 	 
1801	6	3	 	 
1801	7	0	60	1
1801	8	0	90	13
1801	9	3	 	 
1801	10	0	90	13
1801	11	3	 	 
1801	12	3	 	 
1802	1	0	30	7
1802	2	0	40	7
1802	3	0	30	7
1802	4	0	30	7
1802	5	3	 	 
1802	6	3	 	 
1802	7	1	 	 
1802	8	0	30	7
1802	9	3	 	 
1802	10	1	 	 
1802	11	3	 	 
1802	12	3	 	 
1803	1	0	30	6
1803	2	0	40	6
1803	3	0	30	6
1803	4	0	20	6
1803	5	3	 	 
1803	6	3	 	 
1803	7	1	 	 
1803	8	0	30	6
1803	9	3	 	 
1803	10	1	 	 
1803	11	3	 	 
1803	12	3	 	 
1804	1	0	30	7
1804	2	0	45	7
1804	3	0	30	7
1804	4	0	15	7
1804	5	3	 	 
1804	6	3	 	 
1804	7	0	30	7
1804	8	0	30	7
1804	9	3	 	 
1804	10	0	30	7
1804	11	3	 	 
1804	12	3	 	 
1806	1	0	45	13
1806	2	0	55	13
1806	3	0	45	13
1806	4	0	35	13
1806	5	3	 	 
1806	6	3	 	 
1806	7	0	15	13
1806	8	0	45	13
1806	9	3	 	 
1806	10	0	15	13
1806	11	3	 	 
1806	12	3	 	 
1807	1	0	5	6
1807	2	0	15	6
1807	3	0	5	6
1807	4	1	 	 
1807	5	3	 	 
1807	6	3	 	 
1807	7	0	15	6
1807	8	0	5	6
1807	9	3	 	 
1807	10	1	 	 
1807	11	3	 	 
1807	12	3	 	 
1901	1	0	15	6
1901	2	0	15	6
1901	3	0	15	6
1901	4	1	 	 
1901	5	3	 	 
1901	6	3	 	 
1901	7	0	10	6
1901	8	0	15	6
1901	9	3	 	 
1901	10	1	 	 
1901	11	3	 	 
1901	12	3	 	 
1902	1	0	5	6
1902	2	0	8	6
1902	3	3	 	 
1902	4	0	5	6
1902	5	3	 	 
1902	6	0	5	6
1902	7	1	 	 
1902	8	0	5	6
1902	9	3	 	 
1902	10	1	 	 
1902	11	3	 	 
1902	12	88	 	 
1903	1	0	90	8
1903	2	0	90	8
1903	3	0	90	8
1903	4	0	60	8
1903	5	3	 	 
1903	6	3	 	 
1903	7	1	 	 
1903	8	0	60	8
1903	9	3	 	 
1903	10	0	90	8
1903	11	3	 	 
1903	12	3	 	 
1904	1	0	50	6
1904	2	0	50	6
1904	3	0	50	6
1904	4	1	 	 
1904	5	3	 	 
1904	6	3	 	 
1904	7	0	30	6
1904	8	0	50	6
1904	9	3	 	 
1904	10	1	 	 
1904	11	3	 	 
1904	12	3	 	 
1905	1	0	10	6
1905	2	0	10	6
1905	3	3	 	 
1905	4	0	5	6
1905	5	3	 	 
1905	6	0	10	6
1905	7	1	 	 
1905	8	0	15	6
1905	9	3	 	 
1905	10	1	 	 
1905	11	3	 	 
1905	12	0	-88	88
2001	1	0	10	1
2001	2	0	40	7
2001	3	0	20	7
2001	4	0	10	1
2001	5	0	20	7
2001	6	0	20	7
2001	7	0	20	7
2001	8	0	10	1
2001	9	0	10	1
2001	10	1	 	 
2001	11	3	 	 
2001	12	88	 	 
2002	1	1	 	 
2002	2	0	40	7
2002	3	1	 	 
2002	4	0	5	7
2002	5	0	30	7
2002	6	1	 	 
2002	7	0	20	7
2002	8	1	 	 
2002	9	1	 	 
2002	10	1	 	 
2002	11	1	 	 
2002	12	0	-88	88
2003	1	0	5	7
2003	2	0	55	7
2003	3	0	35	7
2003	4	1	 	 
2003	5	0	40	7
2003	6	1	 	 
2003	7	0	-77	77
2003	8	1	 	 
2003	9	0	20	7
2003	10	1	 	 
2003	11	0	40	7
2003	12	88	 	 
2004	1	0	15	1
2004	2	0	60	7
2004	3	0	45	7
2004	4	0	20	1
2004	5	0	45	7
2004	6	0	45	7
2004	7	0	20	1
2004	8	0	20	5
2004	9	0	45	7
2004	10	1	 	 
2004	11	3	 	 
2004	12	88	 	 
2005	1	0	10	1
2005	2	0	50	7
2005	3	0	30	7
2005	4	1	 	 
2005	5	0	30	7
2005	6	0	15	7
2005	7	0	20	5
2005	8	0	10	7
2005	9	0	15	7
2005	10	1	 	 
2005	11	0	35	7
2005	12	88	 	 
2006	1	0	25	7
2006	2	0	35	7
2006	3	0	10	7
2006	4	0	8	7
2006	5	0	10	7
2006	6	0	10	7
2006	7	1	 	 
2006	8	0	10	7
2006	9	0	6	8
2006	10	1	 	 
2006	11	3	 	 
2006	12	88	 	 
2007	1	0	60	7
2007	2	1	 	 
2007	3	0	20	7
2007	4	0	10	7
2007	5	0	20	7
2007	6	0	20	7
2007	7	0	60	7
2007	8	1	 	 
2007	9	3	 	 
2007	10	1	 	 
2007	11	3	 	 
2007	12	3	 	 
2008	1	0	10	5
2008	2	0	55	7
2008	3	0	30	7
2008	4	0	20	7
2008	5	0	60	7
2008	6	0	20	7
2008	7	0	10	1
2008	8	0	20	7
2008	9	0	25	7
2008	10	1	 	 
2008	11	0	25	7
2008	12	88	 	 
8002	1	1	 	 
8002	2	1	 	 
8002	3	1	 	 
8002	4	1	 	 
8002	5	1	 	 
8002	6	1	 	 
8002	7	1	 	 
8002	8	1	 	 
8002	9	1	 	 
8002	10	1	 	 
8002	11	1	 	 
8002	12	88	 	 
8003	1	1	 	 
8003	2	0	30	6
8003	3	0	20	6
8003	4	0	20	6
8003	5	0	20	6
8003	6	0	20	6
8003	7	0	15	6
8003	8	0	20	6
8003	9	0	20	6
8003	10	1	 	 
8003	11	0	300	6
8003	12	88	 	 
8004	1	1	 	 
8004	2	3	 	 
8004	3	1	 	 
8004	4	1	 	 
8004	5	1	 	 
8004	6	1	 	 
8004	7	3	 	 
8004	8	1	 	 
8004	9	1	 	 
8004	10	1	 	 
8004	11	1	 	 
8004	12	1	 	 
8006	1	0	15	5
8006	2	1	 	 
8006	3	1	 	 
8006	4	1	 	 
8006	5	0	15	5
8006	6	1	 	 
8006	7	1	 	 
8006	8	1	 	 
8006	9	1	 	 
8006	10	1	 	 
8006	11	0	15	5
8006	12	1	 	 
8007	1	0	20	7
8007	2	0	20	7
8007	3	1	 	 
8007	4	1	 	 
8007	5	0	20	7
8007	6	0	20	7
8007	7	1	 	 
8007	8	0	20	7
8007	9	0	20	7
8007	10	1	 	 
8007	11	0	20	7
8007	12	88	 	 
8008	1	1	 	 
8008	2	1	 	 
8008	3	1	 	 
8008	4	1	 	 
8008	5	1	 	 
8008	6	1	 	 
8008	7	1	 	 
8008	8	1	 	 
8008	9	1	 	 
8008	10	1	 	 
8008	11	1	 	 
8008	12	88	 	 
8010	1	1	 	 
8010	2	0	10	6
8010	3	3	 	 
8010	4	0	10	6
8010	5	0	10	6
8010	6	3	 	 
8010	7	0	10	6
8010	8	1	 	 
8010	9	3	 	 
8010	10	1	 	 
8010	11	3	 	 
8010	12	3	 	 
8011	1	0	20	7
8011	2	0	20	7
8011	3	0	10	7
8011	4	0	10	7
8011	5	0	20	7
8011	6	0	20	7
8011	7	1	 	 
8011	8	1	 	 
8011	9	0	20	7
8011	10	1	 	 
8011	11	0	20	7
8011	12	88	 	 
8012	1	0	10	6
8012	2	0	10	6
8012	3	0	10	6
8012	4	1	 	 
8012	5	0	10	6
8012	6	0	10	6
8012	7	1	 	 
8012	8	0	10	6
8012	9	3	 	 
8012	10	1	 	 
8012	11	3	 	 
8012	12	3	 	 
8014	1	1	 	 
8014	2	0	75	7
8014	3	0	75	7
8014	4	0	10	7
8014	5	0	20	6
8014	6	0	90	6
8014	7	3	 	 
8014	8	1	 	 
8014	9	1	 	 
8014	10	1	 	 
8014	11	3	 	 
8014	12	0	30	6
8015	1	0	20	6
8015	2	0	100	6
8015	3	0	100	6
8015	4	0	20	6
8015	5	0	20	6
8015	6	0	20	6
8015	7	3	 	 
8015	8	0	20	6
8015	9	0	20	6
8015	10	0	20	6
8015	11	3	 	 
8015	12	0	20	6
8016	1	0	15	5
8016	2	1	 	 
8016	3	0	15	5
8016	4	1	 	 
8016	5	1	 	 
8016	6	0	15	5
8016	7	3	 	 
8016	8	1	 	 
8016	9	0	15	5
8016	10	1	 	 
8016	11	3	 	 
8016	12	88	 	 
8017	1	1	 	 
8017	2	1	 	 
8017	3	1	 	 
8017	4	1	 	 
8017	5	1	 	 
8017	6	1	 	 
8017	7	0	30	7
8017	8	1	 	 
8017	9	1	 	 
8017	10	1	 	 
8017	11	1	 	 
8017	12	88	 	 
8018	1	0	10	6
8018	2	1	 	 
8018	3	3	 	 
8018	4	1	 	 
8018	5	3	 	 
8018	6	3	 	 
8018	7	0	10	6
8018	8	0	10	6
8018	9	3	 	 
8018	10	0	10	6
8018	11	3	 	 
8018	12	88	 	 
8019	1	0	10	7
8019	2	0	20	7
8019	3	1	 	 
8019	4	1	 	 
8019	5	0	35	7
8019	6	0	25	7
8019	7	0	-88	88
8019	8	1	 	 
8019	9	1	 	 
8019	10	1	 	 
8019	11	0	30	7
8019	12	88	 	 
8020	1	1	 	 
8020	2	0	60	6
8020	3	0	60	6
8020	4	0	10	6
8020	5	0	5	6
8020	6	1	 	 
8020	7	3	 	 
8020	8	1	 	 
8020	9	0	20	6
8020	10	1	 	 
8020	11	3	 	 
8020	12	0	15	6
8021	1	0	10	6
8021	2	0	10	6
8021	3	1	 	 
8021	4	1	 	 
8021	5	1	 	 
8021	6	0	10	5
8021	7	0	25	6
8021	8	1	 	 
8021	9	0	10	6
8021	10	1	 	 
8021	11	0	10	6
8021	12	88	 	 
8022	1	1	 	 
8022	2	0	120	6
8022	3	0	129	6
8022	4	0	5	6
8022	5	0	120	6
8022	6	1	 	 
8022	7	0	15	6
8022	8	1	 	 
8022	9	0	120	6
8022	10	1	 	 
8022	11	0	120	6
8022	12	88	 	 
8023	1	0	10	5
8023	2	0	30	6
8023	3	0	10	5
8023	4	0	30	5
8023	5	0	10	5
8023	6	0	180	6
8023	7	0	15	5
8023	8	1	 	 
8023	9	1	 	 
8023	10	1	 	 
8023	11	1	 	 
8023	12	88	 	 
8024	1	0	15	5
8024	2	0	60	6
8024	3	0	60	6
8024	4	1	 	 
8024	5	0	15	5
8024	6	0	60	6
8024	7	0	30	5
8024	8	0	15	5
8024	9	0	15	5
8024	10	1	 	 
8024	11	0	90	6
8024	12	88	 	 
8025	1	1	 	 
8025	2	1	 	 
8025	3	1	 	 
8025	4	1	 	 
8025	5	1	 	 
8025	6	1	 	 
8025	7	0	10	5
8025	8	1	 	 
8025	9	1	 	 
8025	10	1	 	 
8025	11	1	 	 
8025	12	88	 	 
8026	1	1	 	 
8026	2	0	15	5
8026	3	1	 	 
8026	4	0	15	5
8026	5	1	 	 
8026	6	1	 	 
8026	7	3	 	 
8026	8	1	 	 
8026	9	3	 	 
8026	10	1	 	 
8026	11	3	 	 
8026	12	88	 	 
8027	1	1	 	 
8027	2	1	 	 
8027	3	1	 	 
8027	4	1	 	 
8027	5	1	 	 
8027	6	1	 	 
8027	7	1	 	 
8027	8	1	 	 
8027	9	3	 	 
8027	10	1	 	 
8027	11	3	 	 
8027	12	88	 	 
8028	1	0	10	7
8028	2	0	25	7
8028	3	1	 	 
8028	4	1	 	 
8028	5	0	60	7
8028	6	1	 	 
8028	7	0	10	7
8028	8	1	 	 
8028	9	0	20	7
8028	10	1	 	 
8028	11	0	60	7
8028	12	88	 	 
