PLACEID	PLPRIDR4	PROBLOCL	PRBAFCT	PRB3YRS
101	1	1	2	1
101	2	1	2	1
101	3	1	2	1
101	4	1	2	1
101	5	1	2	1
101	6	1	2	1
101	7	1	2	1
101	8	1	2	1
101	9	1	1	2
101	10	1	1	2
101	11	1	2	2
101	12	1	2	2
101	13	1	2	1
101	14	1	2	1
101	15	1	2	1
102	1	0	 	 
102	2	0	 	 
102	3	1	1	3
102	4	0	 	 
102	5	1	1	3
102	6	1	1	3
102	7	0	 	 
102	8	1	2	3
102	9	0	 	 
102	10	0	 	 
102	11	1	1	3
102	12	1	2	3
102	13	1	2	3
102	14	1	1	3
102	15	1	1	3
201	1	0	 	 
201	2	0	 	 
201	3	0	 	 
201	4	0	 	 
201	5	1	1	4
201	6	0	 	 
201	7	0	 	 
201	8	1	2	2
201	9	1	1	2
201	10	0	 	 
201	11	0	 	 
201	12	1	1	3
201	13	0	 	 
201	14	1	2	1
201	15	0	 	 
202	1	0	 	 
202	2	0	 	 
202	3	0	 	 
202	4	0	 	 
202	5	1	2	3
202	6	1	2	3
202	7	0	 	 
202	8	1	2	3
202	9	1	1	3
202	10	0	 	 
202	11	0	 	 
202	12	1	2	3
202	13	0	 	 
202	14	0	 	 
202	15	0	 	 
203	1	0	 	 
203	2	0	 	 
203	3	0	 	 
203	4	0	 	 
203	5	0	 	 
203	6	1	1	1
203	7	0	 	 
203	8	1	1	2
203	9	0	 	 
203	10	1	1	4
203	11	0	 	 
203	12	0	 	 
203	13	0	 	 
203	14	0	 	 
203	15	0	 	 
204	1	0	 	 
204	2	0	 	 
204	3	0	 	 
204	4	0	 	 
204	5	0	 	 
204	6	1	1	2
204	7	0	 	 
204	8	1	2	2
204	9	0	 	 
204	10	0	 	 
204	11	0	 	 
204	12	0	 	 
204	13	0	 	 
204	14	1	1	3
204	15	1	1	2
205	1	0	 	 
205	2	0	 	 
205	3	0	 	 
205	4	0	 	 
205	5	0	 	 
205	6	1	2	3
205	7	0	 	 
205	8	1	2	3
205	9	0	 	 
205	10	1	2	3
205	11	1	1	3
205	12	1	2	3
205	13	1	2	3
205	14	1	2	3
205	15	0	 	 
301	1	0	 	 
301	2	0	 	 
301	3	1	2	3
301	4	1	2	3
301	5	0	 	 
301	6	1	1	1
301	7	0	 	 
301	8	1	2	1
301	9	0	 	 
301	10	0	 	 
301	11	0	 	 
301	12	1	2	3
301	13	0	 	 
301	14	1	1	3
301	15	0	 	 
304	1	0	 	 
304	2	0	 	 
304	3	0	 	 
304	4	0	 	 
304	5	0	 	 
304	6	1	2	3
304	7	0	 	 
304	8	1	2	1
304	9	1	2	3
304	10	0	 	 
304	11	0	 	 
304	12	1	2	3
304	13	0	 	 
304	14	0	 	 
304	15	0	 	 
305	1	0	 	 
305	2	0	 	 
305	3	0	 	 
305	4	0	 	 
305	5	0	 	 
305	6	0	 	 
305	7	0	 	 
305	8	0	 	 
305	9	1	2	1
305	10	0	 	 
305	11	0	 	 
305	12	0	 	 
305	13	0	 	 
305	14	1	1	3
305	15	0	 	 
306	1	0	 	 
306	2	0	 	 
306	3	1	2	3
306	4	0	 	 
306	5	0	 	 
306	6	1	1	3
306	7	0	 	 
306	8	1	2	3
306	9	0	 	 
306	10	0	 	 
306	11	0	 	 
306	12	1	2	3
306	13	0	 	 
306	14	0	 	 
306	15	0	 	 
307	1	0	 	 
307	2	0	 	 
307	3	0	 	 
307	4	0	 	 
307	5	0	 	 
307	6	0	 	 
307	7	0	 	 
307	8	0	 	 
307	9	0	 	 
307	10	0	 	 
307	11	0	 	 
307	12	1	2	4
307	13	0	 	 
307	14	0	 	 
307	15	0	 	 
308	1	0	 	 
308	2	0	 	 
308	3	0	 	 
308	4	1	2	1
308	5	0	 	 
308	6	0	 	 
308	7	0	 	 
308	8	1	2	1
308	9	0	 	 
308	10	0	 	 
308	11	0	 	 
308	12	1	2	1
308	13	0	 	 
308	14	1	2	3
308	15	0	 	 
309	1	0	 	 
309	2	0	 	 
309	3	0	 	 
309	4	0	 	 
309	5	0	 	 
309	6	0	 	 
309	7	0	 	 
309	8	1	1	1
309	9	1	2	3
309	10	0	 	 
309	11	0	 	 
309	12	0	 	 
309	13	0	 	 
309	14	0	 	 
309	15	1	1	3
310	1	0	 	 
310	2	0	 	 
310	3	0	 	 
310	4	1	2	3
310	5	0	 	 
310	6	1	1	3
310	7	0	 	 
310	8	1	1	2
310	9	0	 	 
310	10	0	 	 
310	11	0	 	 
310	12	1	1	3
310	13	0	 	 
310	14	1	1	3
310	15	0	 	 
311	1	0	 	 
311	2	0	 	 
311	3	0	 	 
311	4	1	2	2
311	5	0	 	 
311	6	0	 	 
311	7	0	 	 
311	8	1	2	2
311	9	0	 	 
311	10	0	 	 
311	11	0	 	 
311	12	0	 	 
311	13	0	 	 
311	14	1	1	2
311	15	0	 	 
312	1	0	 	 
312	2	0	 	 
312	3	0	 	 
312	4	0	 	 
312	5	0	 	 
312	6	0	 	 
312	7	0	 	 
312	8	1	2	2
312	9	1	2	2
312	10	0	 	 
312	11	1	2	3
312	12	1	2	2
312	13	0	 	 
312	14	1	2	1
312	15	0	 	 
313	1	0	 	 
313	2	0	 	 
313	3	0	 	 
313	4	0	 	 
313	5	0	 	 
313	6	0	 	 
313	7	0	 	 
313	8	1	2	2
313	9	1	2	1
313	10	0	 	 
313	11	0	 	 
313	12	1	2	1
313	13	0	 	 
313	14	0	 	 
313	15	0	 	 
314	1	0	 	 
314	2	0	 	 
314	3	0	 	 
314	4	0	 	 
314	5	0	 	 
314	6	0	 	 
314	7	0	 	 
314	8	1	1	1
314	9	1	2	2
314	10	0	 	 
314	11	1	2	3
314	12	1	2	3
314	13	0	 	 
314	14	1	2	3
314	15	0	 	 
401	1	0	 	 
401	2	0	 	 
401	3	0	 	 
401	4	0	 	 
401	5	0	 	 
401	6	1	2	2
401	7	0	 	 
401	8	1	2	2
401	9	0	 	 
401	10	0	 	 
401	11	0	 	 
401	12	0	 	 
401	13	0	 	 
401	14	0	 	 
401	15	0	 	 
402	1	0	 	 
402	2	0	 	 
402	3	1	2	2
402	4	1	2	2
402	5	0	 	 
402	6	0	 	 
402	7	0	 	 
402	8	1	2	3
402	9	0	 	 
402	10	0	 	 
402	11	0	 	 
402	12	0	 	 
402	13	0	 	 
402	14	1	1	2
402	15	0	 	 
403	1	0	 	 
403	2	0	 	 
403	3	0	 	 
403	4	0	 	 
403	5	0	 	 
403	6	1	2	2
403	7	0	 	 
403	8	1	2	1
403	9	0	 	 
403	10	0	 	 
403	11	0	 	 
403	12	1	2	2
403	13	0	 	 
403	14	1	2	1
403	15	0	 	 
404	1	0	 	 
404	2	0	 	 
404	3	0	 	 
404	4	0	 	 
404	5	0	 	 
404	6	0	 	 
404	7	0	 	 
404	8	0	 	 
404	9	1	2	1
404	10	0	 	 
404	11	0	 	 
404	12	0	 	 
404	13	0	 	 
404	14	0	 	 
404	15	0	 	 
405	1	0	 	 
405	2	0	 	 
405	3	0	 	 
405	4	0	 	 
405	5	0	 	 
405	6	0	 	 
405	7	0	 	 
405	8	1	2	3
405	9	0	 	 
405	10	0	 	 
405	11	0	 	 
405	12	1	2	3
405	13	0	 	 
405	14	1	2	3
405	15	0	 	 
406	1	0	 	 
406	2	0	 	 
406	3	0	 	 
406	4	0	 	 
406	5	0	 	 
406	6	1	2	3
406	7	0	 	 
406	8	1	2	2
406	9	0	 	 
406	10	0	 	 
406	11	0	 	 
406	12	0	 	 
406	13	0	 	 
406	14	0	 	 
406	15	0	 	 
408	1	0	 	 
408	2	0	 	 
408	3	0	 	 
408	4	0	 	 
408	5	0	 	 
408	6	0	 	 
408	7	0	 	 
408	8	1	1	2
408	9	0	 	 
408	10	0	 	 
408	11	0	 	 
408	12	1	2	1
408	13	0	 	 
408	14	1	1	1
408	15	0	 	 
501	1	0	 	 
501	2	0	 	 
501	3	0	 	 
501	4	0	 	 
501	5	0	 	 
501	6	0	 	 
501	7	0	 	 
501	8	1	2	2
501	9	0	 	 
501	10	0	 	 
501	11	0	 	 
501	12	0	 	 
501	13	0	 	 
501	14	0	 	 
501	15	0	 	 
503	1	0	 	 
503	2	0	 	 
503	3	0	 	 
503	4	1	2	2
503	5	0	 	 
503	6	0	 	 
503	7	0	 	 
503	8	0	 	 
503	9	0	 	 
503	10	0	 	 
503	11	0	 	 
503	12	0	 	 
503	13	0	 	 
503	14	1	1	3
503	15	0	 	 
504	1	0	 	 
504	2	0	 	 
504	3	0	 	 
504	4	0	 	 
504	5	0	 	 
504	6	1	1	3
504	7	0	 	 
504	8	1	1	3
504	9	1	2	2
504	10	0	 	 
504	11	0	 	 
504	12	1	2	4
504	13	0	 	 
504	14	0	 	 
504	15	0	 	 
505	1	0	 	 
505	2	0	 	 
505	3	0	 	 
505	4	1	2	2
505	5	0	 	 
505	6	1	2	3
505	7	0	 	 
505	8	1	2	2
505	9	0	 	 
505	10	0	 	 
505	11	1	1	3
505	12	1	1	2
505	13	0	 	 
505	14	1	1	2
505	15	0	 	 
507	1	0	 	 
507	2	0	 	 
507	3	0	 	 
507	4	1	2	2
507	5	0	 	 
507	6	0	 	 
507	7	0	 	 
507	8	1	2	2
507	9	1	2	2
507	10	0	 	 
507	11	0	 	 
507	12	1	2	2
507	13	0	 	 
507	14	0	 	 
507	15	0	 	 
508	1	0	 	 
508	2	0	 	 
508	3	0	 	 
508	4	1	2	1
508	5	0	 	 
508	6	0	 	 
508	7	0	 	 
508	8	0	 	 
508	9	1	2	2
508	10	0	 	 
508	11	0	 	 
508	12	1	2	2
508	13	0	 	 
508	14	0	 	 
508	15	0	 	 
509	1	0	 	 
509	2	0	 	 
509	3	0	 	 
509	4	0	 	 
509	5	0	 	 
509	6	0	 	 
509	7	0	 	 
509	8	1	2	3
509	9	1	1	2
509	10	0	 	 
509	11	0	 	 
509	12	1	1	2
509	13	0	 	 
509	14	0	 	 
509	15	0	 	 
510	1	0	 	 
510	2	0	 	 
510	3	1	1	3
510	4	1	2	2
510	5	0	 	 
510	6	0	 	 
510	7	0	 	 
510	8	1	2	1
510	9	0	 	 
510	10	0	 	 
510	11	0	 	 
510	12	1	2	2
510	13	0	 	 
510	14	1	2	2
510	15	0	 	 
511	1	0	 	 
511	2	0	 	 
511	3	0	 	 
511	4	1	2	2
511	5	0	 	 
511	6	0	 	 
511	7	0	 	 
511	8	1	2	1
511	9	0	 	 
511	10	0	 	 
511	11	0	 	 
511	12	0	 	 
511	13	0	 	 
511	14	1	2	2
511	15	0	 	 
512	1	0	 	 
512	2	0	 	 
512	3	1	2	2
512	4	1	2	2
512	5	0	 	 
512	6	0	 	 
512	7	0	 	 
512	8	1	2	2
512	9	0	 	 
512	10	0	 	 
512	11	1	2	2
512	12	1	2	2
512	13	0	 	 
512	14	1	1	3
512	15	0	 	 
601	1	0	 	 
601	2	0	 	 
601	3	0	 	 
601	4	0	 	 
601	5	0	 	 
601	6	0	 	 
601	7	0	 	 
601	8	1	2	4
601	9	0	 	 
601	10	0	 	 
601	11	1	2	1
601	12	0	 	 
601	13	0	 	 
601	14	0	 	 
601	15	0	 	 
602	1	0	 	 
602	2	0	 	 
602	3	1	2	3
602	4	0	 	 
602	5	0	 	 
602	6	1	2	3
602	7	0	 	 
602	8	1	2	3
602	9	1	2	1
602	10	0	 	 
602	11	1	1	3
602	12	0	 	 
602	13	1	2	3
602	14	1	2	3
602	15	0	 	 
701	1	0	 	 
701	2	0	 	 
701	3	0	 	 
701	4	0	 	 
701	5	0	 	 
701	6	1	1	1
701	7	1	1	2
701	8	1	2	1
701	9	0	 	 
701	10	0	 	 
701	11	1	1	3
701	12	0	 	 
701	13	1	1	2
701	14	1	1	2
701	15	0	 	 
702	1	0	 	 
702	2	0	 	 
702	3	0	 	 
702	4	0	 	 
702	5	0	 	 
702	6	0	 	 
702	7	0	 	 
702	8	1	2	2
702	9	1	2	2
702	10	0	 	 
702	11	1	2	2
702	12	0	 	 
702	13	1	2	2
702	14	0	 	 
702	15	0	 	 
703	1	0	 	 
703	2	0	 	 
703	3	0	 	 
703	4	0	 	 
703	5	0	 	 
703	6	0	 	 
703	7	0	 	 
703	8	1	2	1
703	9	1	2	1
703	10	0	 	 
703	11	1	1	3
703	12	0	 	 
703	13	1	2	3
703	14	0	 	 
703	15	0	 	 
704	1	0	 	 
704	2	0	 	 
704	3	0	 	 
704	4	0	 	 
704	5	0	 	 
704	6	1	88	88
704	7	0	 	 
704	8	1	2	2
704	9	1	2	3
704	10	0	 	 
704	11	1	2	2
704	12	0	 	 
704	13	1	2	2
704	14	1	2	2
704	15	0	 	 
801	1	0	 	 
801	2	0	 	 
801	3	0	 	 
801	4	0	 	 
801	5	0	 	 
801	6	0	 	 
801	7	0	 	 
801	8	1	2	1
801	9	0	 	 
801	10	0	 	 
801	11	1	2	2
801	12	0	 	 
801	13	1	2	3
801	14	1	2	2
801	15	0	 	 
802	1	0	 	 
802	2	0	 	 
802	3	0	 	 
802	4	0	 	 
802	5	0	 	 
802	6	0	 	 
802	7	0	 	 
802	8	1	1	2
802	9	1	1	1
802	10	0	 	 
802	11	1	2	3
802	12	0	 	 
802	13	1	2	3
802	14	1	1	2
802	15	0	 	 
901	1	0	 	 
901	2	0	 	 
901	3	0	 	 
901	4	0	 	 
901	5	0	 	 
901	6	1	2	1
901	7	0	 	 
901	8	1	1	2
901	9	0	 	 
901	10	0	 	 
901	11	0	 	 
901	12	0	 	 
901	13	0	 	 
901	14	1	2	1
901	15	0	 	 
902	1	0	 	 
902	2	0	 	 
902	3	0	 	 
902	4	0	 	 
902	5	0	 	 
902	6	1	2	2
902	7	0	 	 
902	8	1	2	2
902	9	0	 	 
902	10	0	 	 
902	11	0	 	 
902	12	0	 	 
902	13	0	 	 
902	14	0	 	 
902	15	0	 	 
903	1	0	 	 
903	2	0	 	 
903	3	0	 	 
903	4	0	 	 
903	5	0	 	 
903	6	0	 	 
903	7	0	 	 
903	8	1	1	2
903	9	1	2	1
903	10	0	 	 
903	11	0	 	 
903	12	0	 	 
903	13	0	 	 
903	14	1	1	2
903	15	0	 	 
904	1	0	 	 
904	2	0	 	 
904	3	0	 	 
904	4	0	 	 
904	5	0	 	 
904	6	0	 	 
904	7	0	 	 
904	8	1	2	3
904	9	1	1	4
904	10	0	 	 
904	11	0	 	 
904	12	0	 	 
904	13	0	 	 
904	14	1	1	4
904	15	0	 	 
905	1	0	 	 
905	2	1	1	3
905	3	1	1	2
905	4	0	 	 
905	5	0	 	 
905	6	1	1	2
905	7	0	 	 
905	8	1	2	2
905	9	1	2	2
905	10	0	 	 
905	11	0	 	 
905	12	1	2	2
905	13	0	 	 
905	14	1	2	2
905	15	0	 	 
906	1	0	 	 
906	2	1	1	2
906	3	1	2	1
906	4	1	2	1
906	5	0	 	 
906	6	0	 	 
906	7	0	 	 
906	8	1	2	1
906	9	1	2	2
906	10	0	 	 
906	11	0	 	 
906	12	1	2	4
906	13	0	 	 
906	14	1	1	2
906	15	0	 	 
907	1	0	 	 
907	2	1	2	3
907	3	0	 	 
907	4	0	 	 
907	5	0	 	 
907	6	0	 	 
907	7	0	 	 
907	8	1	2	2
907	9	1	2	4
907	10	0	 	 
907	11	0	 	 
907	12	1	2	4
907	13	0	 	 
907	14	1	2	4
907	15	0	 	 
908	1	0	 	 
908	2	0	 	 
908	3	1	2	1
908	4	0	 	 
908	5	0	 	 
908	6	0	 	 
908	7	0	 	 
908	8	1	2	1
908	9	1	2	1
908	10	0	 	 
908	11	0	 	 
908	12	0	 	 
908	13	0	 	 
908	14	1	1	1
908	15	0	 	 
909	1	0	 	 
909	2	0	 	 
909	3	0	 	 
909	4	1	1	2
909	5	0	 	 
909	6	1	1	2
909	7	0	 	 
909	8	1	2	1
909	9	1	2	1
909	10	0	 	 
909	11	0	 	 
909	12	1	2	4
909	13	0	 	 
909	14	1	1	1
909	15	0	 	 
910	1	0	 	 
910	2	1	1	2
910	3	0	 	 
910	4	0	 	 
910	5	0	 	 
910	6	0	 	 
910	7	0	 	 
910	8	1	2	2
910	9	1	2	2
910	10	0	 	 
910	11	0	 	 
910	12	0	 	 
910	13	0	 	 
910	14	1	1	2
910	15	0	 	 
911	1	0	 	 
911	2	0	 	 
911	3	0	 	 
911	4	0	 	 
911	5	0	 	 
911	6	0	 	 
911	7	0	 	 
911	8	1	2	2
911	9	0	 	 
911	10	0	 	 
911	11	0	 	 
911	12	1	2	3
911	13	0	 	 
911	14	1	2	1
911	15	0	 	 
912	1	0	 	 
912	2	1	1	4
912	3	0	 	 
912	4	1	1	2
912	5	0	 	 
912	6	0	 	 
912	7	0	 	 
912	8	1	1	2
912	9	1	1	2
912	10	0	 	 
912	11	0	 	 
912	12	1	2	3
912	13	0	 	 
912	14	1	2	2
912	15	0	 	 
1001	1	0	 	 
1001	2	0	 	 
1001	3	1	2	1
1001	4	0	 	 
1001	5	1	1	4
1001	6	1	2	3
1001	7	0	 	 
1001	8	1	2	3
1001	9	0	 	 
1001	10	1	1	3
1001	11	1	2	3
1001	12	0	 	 
1001	13	1	1	3
1001	14	0	 	 
1001	15	0	 	 
1003	1	0	 	 
1003	2	0	 	 
1003	3	1	2	2
1003	4	1	2	2
1003	5	0	 	 
1003	6	0	 	 
1003	7	0	 	 
1003	8	1	2	3
1003	9	0	 	 
1003	10	0	 	 
1003	11	0	 	 
1003	12	0	 	 
1003	13	0	 	 
1003	14	0	 	 
1003	15	0	 	 
1004	1	0	 	 
1004	2	0	 	 
1004	3	1	1	4
1004	4	1	2	4
1004	5	0	 	 
1004	6	1	1	1
1004	7	0	 	 
1004	8	1	2	3
1004	9	0	 	 
1004	10	0	 	 
1004	11	0	 	 
1004	12	0	 	 
1004	13	0	 	 
1004	14	1	2	3
1004	15	0	 	 
1005	1	0	 	 
1005	2	0	 	 
1005	3	0	 	 
1005	4	0	 	 
1005	5	0	 	 
1005	6	0	 	 
1005	7	0	 	 
1005	8	1	2	2
1005	9	0	 	 
1005	10	0	 	 
1005	11	0	 	 
1005	12	0	 	 
1005	13	0	 	 
1005	14	0	 	 
1005	15	0	 	 
1006	1	0	 	 
1006	2	0	 	 
1006	3	0	 	 
1006	4	0	 	 
1006	5	0	 	 
1006	6	1	1	3
1006	7	0	 	 
1006	8	1	2	4
1006	9	1	2	4
1006	10	0	 	 
1006	11	1	2	3
1006	12	0	 	 
1006	13	0	 	 
1006	14	1	2	3
1006	15	0	 	 
1101	1	0	 	 
1101	2	0	 	 
1101	3	1	2	3
1101	4	1	2	3
1101	5	0	 	 
1101	6	1	2	3
1101	7	0	 	 
1101	8	1	2	3
1101	9	1	2	3
1101	10	0	 	 
1101	11	0	 	 
1101	12	0	 	 
1101	13	0	 	 
1101	14	1	2	3
1101	15	0	 	 
1102	1	0	 	 
1102	2	0	 	 
1102	3	0	 	 
1102	4	0	 	 
1102	5	0	 	 
1102	6	0	 	 
1102	7	0	 	 
1102	8	1	2	2
1102	9	0	 	 
1102	10	0	 	 
1102	11	0	 	 
1102	12	0	 	 
1102	13	0	 	 
1102	14	1	2	2
1102	15	0	 	 
1103	1	0	 	 
1103	2	0	 	 
1103	3	0	 	 
1103	4	0	 	 
1103	5	0	 	 
1103	6	0	 	 
1103	7	0	 	 
1103	8	1	2	2
1103	9	1	2	3
1103	10	0	 	 
1103	11	0	 	 
1103	12	0	 	 
1103	13	0	 	 
1103	14	0	 	 
1103	15	0	 	 
1104	1	0	 	 
1104	2	0	 	 
1104	3	0	 	 
1104	4	1	2	1
1104	5	0	 	 
1104	6	1	1	3
1104	7	0	 	 
1104	8	1	2	2
1104	9	1	1	2
1104	10	0	 	 
1104	11	0	 	 
1104	12	0	 	 
1104	13	0	 	 
1104	14	0	 	 
1104	15	0	 	 
1105	1	0	 	 
1105	2	0	 	 
1105	3	1	1	1
1105	4	1	1	1
1105	5	0	 	 
1105	6	1	2	1
1105	7	0	 	 
1105	8	1	1	2
1105	9	1	2	4
1105	10	0	 	 
1105	11	0	 	 
1105	12	0	 	 
1105	13	0	 	 
1105	14	0	 	 
1105	15	0	 	 
1106	1	0	 	 
1106	2	0	 	 
1106	3	0	 	 
1106	4	1	2	2
1106	5	0	 	 
1106	6	1	2	2
1106	7	0	 	 
1106	8	1	2	3
1106	9	1	2	3
1106	10	0	 	 
1106	11	0	 	 
1106	12	0	 	 
1106	13	0	 	 
1106	14	0	 	 
1106	15	0	 	 
1107	1	0	 	 
1107	2	0	 	 
1107	3	1	2	2
1107	4	0	 	 
1107	5	0	 	 
1107	6	0	 	 
1107	7	0	 	 
1107	8	1	2	2
1107	9	0	 	 
1107	10	0	 	 
1107	11	1	2	2
1107	12	0	 	 
1107	13	1	2	2
1107	14	0	 	 
1107	15	0	 	 
1108	1	0	 	 
1108	2	0	 	 
1108	3	1	2	2
1108	4	1	2	2
1108	5	0	 	 
1108	6	1	2	2
1108	7	0	 	 
1108	8	1	1	2
1108	9	1	2	2
1108	10	0	 	 
1108	11	0	 	 
1108	12	0	 	 
1108	13	0	 	 
1108	14	1	2	2
1108	15	0	 	 
1202	1	0	 	 
1202	2	0	 	 
1202	3	0	 	 
1202	4	0	 	 
1202	5	0	 	 
1202	6	1	1	1
1202	7	1	2	1
1202	8	1	1	2
1202	9	0	 	 
1202	10	0	 	 
1202	11	1	1	1
1202	12	0	 	 
1202	13	1	1	2
1202	14	1	2	1
1202	15	0	 	 
1203	1	0	 	 
1203	2	0	 	 
1203	3	0	 	 
1203	4	0	 	 
1203	5	1	1	4
1203	6	1	2	1
1203	7	1	1	1
1203	8	1	1	2
1203	9	0	 	 
1203	10	0	 	 
1203	11	1	1	2
1203	12	0	 	 
1203	13	1	1	1
1203	14	1	2	2
1203	15	1	1	1
1302	1	0	 	 
1302	2	0	 	 
1302	3	0	 	 
1302	4	0	 	 
1302	5	0	 	 
1302	6	1	2	3
1302	7	0	 	 
1302	8	1	2	1
1302	9	1	2	2
1302	10	1	2	2
1302	11	1	2	2
1302	12	0	 	 
1302	13	1	2	2
1302	14	1	1	2
1302	15	0	 	 
1303	1	0	 	 
1303	2	0	 	 
1303	3	0	 	 
1303	4	0	 	 
1303	5	0	 	 
1303	6	0	 	 
1303	7	0	 	 
1303	8	1	1	1
1303	9	1	1	2
1303	10	0	 	 
1303	11	1	2	2
1303	12	0	 	 
1303	13	1	1	2
1303	14	1	1	1
1303	15	0	 	 
1304	1	1	2	2
1304	2	0	 	 
1304	3	1	1	1
1304	4	1	2	1
1304	5	0	 	 
1304	6	0	 	 
1304	7	0	 	 
1304	8	1	2	1
1304	9	1	2	1
1304	10	1	2	1
1304	11	1	2	2
1304	12	0	 	 
1304	13	1	1	3
1304	14	1	2	1
1304	15	0	 	 
1402	1	0	 	 
1402	2	0	 	 
1402	3	0	 	 
1402	4	0	 	 
1402	5	0	 	 
1402	6	1	2	2
1402	7	1	2	1
1402	8	1	2	2
1402	9	1	2	1
1402	10	0	 	 
1402	11	1	2	3
1402	12	0	 	 
1402	13	1	2	3
1402	14	1	2	3
1402	15	0	 	 
1403	1	0	 	 
1403	2	0	 	 
1403	3	0	 	 
1403	4	0	 	 
1403	5	0	 	 
1403	6	1	2	1
1403	7	1	2	2
1403	8	0	 	 
1403	9	0	 	 
1403	10	0	 	 
1403	11	0	 	 
1403	12	0	 	 
1403	13	1	1	2
1403	14	0	 	 
1403	15	0	 	 
1404	1	0	 	 
1404	2	0	 	 
1404	3	0	 	 
1404	4	0	 	 
1404	5	0	 	 
1404	6	1	2	1
1404	7	0	 	 
1404	8	0	 	 
1404	9	1	2	1
1404	10	0	 	 
1404	11	0	 	 
1404	12	0	 	 
1404	13	0	 	 
1404	14	1	1	1
1404	15	1	1	1
1501	1	0	 	 
1501	2	0	 	 
1501	3	1	1	3
1501	4	0	 	 
1501	5	0	 	 
1501	6	0	 	 
1501	7	0	 	 
1501	8	1	2	2
1501	9	1	2	1
1501	10	0	 	 
1501	11	0	 	 
1501	12	1	2	2
1501	13	0	 	 
1501	14	1	1	3
1501	15	1	1	3
1502	1	0	 	 
1502	2	0	 	 
1502	3	0	 	 
1502	4	0	 	 
1502	5	0	 	 
1502	6	0	 	 
1502	7	0	 	 
1502	8	1	2	2
1502	9	0	 	 
1502	10	1	1	4
1502	11	0	 	 
1502	12	0	 	 
1502	13	0	 	 
1502	14	1	2	2
1502	15	0	 	 
1503	1	0	 	 
1503	2	0	 	 
1503	3	0	 	 
1503	4	0	 	 
1503	5	0	 	 
1503	6	0	 	 
1503	7	0	 	 
1503	8	1	2	2
1503	9	1	2	2
1503	10	0	 	 
1503	11	0	 	 
1503	12	1	2	2
1503	13	0	 	 
1503	14	1	2	2
1503	15	0	 	 
1504	1	0	 	 
1504	2	0	 	 
1504	3	1	1	3
1504	4	0	 	 
1504	5	0	 	 
1504	6	0	 	 
1504	7	0	 	 
1504	8	1	2	2
1504	9	1	2	3
1504	10	0	 	 
1504	11	0	 	 
1504	12	1	2	2
1504	13	0	 	 
1504	14	0	 	 
1504	15	0	 	 
1505	1	0	 	 
1505	2	0	 	 
1505	3	1	2	1
1505	4	0	 	 
1505	5	0	 	 
1505	6	0	 	 
1505	7	1	2	1
1505	8	1	2	2
1505	9	1	2	2
1505	10	0	 	 
1505	11	0	 	 
1505	12	1	2	2
1505	13	0	 	 
1505	14	0	 	 
1505	15	0	 	 
1506	1	0	 	 
1506	2	0	 	 
1506	3	1	2	3
1506	4	0	 	 
1506	5	0	 	 
1506	6	1	2	1
1506	7	1	2	3
1506	8	1	2	2
1506	9	1	2	2
1506	10	0	 	 
1506	11	0	 	 
1506	12	0	 	 
1506	13	0	 	 
1506	14	1	2	2
1506	15	0	 	 
1507	1	0	 	 
1507	2	0	 	 
1507	3	1	2	3
1507	4	0	 	 
1507	5	0	 	 
1507	6	0	 	 
1507	7	0	 	 
1507	8	1	2	2
1507	9	1	1	3
1507	10	0	 	 
1507	11	0	 	 
1507	12	1	2	2
1507	13	0	 	 
1507	14	1	1	3
1507	15	0	 	 
1508	1	0	 	 
1508	2	0	 	 
1508	3	0	 	 
1508	4	0	 	 
1508	5	0	 	 
1508	6	0	 	 
1508	7	0	 	 
1508	8	1	2	2
1508	9	1	2	2
1508	10	0	 	 
1508	11	0	 	 
1508	12	0	 	 
1508	13	0	 	 
1508	14	1	2	3
1508	15	0	 	 
1509	1	0	 	 
1509	2	0	 	 
1509	3	1	1	1
1509	4	0	 	 
1509	5	0	 	 
1509	6	0	 	 
1509	7	0	 	 
1509	8	1	2	2
1509	9	0	 	 
1509	10	0	 	 
1509	11	0	 	 
1509	12	0	 	 
1509	13	0	 	 
1509	14	0	 	 
1509	15	1	1	2
1601	1	0	 	 
1601	2	0	 	 
1601	3	0	 	 
1601	4	1	2	3
1601	5	0	 	 
1601	6	1	2	3
1601	7	0	 	 
1601	8	0	 	 
1601	9	1	2	3
1601	10	0	 	 
1601	11	0	 	 
1601	12	1	2	3
1601	13	0	 	 
1601	14	0	 	 
1601	15	0	 	 
1602	1	0	 	 
1602	2	0	 	 
1602	3	1	2	3
1602	4	1	2	3
1602	5	0	 	 
1602	6	0	 	 
1602	7	0	 	 
1602	8	1	2	2
1602	9	0	 	 
1602	10	0	 	 
1602	11	0	 	 
1602	12	1	2	2
1602	13	0	 	 
1602	14	0	 	 
1602	15	0	 	 
1603	1	0	 	 
1603	2	0	 	 
1603	3	0	 	 
1603	4	1	2	2
1603	5	0	 	 
1603	6	1	2	3
1603	7	0	 	 
1603	8	1	2	2
1603	9	0	 	 
1603	10	0	 	 
1603	11	0	 	 
1603	12	1	2	2
1603	13	0	 	 
1603	14	0	 	 
1603	15	0	 	 
1604	1	0	 	 
1604	2	0	 	 
1604	3	1	2	3
1604	4	1	2	2
1604	5	0	 	 
1604	6	0	 	 
1604	7	0	 	 
1604	8	1	2	3
1604	9	1	2	3
1604	10	0	 	 
1604	11	0	 	 
1604	12	1	2	3
1604	13	0	 	 
1604	14	0	 	 
1604	15	0	 	 
1605	1	0	 	 
1605	2	0	 	 
1605	3	1	2	3
1605	4	1	2	3
1605	5	0	 	 
1605	6	1	2	3
1605	7	0	 	 
1605	8	1	2	3
1605	9	1	2	3
1605	10	0	 	 
1605	11	0	 	 
1605	12	1	2	3
1605	13	0	 	 
1605	14	0	 	 
1605	15	0	 	 
1606	1	0	 	 
1606	2	0	 	 
1606	3	0	 	 
1606	4	1	2	3
1606	5	0	 	 
1606	6	1	2	3
1606	7	0	 	 
1606	8	0	 	 
1606	9	0	 	 
1606	10	0	 	 
1606	11	0	 	 
1606	12	0	 	 
1606	13	0	 	 
1606	14	0	 	 
1606	15	0	 	 
1607	1	0	 	 
1607	2	0	 	 
1607	3	0	 	 
1607	4	1	2	2
1607	5	0	 	 
1607	6	0	 	 
1607	7	0	 	 
1607	8	1	2	2
1607	9	0	 	 
1607	10	0	 	 
1607	11	0	 	 
1607	12	0	 	 
1607	13	0	 	 
1607	14	0	 	 
1607	15	0	 	 
1608	1	0	 	 
1608	2	0	 	 
1608	3	0	 	 
1608	4	1	2	3
1608	5	0	 	 
1608	6	0	 	 
1608	7	0	 	 
1608	8	1	2	3
1608	9	1	2	3
1608	10	0	 	 
1608	11	0	 	 
1608	12	1	2	3
1608	13	0	 	 
1608	14	0	 	 
1608	15	0	 	 
1701	1	0	 	 
1701	2	0	 	 
1701	3	0	 	 
1701	4	1	2	2
1701	5	0	 	 
1701	6	0	 	 
1701	7	0	 	 
1701	8	1	2	2
1701	9	0	 	 
1701	10	0	 	 
1701	11	0	 	 
1701	12	0	 	 
1701	13	1	2	3
1701	14	0	 	 
1701	15	0	 	 
1702	1	0	 	 
1702	2	1	1	1
1702	3	0	 	 
1702	4	1	1	1
1702	5	0	 	 
1702	6	0	 	 
1702	7	0	 	 
1702	8	0	 	 
1702	9	0	 	 
1702	10	0	 	 
1702	11	1	2	3
1702	12	1	2	1
1702	13	1	1	1
1702	14	1	1	1
1702	15	0	 	 
1703	1	0	 	 
1703	2	0	 	 
1703	3	1	2	3
1703	4	1	2	3
1703	5	0	 	 
1703	6	1	1	3
1703	7	0	 	 
1703	8	1	2	2
1703	9	0	 	 
1703	10	0	 	 
1703	11	0	 	 
1703	12	0	 	 
1703	13	0	 	 
1703	14	0	 	 
1703	15	0	 	 
1704	1	0	 	 
1704	2	1	1	2
1704	3	1	1	2
1704	4	1	2	3
1704	5	0	 	 
1704	6	1	2	3
1704	7	0	 	 
1704	8	1	1	1
1704	9	1	1	2
1704	10	0	 	 
1704	11	0	 	 
1704	12	1	1	2
1704	13	0	 	 
1704	14	1	1	2
1704	15	0	 	 
1705	1	0	 	 
1705	2	0	 	 
1705	3	0	 	 
1705	4	1	2	2
1705	5	0	 	 
1705	6	0	 	 
1705	7	0	 	 
1705	8	1	2	2
1705	9	0	 	 
1705	10	0	 	 
1705	11	0	 	 
1705	12	0	 	 
1705	13	0	 	 
1705	14	0	 	 
1705	15	0	 	 
1706	1	0	 	 
1706	2	0	 	 
1706	3	1	2	3
1706	4	0	 	 
1706	5	0	 	 
1706	6	1	2	3
1706	7	1	2	2
1706	8	1	2	2
1706	9	1	2	3
1706	10	0	 	 
1706	11	0	 	 
1706	12	0	 	 
1706	13	0	 	 
1706	14	1	2	2
1706	15	0	 	 
1708	1	0	 	 
1708	2	0	 	 
1708	3	0	 	 
1708	4	1	2	2
1708	5	0	 	 
1708	6	0	 	 
1708	7	0	 	 
1708	8	1	2	2
1708	9	0	 	 
1708	10	0	 	 
1708	11	0	 	 
1708	12	0	 	 
1708	13	0	 	 
1708	14	0	 	 
1708	15	0	 	 
1709	1	0	 	 
1709	2	0	 	 
1709	3	0	 	 
1709	4	0	 	 
1709	5	0	 	 
1709	6	1	2	3
1709	7	0	 	 
1709	8	1	2	2
1709	9	0	 	 
1709	10	0	 	 
1709	11	0	 	 
1709	12	0	 	 
1709	13	0	 	 
1709	14	1	2	1
1709	15	0	 	 
1710	1	0	 	 
1710	2	1	2	2
1710	3	0	 	 
1710	4	1	1	2
1710	5	0	 	 
1710	6	1	2	2
1710	7	0	 	 
1710	8	0	 	 
1710	9	0	 	 
1710	10	0	 	 
1710	11	1	1	3
1710	12	0	 	 
1710	13	1	2	3
1710	14	0	 	 
1710	15	0	 	 
1711	1	0	 	 
1711	2	0	 	 
1711	3	1	2	3
1711	4	0	 	 
1711	5	0	 	 
1711	6	1	2	2
1711	7	0	 	 
1711	8	1	2	2
1711	9	0	 	 
1711	10	0	 	 
1711	11	0	 	 
1711	12	0	 	 
1711	13	0	 	 
1711	14	1	2	2
1711	15	0	 	 
1801	1	0	 	 
1801	2	0	 	 
1801	3	1	2	2
1801	4	0	 	 
1801	5	0	 	 
1801	6	1	2	2
1801	7	0	 	 
1801	8	1	2	2
1801	9	0	 	 
1801	10	0	 	 
1801	11	0	 	 
1801	12	0	 	 
1801	13	0	 	 
1801	14	0	 	 
1801	15	0	 	 
1802	1	0	 	 
1802	2	0	 	 
1802	3	0	 	 
1802	4	1	2	2
1802	5	0	 	 
1802	6	0	 	 
1802	7	0	 	 
1802	8	1	2	2
1802	9	1	2	3
1802	10	0	 	 
1802	11	0	 	 
1802	12	1	2	3
1802	13	0	 	 
1802	14	0	 	 
1802	15	0	 	 
1803	1	0	 	 
1803	2	0	 	 
1803	3	0	 	 
1803	4	1	2	2
1803	5	0	 	 
1803	6	0	 	 
1803	7	0	 	 
1803	8	1	2	2
1803	9	1	2	3
1803	10	0	 	 
1803	11	0	 	 
1803	12	1	2	3
1803	13	0	 	 
1803	14	0	 	 
1803	15	0	 	 
1804	1	0	 	 
1804	2	0	 	 
1804	3	1	2	2
1804	4	1	2	2
1804	5	0	 	 
1804	6	1	2	1
1804	7	0	 	 
1804	8	1	1	2
1804	9	1	1	2
1804	10	0	 	 
1804	11	1	2	3
1804	12	1	2	3
1804	13	1	2	3
1804	14	1	2	3
1804	15	0	 	 
1806	1	0	 	 
1806	2	0	 	 
1806	3	0	 	 
1806	4	1	2	2
1806	5	0	 	 
1806	6	0	 	 
1806	7	0	 	 
1806	8	0	 	 
1806	9	1	2	3
1806	10	0	 	 
1806	11	0	 	 
1806	12	1	2	3
1806	13	0	 	 
1806	14	0	 	 
1806	15	0	 	 
1807	1	0	 	 
1807	2	0	 	 
1807	3	1	2	3
1807	4	1	2	2
1807	5	0	 	 
1807	6	1	2	2
1807	7	0	 	 
1807	8	1	2	2
1807	9	0	 	 
1807	10	0	 	 
1807	11	1	2	3
1807	12	1	2	3
1807	13	1	2	2
1807	14	0	 	 
1807	15	1	2	3
1901	1	0	 	 
1901	2	1	1	1
1901	3	1	2	3
1901	4	0	 	 
1901	5	0	 	 
1901	6	0	 	 
1901	7	0	 	 
1901	8	0	 	 
1901	9	0	 	 
1901	10	0	 	 
1901	11	0	 	 
1901	12	1	1	1
1901	13	0	 	 
1901	14	1	1	2
1901	15	1	1	1
1902	1	1	2	4
1902	2	1	2	3
1902	3	0	 	 
1902	4	0	 	 
1902	5	0	 	 
1902	6	0	 	 
1902	7	0	 	 
1902	8	0	 	 
1902	9	0	 	 
1902	10	0	 	 
1902	11	0	 	 
1902	12	1	2	2
1902	13	0	 	 
1902	14	1	1	4
1902	15	1	1	2
1903	1	0	 	 
1903	2	1	2	2
1903	3	1	2	2
1903	4	0	 	 
1903	5	0	 	 
1903	6	1	2	2
1903	7	0	 	 
1903	8	1	2	2
1903	9	0	 	 
1903	10	0	 	 
1903	11	0	 	 
1903	12	1	2	1
1903	13	0	 	 
1903	14	0	 	 
1903	15	0	 	 
1904	1	0	 	 
1904	2	1	2	3
1904	3	1	2	3
1904	4	1	2	3
1904	5	0	 	 
1904	6	1	2	3
1904	7	0	 	 
1904	8	0	 	 
1904	9	0	 	 
1904	10	0	 	 
1904	11	0	 	 
1904	12	1	2	3
1904	13	0	 	 
1904	14	1	2	3
1904	15	0	 	 
1905	1	0	 	 
1905	2	0	 	 
1905	3	1	2	3
1905	4	1	2	3
1905	5	0	 	 
1905	6	0	 	 
1905	7	0	 	 
1905	8	0	 	 
1905	9	1	1	2
1905	10	0	 	 
1905	11	1	2	3
1905	12	1	2	1
1905	13	1	2	3
1905	14	0	 	 
1905	15	1	2	2
2001	1	0	 	 
2001	2	0	 	 
2001	3	0	 	 
2001	4	0	 	 
2001	5	1	2	3
2001	6	0	 	 
2001	7	1	2	3
2001	8	1	2	3
2001	9	1	1	2
2001	10	0	 	 
2001	11	1	1	2
2001	12	0	 	 
2001	13	1	2	1
2001	14	1	2	2
2001	15	1	1	2
2002	1	0	 	 
2002	2	0	 	 
2002	3	0	 	 
2002	4	0	 	 
2002	5	0	 	 
2002	6	1	2	3
2002	7	0	 	 
2002	8	1	2	3
2002	9	1	2	3
2002	10	0	 	 
2002	11	0	 	 
2002	12	0	 	 
2002	13	1	2	3
2002	14	1	2	3
2002	15	0	 	 
2003	1	0	 	 
2003	2	0	 	 
2003	3	0	 	 
2003	4	0	 	 
2003	5	0	 	 
2003	6	1	2	2
2003	7	1	2	2
2003	8	1	2	2
2003	9	1	2	3
2003	10	0	 	 
2003	11	1	2	2
2003	12	0	 	 
2003	13	1	2	3
2003	14	0	 	 
2003	15	0	 	 
2004	1	0	 	 
2004	2	0	 	 
2004	3	0	 	 
2004	4	0	 	 
2004	5	0	 	 
2004	6	1	2	2
2004	7	1	1	2
2004	8	1	2	2
2004	9	1	2	2
2004	10	0	 	 
2004	11	1	2	1
2004	12	0	 	 
2004	13	1	2	2
2004	14	0	 	 
2004	15	0	 	 
2005	1	0	 	 
2005	2	0	 	 
2005	3	0	 	 
2005	4	0	 	 
2005	5	0	 	 
2005	6	0	 	 
2005	7	0	 	 
2005	8	1	2	3
2005	9	1	2	3
2005	10	0	 	 
2005	11	1	2	3
2005	12	0	 	 
2005	13	1	2	3
2005	14	0	 	 
2005	15	0	 	 
2006	1	0	 	 
2006	2	0	 	 
2006	3	0	 	 
2006	4	0	 	 
2006	5	0	 	 
2006	6	1	1	2
2006	7	1	1	2
2006	8	1	1	2
2006	9	1	2	1
2006	10	0	 	 
2006	11	0	 	 
2006	12	0	 	 
2006	13	0	 	 
2006	14	1	1	2
2006	15	0	 	 
2007	1	0	 	 
2007	2	0	 	 
2007	3	0	 	 
2007	4	0	 	 
2007	5	0	 	 
2007	6	1	1	2
2007	7	1	1	2
2007	8	1	1	2
2007	9	1	2	3
2007	10	0	 	 
2007	11	1	1	1
2007	12	0	 	 
2007	13	1	1	2
2007	14	0	 	 
2007	15	0	 	 
2008	1	0	 	 
2008	2	0	 	 
2008	3	0	 	 
2008	4	0	 	 
2008	5	0	 	 
2008	6	0	 	 
2008	7	0	 	 
2008	8	1	2	3
2008	9	1	2	3
2008	10	0	 	 
2008	11	0	 	 
2008	12	0	 	 
2008	13	0	 	 
2008	14	1	2	3
2008	15	0	 	 
8002	1	0	 	 
8002	2	0	 	 
8002	3	0	 	 
8002	4	0	 	 
8002	5	0	 	 
8002	6	0	 	 
8002	7	0	 	 
8002	8	0	 	 
8002	9	1	2	2
8002	10	0	 	 
8002	11	1	2	2
8002	12	0	 	 
8002	13	0	 	 
8002	14	0	 	 
8002	15	0	 	 
8003	1	0	 	 
8003	2	0	 	 
8003	3	0	 	 
8003	4	1	1	3
8003	5	0	 	 
8003	6	0	 	 
8003	7	0	 	 
8003	8	1	2	3
8003	9	0	 	 
8003	10	1	2	3
8003	11	1	2	3
8003	12	1	1	2
8003	13	1	2	3
8003	14	1	1	2
8003	15	0	 	 
8004	1	0	 	 
8004	2	0	 	 
8004	3	0	 	 
8004	4	0	 	 
8004	5	0	 	 
8004	6	0	 	 
8004	7	0	 	 
8004	8	0	 	 
8004	9	0	 	 
8004	10	0	 	 
8004	11	0	 	 
8004	12	0	 	 
8004	13	0	 	 
8004	14	0	 	 
8004	15	0	 	 
8006	1	0	 	 
8006	2	0	 	 
8006	3	0	 	 
8006	4	1	2	3
8006	5	0	 	 
8006	6	1	2	3
8006	7	0	 	 
8006	8	0	 	 
8006	9	0	 	 
8006	10	0	 	 
8006	11	0	 	 
8006	12	1	1	3
8006	13	1	1	2
8006	14	0	 	 
8006	15	0	 	 
8007	1	0	 	 
8007	2	0	 	 
8007	3	1	1	2
8007	4	1	1	2
8007	5	0	 	 
8007	6	0	 	 
8007	7	0	 	 
8007	8	1	1	2
8007	9	1	1	3
8007	10	1	2	88
8007	11	0	 	 
8007	12	0	 	 
8007	13	1	2	3
8007	14	1	1	2
8007	15	0	 	 
8008	1	0	 	 
8008	2	0	 	 
8008	3	1	2	3
8008	4	0	 	 
8008	5	0	 	 
8008	6	0	 	 
8008	7	0	 	 
8008	8	0	 	 
8008	9	0	 	 
8008	10	0	 	 
8008	11	1	2	3
8008	12	0	 	 
8008	13	1	2	2
8008	14	1	1	3
8008	15	0	 	 
8010	1	0	 	 
8010	2	0	 	 
8010	3	1	2	3
8010	4	0	 	 
8010	5	0	 	 
8010	6	0	 	 
8010	7	0	 	 
8010	8	0	 	 
8010	9	0	 	 
8010	10	0	 	 
8010	11	1	2	3
8010	12	1	2	3
8010	13	1	2	3
8010	14	1	2	2
8010	15	1	2	2
8011	1	0	 	 
8011	2	0	 	 
8011	3	0	 	 
8011	4	0	 	 
8011	5	0	 	 
8011	6	0	 	 
8011	7	0	 	 
8011	8	1	2	1
8011	9	0	 	 
8011	10	1	2	3
8011	11	1	1	3
8011	12	0	 	 
8011	13	1	2	3
8011	14	0	 	 
8011	15	0	 	 
8012	1	0	 	 
8012	2	1	2	2
8012	3	0	 	 
8012	4	0	 	 
8012	5	0	 	 
8012	6	1	1	3
8012	7	0	 	 
8012	8	0	 	 
8012	9	0	 	 
8012	10	0	 	 
8012	11	0	 	 
8012	12	1	2	2
8012	13	0	 	 
8012	14	0	 	 
8012	15	0	 	 
8014	1	0	 	 
8014	2	0	 	 
8014	3	1	1	2
8014	4	1	1	2
8014	5	0	 	 
8014	6	0	 	 
8014	7	0	 	 
8014	8	1	2	2
8014	9	0	 	 
8014	10	0	 	 
8014	11	1	2	2
8014	12	1	1	2
8014	13	1	2	2
8014	14	1	1	2
8014	15	0	 	 
8015	1	0	 	 
8015	2	0	 	 
8015	3	1	1	2
8015	4	1	1	2
8015	5	0	 	 
8015	6	0	 	 
8015	7	0	 	 
8015	8	1	2	2
8015	9	1	2	2
8015	10	0	 	 
8015	11	0	 	 
8015	12	1	2	2
8015	13	0	 	 
8015	14	1	2	1
8015	15	0	 	 
8016	1	0	 	 
8016	2	0	 	 
8016	3	1	2	2
8016	4	0	 	 
8016	5	0	 	 
8016	6	0	 	 
8016	7	0	 	 
8016	8	1	2	2
8016	9	1	2	3
8016	10	0	 	 
8016	11	1	2	2
8016	12	0	 	 
8016	13	1	2	2
8016	14	1	2	2
8016	15	1	2	4
8017	1	0	 	 
8017	2	0	 	 
8017	3	0	 	 
8017	4	0	 	 
8017	5	0	 	 
8017	6	0	 	 
8017	7	0	 	 
8017	8	1	2	2
8017	9	0	 	 
8017	10	0	 	 
8017	11	1	1	3
8017	12	0	 	 
8017	13	1	2	3
8017	14	0	 	 
8017	15	0	 	 
8018	1	0	 	 
8018	2	0	 	 
8018	3	1	2	3
8018	4	1	2	3
8018	5	0	 	 
8018	6	0	 	 
8018	7	0	 	 
8018	8	1	2	2
8018	9	0	 	 
8018	10	0	 	 
8018	11	1	2	3
8018	12	1	2	1
8018	13	0	 	 
8018	14	0	 	 
8018	15	1	2	2
8019	1	0	 	 
8019	2	0	 	 
8019	3	1	1	1
8019	4	1	2	1
8019	5	0	 	 
8019	6	0	 	 
8019	7	0	 	 
8019	8	1	2	1
8019	9	0	 	 
8019	10	1	2	1
8019	11	0	 	 
8019	12	0	 	 
8019	13	1	2	1
8019	14	0	 	 
8019	15	0	 	 
8020	1	0	 	 
8020	2	0	 	 
8020	3	1	1	1
8020	4	0	 	 
8020	5	0	 	 
8020	6	0	 	 
8020	7	0	 	 
8020	8	1	1	3
8020	9	0	 	 
8020	10	0	 	 
8020	11	0	 	 
8020	12	1	1	3
8020	13	0	 	 
8020	14	1	2	3
8020	15	0	 	 
8021	1	0	 	 
8021	2	0	 	 
8021	3	1	2	3
8021	4	0	 	 
8021	5	0	 	 
8021	6	0	 	 
8021	7	0	 	 
8021	8	0	 	 
8021	9	0	 	 
8021	10	0	 	 
8021	11	1	2	3
8021	12	0	 	 
8021	13	0	 	 
8021	14	0	 	 
8021	15	0	 	 
8022	1	0	 	 
8022	2	0	 	 
8022	3	0	 	 
8022	4	1	1	1
8022	5	0	 	 
8022	6	0	 	 
8022	7	0	 	 
8022	8	1	1	1
8022	9	0	 	 
8022	10	0	 	 
8022	11	0	 	 
8022	12	0	 	 
8022	13	0	 	 
8022	14	1	2	2
8022	15	0	 	 
8023	1	0	 	 
8023	2	0	 	 
8023	3	0	 	 
8023	4	0	 	 
8023	5	0	 	 
8023	6	0	 	 
8023	7	0	 	 
8023	8	1	2	1
8023	9	0	 	 
8023	10	1	2	2
8023	11	1	2	2
8023	12	0	 	 
8023	13	0	 	 
8023	14	0	 	 
8023	15	0	 	 
8024	1	0	 	 
8024	2	0	 	 
8024	3	0	 	 
8024	4	0	 	 
8024	5	0	 	 
8024	6	0	 	 
8024	7	0	 	 
8024	8	1	2	2
8024	9	1	2	2
8024	10	0	 	 
8024	11	0	 	 
8024	12	1	2	3
8024	13	0	 	 
8024	14	0	 	 
8024	15	0	 	 
8025	1	1	1	2
8025	2	0	 	 
8025	3	0	 	 
8025	4	1	1	2
8025	5	0	 	 
8025	6	0	 	 
8025	7	0	 	 
8025	8	0	 	 
8025	9	1	2	2
8025	10	1	1	2
8025	11	1	1	3
8025	12	1	2	2
8025	13	0	 	 
8025	14	1	2	3
8025	15	0	 	 
8026	1	0	 	 
8026	2	0	 	 
8026	3	1	1	2
8026	4	1	2	2
8026	5	0	 	 
8026	6	0	 	 
8026	7	0	 	 
8026	8	1	2	2
8026	9	0	 	 
8026	10	0	 	 
8026	11	1	1	3
8026	12	0	 	 
8026	13	1	2	3
8026	14	0	 	 
8026	15	0	 	 
8027	1	0	 	 
8027	2	0	 	 
8027	3	0	 	 
8027	4	0	 	 
8027	5	0	 	 
8027	6	0	 	 
8027	7	0	 	 
8027	8	0	 	 
8027	9	0	 	 
8027	10	0	 	 
8027	11	1	2	3
8027	12	1	2	2
8027	13	1	2	2
8027	14	0	 	 
8027	15	0	 	 
8028	1	0	 	 
8028	2	0	 	 
8028	3	0	 	 
8028	4	0	 	 
8028	5	0	 	 
8028	6	0	 	 
8028	7	0	 	 
8028	8	0	 	 
8028	9	0	 	 
8028	10	0	 	 
8028	11	1	2	2
8028	12	0	 	 
8028	13	1	1	1
8028	14	0	 	 
8028	15	0	 	 
