CHILDID	LOANID	LOANTYPE	LOANSRCE	LOANIMPT	LOANKIDS	LOANREPY
VN011003	1	1	6	1	1	2
VN011004	1	2	8	3	3	2
VN011005	1	1	2	2	2	2
VN011007	1	1	6	2	2	2
VN011008	1	1	2	1	1	1
VN011011	1	2	8	2	2	2
VN011012	1	1	3	1	2	2
VN011016	1	2	8	2	2	3
VN011017	1	1	6	2	2	1
VN011021	1	1	6	1	1	2
VN011022	1	1	6	2	2	2
VN011024	1	1	2	2	2	2
VN011028	1	2	7	2	2	2
VN011029	1	2	8	3	3	2
VN011030	1	1	2	1	1	3
VN011031	1	1	1	2	2	3
VN011031	2	1	2	2	2	3
VN011031	3	2	8	2	2	3
VN011033	1	1	1	2	1	2
VN011034	1	1	2	1	1	1
VN011035	1	2	7	2	2	2
VN011038	1	2	8	2	2	3
VN011040	1	1	1	2	2	3
VN011043	1	2	7	3	3	3
VN011050	1	2	8	2	2	3
VN011052	1	1	3	1	1	2
VN011063	1	1	2	1	1	2
VN021002	1	1	1	2	3	3
VN021002	2	2	8	2	2	1
VN021004	1	1	3	1	1	2
VN021007	1	2	8	2	2	1
VN021008	1	1	2	2	2	2
VN021009	1	2	7	2	2	2
VN021009	2	2	8	2	2	1
VN021011	1	2	8	2	2	1
VN021012	1	2	8	2	2	1
VN021013	1	2	8	1	1	3
VN021017	1	1	6	1	1	1
VN021018	1	1	6	1	1	1
VN021020	1	2	8	2	2	2
VN021023	1	1	6	1	1	1
VN021025	1	1	2	3	2	2
VN021025	2	1	6	3	2	2
VN021025	3	2	8	3	2	2
VN021026	1	1	2	2	2	2
VN021026	2	2	8	2	2	1
VN021027	1	1	2	2	2	3
VN021029	1	1	6	3	3	1
VN021034	1	2	8	3	3	1
VN021038	1	1	2	3	3	2
VN021038	2	2	8	2	2	1
VN021040	1	2	8	2	2	2
VN021046	1	2	8	3	3	2
VN021047	1	2	7	2	2	2
VN021065	1	2	8	1	1	1
VN021069	1	2	8	2	2	1
VN021078	1	1	6	2	2	2
VN021083	1	2	8	2	2	1
VN021090	1	1	3	1	1	1
VN021094	1	1	2	2	2	2
VN031002	1	1	2	1	1	1
VN031003	1	1	2	1	1	3
VN031003	2	2	7	1	1	3
VN031009	1	1	3	2	2	2
VN031011	1	1	3	1	1	2
VN031012	1	1	1	2	2	2
VN031013	1	2	8	2	2	3
VN031021	1	1	2	2	2	1
VN031025	1	2	10	2	2	2
VN031028	1	2	8	2	2	3
VN031031	1	2	7	2	2	3
VN031032	1	1	3	1	1	2
VN031034	1	2	8	1	2	3
VN031035	1	1	3	2	2	2
VN031037	1	1	3	2	2	2
VN031039	1	1	3	2	2	2
VN031040	1	2	8	2	2	3
VN031041	1	1	2	2	2	2
VN031043	1	1	2	2	2	3
VN031046	1	1	2	2	2	2
VN031047	1	1	2	1	1	3
VN031058	1	1	1	2	2	2
VN031059	1	2	7	2	2	2
VN031060	1	2	7	3	3	2
VN031098	1	1	2	2	2	2
VN031108	1	2	8	2	2	2
VN041003	1	1	1	2	2	1
VN041006	1	2	8	2	2	1
VN041007	1	1	3	2	2	1
VN041008	1	1	1	3	3	1
VN041009	1	1	2	2	2	1
VN041011	1	1	2	2	2	2
VN041012	1	1	6	2	2	3
VN041013	1	2	7	2	2	2
VN041014	1	1	2	3	3	3
VN041015	1	1	2	1	1	1
VN041016	1	1	5	1	1	2
VN041017	1	1	2	1	1	3
VN041020	1	1	2	2	2	2
VN041021	1	1	2	2	2	99
VN041022	1	1	2	1	1	2
VN041027	1	1	2	2	2	1
VN041028	1	1	6	2	2	3
VN041030	1	1	3	4	3	3
VN041031	1	1	1	1	1	3
VN041032	1	1	3	1	1	3
VN041034	1	1	2	2	2	2
VN041037	1	1	2	2	2	3
VN041038	1	2	8	2	2	2
VN041039	1	2	8	2	2	2
VN041041	1	1	2	2	2	2
VN041042	1	1	2	3	3	1
VN041043	1	1	4	2	2	2
VN041046	1	1	2	1	1	1
VN041047	1	1	2	1	1	1
VN041049	1	1	2	1	1	1
VN041050	1	1	2	2	2	2
VN041050	2	1	6	2	2	1
VN041092	1	1	2	2	2	3
VN041109	1	1	2	2	3	2
VN041110	1	1	1	2	2	1
VN041114	1	1	1	2	2	2
VN051003	1	1	2	2	2	2
VN051004	1	2	7	2	2	2
VN051006	1	2	8	1	1	2
VN051006	2	2	7	1	1	2
VN051008	1	2	7	2	2	3
VN051010	1	1	1	2	2	2
VN051011	1	2	8	1	1	2
VN051012	1	1	3	3	3	3
VN051013	1	1	1	2	2	2
VN051015	1	1	1	2	2	3
VN051016	1	1	2	3	3	3
VN051016	2	2	7	2	3	2
VN051018	1	2	7	1	3	1
VN051020	1	2	8	3	3	3
VN051021	1	1	2	3	3	3
VN051022	1	1	2	1	1	2
VN051024	1	1	2	3	3	3
VN051024	2	2	7	2	2	2
VN051025	1	1	1	1	1	2
VN051028	1	1	1	2	2	3
VN051028	2	2	7	2	2	3
VN051031	1	2	8	1	1	1
VN051033	1	1	2	2	3	3
VN051037	1	1	2	2	2	3
VN051038	1	1	2	2	2	1
VN051044	1	1	2	2	2	3
VN051048	1	1	2	4	3	3
VN051057	1	1	1	4	4	3
VN061001	1	2	7	2	2	2
VN061003	1	1	2	2	2	2
VN061008	1	1	3	3	3	1
VN061009	1	2	8	2	2	1
VN061012	1	1	6	3	3	3
VN061014	1	1	2	2	2	2
VN061015	1	1	2	2	2	2
VN061018	1	1	1	3	3	2
VN061023	1	2	8	2	2	2
VN061028	1	1	1	2	2	1
VN061032	1	2	7	4	3	2
VN061034	1	1	1	2	2	1
VN061036	1	1	2	3	3	2
VN061038	1	1	3	2	2	3
VN061041	1	1	6	3	3	3
VN061043	1	1	2	2	2	3
VN061046	1	1	2	2	2	1
VN061047	1	2	8	3	3	1
VN061048	1	1	2	1	1	1
VN061049	1	1	2	2	2	2
VN061050	1	2	8	2	2	3
VN061052	1	1	2	2	3	1
VN061055	1	1	2	3	3	1
VN061057	1	1	2	2	2	1
VN061076	1	1	1	2	2	2
VN071002	1	1	1	2	2	3
VN071002	2	2	7	2	2	3
VN071004	1	1	1	1	1	1
VN071005	1	2	7	2	2	3
VN071007	1	1	2	3	3	2
VN071008	1	1	2	1	1	1
VN071009	1	1	2	1	1	1
VN071011	1	2	8	1	3	1
VN071019	1	2	8	2	2	2
VN071021	1	2	8	1	2	2
VN071023	1	2	8	77	77	1
VN071025	1	2	8	3	3	4
VN071026	1	2	8	2	2	3
VN071027	1	2	8	3	3	3
VN071028	1	2	7	1	2	1
VN071032	1	2	8	2	2	3
VN071034	1	2	2	1	3	2
VN071036	1	1	2	2	2	3
VN071037	1	2	7	2	2	1
VN071042	1	1	2	3	3	3
VN071043	1	1	2	2	3	3
VN071044	1	1	3	2	3	2
VN071047	1	2	8	2	2	1
VN071048	1	1	2	2	2	3
VN071097	1	1	3	2	1	1
VN071112	1	2	7	2	3	2
VN071121	1	1	2	2	2	3
VN081006	1	2	8	1	1	2
VN081007	1	1	2	2	2	1
VN081008	1	1	2	4	3	3
VN081008	2	2	7	4	3	3
VN081009	1	2	7	2	2	3
VN081010	1	1	2	2	2	1
VN081013	1	2	7	2	2	3
VN081018	1	1	2	2	2	1
VN081020	1	1	2	2	2	1
VN081021	1	2	8	3	3	3
VN081022	1	1	1	2	2	1
VN081023	1	2	7	3	3	2
VN081025	1	2	8	2	2	3
VN081026	1	1	1	2	2	3
VN081028	1	1	2	1	2	2
VN081029	1	1	1	2	3	1
VN081032	1	1	2	2	3	3
VN081035	1	1	2	2	3	2
VN081038	1	1	3	1	1	1
VN081043	1	2	7	2	2	2
VN081046	1	2	8	2	2	2
VN081047	1	2	7	4	4	3
VN081092	1	1	2	2	2	1
VN081105	1	1	3	2	2	1
VN081108	1	1	2	2	2	1
VN081120	1	1	1	2	2	2
VN081130	1	2	7	2	3	1
VN081152	1	1	1	2	2	3
VN081152	2	2	8	2	2	2
VN091003	1	1	2	1	2	2
VN091003	2	2	7	2	2	2
VN091005	1	1	1	1	3	2
VN091006	1	1	1	1	2	2
VN091011	1	2	7	2	2	1
VN091014	1	2	7	1	2	1
VN091017	1	2	7	2	3	2
VN091022	1	2	8	1	3	1
VN091024	1	1	1	2	2	1
VN091024	2	2	7	2	2	1
VN091025	1	1	1	3	3	3
VN091028	1	1	1	3	3	3
VN091030	1	2	7	2	2	2
VN091031	1	2	8	2	2	2
VN091039	1	2	8	2	2	1
VN091042	1	2	7	2	2	2
VN091046	1	2	7	4	3	2
VN091048	1	1	2	1	2	2
VN091050	1	2	7	3	3	1
VN091057	1	1	2	1	1	3
VN101001	1	2	8	2	2	1
VN101005	1	1	1	1	1	1
VN101010	1	1	3	3	3	1
VN101016	1	1	2	2	2	2
VN101017	1	1	3	2	2	2
VN101018	1	1	6	2	2	3
VN101019	1	1	1	2	2	2
VN101020	1	2	7	3	3	1
VN101021	1	1	3	2	2	2
VN101021	2	2	8	2	2	1
VN101022	1	1	1	2	2	2
VN101024	1	2	8	2	3	1
VN101025	1	2	7	2	2	3
VN101029	1	1	1	2	2	1
VN101030	1	2	8	2	2	1
VN101036	1	2	8	2	2	1
VN101037	1	2	7	4	3	3
VN101039	1	2	7	3	3	3
VN101041	1	1	3	2	2	2
VN101043	1	1	1	2	2	2
VN101045	1	2	8	3	3	3
VN101047	1	2	8	3	3	2
VN111001	1	1	2	1	3	3
VN111002	1	1	2	2	2	2
VN111003	1	1	2	2	3	2
VN111004	1	1	2	2	2	3
VN111005	1	1	3	2	2	2
VN111009	1	1	2	2	3	2
VN111010	1	1	3	1	1	2
VN111014	1	1	1	1	1	1
VN111016	1	1	2	2	2	1
VN111020	1	1	1	2	2	1
VN111022	1	1	2	1	1	1
VN111025	1	1	2	2	2	2
VN111027	1	1	2	2	2	2
VN111030	1	1	2	2	2	1
VN111030	2	2	8	2	2	1
VN111032	1	1	1	1	2	2
VN111034	1	1	2	1	1	1
VN111036	1	1	2	2	2	1
VN111038	1	1	1	1	1	1
VN111039	1	1	2	2	2	1
VN111040	1	1	2	2	2	2
VN111041	1	1	1	2	2	1
VN111042	1	1	2	2	2	2
VN111043	1	1	2	2	2	2
VN111045	1	1	2	1	2	2
VN111047	1	1	2	2	2	1
VN111057	1	1	2	3	3	2
VN111065	1	1	5	1	1	2
VN111086	1	1	3	1	1	2
VN121001	1	1	2	1	1	1
VN121002	1	1	2	2	2	2
VN121005	1	2	8	1	1	1
VN121007	1	1	1	2	2	2
VN121008	1	1	1	2	2	1
VN121009	1	1	1	1	1	1
VN121013	1	1	1	2	2	3
VN121014	1	1	1	2	2	3
VN121014	2	1	2	2	2	3
VN121019	1	2	8	1	2	2
VN121020	1	2	8	2	2	2
VN121025	1	1	2	1	1	2
VN121030	1	1	1	2	2	3
VN121031	1	2	8	2	2	1
VN121032	1	1	1	2	2	2
VN121034	1	2	8	2	2	3
VN121036	1	1	2	2	2	1
VN121038	1	1	2	2	2	3
VN121040	1	1	2	1	1	1
VN121041	1	1	2	2	2	3
VN121042	1	1	2	2	2	3
VN121045	1	2	8	2	2	1
VN121050	1	1	2	2	2	1
VN121063	1	1	2	1	1	2
VN121124	1	1	1	2	2	3
VN131001	1	2	8	3	3	2
VN131002	1	2	8	2	2	2
VN131004	1	1	2	1	1	2
VN131004	2	1	6	1	1	2
VN131006	1	2	8	3	3	2
VN131008	1	1	1	3	3	2
VN131010	1	1	1	3	3	1
VN131010	2	2	7	3	3	1
VN131010	3	2	8	3	3	1
VN131011	1	2	7	4	4	3
VN131011	2	1	6	3	3	3
VN131012	1	1	5	2	3	1
VN131020	1	2	8	2	3	1
VN131021	1	1	6	3	3	2
VN131024	1	99	7	2	3	2
VN131025	1	2	8	3	3	1
VN131027	1	2	7	2	2	1
VN131030	1	1	6	2	2	2
VN131037	1	1	1	3	3	2
VN131037	2	2	8	3	3	2
VN131038	1	1	1	3	3	2
VN131038	2	1	2	3	3	2
VN131039	1	2	8	3	3	99
VN131042	1	2	8	3	1	1
VN131045	1	1	2	3	3	2
VN131046	1	2	8	4	3	2
VN131048	1	2	8	1	1	3
VN131049	1	2	8	2	3	1
VN131052	1	1	3	3	3	1
VN131053	1	1	6	3	3	1
VN131054	1	2	7	1	1	2
VN131058	1	2	8	3	3	1
VN141002	1	1	1	2	2	2
VN141004	1	2	8	3	3	2
VN141007	1	1	1	3	3	2
VN141008	1	1	3	1	1	2
VN141010	1	1	1	2	2	2
VN141011	1	2	8	2	3	1
VN141012	1	1	1	2	2	1
VN141012	2	2	8	2	2	1
VN141013	1	1	2	1	1	2
VN141014	1	2	8	3	3	3
VN141014	2	2	6	3	3	3
VN141015	1	99	8	3	3	2
VN141016	1	1	1	2	2	2
VN141016	2	2	8	2	2	1
VN141017	1	1	1	3	3	2
VN141017	2	1	6	3	3	2
VN141019	1	1	6	3	4	1
VN141019	2	2	8	3	4	1
VN141020	1	1	1	3	3	3
VN141020	2	2	8	3	3	2
VN141025	1	1	1	2	3	2
VN141025	2	1	5	2	3	2
VN141025	3	2	8	2	3	2
VN141027	1	1	5	3	3	2
VN141027	2	2	8	3	3	2
VN141029	1	1	1	1	1	3
VN141029	2	2	8	1	1	2
VN141030	1	1	2	2	2	1
VN141031	1	1	1	1	1	1
VN141033	1	1	2	1	2	2
VN141033	2	2	7	1	2	2
VN141034	1	1	2	1	1	1
VN141035	1	1	1	2	2	1
VN141037	1	1	1	2	3	2
VN141037	2	2	8	2	3	1
VN141041	1	2	7	4	2	2
VN141042	1	1	6	3	3	1
VN141042	2	2	8	3	3	1
VN141044	1	1	6	1	1	3
VN141049	1	2	7	4	4	2
VN141062	1	1	3	2	2	2
VN141062	2	1	10	2	2	2
VN151001	1	2	7	2	3	1
VN151002	1	1	1	1	2	2
VN151003	1	1	2	2	2	2
VN151005	1	1	2	1	1	3
VN151006	1	2	8	2	3	2
VN151008	1	2	8	3	3	2
VN151010	1	1	2	1	1	2
VN151011	1	2	6	2	3	2
VN151011	2	2	8	2	3	2
VN151012	1	1	2	4	3	2
VN151013	1	2	7	2	2	2
VN151014	1	1	2	4	4	2
VN151015	1	2	7	1	1	1
VN151017	1	1	2	2	3	2
VN151020	1	2	8	2	2	2
VN151021	1	2	8	4	3	2
VN151023	1	2	7	4	3	2
VN151024	1	2	8	1	1	1
VN151030	1	2	8	3	3	2
VN151031	1	1	2	2	2	2
VN151031	2	2	8	2	2	2
VN151032	1	2	8	4	3	3
VN151036	1	2	7	1	1	2
VN151037	1	2	7	4	4	2
VN151038	1	1	3	2	2	2
VN151038	2	2	8	2	2	2
VN151040	1	1	2	4	3	3
VN151040	2	2	8	4	3	2
VN151041	1	2	8	4	3	3
VN151043	1	2	8	2	2	2
VN151044	1	1	2	2	2	2
VN151044	2	2	8	2	2	2
VN151045	1	1	3	4	3	3
VN151045	2	1	6	4	3	3
VN151045	3	1	8	4	3	3
VN151046	1	2	8	2	2	1
VN151047	1	1	1	2	2	1
VN151049	1	2	8	3	3	1
VN151051	1	2	8	1	1	3
VN151075	1	2	8	1	1	2
VN151079	1	2	8	2	2	2
VN151081	1	1	6	4	3	3
VN161001	1	1	2	3	3	1
VN161001	2	2	8	3	3	1
VN161004	1	2	7	2	2	2
VN161006	1	2	8	3	3	2
VN161007	1	2	8	2	2	2
VN161007	2	1	2	2	2	2
VN161008	1	2	8	1	1	2
VN161009	1	2	8	1	1	3
VN161010	1	1	2	2	2	1
VN161011	1	2	8	1	1	2
VN161013	1	2	8	3	3	2
VN161015	1	1	2	1	1	3
VN161016	1	1	2	1	1	2
VN161016	2	1	6	1	1	2
VN161016	3	2	8	1	1	2
VN161017	1	2	8	3	3	3
VN161017	2	2	7	3	3	3
VN161020	1	1	2	1	1	1
VN161020	2	2	8	1	1	1
VN161022	1	2	8	4	4	2
VN161023	1	1	2	4	3	2
VN161025	1	1	2	4	4	3
VN161027	1	1	6	1	1	3
VN161028	1	1	3	2	2	2
VN161028	2	2	8	3	3	2
VN161029	1	2	6	3	3	2
VN161031	1	2	7	2	2	2
VN161032	1	1	1	2	2	2
VN161033	1	1	2	2	2	1
VN161034	1	2	2	2	2	2
VN161035	1	1	6	1	1	2
VN161035	2	2	8	1	1	2
VN161036	1	1	5	4	4	2
VN161036	2	2	8	4	4	2
VN161037	1	1	2	1	1	3
VN161037	2	2	8	1	1	3
VN161038	1	2	6	2	2	2
VN161039	1	1	2	2	2	3
VN161039	2	2	8	2	2	3
VN161040	1	1	2	1	1	2
VN161041	1	2	7	3	3	2
VN161042	1	2	7	2	2	2
VN161043	1	1	3	2	2	1
VN161043	2	2	8	2	2	1
VN161044	1	2	7	3	3	3
VN161045	1	1	6	1	2	3
VN161046	1	1	2	4	3	2
VN161047	1	1	2	1	1	3
VN161047	2	1	6	1	1	3
VN161048	1	1	2	2	2	2
VN161049	1	1	2	2	2	2
VN161049	2	1	6	2	2	2
VN161050	1	2	8	2	2	2
VN171004	1	1	1	2	2	1
VN171004	2	2	7	2	2	1
VN171006	1	2	8	2	2	2
VN171012	1	1	1	2	2	1
VN171013	1	1	3	5	5	3
VN171017	1	1	3	2	2	2
VN171018	1	1	2	2	3	1
VN171027	1	2	8	3	4	2
VN171037	1	2	7	2	3	2
VN171040	1	2	8	2	2	2
VN171043	1	1	6	2	2	2
VN171046	1	1	1	2	3	1
VN171059	1	2	7	2	2	2
VN171063	1	2	7	3	3	2
VN171080	1	2	8	3	3	2
VN181011	1	1	6	2	3	1
VN181014	1	1	1	2	2	2
VN181015	1	2	8	2	2	3
VN181015	2	2	7	2	2	3
VN181017	1	1	2	1	1	2
VN181022	1	2	8	2	1	2
VN181023	1	1	1	2	2	3
VN181023	2	2	8	2	2	3
VN181024	1	2	7	2	2	2
VN181026	1	2	8	1	2	3
VN181029	1	1	6	2	2	1
VN181033	1	1	6	1	3	1
VN181036	1	1	3	1	1	3
VN181042	1	1	1	2	1	3
VN181043	1	1	3	3	3	3
VN181044	1	2	8	2	2	3
VN181045	1	1	3	2	2	77
VN181046	1	2	7	2	2	2
VN181047	1	2	7	2	4	2
VN181049	1	1	6	1	1	2
VN181050	1	2	10	1	2	2
VN181073	1	1	1	2	2	2
VN181078	1	1	1	2	2	1
VN191001	1	2	8	2	2	2
VN191003	1	2	7	2	3	3
VN191006	1	1	1	1	1	1
VN191007	1	1	1	2	3	3
VN191008	1	1	1	2	2	2
VN191009	1	1	1	2	3	3
VN191012	1	1	1	2	2	2
VN191015	1	1	1	2	2	2
VN191016	1	1	2	3	4	2
VN191018	1	1	1	2	3	3
VN191021	1	1	3	2	2	2
VN191022	1	1	1	2	2	2
VN191026	1	2	8	2	3	2
VN191028	1	1	1	2	2	2
VN191033	1	1	6	1	1	3
VN191035	1	1	1	1	2	1
VN191038	1	1	1	1	1	3
VN191039	1	2	7	2	2	2
VN191040	1	1	1	2	2	3
VN191041	1	1	2	1	1	2
VN191045	1	1	1	2	2	1
VN191046	1	1	6	2	2	1
VN191047	1	1	1	2	2	2
VN191049	1	1	1	1	1	2
VN191050	1	2	8	2	2	1
VN191052	1	2	7	2	2	2
VN191057	1	2	7	2	2	1
VN191070	1	1	3	2	2	2
VN201002	1	2	7	2	3	2
VN201003	1	2	7	2	3	1
VN201004	1	2	8	2	3	2
VN201009	1	1	3	3	4	3
VN201011	1	2	7	2	2	3
VN201012	1	2	7	3	2	2
VN201012	2	2	8	3	2	2
VN201015	1	2	7	3	3	2
VN201016	1	2	8	2	2	1
VN201017	1	2	7	2	2	3
VN201025	1	1	3	2	2	3
VN201031	1	1	3	2	3	1
VN201038	1	2	7	2	3	3
VN201042	1	2	7	2	2	1
VN201044	1	1	1	2	3	1
VN201044	2	1	3	2	3	1
VN201044	3	2	8	2	3	1
VN201045	1	2	7	2	2	2
VN201046	1	2	8	3	3	3
VN201054	1	1	3	2	2	1
VN201056	1	1	1	2	2	2
VN201059	1	2	7	2	3	2
VN201068	1	2	8	3	3	3
VN201073	1	1	6	1	3	2
VN201074	1	1	2	1	1	2
VN201089	1	2	7	2	2	2
VN201104	1	1	2	1	3	3
VN201104	2	2	8	3	3	2
