FORMNO	CHILDID	GRPID	GROUP	IDGRP	YEARMEM	BENGRP1	BENGRP2	FRQATTEN	LEADMEM	YEARLEAD	PAREPOST	WHYJOIN	INFLNCE
R2INDX	IN010008	1	6	2	2004	3	6	3	0	-88	88	88	88
R2INDX	IN010008	2	6	3	2001	3	5	3	1	2001	0	5	2
R2INDX	IN010009	1	6	2	2006	4	3	3	0	-88	88	88	88
R2INDX	IN010011	1	6	2	2006	4	3	3	0	-88	88	88	88
R2INDX	IN010014	1	6	3	2006	11	1	3	0	-88	88	88	88
R2INDX	IN010021	1	6	2	2003	3	88	3	0	-88	88	88	88
R2INDX	IN010030	1	6	3	1999	3	5	3	0	-88	88	88	88
R2INDX	IN010035	1	6	2	2007	3	5	3	0	-88	88	88	88
R2INDX	IN010036	1	6	2	2006	3	5	3	0	-88	88	88	88
R2INDX	IN010037	1	6	2	2006	3	7	4	0	-88	88	88	88
R2INDX	IN010038	1	6	4	2005	3	4	4	1	2005	0	6	2
R2INDX	IN010038	2	6	7	2005	3	5	1	0	-88	88	88	88
R2INDX	IN010039	1	6	2	2006	3	5	77	0	-88	88	88	88
R2INDX	IN010043	1	6	2	2005	3	4	4	0	-88	88	88	88
R2INDX	IN010046	1	6	1	2007	4	3	3	1	-88	0	6	2
R2INDX	IN010051	1	6	2	2007	3	88	3	0	-88	88	88	88
R2INDX	IN010054	1	6	3	2000	3	5	3	0	-88	88	88	88
R2INDX	IN010059	1	6	2	2007	3	5	3	0	-88	88	88	88
R2INDX	IN010059	2	6	4	2007	3	5	3	0	-88	88	88	88
R2INDX	IN010070	1	6	2	2006	3	4	3	0	-88	88	88	88
R2INDX	IN010072	1	6	2	2007	4	3	3	0	-88	88	88	88
R2INDX	IN010073	1	6	4	2007	3	4	3	0	-88	88	88	88
R2INDX	IN010088	1	6	5	2007	3	4	3	0	-88	88	88	88
R2INDX	IN010090	1	6	5	2007	3	5	3	0	-88	88	88	88
R2INDX	IN010096	1	6	2	2004	3	6	3	0	-88	88	88	88
R2INDX	IN020002	1	6	2	2001	3	6	3	0	-88	88	88	88
R2INDX	IN020004	1	6	2	2002	3	6	3	1	2002	0	5	3
R2INDX	IN020005	1	6	2	2006	3	4	3	1	2006	0	6	2
R2INDX	IN020005	2	1	1	2007	3	6	6	0	-88	88	88	88
R2INDX	IN020006	1	6	2	2004	3	5	3	0	-88	88	88	88
R2INDX	IN020016	1	6	4	2004	3	88	3	0	-88	88	88	88
R2INDX	IN020020	1	6	2	2005	3	4	4	0	-88	88	88	88
R2INDX	IN020021	1	6	2	2006	3	88	4	0	-88	88	88	88
R2INDX	IN020022	1	6	4	2006	3	88	4	0	-88	88	88	88
R2INDX	IN020024	1	6	2	1998	3	6	3	1	1998	1	6	2
R2INDX	IN020025	1	6	1	2002	3	6	3	1	2006	1	5	3
R2INDX	IN020027	1	6	2	2006	3	6	3	1	2006	0	13	2
R2INDX	IN020029	1	6	2	2003	3	6	2	1	2003	0	5	2
R2INDX	IN020031	1	6	3	2003	3	6	3	0	-88	88	88	88
R2INDX	IN020033	1	6	2	2004	3	6	4	1	2004	0	6	2
R2INDX	IN020033	2	6	3	2004	3	4	4	0	-88	88	88	88
R2INDX	IN020033	3	6	5	2005	3	5	4	0	-88	88	88	88
R2INDX	IN020034	1	6	2	2006	3	4	3	1	2006	1	5	2
R2INDX	IN020035	1	6	2	2006	3	4	4	0	-88	88	88	88
R2INDX	IN020036	1	6	2	2004	3	4	3	1	2004	1	5	3
R2INDX	IN020037	1	6	2	2006	3	88	3	0	-88	88	88	88
R2INDX	IN020038	1	6	3	1996	3	6	3	1	1996	0	10	2
R2INDX	IN020039	1	6	3	2006	3	8	1	0	-88	88	88	88
R2INDX	IN020042	1	6	2	2002	3	88	3	0	-88	88	88	88
R2INDX	IN020043	1	6	8	1988	3	88	3	0	-88	88	88	88
R2INDX	IN020043	2	6	3	2003	7	88	3	0	-88	88	88	88
R2INDX	IN020044	1	6	2	2005	3	4	3	1	2005	0	6	2
R2INDX	IN020044	2	1	1	2006	4	3	3	0	-88	88	88	88
R2INDX	IN020045	1	6	2	1999	3	88	3	0	-88	88	88	88
R2INDX	IN020046	1	6	2	2005	3	4	3	1	2005	0	6	0
R2INDX	IN020049	1	6	2	2005	3	88	5	0	-88	88	88	88
R2INDX	IN020050	1	6	2	2003	3	6	3	0	-88	88	88	88
R2INDX	IN020052	1	2	2	1999	3	88	3	0	-88	88	88	88
R2INDX	IN020053	1	6	2	2006	3	6	3	1	2006	0	5	0
R2INDX	IN020056	1	6	2	2004	3	6	3	1	2004	1	9	2
R2INDX	IN020056	2	6	5	2006	3	7	3	0	-88	88	88	88
R2INDX	IN020056	3	1	1	2006	3	4	3	0	-88	88	88	88
R2INDX	IN020057	1	6	4	2003	3	4	4	1	2003	0	6	2
R2INDX	IN020057	2	1	3	2003	3	1	6	0	-88	88	88	88
R2INDX	IN020058	1	6	2	2006	3	88	3	1	2006	1	3	0
R2INDX	IN020059	1	6	2	2000	3	88	3	0	-88	88	88	88
R2INDX	IN020061	1	6	4	2006	3	6	3	0	-88	88	88	88
R2INDX	IN020062	1	6	2	2006	3	6	3	0	-88	88	88	88
R2INDX	IN020063	1	6	2	2006	3	5	2	0	-88	88	88	88
R2INDX	IN020065	1	6	2	2005	3	4	4	1	2005	0	6	3
R2INDX	IN020066	1	6	2	2001	3	6	2	1	2001	0	5	0
R2INDX	IN020067	1	6	2	2006	3	88	3	1	2006	0	5	0
R2INDX	IN020068	1	6	2	2001	3	6	3	0	-88	88	88	88
R2INDX	IN020069	1	6	2	2005	5	4	3	1	2005	0	6	3
R2INDX	IN020070	1	6	2	2003	3	4	3	0	-88	88	88	88
R2INDX	IN020071	1	6	1	2001	3	88	3	0	-88	88	88	88
R2INDX	IN020073	1	6	5	2003	3	5	2	0	-88	88	88	88
R2INDX	IN020076	1	6	1	2004	3	4	4	0	-88	88	88	88
R2INDX	IN020076	2	6	3	2004	3	4	3	1	2004	0	6	3
R2INDX	IN020078	1	6	2	2006	3	4	3	0	-88	88	88	88
R2INDX	IN020079	1	6	1	2004	3	5	3	0	-88	88	88	88
R2INDX	IN020079	2	6	3	2006	3	4	3	0	-88	88	88	88
R2INDX	IN020079	3	6	4	2006	3	4	3	0	-88	88	88	88
R2INDX	IN020080	1	2	3	2006	3	5	3	0	-88	88	88	88
R2INDX	IN020080	2	6	4	2006	3	6	3	0	-88	88	88	88
R2INDX	IN020081	1	6	2	2002	3	6	3	0	-88	88	88	88
R2INDX	IN020082	1	6	3	2005	3	4	4	0	-88	88	88	88
R2INDX	IN020083	1	6	2	2001	3	6	3	0	-88	88	88	88
R2INDX	IN020084	1	6	2	2006	3	6	3	0	-88	88	88	88
R2INDX	IN020086	1	6	2	2005	3	88	3	1	2005	0	8	0
R2INDX	IN020087	1	6	2	2006	3	4	3	0	-88	88	88	88
R2INDX	IN020090	1	6	3	2006	4	3	3	1	2006	0	5	3
R2INDX	IN020091	1	6	2	1999	3	2	3	0	-88	88	88	88
R2INDX	IN020093	1	6	2	2005	3	6	3	1	2002	0	5	3
R2INDX	IN020094	1	6	4	2006	3	4	3	1	2006	0	5	2
R2INDX	IN020095	1	6	2	1995	3	6	2	0	-88	88	88	88
R2INDX	IN020096	1	6	3	2005	3	4	4	1	2005	0	6	3
R2INDX	IN020097	1	6	4	2003	3	6	3	1	2003	0	5	2
R2INDX	IN020098	1	6	2	2003	3	6	2	1	2003	0	5	2
R2INDX	IN030001	1	6	4	2003	3	88	2	0	-88	88	88	88
R2INDX	IN030005	1	6	3	2007	3	4	3	0	-88	88	88	88
R2INDX	IN030008	1	6	6	2002	3	5	5	0	-88	88	88	88
R2INDX	IN030014	1	6	3	2005	3	6	7	0	-88	88	88	88
R2INDX	IN030015	1	6	2	2001	3	5	6	0	-88	88	88	88
R2INDX	IN030019	1	11	5	2003	3	88	2	0	-88	88	88	88
R2INDX	IN030021	1	6	3	2005	4	3	4	0	-88	88	88	88
R2INDX	IN030022	1	6	2	2004	1	5	4	0	-88	88	88	88
R2INDX	IN030026	1	6	5	2005	3	6	3	0	-88	88	88	88
R2INDX	IN030028	1	7	3	2000	2	4	5	0	-88	88	88	88
R2INDX	IN030028	2	7	4	2000	2	4	5	0	-88	88	88	88
R2INDX	IN030040	1	6	4	2002	3	88	4	0	-88	88	88	88
R2INDX	IN030043	1	6	5	2003	1	3	3	0	-88	88	88	88
R2INDX	IN030051	1	6	2	1998	3	5	3	1	1998	0	5	2
R2INDX	IN030055	1	6	8	2006	5	1	3	0	-88	88	88	88
R2INDX	IN030059	1	6	3	2004	3	4	3	0	-88	88	88	88
R2INDX	IN030059	2	6	5	2004	3	4	3	0	-88	88	88	88
R2INDX	IN030060	1	23	2	2004	3	8	3	0	-88	88	88	88
R2INDX	IN030061	1	23	2	2006	3	88	3	0	-88	88	88	88
R2INDX	IN030065	1	6	3	2003	3	88	3	1	2003	0	13	2
R2INDX	IN030066	1	6	2	2003	3	6	3	0	-88	88	88	88
R2INDX	IN030068	1	6	3	2003	3	4	3	0	-88	88	88	88
R2INDX	IN030071	1	6	2	2006	3	88	3	0	-88	88	88	88
R2INDX	IN030073	1	6	2	2000	3	5	3	1	2000	0	9	2
R2INDX	IN030079	1	6	2	2007	3	5	3	0	-88	88	88	88
R2INDX	IN030081	1	14	1	1992	5	2	3	0	-88	88	88	88
R2INDX	IN030082	1	6	3	2007	3	6	3	0	-88	88	88	88
R2INDX	IN030087	1	28	2	2006	3	88	3	0	-88	88	88	88
R2INDX	IN030091	1	6	2	2005	3	5	1	1	2005	0	5	2
R2INDX	IN030093	1	6	2	2003	3	88	3	0	-88	88	88	88
R2INDX	IN030093	2	22	3	2002	2	88	3	0	-88	88	88	88
R2INDX	IN030093	3	22	5	2005	2	88	5	0	-88	88	88	88
R2INDX	IN030099	1	22	4	2006	2	88	77	0	-88	88	88	88
R2INDX	IN030100	1	6	3	2004	3	4	3	1	2004	0	6	2
R2INDX	IN040002	1	6	2	2002	3	88	3	0	-88	88	88	88
R2INDX	IN040003	1	6	2	2003	3	88	3	0	-88	88	88	88
R2INDX	IN040004	1	6	3	2003	3	88	3	0	-88	88	88	88
R2INDX	IN040005	1	6	4	2004	3	88	3	0	-88	88	88	88
R2INDX	IN040006	1	6	3	2001	3	88	3	0	-88	88	88	88
R2INDX	IN040007	1	6	2	1997	3	5	3	0	-88	88	88	88
R2INDX	IN040008	1	6	2	2002	3	4	4	0	-88	88	88	88
R2INDX	IN040009	1	6	2	1997	3	4	5	0	-88	88	88	88
R2INDX	IN040009	2	1	1	2001	3	4	3	0	-88	88	88	88
R2INDX	IN040010	1	6	1	1988	3	88	3	1	1988	0	5	0
R2INDX	IN040011	1	6	4	2003	3	88	3	0	-88	88	88	88
R2INDX	IN040012	1	6	2	2002	3	5	77	0	-88	88	88	88
R2INDX	IN040013	1	6	2	2004	3	4	4	0	-88	88	88	88
R2INDX	IN040014	1	6	1	2002	5	3	4	1	2002	0	5	0
R2INDX	IN040014	2	6	3	2004	3	4	4	0	-88	88	88	88
R2INDX	IN040015	1	6	3	2002	3	4	4	0	-88	88	88	88
R2INDX	IN040016	1	6	2	2000	3	5	4	0	-88	88	88	88
R2INDX	IN040017	1	6	2	2001	3	4	1	0	-88	88	88	88
R2INDX	IN040018	1	1	1	2001	3	5	3	0	-88	88	88	88
R2INDX	IN040019	1	6	4	2004	3	4	3	0	-88	88	88	88
R2INDX	IN040020	1	6	2	2001	3	88	3	0	-88	88	88	88
R2INDX	IN040021	1	6	3	1997	3	88	3	1	1997	0	5	0
R2INDX	IN040022	1	6	2	2001	3	88	3	0	-88	88	88	88
R2INDX	IN040023	1	6	2	2003	3	5	3	0	-88	88	88	88
R2INDX	IN040024	1	6	2	2002	3	5	3	0	-88	88	88	88
R2INDX	IN040024	2	6	4	2002	3	5	3	1	2002	0	5	0
R2INDX	IN040025	1	6	2	2002	3	5	3	0	-88	88	88	88
R2INDX	IN040027	1	6	2	1992	4	3	3	1	1992	0	6	2
R2INDX	IN040028	1	6	2	2003	3	4	3	0	-88	88	88	88
R2INDX	IN040028	2	6	4	2003	3	4	3	0	-88	88	88	88
R2INDX	IN040029	1	6	2	2006	3	4	5	0	-88	88	88	88
R2INDX	IN040030	1	6	2	2005	3	5	5	0	-88	88	88	88
R2INDX	IN040031	1	6	3	2005	3	4	3	0	-88	88	88	88
R2INDX	IN040032	1	6	4	2003	3	5	3	0	-88	88	88	88
R2INDX	IN040034	1	6	2	2005	3	4	3	1	2005	1	4	2
R2INDX	IN040035	1	6	3	2003	3	4	3	0	-88	88	88	88
R2INDX	IN040037	1	1	2	2001	3	4	3	0	-88	88	88	88
R2INDX	IN040043	1	6	3	2005	3	4	4	0	-88	88	88	88
R2INDX	IN040045	1	6	2	2004	3	6	3	0	-88	88	88	88
R2INDX	IN040046	1	6	3	2005	3	4	3	0	-88	88	88	88
R2INDX	IN040050	1	6	2	2002	3	5	3	0	-88	88	88	88
R2INDX	IN040051	1	6	4	2001	3	5	3	0	-88	88	88	88
R2INDX	IN040054	1	6	2	1995	3	5	3	0	-88	88	88	88
R2INDX	IN040055	1	6	2	2000	3	88	3	0	-88	88	88	88
R2INDX	IN040056	1	6	1	2001	3	5	4	0	-88	88	88	88
R2INDX	IN040059	1	6	2	2005	3	88	3	0	-88	88	88	88
R2INDX	IN040060	1	6	2	2000	3	4	3	0	-88	88	88	88
R2INDX	IN040061	1	6	2	2004	3	4	4	0	-88	88	88	88
R2INDX	IN040063	1	6	6	2004	3	4	3	1	2004	1	6	2
R2INDX	IN040064	1	6	2	2001	3	5	3	1	2001	0	5	0
R2INDX	IN040069	1	6	4	2003	3	6	3	1	2003	0	5	2
R2INDX	IN040071	1	6	2	2004	3	4	3	0	-88	88	88	88
R2INDX	IN040073	1	6	2	2005	3	4	4	0	-88	88	88	88
R2INDX	IN040075	1	6	4	2003	3	5	3	0	-88	88	88	88
R2INDX	IN040078	1	6	5	2006	3	4	3	0	-88	88	88	88
R2INDX	IN040080	1	6	5	2003	3	5	3	0	-88	88	88	88
R2INDX	IN040081	1	6	2	2003	3	5	3	0	-88	88	88	88
R2INDX	IN040082	1	6	4	2001	4	3	3	0	-88	88	88	88
R2INDX	IN040085	1	6	3	2002	3	5	3	0	-88	88	88	88
R2INDX	IN040086	1	6	3	2003	3	5	1	0	-88	88	88	88
R2INDX	IN040087	1	6	2	2004	3	88	3	0	-88	88	88	88
R2INDX	IN040088	1	6	3	2000	3	4	3	0	-88	88	88	88
R2INDX	IN040089	1	6	2	2001	3	88	3	0	-88	88	88	88
R2INDX	IN040091	1	6	1	2003	3	5	3	0	-88	88	88	88
R2INDX	IN040092	1	6	2	2002	3	6	3	0	-88	88	88	88
R2INDX	IN040092	2	1	1	2002	3	88	3	0	-88	88	88	88
R2INDX	IN040093	1	6	2	2002	3	5	3	0	-88	88	88	88
R2INDX	IN040094	1	6	3	2003	3	88	3	0	-88	88	88	88
R2INDX	IN040095	1	6	4	2001	3	4	3	0	-88	88	88	88
R2INDX	IN040097	1	6	1	2002	3	4	3	0	-88	88	88	88
R2INDX	IN040098	1	6	4	1999	3	5	4	0	-88	88	88	88
R2INDX	IN040100	1	6	2	2004	3	5	3	0	-88	88	88	88
R2INDX	IN040100	2	1	5	2002	6	3	3	0	-88	88	88	88
R2INDX	IN040100	3	1	4	2002	6	3	3	0	-88	88	88	88
R2INDX	IN050006	1	6	2	2004	3	4	3	1	2004	0	6	2
R2INDX	IN050007	1	6	2	1999	3	4	3	1	1999	0	5	2
R2INDX	IN050009	1	6	2	2000	3	5	3	0	-88	88	88	88
R2INDX	IN050010	1	6	4	2005	3	5	3	0	-88	88	88	88
R2INDX	IN050021	1	6	2	2003	4	3	3	0	-88	88	88	88
R2INDX	IN050033	1	6	2	2004	1	3	3	0	-88	88	88	88
R2INDX	IN050041	1	6	2	2002	3	4	4	0	-88	88	88	88
R2INDX	IN050048	1	6	3	2006	3	4	3	0	-88	88	88	88
R2INDX	IN050049	1	6	2	2005	3	88	3	0	-88	88	88	88
R2INDX	IN050050	1	6	2	2004	3	4	3	0	-88	88	88	88
R2INDX	IN050053	1	6	2	2003	1	3	3	0	-88	88	88	88
R2INDX	IN050054	1	6	2	2004	3	4	3	0	-88	88	88	88
R2INDX	IN050055	1	6	4	2006	3	88	3	1	2006	0	6	2
R2INDX	IN050056	1	6	2	1999	1	3	3	1	1999	1	2	3
R2INDX	IN050057	1	6	2	2004	3	5	3	0	-88	88	88	88
R2INDX	IN050058	1	6	2	2006	1	5	3	0	-88	88	88	88
R2INDX	IN050059	1	6	3	2002	3	88	3	0	-88	88	88	88
R2INDX	IN050065	1	6	2	2005	3	6	3	1	2005	0	5	0
R2INDX	IN050066	1	6	3	2000	3	4	3	0	-88	88	88	88
R2INDX	IN050067	1	6	2	2006	3	4	3	0	-88	88	88	88
R2INDX	IN050068	1	6	2	2004	3	4	3	0	-88	88	88	88
R2INDX	IN050078	1	6	2	2002	3	4	3	0	-88	88	88	88
R2INDX	IN050078	2	6	4	2006	3	4	3	0	-88	88	88	88
R2INDX	IN050079	1	6	2	2000	3	5	3	0	-88	88	88	88
R2INDX	IN050080	1	6	5	2000	3	6	3	0	-88	88	88	88
R2INDX	IN050084	1	6	3	2001	3	5	3	0	-88	88	88	88
R2INDX	IN050092	1	22	2	2003	2	5	3	0	-88	88	88	88
R2INDX	IN050092	2	6	2	2004	3	4	3	0	-88	88	88	88
R2INDX	IN060002	1	28	4	2002	1	88	6	0	-88	88	88	88
R2INDX	IN060002	2	28	5	2002	1	88	6	0	-88	88	88	88
R2INDX	IN060009	1	22	2	1995	2	5	3	0	-88	88	88	88
R2INDX	IN060014	1	6	2	2003	3	4	3	0	-88	88	88	88
R2INDX	IN060015	1	6	2	2003	3	5	5	0	-88	88	88	88
R2INDX	IN060016	1	6	6	2004	1	3	3	0	-88	88	88	88
R2INDX	IN060016	2	6	5	2004	1	3	3	1	2004	0	5	2
R2INDX	IN060018	1	6	2	2000	3	88	3	0	-88	88	88	88
R2INDX	IN060021	1	1	3	2006	3	88	3	1	2006	0	10	2
R2INDX	IN060022	1	6	2	2003	3	4	3	0	-88	88	88	88
R2INDX	IN060025	1	6	2	2004	1	3	4	0	-88	88	88	88
R2INDX	IN060031	1	6	4	2003	3	88	3	1	2003	0	13	2
R2INDX	IN060032	1	6	4	2004	3	88	77	0	-88	88	88	88
R2INDX	IN060034	1	6	2	2002	3	5	3	0	-88	88	88	88
R2INDX	IN060036	1	22	5	1997	2	5	3	0	-88	88	88	88
R2INDX	IN060038	1	6	4	2004	3	88	3	0	-88	88	88	88
R2INDX	IN060039	1	6	2	2005	3	88	3	1	2005	0	6	0
R2INDX	IN060040	1	6	3	2006	3	88	3	0	-88	88	88	88
R2INDX	IN060041	1	6	3	2004	3	5	88	0	-88	88	88	88
R2INDX	IN060045	1	6	2	2004	4	1	3	0	-88	88	88	88
R2INDX	IN060046	1	6	1	2000	3	6	3	0	-88	88	88	88
R2INDX	IN060050	1	22	2	2002	2	5	3	0	-88	88	88	88
R2INDX	IN060054	1	6	3	2000	1	3	3	0	-88	88	88	88
R2INDX	IN060057	1	6	2	2002	3	88	3	0	-88	88	88	88
R2INDX	IN060058	1	6	3	2006	3	88	3	0	-88	88	88	88
R2INDX	IN060060	1	6	3	2003	3	88	3	0	-88	88	88	88
R2INDX	IN060061	1	6	2	2001	3	88	3	1	2001	0	5	2
R2INDX	IN060062	1	6	5	2005	3	5	3	0	-88	88	88	88
R2INDX	IN060063	1	6	3	2004	1	3	4	0	-88	88	88	88
R2INDX	IN060065	1	6	4	2003	3	5	3	0	-88	88	88	88
R2INDX	IN060067	1	6	2	2004	3	5	3	0	-88	88	88	88
R2INDX	IN060068	1	6	2	2001	3	4	3	1	2001	1	10	2
R2INDX	IN060070	1	6	3	2004	3	88	3	0	-88	88	88	88
R2INDX	IN060071	1	6	4	2003	3	5	4	0	-88	88	88	88
R2INDX	IN060072	1	6	6	2002	3	4	3	0	-88	88	88	88
R2INDX	IN060073	1	6	3	2001	3	4	3	0	-88	88	88	88
R2INDX	IN060074	1	28	2	2007	3	5	4	0	-88	88	88	88
R2INDX	IN060075	1	6	3	2000	3	4	3	0	-88	88	88	88
R2INDX	IN060076	1	6	4	2000	3	4	3	0	-88	88	88	88
R2INDX	IN060077	1	6	13	2000	11	3	3	0	-88	88	88	88
R2INDX	IN060077	2	6	10	2000	1	5	3	0	-88	88	88	88
R2INDX	IN060077	3	12	8	2000	3	3	4	0	-88	88	88	88
R2INDX	IN060077	4	1	8	1999	1	6	4	0	-88	88	88	88
R2INDX	IN060080	1	6	3	2001	3	4	3	0	-88	88	88	88
R2INDX	IN060081	1	6	2	2007	3	4	3	0	-88	88	88	88
R2INDX	IN060082	1	6	3	2002	3	5	3	0	-88	88	88	88
R2INDX	IN060083	1	6	2	2003	3	88	3	0	-88	88	88	88
R2INDX	IN060086	1	6	2	2002	3	88	3	0	-88	88	88	88
R2INDX	IN060087	1	6	2	2004	3	88	3	0	-88	88	88	88
R2INDX	IN060089	1	6	2	2002	1	3	3	0	-88	88	88	88
R2INDX	IN060098	1	2	2	2000	3	4	3	1	2000	0	9	2
R2INDX	IN060099	1	6	2	2001	3	4	7	0	-88	88	88	88
R2INDX	IN060100	1	6	4	2001	3	4	3	1	2001	0	6	2
R2INDX	IN070003	1	6	5	2007	3	4	3	1	2006	0	6	2
R2INDX	IN070005	1	6	3	2001	1	3	3	1	2001	1	5	2
R2INDX	IN070005	2	16	2	2001	3	3	3	0	-88	88	88	88
R2INDX	IN070008	1	22	3	1997	2	5	3	0	-88	88	88	88
R2INDX	IN070009	1	6	3	2007	1	3	3	0	-88	88	88	88
R2INDX	IN070010	1	6	2	2005	3	4	3	0	-88	88	88	88
R2INDX	IN070011	1	6	2	2004	3	4	3	0	-88	88	88	88
R2INDX	IN070012	1	6	2	2002	1	3	2	0	-88	88	88	88
R2INDX	IN070013	1	6	3	2001	4	4	3	0	-88	88	88	88
R2INDX	IN070014	1	6	1	2004	3	88	3	0	-88	88	88	88
R2INDX	IN070018	1	6	4	2006	3	88	3	0	-88	88	88	88
R2INDX	IN070023	1	6	4	2002	3	88	3	0	-88	88	88	88
R2INDX	IN070024	1	6	3	2003	3	4	3	1	2003	0	5	2
R2INDX	IN070025	1	6	2	2005	1	3	4	0	-88	88	88	88
R2INDX	IN070026	1	6	2	2004	3	4	3	0	-88	88	88	88
R2INDX	IN070027	1	6	2	2003	3	88	3	0	-88	88	88	88
R2INDX	IN070036	1	6	2	2005	4	3	3	1	2005	0	3	2
R2INDX	IN070038	1	6	4	2003	3	4	3	0	-88	88	88	88
R2INDX	IN070042	1	6	2	2004	3	88	3	0	-88	88	88	88
R2INDX	IN070043	1	6	2	2005	3	88	3	0	-88	88	88	88
R2INDX	IN070045	1	6	2	2007	3	4	3	0	-88	88	88	88
R2INDX	IN070046	1	6	4	2003	3	88	3	0	-88	88	88	88
R2INDX	IN070047	1	6	2	2003	3	88	3	0	-88	88	88	88
R2INDX	IN070051	1	6	4	2003	3	4	3	0	-88	88	88	88
R2INDX	IN070052	1	6	3	2004	3	4	3	1	2004	0	6	2
R2INDX	IN070054	1	6	2	2001	1	5	4	0	-88	88	88	88
R2INDX	IN070055	1	6	3	2004	1	3	4	0	-88	88	88	88
R2INDX	IN070056	1	6	6	2006	5	88	3	0	-88	88	88	88
R2INDX	IN070058	1	6	4	2004	3	88	3	0	-88	88	88	88
R2INDX	IN070059	1	6	2	2004	3	4	5	0	-88	88	88	88
R2INDX	IN070061	1	6	3	2003	3	88	3	0	-88	88	88	88
R2INDX	IN070062	1	6	2	2006	3	88	3	0	-88	88	88	88
R2INDX	IN070063	1	6	2	2005	3	88	3	0	-88	88	88	88
R2INDX	IN070065	1	2	1	2003	4	88	77	0	-88	88	88	88
R2INDX	IN070066	1	6	3	2000	6	4	3	0	-88	88	88	88
R2INDX	IN070067	1	6	2	2000	3	4	3	1	2000	0	5	2
R2INDX	IN070068	1	6	6	2001	1	3	4	0	-88	88	88	88
R2INDX	IN070069	1	6	2	2001	3	5	3	0	-88	88	88	88
R2INDX	IN070075	1	6	8	2001	3	88	3	0	-88	88	88	88
R2INDX	IN070076	1	6	5	2004	3	5	3	1	2004	0	3	0
R2INDX	IN070079	1	6	2	2004	3	4	3	0	-88	88	88	88
R2INDX	IN070083	1	6	3	2004	3	88	3	0	-88	88	88	88
R2INDX	IN070085	1	6	4	2007	3	5	3	0	-88	88	88	88
R2INDX	IN070086	1	6	5	2004	3	88	3	0	-88	88	88	88
R2INDX	IN070087	1	6	3	2004	3	88	3	0	-88	88	88	88
R2INDX	IN070088	1	6	3	2002	3	5	3	1	2002	0	6	0
R2INDX	IN070090	1	6	5	2007	3	4	3	0	-88	88	88	88
R2INDX	IN070090	2	6	6	2006	3	4	3	0	-88	88	88	88
R2INDX	IN070091	1	6	3	2007	4	3	3	0	-88	88	88	88
R2INDX	IN070096	1	6	2	2004	3	88	3	0	-88	88	88	88
R2INDX	IN070097	1	6	2	2005	3	88	3	0	-88	88	88	88
R2INDX	IN070098	1	6	1	2000	1	2	3	0	-88	88	88	88
R2INDX	IN070098	2	6	3	2000	1	2	3	0	-88	88	88	88
R2INDX	IN070099	1	6	3	2006	3	4	3	0	-88	88	88	88
R2INDX	IN080001	1	6	2	2000	3	5	3	0	-88	88	88	88
R2INDX	IN080005	1	6	2	2000	3	88	3	1	2000	0	5	3
R2INDX	IN080007	1	6	4	2003	3	6	3	0	-88	88	88	88
R2INDX	IN080009	1	6	2	1997	1	4	3	0	-88	88	88	88
R2INDX	IN080010	1	6	2	1992	1	3	3	0	-88	88	88	88
R2INDX	IN080011	1	6	2	2001	1	3	3	0	-88	88	88	88
R2INDX	IN080012	1	6	2	2005	3	1	3	0	-88	88	88	88
R2INDX	IN080013	1	6	2	1998	1	3	3	0	-88	88	88	88
R2INDX	IN080017	1	6	2	2006	5	6	3	0	-88	88	88	88
R2INDX	IN080020	1	6	2	2002	1	3	3	0	-88	88	88	88
R2INDX	IN080021	1	6	4	1995	3	6	3	0	-88	88	88	88
R2INDX	IN080022	1	6	2	2006	3	5	3	0	-88	88	88	88
R2INDX	IN080025	1	6	3	1997	3	5	3	0	-88	88	88	88
R2INDX	IN080026	1	6	2	1996	1	3	3	1	1996	0	15	2
R2INDX	IN080030	1	6	2	2004	3	6	3	1	2004	0	5	2
R2INDX	IN080033	1	6	2	2005	3	5	3	0	-88	88	88	88
R2INDX	IN080037	1	6	2	2001	1	5	3	0	-88	88	88	88
R2INDX	IN080040	1	6	6	2006	3	88	3	0	-88	88	88	88
R2INDX	IN080041	1	6	3	2002	1	3	3	0	-88	88	88	88
R2INDX	IN080044	1	6	4	2003	3	5	3	1	2003	0	5	0
R2INDX	IN080048	1	6	2	2006	3	88	3	0	-88	88	88	88
R2INDX	IN080050	1	6	3	2001	3	1	3	0	-88	88	88	88
R2INDX	IN080052	1	6	4	2003	4	3	3	0	-88	88	88	88
R2INDX	IN080053	1	6	4	2003	3	4	3	0	-88	88	88	88
R2INDX	IN080054	1	6	5	2003	4	3	6	0	-88	88	88	88
R2INDX	IN080054	2	6	3	2003	4	3	6	0	-88	88	88	88
R2INDX	IN080056	1	6	2	2006	4	6	3	0	-88	88	88	88
R2INDX	IN080059	1	6	2	2006	3	5	3	0	-88	88	88	88
R2INDX	IN080060	1	6	4	2003	3	6	3	0	-88	88	88	88
R2INDX	IN080064	1	6	2	2003	3	4	1	0	-88	88	88	88
R2INDX	IN080065	1	6	2	2003	3	6	3	1	2003	0	5	2
R2INDX	IN080066	1	6	3	2005	3	4	3	0	-88	88	88	88
R2INDX	IN080072	1	6	2	2005	1	4	3	0	-88	88	88	88
R2INDX	IN080073	1	6	5	2003	3	88	3	0	-88	88	88	88
R2INDX	IN080074	1	6	2	2003	3	5	1	0	-88	88	88	88
R2INDX	IN080075	1	6	2	2003	1	4	3	0	-88	88	88	88
R2INDX	IN080076	1	6	2	2004	4	3	6	0	-88	88	88	88
R2INDX	IN080078	1	6	4	2003	3	6	3	0	-88	88	88	88
R2INDX	IN080079	1	6	4	2003	5	6	3	0	-88	88	88	88
R2INDX	IN080080	1	6	3	1999	3	5	3	0	-88	88	88	88
R2INDX	IN080081	1	6	4	2003	3	6	3	0	-88	88	88	88
R2INDX	IN080082	1	6	2	2003	3	5	3	0	-88	88	88	88
R2INDX	IN080083	1	6	2	1997	3	5	3	1	1997	0	5	3
R2INDX	IN080084	1	6	2	2004	3	88	3	0	-88	88	88	88
R2INDX	IN080085	1	6	2	2006	3	5	3	0	-88	88	88	88
R2INDX	IN080086	1	6	4	2003	8	88	3	0	-88	88	88	88
R2INDX	IN080087	1	6	3	1995	3	1	6	0	-88	88	88	88
R2INDX	IN080088	1	6	3	2007	4	88	77	0	-88	88	88	88
R2INDX	IN080090	1	6	4	2003	3	5	3	0	-88	88	88	88
R2INDX	IN080092	1	6	4	2006	1	3	3	0	-88	88	88	88
R2INDX	IN080093	1	6	3	1997	1	3	3	0	-88	88	88	88
R2INDX	IN080093	2	6	7	2006	1	3	3	0	-88	88	88	88
R2INDX	IN080094	1	6	4	2007	3	1	3	0	-88	88	88	88
R2INDX	IN080095	1	6	2	2000	3	5	3	0	-88	88	88	88
R2INDX	IN080096	1	6	4	1996	3	1	88	0	-88	88	88	88
R2INDX	IN080096	2	6	29	2004	4	1	88	0	-88	88	88	88
R2INDX	IN080097	1	6	2	2003	3	6	3	1	-88	0	5	0
R2INDX	IN080099	1	6	2	2003	3	5	3	0	-88	88	88	88
R2INDX	IN080100	1	6	4	2003	4	1	4	0	-88	88	88	88
R2INDX	IN090005	1	23	3	2004	3	88	3	0	-88	88	88	88
R2INDX	IN090010	1	6	5	2003	4	5	3	0	-88	88	88	88
R2INDX	IN090011	1	5	2	2005	1	5	3	1	2005	0	9	2
R2INDX	IN090012	1	6	1	2003	1	4	2	1	2003	0	9	2
R2INDX	IN090013	1	6	3	2004	3	5	3	0	-88	88	88	88
R2INDX	IN090014	1	6	2	2003	3	4	2	1	2003	0	1	0
R2INDX	IN090015	1	6	3	2005	4	1	3	0	-88	88	88	88
R2INDX	IN090018	1	6	2	2006	3	4	3	0	-88	88	88	88
R2INDX	IN090019	1	6	3	2005	3	88	3	0	-88	88	88	88
R2INDX	IN090021	1	6	2	2004	3	4	3	0	-88	88	88	88
R2INDX	IN090022	1	6	3	2003	1	3	3	0	-88	88	88	88
R2INDX	IN090023	1	6	2	2005	3	88	3	1	2005	0	1	0
R2INDX	IN090024	1	6	6	2003	3	1	7	0	-88	88	88	88
R2INDX	IN090025	1	6	2	2003	3	5	2	1	2003	0	5	0
R2INDX	IN090026	1	28	5	2006	4	88	4	1	2006	0	6	0
R2INDX	IN090027	1	6	4	2005	1	4	3	1	2005	0	6	2
R2INDX	IN090028	1	6	4	2005	3	4	3	1	2005	0	5	2
R2INDX	IN090034	1	4	4	2002	2	88	2	0	-88	88	88	88
R2INDX	IN090034	2	2	4	2002	2	3	2	1	2002	0	88	0
R2INDX	IN090036	1	6	2	1999	3	4	3	0	-88	88	88	88
R2INDX	IN090037	1	6	4	2004	3	1	3	0	-88	88	88	88
R2INDX	IN090038	1	6	2	2003	4	5	2	0	-88	88	88	88
R2INDX	IN090039	1	6	4	2005	3	4	3	0	-88	88	88	88
R2INDX	IN090042	1	6	2	2004	6	88	3	0	-88	88	88	88
R2INDX	IN090043	1	6	2	2003	3	88	3	0	-88	88	88	88
R2INDX	IN090048	1	6	4	2005	3	5	3	0	-88	88	88	88
R2INDX	IN090051	1	6	2	2002	3	4	3	0	-88	88	88	88
R2INDX	IN090053	1	6	4	2003	3	5	3	1	2004	0	5	88
R2INDX	IN090054	1	6	3	2003	3	4	3	0	-88	88	88	88
R2INDX	IN090055	1	6	2	2003	3	5	3	0	-88	88	88	88
R2INDX	IN090057	1	6	2	2003	3	4	3	0	-88	88	88	88
R2INDX	IN090058	1	6	3	2003	3	1	3	0	-88	88	88	88
R2INDX	IN090060	1	6	2	2002	1	88	3	0	-88	88	88	88
R2INDX	IN090071	1	6	4	2006	4	88	3	1	2006	0	6	2
R2INDX	IN090072	1	6	2	2006	4	5	3	0	-88	88	88	88
R2INDX	IN090073	1	6	3	2005	3	4	2	0	-88	88	88	88
R2INDX	IN090075	1	6	2	2006	3	88	3	0	-88	88	88	88
R2INDX	IN090076	1	6	2	2006	3	4	3	1	2006	0	5	2
R2INDX	IN090079	1	6	2	2005	3	4	2	0	-88	88	88	88
R2INDX	IN090083	1	6	2	2003	3	5	3	1	2003	0	6	0
R2INDX	IN090083	2	6	4	2003	3	5	3	0	-88	88	88	88
R2INDX	IN090084	1	6	4	2002	3	1	3	0	-88	88	88	88
R2INDX	IN090086	1	6	1	2003	3	4	3	0	-88	88	88	88
R2INDX	IN090089	1	6	2	2003	3	6	3	0	-88	88	88	88
R2INDX	IN090090	1	6	2	2003	3	88	3	0	-88	88	88	88
R2INDX	IN090091	1	6	2	2005	4	3	3	1	2005	0	9	2
R2INDX	IN090092	1	6	4	2003	3	4	3	1	2003	0	6	2
R2INDX	IN090094	1	6	3	2003	4	88	3	0	-88	88	88	88
R2INDX	IN090100	1	1	2	2003	3	88	3	0	-88	88	88	88
R2INDX	IN100021	1	6	2	1998	3	1	3	0	-88	88	88	88
R2INDX	IN100030	1	6	4	2006	1	3	3	0	-88	88	88	88
R2INDX	IN100032	1	6	2	2007	88	88	3	0	-88	88	88	88
R2INDX	IN100036	1	6	2	2006	3	88	3	0	-88	88	88	88
R2INDX	IN100044	1	6	2	2003	3	5	3	0	-88	88	88	88
R2INDX	IN100057	1	6	6	2007	3	88	3	0	-88	88	88	88
R2INDX	IN100063	1	6	30	2007	1	3	3	0	-88	88	88	88
R2INDX	IN100066	1	6	2	1991	3	4	6	0	-88	88	88	88
R2INDX	IN100082	1	6	2	2006	1	3	3	0	-88	88	88	88
R2INDX	IN100093	1	17	2	2007	4	5	3	0	-88	88	88	88
R2INDX	IN100094	1	6	2	1997	1	3	3	0	-88	88	88	88
R2INDX	IN100099	1	6	2	2007	11	88	77	0	-88	88	88	88
R2INDX	IN100100	1	6	2	2007	3	5	3	0	-88	88	88	88
R2INDX	IN110001	1	6	2	2000	3	5	3	0	-88	88	88	88
R2INDX	IN110007	1	6	5	2002	3	5	3	0	-88	88	88	88
R2INDX	IN110008	1	6	6	2002	3	2	3	0	-88	88	88	88
R2INDX	IN110008	2	17	6	2003	3	2	3	0	-88	88	88	88
R2INDX	IN110010	1	6	3	2003	3	1	2	0	-88	88	88	88
R2INDX	IN110010	2	17	3	2004	3	9	3	0	-88	88	88	88
R2INDX	IN110011	1	6	2	2000	3	5	3	0	-88	88	88	88
R2INDX	IN110012	1	6	4	2001	3	5	3	1	2001	1	6	0
R2INDX	IN110013	1	6	3	1998	3	6	3	1	2003	0	9	2
R2INDX	IN110016	1	6	2	2001	3	2	3	0	-88	88	88	88
R2INDX	IN110018	1	17	4	1992	3	5	1	1	2006	0	13	2
R2INDX	IN110019	1	6	1	1998	3	88	3	0	-88	88	88	88
R2INDX	IN110024	1	17	2	1994	3	6	1	0	-88	88	88	88
R2INDX	IN110028	1	6	2	2000	3	5	3	0	-88	88	88	88
R2INDX	IN110029	1	6	3	1999	3	5	3	1	2005	0	5	2
R2INDX	IN110030	1	6	2	2004	3	5	3	0	-88	88	88	88
R2INDX	IN110031	1	6	4	2003	3	6	3	0	-88	88	88	88
R2INDX	IN110034	1	6	3	2001	3	6	3	0	-88	88	88	88
R2INDX	IN110034	2	17	6	2006	3	4	3	0	-88	88	88	88
R2INDX	IN110035	1	6	3	2002	3	5	2	0	-88	88	88	88
R2INDX	IN110036	1	6	2	2002	3	4	3	0	-88	88	88	88
R2INDX	IN110036	2	17	2	2002	3	2	3	0	-88	88	88	88
R2INDX	IN110037	1	6	5	2004	3	4	3	0	-88	88	88	88
R2INDX	IN110037	2	6	3	2004	3	4	3	0	-88	88	88	88
R2INDX	IN110038	1	6	2	2001	3	88	3	0	-88	88	88	88
R2INDX	IN110040	1	6	7	2004	3	5	3	0	-88	88	88	88
R2INDX	IN110041	1	6	6	2002	3	2	3	0	-88	88	88	88
R2INDX	IN110041	2	17	5	2006	3	2	3	0	-88	88	88	88
R2INDX	IN110042	1	6	4	2003	3	1	3	0	-88	88	88	88
R2INDX	IN110043	1	17	3	2006	3	4	3	0	-88	88	88	88
R2INDX	IN110046	1	6	2	2003	3	5	2	0	-88	88	88	88
R2INDX	IN110046	2	17	2	2004	3	9	3	0	-88	88	88	88
R2INDX	IN110048	1	6	3	2002	3	5	3	0	-88	88	88	88
R2INDX	IN110050	1	6	2	2001	3	5	1	1	2006	0	7	2
R2INDX	IN110051	1	6	2	2005	3	2	2	0	-88	88	88	88
R2INDX	IN110054	1	17	2	2003	3	4	3	0	-88	88	88	88
R2INDX	IN110057	1	17	2	2006	3	4	3	0	-88	88	88	88
R2INDX	IN110058	1	6	2	2002	3	5	3	0	-88	88	88	88
R2INDX	IN110059	1	17	4	2001	3	88	3	0	-88	88	88	88
R2INDX	IN110059	2	28	3	2006	4	88	4	1	2006	0	7	2
R2INDX	IN110060	1	6	2	2006	3	4	2	0	-88	88	88	88
R2INDX	IN110061	1	6	2	2003	3	5	2	0	-88	88	88	88
R2INDX	IN110063	1	6	2	2003	3	5	2	0	-88	88	88	88
R2INDX	IN110063	2	17	2	2003	3	9	3	0	-88	88	88	88
R2INDX	IN110063	3	28	1	2003	4	9	3	0	-88	88	88	88
R2INDX	IN110065	1	6	2	2004	3	5	3	0	-88	88	88	88
R2INDX	IN110072	1	6	4	2000	3	5	3	0	-88	88	88	88
R2INDX	IN110073	1	6	5	2004	3	2	3	0	-88	88	88	88
R2INDX	IN110075	1	6	3	2006	3	4	3	0	-88	88	88	88
R2INDX	IN110076	1	17	2	1996	3	4	3	0	-88	88	88	88
R2INDX	IN110078	1	6	1	1998	3	2	3	0	-88	88	88	88
R2INDX	IN110080	1	6	2	2004	3	2	3	0	-88	88	88	88
R2INDX	IN110088	1	6	3	2001	3	2	3	0	-88	88	88	88
R2INDX	IN110089	1	6	4	2002	3	5	3	0	-88	88	88	88
R2INDX	IN110089	2	17	4	2001	1	5	3	0	-88	88	88	88
R2INDX	IN110095	1	6	2	1997	3	5	3	0	-88	88	88	88
R2INDX	IN120001	1	6	2	2003	3	88	3	0	-88	88	88	88
R2INDX	IN120007	1	6	8	2001	3	6	3	0	-88	88	88	88
R2INDX	IN120007	2	17	8	2003	3	6	3	1	2004	0	6	2
R2INDX	IN120010	1	6	3	2006	4	3	3	0	-88	88	88	88
R2INDX	IN120012	1	6	6	2001	3	5	3	0	-88	88	88	88
R2INDX	IN120013	1	6	3	2003	3	5	3	1	2003	0	6	2
R2INDX	IN120014	1	6	3	1998	3	88	3	0	-88	88	88	88
R2INDX	IN120015	1	6	6	2000	3	6	3	0	-88	88	88	88
R2INDX	IN120017	1	6	2	2002	5	3	3	1	2002	0	1	2
R2INDX	IN120020	1	6	2	-77	3	4	3	0	-88	88	88	88
R2INDX	IN120021	1	6	3	2001	3	2	3	0	-88	88	88	88
R2INDX	IN120025	1	6	3	2002	3	2	3	0	-88	88	88	88
R2INDX	IN120028	1	6	4	2004	3	88	3	0	-88	88	88	88
R2INDX	IN120029	1	6	3	2001	3	4	3	1	2003	0	5	88
R2INDX	IN120030	1	17	2	2006	3	88	3	0	-88	88	88	88
R2INDX	IN120035	1	6	5	2005	3	2	3	0	-88	88	88	88
R2INDX	IN120035	2	1	7	2005	4	2	3	0	-88	88	88	88
R2INDX	IN120036	1	6	1	2002	3	2	3	0	-88	88	88	88
R2INDX	IN120047	1	6	2	2003	3	4	1	0	-88	88	88	88
R2INDX	IN120047	2	17	2	2005	3	11	3	0	-88	88	88	88
R2INDX	IN120052	1	6	2	2000	3	1	2	0	-88	88	88	88
R2INDX	IN120052	2	6	4	2000	3	1	2	0	-88	88	88	88
R2INDX	IN120052	3	6	6	2000	3	1	2	0	-88	88	88	88
R2INDX	IN120054	1	6	2	1999	3	5	3	0	-88	88	88	88
R2INDX	IN120055	1	6	3	2002	5	1	3	0	-88	88	88	88
R2INDX	IN120056	1	2	6	2005	3	8	4	0	-88	88	88	88
R2INDX	IN120056	2	2	2	1980	3	8	4	1	2005	0	6	3
R2INDX	IN120056	3	2	3	1980	3	8	4	0	-88	88	88	88
R2INDX	IN120056	4	2	7	2005	3	8	4	0	-88	88	88	88
R2INDX	IN120056	5	2	11	2005	3	8	4	0	-88	88	88	88
R2INDX	IN120056	6	19	3	1996	2	4	1	0	-88	88	88	88
R2INDX	IN120056	7	19	5	1996	2	4	1	0	-88	88	88	88
R2INDX	IN120057	1	6	7	2002	2	3	2	0	-88	88	88	88
R2INDX	IN120057	2	1	6	2003	2	4	4	0	-88	88	88	88
R2INDX	IN120060	1	6	3	2004	3	5	3	0	-88	88	88	88
R2INDX	IN120060	2	1	2	2003	3	88	3	0	-88	88	88	88
R2INDX	IN120061	1	6	5	2003	3	1	3	0	-88	88	88	88
R2INDX	IN120061	2	1	4	2004	3	1	3	0	-88	88	88	88
R2INDX	IN120062	1	6	4	1999	3	2	2	0	-88	88	88	88
R2INDX	IN120064	1	17	1	2004	5	88	3	0	-88	88	88	88
R2INDX	IN120068	1	2	1	2004	3	4	3	0	-88	88	88	88
R2INDX	IN120069	1	19	1	2005	2	4	1	1	2005	1	6	2
R2INDX	IN120073	1	1	1	2006	3	6	3	0	-88	88	88	88
R2INDX	IN120075	1	6	2	2002	3	5	2	0	-88	88	88	88
R2INDX	IN120078	1	6	2	2003	3	88	2	0	-88	88	88	88
R2INDX	IN120079	1	6	2	2004	3	5	3	0	-88	88	88	88
R2INDX	IN120082	1	6	5	2002	3	88	2	0	-88	88	88	88
R2INDX	IN120084	1	1	2	2005	3	88	3	0	-88	88	88	88
R2INDX	IN120086	1	21	5	2001	4	88	3	0	-88	88	88	88
R2INDX	IN120088	1	6	2	2002	3	5	2	0	-88	88	88	88
R2INDX	IN120089	1	6	2	2003	3	5	2	0	-88	88	88	88
R2INDX	IN120090	1	6	4	2003	3	5	3	0	-88	88	88	88
R2INDX	IN120091	1	6	4	1996	3	5	3	1	2003	1	9	3
R2INDX	IN120091	2	1	1	2006	3	88	3	0	-88	88	88	88
R2INDX	IN120091	3	21	4	2004	4	88	3	0	-88	88	88	88
R2INDX	IN120092	1	6	2	2004	3	6	3	0	-88	88	88	88
R2INDX	IN120096	1	6	2	2003	3	5	3	1	2006	0	9	2
R2INDX	IN120097	1	6	3	2003	4	3	2	0	-88	88	88	88
R2INDX	IN120099	1	6	4	1999	3	5	2	0	-88	88	88	88
R2INDX	IN120100	1	6	2	2004	3	5	2	0	-88	88	88	88
R2INDX	IN130002	1	6	4	2006	3	4	2	1	2006	0	6	2
R2INDX	IN130007	1	6	2	2006	3	6	2	0	-88	88	88	88
R2INDX	IN130011	1	6	2	1997	3	5	4	0	-88	88	88	88
R2INDX	IN130013	1	6	3	1995	3	4	2	0	-88	88	88	88
R2INDX	IN130013	2	17	5	2006	3	4	3	1	2006	0	5	0
R2INDX	IN130018	1	6	2	2004	5	4	2	0	-88	88	88	88
R2INDX	IN130021	1	6	4	2006	3	5	2	0	-88	88	88	88
R2INDX	IN130021	2	17	4	2006	3	9	3	0	-88	88	88	88
R2INDX	IN130023	1	6	2	1995	3	4	2	1	2001	0	5	2
R2INDX	IN130024	1	6	2	2000	3	5	2	0	-88	88	88	88
R2INDX	IN130026	1	1	3	2003	4	3	3	0	-88	88	88	88
R2INDX	IN130028	1	6	2	2006	3	5	2	0	-88	88	88	88
R2INDX	IN130029	1	6	2	2006	3	5	2	0	-88	88	88	88
R2INDX	IN130029	2	17	2	2006	3	9	3	0	-88	88	88	88
R2INDX	IN130031	1	6	2	2000	5	3	2	0	-88	88	88	88
R2INDX	IN130032	1	6	2	2005	3	5	2	0	-88	88	88	88
R2INDX	IN130034	1	17	4	2006	3	9	3	0	-88	88	88	88
R2INDX	IN130036	1	6	1	2006	3	6	2	0	-88	88	88	88
R2INDX	IN130036	2	17	3	2006	3	2	3	0	-88	88	88	88
R2INDX	IN130037	1	6	3	2004	5	3	2	1	2005	0	6	3
R2INDX	IN130045	1	6	6	2002	3	4	2	1	2002	0	5	2
R2INDX	IN130047	1	6	3	2002	3	6	2	0	-88	88	88	88
R2INDX	IN130048	1	6	2	2006	3	4	3	0	-88	88	88	88
R2INDX	IN130050	1	17	2	2006	3	5	2	0	-88	88	88	88
R2INDX	IN130051	1	6	2	2001	3	5	1	1	2003	0	7	2
R2INDX	IN130052	1	17	3	2004	3	5	2	0	-88	88	88	88
R2INDX	IN130055	1	6	2	2006	3	2	3	0	-88	88	88	88
R2INDX	IN130056	1	6	4	2007	5	3	3	1	-77	0	6	0
R2INDX	IN130057	1	17	2	2006	3	88	3	0	-88	88	88	88
R2INDX	IN130059	1	6	2	2002	3	6	2	0	-88	88	88	88
R2INDX	IN130061	1	6	4	2000	3	4	3	0	-88	88	88	88
R2INDX	IN130063	1	6	4	2002	4	8	3	1	2002	0	7	2
R2INDX	IN130066	1	6	2	1999	3	5	2	0	-88	88	88	88
R2INDX	IN130069	1	6	2	1999	3	5	3	0	-88	88	88	88
R2INDX	IN130070	1	6	3	2001	3	5	2	0	-88	88	88	88
R2INDX	IN130071	1	6	4	2005	3	88	2	1	2005	0	9	0
R2INDX	IN130072	1	6	2	2006	3	6	2	1	2006	0	5	2
R2INDX	IN130072	2	2	1	2005	3	4	2	0	-88	88	88	88
R2INDX	IN130074	1	6	4	2006	5	3	2	0	-88	88	88	88
R2INDX	IN130075	1	6	2	2005	3	5	2	0	-88	88	88	88
R2INDX	IN130078	1	6	4	2006	3	5	2	0	-88	88	88	88
R2INDX	IN130083	1	6	2	2004	3	5	4	0	-88	88	88	88
R2INDX	IN130085	1	6	3	2003	3	6	2	0	-88	88	88	88
R2INDX	IN130086	1	6	5	2006	3	4	2	0	-88	88	88	88
R2INDX	IN130087	1	6	2	2004	5	3	2	0	-88	88	88	88
R2INDX	IN130089	1	6	1	2006	1	4	3	0	-88	88	88	88
R2INDX	IN130090	1	6	2	2002	3	5	3	1	2006	0	6	0
R2INDX	IN130093	1	6	1	2000	3	5	2	0	-88	88	88	88
R2INDX	IN130094	1	6	6	2005	3	5	2	0	-88	88	88	88
R2INDX	IN130098	1	17	3	2004	3	6	2	0	-88	88	88	88
R2INDX	IN130100	1	6	3	2007	3	4	2	0	-88	88	88	88
R2INDX	IN140008	1	6	2	2001	3	5	3	1	2001	0	12	3
R2INDX	IN140009	1	6	3	2001	3	2	3	0	-88	88	88	88
R2INDX	IN140009	2	6	5	2001	3	2	3	1	2006	1	12	2
R2INDX	IN140010	1	6	2	2005	3	88	3	0	-88	88	88	88
R2INDX	IN140012	1	23	2	2006	3	88	3	0	-88	88	88	88
R2INDX	IN140013	1	23	2	2006	3	88	3	0	-88	88	88	88
R2INDX	IN140022	1	6	4	2004	3	88	4	0	-88	88	88	88
R2INDX	IN140024	1	6	4	2003	3	88	3	0	-88	88	88	88
R2INDX	IN140041	1	6	2	2002	3	88	3	0	-88	88	88	88
R2INDX	IN140043	1	6	2	2005	3	88	3	0	-88	88	88	88
R2INDX	IN140049	1	6	2	2005	3	88	3	0	-88	88	88	88
R2INDX	IN140058	1	6	2	2003	3	88	3	0	-88	88	88	88
R2INDX	IN140062	1	23	2	2006	3	88	3	0	-88	88	88	88
R2INDX	IN140067	1	23	2	2005	3	88	3	0	-88	88	88	88
R2INDX	IN140082	1	23	2	2006	3	5	3	0	-88	88	88	88
R2INDX	IN140089	1	6	2	2006	3	88	3	0	-88	88	88	88
R2INDX	IN140092	1	6	2	2006	1	3	3	1	2001	0	8	2
R2INDX	IN140092	2	9	2	2002	1	3	3	0	-88	88	88	88
R2INDX	IN140093	1	23	2	2006	3	88	3	0	-88	88	88	88
R2INDX	IN140093	2	23	7	2006	3	88	3	1	2006	1	9	2
R2INDX	IN150001	1	6	2	2003	1	88	3	0	-88	88	88	88
R2INDX	IN150001	2	6	4	2005	1	3	3	0	-88	88	88	88
R2INDX	IN150001	3	1	5	2005	3	5	3	0	-88	88	88	88
R2INDX	IN150001	4	6	6	2005	3	5	3	0	-88	88	88	88
R2INDX	IN150002	1	23	2	2005	1	3	3	0	-88	88	88	88
R2INDX	IN150003	1	23	2	2004	5	6	3	0	-88	88	88	88
R2INDX	IN150003	2	23	4	2002	5	6	2	1	2002	0	9	3
R2INDX	IN150005	1	6	2	2002	3	88	3	0	-88	88	88	88
R2INDX	IN150007	1	23	2	2005	3	1	3	0	-88	88	88	88
R2INDX	IN150008	1	23	2	2005	3	88	3	0	-88	88	88	88
R2INDX	IN150009	1	6	2	2005	6	3	3	0	-88	88	88	88
R2INDX	IN150010	1	28	1	2006	6	88	3	0	-88	88	88	88
R2INDX	IN150015	1	23	2	2006	3	2	3	0	-88	88	88	88
R2INDX	IN150017	1	6	3	2003	3	6	77	0	-88	88	88	88
R2INDX	IN150018	1	23	1	2003	3	88	3	0	-88	88	88	88
R2INDX	IN150019	1	6	2	2004	5	6	6	0	-88	88	88	88
R2INDX	IN150021	1	6	2	2004	3	6	3	0	-88	88	88	88
R2INDX	IN150022	1	6	2	2003	1	3	3	0	-88	88	88	88
R2INDX	IN150022	2	6	4	2003	1	3	3	1	2003	0	13	2
R2INDX	IN150023	1	6	3	-77	3	88	3	0	-88	88	88	88
R2INDX	IN150024	1	1	1	2005	3	6	3	0	-88	88	88	77
R2INDX	IN150024	2	6	2	2006	6	3	3	1	2006	1	5	2
R2INDX	IN150025	1	6	2	2000	3	88	4	0	-88	88	88	88
R2INDX	IN150026	1	6	5	2003	3	88	3	0	-88	88	88	88
R2INDX	IN150027	1	23	2	1998	5	3	1	0	-88	88	88	88
R2INDX	IN150028	1	23	2	2005	3	88	3	0	-88	88	88	88
R2INDX	IN150030	1	23	1	2006	3	1	3	0	-88	88	88	88
R2INDX	IN150031	1	23	2	2005	3	88	1	1	2006	0	9	0
R2INDX	IN150033	1	6	2	2003	3	1	3	0	-88	88	88	88
R2INDX	IN150034	1	6	2	2004	3	1	3	0	-88	88	88	88
R2INDX	IN150035	1	6	4	2002	3	5	3	0	-88	88	88	88
R2INDX	IN150036	1	6	2	2001	3	88	1	0	-88	88	88	88
R2INDX	IN150037	1	23	2	2003	3	88	3	0	-88	88	88	88
R2INDX	IN150038	1	1	1	2004	3	88	4	1	2004	0	15	0
R2INDX	IN150038	2	13	1	1999	2	5	4	0	-88	88	88	88
R2INDX	IN150038	3	6	2	2004	3	88	3	0	-88	88	88	88
R2INDX	IN150040	1	6	3	2006	3	88	3	0	-88	88	88	88
R2INDX	IN150044	1	6	3	2004	5	88	6	0	-88	88	88	88
R2INDX	IN150045	1	6	3	2006	3	88	3	0	-88	88	88	88
R2INDX	IN150046	1	6	2	2004	3	88	3	0	-88	88	88	88
R2INDX	IN150047	1	6	2	2006	3	88	3	0	-88	88	88	88
R2INDX	IN150047	2	1	1	2005	3	88	3	0	-88	88	88	88
R2INDX	IN150048	1	1	3	2006	3	88	6	0	-88	88	88	88
R2INDX	IN150049	1	6	4	2003	3	88	3	0	-88	88	88	88
R2INDX	IN150050	1	6	3	2005	3	88	3	0	-88	88	88	88
R2INDX	IN150052	1	6	2	2002	5	3	3	0	-88	88	88	88
R2INDX	IN150053	1	6	3	2006	3	88	3	0	-88	88	88	88
R2INDX	IN150058	1	6	3	2002	3	88	3	0	-88	88	88	88
R2INDX	IN150060	1	28	3	1996	2	5	5	0	-88	88	88	88
R2INDX	IN150060	2	6	4	2003	5	3	3	0	-88	88	88	88
R2INDX	IN150062	1	6	2	2005	3	1	3	0	-88	88	88	88
R2INDX	IN150062	2	6	3	2005	3	1	3	0	-88	88	88	88
R2INDX	IN150066	1	8	1	1999	3	1	3	0	-88	88	88	88
R2INDX	IN150066	2	8	2	1999	3	1	3	0	-88	88	88	88
R2INDX	IN150066	3	6	3	2005	3	1	3	0	-88	88	88	88
R2INDX	IN150068	1	6	2	1996	3	88	2	0	-88	88	88	88
R2INDX	IN150069	1	6	2	1996	6	3	3	0	-88	88	88	88
R2INDX	IN150069	2	6	4	2002	6	3	3	0	-88	88	88	88
R2INDX	IN150070	1	1	1	2004	6	10	3	0	-88	88	88	88
R2INDX	IN150070	2	6	2	2003	3	5	3	0	-88	88	88	88
R2INDX	IN150071	1	6	2	2003	3	88	3	1	2003	0	6	2
R2INDX	IN150072	1	28	1	2003	5	2	5	0	-88	88	88	88
R2INDX	IN150072	2	6	2	2001	5	3	3	0	-88	88	88	88
R2INDX	IN150075	1	6	2	2005	2	3	3	1	2005	0	8	2
R2INDX	IN150076	1	6	2	1998	3	88	3	0	-88	88	88	88
R2INDX	IN150080	1	6	2	2006	3	88	3	0	-88	88	88	88
R2INDX	IN150082	1	1	2	2006	2	10	1	0	-88	88	88	88
R2INDX	IN150082	2	6	3	2002	5	3	3	0	-88	88	88	88
R2INDX	IN150083	1	6	4	2007	3	88	3	1	2001	1	6	2
R2INDX	IN150084	1	6	4	2004	3	88	3	0	-88	88	88	88
R2INDX	IN150087	1	6	2	2003	1	3	3	0	-88	88	88	88
R2INDX	IN150088	1	6	2	2006	3	5	3	1	2006	0	9	2
R2INDX	IN150089	1	6	2	2005	3	1	3	0	-88	88	88	88
R2INDX	IN150091	1	6	2	2004	3	88	3	0	-88	88	88	88
R2INDX	IN150092	1	6	2	2004	3	88	3	0	-88	88	88	88
R2INDX	IN150093	1	6	4	2007	3	88	3	0	-88	88	88	88
R2INDX	IN150096	1	6	2	2002	3	88	3	0	-88	88	88	88
R2INDX	IN150097	1	6	2	2006	3	88	3	1	2006	0	9	2
R2INDX	IN150098	1	28	1	1999	2	3	5	0	-88	88	88	88
R2INDX	IN150098	2	6	2	2005	3	5	3	0	-88	88	88	88
R2INDX	IN150099	1	6	2	2003	4	2	3	0	-88	88	88	88
R2INDX	IN160001	1	6	2	2000	2	3	3	0	-88	88	88	88
R2INDX	IN160002	1	6	4	2002	1	2	3	0	-88	88	88	88
R2INDX	IN160008	1	6	2	2001	3	88	3	0	-88	88	88	88
R2INDX	IN160009	1	6	2	2003	3	88	3	1	2003	0	6	2
R2INDX	IN160012	1	6	2	2005	3	88	3	0	-88	88	88	88
R2INDX	IN160013	1	6	2	2001	3	5	3	0	-88	88	88	88
R2INDX	IN160015	1	6	2	2000	3	88	3	0	-88	88	88	88
R2INDX	IN160016	1	6	3	2002	3	88	3	0	-88	88	88	88
R2INDX	IN160017	1	6	2	2006	3	88	3	0	-88	88	88	88
R2INDX	IN160018	1	6	2	1999	3	88	3	0	-88	88	88	88
R2INDX	IN160019	1	6	4	2000	3	88	3	0	-88	88	88	88
R2INDX	IN160020	1	6	2	2000	3	88	3	0	-88	88	88	88
R2INDX	IN160021	1	6	6	2003	3	88	3	0	-88	88	88	88
R2INDX	IN160022	1	6	2	2005	3	5	3	0	-88	88	88	88
R2INDX	IN160023	1	6	2	2003	3	88	3	0	-88	88	88	88
R2INDX	IN160024	1	6	3	2000	3	88	3	0	-88	88	88	88
R2INDX	IN160025	1	6	5	2002	3	88	1	0	-88	88	88	88
R2INDX	IN160026	1	6	2	1997	3	2	3	0	-88	88	88	88
R2INDX	IN160027	1	6	5	2004	3	1	3	1	2004	0	6	2
R2INDX	IN160028	1	6	5	2007	3	88	2	0	-88	88	88	88
R2INDX	IN160030	1	6	2	2003	3	88	1	0	-88	88	88	88
R2INDX	IN160031	1	6	4	2005	3	88	3	0	-88	88	88	88
R2INDX	IN160032	1	6	5	2001	3	88	2	0	-88	88	88	88
R2INDX	IN160032	2	6	7	2005	3	88	2	1	2005	1	13	3
R2INDX	IN160033	1	6	4	2005	3	5	3	1	2005	0	7	3
R2INDX	IN160034	1	1	1	2004	10	2	3	0	-88	88	88	88
R2INDX	IN160036	1	6	2	2002	3	88	3	0	-88	88	88	88
R2INDX	IN160039	1	6	2	2003	3	88	3	0	-88	88	88	88
R2INDX	IN160041	1	6	2	2003	3	2	3	0	-88	88	88	88
R2INDX	IN160042	1	6	2	2003	3	8	3	1	2003	0	6	2
R2INDX	IN160043	1	6	2	2003	3	5	3	0	-88	88	88	88
R2INDX	IN160045	1	1	1	2004	3	88	3	1	2004	0	10	2
R2INDX	IN160046	1	6	5	2006	3	88	3	0	-88	88	88	88
R2INDX	IN160047	1	6	2	2000	3	88	3	0	-88	88	88	88
R2INDX	IN160048	1	6	2	2002	3	5	3	0	-88	88	88	88
R2INDX	IN160051	1	6	3	2001	3	88	4	0	-88	88	88	88
R2INDX	IN160051	2	6	5	2002	3	88	4	0	-88	88	88	88
R2INDX	IN160052	1	6	2	2002	3	88	4	0	-88	88	88	88
R2INDX	IN160053	1	6	2	2002	3	88	3	0	-88	88	88	88
R2INDX	IN160054	1	6	2	2003	3	5	3	1	2003	0	5	2
R2INDX	IN160056	1	6	2	2005	3	5	3	0	-88	88	88	88
R2INDX	IN160060	1	6	2	2004	1	2	3	0	-88	88	88	88
R2INDX	IN160062	1	6	2	2004	3	1	3	1	2001	0	15	0
R2INDX	IN160063	1	6	3	2005	1	3	3	0	-88	88	88	88
R2INDX	IN160064	1	6	2	2004	1	2	3	0	-88	88	88	88
R2INDX	IN160064	2	28	3	2006	3	88	77	0	-88	88	88	88
R2INDX	IN160065	1	6	2	2003	1	2	3	0	-88	88	88	88
R2INDX	IN160066	1	6	2	2002	1	3	3	0	-88	88	88	88
R2INDX	IN160067	1	6	1	2002	3	88	3	0	-88	88	88	88
R2INDX	IN160068	1	6	2	2002	3	88	2	0	-88	88	88	88
R2INDX	IN160069	1	6	2	2003	1	2	3	0	-88	88	88	88
R2INDX	IN160071	1	6	2	2007	3	88	3	0	-88	88	88	88
R2INDX	IN160072	1	6	4	2006	3	88	3	0	-88	88	88	88
R2INDX	IN160073	1	6	2	2006	3	88	3	1	2006	0	9	2
R2INDX	IN160073	2	6	4	2006	3	88	3	0	-88	88	88	88
R2INDX	IN160074	1	6	6	2006	3	5	3	0	-88	88	88	88
R2INDX	IN160080	1	6	2	2005	1	2	3	0	-88	88	88	88
R2INDX	IN160083	1	6	5	2000	3	6	1	1	2000	1	11	0
R2INDX	IN160084	1	6	3	2007	88	88	3	0	-88	88	88	88
R2INDX	IN160086	1	23	3	2005	1	3	3	0	-88	88	88	88
R2INDX	IN160087	1	6	2	2003	3	88	2	0	-88	88	88	88
R2INDX	IN160088	1	6	3	2006	3	2	2	0	-88	88	88	88
R2INDX	IN160090	1	6	3	2006	1	2	3	0	-88	88	88	88
R2INDX	IN160091	1	6	2	2005	3	88	3	0	-88	88	88	88
R2INDX	IN160092	1	6	2	2003	3	5	3	0	-88	88	88	88
R2INDX	IN160093	1	6	2	2006	3	5	3	0	-88	88	88	88
R2INDX	IN160097	1	6	3	2007	3	88	3	0	-88	88	88	88
R2INDX	IN160100	1	6	2	1992	3	88	3	0	-88	88	88	88
R2INDX	IN170002	1	6	3	2006	3	88	3	0	-88	88	88	88
R2INDX	IN170003	1	6	3	2004	3	6	3	0	-88	88	88	88
R2INDX	IN170004	1	6	2	2002	3	6	3	0	-88	88	88	88
R2INDX	IN170007	1	6	2	2003	3	6	3	0	-88	88	88	88
R2INDX	IN170012	1	6	2	1994	2	3	3	0	-88	88	88	88
R2INDX	IN170014	1	6	2	2005	3	2	77	77	-88	88	88	88
R2INDX	IN170015	1	6	4	1998	3	1	3	0	-88	88	88	88
R2INDX	IN170015	2	1	3	2005	3	88	3	0	-88	88	88	88
R2INDX	IN170017	1	6	3	1994	3	4	1	0	-88	88	88	88
R2INDX	IN170019	1	1	2	2003	3	88	5	0	-88	88	88	88
R2INDX	IN170020	1	6	2	2003	5	88	3	0	-88	88	88	88
R2INDX	IN170021	1	6	2	2002	3	88	3	0	-88	88	88	88
R2INDX	IN170022	1	6	8	2001	3	88	3	0	-88	88	88	88
R2INDX	IN170023	1	6	1	2001	3	88	3	0	-88	88	88	88
R2INDX	IN170024	1	6	2	2003	3	6	3	0	-88	88	88	88
R2INDX	IN170025	1	6	3	2001	3	88	3	0	-88	88	88	88
R2INDX	IN170026	1	1	1	2001	3	88	3	0	-88	88	88	88
R2INDX	IN170027	1	6	5	2001	3	2	4	0	-88	88	88	88
R2INDX	IN170028	1	23	1	1998	5	3	3	0	-88	88	88	88
R2INDX	IN170029	1	23	2	2003	88	88	3	0	-88	88	88	88
R2INDX	IN170030	1	6	2	2002	3	6	3	0	-88	88	88	88
R2INDX	IN170031	1	6	2	2001	3	4	3	0	-88	88	88	88
R2INDX	IN170032	1	6	2	2002	3	4	3	0	-88	88	88	88
R2INDX	IN170033	1	6	2	2003	3	88	3	0	-88	88	88	88
R2INDX	IN170034	1	6	2	2002	1	3	6	0	-88	88	88	88
R2INDX	IN170035	1	6	2	2001	3	11	2	0	-88	88	88	88
R2INDX	IN170035	2	6	5	1990	3	11	2	0	-88	88	88	88
R2INDX	IN170039	1	23	3	1990	88	88	3	0	-88	88	88	88
R2INDX	IN170040	1	6	2	1990	1	1	3	1	1990	0	5	3
R2INDX	IN170040	2	1	1	2006	0	0	77	0	-88	88	88	88
R2INDX	IN170041	1	6	2	1990	11	88	3	0	-88	88	88	88
R2INDX	IN170042	1	6	2	1998	2	3	3	0	-88	88	88	88
R2INDX	IN170042	2	6	4	2001	1	4	3	1	2002	0	6	3
R2INDX	IN170043	1	6	5	2001	1	2	3	0	-88	88	88	88
R2INDX	IN170046	1	6	4	2002	3	4	3	0	-88	88	88	88
R2INDX	IN170049	1	6	3	2001	3	4	77	0	-88	88	88	88
R2INDX	IN170051	1	6	2	1997	3	88	3	0	-88	88	88	88
R2INDX	IN170051	2	6	4	1996	3	4	3	0	-88	88	88	88
R2INDX	IN170051	3	6	5	2000	3	4	3	0	-88	88	88	88
R2INDX	IN170052	1	6	2	2000	3	88	3	0	-88	88	88	88
R2INDX	IN170053	1	6	2	1999	3	6	3	0	-88	88	88	88
R2INDX	IN170053	2	6	4	2003	3	88	3	0	-88	88	88	88
R2INDX	IN170054	1	6	4	1997	3	6	3	1	2002	1	15	2
R2INDX	IN170055	1	6	2	2004	3	88	3	0	-88	88	88	88
R2INDX	IN170058	1	6	3	2002	3	6	3	0	-88	88	88	88
R2INDX	IN170062	1	6	7	2006	3	88	3	0	-88	88	88	88
R2INDX	IN170064	1	6	2	2000	3	88	3	0	-88	88	88	88
R2INDX	IN170067	1	6	4	2000	11	4	2	1	2000	0	11	2
R2INDX	IN170067	2	1	2	2003	3	88	5	0	-88	88	88	88
R2INDX	IN170068	1	6	5	1999	3	6	3	0	-88	88	88	88
R2INDX	IN170070	1	6	5	2004	3	88	3	0	-88	88	88	88
R2INDX	IN170070	2	2	1	-77	88	88	88	77	-88	88	88	88
R2INDX	IN170071	1	6	2	2003	2	3	2	0	-88	88	88	88
R2INDX	IN170074	1	6	4	2001	2	3	4	0	-88	88	88	88
R2INDX	IN170075	1	6	5	2006	4	88	1	0	-88	88	88	88
R2INDX	IN170077	1	6	5	2004	3	4	2	0	-88	88	88	88
R2INDX	IN170080	1	6	4	2007	2	3	3	1	2006	0	9	3
R2INDX	IN170080	2	6	2	2005	1	3	2	0	-88	88	88	88
R2INDX	IN170082	1	6	1	2000	3	5	2	0	-88	88	88	88
R2INDX	IN170082	2	6	5	2001	3	5	2	0	-88	88	88	88
R2INDX	IN170082	3	8	4	2002	4	9	1	0	-88	88	88	88
R2INDX	IN170083	1	6	2	2000	3	5	2	1	2000	0	5	2
R2INDX	IN170087	1	6	4	2000	3	88	3	0	-88	88	88	88
R2INDX	IN170087	2	6	6	2000	3	88	3	0	-88	88	88	88
R2INDX	IN170089	1	6	2	2000	3	88	3	0	-88	88	88	88
R2INDX	IN170090	1	1	6	2001	3	6	3	0	-88	88	88	88
R2INDX	IN170093	1	4	6	2002	3	4	3	1	2002	0	88	0
R2INDX	IN170094	1	6	4	1996	3	88	2	0	-88	88	88	88
R2INDX	IN170095	1	6	1	2005	3	11	2	0	-88	88	88	88
R2INDX	IN170095	2	6	3	2002	3	4	2	1	2002	0	5	2
R2INDX	IN170096	1	6	3	2000	3	4	2	0	-88	88	88	88
R2INDX	IN170097	1	6	7	2005	2	3	2	0	-88	88	88	88
R2INDX	IN170097	2	6	3	1999	2	3	2	1	1999	0	8	88
R2INDX	IN170098	1	6	2	2003	5	3	2	0	-88	88	88	88
R2INDX	IN170100	1	6	4	1997	3	4	3	0	-88	88	88	88
R2INDX	IN170100	2	1	3	2003	3	88	3	0	-88	88	88	88
R2INDX	IN180001	1	6	2	2007	2	4	3	1	2006	0	6	0
R2INDX	IN180001	2	6	4	2007	2	4	3	0	-88	88	88	88
R2INDX	IN180001	3	6	6	2007	2	4	3	0	-88	88	88	88
R2INDX	IN180001	4	6	8	2007	2	4	3	0	-88	88	88	88
R2INDX	IN180001	5	6	12	2007	2	4	3	0	-88	88	88	88
R2INDX	IN180001	6	1	3	2004	2	4	6	1	2004	0	6	0
R2INDX	IN180003	1	6	2	2007	2	4	3	0	-88	88	88	88
R2INDX	IN180005	1	6	2	2000	3	5	3	0	-88	88	88	88
R2INDX	IN180007	1	6	3	2001	3	2	3	0	-88	88	88	88
R2INDX	IN180008	1	6	4	2000	3	1	3	0	-88	88	88	88
R2INDX	IN180010	1	6	5	2003	4	3	3	0	-88	88	88	88
R2INDX	IN180010	2	2	3	-77	3	2	3	0	-88	88	88	88
R2INDX	IN180012	1	6	4	2003	2	3	3	0	-88	88	88	88
R2INDX	IN180013	1	6	2	2003	3	4	3	1	2003	0	5	2
R2INDX	IN180014	1	6	2	2004	3	88	3	0	-88	88	88	88
R2INDX	IN180015	1	6	2	1997	3	6	3	1	2006	0	6	0
R2INDX	IN180017	1	6	4	2007	3	6	3	0	-88	88	88	88
R2INDX	IN180020	1	6	4	2006	3	6	3	0	-88	88	88	88
R2INDX	IN180022	1	6	2	1998	3	4	3	1	2006	0	5	2
R2INDX	IN180025	1	6	2	2005	3	88	3	0	-88	88	88	88
R2INDX	IN180027	1	6	6	2004	3	88	3	0	-88	88	88	88
R2INDX	IN180030	1	19	1	2001	1	7	4	0	-88	88	88	88
R2INDX	IN180031	1	6	3	1997	3	4	3	0	-88	88	88	88
R2INDX	IN180032	1	6	4	2004	3	88	3	0	-88	88	88	88
R2INDX	IN180033	1	6	2	1998	3	88	3	1	1998	0	5	2
R2INDX	IN180034	1	6	6	2004	3	88	3	0	-88	88	88	88
R2INDX	IN180034	2	6	12	2004	3	88	3	0	-88	88	88	88
R2INDX	IN180035	1	6	2	2003	3	5	3	0	-88	88	88	88
R2INDX	IN180036	1	6	3	2006	3	5	3	0	-88	88	88	88
R2INDX	IN180038	1	6	2	2004	3	88	3	0	-88	88	88	88
R2INDX	IN180039	1	5	80	-77	11	88	3	0	-88	88	88	88
R2INDX	IN180040	1	6	3	2000	3	1	3	0	-88	88	88	88
R2INDX	IN180041	1	6	2	2003	2	3	3	0	-88	88	88	88
R2INDX	IN180043	1	6	3	2001	3	88	3	0	-88	88	88	88
R2INDX	IN180045	1	6	6	1995	2	3	3	0	-88	88	88	88
R2INDX	IN180046	1	5	2	-77	11	88	3	0	-88	88	88	88
R2INDX	IN180047	1	6	3	2003	3	88	3	0	-88	88	88	88
R2INDX	IN180051	1	6	4	1997	2	3	3	0	-88	88	88	88
R2INDX	IN180052	1	6	2	2006	5	3	3	0	-88	88	88	88
R2INDX	IN180053	1	6	2	2006	3	88	3	0	-88	88	88	88
R2INDX	IN180054	1	6	2	2003	3	4	3	0	-88	88	88	88
R2INDX	IN180056	1	6	2	1996	3	11	3	0	-88	88	88	88
R2INDX	IN180057	1	6	4	2002	3	5	3	0	-88	88	88	88
R2INDX	IN180058	1	6	3	2003	3	6	1	1	2003	0	6	3
R2INDX	IN180058	2	5	2	-77	11	88	3	0	-88	88	88	88
R2INDX	IN180059	1	6	2	2001	2	3	3	0	-88	88	88	88
R2INDX	IN180060	1	6	2	2001	2	3	4	0	-88	88	88	88
R2INDX	IN180062	1	6	2	2000	3	88	3	0	-88	88	88	88
R2INDX	IN180064	1	6	3	2002	3	6	3	0	-88	88	88	88
R2INDX	IN180067	1	6	1	2003	3	6	3	0	-88	88	88	88
R2INDX	IN180067	2	5	2	-77	11	88	3	0	-88	88	88	88
R2INDX	IN180068	1	6	1	2006	3	88	3	0	-88	88	88	88
R2INDX	IN180068	2	5	80	-77	11	88	3	0	-88	88	88	88
R2INDX	IN180069	1	6	3	2002	3	6	3	0	-88	88	88	88
R2INDX	IN180069	2	5	2	-77	11	88	3	0	-88	88	88	88
R2INDX	IN180070	1	6	3	2003	3	6	3	0	-88	88	88	88
R2INDX	IN180071	1	6	2	2001	3	5	3	0	-88	88	88	88
R2INDX	IN180071	2	6	4	2003	3	5	3	0	-88	88	88	88
R2INDX	IN180071	3	6	6	2005	3	5	3	0	-88	88	88	88
R2INDX	IN180072	1	6	3	2003	5	3	3	0	-88	88	88	88
R2INDX	IN180073	1	6	2	1998	3	88	3	0	-88	88	88	88
R2INDX	IN180074	1	6	2	2000	3	88	3	0	-88	88	88	88
R2INDX	IN180075	1	6	2	2000	3	88	3	1	2000	0	5	2
R2INDX	IN180075	2	6	4	2002	3	88	3	0	-88	88	88	88
R2INDX	IN180076	1	6	2	2000	3	88	3	0	-88	88	88	88
R2INDX	IN180076	2	6	4	2006	88	88	3	0	-88	88	88	88
R2INDX	IN180077	1	6	3	2000	3	4	4	0	-88	88	88	88
R2INDX	IN180081	1	6	2	2005	5	3	3	0	-88	88	88	88
R2INDX	IN180081	2	11	1	2003	3	5	3	0	-88	88	88	88
R2INDX	IN180082	1	2	2	-77	2	3	3	0	-88	88	88	88
R2INDX	IN180084	1	24	3	2003	4	88	3	0	-88	88	88	88
R2INDX	IN180085	1	6	2	1998	3	2	3	0	-88	88	88	88
R2INDX	IN180087	1	6	3	2004	3	5	3	0	-88	88	88	88
R2INDX	IN180089	1	6	2	2002	3	88	3	0	-88	88	88	88
R2INDX	IN180090	1	17	80	2004	5	7	3	0	-88	88	88	88
R2INDX	IN180091	1	6	3	2002	3	88	3	0	-88	88	88	88
R2INDX	IN180093	1	6	3	2004	3	88	3	0	-88	88	88	88
R2INDX	IN180096	1	6	2	1992	3	88	3	0	-88	88	88	88
R2INDX	IN180096	2	6	4	2006	3	4	3	0	-88	88	88	88
R2INDX	IN180097	1	5	1	-77	11	88	3	0	-88	88	88	88
R2INDX	IN180098	1	6	5	2004	3	6	3	1	2004	1	8	0
R2INDX	IN180099	1	6	2	2002	3	5	3	0	-88	88	88	88
R2INDX	IN180099	2	6	5	2002	3	5	3	0	-88	88	88	88
R2INDX	IN180100	1	6	4	2001	3	88	88	0	-88	88	88	88
R2INDX	IN180100	2	6	6	2003	3	88	88	0	-88	88	88	88
R2INDX	IN180100	3	6	13	2003	3	4	3	0	-88	88	88	88
R2INDX	IN190001	1	6	4	2002	3	5	3	0	-88	88	88	88
R2INDX	IN190007	1	6	3	2004	3	88	3	0	-88	88	88	88
R2INDX	IN190014	1	6	2	2007	2	3	3	0	-88	88	88	88
R2INDX	IN190017	1	6	5	1999	2	3	3	0	-88	88	88	88
R2INDX	IN190018	1	6	2	2002	2	3	4	0	-88	88	88	88
R2INDX	IN190018	2	6	4	2002	1	3	4	0	-88	88	88	88
R2INDX	IN190020	1	6	4	2001	2	3	3	0	-88	88	88	88
R2INDX	IN190021	1	6	3	2004	2	3	3	0	-88	88	88	88
R2INDX	IN190022	1	6	3	2003	3	88	3	0	-88	88	88	88
R2INDX	IN190023	1	6	4	2000	3	4	3	0	-88	88	88	88
R2INDX	IN190025	1	6	4	2002	3	88	3	0	-88	88	88	88
R2INDX	IN190029	1	6	3	2001	3	5	3	0	-88	88	88	88
R2INDX	IN190030	1	6	80	2002	5	3	3	0	-88	88	88	88
R2INDX	IN190032	1	6	2	2004	3	4	4	0	-88	88	88	88
R2INDX	IN190033	1	6	4	1998	3	2	3	0	-88	88	88	88
R2INDX	IN190034	1	6	1	2004	3	2	3	0	-88	88	88	88
R2INDX	IN190034	2	6	3	2004	3	2	3	1	2004	0	8	2
R2INDX	IN190034	3	1	2	2006	4	88	3	0	-88	88	88	88
R2INDX	IN190034	4	7	3	2004	6	4	1	0	-88	88	88	88
R2INDX	IN190035	1	6	4	2003	3	2	3	0	-88	88	88	88
R2INDX	IN190036	1	6	2	1996	3	2	3	0	-88	88	88	88
R2INDX	IN190036	2	6	4	2002	3	2	3	0	-88	88	88	88
R2INDX	IN190037	1	6	2	2006	3	6	3	1	2006	0	5	0
R2INDX	IN190037	2	6	4	2006	3	6	3	0	-88	88	88	88
R2INDX	IN190038	1	6	4	2000	3	5	3	0	-88	88	88	88
R2INDX	IN190040	1	6	10	2002	3	6	3	0	-88	88	88	88
R2INDX	IN190041	1	6	2	2005	3	6	3	0	-88	88	88	88
R2INDX	IN190042	1	6	2	2004	3	6	3	0	-88	88	88	88
R2INDX	IN190042	2	6	4	2004	3	6	3	0	-88	88	88	88
R2INDX	IN190043	1	6	4	2003	3	6	3	0	-88	88	88	88
R2INDX	IN190044	1	6	2	2001	5	3	3	1	2001	0	5	0
R2INDX	IN190045	1	6	4	2004	2	3	3	0	-88	88	88	88
R2INDX	IN190046	1	6	3	2003	2	3	3	0	-88	88	88	88
R2INDX	IN190047	1	6	3	2005	2	3	3	0	-88	88	88	88
R2INDX	IN190050	1	6	4	2004	5	3	3	0	-88	88	88	88
R2INDX	IN190051	1	6	2	2002	3	88	3	0	-88	88	88	88
R2INDX	IN190051	2	6	5	2002	3	88	3	0	-88	88	88	88
R2INDX	IN190052	1	6	3	2003	3	88	3	0	-88	88	88	88
R2INDX	IN190054	1	6	2	2001	3	88	3	0	-88	88	88	88
R2INDX	IN190055	1	6	2	2002	3	88	3	0	-88	88	88	88
R2INDX	IN190057	1	6	3	2006	2	3	3	0	-88	88	88	88
R2INDX	IN190058	1	6	2	2001	2	3	4	0	-88	88	88	88
R2INDX	IN190059	1	6	2	2002	2	3	3	0	-88	88	88	88
R2INDX	IN190060	1	6	2	2002	2	3	3	0	-88	88	88	88
R2INDX	IN190060	2	6	4	2004	2	3	1	0	-88	88	88	88
R2INDX	IN190061	1	6	2	2002	2	3	3	0	-88	88	88	88
R2INDX	IN190062	1	6	4	2007	3	88	3	0	-88	88	88	88
R2INDX	IN190063	1	6	6	2001	3	88	3	0	-88	88	88	88
R2INDX	IN190064	1	6	2	2002	3	4	3	0	-88	88	88	88
R2INDX	IN190064	2	6	3	2000	3	2	3	0	-88	88	88	88
R2INDX	IN190065	1	6	2	1996	3	2	3	1	1996	0	5	2
R2INDX	IN190065	2	6	4	2002	3	4	3	0	-88	88	88	88
R2INDX	IN190066	1	6	2	2002	2	4	3	1	2005	0	5	2
R2INDX	IN190067	1	6	1	2003	3	4	3	0	-88	88	88	88
R2INDX	IN190067	2	6	2	2004	3	4	3	0	-88	88	88	88
R2INDX	IN190068	1	6	3	1998	3	4	3	0	-88	88	88	88
R2INDX	IN190070	1	6	7	2001	3	88	3	0	-88	88	88	88
R2INDX	IN190071	1	6	3	2001	3	6	3	0	-88	88	88	88
R2INDX	IN190072	1	6	8	2001	3	6	3	0	-88	88	88	88
R2INDX	IN190073	1	6	2	1996	3	6	3	0	-88	88	88	88
R2INDX	IN190073	2	6	4	2004	3	6	3	0	-88	88	88	88
R2INDX	IN190073	3	6	6	2003	3	6	3	0	-88	88	88	88
R2INDX	IN190074	1	6	2	1995	3	6	3	0	-88	88	88	88
R2INDX	IN190074	2	6	4	1997	3	6	3	0	-88	88	88	88
R2INDX	IN190075	1	6	4	2003	3	5	3	0	-88	88	88	88
R2INDX	IN190076	1	6	3	1998	3	5	3	0	-88	88	88	88
R2INDX	IN190078	1	6	2	1998	3	5	3	0	-88	88	88	88
R2INDX	IN190078	2	6	3	1998	3	5	3	0	-88	88	88	88
R2INDX	IN190080	1	6	2	2002	3	5	3	1	2002	0	5	3
R2INDX	IN190081	1	6	3	2002	3	5	3	0	-88	88	88	88
R2INDX	IN190082	1	6	3	2002	3	5	3	1	2002	0	5	2
R2INDX	IN190082	2	6	7	2002	3	5	3	0	-88	88	88	88
R2INDX	IN190082	3	24	2	2004	4	6	3	0	-88	88	88	88
R2INDX	IN190083	1	1	3	2001	3	88	3	0	-88	88	88	88
R2INDX	IN190084	1	6	3	2002	2	3	4	1	2002	0	5	3
R2INDX	IN190086	1	6	2	2006	2	3	3	0	-88	88	88	88
R2INDX	IN190088	1	6	2	2005	2	3	3	0	-88	88	88	88
R2INDX	IN190089	1	6	3	2000	3	2	3	1	2000	0	5	3
R2INDX	IN190091	1	6	2	1998	3	5	3	0	-88	88	88	88
R2INDX	IN190093	1	6	4	1998	3	5	3	0	-88	88	88	88
R2INDX	IN190094	1	6	4	1999	2	3	3	1	1999	0	6	3
R2INDX	IN190096	1	6	4	2001	3	88	3	0	-88	88	88	88
R2INDX	IN190098	1	6	8	2004	2	3	4	0	-88	88	88	88
R2INDX	IN190100	1	6	4	2002	3	88	3	0	-88	88	88	88
R2INDX	IN200003	1	22	1	2002	4	6	1	0	-88	88	88	88
R2INDX	IN200004	1	22	1	2005	10	3	2	0	-88	88	88	88
R2INDX	IN200006	1	12	1	2000	1	3	3	0	-88	88	88	88
R2INDX	IN200008	1	8	1	2005	88	88	3	0	-88	88	88	88
R2INDX	IN200012	1	6	2	2005	3	88	3	0	-88	88	88	88
R2INDX	IN200012	2	28	1	2003	5	88	2	0	-88	88	88	88
R2INDX	IN200017	1	7	4	2001	4	8	3	0	-88	88	88	88
R2INDX	IN200019	1	8	1	1997	3	88	3	0	-88	88	88	88
R2INDX	IN200019	2	8	2	1997	3	88	3	0	-88	88	88	88
R2INDX	IN200020	1	22	3	2002	3	2	2	0	-88	88	88	88
R2INDX	IN200022	1	22	1	2004	3	5	3	0	-88	88	88	88
R2INDX	IN200023	1	22	1	1998	2	5	3	1	2006	0	12	2
R2INDX	IN200025	1	6	3	1998	1	2	3	1	1999	0	9	2
R2INDX	IN200028	1	6	2	-77	3	88	3	0	-88	88	88	88
R2INDX	IN200029	1	14	3	2006	3	10	3	0	-88	88	88	88
R2INDX	IN200039	1	8	1	1997	1	88	3	0	-88	88	88	88
R2INDX	IN200039	2	12	1	2000	5	88	3	0	-88	88	88	88
R2INDX	IN200039	3	22	1	2004	1	1	3	1	-88	88	88	88
R2INDX	IN200048	1	23	2	2002	3	11	3	0	-88	88	88	88
R2INDX	IN200051	1	6	4	2004	3	4	3	1	2004	0	5	2
R2INDX	IN200053	1	23	2	2001	3	88	3	0	-88	88	88	88
R2INDX	IN200070	1	8	1	2001	3	88	4	1	2001	0	11	0
R2INDX	IN200077	1	23	2	2002	3	88	3	0	-88	88	88	88
R2INDX	IN200082	1	28	3	2002	1	88	3	0	-88	88	88	88
