CHILDID	REMID	REMREL	REMQNT	REMTYPE	V2070403
VN011009	1	3	72	1	1
VN011009	2	2	7	2	1
VN011009	3	5	4	1	1
VN011016	1	2	20	3	2
VN011016	2	5	5	2	2
VN011017	1	2	6	3	2
VN011017	2	3	2	1	2
VN011022	1	2	6	3	2
VN011026	1	2	120	3	1
VN011026	2	3	12	3	1
VN011026	3	4	36	2	1
VN011028	1	2	5	3	1
VN011028	2	3	3	3	1
VN011029	1	2	15	3	1
VN011029	2	3	8	3	1
VN011029	3	5	8	2	1
VN011031	1	2	3	1	2
VN011034	1	3	60	2	2
VN011034	2	2	20	1	2
VN011034	3	5	10	1	2
VN011037	1	3	9	2	2
VN011037	2	2	6	2	2
VN011037	3	5	6	1	2
VN011041	1	2	36	3	2
VN011041	2	3	12	1	1
VN011041	3	5	144	2	1
VN011048	1	3	10	3	1
VN011048	2	2	4	2	1
VN011048	3	3	7	2	1
VN011063	1	2	3	3	1
VN021002	1	3	20	3	2
VN021002	2	2	5	1	1
VN021004	1	3	10	1	2
VN021004	2	2	8	3	2
VN021005	1	3	3	3	1
VN021007	1	2	3	3	1
VN021013	1	2	36	1	2
VN021013	2	3	371	3	2
VN021013	3	4	1	1	1
VN021013	4	5	36	2	1
VN021017	1	3	240	2	2
VN021017	2	2	4	2	2
VN021017	3	5	2	2	2
VN021020	1	2	5	3	1
VN021020	2	3	3	3	1
VN021023	1	3	120	3	2
VN021023	2	2	5	3	2
VN021023	3	5	12	2	2
VN021024	1	2	5	1	2
VN021029	1	2	1	1	2
VN021031	1	3	12	2	2
VN021031	2	2	1	1	2
VN021032	1	3	30	3	1
VN021034	1	3	2	3	1
VN021041	1	1	5	2	1
VN021043	1	2	10	3	2
VN021043	2	5	2	1	2
VN021044	1	2	3	3	2
VN021044	2	3	4	3	2
VN021044	3	5	5	2	1
VN021047	1	2	24	3	1
VN021047	2	3	24	3	1
VN021048	1	3	10	1	1
VN021048	2	2	9	1	1
VN021056	1	3	10	3	1
VN021056	2	2	10	3	1
VN021065	1	2	1	3	2
VN021072	1	3	7	3	2
VN021072	2	2	5	1	1
VN021078	1	3	3	1	2
VN021083	1	2	12	3	2
VN021083	2	3	72	3	1
VN021083	3	2	1	1	1
VN021083	4	5	25	2	1
VN031001	1	3	3	2	1
VN031001	2	2	5	2	1
VN031003	1	2	2	1	2
VN031003	2	3	1	2	2
VN031004	1	3	2	3	1
VN031005	1	2	3	1	1
VN031008	1	2	8	2	1
VN031008	2	4	9	2	1
VN031008	3	5	5	2	1
VN031009	1	2	2	1	1
VN031009	2	4	3	1	1
VN031011	1	2	1	2	2
VN031011	2	3	3	2	1
VN031011	3	5	11	3	2
VN031023	1	4	2	1	1
VN031023	2	2	9	3	1
VN031023	3	3	3	2	1
VN031025	1	2	2	3	1
VN031027	1	3	7	1	2
VN031032	1	2	4	3	1
VN031033	1	3	5	2	2
VN031033	2	2	4	2	2
VN031034	1	2	4	2	2
VN031041	1	2	1	1	2
VN031043	1	2	3	2	1
VN031043	2	3	2	2	1
VN031047	1	5	2	1	1
VN031049	1	2	2	3	2
VN031050	1	3	1	1	1
VN031050	2	2	1	1	1
VN031050	3	4	2	1	2
VN031050	4	5	1	1	1
VN031052	1	3	1	1	2
VN031052	2	2	1	1	2
VN031058	1	3	5	3	1
VN041002	1	2	5	1	1
VN041002	2	3	2	1	1
VN041003	1	2	2	1	1
VN041004	1	3	9	3	2
VN041004	2	2	5	3	2
VN041009	1	3	20	3	2
VN041009	2	2	30	3	2
VN041009	3	5	10	2	2
VN041011	1	2	2	3	1
VN041011	2	3	10	2	1
VN041013	1	2	3	3	1
VN041013	2	3	2	3	1
VN041017	1	2	2	3	1
VN041022	1	2	6	1	1
VN041023	1	2	2	1	2
VN041025	1	2	24	2	1
VN041025	2	1	24	2	1
VN041027	1	2	1	1	1
VN041027	2	3	4	2	1
VN041027	3	5	30	2	1
VN041028	1	2	24	3	1
VN041028	2	3	60	2	1
VN041028	3	5	2	2	1
VN041037	1	2	8	3	2
VN041037	2	3	6	3	2
VN041040	1	2	3	3	1
VN041040	2	3	6	3	1
VN041046	1	2	3	1	1
VN041046	2	3	4	1	1
VN041049	1	2	36	3	1
VN041049	2	3	12	3	1
VN041049	3	4	6	3	1
VN041049	4	5	5	2	1
VN041059	1	2	6	3	1
VN041059	2	3	4	3	1
VN041092	1	3	10	1	2
VN041106	1	2	1	1	2
VN041109	1	2	10	3	1
VN041109	2	3	2	2	2
VN041110	1	2	4	1	1
VN041110	2	3	4	1	1
VN041110	3	5	7	1	1
VN041114	1	3	50	1	2
VN041114	2	2	5	1	2
VN051004	1	2	24	3	1
VN051004	2	5	20	2	1
VN051005	1	4	1	1	2
VN051009	1	2	84	3	1
VN051009	2	3	24	3	1
VN051009	3	5	24	2	1
VN051010	1	2	4	1	2
VN051017	1	3	12	3	2
VN051019	1	2	8	3	2
VN051019	2	3	3	3	1
VN051022	1	2	2	3	1
VN051022	2	3	17	3	1
VN051022	3	5	2	2	1
VN051024	1	2	11	1	1
VN051024	2	3	10	1	1
VN051025	1	2	4	3	1
VN051025	2	3	5	3	1
VN051025	3	5	2	2	1
VN051026	1	2	4	3	1
VN051026	2	3	2	3	1
VN051033	1	2	5	3	1
VN051033	2	3	10	3	1
VN051033	3	5	10	3	1
VN051035	1	4	12	2	1
VN051035	2	3	4	3	1
VN051036	1	3	2	1	1
VN051036	2	2	10	3	1
VN051036	3	5	7	1	1
VN051037	1	2	8	3	2
VN051037	2	3	2	3	2
VN051038	1	3	96	3	1
VN051038	2	2	4	3	1
VN051038	3	5	120	2	1
VN051045	1	2	7	3	2
VN051045	2	3	10	3	2
VN051070	1	2	3	3	2
VN061001	1	2	4	3	1
VN061001	2	3	2	3	1
VN061003	1	3	5	1	1
VN061004	1	3	4	1	2
VN061006	1	2	4	3	1
VN061006	2	3	2	3	1
VN061011	1	3	9	1	1
VN061012	1	3	360	3	2
VN061012	2	2	15	3	2
VN061013	1	2	2	2	2
VN061015	1	3	2	3	1
VN061016	1	2	2	3	1
VN061016	2	3	3	3	1
VN061017	1	2	10	2	1
VN061017	2	3	10	3	1
VN061025	1	2	36	3	1
VN061025	2	5	24	2	1
VN061029	1	3	242	2	1
VN061029	2	2	5	3	1
VN061031	1	3	2	3	2
VN061031	2	2	1	1	2
VN061034	1	2	36	2	1
VN061034	2	3	10	3	1
VN061034	3	5	24	2	1
VN061035	1	3	10	1	2
VN061035	2	2	3	1	2
VN061035	3	5	5	1	1
VN061038	1	3	36	2	1
VN061038	2	2	48	2	1
VN061038	3	5	1	2	1
VN061042	1	2	12	2	1
VN061042	2	3	5	3	1
VN061042	3	5	2	2	1
VN061044	1	2	2	1	2
VN061050	1	3	4	1	2
VN061052	1	2	3	2	1
VN061052	2	3	24	3	1
VN061055	1	2	12	1	2
VN061055	2	5	3	2	1
VN061056	1	3	1	1	1
VN061076	1	3	10	3	2
VN061076	2	2	10	2	2
VN061076	3	5	10	1	2
VN061079	1	3	7	1	1
VN061104	1	3	1	1	1
VN061104	2	2	4	3	1
VN071002	1	3	2	1	1
VN071002	2	5	4	2	1
VN071003	1	3	5	1	1
VN071003	2	2	2	2	2
VN071005	1	2	20	3	2
VN071005	2	3	2	3	1
VN071005	3	5	4	2	2
VN071006	1	2	3	3	1
VN071008	1	3	2	1	2
VN071008	2	2	3	2	2
VN071008	3	5	2	2	2
VN071008	4	4	3	1	2
VN071012	1	3	2	1	2
VN071020	1	2	6	3	2
VN071020	2	3	7	3	1
VN071020	3	4	4	1	1
VN071020	4	5	10	2	1
VN071021	1	3	5	3	1
VN071021	2	2	36	2	1
VN071023	1	3	8	3	1
VN071023	2	2	4	3	2
VN071024	1	3	365	3	1
VN071024	2	2	365	3	1
VN071024	3	5	7	3	1
VN071025	1	3	365	3	1
VN071025	2	2	365	3	1
VN071025	3	5	12	2	1
VN071026	1	3	1	1	2
VN071027	1	3	12	1	1
VN071028	1	2	1	1	2
VN071028	2	3	10	2	1
VN071034	1	3	24	3	1
VN071034	2	2	4	3	1
VN071034	3	5	3	3	1
VN071038	1	3	5	3	2
VN071038	2	2	7	3	2
VN071041	1	2	20	2	1
VN071042	1	2	4	3	2
VN071042	2	3	5	3	2
VN071046	1	2	5	3	2
VN071046	2	3	6	3	2
VN071047	1	3	3	1	2
VN071049	1	2	5	3	1
VN071049	2	3	3	2	1
VN071049	3	5	6	2	1
VN071097	1	3	5	2	1
VN071097	2	2	30	2	1
VN071097	3	5	5	2	1
VN071112	1	3	10	3	2
VN071120	1	2	5	3	2
VN071121	1	2	3	2	2
VN081003	1	3	12	1	1
VN081004	1	2	3	3	2
VN081004	2	4	5	3	1
VN081004	3	5	10	2	1
VN081006	1	3	5	3	2
VN081006	2	6	3	3	2
VN081006	3	2	10	2	2
VN081008	1	3	20	2	1
VN081010	1	3	20	2	1
VN081018	1	3	20	1	1
VN081022	1	3	10	3	2
VN081023	1	2	1	3	1
VN081023	2	3	2	2	1
VN081025	1	2	6	3	1
VN081025	2	3	5	2	1
VN081028	1	3	300	1	1
VN081028	2	2	100	1	1
VN081031	1	3	3	2	1
VN081031	2	2	3	3	1
VN081035	1	2	3	2	1
VN081035	2	3	30	2	1
VN081035	3	4	2	2	1
VN081036	1	3	1	2	1
VN081036	2	2	4	1	1
VN081036	3	5	2	1	1
VN081038	1	3	1	1	2
VN081041	1	3	3	3	2
VN081041	2	2	6	3	2
VN081042	1	3	10	2	1
VN081045	1	3	6	3	2
VN081045	2	2	4	3	2
VN081049	1	2	3	3	1
VN081105	1	2	1	1	2
VN081130	1	6	6	2	1
VN091008	1	3	3	2	1
VN091009	1	2	2	2	2
VN091009	2	3	4	2	2
VN091009	3	5	3	2	2
VN091010	1	3	1	2	2
VN091011	1	3	5	1	2
VN091011	2	2	3	1	2
VN091013	1	4	3	2	2
VN091015	1	2	5	2	2
VN091015	2	5	6	2	2
VN091016	1	2	2	2	1
VN091016	2	3	2	2	1
VN091018	1	2	1	1	2
VN091021	1	2	2	2	2
VN091021	2	3	2	2	2
VN091022	1	2	12	2	1
VN091028	1	3	1	2	2
VN091028	2	5	1	2	2
VN091029	1	4	2	2	1
VN091036	1	3	3	2	1
VN091036	2	2	2	2	1
VN091036	3	5	2	1	1
VN091039	1	5	10	2	1
VN091047	1	2	5	3	2
VN091052	1	2	2	2	2
VN091052	2	3	3	2	2
VN091052	3	5	5	2	2
VN091053	1	3	12	2	1
VN091071	1	3	2	2	2
VN101001	1	3	1	2	2
VN101006	1	2	5	3	2
VN101010	1	2	30	3	2
VN101010	2	3	30	3	2
VN101010	3	5	20	3	2
VN101015	1	3	4	3	2
VN101015	2	2	2	3	2
VN101015	3	4	2	3	2
VN101015	4	5	3	3	2
VN101016	1	3	4	3	1
VN101017	1	3	2	1	1
VN101017	2	2	3	2	1
VN101017	3	5	2	2	2
VN101018	1	2	5	2	1
VN101018	2	3	12	2	1
VN101020	1	2	1	2	1
VN101020	2	3	1	2	1
VN101021	1	5	5	3	1
VN101022	1	2	5	3	2
VN101022	2	3	6	3	2
VN101026	1	3	2	2	2
VN101027	1	2	15	3	1
VN101027	2	3	36	3	1
VN101028	1	2	8	3	2
VN101028	2	3	3	2	1
VN101028	3	5	7	3	2
VN101034	1	2	5	2	2
VN101034	2	5	2	2	2
VN101035	1	2	10	3	1
VN101035	2	3	10	3	1
VN101036	1	3	50	3	1
VN101036	2	2	30	2	1
VN101036	3	6	20	2	1
VN101037	1	3	4	3	1
VN101038	1	2	7	3	2
VN101039	1	2	2	2	2
VN101040	1	3	4	2	2
VN101040	2	5	2	3	2
VN101041	1	3	20	2	1
VN101043	1	2	3	2	1
VN101044	1	2	2	3	2
VN101044	2	3	2	3	2
VN101044	3	5	1	2	1
VN101045	1	2	2	3	2
VN101045	2	5	2	2	1
VN101048	1	2	7	3	2
VN101048	2	3	1	2	1
VN101048	3	5	6	3	2
VN101050	1	2	4	3	2
VN101051	1	1	4	3	1
VN101059	1	3	5	2	2
VN101064	1	2	4	3	2
VN101064	2	5	6	3	2
VN101075	1	3	2	2	1
VN101075	2	2	5	2	1
VN101075	3	5	10	2	2
VN101083	1	3	6	3	1
VN111002	1	3	10	3	1
VN111002	2	2	2	2	1
VN111004	1	2	6	3	1
VN111004	2	3	2	3	1
VN111005	1	3	10	3	1
VN111008	1	2	2	1	2
VN111009	1	2	5	2	2
VN111010	1	2	4	3	1
VN111010	2	5	3	2	1
VN111011	1	3	2	3	1
VN111013	1	3	2	2	1
VN111014	1	2	10	2	1
VN111014	2	3	14	3	1
VN111015	1	2	4	3	1
VN111016	1	2	2	3	1
VN111016	2	3	2	3	2
VN111016	3	5	1	1	1
VN111018	1	2	3	3	1
VN111018	2	5	1	1	1
VN111020	1	2	2	2	1
VN111021	1	2	3	2	2
VN111021	2	3	5	3	1
VN111022	1	3	5	3	1
VN111022	2	2	3	3	1
VN111027	1	2	5	3	2
VN111027	2	5	3	2	1
VN111030	1	2	3	3	2
VN111030	2	3	4	2	2
VN111030	3	5	5	3	2
VN111032	1	3	5	3	1
VN111033	1	3	5	3	1
VN111035	1	3	10	2	1
VN111035	2	2	7	2	1
VN111036	1	3	7	1	1
VN111037	1	3	30	2	1
VN111037	2	2	15	2	1
VN111039	1	2	3	2	1
VN111041	1	2	10	3	2
VN111041	2	3	1	2	2
VN111041	3	5	8	3	2
VN111042	1	2	3	3	2
VN111042	2	3	6	3	2
VN111043	1	3	3	2	1
VN111044	1	3	2	1	2
VN111044	2	2	2	2	2
VN111045	1	2	10	2	1
VN111045	2	3	12	2	1
VN111047	1	2	3	3	2
VN111047	2	3	1	1	1
VN111048	1	3	12	3	1
VN111086	1	2	6	3	1
VN111086	2	3	10	2	1
VN111086	3	5	4	3	1
VN111111	1	2	7	3	1
VN111111	2	3	1	2	2
VN111111	3	5	6	3	1
VN121003	1	3	48	2	1
VN121003	2	2	7	2	1
VN121011	1	2	4	3	2
VN121011	2	3	5	3	2
VN121019	1	2	5	2	1
VN121019	2	3	10	3	1
VN121020	1	2	3	2	2
VN121020	2	3	2	3	2
VN121020	3	5	2	2	2
VN121021	1	2	3	3	2
VN121021	2	3	12	3	2
VN121021	3	5	1	1	2
VN121023	1	2	10	2	1
VN121025	1	2	5	3	2
VN121025	2	5	10	3	2
VN121025	3	3	3	2	2
VN121028	1	2	3	2	1
VN121028	2	3	5	2	1
VN121034	1	3	13	2	1
VN121036	1	1	1	2	2
VN121036	2	2	6	3	2
VN121036	3	3	3	2	2
VN121038	1	3	10	2	1
VN121038	2	2	6	2	1
VN121039	1	3	5	3	1
VN121041	1	2	3	3	1
VN121041	2	5	2	2	1
VN121044	1	2	5	3	1
VN121044	2	3	24	3	1
VN121045	1	2	2	2	1
VN121045	2	3	2	2	1
VN121048	1	2	5	2	1
VN121048	2	3	12	2	1
VN121049	1	2	2	2	1
VN121057	1	3	2	3	1
VN121063	1	2	5	2	1
VN121063	2	3	3	2	1
VN121088	1	2	3	3	1
VN121088	2	3	60	2	1
VN121094	1	3	30	3	1
VN121094	2	3	3	1	2
VN121126	1	2	2	1	2
VN131002	1	5	1	1	2
VN131010	1	3	5	2	1
VN131010	2	2	5	2	1
VN131011	1	2	1	1	2
VN131012	1	2	2	1	2
VN131014	1	5	1	1	2
VN131014	2	2	1	1	1
VN131022	1	2	2	3	2
VN131024	1	2	2	1	1
VN131024	2	3	5	3	1
VN131024	3	5	5	2	1
VN131030	1	3	25	3	2
VN131031	1	2	5	3	2
VN131036	1	2	40	2	2
VN131036	2	5	4	2	2
VN131039	1	2	10	2	2
VN131040	1	2	20	3	1
VN131040	2	3	30	2	1
VN131040	3	5	10	2	1
VN131042	1	3	5	2	1
VN131043	1	4	2	2	1
VN131043	2	2	2	2	1
VN131044	1	5	2	3	2
VN131044	2	3	100	3	1
VN131044	3	2	50	3	1
VN131045	1	3	10	2	1
VN131045	2	5	10	3	1
VN131046	1	3	24	3	2
VN131046	2	2	5	2	1
VN131047	1	5	15	3	1
VN131047	2	2	20	3	1
VN131047	3	3	10	3	1
VN131048	1	2	20	2	1
VN131048	2	3	70	2	1
VN131048	3	4	10	2	1
VN131048	4	5	15	2	1
VN131049	1	2	5	3	1
VN131049	2	3	6	2	1
VN131049	3	3	3	2	1
VN131050	1	3	30	2	1
VN131050	2	2	20	2	1
VN131050	3	5	10	2	1
VN131053	1	2	240	2	1
VN131053	2	3	160	2	1
VN131054	1	6	10	1	2
VN131054	2	3	5	2	1
VN131054	3	5	2	3	1
VN131055	1	4	100	2	1
VN131055	2	2	120	2	2
VN131055	3	3	200	2	1
VN131055	4	5	200	2	2
VN131056	1	2	1	1	1
VN131058	1	1	2	3	1
VN141001	1	2	2	3	1
VN141001	2	3	1	2	2
VN141002	1	2	9	3	1
VN141002	2	3	4	3	1
VN141003	1	3	48	2	2
VN141003	2	2	12	3	2
VN141004	1	3	100	2	2
VN141004	2	2	50	2	2
VN141004	3	5	20	2	2
VN141005	1	2	12	2	2
VN141005	2	3	6	2	1
VN141005	3	5	10	2	1
VN141006	1	3	48	3	2
VN141006	2	2	24	3	2
VN141006	3	5	12	3	2
VN141007	1	3	25	2	1
VN141008	1	2	20	3	1
VN141008	2	5	20	3	1
VN141008	3	3	5	1	1
VN141009	1	3	20	3	1
VN141009	2	2	20	3	1
VN141009	3	4	5	3	1
VN141009	4	5	4	3	1
VN141010	1	3	10	3	1
VN141010	2	2	6	1	1
VN141011	1	2	12	2	1
VN141011	2	3	96	2	1
VN141012	1	2	1	1	1
VN141012	2	3	10	3	1
VN141012	3	5	10	2	1
VN141013	1	2	100	3	1
VN141013	2	3	24	3	2
VN141013	3	5	1	1	1
VN141014	1	3	200	3	1
VN141014	2	2	60	2	1
VN141014	3	4	10	2	1
VN141015	1	3	5	3	1
VN141016	1	2	36	2	2
VN141016	2	3	3	2	1
VN141016	3	5	4	2	1
VN141017	1	3	10	3	1
VN141019	1	2	5	2	1
VN141019	2	3	25	3	2
VN141019	3	4	30	3	2
VN141020	1	2	6	2	1
VN141020	2	3	4	2	1
VN141025	1	3	15	3	1
VN141025	2	2	20	3	1
VN141025	3	4	7	3	1
VN141025	4	5	5	2	1
VN141026	1	3	30	2	1
VN141026	2	2	35	3	1
VN141027	1	2	10	3	1
VN141027	2	3	12	3	1
VN141027	3	5	3	2	1
VN141028	1	3	36	2	2
VN141029	1	2	10	3	1
VN141029	2	3	50	3	1
VN141029	3	5	3	3	1
VN141030	1	3	20	2	1
VN141030	2	2	10	3	1
VN141031	1	3	120	3	1
VN141031	2	2	10	3	1
VN141031	3	5	7	2	1
VN141032	1	2	20	3	1
VN141032	2	3	20	3	1
VN141032	3	5	5	3	1
VN141033	1	2	10	3	1
VN141033	2	3	30	3	2
VN141033	3	5	7	3	2
VN141034	1	2	8	3	1
VN141034	2	3	10	1	1
VN141034	3	5	5	1	1
VN141035	1	2	10	3	1
VN141035	2	3	10	3	1
VN141036	1	2	5	3	1
VN141036	2	3	8	3	1
VN141037	1	2	10	3	2
VN141037	2	5	10	3	2
VN141037	3	3	15	3	1
VN141039	1	3	10	2	2
VN141039	2	2	15	2	1
VN141040	1	2	9	1	1
VN141040	2	3	4	1	1
VN141041	1	3	4	3	2
VN141041	2	2	4	1	2
VN141041	3	5	6	3	2
VN141042	1	2	3	1	1
VN141042	2	3	5	1	1
VN141043	1	2	3	3	2
VN141044	1	2	20	2	1
VN141044	2	3	15	3	1
VN141044	3	4	10	3	1
VN141045	1	3	24	2	1
VN141047	1	3	1	1	2
VN141048	1	3	28	3	2
VN141048	2	2	8	1	2
VN141050	1	3	14	3	2
VN141050	2	2	16	1	2
VN141050	3	5	2	1	2
VN141051	1	1	10	3	2
VN141051	2	2	15	3	1
VN141051	3	5	10	1	1
VN141052	1	3	5	3	1
VN141062	1	6	3	2	1
VN141062	2	2	1	1	1
VN141062	3	3	3	1	1
VN141062	4	5	2	3	1
VN141066	1	3	5	3	1
VN141066	2	2	7	3	1
VN141066	3	4	3	2	1
VN141066	4	5	4	2	1
VN141073	1	3	36	3	2
VN141073	2	2	11	1	2
VN141073	3	4	6	1	2
VN141073	4	5	3	1	2
VN141076	1	2	2	2	2
VN141076	2	5	2	2	2
VN151002	1	3	2	1	1
VN151002	2	2	10	1	1
VN151005	1	3	8	3	2
VN151005	2	2	20	1	1
VN151006	1	2	15	1	1
VN151008	1	1	1	2	1
VN151008	2	2	5	3	2
VN151008	3	3	2	1	2
VN151013	1	3	5	3	1
VN151013	2	2	20	3	1
VN151016	1	3	1	2	1
VN151016	2	1	2	3	1
VN151016	3	2	2	2	2
VN151019	1	3	24	1	1
VN151019	2	2	31	3	2
VN151028	1	2	2	2	1
VN151028	2	3	1	2	1
VN151029	1	2	3	2	2
VN151030	1	2	10	2	2
VN151032	1	2	2	1	1
VN151034	1	2	39	3	2
VN151034	2	6	3	1	1
VN151036	1	5	1	2	1
VN151036	2	6	1	3	1
VN151037	1	3	50	3	2
VN151039	1	3	20	3	2
VN151039	2	2	25	3	2
VN151039	3	5	5	2	1
VN151046	1	2	15	2	2
VN161003	1	6	3	2	2
VN161006	1	2	5	1	2
VN161012	1	3	1	2	2
VN161012	2	3	2	3	1
VN161012	3	2	3	3	1
VN161012	4	5	5	2	1
VN161013	1	2	1	1	2
VN161014	1	2	26	3	1
VN161014	2	3	5	3	1
VN161015	1	6	2	3	2
VN161015	2	2	2	1	2
VN161017	1	2	1	2	2
VN161020	1	3	10	3	2
VN161020	2	2	6	2	2
VN161021	1	2	2	3	2
VN161025	1	1	36	3	1
VN161025	2	2	15	3	1
VN161025	3	3	24	3	1
VN161026	1	2	3	1	2
VN161026	2	5	6	2	2
VN161027	1	2	3	2	1
VN161028	1	3	1	1	1
VN161028	2	2	6	2	1
VN161028	3	5	4	2	2
VN161032	1	3	2	1	1
VN161032	2	2	2	1	1
VN161037	1	3	2	3	1
VN161038	1	2	10	3	2
VN161038	2	3	10	3	2
VN161039	1	2	1	1	1
VN161039	2	2	1	2	1
VN161041	1	3	2	3	1
VN161041	2	2	3	3	1
VN161042	1	3	6	3	2
VN161042	2	2	10	3	2
VN161042	3	5	20	2	2
VN161043	1	3	1	1	2
VN161044	1	4	1	1	1
VN171001	1	3	360	2	2
VN171003	1	2	5	3	2
VN171006	1	3	50	3	1
VN171006	2	2	20	3	1
VN171007	1	2	10	3	2
VN171007	2	3	5	2	2
VN171007	3	5	5	3	2
VN171008	1	2	5	2	1
VN171013	1	2	20	3	1
VN171013	2	3	1	2	2
VN171013	3	5	10	3	1
VN171013	4	6	2	3	2
VN171014	1	3	12	3	1
VN171014	2	2	10	3	1
VN171015	1	3	1	2	1
VN171015	2	2	8	3	2
VN171018	1	2	40	3	2
VN171018	2	3	20	3	2
VN171018	3	5	30	3	2
VN171019	1	3	3	3	1
VN171019	2	2	5	1	1
VN171019	3	5	4	1	1
VN171023	1	2	5	3	1
VN171023	2	5	3	2	1
VN171023	3	4	2	2	1
VN171024	1	3	2	1	2
VN171024	2	2	2	1	2
VN171026	1	2	20	3	1
VN171034	1	3	3	3	1
VN171034	2	2	3	1	1
VN171037	1	2	12	3	1
VN171037	2	3	12	3	2
VN171037	3	5	2	3	2
VN171038	1	3	1	1	2
VN171040	1	2	7	1	1
VN171040	2	3	12	3	1
VN171040	3	5	12	1	1
VN171041	1	2	4	2	1
VN171046	1	3	6	2	1
VN171046	2	2	15	2	2
VN171046	3	5	3	2	2
VN171048	1	2	3	3	1
VN171048	2	3	2	3	1
VN171048	3	5	1	1	1
VN171049	1	3	5	2	1
VN171049	2	5	1	1	1
VN171051	1	2	5	3	1
VN171051	2	3	6	3	1
VN171059	1	2	3	2	1
VN171059	2	5	12	2	1
VN171061	1	3	160	3	1
VN171061	2	2	2	2	1
VN171063	1	5	1	2	1
VN181001	1	2	10	2	1
VN181001	2	3	12	2	1
VN181002	1	2	3	3	2
VN181005	1	2	2	3	1
VN181005	2	3	5	3	2
VN181005	3	5	3	3	2
VN181008	1	2	1	1	1
VN181010	1	5	4	1	1
VN181010	2	3	10	3	1
VN181010	3	2	3	2	1
VN181011	1	2	1	1	1
VN181012	1	2	2	2	1
VN181013	1	2	2	1	1
VN181013	2	3	2	1	1
VN181014	1	2	2	2	1
VN181015	1	5	3	2	2
VN181015	2	2	20	3	2
VN181015	3	6	12	2	2
VN181017	1	2	6	3	2
VN181017	2	3	3	3	1
VN181017	3	5	10	3	1
VN181017	4	6	1	2	2
VN181018	1	2	3	3	1
VN181018	2	1	12	3	1
VN181019	1	2	2	2	1
VN181019	2	4	4	2	1
VN181019	3	6	20	2	2
VN181020	1	2	3	3	1
VN181020	2	3	2	3	1
VN181020	3	5	2	3	1
VN181021	1	2	3	1	1
VN181021	2	3	2	3	1
VN181021	3	5	7	1	1
VN181022	1	3	280	2	1
VN181023	1	2	22	3	2
VN181023	2	5	1	1	1
VN181024	1	2	4	3	2
VN181024	2	3	1	1	1
VN181024	3	5	1	1	1
VN181026	1	2	1	2	2
VN181026	2	5	10	2	2
VN181027	1	5	2	2	1
VN181027	2	2	5	2	1
VN181029	1	5	2	3	1
VN181029	2	2	7	3	1
VN181029	3	3	4	2	1
VN181033	1	3	2	3	1
VN181033	2	5	1	1	1
VN181034	1	3	2	3	1
VN181034	2	2	3	3	1
VN181034	3	5	1	2	1
VN181036	1	3	5	1	1
VN181036	2	5	10	1	1
VN181036	3	2	2	1	1
VN181039	1	2	8	3	2
VN181039	2	3	2	3	1
VN181039	3	5	1	1	1
VN181041	1	2	5	2	1
VN181041	2	3	4	3	1
VN181041	3	5	3	3	1
VN181042	1	2	3	3	1
VN181042	2	5	2	2	1
VN181043	1	3	10	2	2
VN181043	2	2	5	1	2
VN181043	3	6	1	3	2
VN181044	1	2	12	1	2
VN181045	1	1	5	3	2
VN181045	2	6	1	1	2
VN181046	1	2	10	3	2
VN181046	2	5	6	2	2
VN181047	1	2	4	3	2
VN181049	1	3	13	3	2
VN181050	1	2	2	1	1
VN181052	1	2	4	1	2
VN181054	1	2	10	3	1
VN181054	2	3	5	3	1
VN181054	3	5	7	2	1
VN181058	1	2	2	3	1
VN181058	2	3	2	3	1
VN181058	3	5	3	2	1
VN181076	1	2	6	2	2
VN181076	2	3	14	3	2
VN181076	3	5	1	1	1
VN181078	1	2	1	1	2
VN191001	1	3	2	3	2
VN191001	2	2	2	1	2
VN191003	1	3	3	3	1
VN191003	2	5	5	1	1
VN191003	3	2	2	1	1
VN191004	1	3	15	3	1
VN191004	2	2	20	3	1
VN191008	1	2	2	3	1
VN191012	1	2	1	1	1
VN191013	1	2	20	3	2
VN191013	2	3	12	3	2
VN191013	3	5	10	3	2
VN191014	1	3	1	1	1
VN191014	2	2	3	3	1
VN191016	1	5	2	1	1
VN191018	1	2	10	3	1
VN191018	2	1	2	2	1
VN191020	1	3	50	3	1
VN191020	2	2	15	3	1
VN191021	1	3	24	2	2
VN191021	2	2	1	1	2
VN191022	1	2	10	3	1
VN191022	2	3	2	2	1
VN191022	3	5	1	3	1
VN191023	1	2	4	3	1
VN191023	2	3	6	3	1
VN191023	3	5	12	3	1
VN191024	1	2	5	3	1
VN191024	2	3	8	3	1
VN191025	1	6	3	2	2
VN191026	1	3	10	3	1
VN191026	2	2	8	3	1
VN191026	3	6	3	3	1
VN191026	4	4	15	3	1
VN191028	1	3	20	3	1
VN191028	2	2	20	3	1
VN191029	1	2	10	3	1
VN191029	2	3	6	3	1
VN191029	3	5	3	3	1
VN191033	1	2	3	3	1
VN191035	1	2	10	3	1
VN191035	2	3	5	2	2
VN191035	3	5	7	3	2
VN191038	1	2	10	2	1
VN191039	1	2	5	3	2
VN191039	2	3	3	1	1
VN191041	1	2	6	3	2
VN191041	2	3	3	3	2
VN191041	3	5	2	3	2
VN191043	1	2	10	2	1
VN191043	2	3	10	2	1
VN191043	3	5	5	3	1
VN191044	1	3	3	1	1
VN191044	2	2	2	1	1
VN191045	1	3	3	3	1
VN191045	2	2	100	3	1
VN191046	1	3	3	1	1
VN191046	2	2	5	1	1
VN191047	1	2	2	2	1
VN191047	2	3	1	1	1
VN191047	3	5	3	3	1
VN191049	1	3	6	2	1
VN191049	2	5	5	2	1
VN191050	1	2	5	2	1
VN191052	1	2	12	3	2
VN191055	1	2	1	3	1
VN191055	2	3	1	2	1
VN191057	1	3	2	2	2
VN191057	2	2	2	1	2
VN191070	1	2	3	2	2
VN201002	1	2	6	1	2
VN201002	2	5	1	1	2
VN201004	1	2	5	3	1
VN201004	2	3	3	2	1
VN201004	3	5	10	3	1
VN201005	1	2	4	3	2
VN201007	1	2	8	1	1
VN201007	2	3	2	1	1
VN201008	1	3	5	3	2
VN201008	2	5	10	1	1
VN201008	3	2	4	2	1
VN201010	1	3	10	3	1
VN201013	1	2	18	1	1
VN201013	2	3	4	1	1
VN201013	3	5	15	1	1
VN201014	1	3	20	2	1
VN201016	1	2	2	1	2
VN201016	2	3	10	3	2
VN201017	1	5	5	1	2
VN201023	1	3	10	2	1
VN201023	2	2	12	2	1
VN201023	3	5	2	2	1
VN201025	1	3	5	3	1
VN201025	2	5	3	3	1
VN201025	3	2	4	1	1
VN201030	1	2	2	1	2
VN201031	1	2	5	2	1
VN201031	2	3	24	3	2
VN201031	3	5	1	1	1
VN201032	1	2	30	1	1
VN201032	2	3	10	3	1
VN201032	3	5	3	1	1
VN201034	1	2	12	3	1
VN201034	2	3	3	1	1
VN201034	3	5	1	1	1
VN201038	1	3	10	2	1
VN201038	2	5	5	2	1
VN201039	1	3	3	2	1
VN201044	1	2	3	3	1
VN201044	2	3	3	3	1
VN201044	3	5	3	1	1
VN201044	4	4	12	3	1
VN201046	1	2	20	3	2
VN201046	2	3	10	3	2
VN201046	3	5	5	3	2
VN201051	1	2	4	3	1
VN201051	2	3	3	3	1
VN201051	3	5	6	3	2
VN201052	1	2	1	1	1
VN201052	2	3	2	1	1
VN201052	3	5	3	2	1
VN201054	1	2	10	3	1
VN201054	2	3	7	3	1
VN201054	3	5	5	2	1
VN201056	1	2	3	3	2
VN201064	1	3	20	1	2
VN201064	2	2	10	1	2
VN201068	1	2	9	3	1
VN201071	1	3	3	1	1
VN201071	2	5	4	1	1
VN201071	3	2	2	3	1
VN201073	1	2	7	3	1
VN201073	2	3	12	3	1
VN201073	3	5	3	2	1
VN201074	1	2	1	1	2
VN201082	1	3	4	3	1
VN201082	2	5	2	3	1
VN201084	1	2	2	3	1
VN201084	2	3	2	3	1
VN201086	1	2	6	3	1
VN201086	2	3	6	3	1
VN201086	3	5	3	3	1
VN201090	1	3	3	3	1
VN201090	2	5	12	1	1
VN201090	3	2	5	3	1
