CHILDID	PLOTID	CRPRNR31	CRPRNR32	CRPDYR31	CRPDYR32	IRRIGTR3	PERIRRGR3
ET041001	1	5	124	888	888	0	88
ET041002	1	76	888	888	888	0	88
ET041002	2	75	888	888	888	0	88
ET041002	3	5	888	888	888	0	88
ET041003	1	5	888	888	888	0	88
ET041003	2	76	888	888	888	0	88
ET041003	3	42	888	888	888	0	88
ET041003	4	50	888	50	7	1	4
ET041006	2	60	64	96	96	0	88
ET041012	2	5	888	888	888	0	88
ET041014	2	125	15	888	888	0	88
ET041014	3	75	888	888	888	0	88
ET041020	1	8	888	888	888	0	88
ET041022	1	75	888	888	888	0	88
ET041022	2	75	5	888	888	0	88
ET041022	3	75	888	888	888	0	88
ET041022	4	75	888	888	888	0	88
ET041022	5	44	888	888	888	0	88
ET041032	1	5	888	888	888	0	88
ET041034	1	19	888	888	888	0	88
ET041034	2	75	888	888	888	0	88
ET051001	1	44	888	888	888	0	88
ET051002	1	125	43	888	888	0	88
ET051004	1	44	888	888	888	0	88
ET051004	2	130	888	888	888	0	88
ET051004	3	8	888	888	888	0	88
ET051004	4	15	888	888	888	0	88
ET051007	1	5	125	888	888	0	88
ET051007	2	8	888	888	888	0	88
ET051007	3	130	888	888	888	0	88
ET051009	1	5	55	888	888	0	88
ET051009	3	5	888	888	888	0	88
ET051016	2	75	125	888	888	0	88
ET051018	2	8	125	888	888	0	88
ET051018	3	8	888	888	888	0	88
ET051025	2	8	5	888	888	0	88
ET051031	1	125	888	888	888	0	88
ET051031	2	8	888	888	888	0	88
ET051032	2	130	19	888	888	0	88
ET051033	2	26	888	26	50	1	4
ET051035	1	125	888	888	888	0	88
ET051035	2	130	888	888	888	0	88
ET051035	3	130	888	888	888	0	88
ET051035	4	8	888	888	888	0	88
ET051035	6	43	888	888	888	0	88
ET051036	1	130	8	888	888	0	88
ET051036	2	125	888	888	888	0	88
ET051036	3	130	888	888	888	0	88
ET051036	4	8	888	888	888	0	88
ET051039	2	76	130	888	888	0	88
ET051040	2	125	888	888	888	0	88
ET051040	4	8	888	888	888	0	88
ET051042	3	130	888	888	888	0	88
ET051042	4	42	888	888	888	0	88
ET051042	5	43	888	888	888	0	88
ET051044	1	8	125	888	888	0	88
ET051044	2	130	125	888	888	0	88
ET051044	3	44	888	888	888	0	88
ET051048	3	8	125	888	888	0	88
ET051049	1	125	888	888	888	0	88
ET051049	2	76	888	888	888	0	88
ET051049	4	42	888	888	888	0	88
ET051050	1	125	888	888	888	0	88
ET061002	1	44	7	888	888	0	88
ET061002	2	79	888	888	888	0	88
ET061002	3	5	888	888	888	0	88
ET061002	4	20	888	888	888	0	88
ET061002	5	15	888	888	888	0	88
ET061002	6	15	888	888	888	0	88
ET061002	7	47	888	888	888	0	88
ET061002	8	65	888	888	888	0	88
ET061002	9	888	888	50	888	1	4
ET061003	2	8	888	888	888	0	88
ET061003	3	8	888	888	888	0	88
ET061003	4	44	7	888	888	0	88
ET061003	5	125	888	888	888	0	88
ET061004	1	7	8	888	888	0	88
ET061004	2	8	53	5	75	1	4
ET061004	3	15	888	888	888	0	88
ET061004	4	20	8	888	888	0	88
ET061005	2	8	888	888	888	0	88
ET061005	3	64	7	888	888	0	88
ET061005	4	75	888	888	888	0	88
ET061005	5	8	20	888	888	0	88
ET061005	6	79	888	888	888	0	88
ET061005	7	47	888	888	888	0	88
ET061005	8	125	888	888	888	0	88
ET061005	9	5	888	888	888	0	88
ET061005	10	50	888	50	888	1	4
ET061007	1	44	888	888	888	0	88
ET061007	3	31	888	888	888	0	88
ET061008	1	44	7	888	888	0	88
ET061008	2	20	8	888	888	0	88
ET061008	3	8	15	888	888	0	88
ET061008	4	20	888	888	888	0	88
ET061008	5	79	888	888	888	0	88
ET061009	1	44	7	888	888	0	88
ET061009	2	31	888	888	888	0	88
ET061009	3	20	888	888	888	0	88
ET061009	4	76	888	888	888	0	88
ET061009	5	76	888	888	888	0	88
ET061009	6	888	888	50	888	1	4
ET061010	1	44	888	888	888	0	88
ET061010	4	125	55	888	888	0	88
ET061010	5	79	888	888	888	0	88
ET061010	6	5	888	888	888	0	88
ET061011	1	44	125	888	888	0	88
ET061011	2	5	55	888	888	0	88
ET061011	3	76	888	888	888	0	88
ET061011	4	15	888	888	888	0	88
ET061012	2	79	888	888	888	0	88
ET061012	5	7	125	888	888	0	88
ET061014	1	44	7	888	888	0	88
ET061015	1	44	125	888	888	0	88
ET061015	3	20	888	888	888	0	88
ET061015	4	55	888	888	888	0	88
ET061015	5	31	888	888	888	0	88
ET061015	6	47	888	888	888	0	88
ET061016	1	76	44	888	888	0	88
ET061016	2	79	125	888	888	0	88
ET061016	3	76	888	888	888	0	88
ET061016	4	76	888	888	888	0	88
ET061016	5	76	888	888	888	0	88
ET061018	1	44	888	888	888	0	88
ET061018	2	76	20	50	888	1	1
ET061019	1	44	888	888	888	0	88
ET061019	2	44	7	888	888	0	88
ET061019	3	8	53	888	888	0	88
ET061019	4	8	7	888	888	0	88
ET061019	5	8	7	15	888	1	4
ET061019	6	20	888	888	888	0	88
ET061019	7	8	888	888	888	0	88
ET061020	1	44	888	888	888	0	88
ET061020	2	7	888	888	888	0	88
ET061020	3	44	888	888	888	0	88
ET061020	4	125	888	888	888	0	88
ET061020	5	20	888	888	888	0	88
ET061020	6	5	888	888	888	0	88
ET061020	9	125	888	888	888	0	88
ET061020	11	76	888	888	888	0	88
ET061021	1	44	125	888	888	0	88
ET061021	2	20	888	888	888	0	88
ET061021	4	76	79	888	888	0	88
ET061021	5	55	7	888	888	0	88
ET061021	6	21	888	888	888	0	88
ET061021	7	76	888	888	888	0	88
ET061021	8	76	888	888	888	0	88
ET061021	9	125	888	888	888	0	88
ET061021	10	15	888	888	888	0	88
ET061022	1	44	7	888	888	0	88
ET061022	2	8	888	888	888	0	88
ET061022	3	8	888	888	888	0	88
ET061022	5	20	888	888	888	0	88
ET061023	1	44	7	888	888	0	88
ET061023	2	20	79	888	888	0	88
ET061023	3	8	888	888	888	0	88
ET061023	4	8	888	888	888	0	88
ET061023	5	79	888	888	888	0	88
ET061024	1	44	888	888	888	0	88
ET061024	2	20	888	15	888	1	2
ET061024	3	79	888	888	888	0	88
ET061024	4	76	123	888	888	0	88
ET061024	5	76	888	888	888	0	88
ET061025	2	31	888	888	888	0	88
ET061026	1	44	7	888	888	0	88
ET061026	2	47	888	888	888	0	88
ET061026	3	15	888	888	888	0	88
ET061026	4	76	888	888	888	0	88
ET061026	5	79	888	888	888	0	88
ET061027	1	44	888	888	888	0	88
ET061027	2	20	76	888	888	0	88
ET061027	3	76	888	888	888	0	88
ET061027	4	20	888	888	888	0	88
ET061027	5	79	888	888	888	0	88
ET061027	6	20	888	888	888	0	88
ET061027	7	44	888	888	888	0	88
ET061028	1	44	888	888	888	0	88
ET061028	2	79	888	888	888	0	88
ET061028	3	20	888	50	888	1	1
ET061028	4	8	888	888	888	0	88
ET061028	5	15	888	888	888	0	88
ET061029	1	44	7	888	888	0	88
ET061029	2	5	125	888	888	0	88
ET061029	3	8	20	888	888	0	88
ET061029	4	47	888	888	888	0	88
ET061029	9	44	888	888	888	0	88
ET061031	1	44	7	888	888	0	88
ET061033	2	8	20	888	888	0	88
ET061033	3	15	7	888	888	0	88
ET061033	4	8	888	888	888	0	88
ET061034	1	44	7	888	888	0	88
ET061034	2	79	888	888	888	0	88
ET061034	3	20	888	888	888	0	88
ET061034	4	125	888	888	888	0	88
ET061034	5	76	888	888	888	0	88
ET061034	6	19	888	888	888	0	88
ET061034	7	76	888	888	888	0	88
ET061034	8	76	888	888	888	0	88
ET061034	9	888	888	55	888	1	4
ET061036	1	44	888	888	888	0	88
ET061036	2	5	888	888	888	0	88
ET061036	3	75	888	888	888	0	88
ET061036	4	8	20	888	888	0	88
ET061036	5	23	888	888	888	0	88
ET061036	6	31	888	888	888	0	88
ET061037	1	44	7	888	888	0	88
ET061038	1	44	888	888	888	0	88
ET061038	2	76	888	888	888	0	88
ET061038	3	79	888	888	888	0	88
ET061038	5	5	125	888	888	0	88
ET061038	6	76	888	888	888	0	88
ET061038	7	20	888	888	888	0	88
ET061039	1	44	20	888	888	0	88
ET061039	2	44	125	888	888	0	88
ET061039	3	31	888	888	888	0	88
ET061039	4	76	888	888	888	0	88
ET061039	5	79	888	888	888	0	88
ET061039	6	44	125	888	888	0	88
ET061040	1	44	55	888	888	0	88
ET061040	2	888	888	26	888	1	1
ET061041	1	44	888	888	888	0	88
ET061043	1	44	79	888	888	0	88
ET061043	2	15	123	888	888	0	88
ET061043	3	7	888	888	888	0	88
ET061043	4	125	76	888	888	0	88
ET061043	5	76	15	888	888	0	88
ET061043	6	76	888	888	888	0	88
ET061043	7	31	888	888	888	0	88
ET061043	8	888	888	55	888	1	4
ET061044	1	44	888	888	888	0	88
ET061044	2	76	888	888	888	0	88
ET061044	3	64	888	888	888	0	88
ET061044	5	20	15	888	888	0	88
ET061044	6	55	125	888	888	0	88
ET061044	7	76	888	888	888	0	88
ET061044	8	47	50	888	888	0	88
ET061046	1	44	55	888	888	0	88
ET061046	3	8	31	888	888	0	88
ET061046	4	76	888	888	888	0	88
ET061047	1	44	888	888	888	0	88
ET061047	2	125	888	888	888	0	88
ET061047	3	64	76	888	888	0	88
ET061047	4	31	888	888	888	0	88
ET061047	5	31	888	888	888	0	88
ET061047	6	31	888	888	888	0	88
ET061047	7	20	888	888	888	0	88
ET061047	8	31	888	888	888	0	88
ET061047	9	8	888	888	888	0	88
ET061047	10	64	888	888	888	0	88
ET061049	1	44	888	888	888	0	88
ET061049	2	79	888	888	888	0	88
ET061049	3	79	888	888	888	0	88
ET061049	4	8	20	888	888	0	88
ET061050	1	44	7	888	888	0	88
ET061050	2	79	76	888	888	0	88
ET061050	3	76	888	888	888	0	88
ET061050	4	79	888	888	888	0	88
ET061050	6	15	888	888	888	0	88
ET061050	7	79	888	888	888	0	88
ET061050	8	888	888	50	888	1	4
ET061050	9	888	888	55	888	1	4
ET061051	1	79	888	55	888	1	1
ET061051	3	76	888	888	888	0	88
ET061051	4	76	888	50	888	0	88
ET061051	6	125	888	888	888	0	88
ET061051	7	7	888	888	888	0	88
ET061052	1	44	888	888	888	0	88
ET061052	2	50	888	50	888	1	4
ET061052	3	76	888	888	888	0	88
ET061052	4	13	888	888	888	0	88
ET061052	5	44	888	888	888	0	88
ET061053	1	44	888	55	888	1	4
ET061053	2	47	888	888	888	0	88
ET061053	3	7	888	888	888	0	88
ET061053	5	8	888	888	888	0	88
ET061053	6	8	888	888	888	0	88
ET061053	7	15	888	888	888	0	88
ET061053	8	55	888	888	888	0	88
ET061053	9	79	888	888	888	0	88
ET061053	10	76	888	888	888	0	88
ET061053	11	8	888	888	888	0	88
ET061058	1	55	44	888	888	0	88
ET061058	2	31	888	888	888	0	88
ET061058	3	64	47	888	888	0	88
ET061059	5	79	55	888	888	0	88
ET071001	1	10	888	888	888	0	88
ET071001	2	125	75	888	888	0	88
ET071001	3	5	888	888	888	0	88
ET071001	4	55	888	888	888	0	88
ET071001	5	43	888	888	888	0	88
ET071002	2	75	125	888	888	0	88
ET071002	3	5	888	888	888	0	88
ET071002	4	75	125	888	888	0	88
ET071002	5	125	888	888	888	0	88
ET071002	6	75	130	888	888	0	88
ET071002	7	55	888	888	888	0	88
ET071003	1	55	888	888	888	0	88
ET071003	2	75	5	888	888	0	88
ET071003	3	5	888	888	888	0	88
ET071003	4	5	888	888	888	0	88
ET071003	5	75	55	888	888	0	88
ET071003	6	75	125	888	888	0	88
ET071003	7	125	888	888	888	0	88
ET071003	8	43	888	888	888	0	88
ET071003	9	75	888	888	888	0	88
ET071003	10	5	888	888	888	0	88
ET071003	11	55	888	888	888	0	88
ET071003	12	75	888	888	888	0	88
ET071004	2	75	55	888	888	0	88
ET071004	3	5	888	888	888	0	88
ET071004	4	5	888	888	888	0	88
ET071004	5	50	888	888	888	0	88
ET071004	6	75	888	888	888	0	88
ET071004	7	130	888	888	888	0	88
ET071004	8	42	888	888	888	0	88
ET071005	1	43	888	888	888	0	88
ET071005	2	130	888	888	888	0	88
ET071005	3	125	888	888	888	0	88
ET071005	4	55	888	888	888	0	88
ET071006	1	55	50	888	888	0	88
ET071006	2	125	130	888	888	0	88
ET071006	3	55	75	888	888	0	88
ET071006	4	5	888	888	888	0	88
ET071006	5	19	130	888	888	0	88
ET071006	6	75	888	888	888	0	88
ET071006	7	888	888	55	59	1	4
ET071007	2	75	43	888	888	0	88
ET071007	3	5	888	888	888	0	88
ET071007	4	55	888	888	888	0	88
ET071007	5	125	888	888	888	0	88
ET071008	2	5	888	888	888	0	88
ET071008	3	43	888	888	888	0	88
ET071008	4	75	888	888	888	0	88
ET071009	1	43	5	888	888	0	88
ET071009	2	75	125	888	888	0	88
ET071009	3	5	55	888	888	0	88
ET071009	4	75	888	888	888	0	88
ET071009	5	31	888	888	888	0	88
ET071010	1	125	130	888	888	0	88
ET071011	1	125	130	888	888	0	88
ET071011	2	5	55	888	888	0	88
ET071012	2	75	5	888	888	0	88
ET071012	3	5	888	888	888	0	88
ET071012	4	55	888	888	888	0	88
ET071013	1	130	55	888	888	0	88
ET071014	1	55	59	888	888	0	88
ET071015	2	5	888	888	888	0	88
ET071015	3	75	888	888	888	0	88
ET071015	4	130	888	888	888	0	88
ET071015	5	124	888	888	888	0	88
ET071015	6	5	888	888	888	0	88
ET071016	2	125	888	888	888	0	88
ET071016	3	130	888	888	888	0	88
ET071016	4	130	888	888	888	0	88
ET071016	5	43	888	888	888	0	88
ET071016	6	5	888	888	888	0	88
ET071017	1	5	888	888	888	0	88
ET071017	3	125	75	888	888	0	88
ET071017	4	5	888	888	888	0	88
ET071018	1	26	10	888	888	0	88
ET071018	2	130	125	888	888	0	88
ET071018	3	5	888	888	888	0	88
ET071018	4	5	888	55	888	1	1
ET071019	1	75	888	888	888	0	88
ET071020	2	125	130	888	888	0	88
ET071020	3	55	75	888	888	0	88
ET071020	4	75	888	888	888	0	88
ET071020	5	55	888	888	888	0	88
ET071021	1	5	43	888	888	0	88
ET071021	2	75	130	888	888	0	88
ET071021	3	55	888	888	888	0	88
ET071021	5	125	888	888	888	0	88
ET071021	6	75	888	888	888	0	88
ET071022	1	130	888	888	888	0	88
ET071022	2	75	888	888	888	0	88
ET071022	3	43	888	888	888	0	88
ET071022	4	75	888	888	888	0	88
ET071022	5	31	888	888	888	0	88
ET071024	1	50	888	888	888	0	88
ET071024	2	75	43	888	888	0	88
ET071024	3	125	888	888	888	0	88
ET071024	4	5	55	888	888	0	88
ET071024	5	55	888	888	888	0	88
ET071025	1	888	888	50	59	1	1
ET071025	2	75	125	888	888	0	88
ET071025	3	43	888	888	888	0	88
ET071025	4	75	888	888	888	0	88
ET071025	5	43	888	888	888	0	88
ET071025	6	75	888	888	888	0	88
ET071025	7	125	19	888	888	0	88
ET071026	1	55	75	888	888	0	88
ET071026	2	75	888	888	888	0	88
ET071026	3	130	888	888	888	0	88
ET071026	4	43	5	888	888	0	88
ET071026	5	125	75	888	888	0	88
ET071026	6	130	888	888	888	0	88
ET071027	2	130	55	888	888	0	88
ET071027	3	75	125	888	888	0	88
ET071028	2	75	55	888	888	0	88
ET071028	3	5	888	888	888	0	88
ET071029	1	55	888	888	888	0	88
ET071029	2	75	130	888	888	0	88
ET071029	3	43	888	888	888	0	88
ET071029	4	75	888	888	888	0	88
ET071029	5	130	888	888	888	0	88
ET071029	6	75	888	888	888	0	88
ET071029	7	96	888	888	888	0	88
ET071031	1	96	888	888	888	0	88
ET071031	2	130	888	888	888	0	88
ET071031	3	5	888	888	888	0	88
ET071031	4	31	888	888	888	0	88
ET071031	5	75	125	888	888	0	88
ET071031	6	5	888	888	888	0	88
ET071031	7	75	888	888	888	0	88
ET071031	8	43	888	888	888	0	88
ET071031	9	75	888	888	888	0	88
ET071033	1	26	888	888	888	0	88
ET071033	2	125	130	888	888	0	88
ET071033	3	55	5	888	888	0	88
ET071033	4	43	888	888	888	0	88
ET071033	6	55	888	888	888	0	88
ET071033	7	5	888	888	888	0	88
ET071033	8	5	888	888	888	0	88
ET071035	2	5	55	888	888	0	88
ET071035	3	130	888	888	888	0	88
ET071035	4	130	888	888	888	0	88
ET071036	2	130	888	888	888	0	88
ET071036	3	130	888	888	888	0	88
ET071036	4	43	888	888	888	0	88
ET071036	5	75	888	888	888	0	88
ET071037	2	130	888	888	888	0	88
ET071037	3	55	888	888	888	0	88
ET071037	4	75	888	888	888	0	88
ET071038	1	43	888	888	888	0	88
ET071038	2	130	888	888	888	0	88
ET071038	3	125	888	888	888	0	88
ET071038	4	19	888	888	888	0	88
ET071038	5	75	888	888	888	0	88
ET071039	2	130	19	888	888	0	88
ET071039	3	5	888	888	888	0	88
ET071039	4	75	888	888	888	0	88
ET071039	5	130	888	888	888	0	88
ET071043	1	26	888	888	888	0	88
ET071044	2	5	125	888	888	0	88
ET071044	3	75	125	888	888	0	88
ET071044	4	43	888	888	888	0	88
ET071044	5	5	42	888	888	0	88
ET071045	1	75	888	888	888	0	88
ET071045	2	19	888	888	888	0	88
ET071045	3	43	888	888	888	0	88
ET071045	5	31	888	888	888	0	88
ET071046	3	130	888	888	888	0	88
ET071047	1	125	130	888	888	0	88
ET071047	2	43	888	888	888	0	88
ET071047	3	75	888	888	888	0	88
ET071047	4	55	888	888	888	0	88
ET071047	5	10	26	888	888	0	88
ET071047	6	130	888	888	888	0	88
ET071048	2	130	124	888	888	0	88
ET071048	3	31	888	888	888	0	88
ET071049	1	55	50	888	888	0	88
ET071049	2	76	888	888	888	0	88
ET071049	3	75	888	888	888	0	88
ET071049	4	124	130	888	888	0	88
ET071049	5	19	888	888	888	0	88
ET071050	3	125	888	888	888	0	88
ET071050	4	55	888	888	888	0	88
ET071050	5	130	888	888	888	0	88
ET071050	6	43	888	888	888	0	88
ET071050	7	125	888	888	888	0	88
ET081001	2	44	75	50	888	1	4
ET081001	3	75	888	72	50	1	4
ET081001	4	75	8	888	888	0	88
ET081001	5	44	888	888	888	0	88
ET081002	1	44	888	888	888	0	88
ET081002	2	76	888	888	888	0	88
ET081002	4	44	888	888	888	0	88
ET081002	5	64	888	888	888	0	88
ET081003	1	44	888	888	888	0	88
ET081003	6	44	50	888	888	0	88
ET081003	7	75	888	888	888	0	88
ET081003	8	44	888	888	888	0	88
ET081003	9	76	35	888	888	0	88
ET081004	1	44	888	888	888	0	88
ET081004	2	44	888	888	888	0	88
ET081004	3	8	888	888	888	0	88
ET081005	2	44	888	888	888	0	88
ET081005	3	44	888	888	888	0	88
ET081006	1	44	888	888	888	0	88
ET081006	5	44	75	888	888	0	88
ET081007	1	44	888	888	888	0	88
ET081007	3	44	888	888	888	0	88
ET081007	4	44	888	888	888	0	88
ET081008	2	44	888	888	888	0	88
ET081008	3	75	888	50	10	1	2
ET081008	4	50	10	9	888	1	2
ET081009	2	44	888	888	888	0	88
ET081009	3	75	888	888	888	0	88
ET081009	4	44	888	888	888	0	88
ET081010	2	44	8	888	888	0	88
ET081010	3	10	96	50	888	1	2
ET081010	4	35	888	888	888	0	88
ET081011	2	44	888	888	888	0	88
ET081011	3	96	888	888	888	1	4
ET081011	4	76	888	888	888	0	88
ET081011	5	21	888	888	888	0	88
ET081012	2	44	888	888	888	0	88
ET081012	3	44	35	888	888	0	88
ET081012	4	44	75	888	888	0	88
ET081013	1	44	888	888	888	0	88
ET081014	2	44	888	888	888	0	88
ET081014	3	44	35	888	888	0	88
ET081014	6	76	888	888	888	0	88
ET081015	1	44	888	888	888	0	88
ET081015	2	7	888	888	888	1	4
ET081015	4	44	888	888	888	0	88
ET081016	2	44	5	888	888	0	88
ET081016	3	8	888	10	50	1	2
ET081017	1	44	888	888	888	0	88
ET081017	2	44	75	888	888	0	88
ET081017	3	5	888	888	888	0	88
ET081017	4	8	888	888	888	0	88
ET081017	5	5	8	888	888	0	88
ET081017	6	35	888	888	888	0	88
ET081018	1	44	888	888	888	0	88
ET081018	2	76	888	888	888	0	88
ET081018	3	44	888	888	888	0	88
ET081018	4	44	75	888	888	0	88
ET081019	1	44	888	888	888	0	88
ET081019	2	44	888	888	888	0	88
ET081019	3	76	75	888	888	0	88
ET081019	4	44	35	888	888	0	88
ET081020	1	44	96	888	888	0	88
ET081020	2	44	888	888	888	0	88
ET081021	1	44	888	888	888	0	88
ET081021	2	44	888	888	888	0	88
ET081021	3	35	888	888	888	0	88
ET081022	2	44	888	888	888	0	88
ET081022	3	75	888	10	888	1	4
ET081022	4	35	888	888	888	0	88
ET081022	5	35	888	888	888	0	88
ET081023	1	44	888	888	888	0	88
ET081023	3	44	75	888	888	0	88
ET081025	2	44	888	888	888	0	88
ET081025	3	44	888	888	888	0	88
ET081025	4	75	888	50	72	1	4
ET081025	6	75	888	888	888	0	88
ET081026	1	44	888	888	888	0	88
ET081026	2	44	888	888	888	0	88
ET081026	3	75	888	888	888	0	88
ET081027	3	44	8	888	888	0	88
ET081028	1	44	888	888	888	0	88
ET081029	1	44	888	888	888	0	88
ET081029	2	35	888	888	888	0	88
ET081030	1	44	888	888	888	0	88
ET081030	2	44	888	888	888	0	88
ET081030	3	5	8	888	888	0	88
ET081031	1	44	888	888	888	0	88
ET081031	3	8	35	888	888	0	88
ET081032	2	35	888	888	888	0	88
ET081032	3	44	888	888	888	0	88
ET081033	1	44	888	888	888	0	88
ET081033	3	44	130	888	888	0	88
ET081033	4	75	888	10	50	1	2
ET081034	2	44	888	888	888	0	88
ET081034	3	44	888	888	888	0	88
ET081034	4	76	888	888	888	0	88
ET081035	2	44	888	888	888	0	88
ET081035	3	8	888	888	888	0	88
ET081035	5	44	888	888	888	0	88
ET081036	1	44	888	888	888	0	88
ET081036	2	44	888	888	888	0	88
ET081036	3	44	888	888	888	0	88
ET081036	4	8	888	888	888	0	88
ET081036	5	44	888	888	888	0	88
ET081037	2	44	888	888	888	0	88
ET081037	3	75	888	888	888	0	88
ET081038	2	44	888	888	888	0	88
ET081038	3	44	888	888	888	0	88
ET081038	4	44	888	888	888	0	88
ET081039	1	44	888	888	888	0	88
ET081040	1	44	888	888	888	0	88
ET081040	2	44	888	888	888	0	88
ET081040	3	75	888	888	888	0	88
ET081040	4	44	888	888	888	0	88
ET081041	1	44	888	888	888	0	88
ET081041	2	44	888	888	888	0	88
ET081041	3	44	888	888	888	1	4
ET081041	4	35	888	888	888	0	88
ET081042	2	76	888	888	888	0	88
ET081042	3	35	888	888	888	0	88
ET081042	4	76	888	888	888	0	88
ET081042	5	44	888	888	888	0	88
ET081043	1	44	888	888	888	0	88
ET081043	2	44	75	888	888	0	88
ET081043	3	8	35	888	888	0	88
ET081044	1	44	888	888	888	0	88
ET081045	1	44	888	888	888	0	88
ET081045	2	35	888	888	888	0	88
ET081045	3	5	44	888	888	0	88
ET081046	2	44	888	888	888	0	88
ET081046	3	44	35	888	888	0	88
ET081046	4	76	888	888	888	0	88
ET081046	5	44	888	888	888	0	88
ET081047	1	8	888	888	888	0	88
ET081048	1	44	888	888	888	0	88
ET081048	2	44	888	888	888	0	88
ET081048	3	35	888	888	888	0	88
ET081048	4	8	888	888	888	0	88
ET081048	5	8	888	888	888	0	88
ET081049	2	44	888	888	888	0	88
ET081049	3	44	888	888	888	0	88
ET081049	4	8	8	888	888	0	88
ET081049	5	35	8	888	888	0	88
ET081050	1	44	888	888	888	0	88
ET081050	2	76	888	888	888	0	88
ET081050	3	44	888	888	888	0	88
ET091001	1	44	888	888	888	0	88
ET091001	2	35	76	888	888	0	88
ET091001	3	75	888	888	888	0	88
ET091001	4	75	76	888	888	0	88
ET091001	5	75	5	888	888	0	88
ET091001	6	75	888	888	888	0	88
ET091002	1	44	888	888	888	0	88
ET091002	2	44	888	888	888	0	88
ET091002	3	44	888	888	888	0	88
ET091002	4	76	35	888	888	0	88
ET091002	5	75	5	888	888	0	88
ET091002	6	35	888	888	888	0	88
ET091002	7	75	35	888	888	0	88
ET091003	1	44	888	888	888	0	88
ET091003	2	75	35	888	888	0	88
ET091003	3	75	35	888	888	0	88
ET091003	4	75	888	888	888	0	88
ET091003	5	75	888	888	888	0	88
ET091003	6	75	888	888	888	0	88
ET091003	7	35	888	888	888	0	88
ET091003	8	35	888	888	888	0	88
ET091003	9	75	888	888	888	0	88
ET091003	10	75	888	888	888	0	88
ET091004	2	44	888	888	888	0	88
ET091004	3	75	35	888	888	0	88
ET091004	4	75	15	888	888	0	88
ET091004	5	76	35	888	888	0	88
ET091004	6	44	888	888	888	0	88
ET091004	7	75	888	888	888	0	88
ET091004	8	44	888	888	888	0	88
ET091005	1	44	888	888	888	0	88
ET091005	2	75	8	888	888	0	88
ET091005	3	44	888	888	888	0	88
ET091005	4	75	888	888	888	0	88
ET091005	5	5	888	888	888	0	88
ET091005	6	76	888	888	888	0	88
ET091005	7	75	888	888	888	0	88
ET091005	8	35	75	888	888	0	88
ET091005	9	75	888	888	888	0	88
ET091006	1	44	888	888	888	0	88
ET091006	2	75	888	888	888	0	88
ET091007	1	44	888	888	888	0	88
ET091007	2	44	35	888	888	0	88
ET091007	3	76	888	888	888	0	88
ET091007	4	75	888	888	888	0	88
ET091007	5	35	888	888	888	0	88
ET091008	1	44	888	888	888	0	88
ET091008	2	5	888	888	888	0	88
ET091008	3	75	35	888	888	0	88
ET091008	4	44	888	888	888	0	88
ET091009	1	44	888	888	888	0	88
ET091009	2	44	35	888	888	0	88
ET091009	3	75	888	888	888	0	88
ET091009	4	75	35	888	888	0	88
ET091009	5	35	5	888	888	0	88
ET091009	6	35	888	888	888	0	88
ET091009	7	75	888	888	888	0	88
ET091009	8	75	888	888	888	0	88
ET091010	1	44	888	888	888	0	88
ET091010	2	75	888	888	888	0	88
ET091010	3	75	888	888	888	0	88
ET091010	4	35	888	888	888	0	88
ET091010	5	75	888	888	888	0	88
ET091010	6	75	888	888	888	0	88
ET091010	7	76	888	888	888	0	88
ET091010	8	35	888	888	888	0	88
ET091011	2	35	888	888	888	0	88
ET091011	3	5	44	888	888	0	88
ET091011	4	75	888	888	888	0	88
ET091012	2	75	888	888	888	0	88
ET091012	3	75	888	888	888	0	88
ET091012	4	35	888	888	888	0	88
ET091013	2	75	888	888	888	0	88
ET091013	3	5	888	888	888	0	88
ET091014	1	75	888	888	888	0	88
ET091014	2	35	888	888	888	0	88
ET091014	3	35	888	888	888	0	88
ET091014	4	44	888	888	888	0	88
ET091014	5	35	888	888	888	0	88
ET091015	2	44	888	888	888	0	88
ET091015	3	75	888	888	888	0	88
ET091015	4	35	888	888	888	0	88
ET091015	5	75	888	888	888	0	88
ET091015	6	35	888	888	888	0	88
ET091015	10	8	888	888	888	0	88
ET091015	11	44	888	888	888	0	88
ET091016	1	44	888	888	888	0	88
ET091016	2	35	75	888	888	0	88
ET091016	3	76	888	888	888	0	88
ET091016	4	76	888	888	888	0	88
ET091016	5	76	888	888	888	0	88
ET091016	6	75	888	888	888	0	88
ET091016	7	75	888	888	888	0	88
ET091017	1	44	888	888	888	0	88
ET091017	2	75	888	888	888	0	88
ET091017	3	35	76	888	888	0	88
ET091017	4	5	888	888	888	0	88
ET091017	5	44	888	888	888	0	88
ET091017	6	75	888	888	888	0	88
ET091017	7	75	35	888	888	0	88
ET091018	1	44	888	888	888	0	88
ET091018	2	50	75	888	888	0	88
ET091018	3	35	75	888	888	0	88
ET091018	4	35	75	888	888	0	88
ET091019	1	44	888	888	888	0	88
ET091019	2	75	35	888	888	0	88
ET091019	3	75	888	888	888	0	88
ET091019	4	75	888	888	888	0	88
ET091019	5	75	35	888	888	0	88
ET091019	6	35	888	888	888	0	88
ET091019	7	35	888	888	888	0	88
ET091019	8	75	888	888	888	0	88
ET091019	9	76	888	888	888	0	88
ET091020	1	44	888	888	888	0	88
ET091020	9	44	888	888	888	0	88
ET091020	10	44	888	888	888	0	88
ET091020	11	75	888	888	888	0	88
ET091020	12	35	888	888	888	0	88
ET091020	13	64	888	888	888	0	88
ET091020	14	75	35	888	888	0	88
ET091020	15	44	888	888	888	0	88
ET091021	2	44	888	888	888	0	88
ET091021	3	35	76	888	888	0	88
ET091021	4	75	5	888	888	0	88
ET091022	2	75	35	888	888	0	88
ET091022	3	35	888	888	888	0	88
ET091022	5	35	888	888	888	0	88
ET091022	6	76	5	888	888	0	88
ET091022	8	75	888	888	888	0	88
ET091022	9	44	888	888	888	0	88
ET091023	1	44	888	888	888	0	88
ET091023	2	35	888	888	888	0	88
ET091023	3	75	888	888	888	0	88
ET091023	4	35	888	888	888	0	88
ET091023	5	75	888	888	888	0	88
ET091023	6	35	888	888	888	0	88
ET091024	1	44	888	888	888	0	88
ET091024	2	75	888	888	888	0	88
ET091024	3	35	75	888	888	0	88
ET091025	1	44	888	888	888	0	88
ET091025	2	35	888	888	888	0	88
ET091025	3	75	888	888	888	0	88
ET091025	4	75	888	888	888	0	88
ET091025	5	5	888	888	888	0	88
ET091025	6	76	888	888	888	0	88
ET091025	7	35	888	888	888	0	88
ET091026	2	44	888	888	888	0	88
ET091026	3	35	888	888	888	0	88
ET091026	4	44	888	888	888	0	88
ET091026	5	75	888	888	888	0	88
ET091026	6	76	888	888	888	0	88
ET091026	7	75	888	888	888	0	88
ET091026	8	5	888	888	888	0	88
ET091027	1	44	888	888	888	0	88
ET091027	2	76	35	888	888	0	88
ET091027	3	35	888	888	888	0	88
ET091028	1	44	888	888	888	0	88
ET091028	2	5	888	888	888	0	88
ET091028	3	75	888	888	888	0	88
ET091028	4	35	44	888	888	0	88
ET091028	5	44	888	888	888	0	88
ET091029	1	44	888	888	888	0	88
ET091029	2	5	888	888	888	0	88
ET091029	3	76	888	888	888	0	88
ET091029	4	75	888	888	888	0	88
ET091029	5	75	888	888	888	0	88
ET091029	6	75	888	888	888	0	88
ET091029	7	35	888	888	888	0	88
ET091029	8	75	888	888	888	0	88
ET091030	1	44	35	888	888	0	88
ET091031	1	44	888	888	888	0	88
ET091031	2	44	888	888	888	0	88
ET091031	3	76	888	888	888	0	88
ET091031	4	75	888	888	888	0	88
ET091031	5	75	35	888	888	0	88
ET091031	6	5	35	888	888	0	88
ET091031	7	75	35	888	888	0	88
ET091031	8	75	888	888	888	0	88
ET091031	9	75	888	888	888	0	88
ET091031	10	35	75	888	888	0	88
ET091031	11	75	888	888	888	0	88
ET091031	12	35	888	888	888	0	88
ET091031	13	75	888	888	888	0	88
ET091032	2	44	888	888	888	0	88
ET091032	3	75	888	888	888	0	88
ET091032	4	35	888	888	888	0	88
ET091032	5	75	888	888	888	0	88
ET091032	6	5	888	888	888	0	88
ET091032	7	75	888	888	888	0	88
ET091032	8	75	888	888	888	0	88
ET091032	9	75	888	888	888	0	88
ET091033	1	75	888	888	888	0	88
ET091033	2	35	888	888	888	0	88
ET091033	3	44	888	888	888	0	88
ET091033	4	75	888	888	888	0	88
ET091033	5	75	888	888	888	0	88
ET091033	6	76	888	888	888	0	88
ET091034	1	44	888	888	888	0	88
ET091034	2	75	888	888	888	0	88
ET091034	3	5	888	888	888	0	88
ET091034	4	35	888	888	888	0	88
ET091034	5	75	888	888	888	0	88
ET091035	1	44	888	888	888	0	88
ET091035	2	76	35	888	888	0	88
ET091035	3	75	888	888	888	0	88
ET091036	1	44	888	888	888	0	88
ET091036	2	35	75	888	888	0	88
ET091036	3	76	888	888	888	0	88
ET091036	4	5	888	888	888	0	88
ET091036	5	44	888	888	888	0	88
ET091037	1	44	888	888	888	0	88
ET091037	2	44	5	888	888	0	88
ET091037	3	76	888	888	888	0	88
ET091037	4	75	76	888	888	0	88
ET091037	5	76	888	888	888	0	88
ET091037	6	35	888	888	888	0	88
ET091037	7	35	44	888	888	0	88
ET091037	8	76	888	888	888	0	88
ET091037	9	35	888	888	888	0	88
ET091038	1	44	888	888	888	0	88
ET091038	2	5	888	888	888	0	88
ET091038	3	5	888	888	888	0	88
ET091038	4	76	888	888	888	0	88
ET091038	5	75	888	888	888	0	88
ET091038	6	35	888	888	888	0	88
ET091038	7	75	888	888	888	0	88
ET091039	1	44	888	888	888	0	88
ET091039	2	35	888	888	888	0	88
ET091039	3	75	888	888	888	0	88
ET091039	4	35	888	888	888	0	88
ET091039	5	44	888	888	888	0	88
ET091039	6	8	888	888	888	0	88
ET091039	7	75	5	888	888	0	88
ET091039	8	35	888	888	888	0	88
ET091039	9	35	888	888	888	0	88
ET091039	10	75	888	888	888	0	88
ET091039	11	76	888	888	888	0	88
ET091040	1	44	888	888	888	0	88
ET091040	2	35	888	888	888	0	88
ET091040	3	75	888	888	888	0	88
ET091040	4	76	888	888	888	0	88
ET091040	5	75	888	888	888	0	88
ET091041	1	44	888	888	888	0	88
ET091041	2	75	44	888	888	0	88
ET091041	3	75	888	888	888	0	88
ET091041	4	75	888	888	888	0	88
ET091041	6	75	35	888	888	0	88
ET091041	7	35	888	888	888	0	88
ET091041	8	35	888	888	888	0	88
ET091042	1	44	888	888	888	0	88
ET091042	2	75	5	888	888	0	88
ET091042	3	35	888	888	888	0	88
ET091042	4	75	888	888	888	0	88
ET091042	5	75	888	888	888	0	88
ET091043	1	44	888	888	888	0	88
ET091043	2	76	5	888	888	0	88
ET091043	3	75	888	888	888	0	88
ET091043	4	50	888	888	888	0	88
ET091043	5	35	44	888	888	0	88
ET091043	6	75	888	888	888	0	88
ET091043	7	35	888	888	888	0	88
ET091043	8	35	888	888	888	0	88
ET091043	9	75	888	888	888	0	88
ET091043	10	75	888	888	888	0	88
ET091044	2	44	888	888	888	0	88
ET091044	3	75	888	888	888	0	88
ET091044	4	44	35	888	888	0	88
ET091044	5	75	888	888	888	0	88
ET091044	6	35	888	888	888	0	88
ET091044	7	75	888	888	888	0	88
ET091044	8	35	888	888	888	0	88
ET091044	9	75	888	888	888	0	88
ET091045	1	44	888	888	888	0	88
ET091045	2	75	888	888	888	0	88
ET091045	3	75	35	888	888	0	88
ET091045	4	35	888	888	888	0	88
ET091045	5	35	888	888	888	0	88
ET091045	6	35	888	888	888	0	88
ET091046	1	44	888	888	888	0	88
ET091046	2	5	35	888	888	0	88
ET091046	3	75	888	888	888	0	88
ET091046	5	76	888	888	888	0	88
ET091046	6	35	888	888	888	0	88
ET091046	7	75	8	888	888	0	88
ET091047	2	44	888	888	888	0	88
ET091047	3	44	888	888	888	0	88
ET091047	4	44	888	888	888	0	88
ET091047	5	75	888	888	888	0	88
ET091047	6	75	888	888	888	0	88
ET091047	7	75	888	888	888	0	88
ET091047	8	5	35	888	888	0	88
ET091048	1	44	35	888	888	0	88
ET091048	5	44	888	888	888	0	88
ET091049	1	44	888	888	888	0	88
ET091049	2	44	888	888	888	0	88
ET091049	3	35	888	888	888	0	88
ET091049	4	35	75	888	888	0	88
ET091050	1	44	888	888	888	0	88
ET091050	2	75	888	888	888	0	88
ET091050	3	5	888	888	888	0	88
ET091050	4	76	888	888	888	0	88
ET091050	5	35	888	888	888	0	88
ET091050	6	44	888	888	888	0	88
ET101005	1	21	26	21	50	0	88
ET101006	1	21	888	21	888	0	88
ET101007	2	63	888	888	888	0	88
ET101019	1	26	10	50	888	0	88
ET101020	3	125	888	888	888	0	88
ET101028	1	26	10	50	888	0	88
ET101031	1	12	26	96	888	0	88
ET101031	3	21	888	21	888	0	88
ET101032	1	10	55	888	888	0	88
ET101034	1	21	888	21	888	0	88
ET101034	2	8	7	888	888	0	88
ET101034	3	8	888	888	888	0	88
ET101034	4	76	888	888	888	0	88
ET101034	5	31	888	888	888	0	88
ET101034	6	21	888	21	888	0	88
ET101037	2	75	8	888	888	0	88
ET101037	3	75	8	888	888	0	88
ET101037	4	8	888	888	888	0	88
ET101037	5	21	888	21	888	0	88
ET101044	1	21	888	21	888	0	88
ET101045	2	21	888	21	888	0	88
ET101046	2	63	888	888	888	0	88
ET101047	1	21	10	21	888	0	88
ET111001	1	21	44	21	888	0	88
ET111001	2	8	888	888	888	0	88
ET111001	3	76	888	888	888	0	88
ET111001	4	19	888	888	888	0	88
ET111001	5	75	125	888	888	0	88
ET111002	1	21	888	21	888	0	88
ET111003	1	44	75	888	888	0	88
ET111003	2	76	15	888	888	0	88
ET111003	3	76	888	888	888	0	88
ET111003	4	125	8	888	888	0	88
ET111003	5	75	76	888	888	0	88
ET111004	1	44	31	21	888	0	88
ET111004	2	76	888	888	888	0	88
ET111004	3	8	75	888	888	0	88
ET111004	4	19	888	888	888	0	88
ET111005	2	44	888	888	888	0	88
ET111005	3	15	125	888	888	0	88
ET111005	4	76	888	888	888	0	88
ET111005	5	76	888	888	888	0	88
ET111005	6	76	888	888	888	0	88
ET111005	7	8	75	888	888	0	88
ET111005	9	8	75	888	888	0	88
ET111006	1	44	35	888	888	0	88
ET111006	2	125	888	888	888	0	88
ET111007	1	21	31	21	888	0	88
ET111007	2	76	35	888	888	0	88
ET111007	3	76	888	888	888	0	88
ET111007	4	75	888	888	888	0	88
ET111007	5	8	888	888	888	0	88
ET111007	6	76	888	888	888	0	88
ET111008	1	21	888	21	888	0	88
ET111008	2	76	125	27	888	0	88
ET111008	3	19	888	888	888	0	88
ET111008	4	76	888	888	888	0	88
ET111008	5	75	888	888	888	0	88
ET111008	6	76	888	888	888	0	88
ET111008	7	76	888	888	888	0	88
ET111008	8	76	888	888	888	0	88
ET111009	1	75	888	888	888	0	88
ET111009	2	76	888	888	888	0	88
ET111009	3	125	124	888	888	0	88
ET111009	4	76	888	888	888	0	88
ET111010	1	44	21	888	888	0	88
ET111010	2	76	888	888	888	0	88
ET111010	3	76	888	888	888	0	88
ET111010	4	76	888	888	888	0	88
ET111010	5	75	888	888	888	0	88
ET111011	1	44	96	888	888	0	88
ET111011	2	15	76	888	888	0	88
ET111011	3	76	888	888	888	0	88
ET111011	4	8	888	888	888	0	88
ET111011	5	8	888	888	888	0	88
ET111012	2	76	888	888	888	0	88
ET111012	3	76	888	888	888	0	88
ET111012	4	76	888	888	888	0	88
ET111012	5	125	888	888	888	0	88
ET111012	6	76	888	888	888	0	88
ET111012	7	75	888	888	888	0	88
ET111012	8	15	76	888	888	0	88
ET111012	9	8	888	888	888	0	88
ET111012	10	5	888	888	888	0	88
ET111013	1	76	888	888	888	0	88
ET111013	2	76	125	888	888	0	88
ET111013	3	76	888	888	888	0	88
ET111013	4	8	888	888	888	0	88
ET111013	5	44	888	888	888	0	88
ET111015	1	125	888	888	888	0	88
ET111015	2	76	888	888	888	0	88
ET111015	4	8	888	888	888	0	88
ET111016	1	44	21	888	888	0	88
ET111016	2	76	75	888	888	0	88
ET111016	3	8	888	888	888	0	88
ET111016	4	15	8	888	888	0	88
ET111017	1	44	888	888	888	0	88
ET111018	1	76	888	888	888	0	88
ET111018	2	15	888	888	888	0	88
ET111018	3	75	888	888	888	0	88
ET111018	4	76	888	888	888	0	88
ET111018	5	76	888	888	888	0	88
ET111018	6	76	888	888	888	0	88
ET111018	8	75	888	888	888	0	88
ET111019	1	21	888	888	888	0	88
ET111019	2	75	888	888	888	0	88
ET111019	3	76	888	888	888	0	88
ET111019	4	44	888	888	888	0	88
ET111019	5	76	888	888	888	0	88
ET111019	6	8	888	888	888	0	88
ET111019	7	5	888	888	888	0	88
ET111020	1	21	888	21	888	0	88
ET111020	2	44	888	888	888	0	88
ET111020	3	8	888	888	888	0	88
ET111020	4	75	888	888	888	0	88
ET111020	5	15	888	888	888	0	88
ET111020	6	76	888	888	888	0	88
ET111020	7	125	888	888	888	0	88
ET111020	8	35	888	888	888	0	88
ET111020	9	76	888	888	888	0	88
ET111021	2	75	888	888	888	0	88
ET111021	3	76	888	888	888	0	88
ET111021	4	8	888	888	888	0	88
ET111021	5	15	888	888	888	0	88
ET111021	6	76	75	888	888	0	88
ET111021	7	15	888	888	888	0	88
ET111021	8	15	888	888	888	0	88
ET111022	1	44	21	21	888	0	88
ET111022	2	8	888	888	888	0	88
ET111022	3	76	888	888	888	0	88
ET111022	4	75	888	888	888	0	88
ET111022	5	15	888	888	888	0	88
ET111022	6	125	5	888	888	0	88
ET111022	7	76	888	888	888	0	88
ET111022	8	27	888	27	888	0	88
ET111022	9	76	888	888	888	0	88
ET111023	3	44	888	888	888	0	88
ET111023	4	27	888	27	888	0	88
ET111023	5	75	888	888	888	0	88
ET111023	6	5	888	888	888	0	88
ET111023	7	76	888	888	888	0	88
ET111023	8	76	888	888	888	0	88
ET111023	9	76	888	888	888	0	88
ET111023	10	76	888	888	888	0	88
ET111023	11	15	888	888	888	0	88
ET111023	12	33	888	888	888	0	88
ET111023	13	76	888	888	888	0	88
ET111023	14	8	888	888	888	0	88
ET111023	15	76	888	888	888	0	88
ET111023	16	125	888	888	888	0	88
ET111023	17	76	888	888	888	0	88
ET111023	18	21	888	888	888	0	88
ET111024	1	44	31	21	888	0	88
ET111024	2	76	888	888	888	0	88
ET111024	3	125	888	888	888	0	88
ET111024	4	5	888	888	888	0	88
ET111025	1	44	888	888	888	0	88
ET111025	2	76	888	888	888	0	88
ET111025	3	76	75	888	888	0	88
ET111025	4	76	888	888	888	0	88
ET111025	5	15	888	888	888	0	88
ET111028	1	15	888	888	888	0	88
ET111028	2	76	888	888	888	0	88
ET111028	3	76	888	888	888	0	88
ET111028	4	8	888	888	888	0	88
ET111028	5	75	888	888	888	0	88
ET111029	3	76	888	888	888	0	88
ET111029	4	76	888	888	888	0	88
ET111029	5	8	888	888	888	0	88
ET111029	6	8	888	888	888	0	88
ET111029	7	76	888	888	888	0	88
ET111030	1	8	44	888	888	0	88
ET111030	2	75	888	888	888	0	88
ET111030	3	75	888	888	888	0	88
ET111030	4	76	888	888	888	0	88
ET111030	5	76	888	888	888	0	88
ET111030	6	75	888	888	888	0	88
ET111031	1	21	888	21	27	0	88
ET111031	2	75	888	888	888	0	88
ET111031	3	76	888	888	888	0	88
ET111031	4	8	888	888	888	0	88
ET111031	5	15	888	888	888	0	88
ET111031	6	75	888	888	888	0	88
ET111031	7	44	888	888	888	0	88
ET111032	4	15	888	888	888	0	88
ET111032	5	5	888	888	888	0	88
ET111032	6	76	888	888	888	0	88
ET111032	7	76	888	888	888	0	88
ET111032	8	8	888	888	888	0	88
ET111032	9	44	888	888	888	0	88
ET111032	11	125	888	888	888	0	88
ET111032	13	31	888	888	888	0	88
ET111032	14	21	888	21	888	0	88
ET111033	1	21	44	21	888	0	88
ET111034	1	21	888	21	888	0	88
ET111034	2	75	76	888	888	0	88
ET111034	3	15	888	888	888	0	88
ET111034	4	76	888	888	888	0	88
ET111034	5	8	888	888	888	0	88
ET111034	6	125	888	888	888	0	88
ET111034	7	8	888	888	888	0	88
ET111034	8	75	888	888	888	0	88
ET111034	9	75	888	888	888	0	88
ET111034	10	31	888	888	888	0	88
ET111034	11	55	888	50	72	1	4
ET111035	1	21	888	21	888	0	88
ET111035	2	76	888	888	888	0	88
ET111035	3	75	5	888	888	0	88
ET111035	4	44	888	888	888	0	88
ET111036	2	76	888	888	888	0	88
ET111036	3	76	888	888	888	0	88
ET111036	4	75	888	888	888	0	88
ET111037	1	44	888	888	888	0	88
ET111037	2	76	49	888	888	0	88
ET111037	3	76	75	888	888	0	88
ET111037	4	76	888	888	888	0	88
ET111037	5	76	888	888	888	0	88
ET111037	6	76	75	888	888	0	88
ET111037	7	15	888	888	888	0	88
ET111037	8	76	75	888	888	0	88
ET111037	9	76	888	888	888	0	88
ET111037	10	76	888	888	888	0	88
ET111037	11	76	888	888	888	0	88
ET111037	12	76	888	888	888	0	88
ET111038	1	44	888	888	888	0	88
ET111038	2	76	888	888	888	0	88
ET111038	3	76	888	888	888	0	88
ET111038	4	15	888	888	888	0	88
ET111038	5	76	888	888	888	0	88
ET111038	6	8	888	888	888	0	88
ET111038	7	75	888	888	888	0	88
ET111038	8	5	888	888	888	0	88
ET111038	9	19	888	888	888	0	88
ET111038	11	15	888	888	888	0	88
ET111038	12	75	888	888	888	0	88
ET111038	13	75	888	888	888	0	88
ET111038	14	76	888	888	888	0	88
ET111038	15	76	888	888	888	0	88
ET111038	16	8	888	888	888	0	88
ET111040	1	5	888	888	888	0	88
ET111040	2	75	888	888	888	0	88
ET111040	3	76	8	888	888	0	88
ET111040	4	125	888	888	888	0	88
ET111040	5	19	35	888	888	0	88
ET111040	6	44	888	888	888	0	88
ET111040	7	76	888	888	888	0	88
ET111041	1	44	21	888	888	0	88
ET111041	2	76	888	888	888	0	88
ET111041	5	76	888	888	888	0	88
ET111041	7	5	75	888	888	0	88
ET111042	1	21	27	21	27	0	88
ET111042	2	44	888	888	888	0	88
ET111042	3	125	888	888	888	0	88
ET111042	4	75	125	888	888	0	88
ET111042	5	15	888	888	888	0	88
ET111042	6	75	888	888	888	0	88
ET111042	7	75	888	888	888	0	88
ET111042	8	75	888	888	888	0	88
ET111042	9	75	888	888	888	0	88
ET111042	10	31	888	888	888	0	88
ET111043	2	76	23	888	888	0	88
ET111043	3	75	888	888	888	0	88
ET111043	4	15	888	888	888	0	88
ET111043	5	75	888	888	888	0	88
ET111043	6	8	888	888	888	0	88
ET111043	7	44	888	888	888	0	88
ET111046	1	44	888	888	888	0	88
ET111046	2	75	888	888	888	0	88
ET111046	3	8	888	888	888	0	88
ET111047	1	21	27	21	27	0	88
ET111047	2	31	888	888	888	0	88
ET111047	3	76	888	888	888	0	88
ET111047	4	76	888	888	888	0	88
ET111047	5	76	888	888	888	0	88
ET111047	6	76	888	888	888	0	88
ET111047	7	76	21	21	888	0	88
ET111048	1	44	888	888	888	0	88
ET111048	2	76	888	888	888	0	88
ET111048	4	76	888	888	888	0	88
ET111048	5	76	888	888	888	0	88
ET111048	6	76	888	888	888	0	88
ET111048	7	75	888	888	888	0	88
ET111048	8	15	125	888	888	0	88
ET121001	1	44	8	888	888	0	88
ET121002	1	41	17	41	17	1	2
ET121002	2	76	888	888	888	0	88
ET121002	3	31	888	888	888	0	88
ET121003	1	44	41	41	14	0	88
ET121004	1	14	41	14	41	1	4
ET121004	2	76	44	888	888	0	88
ET121004	3	888	7	888	888	0	88
ET121005	1	14	17	14	17	1	1
ET121005	2	75	76	888	888	0	88
ET121007	1	44	14	14	41	0	88
ET121007	2	64	888	888	888	0	88
ET121007	3	76	888	888	888	0	88
ET121007	4	79	888	888	888	0	88
ET121008	1	14	888	14	888	0	88
ET121009	1	41	14	41	14	1	2
ET121010	1	44	888	888	888	0	88
ET121010	2	79	888	888	888	0	88
ET121010	3	79	41	14	41	0	88
ET121011	1	41	10	41	888	0	88
ET121011	2	76	888	888	888	0	88
ET121012	1	41	44	41	14	0	88
ET121013	1	44	41	41	14	1	1
ET121013	2	44	888	888	888	0	88
ET121013	3	79	23	888	888	0	88
ET121014	1	44	14	14	41	1	1
ET121014	2	76	888	888	888	0	88
ET121015	1	14	3	14	3	1	2
ET121017	1	14	41	14	41	1	1
ET121018	1	14	44	41	14	1	1
ET121018	2	76	3	3	888	0	88
ET121020	1	14	41	14	41	1	4
ET121020	2	125	888	888	888	0	88
ET121020	3	76	5	888	888	0	88
ET121020	4	76	75	888	888	0	88
ET121021	1	44	41	41	888	0	88
ET121021	2	76	888	888	888	0	88
ET121022	1	41	51	41	888	0	88
ET121022	2	44	888	888	888	0	88
ET121023	1	41	888	41	888	0	88
ET121025	1	14	41	14	41	1	2
ET121026	1	14	41	14	41	0	88
ET121026	2	8	44	888	888	0	88
ET121027	1	19	44	41	14	1	1
ET121027	2	76	888	888	888	0	88
ET121028	1	41	14	41	14	0	88
ET121028	2	75	8	888	888	0	88
ET121031	1	41	14	41	14	1	2
ET121031	2	76	888	888	888	0	88
ET121032	1	14	41	14	17	1	1
ET121032	2	76	44	888	888	0	88
ET121032	3	79	888	888	888	0	88
ET121033	1	41	14	41	14	0	88
ET121033	2	79	76	888	888	0	88
ET121033	3	76	888	888	888	0	88
ET121033	4	76	888	888	888	0	88
ET121033	5	44	76	41	14	0	88
ET121034	1	14	41	14	41	1	4
ET121034	2	44	888	888	888	0	88
ET121034	3	76	888	888	888	0	88
ET121036	1	76	75	41	14	0	88
ET121036	2	79	44	888	888	0	88
ET121036	3	31	888	888	888	0	88
ET121036	4	79	888	888	888	0	88
ET121037	1	41	14	41	14	0	88
ET121037	2	8	44	888	888	0	88
ET121038	1	41	14	41	14	1	1
ET121038	2	44	79	888	888	0	88
ET121038	3	8	888	888	888	0	88
ET121040	1	44	41	14	41	0	88
ET121040	2	76	888	888	888	0	88
ET121040	3	79	888	888	888	0	88
ET121041	1	41	14	41	14	1	1
ET121041	2	79	75	888	888	0	88
ET121046	1	41	14	41	14	1	2
ET121046	2	44	76	888	888	0	88
ET121046	3	7	75	888	888	0	88
ET121046	4	21	888	21	888	0	88
ET121047	1	44	79	14	41	1	1
ET121047	2	76	888	888	888	0	88
ET121047	3	76	888	888	888	0	88
ET121048	1	41	14	41	14	0	88
ET121048	2	44	888	888	888	0	88
ET121048	3	79	888	888	888	0	88
ET121048	4	31	888	888	888	0	88
ET121048	5	8	888	888	888	0	88
ET121048	6	75	888	888	888	0	88
ET121049	1	44	79	41	14	0	88
ET121050	1	41	14	41	14	1	1
ET121050	2	44	888	888	888	0	88
ET121050	3	76	888	888	888	0	88
ET121050	4	79	888	888	888	0	88
ET121050	5	75	34	888	888	0	88
ET121053	1	44	79	41	14	0	88
ET121053	2	79	888	888	888	0	88
ET121053	3	79	888	888	888	0	88
ET121054	1	44	41	41	51	0	88
ET121054	2	44	888	888	888	0	88
ET121054	3	8	888	888	888	0	88
ET121055	1	124	125	888	888	0	88
ET121056	1	41	14	41	14	1	4
ET121056	2	76	44	888	888	0	88
ET121056	3	31	888	888	888	0	88
ET121057	1	14	41	14	41	0	88
ET121057	2	44	888	888	888	0	88
ET131012	1	44	64	69	888	0	88
ET131012	2	21	888	21	888	0	88
ET131013	1	35	44	35	44	0	88
ET131016	2	35	44	35	44	0	88
ET131020	2	41	69	41	69	0	88
ET131020	3	21	888	21	888	0	88
ET131023	3	125	44	888	888	0	88
ET131029	1	44	888	888	888	0	88
ET131030	1	41	888	41	888	0	88
ET131032	2	44	888	888	888	0	88
ET131036	2	44	888	888	888	0	88
ET131038	1	41	80	80	41	0	88
ET131039	1	41	888	41	44	0	88
ET131043	3	44	55	55	888	0	88
ET141043	1	41	17	41	17	0	88
ET141043	2	888	888	44	35	0	88
ET141043	3	888	888	44	888	0	88
ET141044	1	17	41	17	41	0	88
ET141044	2	44	35	888	888	0	88
ET141044	3	64	888	888	888	0	88
ET151001	2	44	69	17	41	0	88
ET151001	4	35	44	41	17	0	88
ET151001	5	17	69	4	21	0	88
ET151002	2	17	41	17	41	0	88
ET151002	3	17	41	17	41	0	88
ET151004	2	41	17	44	17	0	88
ET151004	3	14	17	14	17	0	88
ET151004	4	17	21	17	21	0	88
ET151004	5	4	31	4	31	0	88
ET151005	3	17	41	17	41	0	88
ET151005	4	17	888	17	888	0	88
ET151005	5	17	41	17	41	0	88
ET151008	2	17	41	41	17	0	88
ET151008	3	76	35	41	17	0	88
ET151008	4	69	44	17	888	0	88
ET151009	2	17	41	17	41	0	88
ET151009	3	17	41	17	41	0	88
ET151009	4	21	31	21	888	0	88
ET151009	5	21	888	21	888	0	88
ET151010	2	41	17	41	17	0	88
ET151010	3	69	44	888	888	0	88
ET151011	2	17	41	17	41	0	88
ET151011	3	44	4	4	888	0	88
ET151012	2	44	41	17	888	0	88
ET151014	2	69	44	69	888	0	88
ET151014	4	41	17	41	17	0	88
ET151015	2	17	888	17	888	0	88
ET151015	3	17	41	17	41	0	88
ET151016	2	17	41	17	41	0	88
ET151018	3	41	17	41	17	0	88
ET151018	4	41	17	41	17	0	88
ET151019	3	41	17	41	17	0	88
ET151019	4	41	17	41	17	0	88
ET151020	2	44	35	17	41	0	88
ET151020	3	10	44	41	17	0	88
ET151021	2	17	41	17	41	0	88
ET151023	2	41	17	41	17	0	88
ET151024	3	41	888	41	888	0	88
ET151024	4	44	35	41	21	0	88
ET151024	5	17	888	17	17	0	88
ET151025	2	41	44	41	888	0	88
ET151025	3	17	44	17	888	0	88
ET151025	4	44	76	17	55	0	88
ET151026	2	41	17	14	55	0	88
ET151026	3	41	44	41	888	0	88
ET151027	2	41	17	41	17	0	88
ET151027	3	44	76	4	69	0	88
ET151027	4	41	17	41	17	0	88
ET151027	5	17	888	17	888	0	88
ET151027	6	17	888	17	888	0	88
ET151028	2	17	41	17	41	0	88
ET151028	3	76	44	888	888	0	88
ET151029	2	35	44	17	41	0	88
ET151029	3	44	17	4	41	0	88
ET151030	2	17	41	17	41	0	88
ET151030	3	41	44	41	888	0	88
ET151031	2	17	76	17	888	0	88
ET151031	3	17	44	69	17	0	88
ET151032	2	17	41	17	41	0	88
ET151032	3	44	888	888	888	0	88
ET151033	2	17	41	17	41	0	88
ET151034	2	17	41	17	888	0	88
ET151035	2	44	41	41	888	0	88
ET151035	3	17	888	17	888	0	88
ET151039	2	41	17	17	41	0	88
ET151039	3	41	17	17	41	0	88
ET151041	2	41	17	14	31	0	88
ET151041	3	44	76	888	888	0	88
ET151041	4	44	76	888	888	0	88
ET151042	2	41	17	41	17	0	88
ET151042	3	21	888	21	888	0	88
ET151043	4	17	41	17	41	0	88
ET151043	5	17	41	17	41	0	88
ET151044	2	41	10	3	17	0	88
ET151044	3	17	41	17	3	0	88
ET151044	4	44	35	21	17	0	88
ET151045	2	17	41	17	41	0	88
ET151045	3	17	41	17	41	0	88
ET151045	4	44	69	888	888	0	88
ET151045	5	76	35	888	888	0	88
ET151049	2	44	35	41	17	0	88
ET151049	3	44	35	888	888	0	88
ET151051	2	41	44	41	17	0	88
ET151052	2	76	41	41	17	0	88
ET151053	2	44	69	35	888	0	88
ET151053	3	17	41	41	17	0	88
ET151054	2	44	76	69	888	0	88
ET151056	2	44	69	17	41	0	88
ET151056	3	35	888	888	888	0	88
ET151057	2	44	41	41	888	0	88
ET151057	3	44	69	888	888	0	88
ET151057	4	17	41	17	41	0	88
ET151058	2	44	41	41	888	0	88
ET151059	2	17	41	17	41	0	88
ET151059	4	44	76	888	888	0	88
ET151064	2	17	41	17	41	0	88
ET151064	3	44	125	888	888	0	88
ET151064	4	17	44	17	888	0	88
ET151066	3	41	17	41	17	0	88
ET151067	3	17	41	17	41	0	88
ET151068	2	17	41	17	41	0	88
ET151069	2	17	41	17	41	0	88
ET151070	2	41	17	41	17	0	88
ET161001	1	41	8	64	44	0	88
ET161001	2	124	75	888	888	0	88
ET161002	1	44	41	41	10	0	88
ET161003	1	125	888	888	888	0	88
ET161003	2	14	41	14	41	0	88
ET161004	1	44	41	55	41	0	88
ET161004	2	125	888	75	888	0	88
ET161005	1	41	125	41	888	0	88
ET161005	2	75	888	888	888	0	88
ET161006	1	41	10	41	888	0	88
ET161006	2	125	888	888	888	0	88
ET161007	1	41	14	41	14	0	88
ET161007	2	75	888	888	888	0	88
ET161007	3	75	888	888	888	0	88
ET161008	1	75	76	888	888	0	88
ET161008	2	41	21	41	21	0	88
ET161008	3	75	76	888	888	0	88
ET161009	1	44	41	55	41	0	88
ET161009	2	75	19	888	888	0	88
ET161009	3	5	76	888	888	0	88
ET161009	4	75	888	888	888	0	88
ET161010	1	55	50	72	12	0	88
ET161010	2	75	124	888	888	0	88
ET161010	3	75	888	888	888	0	88
ET161010	4	888	888	55	888	0	88
ET161010	5	64	888	888	888	0	88
ET161011	1	41	888	41	888	0	88
ET161011	2	75	888	888	888	0	88
ET161011	3	21	888	888	888	0	88
ET161011	4	75	888	888	888	0	88
ET161012	1	44	41	888	41	0	88
ET161012	2	75	888	888	888	0	88
ET161012	3	75	888	888	888	0	88
ET161013	1	75	41	888	41	0	88
ET161013	2	75	125	888	888	0	88
ET161014	1	10	41	41	888	0	88
ET161014	2	75	888	888	888	0	88
ET161014	3	75	888	888	888	0	88
ET161014	4	75	888	888	888	0	88
ET161014	5	125	888	888	888	0	88
ET161015	1	41	44	41	55	0	88
ET161015	2	75	17	17	888	0	88
ET161015	3	5	56	888	888	0	88
ET161015	4	124	888	888	888	0	88
ET161016	1	44	41	41	888	0	88
ET161016	2	75	125	888	888	0	88
ET161017	1	75	44	55	888	0	88
ET161017	2	75	888	888	888	0	88
ET161018	1	41	888	41	888	0	88
ET161018	2	76	888	888	888	0	88
ET161019	1	14	41	14	41	0	88
ET161019	2	75	19	888	888	0	88
ET161020	1	41	14	41	14	0	88
ET161022	1	41	10	41	888	0	88
ET161023	1	41	10	41	55	0	88
ET161023	2	76	75	72	888	0	88
ET161024	1	41	76	41	888	0	88
ET161024	2	75	888	888	888	0	88
ET161025	1	41	75	41	888	0	88
ET161026	1	41	75	888	888	0	88
ET161027	1	41	14	41	14	0	88
ET161027	2	75	888	888	888	0	88
ET161028	1	75	41	55	41	0	88
ET161029	1	41	75	41	888	0	88
ET161029	2	21	888	21	888	0	88
ET161030	1	14	44	14	888	0	88
ET161030	2	44	76	888	888	0	88
ET161031	1	41	75	41	14	0	88
ET161031	2	5	888	888	888	0	88
ET161031	3	75	888	888	888	0	88
ET161032	1	41	10	41	888	0	88
ET161032	2	75	44	888	888	0	88
ET161033	1	44	888	888	888	0	88
ET161033	2	41	888	41	888	0	88
ET161033	3	125	888	888	888	0	88
ET161034	1	41	14	41	14	1	2
ET161034	2	125	888	888	888	0	88
ET161034	3	21	888	21	888	0	88
ET161035	1	41	44	41	888	0	88
ET161035	2	125	888	888	888	0	88
ET161035	3	75	888	888	888	0	88
ET161036	1	44	10	888	888	0	88
ET161036	2	44	124	888	888	0	88
ET161037	1	41	10	41	888	0	88
ET161037	2	75	888	888	888	0	88
ET161037	3	75	888	888	888	0	88
ET161038	1	75	76	888	888	0	88
ET161038	2	41	14	41	14	0	88
ET161039	1	41	14	41	44	0	88
ET161039	2	75	7	888	888	0	88
ET161039	3	75	888	888	888	0	88
ET161039	4	21	888	888	888	0	88
ET161041	1	41	44	41	888	0	88
ET161041	2	125	888	888	888	0	88
ET161042	1	41	55	41	888	0	88
ET161042	2	75	125	888	888	0	88
ET161043	1	41	44	41	5	0	88
ET161043	2	75	888	888	888	0	88
ET161043	3	21	888	888	888	0	88
ET161044	1	41	14	41	14	0	88
ET161044	2	124	888	888	888	0	88
ET161044	3	75	888	888	888	0	88
ET161044	4	75	888	888	888	0	88
ET161045	1	41	10	41	888	0	88
ET161045	2	75	888	888	888	0	88
ET161046	1	41	44	41	888	0	88
ET161046	2	75	888	888	888	0	88
ET161047	1	41	14	41	14	0	88
ET161047	2	75	888	888	888	0	88
ET161047	3	76	888	888	888	0	88
ET161048	1	41	10	41	10	0	88
ET161048	2	125	888	888	888	0	88
ET161049	1	41	14	41	14	0	88
ET161049	2	75	125	888	888	0	88
ET161049	3	75	888	888	888	0	88
ET161049	4	75	888	888	888	0	88
ET161049	5	76	888	888	888	0	88
ET161049	6	5	888	888	888	0	88
ET161050	1	41	14	41	14	0	88
ET161050	2	75	888	888	888	0	88
ET161050	3	75	888	888	888	0	88
ET161050	4	75	888	888	888	0	88
ET171001	1	11	888	888	888	0	88
ET171003	2	42	888	888	888	0	88
ET171003	3	76	888	888	888	0	88
ET171003	4	5	888	888	888	0	88
ET171003	5	75	888	888	888	0	88
ET171005	3	5	888	888	888	0	88
ET171005	4	5	888	888	888	0	88
ET171005	5	75	888	888	888	0	88
ET171005	6	123	888	888	888	0	88
ET171006	2	5	888	888	888	0	88
ET171006	3	75	888	888	888	0	88
ET171006	4	75	888	888	888	0	88
ET171006	5	75	888	888	888	0	88
ET171007	2	8	123	888	888	0	88
ET171007	3	5	888	888	888	0	88
ET171007	4	5	888	888	888	0	88
ET171007	5	5	888	888	888	0	88
ET171007	6	888	888	50	888	1	4
ET171008	2	75	76	888	888	0	88
ET171008	3	75	123	888	888	0	88
ET171008	4	5	888	888	888	0	88
ET171009	1	11	888	888	888	0	88
ET171009	2	75	888	888	888	0	88
ET171009	3	5	888	888	888	0	88
ET171009	4	75	888	888	888	0	88
ET171010	2	5	888	888	888	0	88
ET171010	3	76	888	888	888	0	88
ET171010	4	75	888	888	888	0	88
ET171010	5	43	888	888	888	0	88
ET171010	6	75	888	888	888	0	88
ET171010	7	5	888	888	888	0	88
ET171010	8	75	123	888	888	0	88
ET171011	1	11	888	888	888	0	88
ET171011	2	76	888	888	888	0	88
ET171011	3	75	888	888	888	0	88
ET171011	4	5	888	888	888	0	88
ET171011	5	5	888	888	888	0	88
ET171012	2	5	888	888	888	0	88
ET171012	3	5	888	888	888	0	88
ET171012	4	123	888	888	888	0	88
ET171012	5	75	888	888	888	0	88
ET171013	2	11	888	888	888	0	88
ET171013	3	75	888	888	888	0	88
ET171013	4	5	888	888	888	0	88
ET171013	5	123	888	888	888	0	88
ET171013	6	75	888	888	888	0	88
ET171015	1	11	888	888	888	0	88
ET171015	2	75	888	888	888	0	88
ET171015	3	75	888	888	888	0	88
ET171015	4	5	888	888	888	0	88
ET171016	2	75	888	888	888	0	88
ET171016	3	5	888	888	888	0	88
ET171016	4	76	888	888	888	0	88
ET171016	6	42	888	888	888	0	88
ET171016	8	42	888	888	888	0	88
ET171016	9	42	888	888	888	0	88
ET171016	10	75	888	888	888	0	88
ET171017	1	11	888	888	888	0	88
ET171017	3	75	888	888	888	0	88
ET171017	4	5	888	888	888	0	88
ET171017	5	123	888	888	888	0	88
ET171017	6	10	888	10	888	1	1
ET171018	2	5	130	888	888	0	88
ET171018	3	75	888	888	888	0	88
ET171018	4	15	75	888	888	0	88
ET171018	6	49	888	888	888	0	88
ET171019	2	5	888	888	888	0	88
ET171019	3	75	888	888	888	0	88
ET171019	4	49	888	888	888	0	88
ET171020	2	5	76	888	888	0	88
ET171020	3	75	888	888	888	0	88
ET171020	4	75	888	888	888	0	88
ET171020	5	75	888	888	888	0	88
ET171021	2	5	888	888	888	0	88
ET171021	3	76	888	888	888	0	88
ET171021	4	5	888	888	888	0	88
ET171021	5	75	888	888	888	0	88
ET171021	6	5	888	888	888	0	88
ET171021	7	76	888	888	888	0	88
ET171022	1	11	888	888	888	0	88
ET171022	2	5	888	888	888	0	88
ET171022	3	76	888	888	888	0	88
ET171022	4	5	888	888	888	0	88
ET171023	2	5	888	888	888	0	88
ET171023	3	75	888	888	888	0	88
ET171023	4	5	888	888	888	0	88
ET171023	5	75	888	888	888	0	88
ET171023	6	75	888	888	888	0	88
ET171023	7	75	888	888	888	0	88
ET171024	1	11	888	888	888	0	88
ET171024	2	5	888	888	888	0	88
ET171024	3	75	888	888	888	0	88
ET171024	4	75	888	888	888	0	88
ET171024	5	123	888	888	888	0	88
ET171024	6	8	888	888	888	0	88
ET171024	7	12	888	888	888	1	4
ET171025	2	5	888	888	888	0	88
ET171025	3	123	888	888	888	0	88
ET171025	4	75	888	888	888	0	88
ET171026	1	11	888	888	888	0	88
ET171026	2	8	888	44	888	1	2
ET171026	3	5	888	888	888	0	88
ET171026	4	5	888	888	888	0	88
ET171026	5	123	888	888	888	0	88
ET171028	2	75	888	888	888	0	88
ET171028	3	5	888	888	888	0	88
ET171028	4	123	888	888	888	0	88
ET171028	5	75	888	888	888	0	88
ET171028	6	5	888	888	888	0	88
ET171028	7	8	44	888	888	1	4
ET171028	8	8	44	888	888	1	4
ET171029	2	8	888	888	888	0	88
ET171029	3	75	888	888	888	0	88
ET171029	4	5	888	888	888	0	88
ET171029	5	123	888	888	888	0	88
ET171029	6	8	888	888	888	1	4
ET171030	1	11	888	888	888	0	88
ET171030	2	75	888	888	888	0	88
ET171030	3	123	43	888	888	0	88
ET171030	4	5	888	888	888	0	88
ET171030	5	76	888	888	888	0	88
ET171030	6	5	888	888	888	0	88
ET171031	1	11	888	888	888	0	88
ET171031	2	75	888	888	888	0	88
ET171031	3	75	888	888	888	0	88
ET171031	4	123	888	888	888	0	88
ET171031	5	5	888	888	888	0	88
ET171031	6	5	888	888	888	0	88
ET171031	7	76	888	44	888	1	4
ET171032	2	11	888	888	888	0	88
ET171032	3	76	888	888	888	0	88
ET171032	4	5	888	888	888	0	88
ET171032	5	123	888	888	888	0	88
ET171032	6	44	888	12	888	1	4
ET171032	7	75	888	888	888	0	88
ET171033	2	5	888	888	888	0	88
ET171033	3	5	888	888	888	0	88
ET171033	4	75	888	888	888	0	88
ET171035	2	75	888	888	888	0	88
ET171035	3	5	888	888	888	0	88
ET171035	4	75	888	888	888	0	88
ET171037	1	11	888	888	888	0	88
ET171037	2	75	888	888	888	0	88
ET171037	3	5	888	888	888	0	88
ET171037	4	75	888	888	888	0	88
ET171038	2	76	5	888	888	0	88
ET171038	3	5	888	888	888	0	88
ET171038	4	75	888	888	888	0	88
ET171039	1	11	888	888	888	0	88
ET171039	2	75	888	888	888	0	88
ET171039	3	75	888	888	888	0	88
ET171039	4	5	888	888	888	0	88
ET171040	1	11	888	888	888	0	88
ET171040	2	75	888	888	888	0	88
ET171040	3	5	888	888	888	0	88
ET171042	2	55	888	888	888	0	88
ET171042	3	75	888	888	888	0	88
ET171042	4	123	888	888	888	0	88
ET171043	2	123	888	888	888	0	88
ET171043	3	5	888	888	888	0	88
ET171043	4	5	888	888	888	0	88
ET171043	5	75	888	888	888	0	88
ET171044	1	11	888	888	888	0	88
ET171044	2	75	888	888	888	0	88
ET171044	3	123	43	888	888	0	88
ET171044	4	5	888	888	888	0	88
ET171044	5	76	888	888	888	0	88
ET171044	6	5	888	888	888	0	88
ET171045	1	11	888	888	888	0	88
ET171045	2	5	888	888	888	0	88
ET171045	3	75	888	888	888	0	88
ET171045	4	76	888	888	888	0	88
ET171045	5	75	888	888	888	0	88
ET171046	1	11	888	888	888	0	88
ET171046	2	75	888	888	888	0	88
ET171046	3	75	888	888	888	0	88
ET171047	2	5	888	888	888	0	88
ET171047	3	75	888	888	888	0	88
ET171047	4	75	888	888	888	0	88
ET171047	5	5	888	888	888	0	88
ET171047	6	5	123	888	888	0	88
ET171047	7	8	888	888	888	1	4
ET171048	2	75	8	888	888	0	88
ET171048	3	75	888	888	888	0	88
ET171049	1	11	888	888	888	0	88
ET171049	2	75	888	888	888	0	88
ET171049	3	43	888	888	888	0	88
ET171049	4	5	888	888	888	0	88
ET171049	5	26	12	888	888	0	88
ET171049	6	75	888	888	888	0	88
ET171049	7	5	888	888	888	0	88
ET171049	8	123	888	888	888	0	88
ET171050	1	11	888	888	888	0	88
ET181001	2	130	888	888	888	0	88
ET181001	3	5	888	888	888	0	88
ET181001	4	5	888	888	888	0	88
ET181002	2	5	123	888	888	0	88
ET181002	3	75	5	888	888	0	88
ET181002	4	5	888	888	888	0	88
ET181002	5	11	888	888	888	0	88
ET181003	2	125	888	888	888	0	88
ET181003	3	130	888	888	888	0	88
ET181003	4	130	888	888	888	0	88
ET181003	5	75	888	888	888	0	88
ET181003	6	125	888	888	888	0	88
ET181003	8	11	888	888	888	0	88
ET181004	3	130	888	888	888	0	88
ET181004	4	5	888	888	888	0	88
ET181005	2	75	888	888	888	0	88
ET181005	3	130	888	888	888	0	88
ET181005	4	5	888	888	888	0	88
ET181005	5	123	888	888	888	0	88
ET181005	7	21	888	21	888	0	88
ET181006	2	130	75	888	888	0	88
ET181006	3	123	15	888	888	0	88
ET181006	4	11	888	888	888	0	88
ET181007	2	75	130	888	888	0	88
ET181007	3	5	125	888	888	0	88
ET181007	4	5	888	888	888	0	88
ET181007	5	123	888	888	888	0	88
ET181007	6	11	888	888	888	0	88
ET181008	2	11	888	888	888	0	88
ET181008	3	130	888	888	888	0	88
ET181008	4	76	888	888	888	0	88
ET181008	6	123	888	888	888	0	88
ET181009	2	5	888	888	888	0	88
ET181009	3	5	75	888	888	0	88
ET181009	4	123	125	888	888	0	88
ET181009	5	130	888	888	888	0	88
ET181010	2	11	888	888	888	0	88
ET181010	3	21	888	21	888	0	88
ET181010	5	123	5	888	888	0	88
ET181010	6	75	130	888	888	0	88
ET181011	2	130	888	888	888	0	88
ET181011	3	75	888	888	888	0	88
ET181011	4	125	888	888	888	0	88
ET181011	5	5	888	888	888	0	88
ET181011	6	11	888	888	888	0	88
ET181012	2	75	888	888	888	0	88
ET181012	3	130	888	888	888	0	88
ET181012	4	123	888	888	888	0	88
ET181012	5	123	888	888	888	0	88
ET181012	6	11	888	888	888	0	88
ET181012	8	5	888	72	55	1	4
ET181012	9	5	888	72	55	1	4
ET181013	2	125	888	888	888	0	88
ET181013	3	5	888	888	888	0	88
ET181013	4	123	888	888	888	0	88
ET181013	5	75	888	888	888	0	88
ET181013	6	11	888	888	888	0	88
ET181014	2	123	75	888	888	0	88
ET181014	3	130	888	888	888	0	88
ET181014	4	130	888	888	888	0	88
ET181014	6	130	888	888	888	0	88
ET181014	7	123	888	888	888	0	88
ET181015	2	11	888	888	888	0	88
ET181015	3	130	888	888	888	0	88
ET181015	4	123	75	888	888	0	88
ET181015	5	130	888	888	888	0	88
ET181016	2	75	888	888	888	0	88
ET181016	3	123	888	888	888	0	88
ET181016	4	5	888	888	888	0	88
ET181016	5	130	888	888	888	0	88
ET181016	6	11	888	888	888	0	88
ET181016	8	21	888	21	888	0	88
ET181017	2	130	888	888	888	0	88
ET181017	3	5	888	888	888	0	88
ET181017	4	130	888	5	888	1	4
ET181017	6	11	888	888	888	0	88
ET181018	2	11	888	888	888	0	88
ET181018	3	21	888	21	888	0	88
ET181018	4	75	888	888	888	0	88
ET181018	5	130	888	888	888	0	88
ET181018	6	125	888	888	888	0	88
ET181018	7	123	888	888	888	0	88
ET181019	2	11	888	888	888	0	88
ET181019	3	123	888	888	888	0	88
ET181019	4	75	125	888	888	0	88
ET181019	5	130	888	888	888	0	88
ET181020	1	5	888	888	888	0	88
ET181020	2	130	888	888	888	0	88
ET181021	2	11	888	888	888	0	88
ET181021	3	130	888	888	888	0	88
ET181021	4	75	888	888	888	0	88
ET181021	5	75	888	888	888	0	88
ET181022	2	11	888	888	888	0	88
ET181022	3	21	888	21	888	0	88
ET181022	4	130	888	888	888	0	88
ET181022	5	125	888	888	888	0	88
ET181022	6	75	888	888	888	0	88
ET181023	2	5	888	55	888	1	4
ET181023	3	123	888	72	888	1	4
ET181023	4	125	888	888	888	0	88
ET181023	5	130	888	888	888	0	88
ET181023	6	75	888	888	888	0	88
ET181023	7	11	888	888	888	0	88
ET181024	2	11	888	888	888	0	88
ET181024	3	75	888	888	888	0	88
ET181024	4	125	888	888	888	0	88
ET181024	5	123	888	888	888	0	88
ET181024	6	130	888	888	888	0	88
ET181024	7	21	888	21	888	0	88
ET181024	8	75	888	888	888	0	88
ET181025	2	11	888	888	888	0	88
ET181025	3	130	888	888	888	0	88
ET181025	4	123	888	888	888	0	88
ET181025	5	75	888	888	888	0	88
ET181025	6	130	888	888	888	0	88
ET181025	7	76	888	888	888	0	88
ET181026	2	5	888	888	888	0	88
ET181026	3	123	888	888	888	0	88
ET181026	4	75	888	888	888	0	88
ET181026	5	76	888	888	888	0	88
ET181026	6	21	888	21	888	0	88
ET181027	2	125	888	888	888	0	88
ET181027	3	75	64	888	888	0	88
ET181028	2	11	888	888	888	0	88
ET181028	3	21	888	21	888	0	88
ET181029	2	11	888	888	888	0	88
ET181029	3	130	888	72	888	1	4
ET181029	4	75	888	888	888	0	88
ET181029	5	76	20	75	72	1	4
ET181029	6	75	888	888	888	0	88
ET181029	9	75	888	888	888	0	88
ET181029	10	130	888	888	888	0	88
ET181030	2	21	888	21	888	0	88
ET181030	3	5	888	888	888	0	88
ET181030	4	75	5	888	888	0	88
ET181030	5	123	888	888	888	0	88
ET181031	2	123	888	888	888	0	88
ET181031	3	125	888	888	888	0	88
ET181031	5	5	888	888	888	0	88
ET181031	8	130	888	888	888	0	88
ET181032	2	130	75	5	888	1	2
ET181033	2	11	888	888	888	0	88
ET181033	3	75	888	888	888	0	88
ET181033	4	130	888	888	888	0	88
ET181033	5	123	888	888	888	0	88
ET181033	6	21	888	21	888	0	88
ET181034	2	123	125	888	888	0	88
ET181034	3	5	125	888	888	0	88
ET181034	4	130	888	888	888	0	88
ET181034	6	11	888	888	888	0	88
ET181035	2	11	888	888	888	0	88
ET181035	3	5	888	888	888	0	88
ET181035	4	76	888	888	888	0	88
ET181035	5	21	888	21	888	0	88
ET181035	7	55	888	55	888	1	1
ET181036	2	130	888	888	888	0	88
ET181036	3	75	888	888	888	0	88
ET181036	4	5	888	888	888	0	88
ET181036	5	125	888	888	888	0	88
ET181036	7	21	888	21	888	0	88
ET181037	2	11	888	888	888	0	88
ET181037	3	125	888	888	888	0	88
ET181037	4	75	888	888	888	0	88
ET181037	5	130	888	888	888	0	88
ET181038	2	125	888	888	888	0	88
ET181038	3	75	888	888	888	0	88
ET181038	4	130	888	888	888	0	88
ET181038	5	5	888	888	888	0	88
ET181038	6	11	888	888	888	0	88
ET181038	7	21	888	21	888	0	88
ET181039	2	11	888	888	888	0	88
ET181039	3	123	888	888	888	0	88
ET181039	4	75	888	888	888	0	88
ET181040	2	75	5	888	888	0	88
ET181040	3	5	123	888	888	0	88
ET181040	4	11	888	888	888	0	88
ET181041	2	75	888	888	888	0	88
ET181041	3	130	888	888	888	0	88
ET181041	4	123	888	888	888	0	88
ET181041	6	21	888	21	888	0	88
ET181041	7	11	888	888	888	0	88
ET181042	2	130	75	55	72	1	4
ET181042	3	130	123	888	888	0	88
ET181042	4	130	888	888	888	0	88
ET181042	5	130	75	888	888	0	88
ET181042	7	11	888	888	888	0	88
ET181043	2	11	888	888	888	0	88
ET181043	3	27	888	888	888	0	88
ET181043	4	75	888	888	888	0	88
ET181043	5	130	123	888	888	0	88
ET181044	2	11	888	888	888	0	88
ET181044	3	75	888	888	888	0	88
ET181044	4	75	888	888	888	0	88
ET181044	5	130	888	888	888	0	88
ET181044	6	130	888	888	888	0	88
ET181045	3	21	888	21	888	0	88
ET181045	4	11	888	888	888	0	88
ET181045	5	130	888	888	888	0	88
ET181046	2	11	888	888	888	0	88
ET181046	3	75	888	888	888	0	88
ET181046	4	75	888	888	888	0	88
ET181046	5	130	888	888	888	0	88
ET181046	6	130	888	888	888	0	88
ET181047	2	130	888	888	888	0	88
ET181047	3	5	888	888	888	0	88
ET181047	4	75	888	888	888	0	88
ET181047	5	125	888	888	888	0	88
ET181047	6	11	888	888	888	0	88
ET181048	2	11	888	888	888	0	88
ET181048	3	21	888	21	888	0	88
ET181048	5	75	123	888	888	0	88
ET181048	6	5	888	888	888	0	88
ET181049	2	21	888	21	888	0	88
ET181049	3	123	888	888	888	0	88
ET181049	4	75	888	888	888	0	88
ET181049	5	130	888	888	888	0	88
ET181050	2	21	888	21	888	0	88
ET181050	3	11	888	888	888	0	88
ET181050	4	125	888	888	888	0	88
ET181050	5	75	888	888	888	0	88
ET181050	6	130	888	888	888	0	88
ET181050	8	130	75	888	888	0	88
ET181050	9	888	888	6	888	1	4
ET181050	10	888	888	10	39	1	4
ET191018	2	123	888	888	888	0	88
ET191029	2	5	130	888	888	0	88
ET191034	2	75	888	888	888	0	88
ET191034	3	5	3	888	888	0	88
ET191037	3	5	130	888	888	0	88
ET191041	2	5	888	888	888	0	88
ET191051	3	75	130	888	888	0	88
ET201001	1	33	96	33	96	1	3
ET201001	2	75	888	888	888	0	88
ET201001	3	76	888	888	888	0	88
ET201001	5	75	888	888	888	0	88
ET201001	6	76	888	888	888	0	88
ET201002	3	8	888	888	888	0	88
ET201002	4	130	888	888	888	0	88
ET201002	5	8	888	888	888	0	88
ET201002	6	130	888	888	888	0	88
ET201002	7	8	888	888	888	0	88
ET201002	8	8	888	888	888	0	88
ET201003	1	11	888	888	888	0	88
ET201004	1	11	888	888	888	0	88
ET201004	2	8	888	888	888	0	88
ET201004	3	5	888	888	888	0	88
ET201004	4	8	888	888	888	0	88
ET201005	2	130	5	888	888	0	88
ET201005	3	75	888	888	888	0	88
ET201005	4	8	888	888	888	0	88
ET201005	5	130	888	888	888	0	88
ET201006	2	44	5	888	888	0	88
ET201006	3	130	75	888	888	0	88
ET201006	4	5	888	888	888	0	88
ET201006	5	130	888	888	888	0	88
ET201008	1	11	888	888	888	0	88
ET201008	2	75	888	888	888	0	88
ET201008	3	76	888	888	888	0	88
ET201008	4	75	76	44	888	1	1
ET201008	5	76	888	888	888	0	88
ET201009	1	11	888	888	888	0	88
ET201009	3	8	888	888	888	0	88
ET201009	4	76	888	888	888	0	88
ET201010	1	76	888	888	888	0	88
ET201010	2	75	76	888	888	0	88
ET201010	3	76	888	888	888	0	88
ET201011	2	8	888	888	888	0	88
ET201012	1	11	888	888	888	0	88
ET201012	2	123	888	888	888	0	88
ET201012	3	8	888	888	888	0	88
ET201012	4	123	5	888	888	0	88
ET201013	1	11	888	888	888	0	88
ET201013	2	75	888	888	888	0	88
ET201013	3	76	888	888	888	0	88
ET201013	6	75	888	888	888	0	88
ET201016	2	5	888	888	888	0	88
ET201016	3	5	76	888	888	0	88
ET201016	4	20	888	888	888	0	88
ET201016	5	76	888	888	888	0	88
ET201016	6	76	888	888	888	0	88
ET201017	2	124	888	888	888	0	88
ET201017	3	75	888	888	888	0	88
ET201017	4	75	888	888	888	0	88
ET201018	1	8	888	888	888	0	88
ET201018	2	8	888	888	888	0	88
ET201018	3	8	888	888	888	0	88
ET201019	2	75	888	888	888	0	88
ET201019	3	75	888	888	888	0	88
ET201019	4	75	888	888	888	0	88
ET201020	1	5	888	888	888	0	88
ET201020	2	75	888	888	888	0	88
ET201021	1	8	888	888	888	0	88
ET201023	2	75	888	888	888	0	88
ET201023	3	76	888	888	888	0	88
ET201024	1	17	27	33	51	1	4
ET201024	2	8	888	888	888	0	88
ET201026	1	5	888	888	888	0	88
ET201026	2	20	888	888	888	0	88
ET201026	3	75	888	888	888	0	88
ET201026	4	8	888	888	888	0	88
ET201027	1	11	888	888	888	0	88
ET201027	2	50	75	888	888	0	88
ET201027	3	50	76	888	888	0	88
ET201027	4	43	888	888	888	0	88
ET201028	2	8	888	888	888	0	88
ET201028	3	130	888	888	888	0	88
ET201028	4	15	888	888	888	0	88
ET201028	5	75	888	888	888	0	88
ET201029	1	11	7	51	50	1	1
ET201029	2	123	888	888	888	0	88
ET201029	3	76	888	888	888	0	88
ET201030	1	11	17	888	888	0	88
ET201031	1	33	51	33	51	1	4
ET201031	2	57	888	888	888	0	88
ET201031	3	5	888	888	888	0	88
ET201031	4	76	888	888	888	0	88
ET201031	5	123	888	888	888	0	88
ET201031	6	123	888	888	888	0	88
ET201032	1	76	888	888	888	0	88
ET201032	2	5	888	888	888	0	88
ET201032	3	75	888	888	888	0	88
ET201033	1	11	888	888	888	0	88
ET201033	2	75	5	888	888	0	88
ET201033	3	5	888	888	888	0	88
ET201033	5	20	76	888	888	0	88
ET201034	1	11	888	888	888	0	88
ET201034	2	76	42	888	888	1	2
ET201034	3	20	5	888	888	0	88
ET201034	4	5	888	888	888	0	88
ET201035	1	11	888	888	888	0	88
ET201035	2	5	888	888	888	0	88
ET201035	3	75	888	888	888	0	88
ET201035	4	75	888	888	888	0	88
ET201035	5	76	888	888	888	0	88
ET201035	6	5	888	888	888	0	88
ET201035	7	76	888	888	888	0	88
ET201036	1	33	27	888	888	0	88
ET201036	2	8	888	888	888	0	88
ET201036	3	123	888	888	888	0	88
ET201038	1	11	888	888	888	0	88
ET201038	2	8	888	888	888	0	88
ET201038	3	8	888	888	888	0	88
ET201038	4	76	888	888	888	0	88
ET201039	1	11	888	888	888	0	88
ET201039	2	75	888	888	888	0	88
ET201039	3	76	888	888	888	0	88
ET201040	1	11	888	888	888	0	88
ET201040	2	75	888	888	888	0	88
ET201040	3	5	888	888	888	0	88
ET201041	1	11	888	888	888	0	88
ET201042	1	130	888	888	888	0	88
ET201042	3	8	888	888	888	0	88
ET201042	4	8	888	888	888	0	88
ET201042	5	8	888	888	888	0	88
ET201043	1	64	888	888	888	0	88
ET201044	2	64	888	888	888	0	88
ET201044	3	76	888	888	888	0	88
ET201044	4	75	888	888	888	0	88
ET201044	5	75	888	888	888	0	88
ET201044	6	7	10	27	888	1	4
ET201045	1	11	888	888	888	0	88
ET201045	2	8	888	888	888	0	88
ET201045	3	75	888	888	888	0	88
ET201045	4	75	888	888	888	0	88
ET201045	6	75	888	888	888	0	88
ET201046	1	11	888	888	888	0	88
ET201046	2	5	75	888	888	0	88
ET201046	3	8	888	888	888	0	88
ET201046	4	7	888	10	888	1	3
ET201047	1	130	75	888	888	0	88
ET201047	2	8	888	888	888	0	88
ET201047	3	8	75	888	888	0	88
ET201047	4	130	888	888	888	0	88
ET201048	1	11	888	888	888	0	88
ET201048	2	75	888	888	888	0	88
ET201048	3	123	888	888	888	0	88
ET201048	4	8	888	888	888	0	88
ET201049	1	11	888	888	888	0	88
ET201049	2	76	888	888	888	0	88
ET201049	3	76	888	888	888	0	88
ET201049	4	5	888	888	888	0	88
ET201049	5	76	888	888	888	0	88
