CHILDID	LOANID	GAVCRDR3	TKEOUTR3	AMTCRDR3	LOANMTR3	LOANYRR3	LNOLSTR3	PYBACKR3	AMTPAYR3	MTLASTR3	YRLASTR3	NOBACKR3	WHORCVR3
ET011001	1	10	2	1000	5	2001	6	1	400	9	2001	11	3
ET011001	2	10	2	1000	9	2001	77	1	0	88	 	88	3
ET011002	1	7	2	4000	5	1999	24	1	2000	2	2002	12	2
ET011003	1	5	2	3000	1	2002	36	1	300	3	2002	88	1
ET011004	1	7	19	3000	11	2000	12	0	2000	6	2001	11	2
ET011007	1	8	10	7000	11	2001	77	1	0	88	 	88	1
ET011009	1	7	3	2000	8	1997	24	0	2600	2	2002	11	1
ET011010	1	10	6	150	11	2001	1	0	150	12	2001	88	1
ET011010	2	10	6	200	10	2000	1	0	200	11	2000	88	1
ET011013	1	10	4	300	2	2002	2	1	0	88	 	11	2
ET011013	2	10	17	500	4	2001	77	0	500	11	2001	88	2
ET011014	1	7	3	4000	10	1998	24	0	4600	10	2000	88	1
ET011014	2	10	3	1600	4	2001	77	1	200	3	2002	88	1
ET011015	1	10	2	500	2	2001	77	0	500	8	2001	88	4
ET011015	2	10	7	300	10	2001	77	0	300	1	2002	88	4
ET011015	3	10	2	250	13	1999	77	0	250	4	2000	88	4
ET011019	1	7	4	1000	77	1999	10	0	1300	77	2000	88	1
ET011021	1	10	10	4500	5	1999	77	1	0	88	 	88	2
ET011021	2	10	8	6000	3	2002	77	1	0	88	 	88	3
ET011022	1	6	4	300	6	1999	12	0	315	1	2001	12	2
ET011022	2	7	4	2000	10	2001	18	1	960	4	2002	88	2
ET011024	1	10	2	1000	12	2001	12	1	0	88	 	88	2
ET011026	1	7	3	2000	4	1997	12	1	1950	12	2001	11	2
ET011027	1	10	16	260	13	2001	1	0	260	1	2002	88	1
ET011027	2	7	19	2000	8	1997	20	0	2000	4	2001	88	1
ET011028	1	10	2	100	4	2001	1	0	100	5	2001	88	2
ET011028	2	10	2	50	7	2001	2	0	50	9	2001	88	2
ET011031	1	8	2	600	10	2001	77	1	0	88	 	88	1
ET011031	2	8	10	7000	8	2001	77	1	0	88	 	88	1
ET011033	1	10	2	500	7	1998	3	0	500	10	1998	88	2
ET011033	2	10	7	600	3	1999	6	0	600	9	1999	88	2
ET011033	3	10	2	400	6	2001	2	0	400	7	2001	88	2
ET011033	4	10	15	600	1	2002	2	0	600	3	2002	88	2
ET011033	5	10	7	400	3	2002	77	1	0	88	 	88	2
ET011037	1	7	17	2000	10	1997	24	0	2420	10	2000	12	1
ET011037	2	7	19	2000	12	2001	24	1	600	1	2002	88	2
ET011038	1	10	4	600	5	2001	77	1	200	2	2002	88	2
ET011038	2	8	2	600	9	2001	77	1	0	88	 	88	2
ET011040	1	5	8	4000	4	2001	12	1	0	88	 	12	1
ET011042	1	10	10	8000	10	1996	77	1	7400	7	2000	88	2
ET011044	1	7	19	1000	1	2002	6	1	375	4	2002	88	1
ET011046	1	5	13	3000	4	2001	45	1	600	4	2002	88	2
ET011048	1	6	15	1500	1	1999	18	0	1500	8	2000	88	2
ET011048	2	6	15	1000	1	2002	12	1	600	3	2002	88	2
ET011049	1	10	6	200	7	2001	2	0	200	9	2001	88	2
ET021001	1	5	4	2000	8	2001	12	1	204	9	2001	6	3
ET021004	1	4	3	600	10	2001	12	1	120	2	2002	88	2
ET021008	1	7	10	4000	3	2000	24	0	4000	3	2002	88	2
ET021009	1	10	2	600	1	2002	77	1	500	5	2002	88	2
ET021014	1	7	19	10000	1	2000	24	1	7000	1	2002	88	2
ET021015	1	7	2	1000	8	2001	11	1	304	2	2002	88	1
ET021023	1	10	8	500	11	2000	3	0	500	1	2001	88	2
ET021025	1	2	6	350	2	2002	12	1	76	3	2002	88	2
ET021030	1	8	4	500	4	2001	77	1	0	88	 	3	2
ET021034	1	2	15	800	12	2001	8	1	300	3	2002	88	1
ET021041	1	7	19	4000	1	2002	20	1	267	2	2002	88	1
ET021043	1	7	3	850	1	1999	12	0	850	1	2000	88	2
ET021045	1	5	10	3000	12	2001	12	1	1800	2	2002	12	2
ET021046	1	7	2	3000	3	2001	24	1	2160	2	2002	8	2
ET021047	1	7	8	3000	6	1999	6	0	3000	2	2000	11	1
ET021050	1	8	10	5000	9	2001	88	1	0	88	 	11	5
ET031002	1	8	19	30000	8	1998	12	1	25000	12	2001	6	1
ET031004	1	10	8	1000	1	1999	12	0	1000	1	2000	88	2
ET031004	2	7	10	5000	11	2001	18	1	2500	12	2001	88	3
ET031006	1	6	10	300000	10	2001	40	1	20000	1	2002	88	1
ET031009	1	7	2	1000	3	2001	18	1	700	77	2002	88	1
ET031011	1	7	4	2000	5	2001	24	1	1500	2	2002	88	2
ET031012	1	5	19	2000	9	2001	16	1	1050	3	2002	88	2
ET031014	1	2	15	2500	1	2001	18	1	900	3	-77	12	2
ET031016	1	2	19	1500	12	2001	12	1	0	88	 	88	2
ET031017	1	10	15	400	1	2002	3	0	400	4	-77	88	2
ET031019	1	10	2	100	4	2002	1	0	100	4	2002	88	2
ET031019	2	10	10	150	4	2002	1	0	150	4	2002	88	2
ET031022	1	7	7	12000	5	2000	60	1	7000	12	2001	88	1
ET031027	1	7	10	2000	8	2000	12	1	1000	3	2001	12	1
ET031029	1	9	3	2000	7	2000	36	1	800	2	2002	88	2
ET031031	1	10	2	500	7	2001	2	0	500	9	2001	88	2
ET031036	1	2	8	3060	10	2001	10	1	3015	3	2002	88	1
ET031037	1	7	5	6000	12	2001	12	1	2720	2	2002	88	1
ET031039	1	7	3	2500	4	2001	20	1	1800	12	2002	88	2
ET031042	1	8	4	6000	77	1999	48	1	3500	1	2002	11	2
ET031045	1	10	2	900	9	2001	1	1	0	88	 	12	3
ET031046	1	7	3	2500	10	2000	12	0	2500	3	2002	3	2
ET031047	1	7	4	2000	10	2001	12	1	900	1	2002	88	2
ET031050	1	10	6	1500	2	2002	11	1	850	1	2002	3	1
ET041001	1	7	1	1300	77	1998	12	0	1300	77	1999	88	2
ET041003	1	9	7	800	9	2000	4	1	520	11	2001	11	1
ET041005	1	7	19	2000	3	2000	12	0	2448	3	2001	88	2
ET041005	2	7	19	1000	11	2001	12	1	400	11	2001	11	2
ET041006	1	2	1	600	11	1999	4	1	400	4	2000	2	5
ET041006	2	2	4	200	1	2002	3	0	200	3	2002	88	5
ET041007	1	7	19	300	1	2002	3	1	0	88	 	88	1
ET041010	1	6	19	5000	5	2001	12	1	3750	3	2002	88	1
ET041010	2	8	19	800	10	1999	36	1	0	88	 	88	1
ET041011	1	7	15	6000	1	1997	60	0	6000	2	2002	88	2
ET041012	1	10	16	900	1	1999	2	1	0	88	 	11	2
ET041015	1	7	8	6000	2	2000	24	1	2000	1	2002	3	4
ET041016	1	7	5	3000	4	2001	24	1	0	88	 	88	21
ET041016	2	7	5	3000	4	2001	24	1	0	88	 	88	16
ET041018	1	7	4	400	8	2000	4	0	400	12	2000	88	1
ET041018	2	4	13	400	5	2001	2	0	400	7	2001	88	1
ET041020	1	7	19	8000	10	2001	24	1	2000	2	2002	88	2
ET041021	1	3	8	8700	10	2001	24	1	1800	2	2002	88	3
ET041021	2	10	2	3700	1	2001	12	1	900	2	2002	11	3
ET041022	1	10	1	600	5	2002	1	0	600	6	2002	88	5
ET041024	1	8	3	60	1	2002	3	1	0	88	 	11	1
ET041025	1	8	15	400	9	2001	6	1	200	1	2002	11	2
ET041026	1	7	1	6000	9	2001	12	1	3600	1	2002	88	1
ET041029	1	7	19	10000	3	2001	24	1	5000	2	2002	88	1
ET041031	1	7	8	7000	4	1999	60	1	2000	10	2001	88	1
ET041032	1	10	15	200	5	2001	3	1	0	88	 	11	2
ET041033	1	7	19	3000	4	1999	12	0	3600	4	2000	88	1
ET041034	1	7	1	945	6	1997	36	1	200	10	1999	11	1
ET041035	1	7	3	10000	4	2000	24	1	9874	2	2002	88	1
ET041037	1	5	19	1000	2	2002	12	1	0	88	 	88	2
ET041042	1	8	7	1000	7	2001	77	1	0	88	 	88	1
ET041043	1	4	4	15000	3	2001	1	0	15000	4	2001	88	1
ET041043	2	10	16	3000	11	2001	5	1	0	88	 	11	1
ET041043	3	10	16	1500	11	2001	5	1	0	88	 	11	1
ET041043	4	10	16	1000	11	2001	5	1	0	88	 	11	1
ET041047	1	1	1	1500	10	1999	36	1	750	10	2000	9	1
ET041047	2	7	10	5000	10	2001	12	1	2500	3	2002	88	1
ET041048	1	7	8	2000	1	2001	24	1	1600	3	2002	88	1
ET051001	1	7	8	2000	1	2000	36	1	400	2	2002	88	2
ET051002	1	10	15	80	1	2002	6	1	0	88	 	11	2
ET051006	1	5	1	2000	9	1999	60	1	0	88	 	11	2
ET051007	1	7	4	2000	10	2000	48	1	0	88	 	11	2
ET051008	1	6	19	1500	10	2001	24	0	0	88	 	88	1
ET051010	1	7	4	2000	10	1999	36	1	1574.4	11	2001	88	2
ET051011	1	7	14	900	8	2000	36	1	420	8	2001	88	1
ET051014	1	6	2	1700	10	2001	48	1	0	88	 	88	1
ET051015	1	5	4	2000	10	2000	60	1	0	88	 	11	1
ET051016	1	7	8	675	10	1999	36	0	700	10	2001	88	1
ET051017	1	7	4	1500	11	1999	36	1	608	2	2002	88	1
ET051018	1	7	1	900	8	2000	36	1	422	5	2001	88	1
ET051022	1	10	2	200	11	2001	77	1	0	88	 	88	1
ET051024	1	7	3	1000	10	2001	36	1	0	88	 	88	1
ET051025	1	7	1	1800	7	2001	24	1	0	88	 	88	1
ET051026	1	4	11	300	11	2001	77	0	0	88	 	11	1
ET051028	1	7	19	1500	10	1999	36	1	609	1	2002	88	1
ET051030	1	5	1	2000	9	2001	48	1	0	88	 	88	1
ET051032	1	6	1	1500	4	2001	36	1	0	88	 	88	1
ET051032	2	6	1	540	4	2000	36	0	540	4	2002	88	1
ET051034	1	6	8	2000	10	2001	60	1	0	88	 	88	1
ET051035	1	6	1	2000	10	2000	60	1	50	10	2002	88	1
ET051036	1	7	1	1000	11	1998	36	0	1080	11	2001	88	1
ET051036	2	5	1	900	8	2000	12	0	936	8	2001	88	1
ET051036	3	6	1	2000	11	2001	36	1	0	88	 	8	1
ET051039	1	10	19	4000	10	2001	24	1	2000	12	2001	88	1
ET051040	1	10	2	2000	7	2001	77	1	350	1	2002	88	1
ET051041	1	6	1	1500	10	2000	12	1	592	10	2001	4	3
ET051042	1	7	19	1500	10	2000	36	1	1140	10	2000	88	1
ET051042	2	7	1	1750	10	2001	36	1	0	88	 	88	2
ET051043	1	10	7	300	1	2002	5	1	20	3	2002	88	1
ET051044	1	7	14	1500	10	1999	24	0	1800	10	2001	88	2
ET051045	1	7	1	2000	10	1999	36	1	1000	6	2001	88	5
ET051046	1	10	2	300	1	2002	4	1	100	4	2002	88	1
ET051048	1	7	12	1500	5	2000	36	1	500	9	2001	88	1
ET051049	1	7	1	950	9	1999	48	1	0	88	 	12	1
ET051049	2	5	1	440	1	1999	36	1	0	88	 	11	2
ET051050	1	7	4	1500	10	1999	36	1	0	88	 	3	1
ET061002	1	7	13	2400	8	2001	12	1	0	88	 	88	1
ET061002	2	1	10	100	10	2001	24	1	0	88	 	88	1
ET061003	1	7	1	2400	9	1999	36	1	0	88	 	12	1
ET061004	1	6	1	1500	8	2001	36	1	0	88	 	11	1
ET061004	2	2	1	80	1	2002	6	1	0	88	 	88	17
ET061005	1	7	14	2800	8	2001	12	1	0	88	 	88	1
ET061007	1	7	8	5000	10	2001	36	1	0	88	 	88	1
ET061008	1	7	1	900	9	1999	12	0	144	9	2000	88	1
ET061008	2	7	1	1200	9	2000	12	0	1392	9	2001	88	1
ET061008	3	7	18	2100	9	2001	12	1	0	88	 	88	1
ET061008	4	6	12	3000	10	1999	24	0	3120	10	2001	88	1
ET061008	5	6	8	4000	10	2001	48	1	0	88	 	88	1
ET061009	1	3	14	3500	10	1999	36	1	2700	7	2001	88	1
ET061009	2	3	14	5000	9	2001	36	1	0	88	 	88	1
ET061009	3	7	1	2600	9	2001	12	1	0	88	 	88	1
ET061010	1	7	1	1000	9	1998	12	0	1180	9	1999	88	2
ET061010	2	7	1	1000	9	1999	12	0	1180	9	2000	88	2
ET061010	3	7	1	1300	9	2000	12	0	1234	9	2001	88	2
ET061011	1	7	14	600	7	1998	12	0	690	7	1999	88	1
ET061011	2	7	14	1000	7	1999	12	0	1180	7	2000	88	1
ET061011	3	7	14	1700	7	2000	12	0	2007	7	2001	88	1
ET061011	4	7	14	2000	7	2001	12	1	0	88	 	88	1
ET061012	1	7	14	3000	8	2001	12	1	0	88	 	88	1
ET061012	2	7	14	2000	5	2000	12	1	0	88	 	88	1
ET061014	1	7	18	2500	8	2001	12	1	0	88	 	88	2
ET061015	1	7	14	3000	6	2001	12	1	0	88	 	88	1
ET061015	2	1	14	1800	6	2000	12	1	0	88	 	4	1
ET061015	3	1	1	250	2	2000	12	1	0	88	 	6	1
ET061016	1	7	1	2000	10	2000	12	0	2360	8	2000	88	2
ET061016	2	7	1	2000	8	2001	12	1	0	88	 	88	2
ET061018	1	2	1	1000	12	1999	36	1	0	88	 	88	1
ET061018	2	10	1	300	2	2001	1	0	300	3	2001	88	1
ET061019	1	2	1	1000	10	1998	36	1	0	88	 	8	1
ET061019	2	7	2	2000	8	2000	12	0	2364	8	2001	88	2
ET061019	3	7	2	2000	8	2001	12	1	0	88	 	88	2
ET061020	1	7	14	2000	9	2000	12	0	2060	8	2001	88	1
ET061020	2	7	14	2500	9	2001	12	1	200	3	2002	88	1
ET061021	1	2	1	152	11	2001	8	1	82	11	2001	88	1
ET061022	1	2	1	1350	1	2000	48	1	90	2	2002	88	1
ET061023	1	7	8	2000	8	2000	12	0	2400	8	2001	88	2
ET061023	2	7	4	2000	8	2001	12	1	0	88	 	88	2
ET061024	1	7	2	1000	7	2001	12	1	90	4	2001	88	1
ET061025	1	7	19	1500	9	2000	12	0	1500	8	2001	88	1
ET061026	1	2	1	800	9	1999	36	1	517.5	8	2001	2	1
ET061026	2	7	14	2800	9	2001	12	1	0	88	 	88	1
ET061028	1	7	14	3000	8	2001	12	1	0	88	 	88	1
ET061029	1	7	1	2200	9	2001	12	1	154	4	2002	88	2
ET061031	1	6	1	2500	10	2001	36	1	0	88	 	88	2
ET061033	1	7	15	3000	10	2001	12	1	0	88	 	88	1
ET061037	1	10	2	60	11	2001	6	0	60	4	2002	88	1
ET061038	1	6	14	1500	10	1999	36	1	420	6	2001	88	1
ET061038	2	7	14	800	6	1997	11	0	1100	5	1998	88	1
ET061038	3	7	14	1000	6	1998	11	0	1300	5	1999	88	1
ET061038	4	7	14	2000	6	1999	11	0	2600	5	2000	88	1
ET061038	5	7	14	2500	6	2000	11	0	3150	5	2001	88	1
ET061038	6	7	14	2000	6	2001	11	1	0	88	 	88	1
ET061039	1	7	14	700	9	1998	12	0	793	9	1999	88	1
ET061039	2	7	12	600	9	1999	12	0	693	9	2000	88	1
ET061039	3	7	14	2100	9	2000	12	0	2215	7	2001	88	1
ET061039	4	7	12	1100	9	2001	12	0	1115	2	2002	88	1
ET061040	1	8	19	700	4	2001	77	1	0	88	 	12	10
ET061041	1	7	14	2000	6	2001	12	1	0	88	 	88	16
ET061043	1	7	14	1600	7	2000	36	1	0	88	 	88	1
ET061043	2	2	1	300	11	2001	12	1	150	2	2002	88	1
ET061044	1	7	14	3000	8	2001	12	1	360	88	 	88	1
ET061044	2	7	14	1200	8	1997	12	0	1560	8	1998	88	1
ET061044	3	7	14	1500	8	1998	12	0	1950	8	1999	88	1
ET061044	4	7	14	1500	8	1999	12	0	1950	8	2000	88	1
ET061044	5	7	14	2000	8	2000	12	0	2600	8	2001	88	1
ET061046	1	1	1	300	10	2001	24	1	150	10	2001	88	1
ET061046	2	10	2	60	11	2001	4	1	0	88	 	12	1
ET061046	3	10	1	30	11	2001	4	1	30	3	2002	88	1
ET061047	1	8	10	1000	2	2002	77	0	1000	2	2002	88	1
ET061050	1	10	1	2000	2	2002	3	1	0	88	 	88	1
ET061050	2	7	14	2500	8	1998	12	0	2800	8	1999	88	1
ET061050	3	7	4	2500	8	1999	12	0	2800	8	2000	88	1
ET061050	4	7	1	3000	8	2000	12	0	3480	8	2001	88	1
ET061050	5	7	1	2300	8	2001	12	1	0	88	 	88	1
ET061050	6	2	1	180	10	1998	12	0	190	6	1999	88	1
ET061050	7	2	1	194	10	1999	12	0	205	6	2000	88	1
ET061050	8	2	1	198	10	2000	12	0	212.5	6	2001	88	1
ET061051	1	7	14	1600	8	1997	12	0	1888	8	1998	88	1
ET061051	2	7	14	2000	8	1998	12	0	2360	8	1999	88	1
ET061051	3	7	14	2000	8	1999	12	0	2360	8	2000	88	1
ET061051	4	7	14	2000	8	2000	12	0	2360	8	2001	88	1
ET061051	5	7	14	3000	8	2001	12	1	0	88	 	88	1
ET061052	1	7	4	3000	7	2001	12	1	0	88	 	88	1
ET061054	1	6	14	5000	10	2001	36	0	4500	10	2001	88	7
ET061056	1	6	8	2000	8	2001	48	1	0	88	 	88	1
ET061056	2	6	14	1500	9	1999	48	1	1125	3	2001	88	1
ET061057	1	7	2	1000	7	2001	12	1	0	88	 	88	1
ET061057	2	7	2	750	9	1999	10	0	885	7	2000	88	1
ET061057	3	7	2	1000	7	2000	12	0	1180	7	2001	88	1
ET061058	1	6	14	1500	4	1999	36	0	405	7	2001	3	1
ET061058	2	3	14	3000	9	2000	36	1	0	88	 	88	1
ET071004	1	7	8	1400	7	2000	36	1	930	6	2000	88	1
ET071004	2	6	12	1000	6	2001	12	1	0	88	 	88	1
ET071005	1	6	14	1500	8	2000	18	1	500	7	2001	6	1
ET071006	1	7	1	3000	6	2001	12	1	0	88	 	88	1
ET071008	1	8	8	1000	11	2001	1	1	500	88	 	2	1
ET071010	1	7	4	2000	6	2000	12	0	2300	6	2001	88	1
ET071010	2	7	4	2000	6	2001	12	1	0	88	 	88	1
ET071011	1	1	3	4580	11	2000	36	1	0	11	2001	88	2
ET071015	1	7	1	700	10	1998	24	1	260	1	2000	4	1
ET071018	1	6	1	1500	9	2001	36	1	0	88	 	88	2
ET071018	2	4	2	500	1	2002	77	1	0	88	 	2	2
ET071019	1	7	19	1600	6	2000	12	0	1600	6	2001	88	1
ET071020	1	6	19	1000	8	2001	36	1	0	88	 	88	1
ET071022	1	4	8	400	9	2001	2	1	0	88	 	4	1
ET071024	1	7	1	600	6	2001	12	1	72	1	2002	88	1
ET071029	1	6	16	2000	1	2000	48	1	0	88	 	88	1
ET071029	2	6	16	1500	1	1999	36	1	550	8	2001	2	1
ET071031	1	6	19	1500	3	2000	24	1	0	88	 	2	1
ET071034	1	7	2	1500	9	2000	12	1	0	88	 	2	1
ET071037	1	8	16	3000	1	2002	36	1	0	88	 	88	2
ET071039	1	6	8	1000	7	2000	36	1	0	88	 	88	1
ET071040	1	4	2	2000	8	2001	12	1	0	88	 	88	1
ET071041	1	6	14	1500	9	2000	36	1	500	9	2001	88	1
ET071042	1	1	1	5000	8	2000	36	1	2035.5	8	2001	88	2
ET071042	2	2	2	200	1	2002	3	1	6	2	2002	88	2
ET071043	1	6	12	1000	7	1997	60	1	880	7	2001	88	1
ET071047	1	7	8	1200	4	1998	24	0	1800	4	2000	88	1
ET071047	2	6	1	1000	7	2000	12	0	1050	7	2001	88	1
ET071047	3	4	6	1000	6	2001	77	1	0	88	 	88	1
ET071047	4	7	1	1200	6	2000	12	1	0	88	 	2	1
ET071048	1	7	15	3000	7	2001	36	1	150	1	2002	88	1
ET071049	1	6	1	1300	5	1997	36	0	1325	5	1998	88	1
ET071049	2	7	14	900	7	1997	36	0	1035	6	2000	88	1
ET071050	1	7	1	1000	8	1999	36	1	0	88	 	88	2
ET081002	1	2	1	2110	9	1999	88	1	0	88	 	8	1
ET081002	2	9	2	100	11	2001	3	1	0	88	 	8	2
ET081003	1	8	1	200	2	2002	1	1	0	88	 	11	1
ET081003	2	10	2	50	4	2000	1	0	50	5	2000	88	1
ET081003	3	8	7	100	11	2001	1	0	100	12	2001	88	2
ET081006	1	4	4	500	8	2000	5	0	600	3	2001	8	1
ET081009	1	7	6	100	1	2002	1	0	100	1	2002	88	1
ET081009	2	10	1	200	2	2002	1	1	0	88	 	11	1
ET081010	1	10	7	120	1	2002	1	1	0	88	 	6	1
ET081010	2	8	14	300	7	1999	88	1	0	88	 	77	1
ET081010	3	10	2	100	1	2001	88	1	0	88	 	77	1
ET081011	1	10	9	300	10	2001	3	0	300	1	2002	88	1
ET081012	1	9	10	600	11	2001	1	0	600	12	2001	88	2
ET081013	1	8	8	1200	1	2001	12	1	0	88	 	11	2
ET081014	1	5	1	900	5	1997	12	0	900	3	1999	4	1
ET081014	2	10	8	500	8	1999	12	0	500	12	1999	88	1
ET081015	1	10	6	90	7	1997	9	0	90	6	1998	88	2
ET081015	2	9	2	200	5	1998	7	0	200	2	1999	88	2
ET081016	1	5	1	1000	2	2000	60	1	400	2	2000	8	1
ET081016	2	5	1	1000	2	2000	60	1	600	77	2001	8	1
ET081017	1	8	1	200	1	2002	1	0	200	2	2002	88	1
ET081018	1	8	7	400	6	2001	77	1	200	1	2002	88	2
ET081018	2	8	7	250	12	2001	3	1	0	88	 	88	2
ET081019	1	8	1	900	8	1997	36	0	900	10	2000	88	1
ET081019	2	10	6	400	2	1999	3	0	400	3	1999	88	1
ET081019	3	5	10	2003	7	2000	24	1	1308	11	2001	8	1
ET081019	4	10	2	450	12	2000	3	1	0	3	2001	88	1
ET081020	1	7	1	2800	7	1999	12	1	0	88	 	2	2
ET081020	2	10	2	650	12	2001	4	1	0	88	 	8	2
ET081022	1	2	14	1200	2	1998	36	0	1200	2	2001	88	1
ET081022	2	10	10	1000	2	2001	0	0	1000	3	2001	88	1
ET081023	1	5	1	2500	8	2000	12	1	0	88	 	3	1
ET081023	2	2	8	160	7	1999	10	0	160	6	2000	88	1
ET081023	3	10	2	200	4	1999	2	0	200	6	1999	88	2
ET081023	4	10	11	150	3	2001	0	0	150	3	2001	88	2
ET081023	5	10	8	100	3	2001	0	0	100	3	2001	88	2
ET081025	1	4	1	600	5	2001	5	0	600	10	2001	88	1
ET081025	2	10	6	400	12	2001	5	1	0	88	 	8	1
ET081026	1	1	1	150	10	2001	6	1	0	88	 	2	1
ET081026	2	8	6	800	3	2001	1	1	0	88	 	11	1
ET081026	3	7	1	2850	10	1999	12	1	0	88	 	1	1
ET081027	1	10	18	400	6	2001	12	1	200	6	2002	8	2
ET081027	2	8	3	300	10	2001	2	0	300	1	2002	88	2
ET081027	3	9	4	300	12	2000	3	0	300	3	2001	88	2
ET081027	4	5	1	2500	8	1998	0	1	0	88	 	8	1
ET081028	1	9	7	2600	11	1999	2	1	200	1	2000	11	1
ET081029	1	7	1	2500	8	1998	12	1	0	88	 	4	1
ET081029	2	8	1	60	9	2001	1	0	60	10	2001	88	1
ET081029	3	10	2	200	8	2001	12	1	0	88	 	2	1
ET081029	4	4	2	100	12	2000	1	0	100	2	2001	88	2
ET081030	1	10	2	400	12	2001	3	1	0	88	 	11	1
ET081030	2	8	2	800	10	2001	6	1	0	88	 	11	1
ET081030	3	10	17	600	2	2002	5	1	0	88	 	11	1
ET081031	1	9	2	200	10	2001	4	0	200	2	2002	88	1
ET081031	2	10	7	100	8	2001	1	0	100	9	2001	88	1
ET081031	3	10	2	95	8	2001	2	1	0	88	 	11	1
ET081033	1	7	1	2500	7	1998	36	1	0	88	 	11	2
ET081033	2	5	1	306	3	1998	12	0	306	5	2000	88	2
ET081034	1	8	2	160	11	2001	5	1	0	88	 	8	2
ET081035	1	9	4	50	11	2001	80	1	0	88	 	88	1
ET081035	2	9	4	40	1	2002	3	1	0	88	 	8	1
ET081035	3	10	4	100	2	2002	88	1	0	88	 	88	1
ET081035	4	10	10	70	1	2002	1	0	70	2	2002	88	1
ET081037	1	10	7	50	2	2002	1	1	0	88	 	11	2
ET081037	2	10	6	300	4	1999	3	0	300	2	2000	88	1
ET081038	1	8	4	160	1	2002	1	0	160	2	2002	88	2
ET081039	1	10	4	150	12	2001	0	1	0	88	 	11	1
ET081039	2	10	4	50	9	2001	1	1	0	88	 	11	1
ET081039	3	10	4	100	2	2002	1	0	100	2	2002	88	1
ET081039	4	8	4	300	3	2002	10	1	0	88	 	8	1
ET081039	5	8	2	2000	2	1999	3	0	2000	2	1999	88	2
ET081040	1	8	2	100	12	2001	1	0	100	1	2002	88	1
ET081040	2	10	2	200	1	2002	2	1	0	88	 	11	2
ET081042	1	10	6	300	3	2000	1	0	300	7	2000	88	2
ET081043	1	8	16	300	1	2002	1	0	300	2	2002	88	1
ET081043	2	5	1	2500	10	1999	77	1	0	88	 	88	1
ET081045	1	9	7	230	5	1999	1	0	230	6	1999	88	2
ET081045	2	10	2	50	5	2000	1	0	50	6	2000	88	2
ET081046	1	8	13	150	11	2001	77	0	150	1	2002	88	2
ET081047	1	9	6	150	1	2002	4	1	0	88	 	6	2
ET081047	2	9	17	200	11	2001	1	1	0	88	 	88	1
ET081049	1	1	14	1420	9	1999	77	1	0	88	 	8	1
ET081050	1	10	7	200	9	2001	2	0	200	11	2001	88	1
ET091001	1	5	2	250	10	1998	6	0	300	4	1999	88	1
ET091002	1	7	3	1500	5	2000	12	0	1500	5	2001	88	2
ET091002	2	7	1	600	11	2001	12	1	600	88	 	8	2
ET091002	3	9	1	800	5	2001	77	0	800	10	2001	88	2
ET091003	1	7	1	2500	9	1997	77	1	2500	88	 	2	2
ET091005	1	7	1	700	11	2001	7	1	0	88	 	88	3
ET091005	2	10	1	120	5	2001	77	0	120	2	2002	88	3
ET091005	3	10	15	88	1	2002	77	0	88	3	2002	88	3
ET091006	1	8	4	50	1	2002	77	0	50	1	2002	88	1
ET091007	1	7	8	3000	8	2000	10	0	3315	4	2001	88	2
ET091007	2	7	19	1700	11	2001	6	1	0	88	 	11	2
ET091007	3	7	19	1000	8	1999	12	0	1105	8	2000	88	2
ET091007	4	7	19	800	9	1998	12	0	880	9	1999	88	2
ET091007	5	7	19	374	9	1997	12	0	409	9	1999	88	2
ET091008	1	8	2	50	4	2002	77	1	0	88	 	2	2
ET091009	1	8	1	1000	1	2001	2	1	500	3	2001	2	1
ET091011	1	7	1	400	10	2001	7	1	0	88	 	8	2
ET091012	1	8	3	1900	6	2001	77	1	0	88	 	6	6
ET091012	2	8	1	1000	6	2001	77	1	0	88	 	6	6
ET091012	3	7	1	10000	3	2001	12	0	11000	2	2002	88	6
ET091012	4	7	1	5000	3	2000	12	0	5000	2	2001	88	6
ET091013	1	7	19	700	3	1997	12	0	772.5	3	1998	88	2
ET091013	2	7	19	800	7	1998	12	0	884	7	1998	88	2
ET091013	3	7	19	1000	7	1999	12	0	1106	7	2000	88	2
ET091013	4	7	19	200	6	2000	12	0	2210	6	2001	88	2
ET091013	5	7	19	700	9	2001	12	1	0	88	 	11	2
ET091014	1	10	1	1000	5	1999	1	0	1000	6	1999	88	3
ET091014	2	10	1	400	1	2002	2	0	400	3	2002	88	3
ET091015	1	8	1	400	11	2001	6	1	88	88	 	11	2
ET091015	2	7	1	900	11	2001	6	1	200	2	2002	8	4
ET091016	1	10	7	500	12	2001	3	0	500	3	2002	88	1
ET091016	2	7	1	400	7	1998	12	0	400	5	1999	88	1
ET091016	3	7	1	400	11	2001	12	0	0	88	 	8	2
ET091016	4	7	1	900	11	2001	7	0	977	4	2002	88	0
ET091018	1	7	1	2200	6	2000	12	0	2200	6	2001	88	16
ET091018	2	7	1	1200	9	1998	12	0	1200	9	1999	88	16
ET091018	3	7	1	700	11	2001	12	1	0	88	 	8	16
ET091018	4	9	2	50	11	2001	6	1	0	88	 	8	16
ET091018	5	10	2	100	5	2001	10	0	100	3	2002	88	16
ET091018	6	9	2	40	10	2001	6	1	0	88	 	8	16
ET091019	1	6	1	2000	4	2000	12	0	2210	6	2001	88	2
ET091019	2	6	1	700	11	2001	88	1	0	88	 	2	2
ET091019	3	7	1	700	5	2000	12	0	735	5	2001	88	5
ET091020	1	8	2	1000	1	2002	2	0	1000	3	2002	88	1
ET091020	2	4	1	200	10	2002	6	0	300	3	2002	88	1
ET091020	3	4	1	800	10	2001	77	0	1600	4	2002	88	1
ET091021	1	7	1	408	10	1997	6	0	408	4	1998	88	1
ET091021	2	9	1	30	11	2000	7	0	35	6	2001	88	1
ET091021	3	9	1	25	12	2001	6	1	0	88	 	2	1
ET091021	4	8	1	100	10	2001	1	0	100	11	2001	88	1
ET091022	1	2	1	840	11	2000	6	0	840	4	2001	88	1
ET091022	2	8	7	750	1	2000	4	0	750	4	2000	88	1
ET091023	1	5	1	800	10	1999	77	1	217	10	2000	88	2
ET091026	1	7	1	2000	5	2000	12	0	2200	5	2001	88	2
ET091026	2	7	1	200	8	2001	12	1	-88	88	 	8	2
ET091027	1	4	1	100	12	1998	4	0	200	3	1999	88	1
ET091027	2	8	1	300	1	1999	3	0	300	4	1999	88	2
ET091029	1	10	1	500	11	2001	88	0	500	3	2002	88	1
ET091029	2	7	1	500	11	1997	88	0	500	4	1998	88	2
ET091030	1	7	1	700	7	2001	12	0	750	4	2002	88	1
ET091030	2	10	16	100	12	2001	2	0	100	2	2002	88	1
ET091031	1	7	1	400	6	1997	12	0	400	6	1998	88	2
ET091031	2	7	1	600	7	1998	12	0	600	6	1999	88	2
ET091031	3	7	1	1500	7	1999	12	0	1500	6	2000	88	2
ET091031	4	7	1	600	11	2001	12	1	0	88	 	8	2
ET091032	1	7	19	5000	3	2000	12	0	5500	3	2001	88	2
ET091032	2	7	19	9000	3	2001	12	0	9900	3	2002	88	2
ET091034	1	7	1	2500	8	2000	8	1	0	88	 	2	2
ET091035	1	7	1	900	12	2001	6	1	0	88	 	8	2
ET091035	2	2	1	600	10	2000	6	0	770	6	2001	11	1
ET091035	3	2	1	560	10	1999	6	0	640	4	2000	88	1
ET091036	1	1	1	450	6	1997	10	0	450	3	1998	88	1
ET091036	2	9	7	400	8	2001	1	0	400	9	2001	88	1
ET091038	1	7	19	1300	10	2000	12	0	1960	7	2001	88	2
ET091038	2	7	19	1700	10	2001	12	1	0	88	 	11	2
ET091039	1	10	1	300	11	2001	2	0	300	3	2002	11	1
ET091040	1	2	1	240	11	2001	6	0	247	8	2001	2	2
ET091040	2	2	1	535	11	2000	10	0	605	8	2001	88	2
ET091043	1	2	1	800	10	1999	6	0	800	4	2000	88	1
ET091043	2	2	1	800	10	1998	6	0	800	4	1999	88	1
ET091044	1	6	1	1500	12	1998	6	0	1500	4	1999	88	1
ET091044	2	6	1	2000	9	1999	6	0	2000	2	2000	88	1
ET091044	3	6	1	2500	9	2000	9	0	2500	5	2001	88	1
ET091044	4	6	1	2500	10	2001	9	1	0	88	 	8	1
ET091044	5	8	2	100	10	2001	1	0	100	11	2001	88	1
ET091045	1	7	1	2500	7	1998	88	1	500	7	2001	2	1
ET091045	2	2	1	360	11	1999	12	1	0	88	 	2	1
ET091045	3	7	1	400	11	2001	6	1	0	88	 	88	2
ET091046	1	6	7	250	8	1998	2	0	250	10	1998	88	1
ET091046	2	8	7	500	8	1998	1	0	500	9	1998	88	1
ET091048	1	4	2	200	11	1998	4	0	400	3	1999	88	2
ET091049	1	5	1	360	9	1999	88	1	0	88	 	8	1
ET091049	2	10	8	1100	11	2001	3	1	600	2	2002	2	1
ET101001	1	7	8	500	9	1998	12	0	532	9	1999	88	2
ET101001	2	7	8	700	4	2000	12	0	741.15	4	2001	88	2
ET101001	3	7	19	1500	1	2001	12	0	1545	1	2002	88	1
ET101002	1	8	7	15000	5	2001	77	1	0	88	 	11	1
ET101002	2	7	4	4000	5	2001	24	1	1500	2	2002	88	2
ET101002	3	10	4	6000	4	2001	77	0	6000	10	2001	88	2
ET101003	1	7	8	1700	5	2001	12	1	1600	3	2002	88	2
ET101004	1	10	8	4000	4	1999	12	0	4000	4	2000	88	1
ET101005	1	7	4	2500	5	2001	12	1	2511	2	2002	88	2
ET101005	2	4	4	3000	4	2001	6	1	4800	9	2001	88	2
ET101006	1	10	2	100	3	2002	77	1	0	88	 	88	2
ET101008	1	8	4	100	12	2001	77	0	100	2	2002	88	2
ET101009	1	10	19	5000	3	2000	2	0	5000	5	2000	88	1
ET101009	2	10	19	4000	7	2000	2	0	4000	4	2000	88	1
ET101009	3	10	19	4000	3	2001	1	0	4000	4	2001	88	1
ET101009	4	10	19	5000	7	2001	3	0	5000	10	2001	88	1
ET101010	1	8	13	130	2	2001	77	1	130	88	 	9	10
ET101010	2	10	3	500	2	2001	9	1	500	88	 	9	10
ET101011	1	6	8	3000	3	1998	24	0	3200	2	2000	88	1
ET101011	2	6	1	4000	6	2001	24	1	3100	3	2002	88	2
ET101011	3	6	7	3450	1	2002	24	1	0	3	2002	88	1
ET101011	4	10	7	3000	2	2002	24	1	0	88	 	88	2
ET101012	1	7	8	10000	2	1999	24	1	5000	2	2002	12	2
ET101012	2	8	19	2700	10	2001	12	1	1140	2	2002	88	2
ET101015	1	7	3	1000	4	2000	12	1	1030	3	2001	88	2
ET101015	2	10	2	200	12	2001	77	1	200	1	2002	88	2
ET101015	3	10	2	50	1	2002	77	1	0	88	 	12	2
ET101017	1	10	19	100	1	2002	1	0	100	2	2002	88	2
ET101017	2	7	13	2000	4	1999	12	0	2000	3	2000	88	2
ET101018	1	7	19	900	4	1998	12	0	1000	2	1999	88	2
ET101018	2	7	19	1800	4	1999	12	0	2000	3	2000	88	2
ET101018	3	7	19	2700	4	2000	12	0	3000	3	2001	88	2
ET101018	4	7	19	2700	9	2001	8	1	2000	2	2002	88	2
ET101019	1	7	8	900	8	1996	8	0	1000	3	1997	88	5
ET101019	2	7	8	1700	8	1997	8	0	1870	3	1998	88	5
ET101019	3	7	2	1900	8	1998	8	0	2090	3	1999	88	5
ET101019	4	7	2	900	8	1999	8	0	1000	3	2000	88	5
ET101019	5	7	2	1400	8	2000	8	0	1540	3	2001	88	5
ET101019	6	7	2	4400	8	2001	8	0	3340	2	2002	88	5
ET101020	1	7	8	1500	1	1998	10	0	1500	10	1998	88	1
ET101020	2	10	8	2555	10	2001	6	1	0	88	 	8	1
ET101021	1	7	13	1000	3	1999	10	0	1000	1	2000	88	2
ET101022	1	7	19	1800	7	2000	12	0	2000	9	2000	88	2
ET101022	2	7	19	3000	7	2001	12	1	2600	2	2002	88	2
ET101022	3	6	19	2500	12	2002	8	1	2000	3	2002	88	2
ET101023	1	7	19	500	10	1988	12	0	500	9	1999	88	2
ET101023	2	7	19	700	11	1999	12	0	700	10	2000	88	2
ET101024	1	10	15	250	2	2001	6	1	0	88	 	11	1
ET101024	2	10	2	300	12	2000	4	0	300	6	2001	88	1
ET101025	1	4	10	15000	9	1999	2	1	16500	9	2002	8	3
ET101025	2	4	2	5000	12	2001	5	1	750	3	2002	88	3
ET101027	1	4	19	3000	1	1999	3	0	3675	4	1999	88	1
ET101028	1	7	8	900	8	1996	8	0	1000	3	1997	88	3
ET101028	2	7	10	1700	8	1997	8	0	1870	3	1998	88	3
ET101028	3	7	2	1900	8	1998	8	0	2090	3	1999	88	3
ET101028	4	7	2	900	8	1999	8	0	1000	3	2000	88	3
ET101028	5	7	2	1400	8	2000	8	0	1540	3	2001	88	3
ET101028	6	7	2	4400	8	2001	8	1	3340	2	2002	88	3
ET101029	1	7	1	700	3	1997	12	0	980	3	1998	88	2
ET101031	1	7	1	1800	10	2001	10	1	1200	2	2002	88	1
ET101032	1	10	7	500	1	1997	77	1	2400	2	2002	88	1
ET101032	2	6	2	1701	2	2001	24	1	1200	2	2002	88	1
ET101033	1	7	2	1000	5	1999	12	0	1030	5	2000	88	2
ET101033	2	4	8	10000	9	1999	77	1	2000	88	 	8	2
ET101033	3	4	8	4000	4	1998	77	1	0	88	 	8	2
ET101034	1	6	10	990.94	6	1999	24	0	990.94	10	2001	88	1
ET101035	1	10	13	100	9	2001	1	0	100	88	 	88	2
ET101035	2	10	13	500	10	2000	1	0	500	88	 	88	1
ET101036	1	6	10	1176	2	1997	60	1	1176	2	2002	88	1
ET101037	1	8	8	3000	4	1999	6	0	3000	3	2000	12	5
ET101038	1	10	2	3000	11	2000	5	1	2000	1	2002	6	1
ET101038	2	6	10	1385.87	7	1996	60	0	1385.87	8	2001	88	1
ET101040	1	6	2	6000	1	2002	10	1	1800	3	2002	88	3
ET101040	2	10	16	500	8	2001	1	1	500	9	2001	88	3
ET101042	1	7	8	3000	2	1999	24	0	3000	2	2001	88	1
ET101042	2	7	15	2000	3	2001	24	1	1000	2	2002	88	1
ET101044	1	6	8	3000	9	1998	24	0	3300	9	2000	88	2
ET101044	2	6	2	1500	1	2001	24	0	1515	2	2002	88	2
ET101045	1	7	13	500	3	1999	12	0	500	3	2000	88	2
ET101045	2	7	3	2000	3	2002	12	1	104	3	2002	88	2
ET101047	1	5	6	1800	11	1998	36	0	1000	10	2001	8	1
ET101049	1	4	8	1500	3	1998	1	0	1500	3	1998	88	1
ET101049	2	4	8	2000	4	2000	36	1	0	88	 	88	1
ET111001	1	7	1	750	11	2000	8	0	800	4	2002	88	2
ET111001	2	7	1	1000	10	2001	12	0	1260	3	2002	88	2
ET111001	3	5	10	2768	3	2000	24	0	2768	2	2002	88	1
ET111002	1	7	4	1000	5	1997	12	0	1300	5	1998	88	1
ET111002	2	7	17	1270	5	1998	12	0	1745	5	1999	88	1
ET111002	3	7	2	1270	5	1999	12	0	1745	5	2000	88	1
ET111002	4	7	17	1270	5	2000	12	0	1745	5	2001	88	1
ET111002	5	7	17	1270	5	2001	12	1	1745	4	2002	88	1
ET111002	6	5	10	2762.62	4	2000	24	1	224	3	2002	88	1
ET111003	1	10	1	1000	11	2001	6	1	0	88	 	8	1
ET111003	2	5	10	2765	4	1999	36	1	1800	6	2001	8	1
ET111004	1	1	1	400	9	2000	6	0	500	4	2001	88	1
ET111004	2	7	1	750	6	2001	12	0	802	4	2002	88	1
ET111004	3	5	10	276.8	2	2001	24	0	276.8	3	2002	88	1
ET111004	4	1	1	1550	10	1998	6	0	1575	4	1999	88	1
ET111005	1	7	1	1000	5	2001	12	1	500	4	2002	88	2
ET111005	2	5	10	2780	7	1999	24	1	1780	4	2002	88	1
ET111005	3	10	11	200	12	2001	12	1	0	88	 	88	1
ET111006	1	7	2	875	6	2001	12	1	576	4	2002	88	2
ET111006	2	7	2	750	10	2000	12	0	808	10	2001	88	2
ET111007	1	7	12	1200	8	2001	12	1	126	11	2001	88	16
ET111007	2	7	12	1100	8	2000	12	0	1230	8	2001	88	16
ET111007	3	1	1	231	10	2000	6	0	345	4	2001	88	16
ET111007	4	5	10	2780	4	2000	24	1	2740	4	2002	88	16
ET111008	1	5	10	2700	7	2000	12	1	1300	7	2001	88	1
ET111008	2	7	10	2000	8	1999	12	0	2400	8	2000	88	1
ET111008	3	5	10	6700	2	2002	8	1	2200	4	2002	88	1
ET111009	1	5	10	2065	4	2001	24	1	200	4	2002	88	1
ET111010	1	1	1	700	11	2000	6	0	700	4	2001	88	1
ET111010	2	5	10	2600	5	2000	24	1	2435	5	2002	8	1
ET111011	1	10	1	2000	10	2001	8	1	0	88	 	8	1
ET111011	2	5	10	2800	5	2000	24	1	2000	3	2002	8	1
ET111012	1	7	8	1000	9	2000	12	0	1300	5	2001	88	2
ET111012	2	5	10	2200	4	2000	24	1	2000	4	2002	88	1
ET111013	1	5	10	2700	4	1999	24	1	2000	4	2002	11	1
ET111013	2	7	1	5000	7	2001	12	1	0	88	 	88	2
ET111013	3	1	1	1000	10	2000	12	0	1000	5	2001	88	1
ET111015	1	7	1	4000	7	2001	12	1	0	7	2002	8	2
ET111015	2	7	1	3000	7	2000	12	0	4440	7	2001	88	2
ET111015	3	5	10	2600	5	2001	24	1	1274	5	2002	8	2
ET111016	1	1	1	756.55	11	2000	6	0	756.55	4	2001	88	1
ET111016	2	5	10	2066	5	2000	24	1	1366	5	2002	88	1
ET111016	3	7	14	1200	5	1998	12	0	1632	5	1999	88	1
ET111017	1	7	4	500	6	1999	12	0	650	5	2000	88	1
ET111017	2	7	4	1000	6	2000	12	0	1300	5	2001	88	1
ET111017	3	7	4	1000	6	2001	12	1	600	4	2002	88	1
ET111018	1	5	10	2300	3	2001	24	1	2200	4	2002	11	1
ET111019	1	6	10	2265.07	3	2000	24	1	2093.07	4	2002	11	1
ET111019	2	7	1	1300	8	2002	12	0	1300	4	2002	88	1
ET111020	1	5	1	1740	6	2000	12	0	2240	4	2001	88	2
ET111020	2	5	1	2400	6	2001	12	1	0	88	 	11	2
ET111020	3	10	15	500	11	2002	5	0	500	4	2002	88	2
ET111020	4	5	10	2439.5	8	2000	24	1	1990.93	4	2002	88	1
ET111021	1	7	14	1300	5	1998	12	0	13000	5	1999	88	1
ET111021	2	4	2	300	10	2000	12	0	300	9	2001	88	1
ET111021	3	5	10	2700	6	1999	36	1	2000	4	2002	88	1
ET111023	1	7	18	300	5	1999	12	0	300	88	 	88	2
ET111024	1	7	4	1100	6	2001	12	1	570	4	2002	88	1
ET111024	2	7	4	700	6	2000	12	0	770	4	2001	88	1
ET111024	3	5	10	2040	10	2000	24	1	1400	4	2001	11	1
ET111025	1	5	10	2065	5	2000	24	0	2065	5	2002	88	1
ET111025	2	1	1	1000	11	2002	6	0	1000	4	2001	88	1
ET111027	1	5	8	7000	1	1998	36	0	7000	1	2000	88	8
ET111028	1	7	1	2000	8	2001	12	1	0	88	 	88	1
ET111028	2	5	10	2730	5	2000	24	1	2500	4	2002	88	1
ET111028	3	1	1	900	10	2000	12	0	900	5	2001	88	1
ET111029	1	10	1	400	10	2001	6	0	400	88	 	88	6
ET111029	2	5	13	2764	4	2000	24	0	2764	1	2002	88	1
ET111030	1	7	1	950	4	1997	12	0	1200	3	2000	88	1
ET111030	2	10	1	1000	9	2001	12	1	0	8	2002	12	1
ET111031	1	7	1	1000	8	1998	12	0	1150	7	1999	88	1
ET111031	2	5	10	2765.8	4	2000	24	1	2165	10	2001	88	1
ET111032	1	1	1	2000	11	2000	6	0	2000	6	2001	88	2
ET111032	2	1	1	2000	10	1999	5	0	2000	3	2000	88	1
ET111033	1	7	2	450	6	1999	12	0	640	6	2000	88	2
ET111033	2	7	2	760	6	2000	12	0	1200	6	2001	88	2
ET111033	3	7	2	850	6	2001	12	0	1300	4	2002	88	2
ET111033	4	5	10	2700	2	2000	24	0	2700	2	2002	88	1
ET111034	1	1	1	3600	10	1997	10	0	3600	6	1998	88	1
ET111034	2	1	1	4200	10	1998	11	0	4200	7	1999	88	1
ET111034	3	1	1	6800	10	1999	11	0	6800	7	2000	88	1
ET111034	4	1	1	8100	10	2000	10	0	8100	6	2001	88	1
ET111034	5	10	1	2700	2	2002	5	1	0	88	 	88	1
ET111034	6	10	10	2422.01	4	2000	12	0	2422.01	4	2002	88	1
ET111035	1	5	10	2768.62	6	2000	24	1	605.34	2	2001	11	3
ET111036	1	7	1	750	7	2001	12	1	500	6	2002	8	3
ET111038	1	1	1	500	10	1998	7	0	560	5	1999	88	1
ET111038	2	1	1	842	10	1999	7	0	930	5	2000	88	1
ET111038	3	1	1	602	10	2000	7	0	670	5	2001	88	1
ET111038	4	5	10	2700	4	1999	24	0	2700	2	2002	88	1
ET111040	1	7	1	1000	9	2001	12	1	800	2	2002	8	1
ET111040	2	1	1	2490	10	2002	12	0	0	88	 	88	1
ET111040	3	5	13	2760	4	2002	24	1	2460	4	2002	8	1
ET111041	1	7	1	2000	6	2000	12	0	2600	5	2001	88	20
ET111041	2	7	1	2000	6	2001	12	1	240	1	2002	88	20
ET111041	3	3	10	2600	2	2002	77	1	2000	3	2002	88	20
ET111042	1	7	1	500	7	1998	12	0	700	6	1998	88	2
ET111042	2	7	1	700	7	1999	12	0	1000	6	2000	88	2
ET111042	3	1	1	480	10	1997	9	0	480	5	1998	88	1
ET111042	4	5	10	2048	3	2000	24	1	1248	4	2002	88	1
ET111043	1	7	1	1200	5	1995	12	0	1335	5	1996	88	1
ET111043	2	7	1	1400	5	1996	12	0	1561	5	1997	88	1
ET111043	3	7	1	1600	5	1997	12	0	1784	5	1998	88	1
ET111043	4	5	10	2768	2	2000	36	1	1768	9	2001	2	1
ET111044	1	10	8	150	6	2001	3	0	150	8	2001	88	1
ET111045	1	7	2	450	8	1997	12	0	630	8	1998	88	2
ET111045	2	7	2	650	8	1998	12	0	820	8	1999	88	2
ET111045	3	7	2	950	8	1999	12	0	1116	8	2000	88	2
ET111045	4	7	2	1400	8	2000	12	0	1600	8	2001	88	2
ET111045	5	7	2	2350	8	2001	12	1	1800	4	2002	88	2
ET111045	6	5	10	27606	4	2000	24	1	24306	4	2002	12	3
ET111046	1	1	1	418	10	1999	10	0	418	5	2000	88	1
ET111046	2	7	2	640	5	2001	10	0	750	4	2001	88	1
ET111046	3	7	2	1620	10	2001	12	1	354	5	2002	88	1
ET111047	1	5	10	2760	6	2001	24	1	2584	4	2002	88	1
ET111048	1	7	1	2400	5	1997	12	0	2640	4	1998	88	1
ET111048	2	7	1	2700	5	1998	12	0	2970	4	1999	88	1
ET111048	3	7	1	3000	5	1999	12	0	3300	4	2000	88	1
ET111048	4	7	1	3300	5	2000	12	0	3630	4	2001	88	1
ET111048	5	7	1	3800	5	2001	12	0	0	88	 	8	1
ET121001	1	6	19	1500	4	2001	1	1	1000	11	2001	6	2
ET121001	2	6	1	1000	11	2001	24	1	0	88	 	88	2
ET121004	1	8	2	4000	2	2002	2	1	-88	88	 	8	1
ET121004	2	8	1	600	11	2000	5	0	600	3	2001	88	1
ET121005	1	8	2	100	10	2001	7	1	0	88	 	88	1
ET121007	1	5	1	1000	4	2000	60	1	0	88	 	88	3
ET121009	1	8	2	500	2	2002	6	1	0	88	 	88	1
ET121009	2	8	10	1000	3	1997	12	0	1000	2	1998	88	2
ET121010	1	2	1	900	11	2001	12	1	0	88	 	88	1
ET121010	2	10	4	500	11	2000	5	0	500	4	2001	88	1
ET121010	3	10	4	500	11	1998	5	0	500	4	1999	88	1
ET121010	4	10	4	500	11	1997	5	0	500	4	1998	88	1
ET121011	1	10	1	1000	11	2001	77	1	500	3	2002	88	1
ET121011	2	10	1	2000	11	1999	77	0	2000	3	2000	88	1
ET121012	1	10	2	200	2	2001	3	0	200	5	2001	88	1
ET121012	2	8	8	100	5	2001	7	0	100	12	2001	88	1
ET121014	1	8	7	200	5	2001	77	0	200	1	2002	88	1
ET121014	2	8	1	300	11	2001	77	0	300	1	2002	88	1
ET121014	3	8	2	300	2	2001	77	0	300	4	2001	88	1
ET121015	1	10	6	132	10	2001	6	1	0	88	 	8	1
ET121015	2	10	6	110	7	2001	9	1	0	88	 	8	1
ET121017	1	6	7	100	2	2000	2	1	0	88	 	11	2
ET121017	2	6	7	100	11	2001	5	1	0	88	 	11	2
ET121017	3	6	6	100	1	2002	3	1	0	88	 	88	2
ET121017	4	10	7	200	11	2000	5	0	200	4	2001	88	2
ET121018	1	10	2	150	10	2001	7	1	0	88	 	88	1
ET121021	1	10	2	200	2	2000	14	1	125	8	2000	3	1
ET121023	1	10	3	500	2	2001	3	0	500	5	2001	88	1
ET121023	2	10	3	100	11	2001	5	1	100	88	 	88	1
ET121023	3	6	3	500	1	2001	12	1	250	11	2001	88	1
ET121025	1	10	2	100	11	2000	5	0	100	1	2001	88	2
ET121026	1	8	8	3000	10	2001	12	1	0	88	 	88	1
ET121026	2	8	1	5000	4	2000	12	0	5000	4	2001	88	1
ET121027	1	10	8	500	10	2000	77	1	0	88	 	88	1
ET121027	2	10	8	500	10	2000	77	1	0	88	 	88	1
ET121027	3	10	8	500	10	2000	77	1	0	88	 	88	1
ET121027	4	8	8	500	10	2000	77	1	0	88	 	88	1
ET121028	1	8	8	2000	5	2001	77	1	1000	12	2001	11	1
ET121028	2	8	8	1000	8	2000	6	0	1000	2	2001	88	1
ET121028	3	8	14	500	4	1999	77	1	500	88	 	11	1
ET121028	4	8	1	300	10	2000	6	0	300	4	2001	88	1
ET121030	1	7	3	2000	6	2000	24	1	800	10	2001	88	17
ET121030	2	7	3	3000	1	2001	24	1	1000	10	2001	88	17
ET121032	1	9	8	7000	1	2002	12	1	0	88	 	88	1
ET121033	1	8	10	5000	10	2001	6	1	2000	2	2002	88	1
ET121034	1	10	19	2500	11	1997	12	0	2500	4	1998	88	1
ET121036	1	8	6	2500	77	1999	77	0	2500	77	 	88	1
ET121036	2	8	2	1000	6	2000	77	77	1000	77	 	88	1
ET121036	3	8	2	800	12	2001	4	1	0	88	 	88	1
ET121037	1	8	7	250	10	2000	6	0	250	3	2001	88	1
ET121037	2	8	7	250	9	2001	7	1	0	88	 	88	1
ET121037	3	8	2	300	5	1999	2	0	300	7	2001	88	1
ET121037	4	8	2	150	3	1999	1	0	150	5	1999	11	1
ET121040	1	8	1	2000	9	2001	1	1	1000	10	2001	12	1
ET121041	1	8	16	2000	10	2000	12	0	2000	10	2001	88	1
ET121041	2	8	16	2000	2	2002	12	1	0	88	 	88	1
ET121043	1	10	19	1000	4	2002	88	0	1000	6	2002	88	3
ET121043	2	10	19	800	2	2002	1	0	800	3	2002	88	3
ET121044	1	10	19	2000	4	2002	6	1	0	88	 	8	6
ET121047	1	2	2	200	11	2001	1	0	200	1	2002	88	2
ET121047	2	10	2	400	2	1998	6	0	400	8	1998	88	1
ET121047	3	8	15	1000	2	1999	3	0	1000	8	1998	88	1
ET121048	1	9	2	4000	2	2001	3	1	0	88	 	12	1
ET121049	1	6	2	100	3	2002	10	1	0	88	 	88	2
ET121049	2	8	10	4000	5	2000	77	1	0	88	 	88	3
ET121049	3	6	10	500	5	2000	77	0	500	5	2001	88	2
ET121050	1	10	3	100	11	2001	6	1	0	88	 	88	2
ET121050	2	10	3	100	11	2001	6	1	0	88	 	88	1
ET121050	3	9	8	1000	5	2000	6	0	1000	11	2000	88	1
ET121050	4	10	8	2000	1	2001	77	1	0	88	 	88	1
ET121053	1	10	14	1000	4	2001	12	1	0	88	 	88	1
ET121053	2	10	2	400	3	2002	1	1	0	88	 	88	1
ET121054	1	8	8	500	3	2001	5	0	500	8	2001	88	2
ET121054	2	8	2	600	3	1999	77	0	600	5	2000	88	2
ET121057	1	7	16	2000	1	2001	20	1	1100	5	2002	88	1
ET131001	1	10	15	650	10	2001	3	1	0	88	 	6	1
ET131002	1	7	3	2000	3	2001	18	1	1200	3	2002	8	2
ET131004	1	10	4	455	7	2000	12	1	405	11	2001	11	2
ET131005	1	7	4	5000	8	2001	12	1	3698.8	4	2002	8	1
ET131007	1	10	6	150	10	2001	2	0	150	11	2001	88	1
ET131007	2	10	2	200	1	2001	3	0	200	3	2001	88	1
ET131007	3	10	2	450	1	2000	8	0	450	6	2000	88	1
ET131007	4	10	2	300	4	1999	6	0	300	7	1999	88	1
ET131007	5	10	2	250	1	1998	4	0	250	4	1998	88	1
ET131007	6	10	2	200	1	1997	4	0	200	7	1997	11	1
ET131009	1	8	7	400	9	2000	4	1	0	88	 	8	1
ET131011	1	7	4	1000	10	2001	6	1	810	4	2002	8	2
ET131013	1	9	2	250	12	1999	6	0	250	6	2000	88	2
ET131014	1	4	19	1000	5	2001	9	1	0	88	 	8	2
ET131016	1	10	3	2500	1	2000	12	1	1500	12	2001	6	1
ET131017	1	8	10	10000	12	2001	3	1	4000	2	2002	11	1
ET131020	1	7	19	1500	3	2001	6	0	1500	11	2001	11	2
ET131020	2	10	18	400	6	2001	4	1	0	88	 	11	2
ET131020	3	10	2	420	4	2001	5	0	420	7	2001	88	2
ET131020	4	10	2	500	4	2000	3	0	500	6	2000	88	2
ET131020	5	10	6	200	2	2000	7	0	200	4	2000	88	2
ET131020	6	10	2	300	4	1999	6	0	300	8	1999	88	2
ET131020	7	10	2	200	4	1998	6	0	200	8	1998	88	2
ET131020	8	10	2	250	4	1997	6	0	250	7	1997	88	2
ET131021	1	4	2	450	12	2000	5	0	450	4	2001	88	1
ET131022	1	10	3	350	6	2001	12	1	0	88	 	12	1
ET131022	2	10	3	500	1	2002	3	0	500	3	2002	88	1
ET131025	1	7	19	500	10	1999	8	0	500	4	2000	88	2
ET131026	1	7	19	1500	4	2001	5	1	1080	88	 	9	1
ET131026	2	4	19	700	9	2001	3	1	0	88	 	11	1
ET131028	1	7	16	2000	11	1999	0	0	2144	10	2000	88	2
ET131030	1	9	6	250	9	1999	11	0	250	11	1999	88	1
ET131031	1	10	7	300	11	2001	12	1	0	88	 	8	1
ET131031	2	10	2	200	1	2001	12	1	0	88	 	11	1
ET131031	3	10	2	200	1	2000	12	0	200	8	2001	88	1
ET131031	4	10	2	150	1	1999	12	0	150	11	2000	88	1
ET131031	5	10	2	150	1	1998	12	0	150	7	1999	88	1
ET131031	6	10	4	150	11	2001	12	1	0	88	 	8	1
ET131031	7	10	4	100	3	2000	10	0	100	10	2000	88	1
ET131032	1	10	3	400	8	2001	12	1	0	88	 	12	2
ET131032	2	10	3	2800	10	2001	1	0	2800	11	2001	88	2
ET131032	3	10	3	2800	11	2001	1	0	2800	12	2001	88	2
ET131032	4	10	3	2400	12	2001	1	0	2400	1	2002	88	2
ET131032	5	10	3	2400	1	2002	1	0	2400	2	2002	88	2
ET131032	6	10	3	2400	2	2002	1	0	2400	3	2002	88	2
ET131032	7	10	3	2800	3	2002	1	0	2800	4	2002	88	2
ET131033	1	10	2	500	5	2000	5	1	0	88	 	6	1
ET131033	2	4	2	1700	4	2001	3	1	0	88	 	9	1
ET131035	1	7	4	2000	11	2001	4	1	0	88	 	8	1
ET131037	1	7	3	2000	9	2001	12	1	1800	3	2002	5	2
ET131039	1	10	19	150	3	1999	0	1	0	88	 	11	2
ET131041	1	10	4	1500	10	2000	5	1	0	88	 	12	2
ET131043	1	5	19	10000	11	2001	12	1	4000	4	2002	8	2
ET131045	1	4	2	1500	10	1997	12	0	88	10	1998	88	1
ET131045	2	4	2	1500	10	1998	12	0	88	10	1999	88	1
ET131045	3	4	2	1500	10	1999	12	0	88	10	2000	88	1
ET131045	4	4	2	1500	10	2000	12	0	88	10	2001	88	1
ET131045	5	4	2	1500	10	2001	12	1	1500	10	2002	8	1
ET131046	1	7	2	1800	4	1999	5	0	1800	5	2000	88	2
ET131047	1	10	19	200	4	2000	5	1	0	88	 	11	2
ET131048	1	7	3	1000	7	2000	11	0	1000	8	2001	88	2
ET131048	2	7	3	3000	7	1999	11	0	3000	8	2000	88	2
ET131048	3	7	3	3000	7	1998	11	0	3000	8	1999	88	2
ET131048	4	7	3	3000	7	1997	11	0	3000	8	1998	88	2
ET131048	5	7	3	2000	7	1996	11	0	2000	8	1997	88	2
ET141001	1	10	18	4700	9	2000	13	1	3969	1	2002	11	1
ET141002	1	7	2	1000	12	2000	10	0	1096	10	2001	88	2
ET141005	1	2	8	5960	2	1999	60	1	3000	3	2002	88	1
ET141005	2	10	7	700	2	2002	77	1	300	3	2002	88	2
ET141006	1	7	2	1000	2	2002	10	1	600	4	2002	88	2
ET141008	1	2	8	4000	11	2001	36	1	445	3	2002	88	1
ET141009	1	5	5	80000	12	2001	24	1	1000	3	2002	88	1
ET141010	1	10	3	5000	12	2001	12	1	0	88	 	88	1
ET141011	1	8	19	300	1	2002	5	1	0	88	 	8	1
ET141014	1	7	3	10000	11	2001	12	1	4540	4	2002	8	1
ET141014	2	10	3	5000	4	2001	77	1	0	88	 	11	1
ET141016	1	8	2	2000	1	2000	12	0	2000	12	2001	88	2
ET141017	1	5	3	5400	1	2002	84	1	195	3	2002	88	1
ET141020	1	10	7	200	4	2000	12	0	200	2	2001	88	1
ET141022	1	7	3	1000	11	2000	12	0	1000	1	2002	88	17
ET141025	1	8	10	15000	4	1999	24	0	15000	2	2000	88	1
ET141026	1	5	2	4000	3	2001	36	1	1200	3	2002	88	1
ET141028	1	7	8	2000	8	2000	12	0	2000	8	2001	88	1
ET141029	1	5	15	1800	2	2001	18	1	1200	3	2002	88	1
ET141032	1	8	8	25000	3	2002	24	1	9000	3	2002	88	1
ET141033	1	6	8	15000	6	2000	60	1	5250	3	2002	88	1
ET141036	1	10	19	10000	10	2000	10	0	10000	3	2002	88	2
ET141036	2	10	10	13000	3	2001	77	0	13000	4	2002	88	1
ET141036	3	5	3	62000	8	2002	48	1	9100	3	2002	88	1
ET141040	1	2	4	400	1	2001	6	1	80	3	2002	12	2
ET141041	1	10	19	1000	5	1998	77	1	0	88	 	12	1
ET141043	1	9	2	1200	9	2001	9	1	500	9	2001	11	16
ET141043	2	10	2	500	9	2001	9	1	150	9	2001	11	16
ET141044	1	9	7	400	3	1999	6	1	200	6	1999	11	10
ET141050	1	7	3	3000	4	2000	24	1	2710	11	2001	6	2
ET151004	1	8	2	1000	6	2001	22	1	0	88	 	8	1
ET151005	1	1	1	130	10	1999	7	0	130	7	2000	88	1
ET151009	1	4	2	500	2	2001	12	1	250	2	2002	8	1
ET151010	1	8	8	10000	10	2001	1	1	0	88	 	11	1
ET151011	1	4	16	1250	1	2001	10	1	250	2	2002	2	1
ET151014	1	10	4	300	11	2001	5	0	300	2	2002	88	1
ET151014	2	8	6	80	10	1999	3	0	80	2	2000	88	1
ET151020	1	10	8	500	1	2002	77	1	250	1	2002	88	1
ET151023	1	10	4	1000	10	2001	5	1	0	88	 	8	1
ET151024	1	8	8	2000	10	1997	77	0	2000	2	1998	88	2
ET151026	1	8	12	400	11	2001	2	0	400	1	2002	88	1
ET151027	1	5	1	2000	2	1998	12	0	2500	2	2001	88	1
ET151028	1	7	19	1000	8	1999	12	0	1000	2	2002	88	2
ET151029	1	7	2	2090	1	2000	12	0	2090	1	2002	88	2
ET151031	1	1	1	1000	5	2000	2	0	1000	2	2002	88	1
ET151034	1	5	16	3777	12	2000	1	0	3777	10	2001	88	1
ET151045	1	6	2	500	3	1998	12	1	0	88	 	2	1
ET151045	2	10	16	200	7	2001	6	1	0	88	 	11	1
ET151049	1	1	1	2250	9	1999	77	1	150	3	2002	8	1
ET151057	1	10	1	200	8	2000	7	0	400	3	2001	88	1
ET151057	2	10	2	300	7	2001	8	1	200	2	2002	8	1
ET151057	3	10	2	100	7	2001	8	1	0	77	 	8	1
ET151058	1	10	1	100	2	2001	5	0	100	5	2001	88	1
ET151067	1	4	6	1000	8	2001	6	1	200	2	2002	11	1
ET151068	1	9	10	99	7	2001	7	1	0	88	 	11	2
ET161001	1	2	1	45	10	1999	8	0	150	6	2000	8	1
ET161001	2	2	1	105	11	2000	6	0	209.75	4	2001	88	1
ET161001	3	2	1	167	11	2001	6	1	175	88	 	8	1
ET161001	4	4	8	1000	8	2001	9	1	0	88	 	2	2
ET161001	5	10	2	400	12	2001	5	1	0	88	 	2	2
ET161002	1	8	2	100	1	2001	5	0	0	88	 	8	1
ET161002	2	1	1	300	11	2001	4	1	100	88	 	8	1
ET161003	1	8	2	500	1	2000	6	0	500	6	2001	88	1
ET161003	2	2	1	300	11	1997	5	0	300	5	1998	88	1
ET161003	3	2	1	400	11	1998	5	0	400	5	1999	88	1
ET161003	4	2	1	450	11	1999	6	0	450	6	2000	88	1
ET161003	5	2	1	500	10	2000	5	0	500	5	2001	88	1
ET161003	6	2	1	200	11	2001	6	0	200	5	2002	8	1
ET161004	1	2	1	400	11	2000	7	0	400	5	2001	88	1
ET161004	2	2	1	400	11	2001	7	1	200	5	2002	8	1
ET161004	3	8	8	3000	11	2000	6	1	1500	1	2001	2	1
ET161004	4	10	2	200	12	2001	3	1	0	88	 	8	2
ET161004	5	8	2	300	4	2001	1	0	300	5	2001	88	1
ET161005	1	2	1	400	10	2001	8	1	0	88	 	8	1
ET161005	2	4	2	500	1	2001	3	0	500	4	2001	88	1
ET161005	3	4	2	600	1	2000	3	0	600	4	2001	88	1
ET161005	4	4	2	450	1	1999	3	0	450	4	2001	88	1
ET161005	5	10	6	200	3	2001	4	1	0	88	 	11	1
ET161005	6	10	7	300	1	2001	4	1	0	88	 	11	1
ET161005	7	10	1	400	4	2001	5	1	0	88	 	11	1
ET161005	8	10	15	100	1	2001	3	1	0	88	 	11	1
ET161005	9	2	1	250	10	1997	8	0	250	5	1998	88	1
ET161005	10	2	1	200	10	1998	8	0	200	4	1999	88	1
ET161005	11	2	1	220	10	1999	8	0	220	4	2000	88	1
ET161005	12	2	1	220	10	2000	8	0	220	5	2001	88	1
ET161006	1	5	1	200	10	2000	7	0	200	4	2001	88	1
ET161006	2	8	2	300	12	2001	7	1	-88	88	 	8	1
ET161006	3	5	1	250	10	1997	5	0	250	5	1998	88	1
ET161006	4	5	1	250	10	1998	5	0	250	5	1999	88	1
ET161007	1	2	1	300	11	2001	7	1	300	11	2001	9	1
ET161007	2	10	7	300	6	2000	1	0	300	7	2000	88	1
ET161007	3	2	1	300	11	1997	7	0	300	7	1998	88	1
ET161007	4	2	1	400	11	1998	7	0	400	7	1999	88	1
ET161007	5	2	1	500	11	1999	7	0	500	7	2000	88	1
ET161007	6	2	1	550	11	2000	7	0	550	7	2001	88	1
ET161008	1	2	1	344	11	2001	5	0	344	88	 	8	1
ET161008	2	8	7	2000	2	2001	12	1	1000	8	2001	8	1
ET161009	1	2	1	800	11	1999	5	0	800	5	2000	88	4
ET161009	2	2	1	800	10	2001	6	1	400	11	2001	8	5
ET161010	1	10	19	3000	3	2001	12	0	3000	5	2001	88	1
ET161010	2	2	1	400	4	1998	10	0	400	11	1998	88	1
ET161010	3	2	1	350	3	1999	7	0	350	2	2000	12	1
ET161010	4	2	1	500	3	2000	10	0	500	6	2000	88	1
ET161010	5	2	1	600	2	2001	10	0	600	8	2001	88	1
ET161010	6	10	8	700	10	2000	6	0	700	4	2001	88	1
ET161010	7	10	14	1400	12	2001	5	1	0	88	 	11	1
ET161010	8	10	14	700	1	2000	4	0	700	4	2000	88	1
ET161010	9	10	14	800	1	1999	4	0	800	4	1999	88	1
ET161010	10	10	14	500	1	1998	4	0	500	6	1998	12	1
ET161011	1	2	1	300	10	2001	5	1	88	88	 	8	1
ET161011	2	8	7	7000	8	2001	88	1	88	88	 	8	1
ET161012	1	2	1	100	11	1997	5	0	100	5	1998	88	1
ET161012	2	2	1	200	11	1998	5	0	200	5	1999	88	1
ET161012	3	2	1	250	11	1999	5	0	250	5	2000	88	1
ET161012	4	2	1	270	11	2000	5	0	270	5	2001	88	1
ET161012	5	2	1	300	11	2001	5	1	300	5	2002	8	1
ET161013	1	2	1	600	11	1997	7	0	600	4	1998	88	1
ET161013	2	2	1	680	11	1998	7	0	680	4	1999	88	1
ET161013	3	2	1	750	11	1999	7	0	750	4	2000	88	1
ET161013	4	2	1	800	11	2000	7	0	800	4	2001	88	1
ET161013	5	2	1	464	11	2001	7	1	0	88	 	8	1
ET161014	1	2	1	360	11	1997	7	0	360	5	1998	88	1
ET161014	2	2	1	380	11	1998	7	0	380	5	1999	88	1
ET161014	3	2	1	395	11	1999	7	0	395	5	2000	88	1
ET161014	4	2	1	400	11	2000	7	0	400	5	2001	88	1
ET161014	5	2	1	400	11	2001	7	1	0	88	 	8	1
ET161014	6	8	15	1000	1	2002	4	1	0	88	 	8	1
ET161015	1	2	1	400	10	2001	7	1	0	88	 	11	1
ET161015	2	4	2	2000	1	2001	5	1	500	6	2001	11	1
ET161015	3	2	1	450	10	2000	8	0	450	8	2001	88	1
ET161015	4	2	1	450	10	1999	8	0	450	8	2000	88	1
ET161015	5	2	1	540	10	1998	8	0	540	8	1999	88	1
ET161015	6	2	1	540	10	1997	8	0	540	8	1998	88	1
ET161016	1	2	1	360	11	1997	4	0	360	4	1998	88	1
ET161016	2	2	1	450	11	1998	4	0	450	4	1999	88	1
ET161016	3	2	1	500	11	1999	4	0	500	4	2000	88	1
ET161016	4	2	1	800	11	2000	4	0	400	4	2001	88	2
ET161016	5	2	1	200	11	2001	4	1	200	4	2002	8	2
ET161018	1	10	14	300	9	2000	4	1	88	88	 	11	1
ET161018	2	8	2	200	1	2001	4	1	100	4	2001	11	1
ET161019	1	2	1	300	11	1997	8	0	300	6	1998	88	1
ET161019	2	2	1	350	10	1998	6	0	350	5	1999	88	1
ET161019	3	2	1	400	11	1999	6	0	400	6	2000	88	1
ET161019	4	2	1	500	11	2000	6	0	500	6	2001	88	1
ET161019	5	2	1	600	11	2001	5	1	600	5	2002	8	1
ET161020	1	4	6	200	10	2001	12	1	100	12	2001	11	1
ET161020	2	4	6	300	3	2000	4	0	300	4	2001	88	1
ET161022	1	2	1	140	11	1997	7	0	140	5	1998	88	1
ET161022	2	2	1	520	11	2000	7	0	520	5	2001	88	1
ET161022	3	4	3	5000	1	2001	12	0	5000	1	2002	88	1
ET161022	4	4	3	5000	2	2001	1	0	5000	3	2001	88	1
ET161023	1	8	16	2000	10	2001	5	1	2000	88	2002	8	1
ET161023	2	2	1	175	10	2000	5	0	175	5	2001	8	1
ET161023	3	2	1	340	10	2001	5	1	340	5	2002	1	1
ET161024	1	2	1	400	11	2001	7	1	0	88	 	8	1
ET161024	2	2	1	750	11	2000	7	0	750	5	2001	88	1
ET161024	3	2	1	600	11	1999	8	0	600	4	2000	88	1
ET161024	4	2	1	600	10	1998	7	0	600	5	1999	88	1
ET161024	5	8	16	600	9	2001	3	1	0	88	 	8	1
ET161024	6	4	2	300	11	2001	5	1	0	88	 	8	1
ET161025	1	2	1	400	11	1997	7	0	400	5	1998	88	1
ET161025	2	2	1	400	11	1998	7	0	400	5	1999	88	1
ET161025	3	2	1	200	11	1999	7	0	200	5	2000	88	1
ET161025	4	2	1	200	11	2000	7	0	200	5	2001	88	1
ET161025	5	2	1	200	11	2001	7	1	0	88	 	8	1
ET161025	6	10	7	1118	12	2001	6	1	0	88	 	8	1
ET161027	1	2	1	250	10	1997	5	0	250	5	1998	88	1
ET161027	2	2	1	250	10	1998	5	0	250	5	1999	88	1
ET161027	3	2	1	400	10	1999	5	0	400	5	2000	88	1
ET161027	4	2	1	400	10	2000	5	0	400	5	2001	88	1
ET161027	5	2	1	400	10	2001	5	1	0	5	2002	8	1
ET161027	6	4	2	300	2	2001	8	1	0	8	2002	8	1
ET161029	1	10	2	500	1	2001	2	0	500	2	2001	88	1
ET161029	2	10	2	600	3	2002	4	1	88	88	 	8	1
ET161029	3	10	2	400	1	2002	3	1	200	3	2002	8	1
ET161030	1	8	1	2000	11	2001	6	1	0	88	 	8	1
ET161030	2	2	1	400	10	2001	5	1	0	88	 	8	1
ET161030	3	2	1	400	10	2000	5	0	400	4	2001	88	1
ET161030	4	2	1	900	10	1999	5	0	900	5	2000	88	1
ET161030	5	2	1	400	10	1998	5	0	400	4	1999	88	1
ET161030	6	2	1	400	10	1997	5	0	400	5	1998	88	1
ET161031	1	2	1	75	11	2001	7	1	0	88	 	8	22
ET161031	2	2	1	230	10	2000	8	0	230	5	2001	88	22
ET161031	3	2	1	210	11	1999	8	0	210	6	2000	88	22
ET161031	4	2	1	220	11	1998	7	0	220	5	1999	88	22
ET161031	5	2	1	220	11	1997	7	0	210	5	1998	88	22
ET161031	6	4	4	730	1	2000	3	0	730	4	2000	88	22
ET161031	7	8	1	150	10	2000	7	0	150	4	2001	88	22
ET161031	8	10	1	700	11	2000	6	0	750	4	2001	88	22
ET161032	1	8	2	600	1	2001	4	0	600	5	2001	88	1
ET161032	2	8	2	500	12	2001	5	1	300	2	2002	8	1
ET161033	1	4	2	600	3	2002	3	1	0	88	 	8	1
ET161033	2	4	2	600	4	2001	3	0	600	7	2001	88	1
ET161033	3	4	2	500	4	2000	3	0	500	7	2000	88	1
ET161033	4	4	2	500	5	1999	3	0	500	8	1999	88	1
ET161033	5	4	2	450	5	1998	3	0	450	8	1998	88	1
ET161034	1	2	1	400	10	1999	7	0	400	5	2000	88	1
ET161034	2	2	1	400	10	1998	7	0	400	5	1999	88	1
ET161034	3	2	1	400	10	1997	7	0	400	5	1998	88	1
ET161035	1	2	1	200	11	2000	5	0	88	5	2001	88	1
ET161035	2	2	1	200	11	2001	5	1	0	5	2002	8	1
ET161037	1	2	1	200	11	2001	6	1	0	88	 	11	1
ET161037	2	2	1	300	11	2000	6	0	300	5	2001	88	1
ET161037	3	2	1	200	11	1999	6	0	200	5	2000	88	1
ET161037	4	2	1	200	11	1998	6	0	200	5	1999	88	1
ET161037	5	2	1	150	11	1997	6	0	150	5	1998	88	1
ET161037	6	8	6	9000	8	2001	9	1	4000	1	2002	11	1
ET161037	7	4	2	700	3	2001	2	0	700	5	2001	88	1
ET161037	8	4	2	400	4	2000	1	0	400	5	2000	88	1
ET161037	9	4	2	350	4	1999	1	0	350	5	1999	88	1
ET161037	10	4	2	300	4	1998	1	0	300	5	1998	88	1
ET161038	1	2	1	300	11	1997	6	0	300	5	1998	88	1
ET161038	2	2	1	350	10	1998	5	0	350	5	1999	88	1
ET161038	3	2	1	450	11	1999	6	0	450	5	2000	88	1
ET161038	4	2	1	500	10	2000	5	0	500	5	2001	88	1
ET161038	5	2	1	400	10	2001	5	1	200	5	2002	8	1
ET161039	1	2	1	400	10	2001	5	1	0	88	 	8	1
ET161039	2	8	2	3000	11	2001	5	1	0	88	 	8	1
ET161039	3	2	1	800	10	2000	5	0	800	5	2001	88	1
ET161039	4	2	1	200	10	1999	5	0	200	5	2000	88	1
ET161039	5	2	1	200	10	1998	5	0	200	5	1999	88	1
ET161039	6	2	1	200	10	1997	5	0	200	5	1998	88	1
ET161041	1	2	1	200	11	2000	7	0	200	5	2001	88	1
ET161041	2	2	1	200	11	2001	7	1	0	88	 	9	1
ET161041	3	3	8	4000	11	2001	60	1	0	88	 	8	1
ET161041	4	10	2	500	3	2001	3	0	500	6	2001	88	1
ET161042	1	2	1	400	8	1997	8	0	400	4	1998	88	1
ET161042	2	2	1	400	10	1998	8	0	400	4	1999	88	1
ET161042	3	2	1	400	10	1999	8	0	400	4	2000	88	1
ET161042	4	2	1	200	10	2000	8	0	200	4	2001	88	1
ET161042	5	2	1	200	10	2001	8	1	0	88	 	8	1
ET161042	6	8	7	4000	6	2001	12	1	3000	1	2002	8	1
ET161042	7	8	7	1000	7	2000	2	0	1000	8	2000	88	1
ET161042	8	4	2	400	1	2001	3	0	400	4	2001	88	1
ET161042	9	4	2	500	1	2000	3	0	500	4	2000	88	1
ET161042	10	4	2	300	1	1999	3	0	300	4	1999	88	1
ET161042	11	4	2	300	5	2001	3	0	300	7	2001	88	1
ET161042	12	4	2	400	5	2000	3	0	400	8	2000	88	1
ET161042	13	4	2	300	5	1999	3	0	300	7	1999	88	1
ET161043	1	2	1	400	9	2001	4	1	0	5	2002	8	1
ET161043	2	4	2	450	1	2001	5	1	0	5	2002	8	1
ET161043	3	4	2	450	1	2000	5	1	0	5	2001	11	1
ET161044	1	2	1	400	11	1997	5	0	400	5	1998	88	1
ET161044	2	2	1	400	11	1998	5	0	400	5	1999	88	1
ET161044	3	2	1	400	11	1998	5	0	400	5	2000	88	1
ET161044	4	2	1	200	11	2000	5	0	200	5	2001	88	1
ET161044	5	2	1	200	11	2001	5	1	88	88	 	8	1
ET161045	1	2	1	300	11	1997	6	0	300	6	1998	88	17
ET161045	2	2	1	350	11	1998	6	0	350	6	1999	88	17
ET161045	3	2	1	400	11	1999	6	0	400	6	2000	88	17
ET161045	4	2	1	500	11	2000	6	0	500	6	2001	88	17
ET161045	5	2	1	200	11	2001	6	1	200	6	2002	8	17
ET161045	6	10	2	200	10	2001	7	1	0	88	 	8	2
ET161046	1	2	1	400	11	2001	6	1	0	88	 	8	1
ET161046	2	2	1	400	11	1999	6	0	400	4	2000	88	1
ET161046	3	8	6	250	12	2000	5	0	250	4	2001	88	1
ET161047	1	2	1	200	10	2001	7	1	0	88	 	8	1
ET161047	2	2	1	200	10	2000	7	0	200	5	2001	88	1
ET161047	3	2	1	150	10	1999	7	0	150	5	2000	88	1
ET161047	4	2	1	150	10	1998	7	0	150	5	1999	88	1
ET161047	5	2	1	120	10	1997	7	0	120	5	1998	88	1
ET161047	6	10	7	200	11	2001	1	0	200	12	2001	88	1
ET161048	1	4	2	500	1	2001	5	1	0	88	 	8	1
ET161048	2	2	1	360	10	2000	5	0	360	5	2001	88	1
ET161048	3	2	1	175	10	1999	5	0	175	5	2000	88	1
ET161048	4	2	1	200	10	1998	5	0	200	5	1999	88	1
ET161048	5	2	1	200	10	1997	5	0	200	5	1998	88	1
ET161049	1	2	1	1200	11	2001	7	1	0	88	 	8	1
ET161049	2	2	1	1200	11	2000	7	0	1200	5	2001	88	1
ET161049	3	2	1	1200	11	1999	7	0	1200	5	2000	88	1
ET161049	4	2	1	1100	11	1998	7	0	1100	5	1999	88	1
ET161049	5	2	1	1100	11	1997	7	0	1100	5	1998	88	1
ET161050	1	2	1	540	11	1997	5	0	540	5	1998	88	1
ET161050	2	2	1	570	11	1998	5	0	570	5	1999	88	1
ET161050	3	2	1	600	11	1999	5	0	600	5	2000	88	1
ET161050	4	2	1	1200	11	2000	5	0	1200	5	2001	88	1
ET161050	5	2	1	1200	11	2001	5	1	0	88	 	8	1
ET171003	1	1	14	1800	11	1999	3	1	600	10	2001	2	1
ET171005	1	7	1	800	9	1999	24	0	-77	9	2001	88	1
ET171007	1	7	14	1200	6	1997	24	0	1200	6	2001	88	1
ET171007	2	1	1	1100	6	1997	24	0	1100	6	2001	88	2
ET171008	1	7	1	1500	8	1997	24	0	1790	8	2001	2	1
ET171008	2	7	1	1700	9	2001	36	1	0	88	 	88	1
ET171009	1	7	12	2000	4	2000	12	0	2000	5	2001	88	1
ET171009	2	7	1	2000	7	1998	12	0	2000	9	1999	88	1
ET171010	1	1	1	1800	5	1997	60	0	1800	12	2001	88	1
ET171011	1	7	1	2000	10	2001	24	1	1500	1	2002	88	1
ET171012	1	7	1	1500	8	1999	48	1	0	88	 	88	1
ET171014	1	7	1	3000	12	2001	24	1	0	88	 	88	1
ET171015	1	7	1	5000	5	2000	48	1	2000	9	2001	88	1
ET171015	2	7	1	1500	9	2001	12	1	0	88	 	88	2
ET171016	1	2	1	1300	9	1998	48	0	1300	9	2001	88	1
ET171017	1	5	1	1000	9	2001	12	1	800	1	2002	88	1
ET171018	1	7	1	1670	9	1998	48	0	2190	6	2001	88	1
ET171019	1	7	1	4000	9	1999	48	0	0	88	 	88	8
ET171020	1	1	1	2000	5	1999	36	0	2670	4	2001	88	1
ET171021	1	7	1	2000	9	2001	12	1	0	88	 	88	1
ET171022	1	7	14	2000	9	1999	48	1	1100	1	2001	88	1
ET171023	1	7	1	3000	9	1998	48	0	4300	9	2001	88	18
ET171025	1	7	1	5420	8	2001	48	1	0	88	 	88	1
ET171026	1	7	1	2500	7	1999	36	0	3000	8	2000	88	80
ET171028	1	7	14	3000	1	2001	24	1	1800	1	2002	88	1
ET171028	2	1	1	200	10	2001	6	1	0	88	 	88	1
ET171029	1	1	1	240	10	2001	6	1	0	88	 	88	1
ET171030	1	7	1	3600	4	1999	36	0	4500	9	2001	88	80
ET171032	1	2	1	800	11	2001	6	1	0	88	 	88	1
ET171032	2	2	1	600	10	2000	6	0	600	4	2001	88	1
ET171032	3	2	1	500	10	1999	6	0	500	4	2000	88	1
ET171032	4	2	1	500	11	1998	6	0	500	4	1998	88	1
ET171032	5	2	1	300	10	1997	6	0	300	4	1998	88	1
ET171032	6	7	19	4000	9	1997	48	0	5440	7	2000	88	1
ET171034	1	7	1	2000	1	2000	48	1	500	77	2001	88	1
ET171039	1	7	12	5000	8	2001	36	1	0	88	 	11	1
ET171040	1	1	1	400	10	2001	6	1	0	88	 	88	1
ET171040	2	7	12	1500	12	2000	24	1	950	12	2001	88	1
ET171042	1	7	1	1100	10	2000	48	1	0	88	 	88	1
ET171044	1	7	1	3600	4	1999	36	0	4500	9	2001	88	80
ET171045	1	1	1	1000	4	1998	60	1	200	12	2001	88	1
ET171046	1	7	1	1000	10	1999	48	0	1380	4	2000	88	1
ET171048	1	7	1	2500	9	1999	36	1	2500	9	2001	88	80
ET171049	1	7	1	2500	8	2001	36	1	0	88	 	88	80
ET171050	1	7	1	1600	9	2001	24	1	0	88	 	88	1
ET181001	1	1	1	3800	9	2000	60	1	2000	10	2001	88	2
ET181002	1	8	2	600	10	2000	8	1	100	2	2002	11	2
ET181003	1	1	1	380	10	2001	24	1	0	88	 	88	1
ET181004	1	1	1	560	11	2001	6	1	0	88	 	88	1
ET181005	1	1	1	3000	10	1999	60	1	0	88	 	88	16
ET181007	1	3	1	2400	8	2000	24	1	1000	8	2001	88	1
ET181008	1	3	1	4000	6	2001	48	1	0	88	 	88	1
ET181008	2	1	1	500	9	2000	60	1	0	88	 	88	1
ET181008	3	1	1	200	10	2001	7	1	0	88	 	88	1
ET181009	1	3	1	3570	10	1997	60	0	4660	9	2001	88	1
ET181009	2	2	1	600	10	2000	36	1	0	88	 	88	1
ET181010	1	1	1	4000	9	2000	60	1	0	88	 	88	1
ET181011	1	1	1	5000	5	1999	60	1	3000	10	2001	88	1
ET181012	1	1	1	5000	9	2000	48	1	0	88	 	88	1
ET181013	1	1	1	500	10	2001	2	0	0	88	 	2	1
ET181014	1	1	2	1500	7	2001	12	1	720	12	2001	88	2
ET181015	1	1	1	700	10	2001	2	0	700	1	2002	88	1
ET181015	2	3	1	5000	9	2000	48	1	3050	9	2001	88	1
ET181016	1	3	1	4000	9	1998	60	1	4100	5	2001	88	2
ET181016	2	2	1	450	9	2001	6	1	0	88	 	88	3
ET181018	1	1	1	1475	9	2000	12	1	300	6	2001	11	1
ET181019	1	1	1	3770	9	1998	36	1	2000	9	2001	11	2
ET181020	1	1	1	4300	9	2000	48	1	0	88	 	88	1
ET181021	1	2	1	534	10	2001	6	1	0	88	 	88	1
ET181021	2	7	1	4224	9	1997	60	1	4224	7	2001	88	1
ET181021	3	10	18	300	5	2001	36	1	0	88	 	88	1
ET181022	1	1	1	3700	7	2000	48	1	0	88	 	88	1
ET181023	1	3	1	2700	6	2000	48	1	200	10	2001	88	1
ET181024	1	1	1	880	9	2000	12	1	0	88	 	11	1
ET181025	1	1	1	5000	8	2000	48	1	3500	8	2001	88	1
ET181026	1	1	1	5000	9	2000	60	1	2800	9	2001	88	1
ET181027	1	3	1	3000	9	2000	48	1	0	88	 	88	1
ET181028	1	1	1	5500	9	1997	60	1	3300	1	2001	2	1
ET181028	2	8	3	400	2	2002	77	1	0	88	2002	11	1
ET181029	1	7	1	2500	12	2001	24	1	0	88	 	88	1
ET181030	1	1	1	1500	9	2000	48	1	0	88	 	88	1
ET181031	1	3	1	2500	10	1999	24	0	2500	10	2001	88	1
ET181031	2	7	2	200	4	2000	12	0	200	4	2001	88	1
ET181033	1	1	1	5000	11	1998	60	1	0	88	 	2	1
ET181034	1	3	1	3550	9	1999	60	1	2860	11	2001	88	1
ET181034	2	2	2	80	10	2001	5	1	0	88	 	88	1
ET181034	3	8	2	350	11	2001	6	1	0	88	 	88	1
ET181035	1	1	1	4130	9	1998	60	0	5000	11	2001	88	1
ET181036	1	1	1	750	12	1998	60	1	240	12	1998	88	1
ET181037	1	1	1	3640	11	1999	48	1	2720	9	2001	88	1
ET181038	1	2	1	260	10	2001	6	1	0	88	 	11	1
ET181039	1	1	1	5000	6	2001	36	1	0	88	 	88	1
ET181039	2	10	18	1700	2	1999	24	1	0	88	 	2	1
ET181040	1	3	1	3370	9	2000	48	1	0	88	 	88	1
ET181041	1	1	1	4000	10	2000	60	1	0	88	 	88	1
ET181041	2	2	1	560	11	2001	6	1	0	88	 	88	1
ET181042	1	1	1	3700	5	2000	48	1	0	88	 	88	2
ET181043	1	1	1	1600	10	1998	48	1	0	88	 	11	18
ET181044	1	3	1	4680	10	2001	36	1	0	88	 	11	1
ET181044	2	8	2	800	11	2001	77	1	200	1	2002	88	1
ET181045	1	1	1	3500	9	1998	48	1	0	88	 	88	1
ET181046	1	3	1	4680	10	2001	36	1	0	88	 	11	1
ET181046	2	8	2	800	11	2001	77	1	200	1	2002	88	1
ET181048	1	1	1	3200	10	1997	60	1	2800	5	2001	2	1
ET181049	1	2	1	267	8	2001	7	1	0	88	 	88	1
ET181050	1	3	1	3500	11	1998	60	1	3440	1	2002	88	1
ET191001	1	3	4	5000	4	2001	24	1	2820	3	2002	88	1
ET191001	2	10	4	1500	10	2001	77	1	500	2	2002	9	1
ET191007	1	4	2	500	2	2002	12	1	0	88	 	88	2
ET191008	1	7	19	2500	3	2000	36	1	1269.8	4	2002	88	3
ET191009	1	3	5	2000	9	2001	36	1	639	3	2002	88	2
ET191013	1	3	19	4000	4	2000	48	1	2277	3	2002	88	1
ET191014	1	3	19	2000	6	1999	36	1	1500	3	2002	88	1
ET191014	2	10	19	1000	2	1999	77	1	0	88	 	11	1
ET191016	1	1	1	5000	2	2001	36	1	1000	3	2002	88	1
ET191017	1	8	4	300	3	2002	3	1	0	88	 	6	1
ET191019	1	3	5	5000	10	2000	36	1	2617.6	4	2002	88	1
ET191019	2	8	5	2000	1	2002	77	1	600	7	2002	88	1
ET191020	1	7	19	10000	1	2002	36	1	712	3	2002	88	1
ET191023	1	7	19	3000	10	2000	36	0	3500	4	2002	88	1
ET191024	1	3	1	3000	3	2001	24	1	1360	3	2002	88	2
ET191024	2	8	3	1000	7	2000	77	1	200	3	2001	88	2
ET191026	1	3	4	3000	9	1999	36	1	2750	3	2002	88	1
ET191027	1	7	4	10000	12	2000	24	1	8500	4	2002	88	17
ET191029	1	5	1	2000	2	2002	12	1	600	3	2002	88	2
ET191031	1	3	1	2600	9	1997	60	0	2600	9	2001	88	17
ET191032	1	7	4	5000	6	1997	24	0	5900	6	1999	88	1
ET191032	2	3	4	5000	4	1999	36	1	5738	3	2002	88	1
ET191033	1	7	19	5000	7	2000	24	1	3500	3	2002	88	1
ET191034	1	8	2	2000	1	2001	0	1	0	88	 	11	2
ET191037	1	3	19	5000	6	1998	60	1	5378.8	3	2002	88	1
ET191037	2	10	19	15000	1	2002	12	1	0	88	 	88	1
ET191039	1	7	19	2000	2	2000	36	1	1715	3	2002	12	1
ET191040	1	5	8	20000	3	1997	60	1	10000	1	2002	11	1
ET191041	1	3	19	5000	10	2000	36	1	3134	4	2002	88	1
ET191044	1	7	3	5000	1	1998	24	0	5900	1	2000	88	1
ET191044	2	7	3	5000	2	2001	24	1	1800	2	2002	88	1
ET191045	1	8	2	400	12	2001	77	1	0	88	 	11	1
ET191046	1	7	1	2000	3	1999	24	0	2000	3	2001	88	8
ET191046	2	4	1	1500	10	2001	77	1	500	2	2002	11	8
ET191047	1	8	4	150	3	2002	77	1	0	88	 	11	1
ET191048	1	7	19	3000	12	2000	24	0	3360	12	2001	88	1
ET191049	1	3	19	5000	4	2000	36	1	3638.6	3	2002	88	1
ET191051	1	7	19	10000	11	1999	24	0	11251	4	2001	88	1
ET191051	2	7	19	10000	5	2001	24	0	5156.8	3	2002	88	1
ET201001	1	7	4	5000	5	1999	36	1	3000	5	2001	88	1
ET201001	2	7	1	1700	11	2000	36	0	1700	3	2002	88	1
ET201002	1	1	1	5000	6	2000	48	0	0	88	 	88	80
ET201003	1	7	19	3000	5	2000	48	1	0	88	 	88	1
ET201005	1	8	7	1000	3	2001	12	1	1000	88	 	12	2
ET201005	2	8	2	1000	1	2000	77	1	1000	88	 	12	2
ET201009	1	1	1	2000	5	1999	60	1	500	5	2001	88	2
ET201009	2	2	1	375	10	2001	8	1	0	88	 	88	1
ET201009	3	2	1	300	10	2000	6	0	300	4	2001	88	1
ET201009	5	2	1	400	10	1998	6	0	450	4	1999	88	1
ET201010	1	7	1	2000	12	2000	60	1	0	88	 	88	1
ET201015	1	2	1	1400	5	1998	60	1	1100	4	2001	88	1
ET201018	1	1	19	1000	3	1999	36	0	1000	3	2000	88	1
ET201018	2	7	1	2000	1	2000	60	1	0	88	 	88	2
ET201021	1	7	1	2000	4	1999	60	1	0	88	 	6	1
ET201021	2	5	1	1500	4	2000	24	1	0	88	 	12	1
ET201023	1	7	1	4000	9	2000	48	1	0	88	 	11	1
ET201024	1	7	1	700	5	1999	48	1	0	88	 	11	1
ET201027	1	7	1	2000	3	2000	48	1	0	88	 	11	1
ET201028	1	7	2	2000	8	2000	36	1	0	88	 	88	17
ET201032	1	3	1	1	8	2000	77	1	88	88	 	12	1
ET201036	1	2	1	1830	12	2000	60	1	200	3	2002	88	1
ET201038	1	1	2	500	7	2000	48	1	0	88	 	88	1
ET201039	1	7	1	2000	9	2000	36	0	2500	9	2002	88	1
ET201040	1	7	1	3000	6	2000	24	1	0	88	 	9	1
ET201044	1	7	14	4100	8	2000	48	1	0	88	 	88	1
ET201047	1	1	1	3000	5	1999	36	0	3000	5	2001	88	1
ET201049	1	7	1	2400	9	1997	48	1	1950	9	2001	6	2
