comnro	id	price1	vendor1	price2	vendor2
1	1	.9	1	1	1
1	2	36	1	35	1
1	3	15	1	10	1
1	4	14	1	10	1
1	5	999.99	99	25	1
1	6	28	3	35	1
1	7	28	3	35	1
1	8	1	10	1.5	14
1	9	.5	9	.1	10
1	10	1	9	.5	10
1	11	999.99	99	999.99	99
1	12	30	13	0	0
1	13	65	13	0	0
1	14	33.5	13	0	0
1	15	.8	5	.6	5
1	16	1	5	1	5
1	17	2.5	3	2.2	14
1	18	1	1	.4	14
1	19	2	1	2.2	1
1	20	2	3	2	14
1	21	4.2	1	3.3	3
1	22	1	3	.6	1
1	23	4	1	2	1
1	24	1.5	3	1.6	3
1	25	0	0	6.6	14
2	1	1.5	1	888.88	88
2	2	55	1	888.88	88
2	3	15	1	888.88	88
2	4	15	1	888.88	88
2	5	15	1	888.88	88
2	6	15	1	888.88	88
2	7	15	1	888.88	88
2	8	15	1	888.88	88
2	9	.5	1	888.88	88
2	10	1	1	888.88	88
2	11	0	15	888.88	88
2	12	0	15	888.88	88
2	13	0	15	888.88	88
2	14	.15	1	888.88	88
2	15	.7	1	888.88	88
2	16	1.5	1	888.88	88
2	17	2.5	1	888.88	88
2	18	4	1	888.88	88
2	19	1.3	1	888.88	88
2	20	1.5	1	888.88	88
2	21	4	1	888.88	88
2	22	.5	1	888.88	88
2	23	5	1	888.88	88
2	24	2	1	888.88	88
2	25	1.3	1	888.88	88
3	1	1	1	888.88	88
3	2	0	15	888.88	88
3	3	0	15	888.88	88
3	4	0	15	888.88	88
3	5	0	15	888.88	88
3	6	0	15	888.88	88
3	7	0	15	888.88	88
3	8	0	15	888.88	88
3	9	.7	1	888.88	88
3	10	.7	1	888.88	88
3	11	0	15	888.88	88
3	12	26	1	888.88	88
3	13	35	1	888.88	88
3	14	30	1	888.88	88
3	15	1	1	888.88	88
3	16	1.3	1	888.88	88
3	17	2.8	1	888.88	88
3	18	.5	1	888.88	88
3	19	4	1	888.88	88
3	20	1.7	1	888.88	88
3	21	4	1	888.88	88
3	22	.3	1	888.88	88
3	23	3.8	1	888.88	88
3	24	1.8	1	888.88	88
3	25	1	1	888.88	88
4	1	.9	1	888.88	88
4	2	28	1	888.88	88
4	3	15	1	888.88	88
4	4	15	1	888.88	88
4	5	0	1	888.88	88
4	6	25	1	888.88	88
4	7	22	1	888.88	88
4	8	0	0	888.88	88
4	9	.1	10	888.88	88
4	10	.2	10	888.88	88
4	11	0	0	888.88	88
4	12	28	1	888.88	88
4	13	28	1	888.88	88
4	14	30	1	888.88	88
4	15	1	1	888.88	88
4	16	1.2	1	888.88	88
4	17	2.8	1	888.88	88
4	18	.5	1	888.88	88
4	19	2.2	1	888.88	88
4	20	1.8	1	888.88	88
4	21	1.3	1	888.88	88
4	22	.5	1	888.88	88
4	23	2.2	1	888.88	88
4	24	1.4	1	888.88	88
4	25	0	1	888.88	88
5	1	1	1	888.88	88
5	2	0	15	888.88	88
5	3	0	15	888.88	88
5	4	0	15	888.88	88
5	5	0	15	888.88	88
5	6	0	15	888.88	88
5	7	0	15	888.88	88
5	8	0	15	888.88	88
5	9	.5	1	888.88	88
5	10	.5	1	888.88	88
5	11	0	15	888.88	88
5	12	27	1	888.88	88
5	13	31	1	888.88	88
5	14	31	1	888.88	88
5	15	1	1	888.88	88
5	16	1.2	1	888.88	88
5	17	2.8	1	888.88	88
5	18	0	15	888.88	88
5	19	2.3	1	888.88	88
5	20	1.8	1	888.88	88
5	21	4	1	888.88	88
5	22	.5	1	888.88	88
5	23	2.5	1	888.88	88
5	24	1.8	1	888.88	88
5	25	1.2	1	888.88	88
6	1	0	15	.5	1
6	2	0	15	40	1
6	3	0	15	18	1
6	4	0	15	18	1
6	5	0	15	0	1
6	6	0	15	25	1
6	7	0	15	25	1
6	8	0	15	0	10
6	9	.2	10	.6	10
6	10	.3	10	.3	10
6	11	.1	10	1.1	10
6	12	0	15	28	1
6	13	0	15	38	1
6	14	0	15	33	1
6	15	.5	1	.8	1
6	16	1.2	1	1.2	1
6	17	3	1	2.8	1
6	18	0	15	0	15
6	19	0	15	2.3	1
6	20	1.5	1	1.2	1
6	21	5	1	4.2	1
6	22	.3	1	.4	1
6	23	2	1	2	1
6	24	0	15	1.5	1
6	25	1.4	1	1.5	1
7	1	0	15	0	88
7	2	0	15	0	88
7	3	0	15	0	88
7	4	0	15	0	88
7	5	0	15	0	88
7	6	0	15	0	88
7	7	0	15	0	88
7	8	0	15	0	88
7	9	0	15	0	88
7	10	0	15	0	88
7	11	0	15	0	88
7	12	0	15	0	88
7	13	0	15	0	88
7	14	0	15	0	88
7	15	0	15	0	88
7	16	0	15	0	88
7	17	0	15	0	88
7	18	0	15	0	88
7	19	0	15	0	88
7	20	0	15	0	88
7	21	0	15	0	88
7	22	0	15	0	88
7	23	0	15	0	88
7	24	0	15	0	88
7	25	0	15	0	88
8	1	0	15	0	88
8	2	0	15	0	88
8	3	0	15	0	88
8	4	0	15	0	88
8	5	0	15	0	88
8	6	0	15	0	88
8	7	0	15	0	88
8	8	0	15	0	88
8	9	0	15	0	88
8	10	0	15	0	88
8	11	0	15	0	88
8	12	0	15	0	88
8	13	0	15	0	88
8	14	0	15	0	88
8	15	0	15	0	88
8	16	0	15	0	88
8	17	2.8	1	0	88
8	18	0	15	0	88
8	19	0	15	0	88
8	20	0	15	0	88
8	21	0	15	0	88
8	22	0	15	0	88
8	23	3.5	1	0	88
8	24	0	15	0	88
8	25	0	15	0	88
9	1	1	1	.5	1
9	2	0	0	40	1
9	3	10	1	18	1
9	4	10	1	18	1
9	5	0	0	0	15
9	6	20	1	25	1
9	7	0	0	25	1
9	8	0	10	0	10
9	9	.5	1	.6	10
9	10	1	1	28	10
9	11	0	15	1.1	10
9	12	0	0	28	1
9	13	0	0	38	1
9	14	35	1	33	1
9	15	.7	1	.8	1
9	16	1.1	1	1.2	1
9	17	3	1	2.8	1
9	18	0	15	0	15
9	19	2	1	2.3	1
9	20	1.4	1	1.2	1
9	21	4.5	1	4.2	1
9	22	.3	1	.4	1
9	23	.5	1	2	1
9	24	2	1	1.5	1
9	25	2	1	1.5	1
10	1	0	15	0	88
10	2	0	15	0	88
10	3	0	15	0	88
10	4	0	15	0	88
10	5	0	15	0	88
10	6	0	15	0	88
10	7	0	15	0	88
10	8	.5	14	0	88
10	9	.1	14	0	88
10	10	.2	14	0	88
10	11	.2	88	0	88
10	12	0	15	0	88
10	13	0	15	0	88
10	14	0	15	0	88
10	15	.8	1	0	88
10	16	1.3	1	0	88
10	17	3	1	0	88
10	18	0	15	0	88
10	19	2.4	1	0	88
10	20	1.4	1	0	88
10	21	4.5	1	0	88
10	22	.5	1	0	88
10	23	2	1	0	88
10	24	4.5	1	0	88
10	25	1.5	1	0	88
11	1	888.88	88	888.88	88
11	2	888.88	88	888.88	88
11	3	888.88	88	888.88	88
11	4	888.88	88	888.88	88
11	5	888.88	88	888.88	88
11	6	888.88	88	888.88	88
11	7	888.88	88	888.88	88
11	8	888.88	88	888.88	88
11	9	888.88	88	888.88	88
11	10	888.88	88	888.88	88
11	11	888.88	88	888.88	88
11	12	0	15	28	1
11	13	0	15	28	1
11	14	0	15	33	1
11	15	0	15	.8	1
11	16	0	15	1.2	1
11	17	0	15	2.8	1
11	18	0	15	0	1
11	19	0	15	2.3	1
11	20	0	15	1.2	1
11	21	0	15	4.2	1
11	22	0	15	.4	1
11	23	0	15	2	1
11	24	0	15	2.5	1
11	25	0	15	2.5	1
12	1	0	15	0	88
12	2	0	15	0	88
12	3	0	15	0	88
12	4	0	15	0	88
12	5	0	15	0	88
12	6	0	15	0	88
12	7	0	15	0	88
12	8	0	15	0	88
12	9	0	15	0	88
12	10	0	15	0	88
12	11	0	15	0	88
12	12	0	15	0	88
12	13	0	15	0	88
12	14	0	15	0	88
12	15	0	15	0	88
12	16	0	15	0	88
12	17	0	15	0	88
12	18	0	15	0	88
12	19	0	15	0	88
12	20	0	15	0	88
12	21	5	1	0	88
12	22	.5	1	0	88
12	23	3	1	0	88
12	24	0	15	0	88
12	25	1.5	1	0	88
13	1	.5	1	0	88
13	2	40	1	0	88
13	3	18	1	0	88
13	4	18	1	0	88
13	5	0	15	0	88
13	6	25	1	0	88
13	7	25	1	0	88
13	8	0	10	0	88
13	9	.6	10	0	88
13	10	28	10	0	88
13	11	1.1	10	0	88
13	12	28	1	0	88
13	13	38	1	0	88
13	14	33	1	0	88
13	15	.8	1	0	88
13	16	1.2	1	0	88
13	17	2.8	1	0	88
13	18	0	15	0	88
13	19	2.3	1	0	88
13	20	1.2	1	0	88
13	21	4.2	1	0	88
13	22	.4	1	0	88
13	23	2	1	0	88
13	24	1.5	1	0	88
13	25	1.5	1	0	88
14	1	1	1	888.88	88
14	2	0	15	888.88	88
14	3	0	15	888.88	88
14	4	0	15	888.88	88
14	5	0	15	888.88	88
14	6	0	15	888.88	88
14	7	0	15	888.88	88
14	8	0	10	888.88	88
14	9	.2	10	888.88	88
14	10	.6	10	888.88	88
14	11	1.8	10	888.88	88
14	12	0	15	53	1
14	13	0	15	45	1
14	14	0	15	37	1
14	15	.5	1	.5	1
14	16	1.2	1	1	1
14	17	3.1	1	2	1
14	18	4	1	5	1
14	19	2	1	2	1
14	20	1.5	1	1.2	1
14	21	3.5	1	3	1
14	22	.5	1	.5	1
14	23	2	1	1.5	1
14	24	1.5	1	1.5	1
14	25	1	1	1.5	1
15	1	1	1	888.88	88
15	2	30	1	888.88	88
15	3	15	1	888.88	88
15	4	15	1	888.88	88
15	5	42	1	888.88	88
15	6	20	1	888.88	88
15	7	10	1	888.88	88
15	8	0	10	888.88	88
15	9	3.3	10	888.88	88
15	10	4.5	10	888.88	88
15	11	.3	10	888.88	88
15	12	53	1	888.88	88
15	13	45	1	888.88	88
15	14	37	1	888.88	88
15	15	.5	1	888.88	88
15	16	1	1	888.88	88
15	17	2	1	888.88	88
15	18	5	1	888.88	88
15	19	2	1	888.88	88
15	20	1.2	1	888.88	88
15	21	3	1	888.88	88
15	22	.5	1	888.88	88
15	23	1.5	1	888.88	88
15	24	1.5	1	888.88	88
15	25	1.5	1	888.88	88
16	1	.8	1	888.88	88
16	2	24	1	888.88	88
16	3	10	1	888.88	88
16	4	10	1	888.88	88
16	5	0	1	888.88	88
16	6	12	1	888.88	88
16	7	12	1	888.88	88
16	8	0	10	888.88	88
16	9	.2	10	888.88	88
16	10	.4	10	888.88	88
16	11	.5	10	888.88	88
16	12	55	1	888.88	88
16	13	60	1	888.88	88
16	14	48	1	888.88	88
16	15	.1	1	888.88	88
16	16	1.2	1	888.88	88
16	17	2.5	1	888.88	88
16	18	0	15	888.88	88
16	19	2	1	888.88	88
16	20	1.2	1	888.88	88
16	21	4	1	888.88	88
16	22	.7	1	888.88	88
16	23	2.5	1	888.88	88
16	24	1.4	1	888.88	88
16	25	1.7	1	888.88	88
17	1	0	15	1	1
17	2	0	15	30	1
17	3	0	15	15	1
17	4	0	15	15	1
17	5	0	15	42	1
17	6	0	15	20	1
17	7	0	15	10	1
17	8	0	15	0	10
17	9	0	15	3.3	10
17	10	0	15	4.5	10
17	11	0	15	.3	10
17	12	0	15	53	1
17	13	0	15	45	1
17	14	0	15	37	1
17	15	0	15	.5	1
17	16	0	15	1	1
17	17	0	15	2	1
17	18	0	15	5	1
17	19	0	15	2	1
17	20	0	15	1.2	1
17	21	0	15	3	1
17	22	0	15	.5	1
17	23	0	15	1.5	1
17	24	0	15	1.5	1
17	25	0	15	1.5	1
18	1	0	15	1	1
18	2	0	15	30	1
18	3	0	15	15	1
18	4	0	15	15	1
18	5	0	15	42	1
18	6	0	15	20	1
18	7	0	15	10	1
18	8	0	15	0	10
18	9	0	15	3.3	10
18	10	0	15	4.5	10
18	11	0	15	.3	10
18	12	0	15	53	1
18	13	0	15	45	1
18	14	0	15	37	1
18	15	0	15	.5	1
18	16	0	15	1	1
18	17	0	15	2	1
18	18	0	15	5	1
18	19	0	15	2	1
18	20	0	15	1.2	1
18	21	0	15	3	1
18	22	0	15	.5	1
18	23	0	15	1.5	1
18	24	0	15	1.5	1
18	25	0	15	1.5	1
19	1	1	1	1	1
19	2	0	15	30	1
19	3	0	15	15	1
19	4	0	15	15	1
19	5	0	15	42	1
19	6	0	15	20	1
19	7	0	15	10	1
19	8	0	10	0	10
19	9	15	10	3.3	10
19	10	30	10	4.5	10
19	11	1.8	10	.3	10
19	12	0	15	53	1
19	13	0	15	45	1
19	14	0	15	37	1
19	15	.5	1	.5	1
19	16	1	1	1	1
19	17	2.3	1	2	1
19	18	1	1	5	1
19	19	2	1	2	1
19	20	1.3	1	1.2	1
19	21	4	1	3	1
19	22	.8	1	.5	1
19	23	3.5	1	1.5	1
19	24	1.5	1	1.5	1
19	25	3	1	1.5	1
20	1	0	0	0	0
20	2	0	0	0	0
20	3	0	0	0	0
20	4	0	0	0	0
20	5	0	0	0	0
20	6	0	0	0	0
20	7	0	0	0	0
20	8	0	0	0	0
20	9	0	0	0	0
20	10	0	0	0	0
20	11	0	0	0	0
20	12	0	0	0	0
20	13	0	0	0	0
20	14	0	0	0	0
20	15	0	0	0	0
20	16	0	0	0	0
20	17	0	0	0	0
20	18	0	0	0	0
20	19	0	0	0	0
20	20	0	0	0	0
20	21	0	0	0	0
20	22	0	0	0	0
20	23	0	0	0	0
20	24	0	0	0	0
20	25	0	0	0	0
21	1	1	1	1	1
21	2	0	15	30	1
21	3	0	15	15	1
21	4	0	15	15	1
21	5	0	15	42	1
21	6	0	15	20	1
21	7	0	15	10	1
21	8	0	15	0	10
21	9	0	15	3.3	10
21	10	0	15	4.5	10
21	11	0	15	.3	10
21	12	0	15	53	1
21	13	0	15	45	1
21	14	0	15	37	1
21	15	.5	1	.5	1
21	16	1.2	1	1	1
21	17	2.5	1	2	1
21	18	0	15	5	1
21	19	2	1	2	1
21	20	1.5	1	1.2	1
21	21	4	1	3	1
21	22	.5	1	.5	1
21	23	3.5	1	1.5	1
21	24	1.5	1	1.5	1
21	25	1.6	1	1.5	1
22	1	1.5	88	888.88	88
22	2	20	88	888.88	88
22	3	5	88	888.88	88
22	4	5	88	888.88	88
22	5	0	88	888.88	88
22	6	15	88	888.88	88
22	7	10	88	888.88	88
22	8	0	88	888.88	88
22	9	.2	88	888.88	88
22	10	.5	88	888.88	88
22	11	.2	88	888.88	88
22	12	0	88	888.88	88
22	13	0	88	888.88	88
22	14	0	88	888.88	88
22	15	.5	88	888.88	88
22	16	1	88	888.88	88
22	17	1.8	88	888.88	88
22	18	0	88	888.88	88
22	19	2	88	888.88	88
22	20	1.5	88	888.88	88
22	21	3	88	888.88	88
22	22	0	88	888.88	88
22	23	0	88	888.88	88
22	24	1	88	888.88	88
22	25	3	88	888.88	88
23	1	.8	1	0	0
23	2	15	1	0	0
23	3	10	1	0	0
23	4	10	1	0	0
23	5	0	15	0	0
23	6	15	1	0	0
23	7	15	1	0	0
23	8	3.5	10	0	0
23	9	2.5	10	0	0
23	10	3.6	10	0	0
23	11	.9	10	0	0
23	12	0	15	0	0
23	13	0	15	0	0
23	14	34	1	0	0
23	15	.5	1	0	0
23	16	1	1	0	0
23	17	2.5	1	0	0
23	18	2	1	0	0
23	19	1.2	1	0	0
23	20	1.5	1	0	0
23	21	3	1	0	0
23	22	.5	1	0	0
23	23	2.5	1	0	0
23	24	1.5	1	0	0
23	25	2	1	0	0
24	1	0	15	0	0
24	2	0	15	0	0
24	3	0	15	0	0
24	4	0	15	0	0
24	5	0	15	0	0
24	6	0	15	0	0
24	7	0	15	0	0
24	8	0	15	0	0
24	9	0	15	0	0
24	10	0	15	0	0
24	11	0	15	0	0
24	12	0	15	0	0
24	13	0	15	0	0
24	14	0	15	0	0
24	15	.5	1	0	0
24	16	1	1	0	0
24	17	2.8	1	0	0
24	18	0	15	0	0
24	19	2	1	0	0
24	20	1.3	1	0	0
24	21	3	1	0	0
24	22	.5	1	0	0
24	23	2	1	0	0
24	24	2	1	0	0
24	25	1	1	0	0
25	1	1	1	0	88
25	2	40	1	0	88
25	3	12	1	0	88
25	4	12	1	0	88
25	5	0	15	0	88
25	6	25	1	0	88
25	7	25	1	0	88
25	8	0	15	0	88
25	9	.5	1	0	88
25	10	12	1	0	88
25	11	.25	10	0	88
25	12	0	15	0	88
25	13	0	15	0	88
25	14	0	15	0	88
25	15	.5	1	0	88
25	16	1	1	0	88
25	17	3	1	0	88
25	18	0	15	0	88
25	19	1.5	1	0	88
25	20	0	15	0	88
25	21	3	1	0	88
25	22	.5	1	0	88
25	23	1.5	1	0	88
25	24	1.8	1	0	88
25	25	1.5	1	0	88
26	1	0	15	888.88	88
26	2	0	15	888.88	88
26	3	0	15	888.88	88
26	4	0	15	888.88	88
26	5	0	15	888.88	88
26	6	0	15	888.88	88
26	7	0	15	888.88	88
26	8	0	10	888.88	88
26	9	.5	10	888.88	88
26	10	1	10	888.88	88
26	11	0	15	888.88	88
26	12	0	15	888.88	88
26	13	0	15	888.88	88
26	14	0	15	888.88	88
26	15	.5	1	888.88	88
26	16	1	1	888.88	88
26	17	2.4	1	888.88	88
26	18	0	15	888.88	88
26	19	2.2	1	888.88	88
26	20	1.5	1	888.88	88
26	21	3.5	1	888.88	88
26	22	.3	1	888.88	88
26	23	4	1	888.88	88
26	24	2	1	888.88	88
26	25	2	1	888.88	88
27	1	1.5	1	888.88	88
27	2	0	15	888.88	88
27	3	0	15	888.88	88
27	4	0	15	888.88	88
27	5	0	15	888.88	88
27	6	0	15	888.88	88
27	7	0	15	888.88	88
27	8	0	15	888.88	88
27	9	.5	1	888.88	88
27	10	1	1	888.88	88
27	11	.6	1	888.88	88
27	12	0	15	888.88	88
27	13	0	15	888.88	88
27	14	0	15	888.88	88
27	15	.5	1	888.88	88
27	16	1	1	888.88	88
27	17	2.5	1	888.88	88
27	18	0	15	888.88	88
27	19	2.2	1	888.88	88
27	20	0	15	888.88	88
27	21	3	1	888.88	88
27	22	.7	1	888.88	88
27	23	2	1	888.88	88
27	24	1	1	888.88	88
27	25	2.3	1	888.88	88
28	1	1	1	888.88	88
28	2	0	15	888.88	88
28	3	0	15	888.88	88
28	4	0	15	888.88	88
28	5	0	15	888.88	88
28	6	0	15	888.88	88
28	7	0	15	888.88	88
28	8	0	15	888.88	88
28	9	0	15	888.88	88
28	10	0	15	888.88	88
28	11	0	15	888.88	88
28	12	888.88	88	888.88	88
28	13	888.88	88	888.88	88
28	14	888.88	88	888.88	88
28	15	888.88	88	888.88	88
28	16	888.88	88	888.88	88
28	17	888.88	88	888.88	88
28	18	888.88	88	888.88	88
28	19	888.88	88	888.88	88
28	20	888.88	88	888.88	88
28	21	888.88	88	888.88	88
28	22	888.88	88	888.88	88
28	23	888.88	88	888.88	88
28	24	888.88	88	888.88	88
28	25	888.88	88	888.88	88
29	1	0	15	888.88	88
29	2	0	15	888.88	88
29	3	0	15	888.88	88
29	4	0	15	888.88	88
29	5	0	15	888.88	88
29	6	0	15	888.88	88
29	7	0	15	888.88	88
29	8	0	15	888.88	88
29	9	0	15	888.88	88
29	10	0	15	888.88	88
29	11	0	15	888.88	88
29	12	888.88	88	888.88	88
29	13	888.88	88	888.88	88
29	14	888.88	88	888.88	88
29	15	888.88	88	888.88	88
29	16	888.88	88	888.88	88
29	17	888.88	88	888.88	88
29	18	888.88	88	888.88	88
29	19	888.88	88	888.88	88
29	20	888.88	88	888.88	88
29	21	888.88	88	888.88	88
29	22	888.88	88	888.88	88
29	23	888.88	88	888.88	88
29	24	888.88	88	888.88	88
29	25	888.88	88	888.88	88
30	1	1.2	1	888.88	88
30	2	0	15	888.88	88
30	3	0	15	888.88	88
30	4	0	15	888.88	88
30	5	0	15	888.88	88
30	6	0	15	888.88	88
30	7	0	15	888.88	88
30	8	0	15	888.88	88
30	9	0	15	888.88	88
30	10	0	15	888.88	88
30	11	0	15	888.88	88
30	12	0	15	888.88	88
30	13	0	15	888.88	88
30	14	0	15	888.88	88
30	15	.5	14	888.88	88
30	16	.8	14	888.88	88
30	17	3	14	888.88	88
30	18	0	15	888.88	88
30	19	2	14	888.88	88
30	20	1.2	14	888.88	88
30	21	3	14	888.88	88
30	22	.75	14	888.88	88
30	23	2	14	888.88	88
30	24	1.2	14	888.88	88
30	25	2	14	888.88	88
31	1	1.1	15	888.88	88
31	2	0	15	888.88	88
31	3	0	15	888.88	88
31	4	0	15	888.88	88
31	5	0	15	888.88	88
31	6	0	15	888.88	88
31	7	0	15	888.88	88
31	8	0	15	888.88	88
31	9	0	15	888.88	88
31	10	0	15	888.88	88
31	11	0	15	888.88	88
31	12	0	15	888.88	88
31	13	0	15	888.88	88
31	14	0	15	888.88	88
31	15	0	15	888.88	88
31	16	0	14	888.88	88
31	17	0	14	888.88	88
31	18	0	99	888.88	88
31	19	0	99	888.88	88
31	20	0	14	888.88	88
31	21	0	14	888.88	88
31	22	0	14	888.88	88
31	23	0	88	888.88	88
31	24	0	88	888.88	88
31	25	0	88	888.88	88
32	1	1.5	1	0	0
32	2	35	1	0	0
32	3	15	1	0	0
32	4	15	1	0	0
32	5	70	1	0	0
32	6	28	1	0	0
32	7	15	1	0	0
32	8	.5	1	0	0
32	9	1	1	0	0
32	10	1	1	0	0
32	11	1.5	1	0	0
32	12	0	15	0	0
32	13	0	15	0	0
32	14	0	15	0	0
32	15	1	1	0	0
32	16	1.5	1	0	0
32	17	1.7	1	0	0
32	18	4	1	0	0
32	19	2.2	1	0	0
32	20	2	1	0	0
32	21	2.8	1	0	0
32	22	.7	1	0	0
32	23	5	1	0	0
32	24	5	1	0	0
32	25	1.8	1	0	0
33	1	1.2	1	1.2	3
33	2	32	1	25	3
33	3	28	1	20	3
33	4	18	1	15	3
33	5	14	1	15	3
33	6	32	1	25	3
33	7	22	1	18	3
33	8	1	9	.5	3
33	9	.3	9	.2	3
33	10	.5	9	.5	3
33	11	6	9	6	3
33	12	60	1	65	3
33	13	60	1	50	3
33	14	55	1	50	3
33	15	.8	1	.05	3
33	16	1.8	1	1.5	3
33	17	3	1	2.8	3
33	18	18	1	15	3
33	19	2	1	2	3
33	20	1.8	1	1.4	3
33	21	4	1	3.8	3
33	22	.6	1	.6	3
33	23	3.8	1	3.5	3
33	24	1.6	1	1.5	3
33	25	1.8	1	2	3
34	1	888.88	15	888.88	15
34	2	888.88	15	888.88	15
34	3	888.88	15	888.88	15
34	4	888.88	15	888.88	15
34	5	888.88	15	888.88	15
34	6	888.88	15	888.88	15
34	7	888.88	15	888.88	15
34	8	0	10	888.88	15
34	9	30	10	888.88	15
34	10	50	10	888.88	15
34	11	6	10	888.88	15
34	12	888.88	15	888.88	15
34	13	888.88	15	888.88	15
34	14	888.88	15	888.88	15
34	15	1	1	888.88	15
34	16	1.5	1	888.88	15
34	17	3	1	888.88	15
34	18	888.88	15	888.88	15
34	19	2	1	888.88	15
34	20	1.8	1	888.88	15
34	21	3.8	1	888.88	15
34	22	60	1	888.88	15
34	23	3.8	1	888.88	15
34	24	1.5	1	888.88	15
34	25	2	1	888.88	15
35	1	1.2	1	1	3
35	2	30	1	22	3
35	3	18	1	15	3
35	4	18	1	15	3
35	5	22	1	20	3
35	6	20	1	20	3
35	7	20	1	18	3
35	8	.5	9	.5	10
35	9	.3	9	.2	10
35	10	.5	9	.5	10
35	11	6	9	5	10
35	12	888.88	15	888.88	15
35	13	888.88	15	888.88	15
35	14	888.88	15	888.88	15
35	15	.8	5	.5	3
35	16	1.8	1	1.4	3
35	17	2.8	1	2.5	3
35	18	14	1	14	3
35	19	2	1	2	3
35	20	1.6	1	1.5	3
35	21	3.5	1	3.3	3
35	22	.7	1	.7	3
35	23	3.5	1	3.3	3
35	24	1.5	1	1.5	3
35	25	2	1	1.8	3
36	1	1.2	1	888.88	15
36	2	25	1	888.88	15
36	3	10	1	888.88	15
36	4	10	1	888.88	15
36	5	888.88	15	888.88	15
36	6	15	1	888.88	15
36	7	15	1	888.88	15
36	8	.5	1	0	10
36	9	.3	1	.2	10
36	10	.5	1	.5	10
36	11	1	1	5	10
36	12	888.88	15	888.88	15
36	13	888.88	15	888.88	15
36	14	888.88	15	888.88	15
36	15	1	1	888.88	15
36	16	1.6	1	888.88	15
36	17	2.8	1	888.88	15
36	18	12	1	888.88	15
36	19	2	1	888.88	15
36	20	1.6	1	888.88	15
36	21	3.8	1	888.88	15
36	22	.7	1	888.88	15
36	23	3.8	1	888.88	15
36	24	1.5	1	888.88	15
36	25	1.8	1	888.88	15
37	1	888.88	15	888.88	15
37	2	888.88	15	888.88	15
37	3	888.88	15	888.88	15
37	4	888.88	15	888.88	15
37	5	888.88	15	888.88	15
37	6	888.88	15	888.88	15
37	7	888.88	15	888.88	15
37	8	888.88	15	0	10
37	9	888.88	15	.2	10
37	10	888.88	15	.5	10
37	11	888.88	15	1	10
37	12	888.88	15	888.88	15
37	13	888.88	15	888.88	15
37	14	888.88	15	888.88	15
37	15	1.2	1	888.88	15
37	16	1.8	1	888.88	15
37	17	3	1	888.88	15
37	18	2.5	1	888.88	15
37	19	2.2	1	888.88	15
37	20	2	1	888.88	15
37	21	4	1	888.88	15
37	22	.7	1	888.88	15
37	23	4	1	888.88	15
37	24	1.6	1	888.88	15
37	25	2	1	888.88	15
38	1	1	3	1	1
38	2	25	3	35	1
38	3	15	3	20	1
38	4	15	3	20	1
38	5	35	3	33	3
38	6	20	3	25	3
38	7	20	3	25	3
38	8	.5	9	0	10
38	9	.3	9	.3	10
38	10	.5	9	.5	10
38	11	.8	9	.5	10
38	12	35	3	30	13
38	13	35	3	30	13
38	14	28	3	25	13
38	15	1	3	1.2	5
38	16	1.4	3	1.5	8
38	17	2.5	3	3	8
38	18	10	3	15	8
38	19	2	3	2	3
38	20	1.4	3	1.8	3
38	21	3.3	3	3.8	3
38	22	.6	3	.8	3
38	23	3	3	3.5	3
38	24	1.4	3	1.8	3
38	25	1.7	3	1.7	4
39	1	1	3	1.2	1
39	2	888.88	15	888.88	15
39	3	0	15	0	15
39	4	0	15	0	15
39	5	0	15	0	15
39	6	0	15	0	15
39	7	0	15	0	15
39	8	0	15	0	15
39	9	0	15	0	15
39	10	0	15	0	15
39	11	0	15	0	15
39	12	0	15	0	15
39	13	0	15	0	15
39	14	0	15	0	15
39	15	1	1	0	15
39	16	1.5	1	0	15
39	17	2.8	1	0	15
39	18	2	1	0	15
39	19	2	1	0	15
39	20	1.6	1	0	15
39	21	4	1	0	15
39	22	.7	1	0	15
39	23	4	1	0	15
39	24	1.5	1	0	15
39	25	2	1	0	15
40	1	888.88	15	888.88	15
40	2	888.88	15	888.88	15
40	3	888.88	15	888.88	15
40	4	888.88	15	888.88	15
40	5	888.88	15	888.88	15
40	6	888.88	15	888.88	15
40	7	888.88	15	888.88	15
40	8	1	10	888.88	88
40	9	.3	10	888.88	88
40	10	.5	10	888.88	88
40	11	5	10	888.88	88
40	12	888.88	15	888.88	15
40	13	888.88	15	888.88	15
40	14	888.88	15	888.88	15
40	15	.5	1	888.88	88
40	16	1.6	1	888.88	88
40	17	2.8	1	888.88	88
40	18	16	1	888.88	88
40	19	2.2	1	888.88	88
40	20	1.8	1	888.88	88
40	21	3.7	1	888.88	88
40	22	.5	1	888.88	88
40	23	0	15	888.88	88
40	24	1.5	1	888.88	88
40	25	2	1	888.88	88
41	1	888.88	15	888.88	15
41	2	888.88	15	888.88	15
41	3	888.88	15	888.88	15
41	4	888.88	15	888.88	15
41	5	888.88	15	888.88	15
41	6	888.88	15	888.88	15
41	7	888.88	15	888.88	15
41	8	1	10	888.88	88
41	9	.2	10	888.88	88
41	10	.5	10	888.88	88
41	11	4	10	888.88	88
41	12	888.88	15	888.88	15
41	13	888.88	15	888.88	15
41	14	888.88	15	888.88	15
41	15	888.88	15	888.88	15
41	16	1.8	1	888.88	88
41	17	3	1	888.88	88
41	18	0	15	888.88	88
41	19	2.2	1	888.88	88
41	20	1.8	1	888.88	88
41	21	4	1	888.88	88
41	22	.7	1	888.88	88
41	23	0	15	888.88	88
41	24	1.5	1	888.88	88
41	25	2	1	888.88	88
42	1	.9	3	1.2	1
42	2	28	3	30	14
42	3	10	14	12	3
42	4	10	14	12	3
42	5	20	14	888.88	88
42	6	13	14	888.88	88
42	7	15	3	888.88	88
42	8	0	10	1.2	9
42	9	.1	10	.3	9
42	10	.2	10	.4	9
42	11	.2	10	.4	9
42	12	0	15	888.88	88
42	13	0	15	888.88	88
42	14	0	15	888.88	88
42	15	.8	15	.6	3
42	16	1.8	5	1.6	3
42	17	2	5	1.8	3
42	18	8	5	888.88	88
42	19	1.9	5	2	3
42	20	2.2	5	888.88	88
42	21	3.7	5	888.88	88
42	22	.5	5	888.88	88
42	23	3.2	5	888.88	88
42	24	4.8	5	888.88	88
42	25	1.4	14	1.5	1
43	1	1	1	.9	3
43	2	28	1	25	3
43	3	12	1	8	3
43	4	12	1	10	3
43	5	32	1	30	3
43	6	22	1	18	3
43	7	25	1	22	3
43	8	1.5	9	1.2	10
43	9	.4	9	.2	10
43	10	.5	9	.4	10
43	11	3.6	9	.2	10
43	12	888.88	88	888.88	88
43	13	888.88	88	888.88	88
43	14	888.88	88	888.88	88
43	15	1	3	.4	5
43	16	1.4	3	2.8	5
43	17	2.6	3	3	5
43	18	15	3	18	5
43	19	2	3	2	5
43	20	1.5	3	1.8	5
43	21	3.5	3	4	5
43	22	.5	3	.5	5
43	23	3.2	3	3.2	5
44	1	.7	88	888.88	88
44	2	888.88	88	888.88	88
44	3	7	88	888.88	88
44	4	7	88	888.88	88
44	5	888.88	88	888.88	88
44	6	12	88	888.88	88
44	7	15	88	888.88	88
44	8	888.88	88	888.88	88
44	9	888.88	88	888.88	88
44	10	888.88	88	888.88	88
44	11	888.88	88	888.88	88
44	12	888.88	88	888.88	88
44	13	888.88	88	888.88	88
44	14	888.88	88	888.88	88
44	15	.7	88	888.88	88
44	16	1.4	88	888.88	88
44	17	2.2	88	888.88	88
44	18	888.88	88	888.88	88
44	19	1.7	88	888.88	88
44	20	2	88	888.88	88
44	21	3.2	88	888.88	88
44	22	.6	88	888.88	88
44	23	888.88	88	888.88	88
44	24	888.88	88	888.88	88
44	25	1.5	88	888.88	88
45	1	888.88	15	888.88	15
45	2	888.88	15	888.88	15
45	3	888.88	15	888.88	15
45	4	888.88	15	888.88	15
45	5	888.88	15	888.88	15
45	6	888.88	15	888.88	15
45	7	888.88	15	888.88	15
45	8	.5	10	888.88	88
45	9	.3	10	888.88	88
45	10	.5	10	888.88	88
45	11	6	10	888.88	88
45	12	888.88	15	888.88	15
45	13	888.88	15	888.88	15
45	14	888.88	15	888.88	15
45	15	888.88	15	888.88	15
45	16	1.8	1	888.88	88
45	17	2.8	1	888.88	88
45	18	0	15	888.88	88
45	19	2.2	1	888.88	88
45	20	1.8	1	888.88	88
45	21	3.8	1	888.88	88
45	22	.6	1	888.88	88
45	23	4	1	888.88	88
45	24	1.5	1	888.88	88
45	25	2	1	888.88	88
46	1	888.88	15	888.88	15
46	2	888.88	15	888.88	15
46	3	888.88	15	888.88	15
46	4	888.88	15	888.88	15
46	5	888.88	15	888.88	15
46	6	888.88	15	888.88	15
46	7	888.88	15	888.88	15
46	8	.5	10	888.88	15
46	9	888.88	88	888.88	15
46	10	.5	10	888.88	15
46	11	3	10	888.88	15
46	12	0	15	0	15
46	13	0	15	0	15
46	14	0	15	0	15
46	15	0	15	0	15
46	16	1.8	1	0	15
46	17	3	1	0	15
46	18	0	15	0	15
46	19	2.2	1	0	15
46	20	1.8	1	0	15
46	21	4	1	0	15
46	22	.7	1	0	15
46	23	0	15	0	15
46	24	1.5	1	0	15
46	25	0	15	0	15
47	1	888.88	15	888.88	15
47	2	888.88	15	888.88	15
47	3	888.88	15	888.88	15
47	4	888.88	15	888.88	15
47	5	888.88	15	888.88	15
47	6	888.88	15	888.88	15
47	7	888.88	15	888.88	15
47	8	888.88	15	888.88	15
47	9	888.88	15	888.88	15
47	10	888.88	15	888.88	15
47	11	888.88	15	888.88	15
47	12	888.88	88	888.88	88
47	13	888.88	88	888.88	88
47	14	888.88	88	888.88	88
47	15	.8	3	1	1
47	16	1.4	3	1.8	1
47	17	2.6	3	2.8	1
47	18	10	3	10	1
47	19	2	3	2	1
47	20	1.6	3	1.8	1
47	21	3.8	3	4	1
47	22	.5	3	.6	1
47	23	3.8	3	3.8	1
47	24	1.5	3	1.5	1
47	25	1.8	3	1.8	1
48	1	1	1	1	14
48	2	20	10	888.88	88
48	3	5	14	888.88	88
48	4	5	14	888.88	88
48	5	30	14	888.88	88
48	6	15	14	888.88	88
48	7	7	14	888.88	88
48	8	0	10	888.88	88
48	9	.3	10	888.88	88
48	10	1.8	10	888.88	88
48	11	.5	10	888.88	88
48	12	48	14	888.88	88
48	13	0	88	888.88	88
48	14	48	14	888.88	88
48	15	.4	4	888.88	88
48	16	2	4	888.88	88
48	17	3	4	888.88	88
48	18	0	4	888.88	88
48	19	2.5	4	888.88	88
48	20	2	4	888.88	88
48	21	4	4	888.88	88
48	22	.5	4	888.88	88
48	23	3	4	888.88	88
48	24	2	4	888.88	88
48	25	2	4	888.88	88
49	1	1	88	888.88	88
49	2	30	88	888.88	88
49	3	10	88	888.88	88
49	4	10	88	888.88	88
49	5	40	88	888.88	88
49	6	20	88	888.88	88
49	7	20	88	888.88	88
49	8	888.88	88	888.88	88
49	9	.5	88	888.88	88
49	10	1	88	888.88	88
49	11	.3	88	888.88	88
49	12	888.88	88	888.88	88
49	13	35	88	888.88	88
49	14	40	88	888.88	88
49	15	.2	88	888.88	88
49	16	2	88	888.88	88
49	17	3	88	888.88	88
49	18	5	88	888.88	88
49	19	2	88	888.88	88
49	20	2	88	888.88	88
49	21	4	88	888.88	88
49	22	.7	88	888.88	88
49	23	2	88	888.88	88
49	24	2	88	888.88	88
49	25	2	88	888.88	88
50	1	1.2	14	888.88	88
50	2	25	14	888.88	88
50	3	12	14	888.88	88
50	4	10	14	888.88	88
50	5	30	14	888.88	88
50	6	25	14	888.88	88
50	7	15	14	888.88	88
50	8	15	14	888.88	88
50	9	888.88	15	888.88	88
50	10	888.88	15	888.88	88
50	11	888.88	15	888.88	88
50	12	888.88	88	888.88	88
50	13	888.88	88	888.88	88
50	14	888.88	88	888.88	88
50	15	888.88	88	888.88	88
50	16	888.88	88	888.88	88
50	17	888.88	88	888.88	88
50	18	888.88	88	888.88	88
50	19	888.88	88	888.88	88
50	20	888.88	88	888.88	88
50	21	888.88	88	888.88	88
50	22	888.88	88	888.88	88
50	23	888.88	88	888.88	88
50	24	888.88	88	888.88	88
50	25	888.88	88	888.88	88
51	1	1.5	14	888.88	88
51	2	15	14	888.88	88
51	3	10	14	888.88	88
51	4	10	14	888.88	88
51	5	45	14	888.88	88
51	6	10	14	888.88	88
51	7	10	14	888.88	88
51	8	888.88	15	888.88	88
51	9	888.88	15	888.88	88
51	10	888.88	15	888.88	88
51	11	888.88	15	888.88	88
51	12	1	14	888.88	88
51	13	888.88	15	888.88	88
51	14	1	14	888.88	88
51	15	.2	14	888.88	88
51	16	2	14	888.88	88
51	17	3	14	888.88	88
51	18	888.88	15	888.88	88
51	19	2	14	888.88	88
51	20	2	14	888.88	88
51	21	4	14	888.88	88
51	22	.6	14	888.88	88
51	23	2	14	888.88	88
51	24	999.99	15	888.88	88
51	25	2	14	888.88	88
52	1	888.88	88	888.88	88
52	2	888.88	88	888.88	88
52	3	888.88	88	888.88	88
52	4	888.88	88	888.88	88
52	5	888.88	88	888.88	88
52	6	888.88	88	888.88	88
52	7	888.88	88	888.88	88
52	8	888.88	88	888.88	88
52	9	888.88	88	888.88	88
52	10	888.88	88	888.88	88
52	11	888.88	88	888.88	88
52	12	888.88	88	888.88	88
52	13	888.88	88	888.88	88
52	14	888.88	88	888.88	88
52	15	888.88	88	888.88	88
52	16	2	1	888.88	88
52	17	3.5	1	888.88	88
52	18	888.88	88	888.88	88
52	19	2.5	1	888.88	88
52	20	2	1	888.88	88
52	21	5	1	888.88	88
52	22	.6	1	888.88	88
52	23	2.5	1	888.88	88
52	24	1	1	888.88	88
52	25	2	1	888.88	88
53	1	888.88	88	888.88	88
53	2	25	1	888.88	88
53	3	15	1	888.88	88
53	4	15	1	888.88	88
53	5	45	1	888.88	88
53	6	25	1	888.88	88
53	7	25	1	888.88	88
53	8	.4	10	888.88	88
53	9	.2	10	888.88	88
53	10	.5	10	888.88	88
53	11	.3	10	888.88	88
53	12	888.88	88	888.88	88
53	13	888.88	88	888.88	88
53	14	888.88	88	888.88	88
53	15	.2	1	888.88	88
53	16	1.6	1	888.88	88
53	17	2.8	1	888.88	88
53	18	5	1	888.88	88
53	19	2.1	1	888.88	88
53	20	2	1	888.88	88
53	21	3.8	1	888.88	88
53	22	.7	1	888.88	88
53	23	4	1	888.88	88
53	24	2	1	888.88	88
53	25	3	1	888.88	88
54	1	888.88	88	888.88	88
54	2	888.88	88	888.88	88
54	3	888.88	88	888.88	88
54	4	888.88	88	888.88	88
54	5	888.88	88	888.88	88
54	6	888.88	88	888.88	88
54	7	888.88	88	888.88	88
54	8	.4	10	888.88	88
54	9	.3	10	888.88	88
54	10	.5	10	888.88	88
54	11	.4	10	888.88	88
54	12	888.88	88	888.88	88
54	13	888.88	88	888.88	88
54	14	888.88	88	888.88	88
54	15	.5	1	888.88	88
54	16	2	1	888.88	88
54	17	4	1	888.88	88
54	18	2	1	888.88	88
54	19	2.1	1	888.88	88
54	20	2.2	1	888.88	88
54	21	4.3	1	888.88	88
54	22	.8	1	888.88	88
54	23	5	1	888.88	88
54	24	2	1	888.88	88
54	25	3	1	888.88	88
55	1	888.88	88	888.88	88
55	2	888.88	88	888.88	88
55	3	888.88	88	888.88	88
55	4	888.88	88	888.88	88
55	5	888.88	88	888.88	88
55	6	888.88	88	888.88	88
55	7	888.88	88	888.88	88
55	8	.4	10	888.88	88
55	9	.4	10	888.88	88
55	10	.5	10	888.88	88
55	11	.3	10	888.88	88
55	12	888.88	88	888.88	88
55	13	888.88	88	888.88	88
55	14	888.88	88	888.88	88
55	15	888.88	88	888.88	88
55	16	888.88	88	888.88	88
55	17	888.88	88	888.88	88
55	18	888.88	88	888.88	88
55	19	888.88	88	888.88	88
55	20	888.88	88	888.88	88
55	21	888.88	88	888.88	88
55	22	888.88	88	888.88	88
55	23	888.88	88	888.88	88
55	24	888.88	88	888.88	88
55	25	888.88	88	888.88	88
56	1	888.88	88	888.88	88
56	2	888.88	88	888.88	88
56	3	888.88	88	888.88	88
56	4	888.88	88	888.88	88
56	5	888.88	88	888.88	88
56	6	888.88	88	888.88	88
56	7	888.88	88	888.88	88
56	8	888.88	88	888.88	88
56	9	888.88	88	888.88	88
56	10	888.88	88	888.88	88
56	11	888.88	88	888.88	88
56	12	888.88	88	888.88	88
56	13	888.88	88	888.88	88
56	14	888.88	88	888.88	88
56	15	888.88	88	888.88	88
56	16	888.88	88	888.88	88
56	17	888.88	88	888.88	88
56	18	888.88	88	888.88	88
56	19	888.88	88	888.88	88
56	20	888.88	88	888.88	88
56	21	888.88	88	888.88	88
56	22	888.88	88	888.88	88
56	23	888.88	88	888.88	88
56	24	888.88	88	888.88	88
56	25	888.88	88	888.88	88
57	1	1	1	.8	1
57	2	30	1	25	1
57	3	10	1	7	1
57	4	10	1	12	1
57	5	30	1	999.99	99
57	6	999.99	88	18	1
57	7	999.99	88	18	1
57	8	2	9	999.99	88
57	9	.2	9	999.99	88
57	10	.5	9	999.99	88
57	11	.5	9	999.99	88
57	12	999.99	88	999.99	88
57	13	999.99	88	999.99	88
57	14	999.99	88	999.99	88
57	15	.6	1	999.99	88
57	16	1.3	1	2	1
57	17	3	1	3	1
57	18	999.99	99	1	1
57	19	2.2	1	1	1
57	20	1.6	1	2	1
57	21	4	1	5	1
57	22	.6	1	5	1
57	23	4	1	4	1
57	24	2	1	2	1
57	25	2.2	1	2	1
58	1	.8	14	1	1
58	2	30	14	25	1
58	3	15	14	9.5	1
58	4	15	14	9.5	1
58	5	40	14	45	1
58	6	25	14	25	1
58	7	25	14	12	1
58	8	2	10	1	14
58	9	.2	10	.12	14
58	10	.4	10	.5	14
58	11	.6	10	.3	14
58	12	1.2	14	1.3	1
58	13	.8	14	1	1
58	14	1.5	14	3	1
58	15	1	14	.8	1
58	16	1.8	14	1.8	1
58	17	3	14	3	1
58	18	5	14	30	1
58	19	2	14	2.2	1
58	20	2	14	2	1
58	21	4.5	14	4	1
58	22	.6	14	.6	1
58	23	3.5	14	3.5	1
58	24	8	14	6	1
58	25	2	14	2	1
59	1	1.5	15	888.88	15
59	2	30	15	888.88	15
59	3	12	15	888.88	15
59	4	12	15	888.88	15
59	5	25	15	888.88	15
59	6	18	15	888.88	15
59	7	18	15	888.88	15
59	8	0	15	888.88	15
59	9	8	15	888.88	15
59	10	40	15	888.88	15
59	11	.6	15	888.88	15
59	12	999.99	15	888.88	15
59	13	999.99	15	888.88	15
59	14	999.99	15	888.88	15
59	15	.5	15	888.88	15
59	16	2	15	888.88	15
59	17	2	15	888.88	15
59	18	999.99	15	888.88	15
59	19	2.2	15	888.88	15
59	20	2	15	888.88	15
59	21	3.5	15	888.88	15
59	22	.5	15	888.88	15
59	23	3.5	15	888.88	15
59	24	999.99	15	888.88	15
59	25	2.5	15	888.88	15
60	1	888.88	88	888.88	88
60	2	888.88	88	888.88	88
60	3	888.88	88	888.88	88
60	4	888.88	88	888.88	88
60	5	888.88	88	888.88	88
60	6	888.88	88	888.88	88
60	7	888.88	88	888.88	88
60	8	888.88	88	888.88	88
60	9	888.88	88	888.88	88
60	10	888.88	88	888.88	88
60	11	888.88	88	888.88	88
60	12	888.88	88	888.88	88
60	13	888.88	88	888.88	88
60	14	888.88	88	888.88	88
60	15	.6	88	888.88	88
60	16	2	88	888.88	88
60	17	3	88	888.88	88
60	18	888.88	88	888.88	88
60	19	2.2	88	888.88	88
60	20	2	88	888.88	88
60	21	4	88	888.88	88
60	22	1	88	888.88	88
60	23	2.5	88	888.88	88
60	24	2.5	88	888.88	88
60	25	2.5	88	888.88	88
61	1	.7	88	888.88	88
61	2	30	88	888.88	88
61	3	11.5	88	888.88	88
61	4	15	88	888.88	88
61	5	888.88	88	888.88	88
61	6	18	88	888.88	88
61	7	16	88	888.88	88
61	8	888.88	88	888.88	88
61	9	888.88	88	888.88	88
61	10	888.88	88	888.88	88
61	11	888.88	88	888.88	88
61	12	888.88	88	888.88	88
61	13	888.88	88	888.88	88
61	14	888.88	88	888.88	88
61	15	1	88	888.88	88
61	16	2	88	888.88	88
61	17	3	88	888.88	88
61	18	888.88	88	888.88	88
61	19	2.3	88	888.88	88
61	20	2.5	88	888.88	88
61	21	5	88	888.88	88
61	22	.8	88	888.88	88
61	23	4	88	888.88	88
61	24	3	88	888.88	88
61	25	3	88	888.88	88
62	1	.8	14	1.2	1
62	2	30	14	33	1
62	3	15	14	10	1
62	4	15	14	13	1
62	5	40	14	36	1
62	6	25	14	28	1
62	7	25	14	22	1
62	8	2	10	1	14
62	9	20	10	18	14
62	10	40	10	35	14
62	11	3.6	10	2.4	14
62	12	888.88	88	888.88	88
62	13	888.88	88	888.88	88
62	14	888.88	88	888.88	88
62	15	1	1	888.88	88
62	16	1.8	1	888.88	88
62	17	3.5	1	888.88	88
62	18	4	1	888.88	88
62	19	2	1	888.88	88
62	20	2	1	888.88	88
62	21	4.8	1	888.88	88
62	22	.6	1	888.88	88
62	23	3.8	1	888.88	88
62	24	9	1	888.88	88
62	25	2.5	1	888.88	88
63	1	888.88	88	888.88	88
63	2	888.88	88	888.88	88
63	3	888.88	88	888.88	88
63	4	888.88	88	888.88	88
63	5	888.88	88	888.88	88
63	6	888.88	88	888.88	88
63	7	888.88	88	888.88	88
63	8	888.88	88	888.88	88
63	9	888.88	88	888.88	88
63	10	888.88	88	888.88	88
63	11	888.88	88	888.88	88
63	12	888.88	88	888.88	88
63	13	888.88	88	888.88	88
63	14	888.88	88	888.88	88
63	15	1	88	888.88	88
63	16	2	88	888.88	88
63	17	4	88	888.88	88
63	18	888.88	88	888.88	88
63	19	2.2	88	888.88	88
63	20	2	88	888.88	88
63	21	4	88	888.88	88
63	22	1	88	888.88	88
63	23	4.5	88	888.88	88
63	24	2.5	88	888.88	88
63	25	3.5	88	888.88	88
64	1	888.88	88	888.88	88
64	2	888.88	88	888.88	88
64	3	888.88	88	888.88	88
64	4	888.88	88	888.88	88
64	5	888.88	88	888.88	88
64	6	888.88	88	888.88	88
64	7	888.88	88	888.88	88
64	8	888.88	88	888.88	88
64	9	888.88	88	888.88	88
64	10	888.88	88	888.88	88
64	11	888.88	88	888.88	88
64	12	888.88	88	888.88	88
64	13	888.88	88	888.88	88
64	14	888.88	88	888.88	88
64	15	1	88	888.88	88
64	16	2	88	888.88	88
64	17	4	88	888.88	88
64	18	888.88	88	888.88	88
64	19	2.4	88	888.88	88
64	20	2	88	888.88	88
64	21	5	88	888.88	88
64	22	1	88	888.88	88
64	23	5	88	888.88	88
64	24	2.5	88	888.88	88
64	25	3	88	888.88	88
65	1	1.5	88	888.88	88
65	2	20	88	888.88	88
65	3	888.88	88	888.88	88
65	4	888.88	88	888.88	88
65	5	888.88	88	888.88	88
65	6	888.88	88	888.88	88
65	7	888.88	88	888.88	88
65	8	888.88	88	888.88	88
65	9	.2	88	888.88	88
65	10	.5	88	888.88	88
65	11	.1	88	888.88	88
65	12	888.88	88	888.88	88
65	13	888.88	88	888.88	88
65	14	888.88	88	888.88	88
65	15	1	88	888.88	88
65	16	2	88	888.88	88
65	17	3	88	888.88	88
65	18	888.88	88	888.88	88
65	19	2.8	88	888.88	88
65	20	2	88	888.88	88
65	21	888.88	88	888.88	88
65	22	888.88	88	888.88	88
65	23	888.88	88	888.88	88
65	24	2	88	888.88	88
65	25	888.88	88	888.88	88
66	1	1.5	15	888.88	15
66	2	25	15	888.88	15
66	3	10	15	888.88	15
66	4	10	15	888.88	15
66	5	25	15	888.88	15
66	6	20	15	888.88	15
66	7	20	15	888.88	15
66	8	888.88	15	888.88	15
66	9	888.88	15	888.88	15
66	10	888.88	15	888.88	15
66	11	888.88	15	888.88	15
66	12	888.88	15	888.88	15
66	13	888.88	15	888.88	15
66	14	1	15	888.88	15
66	15	.5	14	888.88	15
66	16	1.5	15	888.88	15
66	17	2	15	888.88	15
66	18	888.88	15	888.88	15
66	19	2	15	888.88	15
66	20	2	15	888.88	15
66	21	4.5	15	888.88	15
66	22	.5	15	888.88	15
66	23	2	15	888.88	15
66	24	888.88	15	888.88	15
66	25	2	15	888.88	15
67	1	888.88	88	888.88	88
67	2	888.88	88	888.88	88
67	3	888.88	88	888.88	88
67	4	888.88	88	888.88	88
67	5	888.88	88	888.88	88
67	6	888.88	88	888.88	88
67	7	888.88	88	888.88	88
67	8	888.88	88	888.88	88
67	9	888.88	88	888.88	88
67	10	888.88	88	888.88	88
67	11	888.88	88	888.88	88
67	12	70	88	888.88	88
67	13	50	88	888.88	88
67	14	50	88	888.88	88
67	15	.2	88	888.88	88
67	16	1.5	88	888.88	88
67	17	2.5	88	888.88	88
67	18	888.88	88	888.88	88
67	19	2	88	888.88	88
67	20	2	88	888.88	88
67	21	4	88	888.88	88
67	22	.7	88	888.88	88
67	23	1	88	888.88	88
67	24	2.5	88	888.88	88
67	25	2	88	888.88	88
68	1	888.88	88	888.88	88
68	2	888.88	88	888.88	88
68	3	888.88	88	888.88	88
68	4	888.88	88	888.88	88
68	5	888.88	88	888.88	88
68	6	888.88	88	888.88	88
68	7	888.88	88	888.88	88
68	8	888.88	88	888.88	88
68	9	888.88	88	888.88	88
68	10	888.88	88	888.88	88
68	11	888.88	88	888.88	88
68	12	888.88	88	888.88	88
68	13	888.88	88	888.88	88
68	14	888.88	88	888.88	88
68	15	.3	88	888.88	88
68	16	2	88	888.88	88
68	17	4	88	888.88	88
68	18	888.88	88	888.88	88
68	19	2.2	88	888.88	88
68	20	2	88	888.88	88
68	21	4.5	88	888.88	88
68	22	.8	88	888.88	88
68	23	3.5	88	888.88	88
68	24	2	88	888.88	88
68	25	2.5	88	888.88	88
69	1	1	1	888.88	88
69	2	35	1	888.88	88
69	3	10	1	888.88	88
69	4	10	1	888.88	88
69	5	35	1	888.88	88
69	6	25	1	888.88	88
69	7	999.99	88	888.88	88
69	8	888.88	88	888.88	88
69	9	888.88	88	888.88	88
69	10	888.88	88	888.88	88
69	11	888.88	88	888.88	88
69	12	999.99	99	999.99	99
69	13	999.99	99	888.88	88
69	14	888.88	88	888.88	88
69	15	.2	1	888.88	88
69	16	1.6	1	888.88	88
69	17	2.8	1	888.88	88
69	18	.4	1	888.88	88
69	19	2.2	1	888.88	88
69	20	1.5	1	888.88	88
69	21	4.2	1	888.88	88
69	22	.7	1	888.88	88
69	23	3.5	1	888.88	88
69	24	1.5	1	888.88	88
69	25	999.99	88	888.88	88
70	1	1.2	88	888.88	88
70	2	25	88	888.88	88
70	3	18	88	888.88	88
70	4	18	88	888.88	88
70	5	25	88	888.88	88
70	6	20	88	888.88	88
70	7	20	88	888.88	88
70	8	888.88	88	888.88	88
70	9	1.5	88	888.88	88
70	10	.5	88	888.88	88
70	11	888.88	88	888.88	88
70	12	60	88	888.88	88
70	13	888.88	88	888.88	88
70	14	30	88	888.88	88
70	15	.05	88	888.88	88
70	16	1.5	88	888.88	88
70	17	2.5	88	888.88	88
70	18	4.5	88	888.88	88
70	19	2.2	88	888.88	88
70	20	2	88	888.88	88
70	21	4	88	888.88	88
70	22	.6	88	888.88	88
70	23	3.5	88	888.88	88
70	24	1.8	88	888.88	88
70	25	2.2	88	888.88	88
71	1	1	88	888.88	88
71	2	25	88	888.88	88
71	3	18	88	888.88	88
71	4	18	88	888.88	88
71	5	20	88	888.88	88
71	6	25	88	888.88	88
71	7	18	88	888.88	88
71	8	888.88	88	888.88	88
71	9	.1	88	888.88	88
71	10	.25	88	888.88	88
71	11	.2	88	888.88	88
71	12	50	88	888.88	88
71	13	888.88	88	888.88	88
71	14	30	88	888.88	88
71	15	.6	88	888.88	88
71	16	1.4	88	888.88	88
71	17	2.4	88	888.88	88
71	18	888.88	88	888.88	88
71	19	888.88	88	888.88	88
71	20	1.7	88	888.88	88
71	21	3.8	88	888.88	88
71	22	0	88	888.88	88
71	23	1.5	88	888.88	88
71	24	1.4	88	888.88	88
71	25	888.88	88	888.88	88
72	1	1	88	888.88	88
72	2	35	88	888.88	88
72	3	18	88	888.88	88
72	4	18	88	888.88	88
72	5	35	88	888.88	88
72	6	20	88	888.88	88
72	7	20	88	888.88	88
72	8	888.88	88	888.88	88
72	9	1.8	88	888.88	88
72	10	3	88	888.88	88
72	11	1	88	888.88	88
72	12	888.88	88	888.88	88
72	13	888.88	88	888.88	88
72	14	888.88	88	888.88	88
72	15	.2	88	888.88	88
72	16	1.4	88	888.88	88
72	17	3	88	888.88	88
72	18	888.88	88	888.88	88
72	19	1.1	88	888.88	88
72	20	2	88	888.88	88
72	21	4	88	888.88	88
72	22	.6	88	888.88	88
72	23	2	88	888.88	88
72	24	1.7	88	888.88	88
72	25	888.88	88	888.88	88
73	1	1	88	888.88	88
73	2	28	88	888.88	88
73	3	20	88	888.88	88
73	4	20	88	888.88	88
73	5	40	88	888.88	88
73	6	35	88	888.88	88
73	7	25	88	888.88	88
73	8	888.88	88	888.88	88
73	9	2	88	888.88	88
73	10	4.8	88	888.88	88
73	11	.2	88	888.88	88
73	12	42	88	888.88	88
73	13	42	88	888.88	88
73	14	37	88	888.88	88
73	15	.5	88	888.88	88
73	16	.7	88	888.88	88
73	17	.8	88	888.88	88
73	18	888.88	88	888.88	88
73	19	2.1	88	888.88	88
73	20	1.8	88	888.88	88
73	21	4.2	88	888.88	88
73	22	.6	88	888.88	88
73	23	4	88	888.88	88
73	24	1.4	88	888.88	88
73	25	2.2	88	888.88	88
74	1	.8	14	888.88	88
74	2	25	14	888.88	88
74	3	6	14	888.88	88
74	4	6	14	888.88	88
74	5	30	14	888.88	88
74	6	10	14	888.88	88
74	7	10	14	888.88	88
74	8	888.88	10	888.88	88
74	9	.3	10	888.88	88
74	10	.8	10	888.88	88
74	11	888.88	10	888.88	88
74	12	888.88	88	888.88	88
74	13	888.88	88	888.88	88
74	14	888.88	88	888.88	88
74	15	.5	1	888.88	88
74	16	1.4	1	888.88	88
74	17	2.4	1	888.88	88
74	18	888.88	88	888.88	88
74	19	2	1	888.88	88
74	20	1	1	888.88	88
74	21	4	1	888.88	88
74	22	4.5	1	888.88	88
74	23	888.88	88	888.88	88
74	24	1.6	1	888.88	88
74	25	2	1	888.88	88
75	1	888.88	88	888.88	88
75	2	888.88	88	888.88	88
75	3	888.88	88	888.88	88
75	4	888.88	88	888.88	88
75	5	888.88	88	888.88	88
75	6	888.88	88	888.88	88
75	7	888.88	88	888.88	88
75	8	888.88	88	888.88	88
75	9	888.88	88	888.88	88
75	10	888.88	88	888.88	88
75	11	888.88	88	888.88	88
75	12	45	4	45	1
75	13	40	4	40	1
75	14	40	4	40	1
75	15	.4	4	.4	1
75	16	1.5	4	1.5	1
75	17	2.8	4	2.8	1
75	18	14	4	14	1
75	19	2	4	2	1
75	20	1.8	4	1.8	1
75	21	4	4	4	1
75	22	.6	4	.6	1
75	23	4	4	4	1
75	24	1.8	4	1.8	1
75	25	2	4	2	1
76	1	888.88	88	888.88	88
76	2	888.88	88	888.88	88
76	3	888.88	88	888.88	88
76	4	888.88	88	888.88	88
76	5	888.88	88	888.88	88
76	6	888.88	88	888.88	88
76	7	888.88	88	888.88	88
76	8	888.88	88	888.88	88
76	9	888.88	88	888.88	88
76	10	888.88	88	888.88	88
76	11	888.88	88	888.88	88
76	12	45	4	45	1
76	13	40	4	40	1
76	14	40	4	40	1
76	15	.5	4	.4	1
76	16	1.2	4	1.2	1
76	17	3	4	3	1
76	18	14	4	15	1
76	19	2	4	2	1
76	20	1.6	4	1.5	1
76	21	4	4	4	1
76	22	.5	4	.5	1
76	23	4	4	4.2	1
76	24	2	4	2	1
76	25	2.3	4	2	1
77	1	888.88	88	888.88	88
77	2	888.88	88	888.88	88
77	3	888.88	88	888.88	88
77	4	888.88	88	888.88	88
77	5	888.88	88	888.88	88
77	6	888.88	88	888.88	88
77	7	888.88	88	888.88	88
77	8	888.88	88	888.88	88
77	9	888.88	88	888.88	88
77	10	888.88	88	888.88	88
77	11	888.88	88	888.88	88
77	12	45	4	45	1
77	13	40	4	40	1
77	14	40	4	40	1
77	15	.5	4	.5	1
77	16	1.3	4	1.5	1
77	17	2.8	4	3	1
77	18	15	4	15	1
77	19	2	4	2	1
77	20	1.8	4	1.8	1
77	21	4	4	4	1
77	22	.7	4	.7	1
77	23	3	4	3	1
77	24	1.8	4	1.8	1
77	25	2	4	2	1
78	1	888.88	88	888.88	88
78	2	888.88	88	888.88	88
78	3	888.88	88	888.88	88
78	4	888.88	88	888.88	88
78	5	888.88	88	888.88	88
78	6	888.88	88	888.88	88
78	7	888.88	88	888.88	88
78	8	888.88	88	888.88	88
78	9	888.88	88	888.88	88
78	10	888.88	88	888.88	88
78	11	888.88	88	888.88	88
78	12	65	1	65	1
78	13	45	1	45	1
78	14	40	1	40	1
78	15	.4	3	.5	1
78	16	1.4	3	1.5	1
78	17	3	3	3	1
78	18	.8	3	.5	1
78	19	2	3	2	1
78	20	1.4	3	1.2	1
78	21	5	3	5	1
78	22	.5	3	.6	1
78	23	4	3	4	1
78	24	1.3	3	1.5	1
78	25	2	3	2	1
79	1	888.88	88	888.88	88
79	2	888.88	88	888.88	88
79	3	888.88	88	888.88	88
79	4	888.88	88	888.88	88
79	5	888.88	88	888.88	88
79	6	888.88	88	888.88	88
79	7	888.88	88	888.88	88
79	8	888.88	88	888.88	88
79	9	888.88	88	888.88	88
79	10	888.88	88	888.88	88
79	11	888.88	88	888.88	88
79	12	62	1	62	1
79	13	45	1	45	1
79	14	42	1	42	1
79	15	.4	3	.4	1
79	16	1.6	3	1.5	1
79	17	3	3	3	1
79	18	.8	3	.5	1
79	19	2	3	2	1
79	20	1.4	3	1.2	1
79	21	4	3	4	1
79	22	.6	3	.6	1
79	23	4	3	4	1
79	24	1.6	3	1.5	1
79	25	2	3	2	1
80	1	888.88	88	888.88	88
80	2	888.88	88	888.88	88
80	3	888.88	88	888.88	88
80	4	888.88	88	888.88	88
80	5	888.88	88	888.88	88
80	6	888.88	88	888.88	88
80	7	888.88	88	888.88	88
80	8	888.88	88	888.88	88
80	9	888.88	88	888.88	88
80	10	888.88	88	888.88	88
80	11	888.88	88	888.88	88
80	12	62	1	62	1
80	13	45	1	45	1
80	14	42	1	42	1
80	15	.4	3	.4	1
80	16	1.6	3	1.6	1
80	17	3	3	3	1
80	18	.8	3	.5	1
80	19	2	3	2	1
80	20	1.4	3	1.2	1
80	21	4	3	4	1
80	22	.6	3	.6	1
80	23	4	3	4	1
80	24	1.5	3	1.5	1
80	25	2	3	2	1
81	1	888.88	88	888.88	88
81	2	888.88	88	888.88	88
81	3	888.88	88	888.88	88
81	4	888.88	88	888.88	88
81	5	888.88	88	888.88	88
81	6	888.88	88	888.88	88
81	7	888.88	88	888.88	88
81	8	888.88	88	888.88	88
81	9	888.88	88	888.88	88
81	10	888.88	88	888.88	88
81	11	888.88	88	888.88	88
81	12	62	1	62	1
81	13	45	1	45	1
81	14	42	1	42	1
81	15	.4	3	.4	1
81	16	1.7	3	1.5	1
81	17	3	3	3	1
81	18	.8	3	.5	1
81	19	2.3	3	2	1
81	20	1.4	3	1.2	1
81	21	4.3	3	4	1
81	22	.7	3	.5	1
81	23	4	3	4	1
81	24	1.8	3	1.5	1
81	25	2	3	2	1
82	1	888.88	88	888.88	88
82	2	888.88	88	888.88	88
82	3	888.88	88	888.88	88
82	4	888.88	88	888.88	88
82	5	888.88	88	888.88	88
82	6	888.88	88	888.88	88
82	7	888.88	88	888.88	88
82	8	888.88	88	888.88	88
82	9	888.88	88	888.88	88
82	10	888.88	88	888.88	88
82	11	888.88	88	888.88	88
82	12	43	8	43	8
82	13	40	8	42	8
82	14	42	8	42	8
82	15	.8	3	.8	8
82	16	1.6	3	1.6	8
82	17	2.4	3	2.4	8
82	18	12	3	12	8
82	19	2.2	3	2.2	8
82	20	1.5	3	1.5	8
82	21	4.5	3	4.5	8
82	22	.5	3	.5	8
82	23	4.5	3	4.5	8
82	24	2.3	3	2.3	8
82	25	1.8	3	1.8	8
