childid	donfdid	dontypr3	donrcvr3	donamtr3	donmsrr3	donprcr3	prcmsrr3
PE018002	1	1	150	1	8	1	8
PE018002	2	9	150	1	7	.200000002980232	7
PE018003	1	10	360	1	8	1	8
PE018004	1	10	100	2	8	2.5	8
PE018007	1	1	150	3	8	.200000002980232	8
PE018007	2	9	155	3	7	.100000001490116	7
PE018010	1	8	12	2	2	2.5	2
PE018010	2	5	12	1	1	7	1
PE018010	3	6	12	1	3	1	3
PE018012	1	1	100	1	8	.5	8
PE018012	2	9	100	1	7	.100000001490116	7
PE018015	1	9	180	2	7	.200000002980232	7
PE018015	2	1	180	2	8	.5	8
PE018017	1	8	2	5	2	2.5	2
PE018018	1	10	15	4	8	.5	8
PE018018	2	1	100	1	8	.5	8
PE018018	3	9	100	1	7	.300000011920929	7
PE018019	1	1	30	3	8	.5	8
PE018019	2	9	30	3	7	.200000002980232	7
PE018020	1	10	300	1	8	.5	8
PE018020	2	9	270	1	7	.200000002980232	7
PE018020	3	1	270	2	3	.5	3
PE018027	1	9	160	2	7	.200000002980232	7
PE018027	2	10	160	2	8	.200000002980232	8
PE018028	1	1	365	1	8	1	8
PE018029	1	10	160	1	8	.5	8
PE018029	2	9	160	1	7	.300000011920929	7
PE018035	1	9	180	2	7	.200000002980232	7
PE018035	2	1	180	4	8	.200000002980232	8
PE018038	1	10	264	2	8	.5	8
PE018038	2	10	180	2	8	.5	8
PE018038	3	9	180	2	7	.200000002980232	7
PE018039	1	10	1	3	8	.5	8
PE018040	1	10	30	8	8	1.5	8
PE018044	1	1	170	1	8	.5	8
PE018045	1	9	34	1	7	.200000002980232	7
PE018046	1	10	200	2	8	.5	8
PE018047	1	1	200	1	8	.5	8
PE018047	2	9	200	1	7	.200000002980232	7
PE028006	1	10	10	1	8	1	8
PE028011	1	10	10	1	5	2	5
PE028012	1	8	4	4	2	1.60000002384186	2
PE028012	2	5	4	1	1	6	1
PE028012	3	7	4	2	6	3	6
PE028012	4	6	4	1	4	1.29999995231628	4
PE028016	1	8	8	2	2	1.79999995231628	2
PE028016	2	6	8	1	4	1.5	4
PE028016	3	5	8	1	1	7	1
PE028017	1	10	88	1	9	2	9
PE028022	1	10	190	1	8	.5	8
PE028022	2	10	60	1	5	1	5
PE028023	1	1	3	3	6	2.5	6
PE028023	2	3	3	1	2	2.5	2
PE028023	3	10	3	1	8	1	8
PE038002	1	1	12	1	8	.200000002980232	8
PE038004	1	3	6	4	2	2	2
PE038004	2	1	6	3	6	2	6
PE038006	1	1	12	5	1	1	1
PE038006	2	10	48	1	9	2	9
PE038009	1	9	39	1	7	.400000005960464	7
PE038009	2	1	10	1	2	2	2
PE038009	3	5	3	2	1	7	1
PE038009	4	8	3	2	2	1.20000004768372	2
PE038009	5	6	3	2	2	3	2
PE038012	1	1	220	1	8	1	8
PE038012	2	9	220	1	7	.5	7
PE038015	1	7	1	5	2	3.20000004768372	2
PE038017	1	1	52	1	8	.5	8
PE038017	2	9	160	1	7	.300000011920929	7
PE038019	1	5	10	2	1	6	1
PE038019	2	8	10	2	2	2.59999990463257	2
PE038019	3	6	10	2	2	1	2
PE038019	4	1	39	1	8	.5	8
PE038020	1	1	12	1	8	.200000002980232	8
PE038020	2	3	10	1	2	6	2
PE038021	1	1	12	1	8	.200000002980232	8
PE038022	1	6	3	10	2	2	2
PE038023	1	1	16	4	6	2.59999990463257	6
PE038023	2	3	4	1	2	3.5	2
PE038023	3	10	110	1	9	1.5	9
PE038024	1	1	12	1	8	1	8
PE048003	1	1	6	1	6	2.79999995231628	6
PE048003	2	1	110	1	8	.5	8
PE048003	3	9	110	1	7	.5	7
PE048005	1	1	3	1	6	1.60000002384186	6
PE048009	1	1	4	1	2	2	2
PE048009	2	9	44	1	7	.200000002980232	7
PE048012	1	10	10	1	5	2	5
PE048015	1	1	170	1	3	1	3
PE048015	2	9	170	1	7	.200000002980232	7
PE048017	1	1	4	12	6	2.79999995231628	6
PE048018	1	10	200	1	8	.5	8
PE048018	2	9	200	1	7	.300000011920929	7
PE048018	3	10	150	1	9	2	9
PE048021	1	9	180	1	7	.100000001490116	7
PE048021	2	10	180	1	8	1	8
PE048022	1	1	2	12	6	2.79999995231628	6
PE048022	2	8	3	4	2	2	2
PE048022	3	7	3	2	6	3	6
PE048022	4	6	3	1	2	3	2
PE048022	5	5	3	1	1	6	1
PE048023	1	1	39	2	3	.5	3
PE048023	2	9	39	2	7	.200000002980232	7
PE048025	1	9	250	1	7	.5	7
PE048025	2	10	250	1	8	1	8
PE048025	3	10	20	2	5	2.5	5
PE058001	1	9	39	1	7	.200000002980232	7
PE058001	2	1	39	1	2	1.79999995231628	2
PE058002	1	1	240	1	8	.5	8
PE058002	2	9	240	1	7	.5	7
PE058004	1	1	63	3	7	1	7
PE058006	1	1	200	1	8	1	8
PE058006	2	9	200	1	7	.300000011920929	7
PE058008	1	5	1	1	1	6	1
PE058008	2	2	1	3	2	2	2
PE058008	3	6	1	1	2	6	2
PE058008	4	8	12	2	2	1.39999997615814	2
PE058011	1	2	60	1	8	.5	8
PE058011	2	9	60	1	7	.200000002980232	7
PE058014	1	1	12	1	1	1	1
PE058015	1	1	180	2	8	.5	8
PE058015	2	9	180	2	7	.200000002980232	7
PE058016	1	1	32	2	1	1	1
PE058016	2	10	180	1	9	2	9
PE058016	3	1	180	2	8	.5	8
PE058016	4	9	180	2	7	.200000002980232	7
PE058016	5	5	3	1	1	6.5	1
PE058016	6	8	3	4	2	1.10000002384186	2
PE058016	7	6	3	1	2	1.5	2
PE058017	1	1	96	1	1	2	1
PE058019	1	1	52	2	8	.5	8
PE058020	1	1	24	1	1	1.20000004768372	1
PE058025	1	2	180	1	8	.5	8
PE058025	2	9	180	1	7	.200000002980232	7
PE058026	1	1	180	1	8	.5	8
PE058026	2	9	180	1	7	.5	7
PE058027	1	8	7	4	2	1.5	2
PE058027	2	6	7	1	2	2.5	2
PE058027	3	7	7	3	6	2	6
PE058027	4	5	7	1	1	3.5	1
PE058027	5	1	48	3	1	1	1
PE058027	6	9	140	1	7	.100000001490116	7
PE058027	7	1	140	1	8	.5	8
PE058029	1	1	180	1	8	.5	8
PE058029	2	9	180	1	7	.300000011920929	7
PE058030	1	1	180	1	8	.5	8
PE058030	2	9	180	2	7	.200000002980232	7
PE068005	1	1	360	4	8	.300000011920929	8
PE068005	2	8	12	4	2	4.19999980926514	2
PE068008	1	1	12	6	1	1.20000004768372	1
PE068017	1	1	200	2	8	1	8
PE068017	2	9	200	2	7	.200000002980232	7
PE078009	1	3	24	3	2	2	2
PE078011	1	1	17	1	8	1	8
PE078011	2	9	17	1	7	.100000001490116	7
PE078011	3	10	4	1	5	2	5
PE078014	1	1	360	2	8	1	8
PE078014	2	9	360	2	7	.5	7
PE078019	1	8	12	1	2	3.5	2
PE078019	2	5	12	.25	1	6	1
PE078019	3	6	12	1	2	5	2
PE078030	1	1	280	1	8	.300000011920929	8
PE078030	2	9	280	1	7	.100000001490116	7
PE078031	1	10	1	4	8	1	8
PE078033	1	8	34	3.25	2	2.5	2
PE078046	1	10	90	1	5	2.5	5
PE088005	1	7	3	1	2	15	2
PE088005	2	7	3	1	2	25	2
PE088005	3	7	3	1	2	20	2
PE088005	4	9	192	10	7	.100000001490116	7
PE088005	5	15	3	15	7	.300000011920929	7
PE088012	1	10	2	3	8	.600000023841858	8
PE088015	1	10	300	6	8	.5	8
PE088018	1	10	312	2	9	.5	8
PE088018	2	1	204	2	8	1	8
PE088019	1	1	12	3	6	2.5	6
PE088019	2	3	12	2	3	2	3
PE088029	1	10	360	3	8	.5	8
PE088029	2	8	2	1	2	1.5	2
PE088029	3	5	2	1	7	1.39999997615814	7
PE088029	4	6	2	1	4	1.29999995231628	4
PE088029	5	4	2	3	2	2.5	2
PE098002	1	5	3	1	1	5	1
PE098002	2	6	3	1	2	4	2
PE098002	3	7	3	1	6	2	6
PE098002	4	8	3	3	2	2	2
PE098002	5	10	150	2	8	.5	8
PE098002	6	9	150	2	7	.200000002980232	7
PE098004	1	1	135	3	8	1	8
PE098004	2	9	135	3	7	.5	7
PE098006	1	1	135	2	8	.5	8
PE098006	2	9	135	2	7	.300000011920929	7
PE098009	1	8	4	.5	2	1.5	2
PE098009	2	15	2	.5	2	1	2
PE098011	1	4	16	2	2	2	2
PE098013	1	1	12	3	6	2.5	6
PE098013	2	3	12	1	2	4.5	2
PE098013	3	8	1	25	2	2	2
PE098013	4	11	1	25	2	2	2
PE098013	5	5	1	3	1	7	1
PE098019	1	1	4	1	2	3	2
PE098019	2	9	70	1	7	.5	7
PE098022	1	1	12	2	6	2.5	6
PE098022	2	3	12	3	2	3	2
PE098023	1	3	12	1	4	2	4
PE098023	2	1	12	3	6	2.29999995231628	6
PE098024	1	3	12	1	2	3	2
PE098024	2	1	12	1	6	2.5	6
PE098026	1	8	3	12	2	3	2
PE098026	2	8	1	6	2	3.59999990463257	2
PE098026	3	15	1	50	2	1	2
PE098028	1	1	12	3	3	1	3
PE098028	2	3	12	2	2	4	2
PE098028	3	9	120	1	7	.5	7
PE108004	1	1	12	3	6	2.5	6
PE108004	2	3	12	1	2	4	2
PE108008	1	1	12	3	6	2.5	6
PE108008	2	3	12	2	2	4	2
PE108009	1	3	12	1	2	4	2
PE108009	2	1	12	3	6	2.5	6
PE108018	1	3	7	1	2	4	2
PE108018	2	1	36	3	6	2.5	6
PE108023	1	3	12	1	2	4	2
PE108023	2	1	12	3	6	2.5	6
PE108028	1	1	182	2	8	1	8
PE108028	2	9	182	2	7	.200000002980232	7
PE118005	1	3	12	1	2	2	2
PE118008	1	1	180	1	8	.200000002980232	8
PE118008	2	9	50	1	7	.200000002980232	7
PE118008	3	10	90	1	5	1	5
PE118010	1	10	169	1	9	.5	9
PE118011	1	1	12	2	3	2.5	3
PE118011	2	3	12	2	2	4	2
PE118011	3	15	12	2	7	.5	7
PE118012	1	10	200	1	9	3	9
PE118013	1	10	200	1	9	2.5	9
PE118015	1	4	4	3	2	4	2
PE118015	2	10	154	2	9	1	9
PE118016	1	3	12	1	2	3	2
PE118016	2	10	200	1	8	.5	8
PE118017	1	3	12	3	2	4	2
PE118022	1	10	150	1	5	3	5
PE118022	2	5	3	1	1	6	1
PE118022	3	6	3	1	2	3	2
PE118022	4	8	3	2	2	2.79999995231628	2
PE118023	1	10	180	2	9	3.5	9
PE118024	1	10	200	1	9	3	9
PE118024	2	3	12	1	2	3	2
PE118024	3	15	12	2	7	.5	7
PE118027	1	3	12	2	2	4	2
PE118027	2	15	12	2	4	1	4
PE118028	1	8	12	1	2	3	2
PE118028	2	4	8	9	2	3	2
PE118028	3	5	12	.5	1	3	1
PE118028	4	7	12	1	7	3	7
PE118028	5	6	12	1	2	1.5	2
PE118029	1	10	80	1	5	2.5	5
PE118030	1	15	3	125	2	1.29999995231628	2
PE118030	2	15	2	50	2	1	2
PE128002	1	1	52	2	4	2	4
PE128002	2	1	52	2	4	1	4
PE128002	3	3	52	2	4	1	4
PE128004	1	10	260	5	8	1	8
PE128004	2	1	215	3	3	.5	3
PE128004	3	9	55	3	7	.5	7
PE128005	1	3	12	1	4	2	4
PE128005	2	1	12	2	6	2	6
PE128007	1	10	84	6	8	.5	8
PE128011	1	1	24	3	6	2	6
PE128011	2	3	24	2	2	3	2
PE128011	3	1	200	1	3	.5	3
PE128011	4	9	200	1	7	.200000002980232	7
PE128011	5	11	96	2	2	1.79999995231628	2
PE128013	1	1	170	1	3	1	3
PE128013	2	9	170	1	7	.200000002980232	7
PE128019	1	1	24	4	6	2	6
PE128019	2	3	24	1	2	1	2
PE128020	1	1	12	3	6	2.5	6
PE128020	2	3	12	2	4	2	4
PE128021	1	10	4	2	8	1	8
PE128022	1	10	240	2	8	.699999988079071	8
PE128024	1	10	73	4	8	1	8
PE128029	1	10	170	2	8	1	8
PE128032	1	3	52	1	4	2.5	4
PE128032	2	1	52	1	6	1.79999995231628	6
PE128037	1	3	12	2	2	1	2
PE128037	2	1	12	5	6	2	6
PE128037	3	9	180	1	7	.200000002980232	7
PE128037	4	1	180	1	3	.5	3
PE128041	1	10	172	4	8	.5	8
PE128041	2	1	140	1	3	.5	3
PE128041	3	9	140	1	7	.200000002980232	7
PE128046	1	10	240	2	8	.600000023841858	8
PE128050	1	1	12	4	6	2	6
PE128050	2	3	12	1	4	1.5	4
PE128051	1	1	340	2	3	.5	3
PE128051	2	9	340	2	7	.200000002980232	7
PE138004	1	1	260	2	6	1	6
PE138004	2	3	260	1	2	1	2
PE138011	1	10	240	2	8	1	8
PE138011	2	1	12	3	6	2	6
PE138014	1	1	310	2	3	.5	3
PE138014	2	9	310	2	7	.200000002980232	7
PE138015	1	10	200	2	8	.5	8
PE138015	2	9	200	4	7	.5	7
PE138015	3	9	200	2	7	.300000011920929	7
PE138015	4	9	40	2	7	.400000005960464	7
PE138016	1	10	280	4	8	.200000002980232	8
PE138016	2	1	128	2	3	.300000011920929	3
PE138016	3	9	128	2	7	.200000002980232	7
PE138020	1	10	260	2	8	1.70000004768372	8
PE138024	1	10	242	4	8	2	8
PE138029	1	1	60	1	3	.200000002980232	3
PE138029	2	9	60	1	7	.100000001490116	7
PE138030	1	10	300	5	8	2.5	8
PE138037	1	10	360	1	8	.699999988079071	8
PE138042	1	1	12	2	6	2.79999995231628	6
PE138042	2	8	2	1	4	2	4
PE138042	3	4	12	3	2	2	2
PE138042	4	5	12	1	1	4	1
PE138042	5	6	12	1	4	1.79999995231628	4
PE138042	6	8	12	2	2	2	2
PE138044	1	10	280	4	8	.5	8
PE138044	2	10	100	1	9	2.5	9
PE138048	1	1	310	2	3	1	3
PE138048	2	9	310	2	7	.5	7
PE138049	1	1	115	1	3	.5	3
PE138049	2	9	12	1	7	.100000001490116	7
PE138052	1	1	240	1	3	1	3
PE138053	1	10	240	3	8	2	8
PE148001	1	6	1	5	2	2	2
PE148001	2	8	1	5	2	2	2
PE148001	3	5	1	1	1	5.5	1
PE148001	4	7	1	2	6	2	6
PE148002	1	5	1	1	1	6	1
PE148002	2	6	1	3	2	7	2
PE148002	3	8	1	3	2	6	2
PE148004	1	1	48	3	3	1	3
PE148004	2	3	48	1	4	2	4
PE148005	1	1	120	10	6	1.79999995231628	6
PE148005	2	3	48	4	4	2	4
PE148005	3	10	60	25	9	1.20000004768372	9
PE148010	1	1	26	3	6	1	6
PE148010	2	3	26	1	4	2	4
PE148010	3	1	170	3	3	1	3
PE148010	4	9	170	3	7	.5	7
PE148011	1	3	12	1	2	4	2
PE148011	2	1	12	4	1	2.59999990463257	1
PE148014	1	10	52	4	8	1	6
PE148014	2	9	90	1	7	.300000011920929	7
PE148017	1	1	52	1	3	2	3
PE148017	2	3	52	1	3	1.5	3
PE148017	3	8	1	2	2	2	2
PE148017	4	5	1	1	1	7	1
PE148017	5	6	1	1	4	1.5	4
PE148018	1	3	24	1	4	2	4
PE148018	2	1	24	3	3	1	3
PE148021	1	3	52	1	3	1	3
PE148021	2	1	52	1	4	2.5	4
PE148023	1	1	52	1	6	1.79999995231628	6
PE148023	2	3	26	1	4	1.5	4
PE148025	1	1	36	1	6	2	6
PE148025	2	3	36	1	3	1	3
PE148025	3	9	72	1	7	.5	7
PE148025	4	1	72	1	3	1	3
PE148026	1	1	52	3	3	2	3
PE148026	2	3	52	1	2	1.5	2
PE148026	3	5	1	1	1	7	1
PE148026	4	6	1	5	2	3	2
PE148026	5	8	1	5	2	2.59999990463257	2
PE148026	6	7	1	3	6	3	6
PE148026	7	9	180	1	7	.5	7
PE148027	1	8	2	3	2	4.80000019073486	3
PE148027	2	6	2	2	2	3.79999995231628	2
PE148027	3	5	2	1	1	5	1
PE148028	1	1	52	4	3	2.5	3
PE148028	2	3	52	1	4	2	4
PE148028	3	9	160	1	7	.200000002980232	7
PE148029	1	1	52	1	4	1	4
PE148029	2	3	25	1	4	1	4
PE148030	1	1	48	4	1	2.5	1
PE148030	2	3	48	1	4	1.79999995231628	4
PE148031	1	6	1	2	2	4	2
PE148031	2	5	1	1	1	5.80000019073486	1
PE148031	3	8	1	4	2	1.79999995231628	2
PE148031	4	15	1	1	2	3.59999990463257	2
PE148033	1	1	21	4	6	2	6
PE148033	2	3	14	2	4	1	4
PE148033	3	1	140	1	3	.5	3
PE148033	4	9	140	1	7	.5	7
PE148035	1	1	24	2	6	2	6
PE148035	2	3	24	1	3	1	3
PE148036	1	1	48	1	6	2	6
PE148036	2	3	48	1	4	2	4
PE148039	1	1	30	1	7	1	7
PE148039	2	9	30	1	7	.100000001490116	7
PE148041	1	1	12	2	6	1.5	6
PE148041	2	3	12	1	3	1	3
PE148045	1	1	1	2	6	2.5	6
PE148045	2	8	1	2	2	3	2
PE148045	3	15	1	4	3	.800000011920929	3
PE148045	4	9	1	1	7	24	7
PE148045	5	15	1	1	6	6	6
PE148045	6	15	1	1	7	12	7
PE148045	7	15	1	2	7	1	7
PE148046	1	1	44	1	6	2.5	6
PE148046	2	3	10	1	4	2.5	4
PE148046	3	10	120	1	5	2	5
PE148047	1	1	36	1	3	1	3
PE148047	2	3	9	1	3	.5	3
PE148048	1	1	48	1	4	1	4
PE148048	2	3	24	2	6	2	6
PE148049	1	3	12	4	2	2.5	2
PE148049	2	1	12	3	1	2.20000004768372	1
PE158003	1	9	200	2	7	.100000001490116	7
PE158004	1	15	2	50	2	.5	2
PE158004	2	15	2	80	7	.200000002980232	7
PE158008	1	1	12	4	6	2.20000004768372	6
PE158008	2	3	12	4	3	1	3
PE158009	1	9	180	1	7	.300000011920929	7
PE158009	2	10	180	1	8	1	8
PE158010	1	9	190	1	7	.300000011920929	7
PE158010	2	1	8	1	2	2	2
PE158012	1	10	250	3	9	1	9
PE158013	1	9	100	1	7	.600000023841858	7
PE158013	2	1	6	1	8	2.20000004768372	8
PE158013	3	3	6	3	2	1.20000004768372	2
PE158017	1	7	36	1	6	1.5	6
PE158017	2	6	36	1	3	1	3
PE158017	3	8	36	1	2	2	2
PE158017	4	11	36	1	2	2.5	2
PE158017	5	5	4	1	3	3	3
PE158018	1	1	3	3	6	2.40000009536743	6
PE158018	2	3	3	4	3	1	3
PE158021	1	1	12	1	6	2.5	6
PE158021	2	7	12	2	6	2	6
PE158021	3	5	12	1	1	4	1
PE158021	4	8	12	3	1	2	1
PE158021	5	6	12	3	1	3	1
PE158021	6	8	12	3	1	2	1
PE158023	1	8	12	1	2	2.5	2
PE158023	2	4	12	2	2	2	2
PE158023	3	5	12	.5	1	3.5	1
PE158023	4	6	12	2	8	4	8
PE158024	1	4	12	3	2	3	2
PE158024	2	6	12	1	4	1	4
PE158024	3	5	12	1	1	4.5	1
PE158024	4	7	12	2	6	2.5	6
PE158025	1	4	18	3	2	2	2
PE158025	2	9	240	3	7	.200000002980232	7
PE158034	1	9	198	2	7	.100000001490116	7
PE158036	1	1	12	2	6	2.5	6
PE158036	2	8	12	1	2	4	2
PE158036	3	10	150	1	5	3.5	5
PE158036	4	9	150	1	7	.200000002980232	7
PE158036	5	10	150	1	8	1	8
PE158037	1	9	360	2	7	.5	7
PE158037	2	4	18	2	2	2.5	2
PE158043	1	1	12	2	6	2.5	6
PE158043	2	3	12	.349999994039536	2	8.80000019073486	2
PE158045	1	3	7	2	3	1	3
PE158045	2	1	7	2	6	2.5	6
PE158046	1	1	12	6	7	2.59999990463257	7
PE158046	2	3	12	3	7	1	7
PE158047	1	1	9	2	2	4	2
PE158047	2	9	188	2	7	.100000001490116	7
PE158053	1	1	12	2	6	5	6
PE158053	2	3	12	1	2	3	2
PE158057	1	1	2	6	6	2.5	6
PE158057	2	3	2	6	3	1.5	3
PE168001	1	10	80	4	9	1.5	9
PE168002	1	10	180	3	5	2	5
PE168002	2	1	40	2	8	.5	8
PE168002	3	9	40	2	7	.300000011920929	7
PE168003	1	1	12	6	6	1.5	6
PE168003	2	2	12	1	2	3	2
PE168003	3	8	12	2	2	4	2
PE168003	4	6	12	1	2	3	2
PE168003	5	5	12	.5	1	3	1
PE168004	1	1	12	7	6	1.20000004768372	6
PE168004	2	2	12	2	2	2	2
PE168004	3	4	12	3	2	2	2
PE168004	4	5	4	2	3	1.5	3
PE168004	5	8	4	2	2	2.5	2
PE168004	6	6	4	1	2	3	2
PE168004	7	10	120	1	9	1	9
PE168005	1	10	300	3	9	2.5	9
PE168006	1	10	160	1	9	3	9
PE168007	1	1	4	7	6	1.20000004768372	6
PE168007	2	3	4	2	2	3	2
PE168007	3	10	160	1	9	1	9
PE168008	1	10	55	1	9	1	9
PE168008	2	1	95	1	8	.5	8
PE168009	1	10	150	3	9	2	9
PE168009	2	1	150	3	8	.5	8
PE168010	1	1	4	10	6	2.5	6
PE168010	2	8	4	4	2	3.5	2
PE168010	3	10	320	2	8	.5	8
PE168010	4	9	320	2	7	.5	7
PE168011	1	1	180	1	8	1	8
PE168011	2	10	180	1	9	2.5	9
PE168012	1	1	4	2	2	2	2
PE168012	2	1	4	7	6	1.20000004768372	6
PE168012	3	10	300	1	9	3	9
PE168012	4	1	86	1	8	.5	8
PE168012	5	1	86	1	8	.5	8
PE168013	1	1	160	2	8	.5	8
PE168013	2	10	160	2	9	1	9
PE168015	1	1	12	3	6	1.20000004768372	6
PE168015	2	8	12	2	2	2	2
PE168016	1	1	140	1	8	.300000011920929	8
PE168016	2	10	80	1	9	1	9
PE168018	1	10	1	1	9	2	9
PE168019	1	1	6	3	2	2	2
PE168019	2	1	6	4	6	1.20000004768372	6
PE168019	3	10	100	2	8	.5	8
PE168019	4	10	100	3	9	1.5	9
PE168020	1	1	170	3	8	.5	8
PE168020	2	9	170	3	7	.300000011920929	7
PE168020	3	1	6	3	6	1.20000004768372	6
PE168020	4	8	6	1	2	4	2
PE168020	5	10	200	1	9	1.5	9
PE168021	1	4	12	2	2	2	2
PE168021	2	5	12	1	1	7	1
PE168021	3	8	12	2	2	2	2
PE168021	4	6	12	2	2	1	2
PE168021	5	6	12	1	4	.5	4
PE168022	1	1	12	4	6	2.5	6
PE168022	2	10	180	1	9	3	9
PE168024	1	10	180	3	9	3	9
PE168025	1	1	12	4	6	1.20000004768372	6
PE168025	2	3	12	1	2	3	2
PE168025	3	10	80	1	9	1.5	9
PE178002	1	3	2	1	2	4	2
PE178002	2	1	2	9	6	2.59999990463257	6
PE178002	3	1	55	1	8	1	8
PE178002	4	9	75	1	7	.300000011920929	7
PE178004	1	10	72	6	5	6	5
PE178011	1	1	4	12	6	1.5	6
PE178011	2	3	4	2	2	2	2
PE178011	3	10	170	1	9	3	9
PE178019	1	9	140	1	7	.200000002980232	7
PE178020	1	3	4	3	2	2	2
PE178020	2	1	4	5	6	2.5	6
PE178021	1	10	150	2	9	6	9
PE178024	1	9	60	1	7	.200000002980232	7
PE178025	1	1	4	8	6	2.79999995231628	6
PE178025	2	9	160	1	7	.5	7
PE178025	3	10	100	1	5	1.5	5
PE178026	1	1	3	6	6	2.79999995231628	6
PE178027	1	1	4	8	6	2.5	6
PE178027	2	3	4	3	2	4	2
PE178029	1	1	6	8	6	2.5	6
PE178029	2	10	120	1	9	2	9
PE178030	1	2	3	3	2	10	2
PE178033	1	10	180	1	9	1	9
PE178035	1	1	4	8	6	2	6
PE178036	1	1	24	 	 	 	 
PE188001	1	2	1	2	3	6	3
PE188001	2	5	1	1	1	6.5	1
PE188001	3	8	1	2	3	3	3
PE188007	1	1	12	8	1	1.5	1
PE188007	2	9	340	2	7	.5	7
PE188007	3	1	340	2	8	.5	8
PE188007	4	8	12	2	2	2	2
PE188007	5	5	12	1	1	6.5	1
PE188008	1	1	12	4	1	1.5	1
PE188012	1	1	120	2	8	.5	8
PE188012	2	9	120	2	7	.300000011920929	7
PE188013	1	9	170	6	7	.699999988079071	7
PE188013	2	1	170	6	8	1	8
PE188015	1	1	140	1	8	1	8
PE188015	2	9	140	1	7	.200000002980232	7
PE188017	1	9	240	2	7	.200000002980232	7
PE188017	2	1	240	2	8	.200000002980232	8
PE188017	3	10	100	1	9	.699999988079071	9
PE188018	1	10	320	1	5	.800000011920929	5
PE188018	2	1	320	1	8	1	8
PE188019	1	1	12	10	1	1.5	1
PE188022	1	1	180	1	8	.5	8
PE188022	2	9	180	1	7	.200000002980232	7
PE188024	1	1	130	1	8	.5	8
PE188024	2	1	12	5	1	1.5	1
PE188024	3	9	150	1	7	.300000011920929	7
PE188025	1	1	2	2	2	1.5	2
PE188025	2	5	1	2	1	5	1
PE198003	1	1	3	1	3	1	3
PE198004	1	3	12	1	2	1	2
PE198004	2	1	12	5	6	2	6
PE198010	1	1	12	1	2	1.5	2
PE198014	1	1	12	1	1	3	1
PE198014	2	4	6	2	2	2	2
PE198014	3	8	6	2	2	2.79999995231628	2
PE198014	4	5	6	1	1	6	1
PE198014	5	6	6	1	4	1.5	4
PE198015	1	1	2	2	2	3	2
PE198017	1	6	6	2	2	4	2
PE208017	1	3	3	1	2	3	2
PE208017	2	1	3	4	4	1.5	4
PE208021	1	3	1	2	4	4	4
PE208021	2	1	1	2	1	2.5	1
PE208022	1	1	4	4	1	2.20000004768372	1
PE208022	2	8	4	1	2	3.5	2
PE208022	3	1	60	1	8	1	8
PE208022	4	9	60	1	7	.200000002980232	7
PE208030	1	3	6	1	2	1.79999995231628	2
PE208030	2	1	6	3	6	2.79999995231628	6
PE208048	1	1	70	1	8	.5	8
PE208048	2	9	70	1	7	.300000011920929	7
