childid	cropid	cropr3	qnthrvr3	qntuntr3
PE011012	1	45	300	8
PE011028	1	53	7000	2
PE011051	1	4	1000	8
PE011051	2	53	4000	2
PE011051	3	44	100	2
PE011051	4	56	10	8
PE011051	5	45	100	8
PE011051	6	51	30	8
PE011051	7	108	40	8
PE011054	1	44	200	10
PE011081	1	53	200	10
PE021003	1	4	16848	2
PE021004	1	4	6384	2
PE021004	2	85	25	2
PE021004	3	89	15	2
PE021004	4	93	4	8
PE021005	1	4	2400	11
PE021007	1	4	17280	2
PE021009	1	4	80	11
PE021014	1	4	5400	2
PE021016	1	4	7200	11
PE021021	1	53	1220	10
PE021022	1	4	700	11
PE021023	1	53	44	10
PE021024	1	4	900	2
PE021024	2	69	.5	10
PE021024	3	85	.5	3
PE021024	4	89	50	2
PE021027	1	4	480	11
PE021027	2	89	1	10
PE021027	3	132	15	2
PE021027	4	93	50	8
PE021028	1	53	10000	2
PE021033	1	53	180	10
PE021035	1	53	90	10
PE021038	1	53	235	10
PE021042	1	53	80	10
PE021043	1	4	1920	11
PE021043	2	4	36000	8
PE021045	1	4	8000	8
PE021046	1	53	350	10
PE021049	1	4	3600	8
PE021050	1	53	97	10
PE021051	1	53	115	10
PE021051	2	4	840	11
PE021052	1	4	72000	8
PE021052	2	53	40	10
PE021053	1	89	20	2
PE021053	2	56	10	2
PE021053	3	69	20	10
PE021055	1	53	2300	10
PE021055	2	89	4.5	1
PE021055	3	85	3	1
PE021055	4	82	25	10
PE021055	5	69	5	1
PE021058	1	53	48	10
PE021066	1	4	84000	8
PE021067	1	53	200	10
PE021068	1	53	25	10
PE021069	1	53	18	10
PE021073	1	53	37000	2
PE021075	1	44	280	11
PE021077	1	53	480	10
PE021078	1	53	3	4
PE021079	1	4	24000	8
PE021079	2	53	180	10
PE021080	1	4	80000	8
PE021081	1	53	320	10
PE021083	1	4	3600	8
PE021083	2	53	99	10
PE021084	1	4	5000	8
PE021090	1	4	10	7
PE021092	1	4	360	2
PE021094	1	53	8	10
PE021095	1	4	216	11
PE021099	1	53	700	10
PE031002	1	44	5	10
PE031002	2	75	12	10
PE031002	3	55	20	10
PE031002	4	89	3	10
PE031003	1	44	10	5
PE031003	2	75	10	5
PE031004	1	99	1	5
PE031004	2	75	8	5
PE031004	3	44	5	5
PE031006	1	44	12	5
PE031006	2	75	12	5
PE031006	3	89	2	 
PE031007	1	44	24	5
PE031007	2	75	10	5
PE031007	3	99	2	5
PE031007	4	89	3	10
PE031008	1	44	12	5
PE031008	2	75	12	5
PE031008	3	55	8	10
PE031009	1	75	12	5
PE031009	2	44	12	3
PE031009	3	99	1	5
PE031009	4	55	10	10
PE031011	1	55	4	10
PE031011	2	75	2	5
PE031011	3	44	3	5
PE031011	4	99	2	5
PE031013	1	75	20	5
PE031013	2	44	18	10
PE031013	3	89	10	5
PE031013	4	55	33	10
PE031013	5	101	4	9
PE031014	1	44	20	5
PE031014	2	75	7	10
PE031014	3	89	2	10
PE031014	4	55	10	10
PE031014	5	99	1	3
PE031014	6	17	1	10
PE031015	1	17	10	2
PE031015	2	4	500	8
PE031016	1	44	3	5
PE031016	2	75	5	5
PE031016	3	17	3	5
PE031016	4	56	10	8
PE031016	5	4	1500	8
PE031020	1	44	12	5
PE031020	2	89	6	10
PE031021	1	99	1	10
PE031021	2	44	1	10
PE031021	3	89	1	10
PE031021	4	75	1	10
PE031022	1	44	12	10
PE031024	1	44	6	10
PE031026	1	44	7	5
PE031030	1	44	5	10
PE031030	2	108	2160	8
PE031030	3	51	100	11
PE031030	4	83	3	11
PE031032	1	75	18	5
PE031032	2	44	12	5
PE031032	3	99	3	5
PE031033	1	75	4	10
PE031033	2	44	4	10
PE031033	3	55	10	10
PE031033	4	4	10	11
PE031033	5	17	1	2
PE031034	1	44	5	10
PE031036	1	44	4	10
PE031036	2	75	6	10
PE031036	3	99	2	10
PE031036	4	96	4	10
PE031036	5	12	20	2
PE031036	6	10	40	8
PE031036	7	102	100	8
PE031039	1	44	16	3
PE031039	2	99	14	3
PE031039	3	89	14	3
PE031040	1	75	3	5
PE031040	2	44	1.5	5
PE031040	3	99	1	5
PE031040	4	55	1	10
PE031040	5	26	2	3
PE031040	6	102	96	7
PE031040	7	108	16	6
PE031045	1	75	1	10
PE031045	2	44	2	10
PE031045	3	99	4	10
PE031046	1	75	2	5
PE031046	2	44	1	9
PE031046	3	99	2	5
PE031047	1	96	12	5
PE031047	2	75	6	5
PE031047	3	99	4	5
PE031047	4	44	4	5
PE031047	5	86	6	2
PE031047	6	101	6	2
PE031048	1	44	6	9
PE031048	2	75	2	5
PE031048	3	55	6	5
PE031049	1	44	26	5
PE031049	2	75	45	5
PE031049	3	99	9	5
PE031049	4	89	10	5
PE031049	5	55	15	10
PE031049	6	4	8000	8
PE031049	7	17	1	5
PE031050	1	44	5	10
PE031050	2	89	4	5
PE031050	3	99	1	5
PE031052	1	44	6	5
PE031054	1	44	3	10
PE031054	2	75	10	10
PE031055	1	44	120	5
PE031055	2	89	360	5
PE031055	3	75	400	5
PE031056	1	89	2	5
PE031056	2	44	2	10
PE031056	3	99	.5	3
PE031057	1	44	8	5
PE031057	2	75	14	5
PE031057	3	89	2	5
PE031057	4	10	30	8
PE031057	5	12	10	2
PE031057	6	51	20	8
PE031057	7	4	7	7
PE031058	1	44	24	5
PE031058	2	75	30	5
PE031058	3	89	6	5
PE031058	4	4	2	10
PE031058	5	17	1	5
PE031058	6	67	10	9
PE031058	7	132	18	2
PE031059	1	44	5	5
PE031059	2	75	4	5
PE031059	3	89	1	5
PE031059	4	4	6	7
PE031059	5	67	2	10
PE031059	6	17	10	2
PE031060	1	89	3	10
PE031060	2	44	6	10
PE031060	3	75	15	5
PE031061	1	44	1	10
PE031061	2	55	2	10
PE031061	3	102	180	7
PE031061	4	108	5	6
PE031061	5	10	15	7
PE031062	1	44	8	5
PE031062	2	96	2	5
PE031063	1	44	6	5
PE031063	2	75	6	5
PE031063	3	89	1.5	5
PE031064	1	75	10	5
PE031064	2	99	7	5
PE031064	3	44	6	5
PE031065	1	44	5	10
PE031065	2	99	6	10
PE031065	3	17	3	10
PE031065	4	4	1000	8
PE031066	1	89	3	10
PE031066	2	4	800	8
PE031066	3	17	100	2
PE031066	4	67	400	8
PE031066	5	108	500	8
PE031066	6	44	4	5
PE031068	1	17	350	2
PE031068	2	44	1	9
PE031068	3	99	1	5
PE031069	1	99	3	10
PE031069	2	44	2	10
PE031069	3	17	2	10
PE031069	4	67	35	6
PE031069	5	4	500	8
PE031069	6	51	100	8
PE031069	7	132	100	8
PE031070	1	4	200	8
PE031070	2	17	1	10
PE031070	3	67	50	8
PE031070	4	99	2	10
PE031070	5	44	2	5
PE031070	6	51	500	8
PE031071	1	44	1000	8
PE031071	2	17	2	10
PE031071	3	67	100	6
PE031071	4	51	300	8
PE031071	5	132	200	8
PE031072	1	44	1	9
PE031072	2	17	2	10
PE031072	3	99	1	10
PE031073	1	4	500	8
PE031073	2	44	2	9
PE031073	3	17	2	9
PE031073	4	83	2	11
PE031074	1	4	300	8
PE031074	2	17	1	10
PE031074	3	67	288	1
PE031074	4	44	7	10
PE031074	5	99	8	10
PE031074	6	89	1	10
PE031074	7	83	1	11
PE031075	1	4	500	8
PE031075	2	17	2	10
PE031075	3	51	500	8
PE031075	4	132	300	8
PE031075	5	67	120	6
PE031075	6	44	2	10
PE031075	7	99	2	10
PE031076	1	67	500	1
PE031076	2	4	1000	8
PE031076	3	44	12	2
PE031076	4	99	2	10
PE031077	1	17	12	10
PE031077	2	67	2	10
PE031077	3	44	8	5
PE031077	4	99	3	5
PE031077	5	89	1	5
PE031077	6	4	90	7
PE031077	7	108	500	8
PE031078	1	44	5	10
PE031079	1	17	26	2
PE031079	2	4	30	7
PE031079	3	51	12	8
PE031079	4	44	250	10
PE031080	1	44	40	10
PE031081	1	44	10	10
PE031081	2	17	1	10
PE031083	1	44	10	5
PE031083	2	75	38	5
PE031083	3	99	6	5
PE031083	4	4	2000	8
PE031084	1	4	50	7
PE031084	2	44	4	5
PE031084	3	67	1600	8
PE031085	1	17	2	5
PE031085	2	4	1000	8
PE031085	3	67	200	8
PE031085	4	99	1	5
PE031085	5	44	9	5
PE031085	6	75	3	5
PE031086	1	44	30	5
PE031086	2	75	20	5
PE031086	3	99	6	5
PE031086	4	4	1000	8
PE031087	1	44	15	10
PE031087	2	75	15	10
PE031087	3	99	4	10
PE031087	4	89	4	10
PE031087	5	17	5	10
PE031087	6	67	20	9
PE031088	1	75	3	10
PE031088	2	99	2	10
PE031088	3	44	1	9
PE031088	4	17	1	9
PE031089	1	89	4	10
PE031089	2	75	3	10
PE031089	3	44	3	10
PE031089	4	99	2	10
PE031089	5	4	5000	10
PE031089	6	67	1600	10
PE031089	7	17	2	10
PE031090	1	17	1	5
PE031090	2	67	5	5
PE031090	3	99	1	5
PE031091	1	67	18	11
PE031091	2	44	1	5
PE031091	3	99	10	9
PE031091	4	89	6	9
PE031091	5	75	5	5
PE031091	6	4	100	7
PE031092	1	44	10	5
PE031092	2	75	5	5
PE031092	3	99	5	5
PE031092	4	89	3	5
PE031093	1	44	2.5	10
PE031093	2	108	10	6
PE031093	3	108	15	7
PE031093	4	4	5	11
PE031093	5	17	5	2
PE031094	1	99	4	5
PE031094	2	75	8	5
PE031094	3	44	12	5
PE031095	1	44	2	10
PE031095	2	99	1	5
PE031097	1	75	30	9
PE031097	2	44	20	9
PE031097	3	99	8	9
PE031097	4	89	5	2
PE031098	1	44	2	5
PE031098	2	75	3	5
PE031098	3	99	2	5
PE031100	1	44	6	3
PE031100	2	75	15	3
PE031101	1	44	2	5
PE031101	2	75	2	5
PE031101	3	99	1	9
PE031101	4	17	1	9
PE041001	1	55	60	10
PE041001	2	44	13	10
PE041001	3	99	12	10
PE041001	4	89	2	10
PE041002	1	44	3	10
PE041002	2	89	1	10
PE041003	1	55	240	10
PE041003	2	44	15	10
PE041003	3	99	18	10
PE041003	4	89	1	10
PE041004	1	44	5	10
PE041004	2	89	1	10
PE041004	3	99	20	10
PE041005	1	44	320	10
PE041005	2	89	360	10
PE041005	3	99	300	10
PE041005	4	55	3500	10
PE041006	1	44	3	10
PE041006	2	89	2	3
PE041006	3	75	3	10
PE041006	4	99	12	10
PE041008	1	44	7	10
PE041008	2	75	5	10
PE041008	3	89	1	10
PE041009	1	44	10	10
PE041009	2	89	2	10
PE041010	1	99	40	10
PE041010	2	44	20	10
PE041010	3	89	10	10
PE041011	1	99	20	10
PE041011	2	44	15	10
PE041011	3	89	5	10
PE041012	1	44	10	10
PE041012	2	89	1	10
PE041012	3	75	2	10
PE041012	4	108	15	10
PE041012	5	99	1	10
PE041013	1	55	20	10
PE041013	2	101	2	10
PE041018	1	55	7	10
PE041018	2	99	3	2
PE041018	3	44	1	3
PE041020	1	55	20	10
PE041020	2	44	10	10
PE041020	3	89	3	10
PE041020	4	50	1	10
PE041020	5	12	25	10
PE041020	6	10	10	10
PE041020	7	101	3	10
PE041021	1	44	2	10
PE041021	2	89	2	10
PE041022	1	55	50	10
PE041022	2	75	3	10
PE041022	3	12	4	3
PE041023	1	44	50	10
PE041023	2	89	3	10
PE041023	3	55	69	10
PE041023	4	99	10	10
PE041023	5	10	20	10
PE041023	6	83	3	11
PE041023	7	101	20	10
PE041024	1	44	60	10
PE041024	2	89	12	10
PE041024	3	55	370	10
PE041024	4	99	10	10
PE041025	1	55	200	10
PE041025	2	44	20	10
PE041025	3	12	20	10
PE041025	4	10	10	10
PE041027	1	44	50	10
PE041027	2	55	100	10
PE041027	3	89	6	10
PE041029	1	44	6	10
PE041029	2	75	12	10
PE041029	3	5	10	10
PE041029	4	89	4	10
PE041029	5	86	10	10
PE041029	6	55	10	10
PE041029	7	101	15	10
PE041030	1	55	30	10
PE041031	1	55	30	10
PE041031	2	44	15	10
PE041031	3	89	4	10
PE041032	1	44	5	10
PE041032	2	89	5	10
PE041032	3	55	18	10
PE041032	4	75	6	10
PE041033	1	55	200	10
PE041033	2	44	8	10
PE041033	3	10	4	10
PE041033	4	12	2	10
PE041033	5	108	1	6
PE041033	6	50	1	10
PE041033	7	10	10	7
PE041033	8	99	1	10
PE041034	1	55	8	10
PE041034	2	44	19	10
PE041034	3	89	4	3
PE041035	1	44	25	10
PE041035	2	75	8	10
PE041035	3	99	7	10
PE041035	4	56	30	7
PE041035	5	102	60	8
PE041035	6	10	40	10
PE041035	7	108	100	10
PE041036	1	44	25	10
PE041036	2	89	5	10
PE041036	3	55	100	10
PE041036	4	101	1	10
PE041036	5	5	5	10
PE041036	6	75	5	10
PE041037	1	55	100	10
PE041037	2	44	5	10
PE041037	3	75	5	10
PE041037	4	101	10	10
PE041037	5	89	1	10
PE041037	6	99	5	10
PE041038	1	44	12	10
PE041038	2	55	50	10
PE041038	3	99	10	10
PE041039	1	44	500	10
PE041039	2	55	250	10
PE041039	3	89	50	3
PE041039	4	12	175	10
PE041039	5	10	80	10
PE041040	1	55	400	10
PE041040	2	99	15	10
PE041040	3	10	750	8
PE041040	4	12	20	10
PE041040	5	44	10	10
PE041041	1	44	30	10
PE041041	2	89	15	10
PE041041	3	55	150	10
PE041041	4	75	20	10
PE041041	5	99	30	10
PE041041	6	12	40	10
PE041041	7	10	20	10
PE041042	1	44	12	10
PE041042	2	55	12	10
PE041042	3	86	5	10
PE041042	4	89	2	10
PE041043	1	44	20	10
PE041043	2	55	50	10
PE041043	3	99	19	10
PE041043	4	101	5	10
PE041043	5	89	13	10
PE041044	1	44	20	10
PE041044	2	89	5	10
PE041044	3	55	90	10
PE041044	4	86	10	10
PE041044	5	99	40	10
PE041045	1	55	5	10
PE041045	2	44	10	10
PE041045	3	101	1	10
PE041045	4	86	5	10
PE041045	5	10	12	7
PE041045	6	99	5	10
PE041046	1	44	6	10
PE041046	2	55	100	10
PE041046	3	75	15	10
PE041046	4	89	5	10
PE041047	1	44	6	10
PE041047	2	12	3	10
PE041047	3	89	50	2
PE041048	1	55	45	10
PE041048	2	44	10	10
PE041048	3	89	2	10
PE041049	1	55	100	10
PE041049	2	44	10	10
PE041050	1	44	20	10
PE041050	2	75	8	10
PE041050	3	89	3	10
PE041052	1	55	80	10
PE041052	2	44	50	10
PE041052	3	12	20	10
PE041052	4	99	30	10
PE041052	5	89	8	10
PE041052	6	101	4	10
PE041052	7	10	6	10
PE041053	1	44	10	10
PE041053	2	89	2	10
PE041053	3	55	50	10
PE041054	1	44	6	10
PE041054	2	55	30	10
PE041054	3	75	4	10
PE041054	4	89	1	10
PE041054	5	67	12	9
PE041054	6	5	20	2
PE041054	7	99	15	2
PE041055	1	44	10	10
PE041055	2	75	3	10
PE041055	3	55	19	10
PE041055	4	89	2	10
PE041055	5	10	15	10
PE041055	6	56	5	8
PE041055	7	12	1	10
PE041056	1	44	50	10
PE041056	2	55	20	10
PE041056	3	75	8	10
PE041056	4	89	1	10
PE041056	5	99	2	3
PE041059	1	55	80	10
PE041059	2	44	20	10
PE041059	3	99	10	10
PE041059	4	101	6	10
PE041059	5	89	3	10
PE041059	6	10	2	10
PE041059	7	50	3	2
PE041060	1	102	1500	2
PE041060	2	12	2000	2
PE041060	3	55	7500	2
PE041060	4	44	250	2
PE041061	1	89	3	3
PE041061	2	44	3	10
PE041061	3	55	10	10
PE041062	1	44	5	10
PE041062	2	89	2	10
PE041062	3	55	3	10
PE041062	4	75	3	10
PE041062	5	5	2	3
PE041063	1	55	36.5	10
PE041063	2	101	50	10
PE041063	3	44	15	10
PE041063	4	12	6	10
PE041063	5	10	6	10
PE041065	1	55	80	10
PE041065	2	17	18	10
PE041065	3	67	8	6
PE041065	4	4	10	11
PE041065	5	75	4	10
PE041066	1	44	15	10
PE041066	2	75	6	10
PE041066	3	89	4	10
PE041066	4	99	40	10
PE041066	5	55	50	10
PE041068	1	44	10	10
PE041068	2	89	5	10
PE041068	3	55	2	10
PE041069	1	17	375	10
PE041069	2	67	2	11
PE041069	3	85	4	10
PE041069	4	44	8	10
PE041069	5	12	10	3
PE041069	6	4	20	7
PE041070	1	44	4	10
PE041070	2	89	5	10
PE041070	3	99	3	10
PE041071	1	44	5	10
PE041071	2	85	2	3
PE041071	3	44	10	7
PE041071	4	89	2	10
PE041071	5	108	5	11
PE041071	6	55	15	10
PE041072	1	44	10	10
PE041072	2	89	3	10
PE041072	3	75	3	10
PE041072	4	55	10	10
PE041072	5	86	3	10
PE041073	1	44	20	10
PE041073	2	89	12	10
PE041073	3	55	360	10
PE041073	4	12	40	10
PE041073	5	10	2	10
PE041074	1	44	6	10
PE041074	2	55	10	10
PE041074	3	75	5	10
PE041075	1	44	3	10
PE041075	2	55	0	 
PE041075	3	75	5	10
PE041076	1	44	15	10
PE041076	2	89	5	10
PE041076	3	75	8	10
PE041076	4	99	6	10
PE041077	1	44	20	10
PE041077	2	10	20	10
PE041077	3	55	250	10
PE041077	4	101	10	10
PE041078	1	44	4	10
PE041078	2	55	10	10
PE041079	1	17	300	2
PE041079	2	32	200	2
PE041079	3	67	5	6
PE041079	4	4	20	11
PE041079	5	85	1	10
PE041080	1	44	20	10
PE041080	2	89	9	10
PE041080	3	75	2	10
PE041081	1	99	1	10
PE041081	2	44	6	10
PE041081	3	86	1	10
PE041081	4	55	20	10
PE041082	1	44	80	10
PE041082	2	89	34	10
PE041082	3	55	60	10
PE041082	4	10	15	10
PE041082	5	85	5	10
PE041083	1	85	10	10
PE041083	2	17	2000	10
PE041083	3	44	17	10
PE041083	4	32	240	10
PE041083	5	89	10	10
PE041084	1	44	3	10
PE041085	1	44	20	10
PE041085	2	75	22	10
PE041085	3	99	3	3
PE041085	4	55	51	10
PE041085	5	86	19	10
PE041085	6	101	18	10
PE041085	7	89	3	10
PE041086	1	89	12	2
PE041086	2	44	10	10
PE041086	3	55	50	10
PE041086	4	101	3	10
PE041086	5	6	25	2
PE041086	6	12	10	10
PE041087	1	44	18	10
PE041087	2	10	1200	7
PE041087	3	89	2	10
PE041087	4	12	2	10
PE041088	1	17	24	3
PE041089	1	55	10	10
PE041089	2	44	10	10
PE041089	3	75	5	10
PE041089	4	99	2	10
PE041090	1	17	1000	2
PE041090	2	44	100	2
PE041090	3	89	200	2
PE041091	1	55	230	10
PE041091	2	75	22	10
PE041091	3	5	18	10
PE041091	4	101	6	10
PE041091	5	89	1	10
PE041091	6	82	1	10
PE041091	7	44	15	10
PE041092	1	4	60	7
PE041092	2	89	1	10
PE041092	3	44	3	10
PE041093	1	17	30	10
PE041093	2	4	20	7
PE041093	3	85	6	10
PE041096	1	32	40	2
PE041096	2	85	10	10
PE041096	3	69	3	10
PE041096	4	108	80	2
PE041096	5	12	10	10
PE041096	6	17	40	2
PE041096	7	4	20	7
PE041097	1	44	5	10
PE041097	2	89	2	3
PE041097	3	108	2	3
PE041098	1	44	0	 
PE041099	1	55	100	10
PE041099	2	44	4	10
PE041099	3	99	25	10
PE041099	4	89	6	10
PE041099	5	12	20	10
PE041099	6	10	70	8
PE041099	7	6	4	10
PE041100	1	55	140	10
PE041100	2	99	15	10
PE041100	3	101	20	10
PE041100	4	50	1	10
PE041100	5	44	2	10
PE041101	1	17	5	10
PE041101	2	44	5	10
PE041101	3	89	2	10
PE041101	4	55	1	10
PE041101	5	4	0	7
PE041101	6	85	10	10
PE051001	1	53	75	10
PE051008	1	53	200	10
PE051009	1	53	60	4
PE051010	1	53	5	10
PE051011	1	53	50000	2
PE051011	2	67	2	6
PE051011	3	89	8	2
PE051011	4	44	100	8
PE051012	1	53	382	10
PE051013	1	53	370	10
PE051013	2	4	50	7
PE051015	1	53	1100	10
PE051016	1	53	20	4
PE051017	1	53	1300	10
PE051018	1	44	3	10
PE051018	2	89	1	10
PE051018	3	85	1	10
PE051020	1	53	140	10
PE051020	2	4	20	7
PE051021	1	53	18000	2
PE051022	1	17	30	10
PE051022	2	53	40	10
PE051024	1	53	90	10
PE051025	1	17	8	10
PE051025	2	44	3	10
PE051025	3	85	3	10
PE051025	4	4	10	7
PE051026	1	17	18	10
PE051026	2	85	3	10
PE051026	3	44	2	10
PE051027	1	17	20	10
PE051027	2	4	40	7
PE051027	3	85	16	10
PE051027	4	89	2	10
PE051028	1	17	15	10
PE051028	2	89	1	10
PE051029	1	17	20	10
PE051030	1	17	11	10
PE051031	1	17	10	10
PE051031	2	44	5	10
PE051031	3	4	50	11
PE051033	1	44	60	10
PE051033	2	32	7	10
PE051033	3	90	2	10
PE051033	4	4	10	11
PE051033	5	85	2	10
PE051033	6	89	2	10
PE051034	1	17	3360	2
PE051035	1	44	8	10
PE051035	2	85	5	10
PE051035	3	89	3	10
PE051035	4	4	10	7
PE051035	5	17	3	10
PE051036	1	17	7	10
PE051038	1	17	7	10
PE051039	1	17	55	10
PE051039	2	4	960	7
PE051039	3	44	15	10
PE051039	4	85	5	10
PE051040	1	17	10	10
PE051040	2	85	3	10
PE051041	1	17	40	10
PE051041	2	85	10	10
PE051041	3	4	20	7
PE051041	4	44	10	10
PE051042	1	17	20	10
PE051042	2	85	15	10
PE051042	3	54	2000	8
PE051043	1	17	35	10
PE051043	2	89	3	10
PE051043	3	4	50	8
PE051043	4	44	6	10
PE051043	5	85	3	10
PE051043	6	32	10	9
PE051044	1	4	20	7
PE051045	1	44	8	10
PE051045	2	89	2	10
PE051045	3	17	8	10
PE051045	4	85	3	10
PE051045	5	4	1000	8
PE051045	6	67	1	6
PE051045	7	108	1	10
PE051046	1	17	3	10
PE051046	2	44	2	10
PE051046	3	89	1	10
PE051048	1	89	1	10
PE051048	2	44	15	10
PE051048	3	4	20	7
PE051048	4	85	5	10
PE051049	1	17	1120	2
PE051051	1	17	1680	2
PE051056	1	17	3	10
PE051058	1	17	4	10
PE051059	1	17	60	10
PE051059	2	44	10	10
PE051060	1	17	1	10
PE051061	1	17	8	10
PE051061	2	44	200	8
PE051061	3	85	2	10
PE051061	4	4	10	11
PE051061	5	108	1	10
PE051062	1	17	20	10
PE051064	1	17	30	10
PE051064	2	89	7	3
PE051064	3	85	3	3
PE051064	4	4	11	7
PE051064	5	44	9	3
PE051068	1	44	10	10
PE051068	2	89	1	10
PE051068	3	17	20	10
PE051068	4	4	48	7
PE051069	1	17	1	10
PE051069	2	89	1	10
PE051069	3	4	5	11
PE051069	4	44	200	8
PE051069	5	85	1	10
PE051071	1	17	16	10
PE051071	2	44	2	10
PE051073	1	17	12	10
PE051073	2	4	20	7
PE051073	3	85	4	3
PE051073	4	89	5	3
PE051075	1	17	25	10
PE051075	2	4	12	7
PE051075	3	44	20	10
PE051076	1	17	2	10
PE051076	2	4	100	8
PE051077	1	17	20	10
PE051077	2	44	3	10
PE051077	3	4	48	7
PE051077	4	85	4	10
PE051077	5	89	1	10
PE051078	1	17	840	2
PE051080	1	17	12	10
PE051080	2	4	48	7
PE051081	1	17	7	10
PE051081	2	44	12	10
PE051081	3	4	100	8
PE051081	4	85	12	10
PE051082	1	17	1	10
PE051082	2	85	2	10
PE051082	3	4	6	7
PE051082	4	93	10	8
PE051083	1	17	5	10
PE051083	2	4	5	7
PE051083	3	85	1	10
PE051085	1	44	20	10
PE051085	2	89	20	2
PE051086	1	17	17	10
PE051086	2	85	100	3
PE051086	3	4	250	7
PE051087	1	17	60	10
PE051087	2	85	8	10
PE051087	3	44	15	10
PE051087	4	89	4	10
PE051087	5	67	30	8
PE051087	6	44	200	7
PE051087	7	108	288	10
PE051088	1	83	10800	6
PE051088	2	84	3600	6
PE051088	3	89	50	10
PE051089	1	17	48	10
PE051089	2	44	21	10
PE051089	3	85	15	10
PE051089	4	89	5	10
PE051090	1	17	3	10
PE051090	2	44	2	10
PE051090	3	4	12	7
PE051091	1	44	100	10
PE051092	1	44	30	10
PE051092	2	89	5	10
PE051094	1	53	20	10
PE051094	2	4	10	7
PE051094	3	85	10	10
PE051097	1	17	20	10
PE051097	2	44	2	10
PE051097	3	89	7	10
PE051099	1	17	56	2
PE051100	1	17	560	2
PE051100	2	54	2760	8
PE051101	1	17	20	10
PE051101	2	4	80	7
PE051101	3	89	1	10
PE051101	4	44	2	10
PE051102	1	17	7	10
PE051104	1	17	2	10
PE051104	2	4	48	7
PE051104	3	85	2	10
PE051104	4	44	3	10
PE061010	1	132	6300	2
PE061019	1	44	2	4
PE061019	2	4	20	7
PE061019	3	90	6	2
PE061048	1	17	100	10
PE061058	1	3	 	 
PE061074	1	17	20	10
PE061077	1	4	3	11
PE061077	2	93	10	8
PE061077	3	109	50	8
PE061077	4	132	100	8
PE061077	5	3	50	8
PE061083	1	4	50	11
PE061083	2	109	1000	8
PE061083	3	85	10	2
PE061095	1	4	200	7
PE061103	1	44	1	4
PE061103	2	53	1	4
PE061103	3	4	50	7
PE061103	4	85	15	10
PE071014	1	55	3	10
PE071022	1	55	6	10
PE071022	2	44	3	10
PE071024	1	82	3	2
PE071024	2	44	9	2
PE071032	1	89	80	2
PE071032	2	55	350	3
PE071032	3	75	10	3
PE071032	4	44	25	3
PE071032	5	108	8	3
PE071037	1	55	200	3
PE071037	2	44	15	3
PE071037	3	99	15	3
PE071038	1	44	100	8
PE071047	1	55	50	3
PE071047	2	96	10	3
PE071047	3	75	10	3
PE071054	1	44	4	10
PE071054	2	55	10	3
PE071072	1	55	10	10
PE071079	1	44	1	10
PE071079	2	108	8	11
PE071082	1	55	15	2
PE071100	1	99	3	2
PE071100	2	82	6	2
PE071102	1	55	200	2
PE071109	1	44	11	2
PE071109	2	89	7	2
PE081025	1	44	35	2
PE081025	2	75	22	2
PE081067	1	44	10	2
PE081067	2	55	15	3
PE091001	1	5	105	2
PE091001	2	99	72	2
PE091001	3	75	60	2
PE091002	1	44	1	10
PE091002	2	101	8	2
PE091002	3	87	1.5	2
PE091002	4	5	1.5	3
PE091003	1	44	288	2
PE091003	2	75	144	2
PE091003	3	101	72	2
PE091003	4	87	12	2
PE091003	5	50	72	2
PE091003	6	99	60	2
PE091003	7	108	6	2
PE091004	1	75	3	10
PE091004	2	44	5	10
PE091004	3	55	4	10
PE091004	4	5	6	10
PE091004	5	99	3	10
PE091004	6	101	1	10
PE091004	7	96	1	10
PE091006	1	99	2	3
PE091006	2	101	2	3
PE091006	3	44	140	2
PE091006	4	83	6	11
PE091006	5	75	140	2
PE091007	1	5	18	2
PE091007	2	101	12	2
PE091007	3	75	18	2
PE091007	4	44	12	2
PE091008	1	44	1	10
PE091008	2	75	2	10
PE091008	3	99	4	3
PE091008	4	101	5	3
PE091008	5	87	3	2
PE091008	6	5	2	10
PE091008	7	55	6	10
PE091011	1	44	100	2
PE091011	2	5	50	2
PE091011	3	75	24	2
PE091011	4	99	24	2
PE091012	1	75	2	10
PE091012	2	99	2	10
PE091012	3	101	20	10
PE091012	4	55	5	10
PE091012	5	5	1	10
PE091012	6	44	1	10
PE091013	1	75	72	2
PE091013	2	44	30	2
PE091014	1	75	4	10
PE091014	2	5	4	10
PE091014	3	55	6	10
PE091014	4	101	2	10
PE091014	5	50	4	10
PE091015	1	101	150	2
PE091015	2	75	150	2
PE091015	3	92	10	2
PE091016	1	55	96	2
PE091016	2	101	36	2
PE091018	1	44	280	2
PE091018	2	101	3	3
PE091018	3	89	5	3
PE091018	4	75	72	2
PE091019	1	99	144	2
PE091019	2	75	216	2
PE091019	3	5	432	2
PE091019	4	55	720	2
PE091019	5	96	720	2
PE091019	6	44	72	2
PE091019	7	101	72	2
PE091020	1	99	3	10
PE091020	2	5	6	10
PE091020	3	101	1	10
PE091020	4	44	7	10
PE091020	5	55	18	10
PE091020	6	75	15	10
PE091022	1	89	2	3
PE091022	2	101	1	10
PE091022	3	96	80	2
PE091022	4	86	80	2
PE091022	5	44	2	10
PE091022	6	75	2	10
PE091023	1	75	3	10
PE091023	2	101	3	10
PE091023	3	5	42	3
PE091023	4	99	5	10
PE091024	1	55	720	2
PE091024	2	99	216	2
PE091024	3	101	288	2
PE091024	4	75	72	2
PE091025	1	44	72	2
PE091025	2	101	55	2
PE091025	3	99	45	2
PE091026	1	75	2	10
PE091028	1	99	6	10
PE091028	2	101	8	3
PE091033	1	84	63	11
PE091034	1	26	6	2
PE091034	2	69	12	2
PE091034	3	50	64	6
PE091034	4	102	60	8
PE091034	5	50	3	2
PE091035	1	44	2	10
PE091035	2	83	15	11
PE091035	3	75	18	2
PE091035	4	92	50	2
PE091035	5	108	20	2
PE091035	6	51	80	2
PE091037	1	99	1	10
PE091037	2	75	1	10
PE091039	1	44	70	2
PE091039	2	5	40	2
PE091039	3	99	24	2
PE091040	1	44	6	10
PE091040	2	96	2	10
PE091040	3	5	2	10
PE091041	1	5	72	2
PE091041	2	55	216	2
PE091041	3	75	72	2
PE091041	4	44	216	2
PE091041	5	89	12	2
PE091041	6	83	4	11
PE091043	1	55	240	2
PE091043	2	75	144	2
PE091043	3	96	216	2
PE091043	4	44	216	2
PE091043	5	83	4	11
PE091045	1	75	13	3
PE091045	2	55	12	3
PE091045	3	108	3	2
PE091047	1	75	350	2
PE091047	2	44	720	2
PE091047	3	96	288	2
PE091047	4	101	24	2
PE091047	5	5	36	2
PE091048	1	75	1	10
PE091048	2	44	1	10
PE091049	1	75	80	2
PE091049	2	44	140	2
PE091050	1	75	1	10
PE091050	2	44	1	10
PE091050	3	55	1	10
PE091050	4	50	20	2
PE091051	1	75	1	10
PE091051	2	96	1	10
PE091051	3	99	1	10
PE091051	4	55	1	10
PE091051	5	44	1	10
PE091052	1	75	2	10
PE091052	2	44	2	10
PE091053	1	75	288	2
PE091053	2	44	360	2
PE091053	3	55	778	2
PE091053	4	96	144	2
PE091053	5	101	24	2
PE091053	6	5	72	2
PE091054	1	75	2	3
PE091054	2	83	3	11
PE091055	1	75	288	2
PE091055	2	44	420	2
PE091055	3	99	72	2
PE091055	4	96	300	2
PE091055	5	5	72	2
PE091056	1	44	2	10
PE091056	2	55	2	10
PE091057	1	75	7	10
PE091057	2	44	8	10
PE091057	3	99	2	10
PE091057	4	55	2	10
PE091057	5	50	1	3
PE091058	1	44	50	2
PE091058	2	75	50	2
PE091059	1	44	2	3
PE091059	2	75	3	3
PE091061	1	75	2	10
PE091061	2	99	2	10
PE091062	1	83	6	11
PE091065	1	44	792	2
PE091065	2	75	792	2
PE091066	1	99	12	3
PE091066	2	44	48	3
PE091066	3	75	36	3
PE091066	4	55	18	3
PE091066	5	50	5	3
PE091067	1	44	300	2
PE091068	1	44	240	2
PE091068	2	75	120	2
PE091068	3	99	120	2
PE091068	4	5	240	2
PE091068	5	69	24	2
PE091068	6	83	600	6
PE091069	1	44	7	10
PE091071	1	83	310	6
PE091072	1	44	24	2
PE091073	1	75	1	10
PE091073	2	99	1	10
PE091073	3	55	10	10
PE091073	4	44	3	10
PE091073	5	89	2	3
PE091073	6	50	6	2
PE091074	1	44	1	10
PE091074	2	75	15	10
PE091074	3	55	7	10
PE091074	4	96	7	10
PE091074	5	86	2	10
PE091074	6	95	2	2
PE091075	1	55	100	2
PE091075	2	44	60	2
PE091075	3	96	60	2
PE091076	1	75	1	10
PE091076	2	44	1	10
PE091076	3	55	2	10
PE091076	4	96	1	10
PE091077	1	75	72	2
PE091077	2	55	228	2
PE091077	3	96	144	2
PE091077	4	44	72	2
PE091077	5	83	4	11
PE091078	1	99	3	3
PE091078	2	44	10	3
PE091078	3	96	2	3
PE091078	4	55	30	3
PE091078	5	75	20	3
PE091079	1	44	72	2
PE091079	2	75	144	2
PE091080	1	99	6	2
PE091080	2	44	6	2
PE091080	3	55	72	2
PE091080	4	75	108	2
PE091080	5	96	36	2
PE091081	1	75	.2	10
PE091081	2	5	.2	10
PE091081	3	96	.3	10
PE091081	4	55	.4	10
PE091082	1	108	300	6
PE091082	2	50	300	6
PE091082	3	102	500	8
PE091082	4	6	100	6
PE091082	5	108	200	2
PE091082	6	108	300	6
PE091082	7	108	1000	6
PE091083	1	55	4	3
PE091083	2	75	2	3
PE091083	3	44	3	3
PE091085	1	55	4	10
PE091085	2	75	3	10
PE091085	3	44	1	10
PE091085	4	101	3	2
PE091086	1	55	2	3
PE091086	2	75	2	10
PE091086	3	5	1	10
PE091087	1	75	2	10
PE091087	2	55	10	10
PE091087	3	44	10	2
PE091087	4	5	1	10
PE091088	1	55	72	2
PE091089	1	55	3	10
PE091089	2	75	1	10
PE091089	3	44	5	10
PE091090	1	86	140	2
PE091090	2	82	6	2
PE091090	3	55	422	2
PE091090	4	75	6	3
PE091090	5	83	5	11
PE091091	1	44	6	3
PE091091	2	75	12	3
PE091091	3	55	60	3
PE091091	4	92	36	2
PE091091	5	50	20	2
PE091091	6	10	24	8
PE091091	7	102	36	8
PE091092	1	96	3	3
PE091092	2	55	6	3
PE091092	3	75	2	3
PE091092	4	44	30	4
PE091093	1	75	2	10
PE091093	2	55	1	10
PE091093	3	86	1	10
PE091093	4	96	1	10
PE091093	5	99	2	10
PE091094	1	55	720	2
PE091094	2	75	144	2
PE091094	3	96	72	2
PE091094	4	99	72	2
PE091094	5	44	36	2
PE091095	1	55	172	2
PE091095	2	96	148	2
PE091095	3	99	120	2
PE091095	4	5	124	2
PE091095	5	86	72	2
PE091095	6	82	12	2
PE091096	1	96	144	2
PE091096	2	55	216	2
PE091096	3	75	74	2
PE091096	4	86	72	2
PE091097	1	82	23	4
PE091098	1	55	6	2
PE091098	2	96	8	2
PE091098	3	86	12	2
PE091098	4	75	12	2
PE091098	5	5	12	2
PE091099	1	96	80	2
PE091099	2	5	60	2
PE091099	3	75	60	2
PE091099	4	82	24	2
PE091099	5	86	66	2
PE091099	6	55	72	2
PE091100	1	75	6	10
PE091100	2	55	3	10
PE091100	3	44	6	3
PE091101	1	75	50	2
PE091101	2	5	60	2
PE091101	3	55	300	2
PE091101	4	96	240	2
PE091101	5	82	12	2
PE091102	1	55	5	10
PE091102	2	5	6	10
PE091102	3	101	1	10
PE091102	4	99	1	10
PE091102	5	96	3	10
PE091102	6	95	2	10
PE091102	7	86	2	10
PE091103	1	75	2	10
PE091103	2	55	5	10
PE101016	1	55	200	2
PE101018	1	99	60	2
PE101018	2	55	140	2
PE101018	3	75	48	2
PE101019	1	5	7	10
PE101019	2	44	5	10
PE101019	3	75	6	10
PE101019	4	55	3	10
PE101019	5	101	4	10
PE101019	6	86	2	10
PE101019	7	96	2	10
PE101032	1	5	5	10
PE101032	2	96	5	10
PE101032	3	55	8	10
PE101032	4	101	8	10
PE101048	1	55	2	10
PE101049	1	55	75	2
PE101049	2	44	1	3
PE101050	1	55	2	10
PE101050	2	96	1	10
PE101050	3	86	24	2
PE101051	1	55	15	10
PE101051	2	75	5	10
PE101051	3	99	1	3
PE101051	4	101	1	3
PE101051	5	96	2	10
PE101051	6	86	2	10
PE101055	1	101	24	2
PE101055	2	75	18	2
PE101055	3	55	1	10
PE101065	1	44	25	2
PE101065	2	75	3	10
PE101071	1	101	24	2
PE101071	2	55	150	2
PE101071	3	50	12	2
PE101071	4	86	12	2
PE101071	5	95	20	2
PE101071	6	82	5	2
PE101071	7	75	100	2
PE101071	8	44	200	2
PE101073	1	55	3	10
PE101073	2	75	2.5	10
PE101073	3	5	1	10
PE101074	1	56	400	2
PE101074	2	108	120	8
PE101074	3	55	1	10
PE101074	4	75	1	10
PE101079	1	55	7	10
PE101079	2	101	3	10
PE101079	3	75	2	10
PE101087	1	44	1	10
PE101088	1	55	1800	2
PE101088	2	101	72	2
PE101088	3	75	72	2
PE101094	1	55	432	2
PE101101	1	55	144	2
PE101101	2	44	72	2
PE101104	1	55	5	10
PE101104	2	75	1	3
PE101104	3	101	12	2
PE111002	1	55	5	10
PE111002	2	44	3	10
PE111002	3	96	3	10
PE111002	4	86	2	10
PE111002	5	95	1	10
PE111003	1	4	20	11
PE111003	2	90	250	2
PE111005	1	44	5	10
PE111005	2	75	1	10
PE111005	3	99	2	3
PE111005	4	5	1	10
PE111005	5	55	3	10
PE111007	1	55	2	10
PE111007	2	44	5	10
PE111007	3	75	3	10
PE111007	4	86	1	10
PE111007	5	96	1	10
PE111008	1	44	50	2
PE111008	2	55	150	2
PE111010	1	44	5	10
PE111011	1	55	400	2
PE111011	2	75	240	2
PE111011	3	5	4	3
PE111011	4	87	3	3
PE111011	5	44	300	2
PE111011	6	96	4	3
PE111011	7	49	3	3
PE111013	1	55	72	3
PE111013	2	44	72	3
PE111013	3	96	18	3
PE111013	4	86	6	3
PE111013	5	75	24	3
PE111013	6	5	3	10
PE111013	74	101	24	3
PE111014	1	55	15	10
PE111014	2	87	20	10
PE111014	3	44	3	10
PE111014	4	5	3	10
PE111014	5	75	1	10
PE111014	6	101	2	10
PE111014	7	96	2	10
PE111015	1	55	4	10
PE111015	2	44	4	10
PE111015	3	75	4	10
PE111015	4	5	2	10
PE111015	5	96	2	10
PE111015	6	86	2	10
PE111015	7	101	2	10
PE111016	1	44	2	10
PE111016	2	75	1	3
PE111016	3	55	4	10
PE111016	4	5	1	10
PE111017	1	44	1	10
PE111017	2	55	2	10
PE111017	3	86	3	10
PE111017	4	96	3	10
PE111017	5	101	2	10
PE111017	6	5	1	10
PE111017	7	75	2	10
PE111020	1	55	10	10
PE111020	2	99	4	10
PE111020	3	5	8	10
PE111020	4	101	5	10
PE111020	5	96	6	10
PE111020	6	86	1	10
PE111020	7	44	6	10
PE111021	1	44	3	3
PE111021	2	55	15	10
PE111021	3	96	10	10
PE111021	4	101	2	3
PE111024	1	44	100	2
PE111024	2	75	2	10
PE111024	3	55	200	2
PE111024	4	101	50	2
PE111024	5	99	50	2
PE111024	6	86	100	2
PE111024	7	96	50	2
PE111028	1	55	10	10
PE111028	2	44	100	2
PE111028	3	99	50	2
PE111028	4	75	3	10
PE111028	5	5	50	2
PE111028	6	86	25	2
PE111028	7	96	25	2
PE111032	1	89	360	2
PE111032	2	44	2000	2
PE111032	3	17	300	2
PE111032	4	4	120000	8
PE111032	5	3	800	2
PE111032	6	85	600	2
PE111033	1	5	3	10
PE111033	2	55	5	10
PE111033	3	96	8	10
PE111033	4	75	2	10
PE111034	1	108	5	3
PE111035	1	55	5	10
PE111035	2	96	3	10
PE111035	3	86	2	10
PE111035	4	95	3	10
PE111035	5	44	6	10
PE111035	6	75	4	10
PE111035	7	5	5	10
PE111035	8	101	2	10
PE111037	1	44	5	3
PE111037	2	75	4	3
PE111037	3	5	2	3
PE111037	4	55	4	9
PE111037	5	101	1	3
PE111038	1	55	20	10
PE111038	2	101	1	10
PE111038	3	44	10	10
PE111038	4	75	3.5	10
PE111038	5	5	6	10
PE111038	6	86	2.5	10
PE111038	7	96	5.5	10
PE111039	1	75	15	2
PE111039	2	44	4	10
PE111039	3	5	1	10
PE111039	4	101	1	10
PE111039	5	55	3	10
PE111039	6	96	2	10
PE111039	7	86	2	10
PE111041	1	53	15	10
PE111041	2	4	7000	8
PE111041	3	85	400	2
PE111041	4	108	100	2
PE111045	1	55	6	10
PE111045	2	75	5	3
PE111045	3	99	1	3
PE111045	4	44	1	10
PE111045	5	5	2	10
PE111046	1	55	5	10
PE111046	2	44	5	10
PE111046	3	75	2	10
PE111046	4	101	3	10
PE111046	5	5	12	10
PE111046	6	96	1	10
PE111047	1	85	104	3
PE111047	2	4	104	11
PE111048	1	101	5	10
PE111048	2	87	1	3
PE111048	3	5	6	10
PE111048	4	55	8	10
PE111048	5	96	3	10
PE111048	6	86	2	10
PE111049	1	55	20	10
PE111049	2	5	20	10
PE111049	3	101	3	10
PE111049	4	96	6	10
PE111049	5	86	3	10
PE111050	1	5	3	10
PE111050	2	49	1	10
PE111050	3	101	2	10
PE111050	4	87	6	3
PE111050	5	55	10	10
PE111050	6	96	3	10
PE111050	7	86	1	10
PE111054	1	55	20	10
PE111054	2	87	6	2
PE111054	3	101	2	3
PE111054	4	96	10	10
PE111054	5	86	25	2
PE111054	6	44	3	10
PE111054	7	75	2	3
PE111056	1	55	250	2
PE111056	2	101	100	2
PE111056	3	5	100	2
PE111056	4	44	50	2
PE111056	5	75	50	2
PE111056	6	99	36	2
PE111057	1	5	6	3
PE111057	2	44	10	3
PE111057	3	101	4	3
PE111057	4	55	3	10
PE111057	5	75	8	3
PE111057	6	96	2	10
PE111057	7	86	6	10
PE111059	1	55	2	10
PE111059	2	101	1	3
PE111059	3	5	1	3
PE111059	4	44	5	2
PE111060	1	55	3	10
PE111061	1	75	1	10
PE111061	2	44	6	10
PE111061	3	101	1	10
PE111061	4	55	8	10
PE111061	5	99	2	3
PE111061	6	5	1	10
PE111061	7	96	3	10
PE111063	1	75	200	2
PE111063	2	44	1	10
PE111063	3	99	3	3
PE111063	4	55	2	10
PE111063	5	5	100	2
PE111065	1	55	5	10
PE111065	2	75	2	10
PE111065	3	101	1	10
PE111065	4	5	2	10
PE111066	1	44	3	3
PE111066	2	55	2	10
PE111066	3	5	2	3
PE111066	4	96	1	10
PE111066	5	86	1	10
PE111067	1	55	12	10
PE111067	2	96	4	10
PE111067	3	5	3	10
PE111067	4	75	3	10
PE111067	5	101	2	10
PE111067	6	95	4	10
PE111068	1	55	640	2
PE111068	2	44	240	 
PE111068	3	75	160	2
PE111068	4	86	240	2
PE111068	5	101	80	2
PE111068	6	87	80	2
PE111068	7	96	80	2
PE111069	1	55	30	10
PE111069	2	44	35	10
PE111069	3	75	15	10
PE111069	4	99	10	10
PE111069	5	101	15	10
PE111069	6	86	10	10
PE111070	1	55	240	2
PE111070	2	75	120	2
PE111070	3	5	60	2
PE111070	4	87	60	2
PE111070	5	44	120	2
PE111070	6	99	48	2
PE111070	7	101	80	2
PE111074	1	44	36	2
PE111074	2	55	600	2
PE111074	3	75	100	2
PE111074	4	99	12	2
PE111074	5	96	500	2
PE111074	6	87	12	2
PE111074	7	86	100	2
PE111076	1	75	6	3
PE111076	2	44	400	2
PE111076	3	87	5	3
PE111076	4	99	5	3
PE111077	1	55	4	10
PE111077	2	44	2	10
PE111077	3	5	3	10
PE111077	4	86	2.5	10
PE111079	1	55	15	10
PE111079	2	96	7	10
PE111079	3	44	10	10
PE111079	4	101	6	10
PE111079	5	5	5	10
PE111079	6	87	3	3
PE111079	7	75	5	10
PE111081	1	55	7	10
PE111081	2	44	3	10
PE111081	3	101	3	3
PE111081	4	5	4	10
PE111081	5	75	4	10
PE111085	1	55	10	10
PE111085	2	96	6	10
PE111085	3	101	1	10
PE111085	4	86	3	10
PE111085	5	5	2	10
PE111087	1	101	36	2
PE111087	2	75	48	2
PE111087	3	55	300	2
PE111087	4	44	48	2
PE111089	1	55	4	10
PE111089	2	86	1	10
PE111089	3	95	2	10
PE111089	4	44	2	10
PE111089	5	99	2	10
PE111089	6	96	3	10
PE111089	7	87	1	3
PE111090	1	44	50	2
PE111090	2	75	24	2
PE111090	3	55	100	2
PE111091	1	101	2	10
PE111091	2	75	8	10
PE111091	3	5	4	10
PE111091	4	55	5	10
PE111092	1	55	10	10
PE111092	2	5	3	10
PE111092	3	75	2	10
PE111092	4	44	2	10
PE111092	5	96	1	10
PE111092	6	86	4	10
PE111093	1	44	4	10
PE111093	2	5	3	10
PE111093	3	55	10	10
PE111093	4	101	2	3
PE111093	5	96	4	10
PE111093	6	86	2	10
PE111093	7	100	1.5	10
PE111094	1	101	50	2
PE111094	2	87	50	2
PE111094	3	55	150	2
PE111094	4	5	60	2
PE111094	5	86	100	2
PE111094	6	96	50	2
PE111095	1	55	2	4
PE111095	2	87	3	3
PE111095	3	101	2	3
PE111095	4	5	5	3
PE111095	5	44	6	10
PE111095	6	86	2	10
PE111095	7	96	1	10
PE111096	1	99	60	2
PE111096	2	101	50	2
PE111096	3	75	100	2
PE111096	4	55	1000	2
PE111096	5	5	150	2
PE111096	6	96	100	2
PE111096	7	86	250	2
PE111097	1	55	1000	2
PE111097	2	96	300	2
PE111097	3	44	200	2
PE111097	4	101	100	2
PE111097	5	5	300	2
PE111097	6	86	400	2
PE111097	7	87	100	2
PE111098	1	55	6	10
PE111098	2	44	4	10
PE111098	3	101	1	10
PE111098	4	86	2	10
PE111099	1	55	1000	2
PE111099	2	10	100	2
PE111099	3	44	500	2
PE111099	4	75	100	2
PE111099	5	5	200	2
PE111099	6	87	100	2
PE111099	7	96	600	2
PE111100	1	99	30	2
PE111100	2	44	450	2
PE111100	3	101	300	2
PE111100	4	55	688	2
PE111100	5	5	416	2
PE111100	6	75	756	2
PE111100	7	82	25	2
PE111101	1	44	360	2
PE111101	2	101	72	2
PE111101	3	99	72	2
PE111101	4	55	720	2
PE111101	5	89	2	10
PE111102	1	101	1	10
PE111102	2	44	6	10
PE111102	3	82	2	3
PE111102	4	96	4	10
PE111102	5	55	4	10
PE111102	6	86	2	10
PE121043	1	55	20	10
PE121043	2	5	4	10
PE121043	3	84	10	10
PE131026	1	55	2	10
PE131026	2	12	3	3
PE131026	3	44	6	10
PE131026	4	108	3000	8
PE131026	5	50	3	10
PE131076	1	44	125	2
PE141085	1	55	200	10
PE141094	1	44	10	10
PE141094	2	89	2	10
PE141094	3	67	432	11
PE151001	1	51	10000	8
PE151001	2	90	10	2
PE151005	1	90	360	2
PE151005	2	85	500	2
PE151006	1	51	60000	2
PE151006	2	44	1000	2
PE151006	3	85	400	2
PE151006	4	4	300	2
PE151009	1	51	120000	8
PE151010	1	4	2400	2
PE151010	2	51	1500000	8
PE151010	3	85	48	2
PE151010	4	3	1200	8
PE151010	5	45	400	8
PE151011	1	44	500	2
PE151011	2	53	12	10
PE151011	3	89	800	2
PE151011	4	85	1000	2
PE151011	5	4	1000	2
PE151011	6	90	20	2
PE151012	1	17	600	2
PE151012	2	51	10000	8
PE151014	1	17	25	10
PE151014	2	4	2400	2
PE151015	1	53	10	10
PE151015	2	45	4	10
PE151016	1	17	200	2
PE151016	2	4	4000	8
PE151016	3	53	100	2
PE151018	1	53	28	10
PE151019	1	85	800	3
PE151019	2	44	2500	2
PE151019	3	4	3000	7
PE151019	4	45	4	10
PE151019	5	53	35	10
PE151020	1	90	500	2
PE151020	2	85	200	2
PE151020	3	4	300	2
PE151020	4	44	200	2
PE151023	1	17	1500	1
PE151023	2	93	100	8
PE151023	3	4	500	7
PE151024	1	53	10	10
PE151024	2	4	50	7
PE151026	1	44	10	10
PE151026	2	17	20	10
PE151026	3	4	15	7
PE151028	1	4	2400	2
PE151028	2	17	150	2
PE151029	1	4	100	7
PE151029	2	90	.5	10
PE151029	3	85	10	3
PE151030	1	51	40000	8
PE151030	2	85	200	2
PE151031	1	90	125	2
PE151031	2	4	250	2
PE151031	3	85	500	2
PE151031	4	44	85	2
PE151031	5	51	1000	8
PE151031	6	45	3000	8
PE151031	7	108	1200	8
PE151033	1	4	500	2
PE151033	2	85	500	3
PE151033	3	17	7	10
PE151033	4	90	1	10
PE151035	1	4	2000	7
PE151035	2	85	600	3
PE151035	3	45	4	10
PE151036	1	17	350	2
PE151036	2	90	30	2
PE151036	3	51	3000	8
PE151036	4	53	200	2
PE151036	5	85	576	8
PE151036	6	4	12	7
PE151036	7	45	1825	8
PE151038	1	17	50	2
PE151038	2	90	900	2
PE151038	3	89	10	2
PE151038	4	53	264	2
PE151038	5	44	8	10
PE151040	1	51	20000	8
PE151040	2	4	100	7
PE151040	3	85	100	3
PE151040	4	44	50	2
PE151040	5	89	20	2
PE151041	1	90	100	2
PE151041	2	4	300	7
PE151041	3	51	18000	2
PE151041	4	51	2000	2
PE151041	5	53	12	10
PE151042	1	90	200	2
PE151042	2	51	7000	8
PE151043	1	90	1000	1
PE151043	2	51	15000	1
PE151043	3	17	500	1
PE151043	4	4	500	7
PE151043	5	51	80000	1
PE151043	6	85	500	3
PE151044	1	90	500	2
PE151044	2	51	5000	8
PE151044	3	4	1440	7
PE151045	1	90	500	2
PE151045	2	4	20	7
PE151045	3	85	40	3
PE151045	4	44	10	10
PE151045	5	51	2000	2
PE151045	6	53	20	10
PE151046	1	90	800	2
PE151046	2	44	1000	2
PE151046	3	4	250	2
PE151047	1	17	250	2
PE151047	2	90	360	2
PE151047	3	4	90	2
PE151047	4	85	630	2
PE151047	5	44	34	2
PE151047	6	89	3	2
PE151048	1	90	700	2
PE151048	2	51	20000	8
PE151052	1	90	100	2
PE151061	1	45	25	2
PE151061	2	90	100	2
PE151061	3	3	10	2
PE151061	4	51	15	2
PE151061	5	4	25	2
PE151061	6	107	5	2
PE151061	7	85	120	2
PE151061	8	53	100	2
PE151063	1	90	1500	1
PE151063	2	107	1800	1
PE151063	3	4	1200	1
PE151063	4	85	3600	1
PE151063	5	51	960	8
PE151063	6	45	200	8
PE151064	1	90	500	2
PE151064	2	51	3540	8
PE151064	3	4	70	2
PE151067	1	90	200	2
PE151067	2	108	30	2
PE151067	3	4	150	7
PE151067	4	67	40000	8
PE151067	5	45	600	8
PE151067	6	51	1000	8
PE151067	7	85	80	3
PE151068	1	44	10	10
PE151068	2	55	15	10
PE151068	3	99	100	2
PE151068	4	101	50	2
PE151070	1	109	 	2
PE151070	2	45	 	2
PE151070	3	93	 	2
PE151070	4	54	 	2
PE151070	5	93	 	2
PE151070	6	54	 	2
PE151072	1	53	7	10
PE151072	2	4	100	11
PE151073	1	90	6	10
PE151073	2	17	6	10
PE151073	3	3	10	10
PE151073	4	4	13000	7
PE151073	5	53	15	10
PE151073	6	85	12	10
PE151074	1	90	1200	2
PE151074	2	4	1800	2
PE151074	3	85	10000	2
PE151074	4	51	20000	8
PE151074	5	53	500	2
PE151074	6	3	1000	8
PE151074	7	89	200	8
PE151075	1	90	3	10
PE151077	1	108	2000	6
PE151080	1	53	10	10
PE151081	1	90	200	2
PE151081	2	51	20	10
PE151082	1	4	3000	2
PE151082	2	17	450	2
PE151082	3	85	65	2
PE151082	4	90	95	2
PE151082	5	67	30	8
PE151083	1	85	1200	3
PE151083	2	90	1200	2
PE151083	3	4	1200	7
PE151083	4	44	5	10
PE151085	1	4	122	7
PE151085	2	51	2000	2
PE151087	1	17	1000	2
PE151087	2	4	4700	2
PE151087	3	45	150	2
PE151087	4	44	1000	2
PE151087	5	85	48	3
PE151088	1	90	2500	2
PE151088	2	17	1200	3
PE151088	3	4	190	2
PE151088	4	51	700	8
PE151088	5	85	500	2
PE151088	6	44	5	10
PE151088	7	53	13	10
PE151091	1	90	20	10
PE151091	2	17	30	10
PE151091	3	85	1000	3
PE151091	4	51	60000	8
PE151091	5	53	15	10
PE151092	1	90	100	2
PE151092	2	4	70	2
PE151092	3	51	20	2
PE151092	4	3	20	2
PE151092	5	45	10	2
PE151094	1	109	480	8
PE151094	2	51	600	8
PE151094	3	108	240	2
PE151094	4	4	168	2
PE151095	1	51	80000	8
PE151095	2	90	1000	2
PE151095	3	44	5000	2
PE151095	4	53	7000	2
PE151095	5	89	500	2
PE151095	6	108	300	8
PE151096	1	17	5	10
PE151096	2	90	2	10
PE151096	3	4	200000	7
PE151097	1	98	5000	2
PE151097	2	4	4800	7
PE151097	3	51	60000	2
PE151099	1	90	13	10
PE151099	2	17	20	10
PE151099	3	45	10	10
PE151099	4	51	10	10
PE151099	5	4	2000	7
PE151099	6	93	200	1
PE151099	7	85	3	10
PE151100	1	17	100	10
PE151100	2	4	300	2
PE151100	3	44	1000	2
PE151101	1	85	5000	2
PE151101	2	4	100	7
PE151101	3	53	100	2
PE151102	1	85	3	3
PE151102	2	44	20	2
PE151102	3	51	20	8
PE151103	1	90	150	2
PE151103	2	85	150	2
PE151103	3	4	50	7
PE151103	4	51	500	2
PE151104	1	90	500	2
PE151104	2	85	400	3
PE151104	3	51	400	2
PE151104	4	4	250	2
PE151104	5	45	250	2
PE151105	1	85	500	3
PE151105	2	17	50	2
PE151105	3	90	18	2
PE151105	4	51	600	8
PE151105	5	4	10	7
PE151106	1	90	800	2
PE151106	2	4	300	2
PE151106	3	85	600	2
PE151108	1	90	50	2
PE151108	2	51	200	10
PE151108	3	85	6	2
PE151109	1	108	300	2
PE151109	2	45	50	2
PE151109	3	4	80	7
PE151109	4	51	100	2
PE151109	5	53	3	10
PE151109	6	85	4	10
PE151109	7	108	6	10
PE151110	1	4	8000	2
PE151110	2	44	3976	2
PE151110	3	17	1552	2
PE151111	1	90	12	10
PE151111	2	85	6	10
PE151111	3	17	3	10
PE151111	4	45	8	10
PE151111	5	53	8	10
PE151111	6	4	10000	10
PE151112	2	4	960	7
PE151112	3	44	3	10
PE161001	1	44	24	2
PE161001	2	55	2	10
PE161002	1	44	10	10
PE161002	2	55	14	10
PE161002	3	5	3	10
PE161002	4	75	2	10
PE161003	1	44	1	10
PE161003	2	5	200	2
PE161003	3	55	500	2
PE161003	4	101	50	2
PE161004	1	55	1000	2
PE161004	2	101	100	2
PE161004	3	5	140	2
PE161004	4	95	100	2
PE161006	1	44	600	2
PE161006	2	55	400	2
PE161006	3	99	20	2
PE161006	4	101	20	2
PE161007	1	44	3	10
PE161007	2	5	1	10
PE161009	1	44	50	2
PE161009	2	101	30	2
PE161009	3	5	100	2
PE161009	4	75	100	2
PE161010	1	75	500	2
PE161010	2	5	3500	2
PE161010	3	44	200	2
PE161010	4	55	900	2
PE161010	5	99	1220	2
PE161010	6	95	130	2
PE161011	1	44	50	2
PE161011	2	55	3	2
PE161011	3	75	2	2
PE161011	4	87	3	3
PE161011	5	86	2	2
PE161011	6	99	3	2
PE161011	7	101	6	2
PE161011	8	5	5	2
PE161012	1	5	3	10
PE161012	2	75	3	10
PE161012	3	44	5	10
PE161012	4	99	30	2
PE161012	5	101	20	2
PE161013	1	75	10	10
PE161013	2	44	5	10
PE161013	3	5	6	10
PE161013	4	99	600	2
PE161013	5	101	1	10
PE161013	6	86	5	10
PE161013	7	55	3	10
PE161014	1	5	3	10
PE161014	2	99	1	10
PE161014	3	101	1	10
PE161014	4	86	1	10
PE161014	5	44	1	9
PE161014	6	75	1	9
PE161015	1	99	1	10
PE161015	2	75	4	10
PE161015	3	5	6	10
PE161015	4	55	25	10
PE161015	5	101	3	10
PE161015	6	44	2	10
PE161015	7	86	1	10
PE161015	8	95	1	10
PE161016	1	55	3300	2
PE161016	2	5	1050	2
PE161016	3	75	300	2
PE161016	4	44	480	2
PE161016	5	86	120	2
PE161016	6	101	4	10
PE161016	7	99	4	10
PE161017	1	44	3	10
PE161017	2	87	1	10
PE161017	3	101	2	2
PE161017	4	5	2	10
PE161017	5	75	1	2
PE161017	6	55	3	10
PE161017	7	86	1	2
PE161018	1	5	100	2
PE161018	2	44	240	2
PE161018	3	101	120	2
PE161018	4	55	280	2
PE161018	5	75	120	2
PE161019	1	55	1000	2
PE161019	2	5	400	2
PE161019	3	99	50	2
PE161019	4	86	4	3
PE161019	5	96	4	3
PE161020	1	44	8	10
PE161020	2	99	5	10
PE161020	3	55	12	10
PE161021	1	5	7	10
PE161021	2	75	70	2
PE161021	3	99	70	2
PE161021	4	55	500	2
PE161022	1	5	6	10
PE161022	2	55	10	10
PE161022	3	99	1	10
PE161022	4	87	1	10
PE161022	5	101	1	10
PE161023	1	55	2200	2
PE161023	2	75	80	2
PE161023	3	5	200	2
PE161023	4	87	6	2
PE161023	5	86	50	2
PE161023	6	95	2	3
PE161023	7	101	1	3
PE161023	8	99	100	2
PE161024	1	44	1	3
PE161024	2	55	75	10
PE161024	3	5	6	10
PE161024	4	99	2	3
PE161024	5	101	1	10
PE161025	1	55	10	10
PE161025	2	5	10	10
PE161025	3	75	2	10
PE161025	4	101	3	10
PE161025	5	96	1	10
PE161025	6	95	1	10
PE161025	7	86	1	10
PE161026	1	5	6	10
PE161026	2	55	1000	2
PE161026	3	87	1	10
PE161026	4	75	3	10
PE161027	1	55	40	10
PE161027	2	105	2	10
PE161027	3	5	12	10
PE161027	4	75	8	10
PE161027	5	87	12	2
PE161027	6	99	12	2
PE161027	7	86	12	2
PE161028	1	5	4	10
PE161028	2	55	32	10
PE161028	3	101	1	10
PE161028	4	75	3	10
PE161028	5	99	3	3
PE161029	1	55	1000	2
PE161029	2	87	200	2
PE161029	3	75	700	2
PE161029	4	5	1000	2
PE161029	5	101	800	2
PE161029	6	99	600	2
PE161029	7	86	400	2
PE161030	1	55	8	10
PE161030	2	5	3	10
PE161030	3	101	1	10
PE161030	4	87	6	2
PE161030	5	99	1	10
PE161030	6	75	2	10
PE161031	1	55	5	10
PE161031	2	5	5	10
PE161031	3	75	5	10
PE161031	4	44	7	10
PE161031	5	86	2	10
PE161031	6	99	1	10
PE161031	7	12	6000	2
PE161032	1	44	3	10
PE161032	2	55	6	10
PE161033	1	44	150	2
PE161033	2	55	1000	2
PE161033	3	101	200	2
PE161035	1	44	6	10
PE161035	2	75	10	10
PE161035	3	5	2	10
PE161035	4	55	10	10
PE161036	1	55	5	10
PE161036	2	44	5	10
PE161036	3	101	1	10
PE161036	4	5	2	10
PE161037	1	44	5	10
PE161037	2	101	3	10
PE161037	3	5	2	10
PE161037	4	75	1.5	10
PE161037	5	55	4	10
PE161037	6	6	1	10
PE161038	1	55	10	10
PE161038	2	5	3	10
PE161038	3	75	5	10
PE161039	1	55	500	2
PE161039	2	44	700	2
PE161039	3	75	48	2
PE161041	1	44	4	10
PE161041	2	5	5	10
PE161041	3	99	50	2
PE161041	4	75	20	2
PE161042	1	44	10	10
PE161042	2	99	3	10
PE161042	3	101	4	10
PE161042	4	5	6	10
PE161042	5	75	5	10
PE161042	6	95	5	10
PE161042	7	87	25	2
PE161043	1	55	10	2
PE161043	2	44	5	2
PE161043	3	5	5	2
PE161043	4	75	1	2
PE161043	5	87	2	2
PE161043	6	95	6	2
PE161043	7	86	2	3
PE161044	1	55	600	2
PE161045	1	44	38	10
PE161045	2	55	30	10
PE161046	1	44	10	10
PE161046	2	101	1	10
PE161046	3	55	10	10
PE161046	4	5	3	10
PE161047	1	55	50	2
PE161047	2	75	6	2
PE161047	3	5	6	2
PE161047	4	99	3	2
PE161047	5	87	1	2
PE161047	6	44	20	2
PE161047	7	86	4	2
PE161050	1	55	9	10
PE161050	2	5	100	2
PE161050	3	44	10	2
PE161050	4	101	30	2
PE161050	5	83	18000	2
PE161051	1	55	200	10
PE161051	2	101	2	10
PE161051	3	5	3	10
PE161051	4	75	1	10
PE161052	1	5	300	2
PE161052	2	55	500	2
PE161052	3	101	100	2
PE161052	4	44	100	2
PE161052	5	75	200	2
PE161052	6	95	100	2
PE161052	7	99	50	2
PE161053	1	55	300	2
PE161053	2	86	300	2
PE161053	3	95	200	2
PE161053	4	101	160	2
PE161053	5	99	100	2
PE161053	6	75	300	2
PE161053	7	5	100	2
PE161054	1	55	8	10
PE161054	2	101	1	10
PE161054	3	99	6	2
PE161054	4	5	2	10
PE161055	1	5	480	2
PE161055	2	44	240	2
PE161055	3	55	1000	2
PE161055	4	75	240	2
PE161055	5	101	240	2
PE161055	6	87	40	2
PE161056	1	5	100	2
PE161056	2	44	100	2
PE161056	3	55	4	10
PE161056	4	75	30	2
PE161056	5	99	10	2
PE161056	6	101	10	2
PE161057	1	55	16	10
PE161058	1	44	12	10
PE161058	2	75	4	10
PE161058	3	5	4	10
PE161058	4	55	15	10
PE161058	5	99	1	10
PE161058	6	96	1	10
PE161058	7	101	1	10
PE161059	1	101	8	10
PE161059	2	75	14	10
PE161059	3	55	22	10
PE161059	4	44	12	10
PE161059	5	5	9	10
PE161059	6	99	8	3
PE161060	1	5	300	2
PE161060	2	75	100	2
PE161060	3	101	50	2
PE161060	4	55	200	2
PE161060	5	87	30	2
PE161060	6	99	300	2
PE161060	7	44	20	2
PE161061	1	101	4	10
PE161061	2	55	20	10
PE161061	3	44	6	10
PE161061	4	87	2	10
PE161061	5	99	12	2
PE161062	1	5	300	2
PE161062	2	55	700	2
PE161062	3	75	80	2
PE161062	4	101	50	2
PE161062	5	44	30	2
PE161062	6	87	17	2
PE161062	7	49	18	2
PE161063	1	55	10	10
PE161063	2	5	2	10
PE161063	3	101	1	10
PE161064	1	5	500	2
PE161064	2	55	600	2
PE161064	3	44	500	2
PE161064	4	101	200	2
PE161064	5	99	100	2
PE161064	6	86	400	2
PE161064	7	108	250	2
PE161065	1	44	400	2
PE161065	2	75	200	2
PE161065	3	55	1000	2
PE161065	4	86	160	2
PE161065	5	87	2	3
PE161065	6	5	240	2
PE161065	7	101	300	2
PE161067	1	44	4	10
PE161067	2	5	4	10
PE161067	3	75	1	10
PE161067	4	101	1	10
PE161067	5	99	10	2
PE161068	1	5	100	2
PE161068	2	99	20	2
PE161068	3	44	30	2
PE161068	4	55	350	2
PE161068	5	75	20	2
PE161068	6	87	10	2
PE161068	7	108	10	8
PE161069	1	5	800	2
PE161069	2	101	3	10
PE161069	3	55	500	2
PE161069	4	75	100	2
PE161069	5	86	160	2
PE161069	6	99	1	10
PE161069	7	95	320	2
PE161071	1	55	40	2
PE161071	2	5	3	2
PE161071	3	86	2	2
PE161071	4	95	2	2
PE161071	5	101	5	2
PE161071	6	75	2	2
PE161071	7	99	1	2
PE161072	1	55	50	10
PE161072	2	5	100	2
PE161073	1	55	8	10
PE161073	2	44	3	10
PE161073	3	5	10	10
PE161073	4	101	2	10
PE161073	5	75	3	10
PE161073	6	86	2	10
PE161074	1	55	4	10
PE161074	2	5	1	10
PE161074	3	101	20	2
PE161075	1	5	15	10
PE161075	2	101	3	10
PE161075	3	55	20	10
PE161075	4	96	5	10
PE161075	5	86	1	10
PE161075	6	44	1	10
PE161075	7	87	1	10
PE161076	1	5	4	10
PE161076	2	55	6	10
PE161077	1	55	1000	2
PE161077	2	5	800	2
PE161077	3	86	100	2
PE161077	4	96	100	2
PE161077	5	95	100	2
PE161077	6	99	50	2
PE161077	7	101	100	2
PE161079	1	82	60	2
PE161079	2	55	100	2
PE161079	3	75	120	2
PE161079	4	101	100	2
PE161079	5	99	100	2
PE161079	6	86	110	2
PE161079	7	5	130	2
PE161080	1	55	10	10
PE161080	2	5	4	10
PE161080	3	101	1	10
PE161081	1	5	4	10
PE161081	2	55	5	10
PE161081	3	75	1	10
PE161081	4	101	1	10
PE161081	5	96	1	10
PE161081	6	86	1	10
PE161082	1	55	100	2
PE161082	2	87	50	2
PE161082	3	44	50	2
PE161082	4	52	10	8
PE161083	1	55	3	10
PE161083	2	5	13	10
PE161083	3	84	1	11
PE161084	1	5	800	2
PE161084	2	55	1500	2
PE161084	3	75	400	2
PE161084	4	95	600	2
PE161084	5	101	200	2
PE161084	6	99	100	2
PE161085	1	55	500	2
PE161085	2	5	4	10
PE161085	3	101	1	10
PE161085	4	86	1	10
PE161085	5	95	2	10
PE161085	6	96	3	10
PE161085	7	84	6	10
PE161086	1	44	10	2
PE161086	2	55	10	2
PE161086	3	101	2	2
PE161086	4	75	2	2
PE161086	5	5	2	2
PE161086	6	87	3	3
PE161086	7	99	4	2
PE161087	1	105	10	2
PE161087	2	55	15	2
PE161087	3	101	30	2
PE161087	4	75	60	2
PE161087	5	99	20	2
PE161088	1	55	5	10
PE161088	2	5	5	10
PE161089	1	50	10	2
PE161089	2	55	50	2
PE161089	3	75	5	2
PE161089	4	101	6	2
PE161089	5	99	3	2
PE161089	6	86	2	2
PE161089	7	95	5	2
PE161090	1	5	5	10
PE161090	2	55	6	10
PE161090	3	101	20	2
PE161091	1	101	2	10
PE161091	2	99	1	10
PE161091	3	5	2	10
PE161091	4	55	6	10
PE161091	5	95	2	10
PE161091	7	75	1	10
PE161092	1	5	500	2
PE161092	2	55	500	2
PE161092	3	101	100	2
PE161092	4	49	100	2
PE161092	5	96	200	2
PE161092	6	86	50	2
PE161093	1	55	300	2
PE161093	2	5	300	2
PE161093	3	75	50	2
PE161093	4	101	50	2
PE161094	1	55	200	2
PE161094	2	5	400	2
PE161094	3	75	100	2
PE161094	4	95	1000	2
PE161094	5	99	80	2
PE161094	6	101	50	2
PE161094	7	44	80	2
PE161095	1	50	336	2
PE161095	2	55	800	2
PE161095	3	101	200	2
PE161095	4	99	36	2
PE161095	5	75	150	2
PE161096	1	55	400	2
PE161096	2	5	300	2
PE161096	3	101	50	2
PE161096	4	86	2	3
PE161097	1	5	12	10
PE161097	2	55	25	10
PE161097	3	44	1	10
PE161097	4	99	1	10
PE161097	5	101	1	10
PE161097	6	50	2	10
PE161098	1	5	6	10
PE161098	2	95	2	10
PE161098	3	86	3	10
PE161098	4	44	50	10
PE161098	5	96	4	10
PE161098	6	101	2	10
PE161098	7	55	12	10
PE161099	1	55	5	10
PE161099	2	5	3	10
PE161099	3	101	3	10
PE161099	4	99	1	10
PE161100	1	55	160	2
PE161100	2	5	2	10
PE161100	3	99	1	3
PE161100	4	96	1	10
PE161100	5	86	1	10
PE161100	6	75	1	3
PE161101	1	55	370	2
PE161101	2	5	320	2
PE161101	3	86	1	3
PE161102	1	5	100	2
PE161102	2	75	100	2
PE161102	3	55	300	2
PE161103	1	84	2500	11
PE161103	2	5	2	3
PE161103	3	44	1	10
PE161103	4	75	4	10
PE161104	1	55	300	2
PE161104	2	5	200	2
PE161104	3	101	200	2
PE161104	4	75	200	2
PE161105	1	55	7	10
PE161105	2	44	15	10
PE161105	3	5	2	10
PE161105	4	75	1	10
PE161105	5	86	4	10
PE161106	1	5	3	10
PE161106	2	55	10	10
PE161107	1	5	2	10
PE161107	2	55	5	10
PE161107	3	101	1	10
PE161107	4	86	2	10
PE161107	5	96	1	10
PE161107	6	75	1	10
PE161107	7	44	3	1
PE161108	1	101	300	2
PE161108	2	99	120	2
PE161108	3	75	240	2
PE161108	4	5	180	2
PE161108	5	44	10	10
PE171001	1	55	2	10
PE171001	2	86	2	10
PE171002	1	44	3	10
PE171002	2	75	3	10
PE171004	1	55	2	10
PE171004	2	5	2	10
PE171005	1	55	2	10
PE171005	2	5	2	10
PE171007	1	44	2	10
PE171007	2	55	3	10
PE171007	3	75	2	10
PE171007	4	5	1	10
PE171007	5	101	2	3
PE171007	6	87	2	2
PE171008	1	101	1	10
PE171011	1	55	6	10
PE171011	2	5	4	10
PE171011	3	101	6	10
PE171011	4	44	2	10
PE171011	5	75	2	10
PE171014	1	44	2	3
PE171014	2	5	2	10
PE171014	3	75	2	10
PE171014	4	101	2	3
PE171015	1	5	150	2
PE171015	2	55	250	2
PE171018	1	5	100	2
PE171018	2	55	50	2
PE171018	3	101	55	2
PE171019	1	5	20	10
PE171019	2	44	20	10
PE171019	3	55	40	10
PE171019	4	75	20	10
PE171019	5	101	10	10
PE171019	6	87	4	3
PE171022	1	44	2	10
PE171022	2	5	2	10
PE171023	1	5	2	10
PE171023	2	75	2	10
PE171023	3	44	5	10
PE171023	4	55	5	10
PE171023	5	86	1	10
PE171023	6	95	1	10
PE171025	1	75	40	2
PE171025	2	5	40	2
PE171025	3	44	40	2
PE171025	4	101	50	2
PE171025	6	55	40	2
PE171026	1	44	50	2
PE171026	2	101	50	2
PE171026	3	55	60	2
PE171027	1	44	3	10
PE171027	2	75	2	10
PE171027	3	5	2	10
PE171027	4	101	4	3
PE171027	5	55	4	3
PE171027	6	12	2	3
PE171027	7	102	100	8
PE171028	1	55	300	2
PE171028	2	5	100	2
PE171028	3	75	60	2
PE171028	4	101	15	2
PE171028	5	96	20	2
PE171028	6	86	4	3
PE171030	1	55	5	10
PE171030	2	44	3	10
PE171030	3	75	2	10
PE171030	4	5	3	10
PE171031	1	101	1	10
PE171031	2	55	2	10
PE171031	3	75	2	3
PE171031	4	44	1	10
PE171035	1	55	60	2
PE171035	2	5	50	2
PE171035	3	75	60	2
PE171035	4	86	30	2
PE171035	5	96	30	2
PE171035	6	87	20	2
PE171035	7	95	30	2
PE171036	1	5	8	10
PE171036	2	55	12	10
PE171036	3	95	12	10
PE171036	4	44	100	2
PE171036	5	75	100	2
PE171036	6	101	50	2
PE171036	7	86	20	2
PE171040	1	101	125	2
PE171040	2	55	12	2
PE171041	1	75	1	10
PE171041	2	44	4	10
PE171041	3	5	2	10
PE171041	4	55	5	10
PE171042	1	44	2	10
PE171042	2	5	3	10
PE171043	1	75	12	3
PE171043	2	5	12	3
PE171043	3	55	30	2
PE171043	4	44	5	3
PE171043	5	101	3	3
PE171044	1	5	100	2
PE171044	2	55	100	2
PE171044	3	101	50	2
PE171044	4	75	100	2
PE171045	1	50	3	10
PE171045	2	75	5	10
PE171045	3	55	10	10
PE171045	4	44	2	10
PE171045	5	101	2	10
PE171046	1	75	100	2
PE171046	2	5	100	2
PE171046	3	86	30	2
PE171046	4	55	50	2
PE171047	1	75	6	3
PE171047	2	5	6	3
PE171047	3	101	4	3
PE171047	4	55	6	3
PE171047	5	86	4	3
PE171049	1	5	1	3
PE171049	2	55	2	10
PE171050	1	5	1	10
PE171050	2	75	1	10
PE171051	1	75	2	10
PE171051	2	5	2	10
PE171053	1	55	4	10
PE171053	2	44	4	10
PE171053	3	5	4	10
PE171053	4	75	4	10
PE171054	1	5	5	10
PE171054	2	75	4	10
PE171054	3	44	5	10
PE171056	1	75	2	10
PE171056	2	101	1	10
PE171056	3	5	2	10
PE171058	1	5	1	10
PE171058	2	44	2	10
PE171058	3	75	1	10
PE171058	4	55	1	10
PE171059	1	75	100	2
PE171059	2	5	100	2
PE171060	1	5	50	2
PE171060	2	75	40	2
PE171060	3	44	10	2
PE171061	1	75	250	2
PE171061	2	5	250	2
PE171061	3	55	100	2
PE171061	4	44	50	2
PE171061	5	101	50	2
PE171062	1	75	3	10
PE171062	2	5	5	10
PE171062	3	44	2	10
PE171062	4	101	2	10
PE171062	5	55	2	10
PE171062	6	96	1	10
PE171062	7	12	2	3
PE171064	1	75	600	2
PE171064	2	5	1000	2
PE171065	1	50	5	10
PE171065	2	75	5	10
PE171065	3	44	4	10
PE171065	4	55	3	10
PE171067	1	5	80	2
PE171067	2	101	180	2
PE171067	3	44	55	2
PE171067	4	75	50	2
PE171068	1	5	3	10
PE171068	2	44	3	10
PE171068	3	75	3	10
PE171068	4	101	2	10
PE171068	7	5	3	10
PE171069	1	5	5	10
PE171069	2	75	2	10
PE171069	3	44	1	10
PE171069	4	101	1	10
PE171069	5	55	2	10
PE171069	6	96	2	10
PE171069	7	84	2	2
PE171070	1	75	2	10
PE171070	2	5	1	10
PE171070	3	101	2	10
PE171071	1	5	4	10
PE171071	2	75	4	10
PE171071	3	101	2	10
PE171071	4	44	3	10
PE171072	1	75	100	2
PE171072	2	5	200	2
PE171072	3	55	50	2
PE171073	1	75	100	2
PE171073	2	50	100	2
PE171073	3	96	80	2
PE171073	4	55	25	2
PE171074	1	75	200	2
PE171074	2	44	100	2
PE171074	3	5	150	2
PE171074	4	55	100	2
PE171075	1	75	1	10
PE171075	2	5	2	10
PE171075	3	101	2	10
PE171076	1	5	4	10
PE171076	2	75	3	10
PE171076	3	101	1	10
PE171076	4	44	2	10
PE171077	1	5	5	10
PE171077	2	75	5	10
PE171077	3	55	4	10
PE171081	1	44	10	10
PE171081	2	55	2	10
PE171081	3	101	3	10
PE171081	4	75	2	10
PE171081	5	5	2	10
PE171082	1	75	50	2
PE171083	1	5	6	10
PE171083	2	101	2	10
PE171084	1	44	2	10
PE171084	2	75	2	10
PE171084	3	5	2	10
PE171084	4	55	1	10
PE171084	5	87	10	2
PE171085	1	101	50	2
PE171085	2	44	50	2
PE171085	3	87	2	2
PE171087	1	5	3	10
PE171087	2	75	5	10
PE171087	3	55	10	10
PE171087	4	101	3	10
PE171087	5	87	2	3
PE171088	1	55	4	10
PE171088	2	44	50	2
PE171088	3	108	20	8
PE171089	1	55	3	10
PE171089	2	44	3	10
PE171090	1	55	4	10
PE171090	2	101	1	10
PE171091	1	5	3	10
PE171091	2	44	6	3
PE171092	1	44	2	10
PE171092	2	55	2	10
PE171092	3	101	25	2
PE171092	4	75	1	10
PE171095	1	75	2	10
PE171095	2	101	3	10
PE171095	3	55	5	10
PE171095	4	5	3	10
PE171095	5	87	2	3
PE171095	6	44	5	10
PE171099	1	55	4	10
PE171099	2	75	2	10
PE171099	3	5	2	10
PE171100	1	55	4	10
PE171100	2	96	3	10
PE171100	3	101	2	10
PE171100	4	44	2	10
PE171101	1	5	4	3
PE171101	2	75	4	3
PE171101	3	55	20	3
PE171101	4	87	2	2
PE171101	5	44	5	3
PE171101	6	101	13	3
PE171102	1	55	250	2
PE171102	2	75	100	2
PE171102	3	5	200	2
PE171102	4	96	100	2
PE171102	5	86	50	2
PE171102	6	101	50	2
PE171102	7	44	10	2
PE171103	1	55	7	10
PE171103	2	75	4	10
PE171103	3	101	3	10
PE171103	4	5	1	10
PE171103	5	86	5	3
PE171103	6	96	5	3
PE171104	1	44	3	3
PE171104	2	5	3	3
PE171104	3	55	2	10
PE171105	1	44	4	10
PE171105	2	55	4	10
PE171106	1	44	100	2
PE171106	2	75	100	2
PE171106	3	5	50	2
PE171106	4	101	50	2
PE181001	1	17	300	9
PE181001	2	85	20	3
PE181001	3	44	15	10
PE181002	1	44	10	10
PE181002	2	101	8	10
PE181002	3	55	10	10
PE181003	1	55	4	10
PE181003	2	101	1	10
PE181003	3	5	2	10
PE181003	44	44	4	10
PE181004	1	44	300	2
PE181004	2	55	1000	2
PE181004	3	5	500	2
PE181005	1	55	6	10
PE181005	2	44	1	10
PE181005	3	75	2	10
PE181005	4	5	3	10
PE181005	5	101	1	10
PE181006	1	44	5	10
PE181006	2	55	6	10
PE181006	3	5	2	10
PE181006	4	75	2	10
PE181006	5	95	2	10
PE181006	6	86	2	10
PE181006	7	96	4	10
PE181007	1	5	6	10
PE181007	2	55	15	10
PE181007	3	44	5	10
PE181007	4	99	3	10
PE181007	5	101	4	10
PE181007	6	86	3	10
PE181008	1	55	3	10
PE181008	2	44	2	10
PE181009	1	44	10	10
PE181009	2	101	1	10
PE181009	3	87	1	10
PE181009	4	55	20	10
PE181009	5	86	5	10
PE181010	1	55	20	10
PE181010	2	101	2	10
PE181010	3	44	3	10
PE181010	4	99	1	10
PE181010	5	86	6	10
PE181010	6	96	7	10
PE181010	7	5	4	10
PE181011	1	55	10	10
PE181011	2	44	10	10
PE181011	3	96	4	10
PE181011	4	5	2	10
PE181011	5	101	1	10
PE181012	1	55	2000	2
PE181012	2	44	150	2
PE181012	3	5	80	2
PE181012	4	101	50	2
PE181012	5	96	100	2
PE181012	6	95	50	2
PE181012	7	108	20	2
PE181013	1	44	3	10
PE181013	2	55	10	10
PE181013	3	5	3	10
PE181013	4	96	2	10
PE181013	5	86	2	10
PE181014	1	55	10	10
PE181014	2	44	8	10
PE181014	3	5	2	10
PE181014	4	96	5	10
PE181014	5	101	1	10
PE181015	1	44	5	10
PE181015	2	55	2	10
PE181015	3	86	12	2
PE181015	4	5	1	10
PE181015	5	101	7	2
PE181016	1	55	25	10
PE181016	2	44	4	10
PE181016	3	101	1	10
PE181016	4	5	10	10
PE181016	5	75	1	10
PE181017	1	55	300	2
PE181017	2	95	400	2
PE181017	3	5	200	2
PE181017	4	96	400	2
PE181017	5	101	300	2
PE181017	6	99	100	2
PE181017	7	87	50	2
PE181018	1	55	80	10
PE181018	2	101	1	10
PE181018	3	44	1	10
PE181018	4	5	5	10
PE181019	1	55	5000	2
PE181019	2	44	400	2
PE181019	3	75	100	2
PE181019	4	5	100	2
PE181019	5	101	160	2
PE181019	6	86	500	2
PE181019	7	96	540	2
PE181020	1	44	5	10
PE181020	2	86	5	10
PE181020	3	55	5	10
PE181020	4	95	3	10
PE181021	1	44	10	10
PE181021	2	55	15000	2
PE181021	3	99	1	10
PE181021	4	101	3	10
PE181021	5	95	3	10
PE181021	6	96	3	10
PE181022	1	5	300	2
PE181022	2	44	500	2
PE181022	3	95	200	2
PE181022	4	96	200	2
PE181022	5	55	600	2
PE181023	1	44	5	2
PE181023	2	5	4	2
PE181023	3	55	24	2
PE181023	4	87	4	3
PE181023	5	75	3	3
PE181023	6	96	2	2
PE181023	7	86	10	2
PE181024	1	55	1782	2
PE181024	2	44	70	2
PE181024	3	5	70	2
PE181024	4	101	60	2
PE181024	5	87	6	2
PE181025	1	55	400	2
PE181025	2	86	2800	2
PE181025	3	5	300	2
PE181025	4	75	1	3
PE181025	5	101	200	2
PE181025	6	95	100	2
PE181025	7	82	8	3
PE181025	8	87	80	2
PE181025	9	44	300	2
PE181025	10	96	320	2
PE181027	1	55	20	10
PE181027	2	44	5	10
PE181027	3	5	6	10
PE181027	4	87	1	3
PE181027	5	86	3	10
PE181027	6	96	2	10
PE181029	1	86	2000	2
PE181029	2	44	600	2
PE181029	3	55	3000	2
PE181029	4	5	1000	2
PE181029	5	101	200	2
PE181030	1	44	5	10
PE181031	1	55	8000	2
PE181031	2	101	500	2
PE181031	3	5	1800	2
PE181031	4	44	800	2
PE181031	5	75	800	2
PE181031	6	86	2000	2
PE181031	7	95	1000	2
PE181031	8	87	100	2
PE181032	1	55	1000	2
PE181032	2	44	1000	2
PE181032	3	86	500	2
PE181032	4	96	1000	2
PE181032	5	5	500	2
PE181032	6	101	200	2
PE181032	7	87	50	2
PE181033	1	44	5	2
PE181033	2	55	45	2
PE181033	3	101	1	2
PE181033	4	5	3	2
PE181033	5	86	2	2
PE181033	6	96	2	2
PE181033	7	87	1	3
PE181033	8	99	2	2
PE181033	9	75	3	2
PE181034	1	44	6	10
PE181034	2	55	10	2
PE181034	3	5	8	10
PE181034	4	101	4	10
PE181036	1	44	4	10
PE181036	2	101	2	10
PE181036	3	5	3	10
PE181036	4	86	2	10
PE181037	1	55	40	10
PE181037	2	44	4	10
PE181037	3	5	6	10
PE181037	4	86	10	10
PE181037	5	96	4	10
PE181038	1	55	10	10
PE181038	2	44	2	10
PE181038	3	95	10	10
PE181038	4	96	12	10
PE181038	5	86	2	10
PE181038	6	87	7	2
PE181038	7	101	12	2
PE181039	1	55	50	2
PE181039	2	5	10	2
PE181039	3	44	6	2
PE181039	4	87	3	2
PE181039	5	82	4	3
PE181039	6	96	5	2
PE181039	7	86	5	2
PE181039	8	101	5	2
PE181039	9	99	5	2
PE181040	1	44	6	10
PE181040	2	55	40	10
PE181040	3	101	5	10
PE181040	4	5	5	10
PE181040	5	50	2	3
PE181040	6	12	2	3
PE181040	7	102	100	8
PE181041	1	44	2	10
PE181041	2	55	3	10
PE181041	3	96	2	10
PE181041	4	95	2	10
PE181042	1	55	7	10
PE181042	2	86	2	10
PE181042	3	101	1	10
PE181042	4	75	4	10
PE181043	1	55	20	10
PE181043	2	44	4	10
PE181043	3	5	3	10
PE181043	4	75	1	10
PE181043	5	86	1	10
PE181043	6	95	2	10
PE181043	7	87	.5	3
PE181044	1	55	5	10
PE181044	2	96	2	10
PE181044	3	86	10	10
PE181044	4	5	1	10
PE181044	5	49	1	10
PE181045	1	55	5000	2
PE181045	2	5	2000	2
PE181045	3	101	2000	2
PE181045	4	95	1000	2
PE181045	5	96	1000	2
PE181046	1	55	1725	2
PE181046	2	5	600	2
PE181046	3	86	600	2
PE181046	4	95	240	2
PE181046	5	96	240	2
PE181047	1	55	8	10
PE181047	2	101	2	10
PE181047	3	86	1	10
PE181047	4	96	2	10
PE181047	5	5	3	10
PE181048	1	55	3	10
PE181048	2	96	9	10
PE181048	3	5	4	10
PE181048	4	49	3	10
PE181048	5	86	3	10
PE181049	1	44	10	10
PE181049	2	55	20	10
PE181050	1	101	100	2
PE181050	2	5	200	2
PE181050	3	55	2700	2
PE181050	4	44	200	2
PE181050	5	87	12	2
PE181051	1	55	1000	1
PE181051	2	44	6	10
PE181051	3	101	5	10
PE181051	4	5	6	10
PE181051	5	75	2	10
PE181051	6	86	2	10
PE181051	7	96	3	10
PE181051	8	87	20	1
PE181052	1	55	5000	2
PE181052	2	5	40	10
PE181052	3	75	180	2
PE181052	4	86	200	2
PE181052	5	44	6	10
PE181052	6	108	210	2
PE181052	7	101	100	2
PE181052	8	95	70	2
PE181052	9	96	70	2
PE181052	10	99	50	2
PE181052	11	87	70	2
PE181053	1	55	6	10
PE181053	2	44	3	10
PE181053	3	101	2	10
PE181053	4	5	2	10
PE181054	1	101	4	3
PE181054	2	44	1	10
PE181054	3	55	5	10
PE181054	4	5	1	10
PE181054	5	52	1	10
PE181055	1	44	6	10
PE181055	2	55	10	10
PE181055	3	5	2	10
PE181055	4	101	1	10
PE181055	5	96	2	10
PE181055	6	75	1	10
PE181055	7	95	3	10
PE181055	8	86	2	10
PE181056	1	55	10	10
PE181056	2	44	5	10
PE181056	3	5	2	10
PE181056	4	86	2	10
PE181056	5	96	1	10
PE181057	1	55	2	10
PE181057	2	44	4	10
PE181057	3	101	2	10
PE181057	4	5	6	10
PE181058	1	55	20	10
PE181058	2	5	3	10
PE181058	3	96	3	10
PE181058	4	86	4	10
PE181059	1	44	100	2
PE181059	2	101	50	2
PE181060	1	55	10	10
PE181060	2	44	3	10
PE181060	3	5	2	10
PE181061	1	44	3	10
PE181061	2	55	30	10
PE181061	3	5	30	10
PE181061	4	75	5	10
PE181061	5	86	6	10
PE181061	6	96	6	10
PE181061	7	95	6	10
PE181061	8	87	6	3
PE181062	1	44	4	10
PE181062	2	101	1	10
PE181062	3	55	10	10
PE181063	1	44	10	2
PE181063	2	101	8	2
PE181063	3	87	5	3
PE181063	4	55	20	2
PE181065	1	55	10	10
PE181065	2	44	8	10
PE181065	3	5	6	10
PE181065	4	101	30	3
PE181066	1	44	5	10
PE181066	2	55	4770	2
PE181067	1	17	20	10
PE181067	2	90	20	10
PE181067	3	75	10	10
PE181067	4	44	50	10
PE181067	5	5	3	10
PE181067	6	89	2000	2
PE181067	7	55	2000	2
PE181067	8	85	5000	2
PE181068	1	101	300	2
PE181068	2	44	300	2
PE181068	3	55	8000	2
PE181068	4	86	2000	2
PE181068	5	87	77	2
PE181068	6	75	300	2
PE181068	7	88	12	2
PE181069	1	55	30	10
PE181069	2	44	4	10
PE181069	3	5	2	10
PE181069	4	101	3	10
PE181072	1	101	1	10
PE181072	2	99	1	10
PE181072	3	44	4	10
PE181072	4	5	3	10
PE181072	5	75	3	10
PE181072	6	55	4	10
PE181073	1	55	2400	2
PE181073	2	96	1500	2
PE181073	3	86	2000	2
PE181073	4	44	400	2
PE181073	5	5	600	2
PE181073	6	101	400	2
PE181073	7	87	50	2
PE181074	1	44	5	10
PE181074	2	55	50	10
PE181074	3	101	5	10
PE181074	4	5	6	10
PE181075	1	55	40	10
PE181075	2	101	2	10
PE181075	3	44	8	10
PE181075	4	75	1	10
PE181075	5	5	1	10
PE181076	1	55	120	10
PE181076	2	44	10	10
PE181076	3	101	5	10
PE181076	4	86	20	10
PE181076	5	96	2	10
PE181077	1	55	2400	2
PE181077	2	5	500	2
PE181077	3	96	500	2
PE181077	4	86	200	2
PE181077	5	44	150	2
PE181077	6	108	100	2
PE181077	7	75	200	2
PE181078	1	99	1	10
PE181078	2	5	3	10
PE181078	3	101	1	10
PE181078	4	44	600	2
PE181078	5	55	600	2
PE181079	1	44	5	10
PE181079	2	55	30	10
PE181079	3	5	1	10
PE181079	4	75	2	10
PE181079	5	50	1	10
PE181080	1	55	6480	2
PE181081	1	55	5120	1
PE181081	2	75	1400	1
PE181081	3	101	400	1
PE181081	4	44	400	1
PE181081	5	86	800	1
PE181082	1	44	6	10
PE181082	2	5	4	10
PE181082	3	96	2	10
PE181082	4	55	10	10
PE181083	1	55	8	10
PE181083	2	44	3	10
PE181083	3	5	5	10
PE181083	4	101	2	10
PE181083	5	86	6	10
PE181083	6	96	10	10
PE181084	1	55	40	10
PE181084	2	44	10	10
PE181084	3	87	5	3
PE181084	4	5	5	3
PE181084	5	96	30	10
PE181084	6	75	4	10
PE181084	7	101	5	10
PE181086	1	44	200	2
PE181086	2	55	1000	2
PE181086	3	75	100	2
PE181086	4	5	300	2
PE181086	5	101	100	2
PE181086	6	96	300	2
PE181086	7	86	300	2
PE181087	1	55	40	10
PE181087	2	44	5	10
PE181087	3	75	12	10
PE181087	4	50	4	10
PE181087	5	101	2	10
PE181087	6	96	4	10
PE181087	7	86	2	10
PE181088	1	44	100	2
PE181088	2	55	2000	2
PE181088	3	5	300	2
PE181089	1	55	100	2
PE181089	2	44	80	2
PE181089	3	5	50	2
PE181089	4	101	200	2
PE181089	5	99	150	2
PE181089	6	75	150	2
PE181089	7	96	200	2
PE181090	1	55	4800	2
PE181090	2	44	900	2
PE181090	3	75	300	2
PE181090	4	5	300	2
PE181090	5	101	300	2
PE181090	6	96	2400	2
PE181090	7	86	3600	2
PE181091	1	55	15	10
PE181091	2	5	5	10
PE181091	3	75	2	10
PE181091	4	44	3	10
PE181091	5	86	4	10
PE181091	6	101	6	10
PE181091	7	96	8	10
PE181092	1	55	7200	2
PE181092	2	96	3600	2
PE181092	3	44	750	2
PE181092	4	5	600	2
PE181092	5	101	360	2
PE181092	6	86	360	2
PE181092	7	95	240	2
PE181093	1	101	200	2
PE181093	2	44	200	2
PE181093	3	55	600	2
PE181094	1	5	200	2
PE181094	2	96	200	2
PE181094	3	55	3000	2
PE181094	4	95	200	2
PE181095	1	55	6000	2
PE181095	2	44	960	2
PE181095	3	5	960	2
PE181095	4	96	320	2
PE181095	5	75	240	2
PE181095	6	101	160	2
PE181095	7	86	240	2
PE181095	8	99	50	2
PE181096	1	44	720	2
PE181096	2	55	2000	2
PE181096	3	101	100	2
PE181096	4	75	120	2
PE181096	5	5	360	2
PE181096	6	87	50	2
PE181097	1	44	8	10
PE181097	2	55	4	10
PE181097	3	75	1	10
PE181098	1	55	20	10
PE181098	2	5	2	10
PE181098	3	44	10	10
PE181099	0	3	 	 
PE181099	1	55	100	10
PE181099	2	101	10	10
PE181099	3	44	10	10
PE181099	4	5	12	10
PE181099	5	99	8	10
PE181099	6	86	15	10
PE181099	7	96	20	10
PE181100	1	55	22	10
PE181100	2	44	4	10
PE181100	3	5	2	10
PE181100	4	101	2	10
PE181100	5	96	2	10
PE181100	6	86	2	10
PE181100	7	50	5	10
PE181101	1	44	15	2
PE181101	2	86	3	2
PE181101	3	55	40	2
PE181101	4	101	5	2
PE181101	5	99	2	2
PE181101	6	96	5	2
PE181101	7	75	10	2
PE181102	1	55	250	10
PE181102	2	101	15	10
PE181102	3	5	20	10
PE181102	4	99	2	10
PE181102	5	86	5	10
PE181102	6	96	40	10
PE181102	7	75	2	10
PE181103	1	44	15	2
PE181103	2	55	40	2
PE181103	3	5	5	2
PE181103	4	75	6	2
PE181103	5	87	4	3
PE181103	6	96	3	3
PE181103	7	104	2	2
PE181104	1	55	9	10
PE181104	2	5	4	10
PE181104	3	101	3	10
PE181104	4	44	4	10
PE181104	5	75	3	10
PE181105	1	55	80	2
PE181105	2	101	50	2
PE191010	1	53	80	10
PE191010	2	89	1000	2
PE191011	1	89	1000	2
PE191011	2	53	8000	2
PE191011	3	44	1000	2
PE191013	1	53	80	10
PE191018	1	3	2000	2
PE191018	2	108	400	2
PE191029	1	53	4000	2
PE191029	2	89	800	2
PE191029	3	44	200	2
PE191032	1	53	13000	2
PE191032	2	89	7000	2
PE191035	1	83	330	6
PE191035	2	55	700	2
PE191035	3	69	500	2
PE191035	4	85	200	2
PE191035	5	44	500	2
PE191035	6	92	300	2
PE191035	7	108	300	2
PE191055	1	89	500	2
PE191055	2	53	9000	2
PE191057	1	53	27000	2
PE191058	1	89	1800	2
PE191058	2	53	7000	2
PE191065	1	89	800	1
PE191065	2	53	1000	1
PE191066	1	53	2000	2
PE191066	2	89	600	2
PE191072	1	89	600	2
PE191072	2	44	280	2
PE191072	3	84	1000	2
PE191073	1	53	35	10
PE191073	2	75	30	10
PE191076	1	53	15000	2
PE191076	2	89	4500	2
PE191079	1	53	50	10
PE191079	2	89	350	2
PE191081	1	55	10	10
PE191081	2	87	3	10
PE191081	3	101	5	10
PE191081	4	75	3	10
PE191084	1	53	160	10
PE191084	2	89	80	10
PE191084	3	75	80	10
PE191088	1	53	5000	2
PE191088	2	89	1000	2
PE191089	1	89	400	2
PE191091	1	108	2000	8
PE191096	1	89	0	 
PE191100	1	89	1200	2
PE191100	2	53	13500	2
PE201004	1	55	5	10
PE201004	2	101	1	10
PE201012	1	55	5	10
PE201012	2	87	10	3
PE201012	3	101	8	3
PE201012	4	49	12	3
PE201012	5	84	5	3
PE201013	1	55	3	10
PE201013	2	101	2	10
PE201013	3	5	1	10
PE201015	1	87	150	10
PE201018	1	55	5	10
PE201018	2	101	25	2
PE201018	3	5	50	2
PE201018	4	96	50	2
PE201018	5	99	25	2
PE201023	1	55	4	10
PE201023	2	101	4	10
PE201023	3	5	2	10
PE201025	1	55	20	10
PE201025	2	87	1	10
PE201030	1	49	50	10
PE201030	2	55	3	3
PE201030	3	101	2	10
PE201038	1	55	10	10
PE201042	1	44	3	10
PE201042	2	108	1320	11
PE201042	3	3	222	2
PE201042	4	93	40	2
PE201042	5	4	10	7
PE201043	1	17	1	10
PE201043	2	4	400	7
PE201052	1	55	3	10
PE201052	2	101	1.5	3
PE201057	1	5	312.5	2
PE201057	2	87	100	2
PE201057	3	101	62.5	2
PE201057	4	49	100	2
PE201057	5	55	250	2
PE201066	1	55	4	3
PE201066	2	101	2	3
PE201066	3	87	2	2
PE201066	4	5	2	10
PE201066	5	49	2	10
PE201083	1	17	2	10
PE201083	2	4	15	7
PE201083	3	108	500	8
PE201083	4	51	300	8
PE201083	5	90	20	7
PE201083	6	93	120	8
PE201083	7	3	200	8
PE201088	1	55	6	10
PE201090	1	44	46	2
PE201090	2	55	115	2
PE201090	3	4	100	8
PE201090	4	17	368	2
PE201090	5	5	26	2
PE201097	1	101	80	2
PE201097	2	5	80	2
PE201097	3	55	200	2
PE201099	1	55	10	10
PE201099	2	44	37	10
PE201099	3	101	4	10
PE201099	4	5	3	10
