FORMNO	CHILDID	ACTID	ACTYEST	ACTSUPER	ACTCARE	CHOICE
R28YRS	ET011001	1	1	0	0	1
R28YRS	ET011001	2	2	0	0	1
R28YRS	ET011001	3	10	0	0	1
R28YRS	ET011002	1	1	0	0	1
R28YRS	ET011002	2	5	1	0	0
R28YRS	ET011002	3	10	0	0	1
R28YRS	ET011003	1	1	1	1	2
R28YRS	ET011003	2	6	1	1	2
R28YRS	ET011003	3	9	1	0	1
R28YRS	ET011004	1	1	1	0	0
R28YRS	ET011004	2	5	1	0	0
R28YRS	ET011004	3	2	1	0	0
R28YRS	ET011004	4	10	0	0	0
R28YRS	ET011005	1	1	1	0	1
R28YRS	ET011005	2	3	0	0	1
R28YRS	ET011005	3	5	0	0	1
R28YRS	ET011005	4	9	0	1	1
R28YRS	ET011005	5	12	0	0	1
R28YRS	ET011006	1	2	1	0	0
R28YRS	ET011006	2	1	1	0	0
R28YRS	ET011006	3	12	0	0	0
R28YRS	ET011007	1	9	0	0	2
R28YRS	ET011007	2	5	1	0	0
R28YRS	ET011008	1	1	1	0	0
R28YRS	ET011008	2	21	1	0	0
R28YRS	ET011008	3	12	1	0	0
R28YRS	ET011008	4	2	1	0	0
R28YRS	ET011009	1	2	1	0	1
R28YRS	ET011009	2	1	1	0	0
R28YRS	ET011009	3	5	1	0	1
R28YRS	ET011010	1	1	1	0	1
R28YRS	ET011010	2	5	1	0	1
R28YRS	ET011010	3	2	1	0	1
R28YRS	ET011012	1	1	1	0	0
R28YRS	ET011012	2	2	1	0	0
R28YRS	ET011012	3	5	1	1	0
R28YRS	ET011012	4	12	1	1	0
R28YRS	ET011013	1	23	0	0	1
R28YRS	ET011013	2	1	1	0	0
R28YRS	ET011013	3	2	1	0	0
R28YRS	ET011014	1	7	0	1	0
R28YRS	ET011015	1	1	0	0	1
R28YRS	ET011015	2	10	0	0	1
R28YRS	ET011015	3	12	0	0	1
R28YRS	ET011015	4	5	0	0	1
R28YRS	ET011016	1	1	1	0	0
R28YRS	ET011016	2	5	1	0	0
R28YRS	ET011017	1	1	1	0	0
R28YRS	ET011017	2	23	0	0	0
R28YRS	ET011017	3	10	0	0	1
R28YRS	ET011017	4	2	0	0	0
R28YRS	ET011018	1	1	1	0	0
R28YRS	ET011018	2	2	1	1	0
R28YRS	ET011018	3	17	0	1	1
R28YRS	ET011019	1	1	1	0	0
R28YRS	ET011019	2	2	1	0	0
R28YRS	ET011019	3	5	1	0	0
R28YRS	ET011019	4	12	0	0	1
R28YRS	ET011020	1	1	1	0	0
R28YRS	ET011020	2	5	1	0	0
R28YRS	ET011020	3	2	1	0	0
R28YRS	ET011021	1	1	0	0	1
R28YRS	ET011021	2	5	1	0	1
R28YRS	ET011021	3	10	0	0	1
R28YRS	ET011022	1	1	0	0	1
R28YRS	ET011022	2	14	0	0	1
R28YRS	ET011022	3	12	0	0	1
R28YRS	ET011023	1	8	1	1	0
R28YRS	ET011023	2	6	1	1	0
R28YRS	ET011023	3	5	1	1	0
R28YRS	ET011024	1	1	0	0	1
R28YRS	ET011024	2	5	0	0	1
R28YRS	ET011024	3	12	0	0	1
R28YRS	ET011025	1	1	1	1	1
R28YRS	ET011025	2	9	1	1	1
R28YRS	ET011025	3	17	1	1	1
R28YRS	ET011025	4	5	1	1	1
R28YRS	ET011026	1	1	1	1	0
R28YRS	ET011026	2	2	0	0	0
R28YRS	ET011026	3	12	0	0	2
R28YRS	ET011026	4	5	1	0	2
R28YRS	ET011027	1	1	1	1	0
R28YRS	ET011027	2	2	0	0	0
R28YRS	ET011027	3	23	0	0	0
R28YRS	ET011027	4	5	1	1	0
R28YRS	ET011028	1	1	0	0	1
R28YRS	ET011028	2	12	0	0	1
R28YRS	ET011029	1	5	0	0	0
R28YRS	ET011029	2	1	1	0	0
R28YRS	ET011029	3	23	0	0	1
R28YRS	ET011030	1	1	1	0	0
R28YRS	ET011030	2	2	1	0	0
R28YRS	ET011030	3	5	1	0	0
R28YRS	ET011031	1	1	1	0	0
R28YRS	ET011031	2	9	0	0	0
R28YRS	ET011031	3	10	0	0	1
R28YRS	ET011031	4	12	0	0	0
R28YRS	ET011032	1	1	1	1	0
R28YRS	ET011032	2	2	1	1	0
R28YRS	ET011032	3	12	0	1	0
R28YRS	ET011033	1	1	0	0	1
R28YRS	ET011033	2	12	0	0	1
R28YRS	ET011034	1	1	0	0	1
R28YRS	ET011034	2	5	0	0	1
R28YRS	ET011034	3	9	1	0	1
R28YRS	ET011034	4	2	0	0	1
R28YRS	ET011035	1	1	0	0	1
R28YRS	ET011035	2	10	0	0	1
R28YRS	ET011036	1	1	0	0	1
R28YRS	ET011036	2	12	0	0	1
R28YRS	ET011036	3	2	0	0	1
R28YRS	ET011036	4	10	0	0	1
R28YRS	ET011037	1	1	1	0	0
R28YRS	ET011037	2	22	1	0	0
R28YRS	ET011037	3	2	1	0	0
R28YRS	ET011038	1	5	1	0	0
R28YRS	ET011038	2	18	0	0	1
R28YRS	ET011039	1	1	0	0	1
R28YRS	ET011039	2	10	0	0	1
R28YRS	ET011040	1	17	0	0	1
R28YRS	ET011040	2	12	0	0	1
R28YRS	ET011040	3	5	0	0	0
R28YRS	ET011040	4	1	1	0	0
R28YRS	ET011040	5	2	1	0	0
R28YRS	ET011041	1	1	1	0	0
R28YRS	ET011041	2	10	0	0	1
R28YRS	ET011041	3	1	1	0	0
R28YRS	ET011041	4	2	1	0	1
R28YRS	ET011041	5	12	0	0	1
R28YRS	ET011042	1	5	0	0	0
R28YRS	ET011042	2	2	0	0	1
R28YRS	ET011042	3	10	0	0	1
R28YRS	ET011042	4	1	0	0	0
R28YRS	ET011043	1	1	1	0	0
R28YRS	ET011043	2	5	1	1	0
R28YRS	ET011043	3	2	0	0	0
R28YRS	ET011043	4	10	0	0	0
R28YRS	ET011044	1	1	1	0	0
R28YRS	ET011044	2	2	0	0	0
R28YRS	ET011044	3	5	0	0	0
R28YRS	ET011044	4	10	0	0	1
R28YRS	ET011045	1	1	1	0	0
R28YRS	ET011045	2	2	1	0	0
R28YRS	ET011045	3	12	0	0	1
R28YRS	ET011046	1	1	0	0	1
R28YRS	ET011046	2	2	0	0	1
R28YRS	ET011046	3	10	0	0	1
R28YRS	ET011048	1	2	0	0	1
R28YRS	ET011048	2	1	0	0	1
R28YRS	ET011048	3	10	0	0	1
R28YRS	ET011049	1	1	1	0	0
R28YRS	ET011049	2	2	1	0	0
R28YRS	ET011049	3	12	0	0	0
R28YRS	ET011050	1	1	0	0	1
R28YRS	ET011050	2	10	0	0	1
R28YRS	ET021001	1	5	0	1	1
R28YRS	ET021001	2	1	0	0	1
R28YRS	ET021001	3	17	0	1	1
R28YRS	ET021002	1	1	0	0	1
R28YRS	ET021002	2	2	0	0	1
R28YRS	ET021002	3	5	1	0	2
R28YRS	ET021003	1	2	0	0	0
R28YRS	ET021003	2	1	1	0	0
R28YRS	ET021003	3	6	1	0	2
R28YRS	ET021003	4	10	0	0	2
R28YRS	ET021004	1	1	0	1	0
R28YRS	ET021004	2	2	0	0	0
R28YRS	ET021004	3	5	0	0	0
R28YRS	ET021004	4	10	0	0	0
R28YRS	ET021005	1	1	0	0	1
R28YRS	ET021005	2	21	1	0	1
R28YRS	ET021005	3	5	1	0	1
R28YRS	ET021005	4	10	0	0	1
R28YRS	ET021005	5	2	0	0	1
R28YRS	ET021006	1	1	1	0	0
R28YRS	ET021006	2	2	1	1	0
R28YRS	ET021006	3	3	1	1	0
R28YRS	ET021006	4	10	1	1	0
R28YRS	ET021006	5	12	1	1	0
R28YRS	ET021007	1	1	1	0	1
R28YRS	ET021007	2	2	1	0	1
R28YRS	ET021007	3	5	1	0	0
R28YRS	ET021008	1	1	1	1	0
R28YRS	ET021008	2	2	1	0	0
R28YRS	ET021008	3	3	0	1	0
R28YRS	ET021008	4	12	0	1	1
R28YRS	ET021008	5	5	1	1	0
R28YRS	ET021009	1	1	0	0	1
R28YRS	ET021009	2	5	1	1	1
R28YRS	ET021009	3	17	0	1	1
R28YRS	ET021010	1	5	1	1	1
R28YRS	ET021010	2	1	1	0	0
R28YRS	ET021010	3	2	0	1	1
R28YRS	ET021011	1	7	1	1	0
R28YRS	ET021011	2	2	0	1	0
R28YRS	ET021011	3	1	0	0	0
R28YRS	ET021011	4	5	1	1	0
R28YRS	ET021011	5	16	0	1	0
R28YRS	ET021011	6	12	0	1	0
R28YRS	ET021011	7	10	0	0	1
R28YRS	ET021012	1	1	1	0	0
R28YRS	ET021012	2	3	1	0	1
R28YRS	ET021012	3	5	1	1	0
R28YRS	ET021012	4	6	1	1	1
R28YRS	ET021012	5	17	1	0	1
R28YRS	ET021013	1	7	0	1	1
R28YRS	ET021013	2	1	0	0	1
R28YRS	ET021013	3	5	1	0	2
R28YRS	ET021013	4	17	0	0	1
R28YRS	ET021013	5	2	0	0	1
R28YRS	ET021014	1	5	0	0	0
R28YRS	ET021014	2	2	0	0	0
R28YRS	ET021014	3	1	0	0	0
R28YRS	ET021014	4	10	0	0	1
R28YRS	ET021014	5	12	0	0	1
R28YRS	ET021015	1	1	1	0	1
R28YRS	ET021015	2	2	0	0	0
R28YRS	ET021015	3	10	0	0	1
R28YRS	ET021016	1	1	1	0	1
R28YRS	ET021016	2	10	0	0	1
R28YRS	ET021016	3	2	1	1	1
R28YRS	ET021016	4	6	1	0	0
R28YRS	ET021017	1	5	0	1	0
R28YRS	ET021017	2	1	0	0	1
R28YRS	ET021017	3	3	0	1	0
R28YRS	ET021017	4	10	0	0	0
R28YRS	ET021018	1	1	1	0	0
R28YRS	ET021018	2	6	1	0	0
R28YRS	ET021018	3	2	1	0	0
R28YRS	ET021019	1	1	1	0	0
R28YRS	ET021019	2	2	0	0	0
R28YRS	ET021019	3	10	1	0	1
R28YRS	ET021020	1	5	0	0	1
R28YRS	ET021020	2	2	0	0	1
R28YRS	ET021020	3	1	0	0	1
R28YRS	ET021020	4	12	0	0	1
R28YRS	ET021020	5	10	0	0	1
R28YRS	ET021021	1	1	1	0	0
R28YRS	ET021021	2	5	1	0	0
R28YRS	ET021021	3	10	0	0	1
R28YRS	ET021022	1	1	0	0	0
R28YRS	ET021022	2	2	0	0	2
R28YRS	ET021022	3	10	0	1	1
R28YRS	ET021022	4	12	0	1	1
R28YRS	ET021023	1	7	0	0	1
R28YRS	ET021023	2	1	0	1	0
R28YRS	ET021023	3	10	0	0	1
R28YRS	ET021024	1	1	1	0	0
R28YRS	ET021024	2	5	1	0	0
R28YRS	ET021024	3	2	1	0	0
R28YRS	ET021024	4	12	0	0	2
R28YRS	ET021025	1	6	1	0	1
R28YRS	ET021025	2	5	1	0	2
R28YRS	ET021025	3	17	0	0	1
R28YRS	ET021025	4	1	1	0	0
R28YRS	ET021026	1	1	0	0	0
R28YRS	ET021026	2	2	0	0	0
R28YRS	ET021026	3	5	1	0	2
R28YRS	ET021027	1	1	0	0	0
R28YRS	ET021027	2	2	0	1	0
R28YRS	ET021027	3	5	1	1	1
R28YRS	ET021027	4	17	0	0	1
R28YRS	ET021028	1	21	1	0	0
R28YRS	ET021028	2	1	0	0	0
R28YRS	ET021028	3	5	77	0	0
R28YRS	ET021028	4	2	0	0	0
R28YRS	ET021028	5	10	0	0	1
R28YRS	ET021029	1	1	1	0	0
R28YRS	ET021029	2	5	1	1	1
R28YRS	ET021029	3	21	0	0	1
R28YRS	ET021030	1	1	1	0	1
R28YRS	ET021030	2	2	0	0	0
R28YRS	ET021030	3	5	0	0	0
R28YRS	ET021030	4	6	0	0	0
R28YRS	ET021030	5	9	0	0	0
R28YRS	ET021030	6	21	0	0	0
R28YRS	ET021031	1	5	0	0	1
R28YRS	ET021031	2	1	0	0	0
R28YRS	ET021031	3	18	0	0	1
R28YRS	ET021031	4	2	0	0	0
R28YRS	ET021032	1	1	1	0	0
R28YRS	ET021032	2	2	0	0	0
R28YRS	ET021032	3	6	1	0	0
R28YRS	ET021032	4	10	0	0	0
R28YRS	ET021032	5	12	0	0	2
R28YRS	ET021033	1	1	0	0	0
R28YRS	ET021033	2	2	0	0	2
R28YRS	ET021033	3	5	1	0	2
R28YRS	ET021033	4	12	0	0	2
R28YRS	ET021034	1	1	1	0	0
R28YRS	ET021034	2	2	0	0	0
R28YRS	ET021034	3	6	1	0	1
R28YRS	ET021034	4	10	1	0	1
R28YRS	ET021034	5	12	1	0	1
R28YRS	ET021035	1	1	0	0	0
R28YRS	ET021035	2	2	0	0	2
R28YRS	ET021035	3	10	0	0	1
R28YRS	ET021036	1	1	0	0	0
R28YRS	ET021036	2	2	0	0	0
R28YRS	ET021036	3	5	1	1	0
R28YRS	ET021036	4	7	0	1	0
R28YRS	ET021037	1	1	1	1	0
R28YRS	ET021037	2	5	1	0	1
R28YRS	ET021037	3	21	1	1	1
R28YRS	ET021037	4	2	0	1	0
R28YRS	ET021038	1	1	1	0	0
R28YRS	ET021038	2	5	1	0	0
R28YRS	ET021038	3	10	1	0	0
R28YRS	ET021039	1	5	1	1	0
R28YRS	ET021039	2	2	1	1	0
R28YRS	ET021039	3	1	1	1	0
R28YRS	ET021040	1	1	1	0	0
R28YRS	ET021040	2	2	1	0	1
R28YRS	ET021040	3	5	1	0	1
R28YRS	ET021040	4	10	1	0	1
R28YRS	ET021041	1	1	1	0	0
R28YRS	ET021041	2	2	1	0	0
R28YRS	ET021041	3	18	1	0	2
R28YRS	ET021041	4	17	0	0	1
R28YRS	ET021041	5	12	0	0	1
R28YRS	ET021042	1	1	1	0	0
R28YRS	ET021042	2	2	0	0	0
R28YRS	ET021042	3	22	1	1	2
R28YRS	ET021043	1	1	1	1	0
R28YRS	ET021043	2	2	1	1	0
R28YRS	ET021043	3	10	0	1	1
R28YRS	ET021043	4	12	0	1	1
R28YRS	ET021043	5	6	0	0	0
R28YRS	ET021044	1	1	1	0	1
R28YRS	ET021044	2	21	1	0	1
R28YRS	ET021044	3	5	1	1	1
R28YRS	ET021044	4	2	1	0	1
R28YRS	ET021045	1	1	0	1	0
R28YRS	ET021045	2	2	1	1	0
R28YRS	ET021045	3	5	0	0	0
R28YRS	ET021045	4	10	0	1	1
R28YRS	ET021045	5	12	0	1	1
R28YRS	ET021046	1	1	1	1	0
R28YRS	ET021046	2	2	1	1	0
R28YRS	ET021046	3	7	1	1	0
R28YRS	ET021046	4	10	1	1	1
R28YRS	ET021047	1	1	1	0	1
R28YRS	ET021047	2	2	1	0	1
R28YRS	ET021047	3	5	0	0	1
R28YRS	ET021047	4	12	0	0	1
R28YRS	ET021048	1	1	1	0	1
R28YRS	ET021048	2	2	1	0	1
R28YRS	ET021048	3	4	1	0	2
R28YRS	ET021049	1	1	0	0	0
R28YRS	ET021049	2	5	0	0	0
R28YRS	ET021049	3	6	0	1	0
R28YRS	ET021049	4	2	1	1	1
R28YRS	ET021050	1	1	1	1	0
R28YRS	ET021050	2	5	1	1	0
R28YRS	ET021050	3	3	1	1	0
R28YRS	ET021050	4	2	1	1	0
R28YRS	ET031001	1	1	1	0	1
R28YRS	ET031001	2	10	0	0	1
R28YRS	ET031001	3	12	0	0	1
R28YRS	ET031001	4	5	1	0	1
R28YRS	ET031002	1	1	0	1	0
R28YRS	ET031002	2	2	0	1	0
R28YRS	ET031002	3	3	1	1	1
R28YRS	ET031002	4	12	1	1	1
R28YRS	ET031003	1	1	1	1	0
R28YRS	ET031003	2	2	1	1	1
R28YRS	ET031003	3	12	1	1	1
R28YRS	ET031004	1	1	1	0	0
R28YRS	ET031004	2	10	0	0	1
R28YRS	ET031004	3	12	0	0	1
R28YRS	ET031004	4	9	0	0	0
R28YRS	ET031006	1	1	0	0	1
R28YRS	ET031006	2	12	0	0	1
R28YRS	ET031006	3	10	0	0	1
R28YRS	ET031006	4	2	0	0	1
R28YRS	ET031007	1	1	1	1	0
R28YRS	ET031007	2	2	1	1	0
R28YRS	ET031007	3	12	1	1	1
R28YRS	ET031007	4	17	1	1	1
R28YRS	ET031008	1	5	0	0	0
R28YRS	ET031008	2	1	0	0	0
R28YRS	ET031008	3	10	0	0	1
R28YRS	ET031008	4	2	0	0	1
R28YRS	ET031009	1	1	0	1	1
R28YRS	ET031009	2	2	0	0	1
R28YRS	ET031009	3	5	1	1	2
R28YRS	ET031009	4	10	0	0	1
R28YRS	ET031010	1	1	1	0	0
R28YRS	ET031010	2	2	0	0	0
R28YRS	ET031010	3	10	0	0	1
R28YRS	ET031011	1	1	1	0	0
R28YRS	ET031011	2	2	1	0	0
R28YRS	ET031011	3	5	1	0	0
R28YRS	ET031012	1	1	1	1	2
R28YRS	ET031012	2	10	0	0	1
R28YRS	ET031012	3	2	0	0	1
R28YRS	ET031012	4	6	1	0	1
R28YRS	ET031013	1	3	1	1	0
R28YRS	ET031013	2	1	0	0	0
R28YRS	ET031013	3	10	0	0	1
R28YRS	ET031013	4	2	0	0	0
R28YRS	ET031014	1	5	1	0	0
R28YRS	ET031014	2	10	1	0	0
R28YRS	ET031015	1	1	1	0	0
R28YRS	ET031015	2	10	0	0	1
R28YRS	ET031015	3	2	1	1	0
R28YRS	ET031015	4	12	1	0	1
R28YRS	ET031016	1	1	1	0	0
R28YRS	ET031016	2	9	1	0	0
R28YRS	ET031016	3	10	1	0	1
R28YRS	ET031016	4	12	1	0	1
R28YRS	ET031017	1	1	1	1	0
R28YRS	ET031017	2	2	1	1	0
R28YRS	ET031017	3	10	1	1	1
R28YRS	ET031017	4	12	1	1	1
R28YRS	ET031018	1	1	0	0	0
R28YRS	ET031018	2	2	0	0	0
R28YRS	ET031018	3	5	0	0	1
R28YRS	ET031018	4	10	0	0	1
R28YRS	ET031018	5	12	0	0	1
R28YRS	ET031019	1	1	0	0	0
R28YRS	ET031019	2	2	1	0	1
R28YRS	ET031019	3	5	1	0	1
R28YRS	ET031019	4	17	0	1	1
R28YRS	ET031020	1	1	0	1	0
R28YRS	ET031020	2	2	1	1	0
R28YRS	ET031020	3	6	0	1	1
R28YRS	ET031020	4	5	1	1	1
R28YRS	ET031020	5	17	0	1	1
R28YRS	ET031021	1	1	1	0	1
R28YRS	ET031021	2	2	1	0	1
R28YRS	ET031021	3	5	1	0	1
R28YRS	ET031022	1	1	0	1	0
R28YRS	ET031022	2	2	0	1	0
R28YRS	ET031022	3	17	0	1	1
R28YRS	ET031023	1	1	0	0	0
R28YRS	ET031023	2	2	0	0	0
R28YRS	ET031023	3	10	0	0	1
R28YRS	ET031023	4	12	0	1	1
R28YRS	ET031024	1	1	1	0	1
R28YRS	ET031024	2	2	1	0	1
R28YRS	ET031024	3	10	1	0	0
R28YRS	ET031025	1	5	0	0	0
R28YRS	ET031025	2	18	0	0	0
R28YRS	ET031026	1	1	0	0	0
R28YRS	ET031026	2	2	1	0	0
R28YRS	ET031026	3	5	1	0	0
R28YRS	ET031026	4	12	0	0	1
R28YRS	ET031027	1	1	1	0	0
R28YRS	ET031027	2	2	1	0	0
R28YRS	ET031027	3	17	0	1	2
R28YRS	ET031028	1	1	1	1	0
R28YRS	ET031028	2	2	1	1	0
R28YRS	ET031028	3	10	1	1	1
R28YRS	ET031028	4	12	1	1	1
R28YRS	ET031028	5	17	1	1	1
R28YRS	ET031029	1	5	0	0	0
R28YRS	ET031029	2	1	0	0	0
R28YRS	ET031029	3	2	0	0	0
R28YRS	ET031029	4	4	0	0	0
R28YRS	ET031030	1	5	1	0	1
R28YRS	ET031030	2	10	1	0	1
R28YRS	ET031030	3	1	1	0	0
R28YRS	ET031030	4	2	1	0	0
R28YRS	ET031031	1	1	1	1	1
R28YRS	ET031031	2	5	1	1	0
R28YRS	ET031031	3	10	0	1	0
R28YRS	ET031031	4	12	0	1	0
R28YRS	ET031031	5	16	0	1	0
R28YRS	ET031033	1	5	1	0	0
R28YRS	ET031033	2	1	1	0	0
R28YRS	ET031033	3	2	0	0	1
R28YRS	ET031033	4	10	0	0	1
R28YRS	ET031033	5	12	0	0	1
R28YRS	ET031034	1	1	1	0	0
R28YRS	ET031034	2	2	1	0	0
R28YRS	ET031034	3	10	1	0	1
R28YRS	ET031034	4	12	1	0	1
R28YRS	ET031035	1	1	1	0	2
R28YRS	ET031035	2	9	0	0	1
R28YRS	ET031035	3	2	0	1	1
R28YRS	ET031035	4	12	0	0	1
R28YRS	ET031035	5	5	0	0	0
R28YRS	ET031036	1	1	1	0	0
R28YRS	ET031036	2	21	1	0	0
R28YRS	ET031036	3	3	1	0	0
R28YRS	ET031036	4	5	1	0	0
R28YRS	ET031036	5	2	1	0	0
R28YRS	ET031036	6	12	1	0	0
R28YRS	ET031037	1	1	0	0	0
R28YRS	ET031037	2	10	0	0	1
R28YRS	ET031037	3	12	0	0	1
R28YRS	ET031038	1	1	0	0	0
R28YRS	ET031038	2	2	0	0	1
R28YRS	ET031038	3	5	0	0	1
R28YRS	ET031038	4	10	0	0	1
R28YRS	ET031039	1	5	0	0	1
R28YRS	ET031039	2	9	0	0	1
R28YRS	ET031039	3	1	1	0	0
R28YRS	ET031039	4	2	1	0	0
R28YRS	ET031040	1	1	1	0	0
R28YRS	ET031040	2	10	0	0	1
R28YRS	ET031040	3	5	0	0	0
R28YRS	ET031040	4	2	0	0	1
R28YRS	ET031040	5	12	0	0	1
R28YRS	ET031042	1	5	1	0	0
R28YRS	ET031042	2	10	0	0	1
R28YRS	ET031043	1	1	1	0	0
R28YRS	ET031043	2	2	1	0	1
R28YRS	ET031043	3	7	0	0	1
R28YRS	ET031043	4	9	1	0	1
R28YRS	ET031043	5	10	1	0	1
R28YRS	ET031043	6	12	1	0	1
R28YRS	ET031044	1	5	0	1	1
R28YRS	ET031044	2	1	0	0	0
R28YRS	ET031044	3	2	0	1	1
R28YRS	ET031044	4	10	0	0	1
R28YRS	ET031045	1	9	1	0	1
R28YRS	ET031046	1	1	1	0	1
R28YRS	ET031046	2	2	0	0	1
R28YRS	ET031046	3	22	0	0	1
R28YRS	ET031047	1	1	1	0	0
R28YRS	ET031047	2	2	1	0	0
R28YRS	ET031047	3	12	0	0	1
R28YRS	ET031047	4	10	0	0	1
R28YRS	ET031048	1	1	1	0	0
R28YRS	ET031048	2	2	1	0	0
R28YRS	ET031048	3	10	0	0	0
R28YRS	ET031050	1	1	1	0	0
R28YRS	ET031050	2	2	1	1	0
R28YRS	ET031050	3	10	1	1	1
R28YRS	ET031050	4	12	1	1	1
R28YRS	ET031050	5	6	1	1	0
R28YRS	ET041001	1	1	1	1	1
R28YRS	ET041001	2	12	1	1	1
R28YRS	ET041002	1	5	0	1	0
R28YRS	ET041002	2	1	0	1	1
R28YRS	ET041002	3	10	0	0	1
R28YRS	ET041002	4	2	0	0	1
R28YRS	ET041002	5	17	0	1	1
R28YRS	ET041003	1	1	1	1	1
R28YRS	ET041003	2	2	1	1	1
R28YRS	ET041003	3	17	0	0	2
R28YRS	ET041004	1	5	1	0	0
R28YRS	ET041004	2	1	0	0	1
R28YRS	ET041004	3	3	0	1	1
R28YRS	ET041005	1	1	1	0	1
R28YRS	ET041005	2	2	0	0	1
R28YRS	ET041005	3	5	1	0	1
R28YRS	ET041005	4	10	0	1	1
R28YRS	ET041006	1	5	0	0	0
R28YRS	ET041006	2	1	1	0	0
R28YRS	ET041006	3	2	1	0	0
R28YRS	ET041006	4	6	0	0	1
R28YRS	ET041007	1	1	1	0	1
R28YRS	ET041007	2	7	1	0	2
R28YRS	ET041008	1	1	0	0	0
R28YRS	ET041008	2	5	1	0	2
R28YRS	ET041008	3	10	0	0	2
R28YRS	ET041008	4	2	0	0	1
R28YRS	ET041009	1	1	1	0	0
R28YRS	ET041009	2	5	1	0	0
R28YRS	ET041009	3	2	0	0	0
R28YRS	ET041009	4	10	0	1	1
R28YRS	ET041010	1	1	1	0	0
R28YRS	ET041010	2	2	0	0	2
R28YRS	ET041010	3	5	1	0	2
R28YRS	ET041010	4	22	0	1	1
R28YRS	ET041011	1	5	1	0	1
R28YRS	ET041011	2	1	0	0	1
R28YRS	ET041011	3	7	0	0	1
R28YRS	ET041012	1	1	1	0	0
R28YRS	ET041012	2	2	0	0	0
R28YRS	ET041012	3	6	0	0	0
R28YRS	ET041012	4	10	0	0	1
R28YRS	ET041012	5	5	1	0	2
R28YRS	ET041013	1	1	1	0	0
R28YRS	ET041013	2	10	0	0	0
R28YRS	ET041013	3	2	0	0	0
R28YRS	ET041013	4	9	0	0	0
R28YRS	ET041014	1	17	0	1	1
R28YRS	ET041014	2	1	1	0	0
R28YRS	ET041014	3	5	1	1	1
R28YRS	ET041014	4	2	0	0	0
R28YRS	ET041015	1	1	1	0	1
R28YRS	ET041015	2	2	1	0	1
R28YRS	ET041015	3	5	1	0	1
R28YRS	ET041015	4	10	0	0	1
R28YRS	ET041016	1	5	1	0	1
R28YRS	ET041017	1	5	1	0	1
R28YRS	ET041017	2	2	0	0	1
R28YRS	ET041017	3	1	0	0	0
R28YRS	ET041017	4	10	0	0	1
R28YRS	ET041018	1	2	0	0	2
R28YRS	ET041018	2	1	1	0	0
R28YRS	ET041018	3	5	1	0	2
R28YRS	ET041019	1	1	1	0	1
R28YRS	ET041019	2	5	1	0	1
R28YRS	ET041019	3	2	1	0	1
R28YRS	ET041019	4	9	0	0	1
R28YRS	ET041019	5	10	0	1	1
R28YRS	ET041020	1	1	1	0	1
R28YRS	ET041020	2	2	1	1	1
R28YRS	ET041020	3	5	1	1	1
R28YRS	ET041020	4	10	0	0	1
R28YRS	ET041021	1	1	0	0	0
R28YRS	ET041021	2	5	0	1	1
R28YRS	ET041021	3	10	0	1	0
R28YRS	ET041021	4	17	0	1	0
R28YRS	ET041021	5	3	0	1	1
R28YRS	ET041022	1	5	0	0	1
R28YRS	ET041022	2	23	0	0	0
R28YRS	ET041023	1	1	0	1	2
R28YRS	ET041023	2	5	1	1	0
R28YRS	ET041023	3	10	0	1	1
R28YRS	ET041023	4	3	0	1	1
R28YRS	ET041023	5	2	0	0	1
R28YRS	ET041024	1	10	0	0	1
R28YRS	ET041024	2	5	1	0	1
R28YRS	ET041024	3	1	1	0	1
R28YRS	ET041025	1	1	0	0	1
R28YRS	ET041025	2	5	0	0	0
R28YRS	ET041025	3	10	0	0	1
R28YRS	ET041025	4	2	0	0	1
R28YRS	ET041026	1	1	0	0	1
R28YRS	ET041026	2	2	0	0	1
R28YRS	ET041026	3	3	1	1	1
R28YRS	ET041026	4	5	1	1	1
R28YRS	ET041027	1	1	0	1	0
R28YRS	ET041027	2	2	0	1	0
R28YRS	ET041027	3	5	0	0	0
R28YRS	ET041027	4	10	0	1	1
R28YRS	ET041027	5	3	0	1	2
R28YRS	ET041028	1	1	1	0	1
R28YRS	ET041028	2	5	1	0	1
R28YRS	ET041028	3	10	0	0	1
R28YRS	ET041029	1	1	1	0	0
R28YRS	ET041029	2	5	1	1	0
R28YRS	ET041029	3	2	1	0	1
R28YRS	ET041029	4	7	0	0	0
R28YRS	ET041029	5	17	0	1	1
R28YRS	ET041030	1	5	0	0	0
R28YRS	ET041030	2	1	1	0	1
R28YRS	ET041030	3	3	1	1	1
R28YRS	ET041030	4	10	0	1	1
R28YRS	ET041031	1	17	0	1	1
R28YRS	ET041031	2	3	0	1	0
R28YRS	ET041031	3	2	1	0	0
R28YRS	ET041031	4	5	1	1	0
R28YRS	ET041032	1	17	0	0	1
R28YRS	ET041032	2	1	1	0	1
R28YRS	ET041032	3	7	1	0	0
R28YRS	ET041032	4	10	0	1	1
R28YRS	ET041033	1	7	0	0	0
R28YRS	ET041033	2	1	1	0	0
R28YRS	ET041033	3	6	1	0	0
R28YRS	ET041033	4	5	0	0	0
R28YRS	ET041033	5	10	0	0	1
R28YRS	ET041034	1	5	0	0	1
R28YRS	ET041034	2	1	0	0	1
R28YRS	ET041035	1	5	1	0	0
R28YRS	ET041035	2	10	0	0	1
R28YRS	ET041035	3	23	1	0	1
R28YRS	ET041035	4	1	1	0	1
R28YRS	ET041035	5	2	0	0	1
R28YRS	ET041036	1	1	1	0	1
R28YRS	ET041036	2	10	0	0	1
R28YRS	ET041036	3	5	1	0	1
R28YRS	ET041037	1	10	0	0	1
R28YRS	ET041037	2	2	0	1	0
R28YRS	ET041037	3	1	1	0	0
R28YRS	ET041037	4	5	0	0	0
R28YRS	ET041037	5	17	0	0	1
R28YRS	ET041038	1	1	1	0	0
R28YRS	ET041038	2	2	0	0	1
R28YRS	ET041038	3	5	0	0	0
R28YRS	ET041038	4	3	0	1	0
R28YRS	ET041039	1	2	0	0	1
R28YRS	ET041039	2	10	0	0	1
R28YRS	ET041039	3	1	1	0	1
R28YRS	ET041039	4	5	1	0	1
R28YRS	ET041039	5	2	1	0	1
R28YRS	ET041040	1	1	1	0	1
R28YRS	ET041040	2	2	0	0	1
R28YRS	ET041040	3	3	1	1	2
R28YRS	ET041040	4	5	1	0	2
R28YRS	ET041041	1	3	0	0	0
R28YRS	ET041041	2	1	1	0	1
R28YRS	ET041041	3	10	0	0	1
R28YRS	ET041041	4	2	0	0	2
R28YRS	ET041041	5	5	1	0	0
R28YRS	ET041042	1	5	0	0	1
R28YRS	ET041042	2	7	1	0	1
R28YRS	ET041042	3	1	1	0	1
R28YRS	ET041042	4	21	1	0	1
R28YRS	ET041043	1	1	1	0	0
R28YRS	ET041043	2	10	0	0	1
R28YRS	ET041043	3	2	1	0	0
R28YRS	ET041044	1	1	0	0	0
R28YRS	ET041044	2	5	0	0	0
R28YRS	ET041044	3	2	1	0	0
R28YRS	ET041044	4	10	0	0	1
R28YRS	ET041045	1	2	0	0	1
R28YRS	ET041045	2	1	1	0	1
R28YRS	ET041045	3	10	0	1	1
R28YRS	ET041045	4	5	1	0	1
R28YRS	ET041046	1	3	1	1	0
R28YRS	ET041046	2	1	1	0	1
R28YRS	ET041046	3	10	1	0	1
R28YRS	ET041046	4	5	1	0	2
R28YRS	ET041047	1	2	0	0	0
R28YRS	ET041047	2	5	1	0	0
R28YRS	ET041047	3	1	1	0	0
R28YRS	ET041047	4	10	0	1	1
R28YRS	ET041048	1	5	1	0	1
R28YRS	ET041048	2	10	1	1	1
R28YRS	ET041048	3	1	1	0	1
R28YRS	ET041048	4	2	0	0	1
R28YRS	ET041049	1	1	1	0	1
R28YRS	ET041049	2	23	1	1	0
R28YRS	ET041049	3	2	0	0	1
R28YRS	ET041049	4	10	0	0	1
R28YRS	ET041050	1	10	0	0	1
R28YRS	ET041050	2	1	0	0	0
R28YRS	ET041050	3	2	0	0	1
R28YRS	ET041050	4	5	0	0	2
R28YRS	ET041050	5	3	0	1	2
R28YRS	ET051001	1	7	1	0	2
R28YRS	ET051001	2	10	0	0	1
R28YRS	ET051001	3	1	1	0	1
R28YRS	ET051002	1	1	1	0	0
R28YRS	ET051002	2	5	1	1	2
R28YRS	ET051002	3	3	1	1	2
R28YRS	ET051002	4	10	0	1	2
R28YRS	ET051002	5	2	0	0	1
R28YRS	ET051003	1	5	1	1	1
R28YRS	ET051003	2	1	1	0	2
R28YRS	ET051003	3	10	0	1	1
R28YRS	ET051004	1	1	1	1	1
R28YRS	ET051004	2	7	0	0	1
R28YRS	ET051004	3	5	0	0	2
R28YRS	ET051004	4	10	0	0	1
R28YRS	ET051005	1	1	1	1	1
R28YRS	ET051005	2	6	1	1	1
R28YRS	ET051005	3	3	1	1	1
R28YRS	ET051005	4	22	1	1	1
R28YRS	ET051006	1	1	1	1	1
R28YRS	ET051006	2	5	0	1	1
R28YRS	ET051006	3	10	0	0	1
R28YRS	ET051006	4	2	1	0	2
R28YRS	ET051007	1	2	0	0	0
R28YRS	ET051007	2	1	1	0	0
R28YRS	ET051007	3	5	1	0	0
R28YRS	ET051007	4	10	0	0	1
R28YRS	ET051008	1	1	1	0	1
R28YRS	ET051008	2	5	1	0	2
R28YRS	ET051008	3	2	1	0	1
R28YRS	ET051008	4	10	0	1	2
R28YRS	ET051009	1	5	1	0	1
R28YRS	ET051009	2	1	1	0	1
R28YRS	ET051009	3	2	0	0	1
R28YRS	ET051009	4	10	0	0	1
R28YRS	ET051010	1	6	0	0	1
R28YRS	ET051010	2	1	1	0	0
R28YRS	ET051010	3	2	1	0	0
R28YRS	ET051010	4	10	0	0	1
R28YRS	ET051011	1	5	1	0	2
R28YRS	ET051011	2	1	1	0	2
R28YRS	ET051011	3	10	0	0	1
R28YRS	ET051011	4	2	0	0	1
R28YRS	ET051012	1	1	1	0	0
R28YRS	ET051012	2	2	0	1	1
R28YRS	ET051012	3	10	0	0	1
R28YRS	ET051013	1	1	1	0	1
R28YRS	ET051013	2	5	1	0	0
R28YRS	ET051013	3	10	1	0	1
R28YRS	ET051014	1	1	1	0	0
R28YRS	ET051014	2	5	1	1	2
R28YRS	ET051014	3	10	0	1	1
R28YRS	ET051014	4	3	1	1	2
R28YRS	ET051015	1	1	1	1	0
R28YRS	ET051015	2	5	1	1	0
R28YRS	ET051015	3	22	1	1	0
R28YRS	ET051015	4	10	0	0	1
R28YRS	ET051016	1	7	0	0	0
R28YRS	ET051016	2	5	0	0	0
R28YRS	ET051016	3	10	0	0	1
R28YRS	ET051017	1	5	1	0	2
R28YRS	ET051017	2	1	0	0	0
R28YRS	ET051017	3	10	0	0	1
R28YRS	ET051017	4	2	0	0	1
R28YRS	ET051018	1	1	1	0	1
R28YRS	ET051018	2	7	1	0	2
R28YRS	ET051018	3	10	1	0	1
R28YRS	ET051019	1	6	0	0	0
R28YRS	ET051019	2	1	1	0	0
R28YRS	ET051019	3	2	0	0	1
R28YRS	ET051019	4	10	0	1	1
R28YRS	ET051020	1	1	1	1	1
R28YRS	ET051020	2	5	0	0	1
R28YRS	ET051020	3	10	0	0	1
R28YRS	ET051020	4	2	0	0	2
R28YRS	ET051021	1	5	0	0	2
R28YRS	ET051021	2	4	1	0	2
R28YRS	ET051021	3	10	0	0	2
R28YRS	ET051022	1	5	1	1	0
R28YRS	ET051022	2	6	0	1	0
R28YRS	ET051022	3	2	0	1	1
R28YRS	ET051022	4	1	1	0	1
R28YRS	ET051022	5	10	0	1	1
R28YRS	ET051023	1	1	1	0	0
R28YRS	ET051023	2	5	1	0	0
R28YRS	ET051023	3	10	0	1	1
R28YRS	ET051023	4	2	0	0	1
R28YRS	ET051024	1	1	1	0	1
R28YRS	ET051024	2	6	1	0	1
R28YRS	ET051024	3	10	1	0	1
R28YRS	ET051024	4	5	0	0	1
R28YRS	ET051025	1	1	1	0	1
R28YRS	ET051025	2	5	1	0	2
R28YRS	ET051025	3	6	0	0	2
R28YRS	ET051026	1	1	1	0	1
R28YRS	ET051026	2	5	1	0	2
R28YRS	ET051026	3	10	0	0	1
R28YRS	ET051026	4	2	0	0	1
R28YRS	ET051027	1	1	1	0	1
R28YRS	ET051027	2	2	1	0	1
R28YRS	ET051027	3	5	0	0	1
R28YRS	ET051028	1	5	0	0	1
R28YRS	ET051028	2	1	0	0	1
R28YRS	ET051028	3	10	0	0	1
R28YRS	ET051029	1	5	1	0	0
R28YRS	ET051029	2	1	1	0	0
R28YRS	ET051029	3	10	0	0	1
R28YRS	ET051030	1	5	0	0	0
R28YRS	ET051030	2	2	0	0	1
R28YRS	ET051030	3	1	1	0	0
R28YRS	ET051030	4	10	0	0	1
R28YRS	ET051031	1	1	1	0	0
R28YRS	ET051031	2	5	1	0	1
R28YRS	ET051031	3	2	1	0	0
R28YRS	ET051031	4	6	1	0	1
R28YRS	ET051031	5	10	0	0	1
R28YRS	ET051032	1	6	0	0	0
R28YRS	ET051032	2	5	1	0	0
R28YRS	ET051032	3	10	0	0	1
R28YRS	ET051033	1	1	1	0	0
R28YRS	ET051033	2	23	1	0	0
R28YRS	ET051033	3	10	0	0	1
R28YRS	ET051034	1	5	1	0	2
R28YRS	ET051034	2	6	0	0	2
R28YRS	ET051034	3	1	1	0	2
R28YRS	ET051034	4	2	0	0	1
R28YRS	ET051034	5	10	0	1	1
R28YRS	ET051035	1	1	1	0	0
R28YRS	ET051035	2	5	1	0	2
R28YRS	ET051035	3	2	0	1	0
R28YRS	ET051035	4	10	0	0	1
R28YRS	ET051036	1	5	0	0	2
R28YRS	ET051036	2	10	0	0	1
R28YRS	ET051036	3	3	0	1	1
R28YRS	ET051037	1	1	1	0	1
R28YRS	ET051037	2	5	1	0	2
R28YRS	ET051037	3	6	0	0	2
R28YRS	ET051037	4	10	0	1	1
R28YRS	ET051038	1	6	1	0	0
R28YRS	ET051038	2	5	1	0	0
R28YRS	ET051038	3	2	1	0	1
R28YRS	ET051038	4	1	1	0	1
R28YRS	ET051038	5	10	0	0	1
R28YRS	ET051039	1	5	1	1	1
R28YRS	ET051039	2	7	0	1	2
R28YRS	ET051039	3	1	1	1	1
R28YRS	ET051039	4	17	0	0	1
R28YRS	ET051039	5	10	0	1	1
R28YRS	ET051040	1	1	1	0	1
R28YRS	ET051040	2	2	0	0	1
R28YRS	ET051040	3	5	1	0	2
R28YRS	ET051040	4	10	0	1	1
R28YRS	ET051041	1	1	1	0	0
R28YRS	ET051041	2	2	0	0	2
R28YRS	ET051041	3	5	1	0	2
R28YRS	ET051041	4	10	0	1	1
R28YRS	ET051042	1	1	1	0	1
R28YRS	ET051042	2	5	1	0	1
R28YRS	ET051042	3	10	0	0	1
R28YRS	ET051043	1	1	1	0	0
R28YRS	ET051043	2	5	1	1	2
R28YRS	ET051043	3	3	0	1	2
R28YRS	ET051043	4	10	0	1	1
R28YRS	ET051043	5	4	1	1	0
R28YRS	ET051044	1	1	1	0	1
R28YRS	ET051044	2	5	1	1	0
R28YRS	ET051044	3	2	0	1	0
R28YRS	ET051044	4	10	1	1	2
R28YRS	ET051045	1	1	0	0	1
R28YRS	ET051045	2	5	0	0	1
R28YRS	ET051045	3	10	0	0	1
R28YRS	ET051046	1	1	1	0	1
R28YRS	ET051046	2	2	0	0	1
R28YRS	ET051046	3	5	0	0	1
R28YRS	ET051046	4	10	0	0	1
R28YRS	ET051047	1	5	0	0	1
R28YRS	ET051047	2	3	0	1	2
R28YRS	ET051047	3	10	0	1	2
R28YRS	ET051048	1	5	1	1	2
R28YRS	ET051048	2	1	1	1	2
R28YRS	ET051048	3	10	0	1	2
R28YRS	ET051049	1	1	0	0	1
R28YRS	ET051049	2	5	0	0	2
R28YRS	ET051049	3	2	0	0	1
R28YRS	ET051050	1	1	1	0	0
R28YRS	ET051050	2	2	0	0	1
R28YRS	ET051050	3	5	1	0	1
R28YRS	ET051050	4	10	0	0	1
R28YRS	ET061002	1	1	0	0	1
R28YRS	ET061002	2	5	1	1	0
R28YRS	ET061003	1	1	1	0	0
R28YRS	ET061003	2	7	1	0	0
R28YRS	ET061003	3	6	1	0	0
R28YRS	ET061004	1	5	0	1	1
R28YRS	ET061004	2	1	0	0	1
R28YRS	ET061005	1	1	0	0	1
R28YRS	ET061005	2	6	1	0	1
R28YRS	ET061007	1	1	1	1	0
R28YRS	ET061007	2	6	1	1	0
R28YRS	ET061008	1	7	1	1	0
R28YRS	ET061008	2	10	1	1	0
R28YRS	ET061009	1	1	1	0	0
R28YRS	ET061009	2	3	0	1	0
R28YRS	ET061009	3	5	1	0	0
R28YRS	ET061010	1	7	1	0	0
R28YRS	ET061010	2	1	0	0	0
R28YRS	ET061011	1	7	0	0	2
R28YRS	ET061012	1	7	1	1	0
R28YRS	ET061012	2	10	1	1	0
R28YRS	ET061014	1	7	0	0	0
R28YRS	ET061015	1	1	0	0	0
R28YRS	ET061015	2	7	0	0	0
R28YRS	ET061015	3	2	0	0	0
R28YRS	ET061016	1	7	1	0	1
R28YRS	ET061016	2	6	0	1	1
R28YRS	ET061016	3	10	0	1	1
R28YRS	ET061018	1	14	0	0	0
R28YRS	ET061019	1	1	1	0	1
R28YRS	ET061019	2	6	0	0	0
R28YRS	ET061020	1	10	1	1	0
R28YRS	ET061020	2	8	1	1	0
R28YRS	ET061021	1	1	0	0	0
R28YRS	ET061021	2	6	1	0	2
R28YRS	ET061022	1	7	1	1	0
R28YRS	ET061023	1	1	0	0	1
R28YRS	ET061023	2	7	1	1	0
R28YRS	ET061024	1	1	1	0	0
R28YRS	ET061024	2	7	0	0	0
R28YRS	ET061024	3	6	0	0	0
R28YRS	ET061024	4	5	1	0	0
R28YRS	ET061025	1	1	1	0	0
R28YRS	ET061025	2	10	0	0	1
R28YRS	ET061026	1	8	1	0	0
R28YRS	ET061026	2	10	0	0	0
R28YRS	ET061028	1	7	0	1	0
R28YRS	ET061029	1	1	1	0	0
R28YRS	ET061029	2	8	1	0	0
R28YRS	ET061029	3	10	0	0	0
R28YRS	ET061031	1	1	0	0	0
R28YRS	ET061031	2	2	1	0	2
R28YRS	ET061033	1	7	0	1	0
R28YRS	ET061034	1	7	0	1	0
R28YRS	ET061036	1	7	0	1	0
R28YRS	ET061036	2	6	0	1	0
R28YRS	ET061036	3	10	0	0	1
R28YRS	ET061036	4	2	0	0	1
R28YRS	ET061037	1	1	0	1	0
R28YRS	ET061038	1	10	1	1	1
R28YRS	ET061039	1	6	0	0	0
R28YRS	ET061040	1	1	1	1	0
R28YRS	ET061040	2	6	1	1	0
R28YRS	ET061041	1	6	1	1	2
R28YRS	ET061041	2	14	1	1	2
R28YRS	ET061044	1	5	0	1	2
R28YRS	ET061046	1	1	1	1	1
R28YRS	ET061047	1	1	1	0	0
R28YRS	ET061047	2	7	1	0	0
R28YRS	ET061047	3	6	1	0	0
R28YRS	ET061049	1	6	1	0	0
R28YRS	ET061049	2	7	1	0	0
R28YRS	ET061049	3	1	0	0	0
R28YRS	ET061049	4	2	0	0	1
R28YRS	ET061050	1	6	1	0	1
R28YRS	ET061050	2	1	0	0	1
R28YRS	ET061050	3	5	1	0	1
R28YRS	ET061050	4	17	0	1	1
R28YRS	ET061050	5	2	0	0	1
R28YRS	ET061050	6	10	0	0	1
R28YRS	ET061051	1	1	1	0	0
R28YRS	ET061051	2	8	1	0	0
R28YRS	ET061051	3	7	1	0	0
R28YRS	ET061051	4	10	0	0	0
R28YRS	ET061052	1	1	1	1	0
R28YRS	ET061053	1	1	0	1	0
R28YRS	ET061054	1	1	0	0	0
R28YRS	ET061054	2	6	1	0	0
R28YRS	ET061056	1	1	0	0	1
R28YRS	ET061056	2	7	1	1	0
R28YRS	ET061057	1	7	0	1	0
R28YRS	ET061058	1	18	0	0	1
R28YRS	ET061059	1	1	0	1	0
R28YRS	ET061059	2	6	0	0	0
R28YRS	ET061059	3	7	0	0	0
R28YRS	ET061059	4	2	0	0	1
R28YRS	ET061059	5	10	0	1	1
R28YRS	ET071001	1	1	0	0	0
R28YRS	ET071001	2	7	0	0	0
R28YRS	ET071002	1	1	0	0	1
R28YRS	ET071002	2	3	0	1	1
R28YRS	ET071003	1	1	1	0	0
R28YRS	ET071003	2	2	0	0	0
R28YRS	ET071003	3	7	1	0	0
R28YRS	ET071004	1	8	1	0	2
R28YRS	ET071005	1	7	0	1	0
R28YRS	ET071005	2	1	1	0	0
R28YRS	ET071006	1	8	1	1	0
R28YRS	ET071006	2	1	0	0	1
R28YRS	ET071006	3	10	0	1	1
R28YRS	ET071006	4	2	0	0	1
R28YRS	ET071007	1	1	1	0	0
R28YRS	ET071007	2	7	0	0	0
R28YRS	ET071008	1	7	0	0	0
R28YRS	ET071008	2	3	0	0	0
R28YRS	ET071008	3	1	0	0	0
R28YRS	ET071009	1	7	0	0	0
R28YRS	ET071010	1	1	0	1	0
R28YRS	ET071010	2	3	1	1	0
R28YRS	ET071010	3	8	0	1	2
R28YRS	ET071011	1	7	0	0	0
R28YRS	ET071011	2	1	0	0	0
R28YRS	ET071011	3	10	0	1	1
R28YRS	ET071012	1	1	0	0	1
R28YRS	ET071012	2	7	0	0	1
R28YRS	ET071013	1	6	1	0	0
R28YRS	ET071013	2	17	0	0	1
R28YRS	ET071013	3	10	0	0	1
R28YRS	ET071014	1	21	1	0	0
R28YRS	ET071014	2	5	1	0	0
R28YRS	ET071014	3	6	1	0	1
R28YRS	ET071015	1	1	1	0	0
R28YRS	ET071015	2	5	1	0	0
R28YRS	ET071016	1	6	1	0	0
R28YRS	ET071016	2	1	1	0	0
R28YRS	ET071017	1	1	1	0	1
R28YRS	ET071017	2	7	0	0	1
R28YRS	ET071018	1	2	0	1	0
R28YRS	ET071018	2	5	1	1	0
R28YRS	ET071018	3	1	0	0	1
R28YRS	ET071019	1	5	1	0	0
R28YRS	ET071019	2	6	1	0	0
R28YRS	ET071019	3	10	0	0	0
R28YRS	ET071020	1	7	1	0	0
R28YRS	ET071020	2	6	1	0	0
R28YRS	ET071020	3	2	0	0	0
R28YRS	ET071021	1	1	1	0	0
R28YRS	ET071021	2	7	0	0	0
R28YRS	ET071022	1	6	1	1	0
R28YRS	ET071022	2	2	1	1	0
R28YRS	ET071022	3	7	1	1	0
R28YRS	ET071024	1	7	1	0	0
R28YRS	ET071024	2	2	0	0	0
R28YRS	ET071024	3	1	1	0	0
R28YRS	ET071025	1	6	0	0	0
R28YRS	ET071025	2	1	0	0	0
R28YRS	ET071025	3	7	1	1	0
R28YRS	ET071025	4	2	1	0	1
R28YRS	ET071026	1	1	0	0	0
R28YRS	ET071026	2	7	0	0	0
R28YRS	ET071027	1	7	1	0	0
R28YRS	ET071028	1	1	0	0	0
R28YRS	ET071028	2	5	1	0	1
R28YRS	ET071029	1	7	0	1	1
R28YRS	ET071030	1	1	0	0	1
R28YRS	ET071030	2	5	0	0	1
R28YRS	ET071031	1	3	0	0	1
R28YRS	ET071031	2	1	1	0	1
R28YRS	ET071032	1	1	0	0	0
R28YRS	ET071032	2	4	0	0	0
R28YRS	ET071032	3	6	0	0	0
R28YRS	ET071033	1	1	0	0	0
R28YRS	ET071033	2	2	0	0	0
R28YRS	ET071033	3	3	0	1	0
R28YRS	ET071033	4	17	0	0	0
R28YRS	ET071034	1	1	1	0	0
R28YRS	ET071034	2	23	1	0	1
R28YRS	ET071034	3	10	0	1	1
R28YRS	ET071035	1	18	0	0	0
R28YRS	ET071036	1	7	0	0	0
R28YRS	ET071037	1	1	1	0	0
R28YRS	ET071037	2	7	1	0	0
R28YRS	ET071038	1	6	1	1	1
R28YRS	ET071038	2	7	1	1	1
R28YRS	ET071038	3	3	1	1	1
R28YRS	ET071039	1	6	0	0	0
R28YRS	ET071039	2	5	0	0	0
R28YRS	ET071040	1	14	1	0	0
R28YRS	ET071040	2	6	0	0	0
R28YRS	ET071041	1	3	0	1	0
R28YRS	ET071042	1	1	1	1	1
R28YRS	ET071043	1	1	1	0	0
R28YRS	ET071043	2	4	1	0	0
R28YRS	ET071044	1	5	0	0	1
R28YRS	ET071045	1	1	1	0	0
R28YRS	ET071045	2	6	0	0	0
R28YRS	ET071045	3	8	1	0	0
R28YRS	ET071046	1	7	0	0	0
R28YRS	ET071046	2	10	0	0	1
R28YRS	ET071047	1	1	0	0	1
R28YRS	ET071047	2	7	1	0	1
R28YRS	ET071048	1	1	1	0	0
R28YRS	ET071048	2	2	0	0	0
R28YRS	ET071048	3	10	0	0	1
R28YRS	ET071048	4	5	1	0	0
R28YRS	ET071049	1	6	1	0	2
R28YRS	ET071050	1	7	1	1	0
R28YRS	ET071050	2	5	1	1	0
R28YRS	ET071050	3	10	0	1	1
R28YRS	ET071050	4	2	0	1	0
R28YRS	ET071050	5	21	1	0	0
R28YRS	ET081001	1	5	0	1	0
R28YRS	ET081001	2	1	0	0	0
R28YRS	ET081002	1	5	1	0	0
R28YRS	ET081002	2	1	0	0	1
R28YRS	ET081002	3	6	0	0	0
R28YRS	ET081003	1	1	0	1	0
R28YRS	ET081003	2	2	0	1	0
R28YRS	ET081003	3	3	1	1	0
R28YRS	ET081003	4	6	1	1	0
R28YRS	ET081003	5	7	1	1	0
R28YRS	ET081004	1	1	0	0	1
R28YRS	ET081004	2	5	0	0	0
R28YRS	ET081004	3	6	0	0	0
R28YRS	ET081005	1	1	0	0	1
R28YRS	ET081005	2	6	0	0	0
R28YRS	ET081005	3	5	0	0	0
R28YRS	ET081006	1	1	1	0	0
R28YRS	ET081006	2	6	1	0	0
R28YRS	ET081006	3	17	1	0	0
R28YRS	ET081007	1	1	0	0	0
R28YRS	ET081007	2	6	0	0	0
R28YRS	ET081007	3	7	0	0	0
R28YRS	ET081007	4	10	0	0	1
R28YRS	ET081007	5	23	0	0	1
R28YRS	ET081008	1	5	1	0	0
R28YRS	ET081008	2	1	0	0	0
R28YRS	ET081009	1	5	0	1	0
R28YRS	ET081009	2	6	0	0	0
R28YRS	ET081010	1	5	0	0	0
R28YRS	ET081010	2	1	0	0	0
R28YRS	ET081010	3	6	0	0	0
R28YRS	ET081011	1	5	1	0	0
R28YRS	ET081011	2	6	0	0	0
R28YRS	ET081012	1	5	1	0	0
R28YRS	ET081012	2	6	1	0	0
R28YRS	ET081012	3	1	0	0	0
R28YRS	ET081013	1	1	0	0	1
R28YRS	ET081013	2	6	0	0	0
R28YRS	ET081013	3	14	0	0	0
R28YRS	ET081014	1	1	1	0	1
R28YRS	ET081014	2	2	1	0	1
R28YRS	ET081015	1	1	1	0	1
R28YRS	ET081015	2	23	1	0	0
R28YRS	ET081016	1	1	0	0	1
R28YRS	ET081016	2	6	0	0	0
R28YRS	ET081017	1	1	1	0	2
R28YRS	ET081017	2	6	1	0	2
R28YRS	ET081017	3	17	1	0	2
R28YRS	ET081017	4	7	1	0	2
R28YRS	ET081018	1	5	0	0	0
R28YRS	ET081018	2	6	0	0	0
R28YRS	ET081018	3	1	0	0	0
R28YRS	ET081019	1	1	1	1	0
R28YRS	ET081019	2	2	1	1	0
R28YRS	ET081019	3	7	1	1	0
R28YRS	ET081020	1	1	1	1	1
R28YRS	ET081020	2	7	1	1	1
R28YRS	ET081020	3	2	1	1	1
R28YRS	ET081021	1	1	1	0	0
R28YRS	ET081021	2	14	1	0	0
R28YRS	ET081021	3	5	0	0	0
R28YRS	ET081022	1	1	0	0	0
R28YRS	ET081022	2	5	1	0	0
R28YRS	ET081022	3	2	0	0	0
R28YRS	ET081023	1	1	1	1	0
R28YRS	ET081023	2	6	1	1	0
R28YRS	ET081024	1	1	1	1	0
R28YRS	ET081024	2	5	1	1	0
R28YRS	ET081024	3	6	1	1	0
R28YRS	ET081024	4	17	0	1	1
R28YRS	ET081025	1	1	1	0	2
R28YRS	ET081025	2	5	1	0	2
R28YRS	ET081025	3	23	0	0	2
R28YRS	ET081026	1	1	1	1	2
R28YRS	ET081026	2	3	1	1	2
R28YRS	ET081026	3	6	1	1	2
R28YRS	ET081026	4	7	1	1	2
R28YRS	ET081026	5	17	1	1	2
R28YRS	ET081027	1	1	1	1	1
R28YRS	ET081027	2	6	1	1	2
R28YRS	ET081027	3	7	1	1	2
R28YRS	ET081028	1	19	1	0	1
R28YRS	ET081029	1	1	1	1	0
R28YRS	ET081029	2	6	1	0	0
R28YRS	ET081029	3	7	1	0	0
R28YRS	ET081029	4	10	0	1	1
R28YRS	ET081030	1	1	0	0	0
R28YRS	ET081030	2	2	0	0	0
R28YRS	ET081030	3	6	1	1	0
R28YRS	ET081030	4	3	1	1	0
R28YRS	ET081030	5	7	1	1	0
R28YRS	ET081031	1	1	0	0	0
R28YRS	ET081031	2	5	0	0	0
R28YRS	ET081031	3	6	0	0	0
R28YRS	ET081031	4	7	0	0	0
R28YRS	ET081031	5	10	0	0	2
R28YRS	ET081031	6	23	1	0	1
R28YRS	ET081032	1	5	0	0	0
R28YRS	ET081032	2	1	0	0	1
R28YRS	ET081032	3	6	0	0	0
R28YRS	ET081033	1	1	0	1	1
R28YRS	ET081033	2	7	1	1	0
R28YRS	ET081034	1	1	0	0	0
R28YRS	ET081034	2	5	0	0	0
R28YRS	ET081034	3	2	1	0	0
R28YRS	ET081035	1	1	0	0	0
R28YRS	ET081035	2	5	0	0	0
R28YRS	ET081036	1	1	0	0	1
R28YRS	ET081036	2	3	0	0	2
R28YRS	ET081036	3	7	1	0	2
R28YRS	ET081036	4	6	1	0	2
R28YRS	ET081036	5	23	1	0	2
R28YRS	ET081037	1	1	1	0	0
R28YRS	ET081037	2	5	1	0	0
R28YRS	ET081037	3	7	1	0	0
R28YRS	ET081037	4	10	1	0	0
R28YRS	ET081037	5	12	1	0	0
R28YRS	ET081038	1	1	0	1	0
R28YRS	ET081038	2	2	0	1	0
R28YRS	ET081038	3	10	0	1	1
R28YRS	ET081039	1	1	0	0	1
R28YRS	ET081039	2	8	1	1	1
R28YRS	ET081040	1	1	0	0	0
R28YRS	ET081040	2	7	0	0	0
R28YRS	ET081040	3	22	0	0	2
R28YRS	ET081041	1	1	0	0	1
R28YRS	ET081041	2	6	0	1	0
R28YRS	ET081041	3	10	0	0	1
R28YRS	ET081041	4	15	0	0	1
R28YRS	ET081042	1	1	1	1	0
R28YRS	ET081042	2	15	1	1	0
R28YRS	ET081042	3	2	1	1	0
R28YRS	ET081042	4	6	1	1	0
R28YRS	ET081043	1	1	0	0	1
R28YRS	ET081043	2	6	0	0	1
R28YRS	ET081043	3	7	0	0	1
R28YRS	ET081043	4	23	0	0	1
R28YRS	ET081044	1	1	0	0	0
R28YRS	ET081044	2	5	0	0	0
R28YRS	ET081045	1	1	1	1	0
R28YRS	ET081045	2	2	1	1	0
R28YRS	ET081045	3	6	1	1	0
R28YRS	ET081046	1	1	0	0	0
R28YRS	ET081046	2	5	0	0	0
R28YRS	ET081047	1	1	0	0	0
R28YRS	ET081047	2	5	0	0	0
R28YRS	ET081047	3	6	0	0	0
R28YRS	ET081048	1	19	1	0	0
R28YRS	ET081049	1	5	1	0	0
R28YRS	ET081049	2	6	1	0	0
R28YRS	ET081050	1	1	1	0	0
R28YRS	ET081050	2	6	1	0	0
R28YRS	ET081050	3	23	0	0	1
R28YRS	ET091001	1	7	0	1	0
R28YRS	ET091001	2	1	0	0	0
R28YRS	ET091001	3	2	0	1	0
R28YRS	ET091001	4	3	0	1	0
R28YRS	ET091001	5	10	0	0	0
R28YRS	ET091002	1	1	0	0	0
R28YRS	ET091002	2	5	0	0	0
R28YRS	ET091002	3	2	1	0	0
R28YRS	ET091003	1	1	0	0	0
R28YRS	ET091003	2	5	1	0	0
R28YRS	ET091003	3	6	1	0	0
R28YRS	ET091004	1	1	0	0	1
R28YRS	ET091004	2	6	1	0	0
R28YRS	ET091004	3	5	0	1	0
R28YRS	ET091005	1	1	0	0	0
R28YRS	ET091005	2	2	0	0	0
R28YRS	ET091005	3	5	0	0	0
R28YRS	ET091006	1	5	1	1	0
R28YRS	ET091006	2	6	0	0	0
R28YRS	ET091006	3	1	0	0	1
R28YRS	ET091007	1	2	1	1	0
R28YRS	ET091007	2	7	1	1	0
R28YRS	ET091007	3	1	1	1	0
R28YRS	ET091008	1	5	0	0	0
R28YRS	ET091008	2	6	0	0	0
R28YRS	ET091008	3	7	0	0	0
R28YRS	ET091010	1	1	0	1	0
R28YRS	ET091010	2	2	1	1	0
R28YRS	ET091010	3	5	1	1	0
R28YRS	ET091010	4	6	1	1	1
R28YRS	ET091010	5	7	1	1	0
R28YRS	ET091011	1	1	0	0	0
R28YRS	ET091011	2	5	0	0	0
R28YRS	ET091012	1	5	0	0	1
R28YRS	ET091012	2	2	0	0	1
R28YRS	ET091012	3	1	0	0	1
R28YRS	ET091013	1	6	1	0	0
R28YRS	ET091013	2	2	1	0	0
R28YRS	ET091013	3	1	1	0	0
R28YRS	ET091013	4	22	0	0	0
R28YRS	ET091014	1	8	0	0	2
R28YRS	ET091014	2	6	0	0	2
R28YRS	ET091014	3	7	0	0	2
R28YRS	ET091014	4	10	0	0	1
R28YRS	ET091015	1	1	0	1	1
R28YRS	ET091015	2	2	0	1	1
R28YRS	ET091015	3	7	1	1	0
R28YRS	ET091015	4	8	1	1	1
R28YRS	ET091016	1	5	0	1	0
R28YRS	ET091016	2	6	1	0	0
R28YRS	ET091016	3	3	1	0	1
R28YRS	ET091016	4	7	0	0	1
R28YRS	ET091016	5	20	1	0	0
R28YRS	ET091016	6	1	0	1	0
R28YRS	ET091016	7	2	0	1	0
R28YRS	ET091017	1	6	1	0	0
R28YRS	ET091017	2	5	0	0	0
R28YRS	ET091017	3	1	0	0	1
R28YRS	ET091017	4	2	1	0	1
R28YRS	ET091017	5	17	1	0	0
R28YRS	ET091018	1	7	0	1	1
R28YRS	ET091018	2	6	1	1	1
R28YRS	ET091019	1	5	1	1	0
R28YRS	ET091019	2	6	1	1	0
R28YRS	ET091019	3	1	1	0	0
R28YRS	ET091020	1	5	1	0	0
R28YRS	ET091020	2	6	1	0	0
R28YRS	ET091020	3	1	0	0	1
R28YRS	ET091020	4	10	0	0	1
R28YRS	ET091021	1	8	1	1	0
R28YRS	ET091022	1	1	0	0	0
R28YRS	ET091022	2	2	1	0	0
R28YRS	ET091022	3	5	1	0	0
R28YRS	ET091022	4	7	1	0	0
R28YRS	ET091022	5	17	0	0	0
R28YRS	ET091023	1	1	0	0	0
R28YRS	ET091023	2	5	0	0	0
R28YRS	ET091024	1	7	0	0	0
R28YRS	ET091024	2	6	0	0	0
R28YRS	ET091024	3	1	0	0	1
R28YRS	ET091025	1	1	0	0	1
R28YRS	ET091025	2	3	1	0	1
R28YRS	ET091025	3	7	1	0	1
R28YRS	ET091026	1	1	0	1	0
R28YRS	ET091026	2	7	0	1	0
R28YRS	ET091026	3	8	0	1	0
R28YRS	ET091026	4	2	1	1	0
R28YRS	ET091027	1	6	1	1	0
R28YRS	ET091027	2	1	1	1	0
R28YRS	ET091027	3	2	1	1	0
R28YRS	ET091028	1	5	1	1	0
R28YRS	ET091028	2	6	0	0	0
R28YRS	ET091028	3	1	0	0	1
R28YRS	ET091029	1	5	0	0	0
R28YRS	ET091029	2	1	0	0	0
R28YRS	ET091030	1	1	0	0	1
R28YRS	ET091030	2	6	0	0	0
R28YRS	ET091030	3	5	0	0	0
R28YRS	ET091030	4	2	0	0	1
R28YRS	ET091031	1	1	0	0	0
R28YRS	ET091031	2	2	0	0	2
R28YRS	ET091031	3	5	0	0	0
R28YRS	ET091031	4	6	1	0	0
R28YRS	ET091031	5	7	1	0	0
R28YRS	ET091031	6	8	1	0	0
R28YRS	ET091032	1	7	1	0	0
R28YRS	ET091032	2	1	1	0	0
R28YRS	ET091032	3	3	1	0	0
R28YRS	ET091032	4	2	1	0	0
R28YRS	ET091033	1	1	1	0	0
R28YRS	ET091033	2	8	1	0	0
R28YRS	ET091033	3	6	1	0	0
R28YRS	ET091034	1	6	0	0	0
R28YRS	ET091034	2	5	0	0	0
R28YRS	ET091034	3	1	0	0	0
R28YRS	ET091035	1	8	1	0	0
R28YRS	ET091036	1	1	0	0	0
R28YRS	ET091036	2	2	1	0	0
R28YRS	ET091036	3	5	1	0	0
R28YRS	ET091036	4	6	1	0	0
R28YRS	ET091036	5	7	1	0	0
R28YRS	ET091036	6	8	1	0	0
R28YRS	ET091037	1	7	1	1	1
R28YRS	ET091037	2	1	1	0	1
R28YRS	ET091037	3	2	1	0	1
R28YRS	ET091038	1	1	1	0	0
R28YRS	ET091038	2	2	1	0	0
R28YRS	ET091038	3	6	1	0	0
R28YRS	ET091039	1	1	0	0	0
R28YRS	ET091039	2	6	0	0	0
R28YRS	ET091039	3	7	0	1	0
R28YRS	ET091040	1	6	1	0	0
R28YRS	ET091040	2	2	1	0	0
R28YRS	ET091040	3	1	1	0	0
R28YRS	ET091040	4	22	0	0	0
R28YRS	ET091041	1	2	0	0	0
R28YRS	ET091041	2	5	0	0	0
R28YRS	ET091041	3	6	0	0	0
R28YRS	ET091041	4	7	0	0	0
R28YRS	ET091041	5	1	0	0	0
R28YRS	ET091042	1	1	0	0	0
R28YRS	ET091042	2	6	1	0	1
R28YRS	ET091042	3	5	0	1	1
R28YRS	ET091043	1	1	1	1	0
R28YRS	ET091043	2	2	1	1	0
R28YRS	ET091043	3	3	1	1	0
R28YRS	ET091043	4	6	1	1	0
R28YRS	ET091043	5	7	1	1	1
R28YRS	ET091044	1	1	0	0	1
R28YRS	ET091044	2	7	0	0	1
R28YRS	ET091044	3	5	0	0	1
R28YRS	ET091045	1	1	1	0	0
R28YRS	ET091045	2	5	1	0	0
R28YRS	ET091046	1	1	1	1	0
R28YRS	ET091046	2	2	1	1	0
R28YRS	ET091046	3	6	1	1	0
R28YRS	ET091047	1	7	0	0	0
R28YRS	ET091047	2	1	0	0	0
R28YRS	ET091048	1	6	0	0	1
R28YRS	ET091048	2	5	0	0	0
R28YRS	ET091049	1	5	0	0	1
R28YRS	ET091049	2	6	0	0	1
R28YRS	ET091049	3	1	0	0	0
R28YRS	ET091050	1	1	0	0	0
R28YRS	ET091050	2	5	1	0	0
R28YRS	ET091050	3	2	0	0	0
R28YRS	ET101001	1	1	1	1	1
R28YRS	ET101001	2	5	1	1	1
R28YRS	ET101001	3	7	1	0	1
R28YRS	ET101001	4	10	0	1	1
R28YRS	ET101002	1	5	0	0	0
R28YRS	ET101002	2	17	0	1	1
R28YRS	ET101002	3	12	0	1	1
R28YRS	ET101003	1	1	1	0	0
R28YRS	ET101003	2	2	0	0	0
R28YRS	ET101003	3	7	1	0	0
R28YRS	ET101003	4	5	1	0	0
R28YRS	ET101003	5	10	0	0	1
R28YRS	ET101004	1	1	1	0	0
R28YRS	ET101004	2	5	1	0	0
R28YRS	ET101004	3	7	1	0	0
R28YRS	ET101005	1	1	0	0	1
R28YRS	ET101005	2	5	1	0	1
R28YRS	ET101005	3	2	1	0	1
R28YRS	ET101006	1	5	1	0	1
R28YRS	ET101006	2	3	1	1	1
R28YRS	ET101006	3	17	0	1	1
R28YRS	ET101007	1	6	0	0	0
R28YRS	ET101007	2	7	0	1	0
R28YRS	ET101007	4	17	0	0	0
R28YRS	ET101007	5	1	1	0	0
R28YRS	ET101008	1	1	0	0	0
R28YRS	ET101008	2	2	0	0	1
R28YRS	ET101008	3	5	1	0	0
R28YRS	ET101009	1	1	1	0	0
R28YRS	ET101009	2	2	1	0	1
R28YRS	ET101009	3	5	1	0	1
R28YRS	ET101010	1	5	0	0	0
R28YRS	ET101010	2	7	0	0	0
R28YRS	ET101010	3	12	0	0	1
R28YRS	ET101010	4	10	0	0	1
R28YRS	ET101010	5	1	0	0	0
R28YRS	ET101011	1	1	1	0	0
R28YRS	ET101011	2	2	1	0	0
R28YRS	ET101011	3	5	1	0	0
R28YRS	ET101011	4	7	1	0	0
R28YRS	ET101012	1	1	1	0	0
R28YRS	ET101012	2	5	1	0	0
R28YRS	ET101012	3	7	0	1	0
R28YRS	ET101012	4	10	0	0	1
R28YRS	ET101013	1	1	1	0	0
R28YRS	ET101013	2	3	1	0	0
R28YRS	ET101013	3	4	1	0	0
R28YRS	ET101013	4	5	1	0	0
R28YRS	ET101013	5	7	1	0	0
R28YRS	ET101014	1	1	1	0	0
R28YRS	ET101014	2	5	0	0	2
R28YRS	ET101015	1	1	1	0	0
R28YRS	ET101015	2	5	1	0	0
R28YRS	ET101015	3	7	1	0	0
R28YRS	ET101016	1	1	0	0	0
R28YRS	ET101016	2	5	1	0	0
R28YRS	ET101016	3	9	1	0	0
R28YRS	ET101016	4	12	1	0	0
R28YRS	ET101017	1	1	0	0	0
R28YRS	ET101017	2	2	0	0	1
R28YRS	ET101017	3	6	0	0	0
R28YRS	ET101017	4	10	0	0	1
R28YRS	ET101018	1	5	0	0	1
R28YRS	ET101018	2	1	0	0	0
R28YRS	ET101018	3	2	0	0	0
R28YRS	ET101019	1	1	1	0	0
R28YRS	ET101019	2	2	1	1	1
R28YRS	ET101019	3	5	1	0	1
R28YRS	ET101020	1	1	1	0	0
R28YRS	ET101020	2	5	1	0	0
R28YRS	ET101020	3	7	1	0	0
R28YRS	ET101021	1	1	1	0	0
R28YRS	ET101021	2	7	1	0	1
R28YRS	ET101022	1	5	1	0	0
R28YRS	ET101022	2	17	0	1	1
R28YRS	ET101022	3	3	1	1	0
R28YRS	ET101023	1	1	1	0	0
R28YRS	ET101023	2	2	0	0	1
R28YRS	ET101023	3	5	0	0	1
R28YRS	ET101024	1	1	1	0	0
R28YRS	ET101024	2	5	1	0	0
R28YRS	ET101024	3	17	0	1	0
R28YRS	ET101024	4	3	1	0	0
R28YRS	ET101024	5	2	0	0	1
R28YRS	ET101025	1	1	1	0	0
R28YRS	ET101025	2	5	0	0	1
R28YRS	ET101025	3	2	0	0	1
R28YRS	ET101027	1	5	1	0	0
R28YRS	ET101027	2	12	1	0	1
R28YRS	ET101027	3	1	1	0	0
R28YRS	ET101027	4	3	0	1	1
R28YRS	ET101028	1	1	0	0	0
R28YRS	ET101028	2	5	0	0	0
R28YRS	ET101028	3	12	0	0	0
R28YRS	ET101029	1	1	0	0	1
R28YRS	ET101029	2	17	0	0	1
R28YRS	ET101029	3	6	1	0	1
R28YRS	ET101030	1	1	0	0	0
R28YRS	ET101030	2	5	1	1	1
R28YRS	ET101030	3	17	0	0	1
R28YRS	ET101030	4	16	0	0	0
R28YRS	ET101031	1	1	1	0	0
R28YRS	ET101031	2	3	0	0	0
R28YRS	ET101031	3	6	0	0	0
R28YRS	ET101032	1	1	1	0	0
R28YRS	ET101032	2	5	1	1	0
R28YRS	ET101032	3	6	0	1	0
R28YRS	ET101032	4	3	1	1	0
R28YRS	ET101033	1	1	1	0	0
R28YRS	ET101033	2	2	1	1	0
R28YRS	ET101033	3	9	0	0	1
R28YRS	ET101033	4	12	0	1	1
R28YRS	ET101033	5	17	0	1	1
R28YRS	ET101034	1	1	0	0	0
R28YRS	ET101034	2	5	1	0	0
R28YRS	ET101034	3	7	1	1	1
R28YRS	ET101035	1	1	1	0	0
R28YRS	ET101035	2	3	1	1	0
R28YRS	ET101035	3	7	1	1	0
R28YRS	ET101035	4	2	1	0	0
R28YRS	ET101035	5	17	0	0	1
R28YRS	ET101036	1	1	1	0	0
R28YRS	ET101036	2	5	0	0	0
R28YRS	ET101036	3	12	0	0	1
R28YRS	ET101036	4	2	0	0	1
R28YRS	ET101037	1	1	1	0	1
R28YRS	ET101037	2	3	0	1	1
R28YRS	ET101037	3	4	1	0	1
R28YRS	ET101037	4	10	0	0	1
R28YRS	ET101037	5	17	0	1	1
R28YRS	ET101038	1	1	0	0	0
R28YRS	ET101038	2	2	0	0	0
R28YRS	ET101038	3	5	0	0	0
R28YRS	ET101039	1	7	0	0	1
R28YRS	ET101039	2	2	0	0	1
R28YRS	ET101039	3	1	0	0	1
R28YRS	ET101039	4	5	0	0	1
R28YRS	ET101039	5	12	0	0	1
R28YRS	ET101039	6	17	0	0	1
R28YRS	ET101040	1	5	1	0	1
R28YRS	ET101040	2	1	1	0	0
R28YRS	ET101041	1	1	1	0	0
R28YRS	ET101041	2	2	1	0	0
R28YRS	ET101041	3	5	1	0	1
R28YRS	ET101041	4	10	0	0	1
R28YRS	ET101041	5	12	0	0	1
R28YRS	ET101042	1	1	0	0	0
R28YRS	ET101042	2	5	1	0	0
R28YRS	ET101042	3	2	0	0	1
R28YRS	ET101043	1	5	0	1	1
R28YRS	ET101043	2	2	0	1	1
R28YRS	ET101043	3	1	0	0	0
R28YRS	ET101044	1	1	0	0	0
R28YRS	ET101044	2	6	0	0	2
R28YRS	ET101044	3	5	0	1	2
R28YRS	ET101044	4	12	0	0	2
R28YRS	ET101044	5	3	1	0	0
R28YRS	ET101045	1	1	1	0	1
R28YRS	ET101045	2	7	1	0	1
R28YRS	ET101045	3	5	0	0	1
R28YRS	ET101045	4	10	1	0	1
R28YRS	ET101045	5	2	1	0	1
R28YRS	ET101046	1	7	1	0	0
R28YRS	ET101046	2	1	1	0	0
R28YRS	ET101046	3	2	0	0	1
R28YRS	ET101047	1	1	0	0	0
R28YRS	ET101047	2	5	1	0	0
R28YRS	ET101047	3	6	1	0	0
R28YRS	ET101047	4	7	1	0	0
R28YRS	ET101048	1	3	1	1	0
R28YRS	ET101048	2	1	1	0	0
R28YRS	ET101048	3	2	1	0	0
R28YRS	ET101048	4	17	0	1	1
R28YRS	ET101048	5	12	0	1	1
R28YRS	ET101049	1	1	1	0	0
R28YRS	ET101049	2	5	1	0	1
R28YRS	ET101049	3	9	1	0	0
R28YRS	ET101050	1	1	1	0	0
R28YRS	ET101050	2	5	0	0	1
R28YRS	ET111001	1	5	1	0	0
R28YRS	ET111001	2	6	1	0	0
R28YRS	ET111001	3	1	1	0	0
R28YRS	ET111002	1	1	1	0	0
R28YRS	ET111002	2	2	1	0	0
R28YRS	ET111002	3	5	1	0	0
R28YRS	ET111003	1	1	1	0	0
R28YRS	ET111003	2	7	1	1	0
R28YRS	ET111003	3	2	1	0	0
R28YRS	ET111003	4	17	0	0	1
R28YRS	ET111004	1	1	1	0	0
R28YRS	ET111004	2	5	1	0	0
R28YRS	ET111004	3	2	1	0	0
R28YRS	ET111004	4	9	1	0	0
R28YRS	ET111005	1	1	1	0	2
R28YRS	ET111005	2	7	1	0	0
R28YRS	ET111006	1	5	1	0	0
R28YRS	ET111006	2	1	1	0	0
R28YRS	ET111006	3	2	0	0	0
R28YRS	ET111007	1	1	1	0	0
R28YRS	ET111007	2	5	1	0	0
R28YRS	ET111007	3	2	1	0	0
R28YRS	ET111007	4	7	1	0	0
R28YRS	ET111008	1	1	1	0	0
R28YRS	ET111008	2	5	1	0	0
R28YRS	ET111008	3	2	1	0	0
R28YRS	ET111008	4	7	1	0	0
R28YRS	ET111009	1	5	1	1	0
R28YRS	ET111009	2	7	1	1	0
R28YRS	ET111009	3	17	1	1	0
R28YRS	ET111010	1	1	1	0	0
R28YRS	ET111010	2	5	1	1	0
R28YRS	ET111010	3	2	1	0	0
R28YRS	ET111010	4	10	0	1	1
R28YRS	ET111010	5	7	1	0	0
R28YRS	ET111011	1	1	1	0	0
R28YRS	ET111011	2	5	1	0	1
R28YRS	ET111011	3	10	0	0	1
R28YRS	ET111011	4	7	1	0	0
R28YRS	ET111012	1	1	1	0	0
R28YRS	ET111012	2	5	1	0	0
R28YRS	ET111012	3	2	1	0	0
R28YRS	ET111012	4	7	1	0	0
R28YRS	ET111013	1	7	1	0	1
R28YRS	ET111013	2	5	1	0	1
R28YRS	ET111013	3	18	1	0	1
R28YRS	ET111015	1	1	1	0	0
R28YRS	ET111015	2	5	1	1	0
R28YRS	ET111015	3	10	1	1	1
R28YRS	ET111016	1	1	1	0	0
R28YRS	ET111016	2	5	1	1	0
R28YRS	ET111016	3	10	0	0	1
R28YRS	ET111017	1	1	1	0	0
R28YRS	ET111017	2	2	1	0	0
R28YRS	ET111017	3	5	1	0	0
R28YRS	ET111017	4	9	1	0	0
R28YRS	ET111017	5	3	1	0	0
R28YRS	ET111018	1	6	1	0	0
R28YRS	ET111018	2	7	1	0	0
R28YRS	ET111018	3	9	1	0	1
R28YRS	ET111019	1	1	1	0	0
R28YRS	ET111019	2	5	1	0	0
R28YRS	ET111019	3	6	1	0	0
R28YRS	ET111019	4	7	0	0	0
R28YRS	ET111020	1	1	1	0	0
R28YRS	ET111020	2	5	1	0	0
R28YRS	ET111020	3	2	1	0	0
R28YRS	ET111020	4	9	1	0	0
R28YRS	ET111021	1	5	1	1	0
R28YRS	ET111021	2	1	1	0	0
R28YRS	ET111021	3	2	1	1	0
R28YRS	ET111022	1	1	1	0	1
R28YRS	ET111022	2	2	1	1	1
R28YRS	ET111022	3	5	1	1	1
R28YRS	ET111023	1	1	1	0	1
R28YRS	ET111023	2	5	1	0	1
R28YRS	ET111023	3	8	1	0	1
R28YRS	ET111024	1	1	1	0	0
R28YRS	ET111024	2	7	1	0	0
R28YRS	ET111024	3	10	0	0	1
R28YRS	ET111025	1	1	1	0	0
R28YRS	ET111025	2	2	1	0	0
R28YRS	ET111025	3	5	1	0	0
R28YRS	ET111025	4	7	1	0	0
R28YRS	ET111027	1	1	1	0	0
R28YRS	ET111027	2	5	1	0	0
R28YRS	ET111027	3	3	1	0	0
R28YRS	ET111027	4	2	1	0	0
R28YRS	ET111028	1	1	1	0	0
R28YRS	ET111028	2	10	0	0	1
R28YRS	ET111029	1	1	1	0	1
R28YRS	ET111029	2	7	1	1	1
R28YRS	ET111030	1	1	1	0	0
R28YRS	ET111030	2	2	1	0	0
R28YRS	ET111030	3	5	1	0	0
R28YRS	ET111030	4	3	1	0	0
R28YRS	ET111031	1	1	1	0	2
R28YRS	ET111031	2	8	1	1	0
R28YRS	ET111031	3	5	1	0	1
R28YRS	ET111031	4	7	1	1	0
R28YRS	ET111032	1	1	1	0	0
R28YRS	ET111032	2	5	1	0	0
R28YRS	ET111033	1	1	1	0	0
R28YRS	ET111033	2	2	1	0	0
R28YRS	ET111033	3	5	1	0	0
R28YRS	ET111034	1	1	1	0	0
R28YRS	ET111034	2	5	1	0	0
R28YRS	ET111034	3	2	1	0	0
R28YRS	ET111034	4	7	1	0	0
R28YRS	ET111035	1	1	1	0	0
R28YRS	ET111035	2	10	0	0	1
R28YRS	ET111035	3	5	1	0	0
R28YRS	ET111036	1	1	1	0	0
R28YRS	ET111036	2	3	1	1	1
R28YRS	ET111036	3	6	0	0	1
R28YRS	ET111036	4	7	0	0	1
R28YRS	ET111037	1	1	1	0	0
R28YRS	ET111037	2	5	1	0	2
R28YRS	ET111037	3	2	1	0	0
R28YRS	ET111037	4	6	1	0	2
R28YRS	ET111038	1	1	1	0	0
R28YRS	ET111038	2	5	1	0	0
R28YRS	ET111038	3	7	1	0	0
R28YRS	ET111038	4	17	1	1	1
R28YRS	ET111039	1	5	1	0	0
R28YRS	ET111039	2	6	1	1	0
R28YRS	ET111039	3	10	1	1	1
R28YRS	ET111040	1	1	1	0	0
R28YRS	ET111040	2	2	1	0	0
R28YRS	ET111040	3	5	1	0	0
R28YRS	ET111040	4	8	1	0	0
R28YRS	ET111041	1	3	1	0	0
R28YRS	ET111041	2	5	1	0	0
R28YRS	ET111042	1	1	1	0	0
R28YRS	ET111042	2	5	1	0	0
R28YRS	ET111042	3	10	0	0	1
R28YRS	ET111043	1	7	0	0	0
R28YRS	ET111043	2	17	0	1	1
R28YRS	ET111043	3	1	1	0	0
R28YRS	ET111044	1	1	1	0	0
R28YRS	ET111044	2	5	1	1	0
R28YRS	ET111044	3	10	1	1	1
R28YRS	ET111045	1	5	0	0	0
R28YRS	ET111045	2	1	1	0	0
R28YRS	ET111045	3	17	0	0	1
R28YRS	ET111046	1	1	1	0	0
R28YRS	ET111046	2	5	1	0	0
R28YRS	ET111047	1	1	1	0	0
R28YRS	ET111047	2	5	1	1	0
R28YRS	ET111047	3	7	0	0	0
R28YRS	ET111047	4	17	0	1	1
R28YRS	ET111048	1	1	1	0	0
R28YRS	ET111048	2	5	1	0	0
R28YRS	ET111048	3	10	1	0	1
R28YRS	ET121001	1	1	0	0	1
R28YRS	ET121001	2	8	0	0	1
R28YRS	ET121001	3	17	0	0	1
R28YRS	ET121002	1	1	1	0	0
R28YRS	ET121002	2	7	1	0	0
R28YRS	ET121002	3	22	1	0	0
R28YRS	ET121003	1	6	1	1	0
R28YRS	ET121003	2	5	1	1	0
R28YRS	ET121003	3	17	1	1	0
R28YRS	ET121004	1	1	0	0	0
R28YRS	ET121004	2	8	1	0	0
R28YRS	ET121004	3	2	0	0	0
R28YRS	ET121005	1	5	1	1	0
R28YRS	ET121005	2	1	1	0	0
R28YRS	ET121005	3	5	1	1	0
R28YRS	ET121005	4	7	1	1	0
R28YRS	ET121007	1	1	1	0	0
R28YRS	ET121007	2	10	1	0	0
R28YRS	ET121007	3	7	1	0	0
R28YRS	ET121007	4	2	1	0	0
R28YRS	ET121008	1	5	0	0	1
R28YRS	ET121008	2	6	0	0	1
R28YRS	ET121009	1	1	0	0	0
R28YRS	ET121009	2	7	1	0	2
R28YRS	ET121009	3	14	1	0	1
R28YRS	ET121010	1	1	1	0	0
R28YRS	ET121010	2	2	1	0	0
R28YRS	ET121010	3	7	1	0	0
R28YRS	ET121010	4	6	1	0	0
R28YRS	ET121010	5	5	1	0	0
R28YRS	ET121011	1	5	1	0	0
R28YRS	ET121011	2	21	1	0	0
R28YRS	ET121012	1	1	1	0	0
R28YRS	ET121012	2	7	0	1	2
R28YRS	ET121012	3	5	1	0	0
R28YRS	ET121013	1	1	1	0	0
R28YRS	ET121013	2	8	1	0	0
R28YRS	ET121014	1	1	0	0	1
R28YRS	ET121014	2	7	0	0	1
R28YRS	ET121014	3	5	0	0	1
R28YRS	ET121015	1	1	1	0	0
R28YRS	ET121015	2	5	1	1	0
R28YRS	ET121015	3	7	1	1	0
R28YRS	ET121017	1	1	1	0	1
R28YRS	ET121017	2	3	1	0	1
R28YRS	ET121017	3	6	1	0	1
R28YRS	ET121017	4	5	1	0	1
R28YRS	ET121018	1	1	1	0	1
R28YRS	ET121018	2	6	1	0	1
R28YRS	ET121018	3	7	1	0	1
R28YRS	ET121020	1	5	1	0	1
R28YRS	ET121020	2	4	1	0	2
R28YRS	ET121020	3	7	1	0	0
R28YRS	ET121020	4	6	1	0	0
R28YRS	ET121021	1	7	0	0	1
R28YRS	ET121021	2	5	0	0	1
R28YRS	ET121022	1	1	1	0	0
R28YRS	ET121022	2	5	1	0	0
R28YRS	ET121022	3	6	1	0	0
R28YRS	ET121022	4	7	1	0	0
R28YRS	ET121023	1	5	0	0	0
R28YRS	ET121023	2	1	1	0	0
R28YRS	ET121023	3	5	1	0	0
R28YRS	ET121023	4	7	1	0	0
R28YRS	ET121023	5	2	1	0	0
R28YRS	ET121024	1	1	1	0	1
R28YRS	ET121024	2	7	1	0	1
R28YRS	ET121024	3	6	1	0	1
R28YRS	ET121024	4	5	1	0	1
R28YRS	ET121025	1	1	1	0	0
R28YRS	ET121025	2	3	1	1	0
R28YRS	ET121025	3	5	1	1	0
R28YRS	ET121025	4	6	1	0	0
R28YRS	ET121026	1	7	1	0	0
R28YRS	ET121026	2	1	1	0	0
R28YRS	ET121027	1	1	1	0	0
R28YRS	ET121027	2	7	1	0	0
R28YRS	ET121027	3	6	1	0	0
R28YRS	ET121028	1	1	1	0	0
R28YRS	ET121028	2	7	1	0	0
R28YRS	ET121028	3	2	1	1	0
R28YRS	ET121029	1	1	1	0	1
R28YRS	ET121029	2	7	1	0	1
R28YRS	ET121030	1	1	0	0	1
R28YRS	ET121030	2	8	1	0	1
R28YRS	ET121030	3	2	0	0	1
R28YRS	ET121031	1	1	1	0	1
R28YRS	ET121031	2	10	1	0	1
R28YRS	ET121031	3	5	1	1	0
R28YRS	ET121031	4	2	1	1	0
R28YRS	ET121032	1	5	1	0	0
R28YRS	ET121032	2	6	1	0	0
R28YRS	ET121032	3	17	1	0	0
R28YRS	ET121033	1	5	1	0	0
R28YRS	ET121033	2	6	1	0	0
R28YRS	ET121033	3	3	1	0	0
R28YRS	ET121033	4	7	1	0	0
R28YRS	ET121034	1	5	1	77	1
R28YRS	ET121034	2	6	1	77	1
R28YRS	ET121034	3	17	1	77	1
R28YRS	ET121036	1	1	1	0	1
R28YRS	ET121036	2	3	1	0	1
R28YRS	ET121036	3	5	1	0	1
R28YRS	ET121036	4	6	1	0	1
R28YRS	ET121036	5	7	1	0	1
R28YRS	ET121037	1	1	1	0	0
R28YRS	ET121037	2	5	1	0	0
R28YRS	ET121037	3	6	1	0	0
R28YRS	ET121037	4	7	1	0	0
R28YRS	ET121038	1	1	1	0	0
R28YRS	ET121038	2	17	1	1	1
R28YRS	ET121038	3	8	1	0	0
R28YRS	ET121038	4	2	1	1	1
R28YRS	ET121039	1	1	0	0	0
R28YRS	ET121039	2	7	0	1	0
R28YRS	ET121039	3	6	0	0	0
R28YRS	ET121039	4	5	0	1	0
R28YRS	ET121040	1	1	1	0	0
R28YRS	ET121040	2	5	1	0	0
R28YRS	ET121040	3	6	1	0	0
R28YRS	ET121040	4	7	1	0	0
R28YRS	ET121041	1	7	0	0	1
R28YRS	ET121041	2	5	0	0	1
R28YRS	ET121043	1	7	0	1	0
R28YRS	ET121044	1	23	0	0	1
R28YRS	ET121044	2	5	0	0	1
R28YRS	ET121046	1	1	1	0	0
R28YRS	ET121046	2	3	1	1	0
R28YRS	ET121046	3	5	1	1	0
R28YRS	ET121046	4	6	1	0	0
R28YRS	ET121047	1	1	0	0	2
R28YRS	ET121047	2	7	1	1	1
R28YRS	ET121048	1	1	1	0	0
R28YRS	ET121048	2	7	1	0	0
R28YRS	ET121049	1	1	1	0	0
R28YRS	ET121049	2	5	1	0	0
R28YRS	ET121049	3	6	1	0	0
R28YRS	ET121050	1	1	1	0	0
R28YRS	ET121050	2	3	1	1	0
R28YRS	ET121050	3	6	1	0	0
R28YRS	ET121050	4	7	1	0	0
R28YRS	ET121053	1	23	0	0	0
R28YRS	ET121053	2	5	0	0	2
R28YRS	ET121054	1	8	1	1	1
R28YRS	ET121055	1	1	1	0	1
R28YRS	ET121055	2	6	1	0	0
R28YRS	ET121056	1	1	0	0	0
R28YRS	ET121056	2	2	0	0	0
R28YRS	ET121056	3	7	0	0	0
R28YRS	ET121057	1	1	1	0	0
R28YRS	ET121057	2	5	1	0	0
R28YRS	ET121057	3	6	1	0	0
R28YRS	ET131001	1	1	0	0	1
R28YRS	ET131001	2	7	0	0	0
R28YRS	ET131002	1	7	0	1	1
R28YRS	ET131002	2	14	1	0	0
R28YRS	ET131003	1	23	0	1	0
R28YRS	ET131003	2	10	0	0	1
R28YRS	ET131004	1	5	1	0	1
R28YRS	ET131004	2	6	1	0	1
R28YRS	ET131004	3	17	0	0	1
R28YRS	ET131004	4	1	0	0	1
R28YRS	ET131004	5	2	1	1	1
R28YRS	ET131005	1	1	1	0	0
R28YRS	ET131005	2	5	1	0	0
R28YRS	ET131005	3	6	1	0	0
R28YRS	ET131005	4	22	0	0	1
R28YRS	ET131005	5	2	0	0	1
R28YRS	ET131006	1	1	0	0	0
R28YRS	ET131006	2	14	0	0	1
R28YRS	ET131006	3	17	0	0	1
R28YRS	ET131007	1	1	0	1	1
R28YRS	ET131007	2	6	0	1	0
R28YRS	ET131007	3	17	0	1	1
R28YRS	ET131008	1	1	0	0	1
R28YRS	ET131008	2	5	1	0	1
R28YRS	ET131008	3	2	0	0	1
R28YRS	ET131009	1	1	0	0	2
R28YRS	ET131009	2	5	0	0	1
R28YRS	ET131010	1	5	0	0	1
R28YRS	ET131010	2	6	0	0	1
R28YRS	ET131010	3	23	0	0	1
R28YRS	ET131010	4	17	0	0	1
R28YRS	ET131010	5	21	0	0	1
R28YRS	ET131011	1	17	0	1	0
R28YRS	ET131011	2	23	0	0	1
R28YRS	ET131011	3	1	0	1	0
R28YRS	ET131011	4	20	0	0	1
R28YRS	ET131012	1	1	0	0	2
R28YRS	ET131012	2	5	0	0	2
R28YRS	ET131012	3	17	0	0	2
R28YRS	ET131013	1	5	0	0	0
R28YRS	ET131013	2	1	0	0	1
R28YRS	ET131013	3	6	1	1	1
R28YRS	ET131014	1	1	0	0	1
R28YRS	ET131014	2	17	0	0	0
R28YRS	ET131015	1	7	1	0	1
R28YRS	ET131015	2	5	1	0	1
R28YRS	ET131015	3	23	1	0	1
R28YRS	ET131015	4	11	0	0	1
R28YRS	ET131016	1	6	1	0	1
R28YRS	ET131016	2	18	0	0	1
R28YRS	ET131016	3	5	1	0	1
R28YRS	ET131016	4	17	0	0	1
R28YRS	ET131017	1	1	1	1	1
R28YRS	ET131017	2	2	1	1	1
R28YRS	ET131017	3	3	0	0	1
R28YRS	ET131017	4	5	1	0	1
R28YRS	ET131017	5	12	1	1	1
R28YRS	ET131018	1	6	1	0	0
R28YRS	ET131018	2	10	1	1	1
R28YRS	ET131018	3	5	0	0	0
R28YRS	ET131020	1	15	1	1	1
R28YRS	ET131020	2	7	1	1	1
R28YRS	ET131021	1	10	0	0	1
R28YRS	ET131022	1	1	0	0	2
R28YRS	ET131022	2	5	0	0	2
R28YRS	ET131022	3	17	0	0	1
R28YRS	ET131023	1	3	0	0	0
R28YRS	ET131023	2	12	0	1	0
R28YRS	ET131024	1	5	1	0	0
R28YRS	ET131025	1	1	0	0	2
R28YRS	ET131025	2	17	0	0	1
R28YRS	ET131025	3	6	0	0	2
R28YRS	ET131026	1	5	1	1	0
R28YRS	ET131027	1	1	0	0	1
R28YRS	ET131027	2	17	0	1	1
R28YRS	ET131027	3	3	0	1	1
R28YRS	ET131028	1	5	0	0	0
R28YRS	ET131028	2	1	0	0	1
R28YRS	ET131028	3	6	0	0	0
R28YRS	ET131029	1	1	0	0	0
R28YRS	ET131029	2	17	1	1	1
R28YRS	ET131029	3	7	1	0	0
R28YRS	ET131029	4	2	0	0	1
R28YRS	ET131030	1	6	1	0	0
R28YRS	ET131030	2	10	0	0	1
R28YRS	ET131030	3	5	1	0	0
R28YRS	ET131031	1	1	0	0	1
R28YRS	ET131031	2	5	1	0	1
R28YRS	ET131031	3	17	0	0	1
R28YRS	ET131032	1	1	0	0	1
R28YRS	ET131032	2	17	0	0	1
R28YRS	ET131033	1	1	0	0	1
R28YRS	ET131033	2	10	0	0	1
R28YRS	ET131034	1	1	0	0	1
R28YRS	ET131034	2	5	0	0	2
R28YRS	ET131034	3	17	0	0	1
R28YRS	ET131035	1	1	0	0	0
R28YRS	ET131035	2	2	0	0	0
R28YRS	ET131035	3	5	1	1	0
R28YRS	ET131036	1	1	0	0	1
R28YRS	ET131036	2	5	1	1	1
R28YRS	ET131036	3	3	1	1	1
R28YRS	ET131037	1	1	0	0	0
R28YRS	ET131037	2	9	1	1	1
R28YRS	ET131037	3	17	1	1	0
R28YRS	ET131037	4	6	1	0	0
R28YRS	ET131038	1	7	0	1	0
R28YRS	ET131039	1	1	1	0	2
R28YRS	ET131039	2	17	0	0	1
R28YRS	ET131040	1	1	0	0	2
R28YRS	ET131040	2	5	0	1	2
R28YRS	ET131040	3	7	0	1	2
R28YRS	ET131041	1	1	0	0	0
R28YRS	ET131041	2	2	0	0	0
R28YRS	ET131041	3	5	1	1	2
R28YRS	ET131041	4	17	0	1	0
R28YRS	ET131042	1	5	1	1	1
R28YRS	ET131043	1	1	1	0	1
R28YRS	ET131043	2	2	0	1	1
R28YRS	ET131043	3	5	0	0	1
R28YRS	ET131043	4	17	0	0	1
R28YRS	ET131044	1	5	1	1	0
R28YRS	ET131045	1	1	0	0	0
R28YRS	ET131045	2	5	0	1	1
R28YRS	ET131045	3	2	0	1	1
R28YRS	ET131046	1	1	0	0	1
R28YRS	ET131046	2	2	0	0	1
R28YRS	ET131046	3	5	1	0	1
R28YRS	ET131047	1	1	0	0	2
R28YRS	ET131047	2	5	1	1	2
R28YRS	ET131047	3	17	0	0	1
R28YRS	ET131048	1	1	0	0	0
R28YRS	ET131048	2	5	0	0	2
R28YRS	ET131048	3	17	0	0	1
R28YRS	ET131049	1	7	0	0	0
R28YRS	ET131049	2	6	0	0	0
R28YRS	ET131049	3	1	0	0	0
R28YRS	ET131050	1	1	1	0	0
R28YRS	ET131050	2	2	0	0	1
R28YRS	ET131050	3	12	1	0	1
R28YRS	ET131050	4	17	0	0	1
R28YRS	ET141001	1	1	0	0	1
R28YRS	ET141001	2	5	0	0	1
R28YRS	ET141001	3	12	1	1	1
R28YRS	ET141002	1	1	0	0	1
R28YRS	ET141002	2	2	0	0	1
R28YRS	ET141004	1	1	1	0	0
R28YRS	ET141004	2	2	1	0	2
R28YRS	ET141004	3	3	1	1	1
R28YRS	ET141004	4	5	1	1	1
R28YRS	ET141004	5	17	0	1	1
R28YRS	ET141005	1	1	1	0	0
R28YRS	ET141005	2	5	1	0	0
R28YRS	ET141006	1	1	0	1	0
R28YRS	ET141006	2	3	1	0	2
R28YRS	ET141006	3	17	1	1	1
R28YRS	ET141007	1	1	0	0	0
R28YRS	ET141007	2	2	1	0	0
R28YRS	ET141007	3	17	0	1	1
R28YRS	ET141008	1	1	1	0	0
R28YRS	ET141008	2	2	1	0	0
R28YRS	ET141008	3	12	0	0	1
R28YRS	ET141008	4	17	0	0	1
R28YRS	ET141009	1	1	0	0	0
R28YRS	ET141009	2	2	0	0	0
R28YRS	ET141009	3	5	1	0	0
R28YRS	ET141009	4	10	0	0	1
R28YRS	ET141009	5	12	0	0	1
R28YRS	ET141009	6	17	0	0	1
R28YRS	ET141010	1	1	1	0	2
R28YRS	ET141010	2	5	1	0	0
R28YRS	ET141010	3	2	1	0	1
R28YRS	ET141010	4	22	0	0	1
R28YRS	ET141011	1	1	1	0	0
R28YRS	ET141011	2	5	1	0	1
R28YRS	ET141011	3	10	0	0	1
R28YRS	ET141012	1	1	1	0	0
R28YRS	ET141012	2	6	1	0	0
R28YRS	ET141012	3	7	0	0	0
R28YRS	ET141012	4	17	0	0	1
R28YRS	ET141013	1	1	0	0	1
R28YRS	ET141013	2	2	0	0	1
R28YRS	ET141013	3	5	0	0	1
R28YRS	ET141014	1	1	1	0	0
R28YRS	ET141014	2	17	0	0	1
R28YRS	ET141014	3	2	1	0	1
R28YRS	ET141014	4	12	0	0	1
R28YRS	ET141015	1	1	1	0	0
R28YRS	ET141015	2	6	1	0	1
R28YRS	ET141015	3	10	1	1	1
R28YRS	ET141015	4	2	1	0	1
R28YRS	ET141016	1	1	0	0	0
R28YRS	ET141016	2	2	1	0	0
R28YRS	ET141016	3	10	0	0	1
R28YRS	ET141016	4	17	0	1	1
R28YRS	ET141017	1	1	0	0	0
R28YRS	ET141017	2	2	1	0	0
R28YRS	ET141017	3	5	1	0	1
R28YRS	ET141017	4	12	0	0	1
R28YRS	ET141017	5	10	0	0	1
R28YRS	ET141017	6	17	0	1	1
R28YRS	ET141018	1	5	1	1	0
R28YRS	ET141018	2	1	1	0	0
R28YRS	ET141018	3	10	1	1	0
R28YRS	ET141019	1	1	1	0	1
R28YRS	ET141019	2	5	0	0	1
R28YRS	ET141019	3	12	1	0	1
R28YRS	ET141020	1	1	0	0	0
R28YRS	ET141020	2	2	0	0	0
R28YRS	ET141021	1	1	1	0	0
R28YRS	ET141021	2	2	1	0	0
R28YRS	ET141022	1	1	0	0	0
R28YRS	ET141022	2	2	1	1	0
R28YRS	ET141022	3	5	1	0	0
R28YRS	ET141023	1	5	0	0	0
R28YRS	ET141023	2	1	0	0	0
R28YRS	ET141023	3	2	0	0	0
R28YRS	ET141024	1	1	0	0	0
R28YRS	ET141024	2	5	0	0	0
R28YRS	ET141025	1	5	1	0	1
R28YRS	ET141025	2	17	0	0	2
R28YRS	ET141026	1	1	1	0	0
R28YRS	ET141026	2	10	0	1	1
R28YRS	ET141028	1	1	0	0	0
R28YRS	ET141028	2	5	0	0	0
R28YRS	ET141029	1	1	1	0	1
R28YRS	ET141029	2	2	1	0	1
R28YRS	ET141029	3	5	1	0	1
R28YRS	ET141029	4	6	1	0	1
R28YRS	ET141029	5	12	1	0	1
R28YRS	ET141030	1	1	0	1	1
R28YRS	ET141030	2	5	0	0	1
R28YRS	ET141030	3	9	0	0	0
R28YRS	ET141030	4	12	0	0	0
R28YRS	ET141031	1	1	1	0	0
R28YRS	ET141031	2	5	1	0	0
R28YRS	ET141031	3	22	0	0	1
R28YRS	ET141032	1	1	1	0	1
R28YRS	ET141032	2	2	1	0	1
R28YRS	ET141033	1	1	1	1	0
R28YRS	ET141033	2	2	1	1	0
R28YRS	ET141033	3	10	0	1	1
R28YRS	ET141033	4	12	1	0	1
R28YRS	ET141034	1	1	1	1	0
R28YRS	ET141034	2	2	1	1	0
R28YRS	ET141034	3	3	0	1	2
R28YRS	ET141034	4	5	1	0	2
R28YRS	ET141034	5	10	1	1	2
R28YRS	ET141035	1	1	0	1	0
R28YRS	ET141035	2	2	0	1	0
R28YRS	ET141035	3	12	0	0	1
R28YRS	ET141035	4	10	0	0	1
R28YRS	ET141035	5	17	0	1	1
R28YRS	ET141035	6	18	0	0	1
R28YRS	ET141035	7	22	0	0	1
R28YRS	ET141036	1	1	0	0	0
R28YRS	ET141036	2	12	0	0	1
R28YRS	ET141036	3	10	0	0	1
R28YRS	ET141036	4	9	0	0	1
R28YRS	ET141036	5	88	77	0	1
R28YRS	ET141037	1	1	0	0	0
R28YRS	ET141037	2	5	1	0	1
R28YRS	ET141037	3	17	0	1	1
R28YRS	ET141038	1	1	0	0	0
R28YRS	ET141038	2	2	0	0	0
R28YRS	ET141038	3	12	0	0	1
R28YRS	ET141038	4	10	0	0	1
R28YRS	ET141039	1	1	0	0	0
R28YRS	ET141039	2	5	0	0	0
R28YRS	ET141040	1	9	1	0	0
R28YRS	ET141040	2	2	1	1	0
R28YRS	ET141040	3	6	1	1	0
R28YRS	ET141040	4	3	1	1	0
R28YRS	ET141040	5	10	1	0	0
R28YRS	ET141041	1	1	0	0	0
R28YRS	ET141041	2	5	0	0	1
R28YRS	ET141041	3	17	0	1	1
R28YRS	ET141042	1	1	1	0	0
R28YRS	ET141042	2	3	1	0	0
R28YRS	ET141042	3	17	1	0	1
R28YRS	ET141043	1	1	0	0	0
R28YRS	ET141043	2	10	0	0	1
R28YRS	ET141043	3	12	0	0	1
R28YRS	ET141043	4	17	0	0	1
R28YRS	ET141044	1	1	0	0	0
R28YRS	ET141044	2	2	0	0	0
R28YRS	ET141044	3	3	1	1	1
R28YRS	ET141044	4	5	1	0	1
R28YRS	ET141044	5	7	1	0	0
R28YRS	ET141044	6	10	0	0	1
R28YRS	ET141044	7	12	0	0	1
R28YRS	ET141044	8	17	0	1	1
R28YRS	ET141045	1	9	1	0	0
R28YRS	ET141045	2	6	1	0	0
R28YRS	ET141045	3	10	1	0	0
R28YRS	ET141046	1	1	0	0	0
R28YRS	ET141046	2	2	0	0	2
R28YRS	ET141046	3	5	1	0	1
R28YRS	ET141046	4	17	0	1	1
R28YRS	ET141047	1	5	1	0	0
R28YRS	ET141047	2	1	1	0	0
R28YRS	ET141047	3	2	1	0	0
R28YRS	ET141048	1	9	0	0	1
R28YRS	ET141048	2	2	1	1	1
R28YRS	ET141048	3	12	77	1	1
R28YRS	ET141049	1	1	0	0	0
R28YRS	ET141049	2	5	1	0	1
R28YRS	ET141049	3	17	0	1	1
R28YRS	ET141049	4	9	0	0	1
R28YRS	ET141050	1	1	0	0	0
R28YRS	ET141050	2	2	0	0	0
R28YRS	ET141050	3	12	0	0	1
R28YRS	ET141050	4	10	0	0	1
R28YRS	ET151001	1	7	1	0	0
R28YRS	ET151001	2	17	0	0	1
R28YRS	ET151002	1	3	1	1	0
R28YRS	ET151002	2	1	1	0	0
R28YRS	ET151002	3	10	0	0	1
R28YRS	ET151004	1	1	1	0	0
R28YRS	ET151004	2	2	1	1	2
R28YRS	ET151004	3	3	1	1	1
R28YRS	ET151004	4	5	1	0	2
R28YRS	ET151004	5	6	0	1	0
R28YRS	ET151004	6	10	0	1	1
R28YRS	ET151004	7	17	0	1	1
R28YRS	ET151005	1	1	0	0	0
R28YRS	ET151005	2	6	0	0	0
R28YRS	ET151005	3	7	0	1	2
R28YRS	ET151008	1	1	1	0	0
R28YRS	ET151008	2	5	1	1	0
R28YRS	ET151008	3	7	1	1	1
R28YRS	ET151009	1	1	1	0	0
R28YRS	ET151009	2	6	1	1	2
R28YRS	ET151009	3	7	1	1	2
R28YRS	ET151010	1	1	0	0	0
R28YRS	ET151010	2	6	0	0	0
R28YRS	ET151010	3	2	0	0	0
R28YRS	ET151011	1	5	1	0	0
R28YRS	ET151011	2	7	1	0	0
R28YRS	ET151011	3	6	1	0	0
R28YRS	ET151012	1	1	0	0	0
R28YRS	ET151012	2	8	1	0	0
R28YRS	ET151012	3	5	1	0	0
R28YRS	ET151014	1	1	1	0	0
R28YRS	ET151014	2	7	0	0	0
R28YRS	ET151014	3	6	1	1	2
R28YRS	ET151015	1	1	1	0	0
R28YRS	ET151015	2	7	1	1	0
R28YRS	ET151016	1	1	0	0	0
R28YRS	ET151016	2	2	0	0	0
R28YRS	ET151016	3	5	1	0	1
R28YRS	ET151016	4	17	0	0	1
R28YRS	ET151018	1	3	0	0	1
R28YRS	ET151018	2	5	0	0	1
R28YRS	ET151019	1	1	0	0	0
R28YRS	ET151019	2	2	0	0	0
R28YRS	ET151019	3	5	0	0	1
R28YRS	ET151019	4	6	0	0	1
R28YRS	ET151019	5	7	0	0	1
R28YRS	ET151020	1	1	0	0	0
R28YRS	ET151020	2	2	1	0	0
R28YRS	ET151020	3	7	0	0	1
R28YRS	ET151020	4	5	1	0	1
R28YRS	ET151021	1	1	0	0	1
R28YRS	ET151021	2	2	0	0	1
R28YRS	ET151021	3	7	1	0	0
R28YRS	ET151021	4	6	0	0	1
R28YRS	ET151023	1	1	0	0	0
R28YRS	ET151023	2	2	0	0	0
R28YRS	ET151023	3	6	0	0	1
R28YRS	ET151023	4	10	0	0	1
R28YRS	ET151024	1	1	0	0	0
R28YRS	ET151024	2	2	0	0	0
R28YRS	ET151024	3	3	1	0	1
R28YRS	ET151024	4	5	1	0	0
R28YRS	ET151024	5	7	1	0	1
R28YRS	ET151025	1	1	0	0	0
R28YRS	ET151025	2	2	0	0	0
R28YRS	ET151025	3	3	0	0	1
R28YRS	ET151025	4	5	1	0	1
R28YRS	ET151025	5	7	0	0	1
R28YRS	ET151026	1	1	0	0	0
R28YRS	ET151026	2	2	0	0	0
R28YRS	ET151026	3	7	0	0	1
R28YRS	ET151026	4	8	1	0	1
R28YRS	ET151027	1	1	0	0	0
R28YRS	ET151027	2	2	0	0	0
R28YRS	ET151027	3	5	1	0	1
R28YRS	ET151027	4	6	0	0	0
R28YRS	ET151028	1	7	1	0	0
R28YRS	ET151028	2	8	1	0	0
R28YRS	ET151028	3	10	0	0	1
R28YRS	ET151029	1	1	1	1	0
R28YRS	ET151029	2	5	1	1	0
R28YRS	ET151029	3	7	1	1	0
R28YRS	ET151030	1	1	1	0	0
R28YRS	ET151030	2	6	1	1	2
R28YRS	ET151030	3	7	1	1	2
R28YRS	ET151031	1	1	1	0	0
R28YRS	ET151031	2	7	1	0	0
R28YRS	ET151031	3	17	0	0	1
R28YRS	ET151032	1	1	1	0	0
R28YRS	ET151032	2	10	0	0	1
R28YRS	ET151032	3	17	0	0	1
R28YRS	ET151033	1	1	0	0	0
R28YRS	ET151033	2	5	0	0	0
R28YRS	ET151033	3	6	0	0	0
R28YRS	ET151034	1	1	0	0	0
R28YRS	ET151034	2	2	0	0	0
R28YRS	ET151034	3	5	1	0	1
R28YRS	ET151034	4	7	1	0	1
R28YRS	ET151035	1	99	99	99	99
R28YRS	ET151039	1	5	1	0	1
R28YRS	ET151039	2	1	0	0	0
R28YRS	ET151039	3	2	0	0	0
R28YRS	ET151039	4	10	0	0	1
R28YRS	ET151039	5	17	0	0	1
R28YRS	ET151041	1	5	0	0	2
R28YRS	ET151041	2	21	1	0	2
R28YRS	ET151042	1	1	0	0	0
R28YRS	ET151042	2	7	0	0	0
R28YRS	ET151042	3	6	0	0	0
R28YRS	ET151043	1	1	1	0	0
R28YRS	ET151043	2	6	1	0	0
R28YRS	ET151043	3	2	1	0	0
R28YRS	ET151044	1	1	1	1	0
R28YRS	ET151044	2	2	1	1	2
R28YRS	ET151044	3	5	1	0	1
R28YRS	ET151044	4	6	0	1	2
R28YRS	ET151044	5	7	1	0	2
R28YRS	ET151044	6	10	0	0	1
R28YRS	ET151044	7	17	0	1	1
R28YRS	ET151045	1	1	0	0	0
R28YRS	ET151045	2	7	0	0	0
R28YRS	ET151045	3	6	0	0	0
R28YRS	ET151049	1	5	1	1	0
R28YRS	ET151049	2	6	1	1	0
R28YRS	ET151051	1	1	1	0	0
R28YRS	ET151051	2	5	1	0	0
R28YRS	ET151051	3	17	0	1	1
R28YRS	ET151052	1	1	1	0	0
R28YRS	ET151052	2	5	1	0	2
R28YRS	ET151052	3	10	0	0	1
R28YRS	ET151052	4	17	0	0	1
R28YRS	ET151053	1	1	0	0	1
R28YRS	ET151053	2	5	0	0	0
R28YRS	ET151054	1	1	0	0	0
R28YRS	ET151054	2	2	1	0	2
R28YRS	ET151054	3	6	1	1	2
R28YRS	ET151054	4	7	1	1	0
R28YRS	ET151054	5	17	1	1	1
R28YRS	ET151056	1	1	1	0	0
R28YRS	ET151056	2	5	1	1	0
R28YRS	ET151056	3	17	1	1	1
R28YRS	ET151057	1	1	1	0	0
R28YRS	ET151057	2	2	1	1	0
R28YRS	ET151057	3	3	1	0	1
R28YRS	ET151057	4	6	1	1	2
R28YRS	ET151057	5	7	1	1	2
R28YRS	ET151057	6	10	1	1	1
R28YRS	ET151057	7	17	1	1	1
R28YRS	ET151058	1	1	1	1	0
R28YRS	ET151058	2	5	1	1	2
R28YRS	ET151058	3	6	1	1	2
R28YRS	ET151059	1	1	0	0	0
R28YRS	ET151059	2	6	0	0	1
R28YRS	ET151059	3	7	0	1	0
R28YRS	ET151064	1	1	1	1	0
R28YRS	ET151064	2	5	1	1	2
R28YRS	ET151064	3	7	1	1	2
R28YRS	ET151066	1	1	0	0	0
R28YRS	ET151066	2	2	0	0	0
R28YRS	ET151066	3	5	0	0	1
R28YRS	ET151066	4	10	0	0	1
R28YRS	ET151066	5	17	0	1	1
R28YRS	ET151067	1	1	1	0	0
R28YRS	ET151067	2	7	1	1	0
R28YRS	ET151067	3	6	1	0	0
R28YRS	ET151068	1	1	1	0	0
R28YRS	ET151068	2	7	1	1	0
R28YRS	ET151069	1	1	1	0	0
R28YRS	ET151069	2	10	0	0	1
R28YRS	ET151069	3	17	1	0	1
R28YRS	ET151070	1	1	1	0	0
R28YRS	ET151070	2	7	1	0	0
R28YRS	ET151070	3	17	0	1	1
R28YRS	ET161001	1	1	0	0	0
R28YRS	ET161001	2	6	0	0	0
R28YRS	ET161001	3	5	0	0	0
R28YRS	ET161001	4	10	0	0	0
R28YRS	ET161002	1	1	0	0	0
R28YRS	ET161002	2	3	0	0	0
R28YRS	ET161003	1	1	0	0	1
R28YRS	ET161003	2	8	1	0	0
R28YRS	ET161004	1	5	0	0	0
R28YRS	ET161004	2	1	0	0	0
R28YRS	ET161004	3	6	0	0	0
R28YRS	ET161004	4	17	0	0	1
R28YRS	ET161005	1	1	0	0	1
R28YRS	ET161005	2	7	0	0	1
R28YRS	ET161005	3	6	1	0	0
R28YRS	ET161006	1	1	0	0	0
R28YRS	ET161006	2	6	0	0	0
R28YRS	ET161006	3	10	0	0	1
R28YRS	ET161007	1	1	0	0	0
R28YRS	ET161007	2	6	0	0	0
R28YRS	ET161007	3	17	0	0	0
R28YRS	ET161008	1	7	1	1	1
R28YRS	ET161008	2	6	1	1	1
R28YRS	ET161009	1	1	0	0	0
R28YRS	ET161009	2	6	0	0	0
R28YRS	ET161009	3	7	0	0	2
R28YRS	ET161010	1	8	1	1	1
R28YRS	ET161010	2	7	1	0	1
R28YRS	ET161011	1	1	0	0	0
R28YRS	ET161011	2	7	1	0	0
R28YRS	ET161011	3	17	0	0	1
R28YRS	ET161012	1	1	1	0	0
R28YRS	ET161012	2	6	1	1	1
R28YRS	ET161012	3	5	1	1	1
R28YRS	ET161013	1	6	1	0	0
R28YRS	ET161013	2	17	0	0	0
R28YRS	ET161014	1	2	0	0	0
R28YRS	ET161014	2	6	0	0	0
R28YRS	ET161014	3	17	0	1	1
R28YRS	ET161015	1	6	1	0	1
R28YRS	ET161015	2	5	0	1	1
R28YRS	ET161016	1	1	0	0	0
R28YRS	ET161016	2	6	1	1	0
R28YRS	ET161016	3	5	1	1	0
R28YRS	ET161017	1	6	1	0	0
R28YRS	ET161017	2	5	1	0	0
R28YRS	ET161017	3	17	0	1	1
R28YRS	ET161017	4	1	0	0	0
R28YRS	ET161018	1	1	0	0	1
R28YRS	ET161018	2	6	0	0	1
R28YRS	ET161019	1	8	1	0	0
R28YRS	ET161019	2	7	1	0	0
R28YRS	ET161019	3	10	1	0	0
R28YRS	ET161020	1	1	0	0	0
R28YRS	ET161020	2	6	1	1	0
R28YRS	ET161020	3	5	1	1	0
R28YRS	ET161021	1	6	1	0	1
R28YRS	ET161021	2	17	0	1	1
R28YRS	ET161022	1	6	1	0	0
R28YRS	ET161022	2	1	0	0	0
R28YRS	ET161022	3	3	1	1	1
R28YRS	ET161023	1	7	1	1	0
R28YRS	ET161023	2	1	1	1	0
R28YRS	ET161024	1	8	1	1	0
R28YRS	ET161024	2	6	1	0	0
R28YRS	ET161024	3	17	0	0	1
R28YRS	ET161025	1	1	0	0	0
R28YRS	ET161025	2	5	1	0	0
R28YRS	ET161025	3	17	0	1	1
R28YRS	ET161026	1	1	0	0	1
R28YRS	ET161026	2	5	0	0	1
R28YRS	ET161026	3	17	0	0	1
R28YRS	ET161027	1	5	1	0	1
R28YRS	ET161027	2	6	1	1	1
R28YRS	ET161027	3	7	1	1	1
R28YRS	ET161028	1	5	0	0	1
R28YRS	ET161028	2	1	0	0	0
R28YRS	ET161028	3	6	0	0	1
R28YRS	ET161029	1	7	0	1	0
R28YRS	ET161029	2	6	1	0	1
R28YRS	ET161029	3	17	0	1	1
R28YRS	ET161030	1	1	1	0	1
R28YRS	ET161030	2	7	1	0	1
R28YRS	ET161031	1	1	0	0	1
R28YRS	ET161031	2	3	0	1	0
R28YRS	ET161031	3	5	1	1	0
R28YRS	ET161032	1	1	1	0	1
R28YRS	ET161032	2	6	0	0	1
R28YRS	ET161032	3	5	1	0	1
R28YRS	ET161033	1	1	1	0	0
R28YRS	ET161034	1	1	1	0	1
R28YRS	ET161034	2	5	1	0	1
R28YRS	ET161034	3	6	0	1	1
R28YRS	ET161035	1	2	1	0	0
R28YRS	ET161035	2	17	0	0	1
R28YRS	ET161036	1	1	0	0	1
R28YRS	ET161036	2	6	0	0	1
R28YRS	ET161036	3	8	1	0	1
R28YRS	ET161036	4	7	0	0	1
R28YRS	ET161037	1	7	1	1	2
R28YRS	ET161037	2	5	1	1	2
R28YRS	ET161037	3	6	1	1	2
R28YRS	ET161037	4	17	0	0	1
R28YRS	ET161038	1	1	0	0	1
R28YRS	ET161038	2	6	0	0	1
R28YRS	ET161038	3	5	1	0	1
R28YRS	ET161038	4	2	0	0	1
R28YRS	ET161039	1	1	0	0	1
R28YRS	ET161039	2	5	1	0	1
R28YRS	ET161039	3	6	0	0	1
R28YRS	ET161040	1	19	77	77	77
R28YRS	ET161041	1	1	1	1	0
R28YRS	ET161041	2	5	1	1	1
R28YRS	ET161041	3	6	1	1	1
R28YRS	ET161042	1	8	0	0	2
R28YRS	ET161042	2	6	0	0	2
R28YRS	ET161043	1	7	1	1	0
R28YRS	ET161043	2	3	1	1	0
R28YRS	ET161044	1	1	1	0	0
R28YRS	ET161044	2	8	1	0	0
R28YRS	ET161044	3	7	1	0	0
R28YRS	ET161044	4	17	0	0	1
R28YRS	ET161045	1	6	0	0	0
R28YRS	ET161045	2	3	0	1	0
R28YRS	ET161046	1	1	0	0	1
R28YRS	ET161046	2	7	0	0	1
R28YRS	ET161046	3	6	0	0	1
R28YRS	ET161047	1	7	1	0	0
R28YRS	ET161047	2	8	1	1	0
R28YRS	ET161048	1	1	0	0	1
R28YRS	ET161048	2	5	1	1	0
R28YRS	ET161048	3	6	1	1	0
R28YRS	ET161049	1	1	1	1	0
R28YRS	ET161049	2	5	1	1	0
R28YRS	ET161049	3	6	1	1	0
R28YRS	ET161049	4	17	0	0	1
R28YRS	ET161050	1	1	0	0	0
R28YRS	ET161050	2	5	1	1	0
R28YRS	ET161050	3	6	1	1	0
R28YRS	ET161050	4	8	1	1	0
R28YRS	ET161050	5	17	0	0	1
R28YRS	ET171001	1	1	0	0	0
R28YRS	ET171001	2	5	0	0	0
R28YRS	ET171001	3	6	0	0	0
R28YRS	ET171002	1	1	0	0	0
R28YRS	ET171002	2	5	0	0	0
R28YRS	ET171002	3	6	0	0	0
R28YRS	ET171003	1	6	0	0	0
R28YRS	ET171003	2	5	0	0	0
R28YRS	ET171003	3	1	0	0	0
R28YRS	ET171003	4	2	0	0	0
R28YRS	ET171005	1	1	0	0	0
R28YRS	ET171005	2	5	0	0	0
R28YRS	ET171005	3	6	0	1	0
R28YRS	ET171005	4	2	0	0	0
R28YRS	ET171006	1	1	0	0	0
R28YRS	ET171006	2	5	0	0	0
R28YRS	ET171006	3	6	0	0	0
R28YRS	ET171006	4	7	0	0	0
R28YRS	ET171007	1	1	1	1	2
R28YRS	ET171007	2	7	1	1	1
R28YRS	ET171007	3	2	1	1	1
R28YRS	ET171008	1	1	1	1	0
R28YRS	ET171008	2	7	1	0	0
R28YRS	ET171008	3	10	0	0	1
R28YRS	ET171008	4	17	0	1	1
R28YRS	ET171009	1	1	0	0	0
R28YRS	ET171009	2	5	0	0	0
R28YRS	ET171009	3	2	0	0	0
R28YRS	ET171010	1	1	0	0	0
R28YRS	ET171010	2	2	0	0	0
R28YRS	ET171010	3	5	0	0	0
R28YRS	ET171011	1	1	0	0	0
R28YRS	ET171011	2	5	0	0	0
R28YRS	ET171011	3	6	0	0	0
R28YRS	ET171011	4	7	0	0	0
R28YRS	ET171012	1	1	1	0	0
R28YRS	ET171012	2	7	1	0	0
R28YRS	ET171012	3	10	0	0	1
R28YRS	ET171012	4	2	0	0	1
R28YRS	ET171012	5	4	1	0	0
R28YRS	ET171013	1	1	0	0	0
R28YRS	ET171013	2	5	1	0	0
R28YRS	ET171014	1	1	0	0	0
R28YRS	ET171014	2	2	0	0	0
R28YRS	ET171014	3	5	0	0	0
R28YRS	ET171014	4	7	0	0	0
R28YRS	ET171015	1	1	0	0	0
R28YRS	ET171015	2	5	0	0	0
R28YRS	ET171015	3	6	0	0	0
R28YRS	ET171016	1	1	0	0	0
R28YRS	ET171016	2	5	0	0	0
R28YRS	ET171016	3	6	0	0	0
R28YRS	ET171017	1	6	0	0	0
R28YRS	ET171017	2	1	0	0	0
R28YRS	ET171017	3	2	0	0	0
R28YRS	ET171018	1	1	0	0	0
R28YRS	ET171018	2	2	0	0	0
R28YRS	ET171018	3	7	0	0	0
R28YRS	ET171019	1	1	0	0	0
R28YRS	ET171019	2	5	0	0	0
R28YRS	ET171019	3	2	0	0	0
R28YRS	ET171020	1	1	0	0	0
R28YRS	ET171020	2	5	0	0	0
R28YRS	ET171020	3	6	0	0	0
R28YRS	ET171020	4	2	0	0	0
R28YRS	ET171021	1	1	1	1	0
R28YRS	ET171021	2	2	0	0	1
R28YRS	ET171021	3	3	1	1	1
R28YRS	ET171021	4	7	1	0	0
R28YRS	ET171021	5	10	0	0	1
R28YRS	ET171021	6	17	0	1	1
R28YRS	ET171021	7	18	0	0	1
R28YRS	ET171022	1	1	1	1	0
R28YRS	ET171022	2	7	1	1	0
R28YRS	ET171023	1	1	0	0	1
R28YRS	ET171023	2	6	0	1	1
R28YRS	ET171023	3	7	0	0	0
R28YRS	ET171023	4	3	0	0	0
R28YRS	ET171024	1	1	0	0	0
R28YRS	ET171024	2	5	1	0	0
R28YRS	ET171025	1	7	1	0	1
R28YRS	ET171025	2	2	1	0	0
R28YRS	ET171025	3	1	1	0	0
R28YRS	ET171026	1	7	1	1	2
R28YRS	ET171026	2	9	1	0	1
R28YRS	ET171027	1	1	0	0	0
R28YRS	ET171027	2	5	0	0	0
R28YRS	ET171027	3	6	0	0	0
R28YRS	ET171027	4	7	0	0	0
R28YRS	ET171028	1	1	0	0	0
R28YRS	ET171028	2	2	0	0	0
R28YRS	ET171028	3	5	0	0	0
R28YRS	ET171029	1	7	1	1	0
R28YRS	ET171029	2	17	0	0	1
R28YRS	ET171029	3	10	0	0	1
R28YRS	ET171030	1	7	0	0	0
R28YRS	ET171030	2	5	0	0	0
R28YRS	ET171031	1	1	0	1	0
R28YRS	ET171031	2	5	0	0	0
R28YRS	ET171031	3	10	0	0	1
R28YRS	ET171031	4	17	0	1	1
R28YRS	ET171031	5	18	0	0	0
R28YRS	ET171032	1	1	0	0	0
R28YRS	ET171032	2	7	0	0	0
R28YRS	ET171033	1	1	0	0	0
R28YRS	ET171033	2	6	0	0	0
R28YRS	ET171033	3	2	0	0	0
R28YRS	ET171034	1	1	0	0	0
R28YRS	ET171034	2	5	0	0	0
R28YRS	ET171034	3	6	0	0	0
R28YRS	ET171035	1	5	0	0	0
R28YRS	ET171035	2	6	0	0	0
R28YRS	ET171035	3	7	0	0	0
R28YRS	ET171036	1	1	0	0	1
R28YRS	ET171036	2	2	0	0	1
R28YRS	ET171036	3	14	0	0	1
R28YRS	ET171037	1	1	0	0	0
R28YRS	ET171037	2	3	0	0	0
R28YRS	ET171037	3	5	0	0	0
R28YRS	ET171037	4	6	0	0	0
R28YRS	ET171038	1	1	0	0	0
R28YRS	ET171038	2	5	0	0	0
R28YRS	ET171039	1	7	0	0	0
R28YRS	ET171039	2	1	0	0	0
R28YRS	ET171040	1	1	1	0	1
R28YRS	ET171040	2	2	1	1	1
R28YRS	ET171040	3	7	1	1	2
R28YRS	ET171040	4	10	0	1	0
R28YRS	ET171041	1	5	0	0	0
R28YRS	ET171041	2	1	0	0	0
R28YRS	ET171041	3	2	0	0	0
R28YRS	ET171042	1	1	0	0	0
R28YRS	ET171042	2	5	0	0	0
R28YRS	ET171042	3	2	0	0	0
R28YRS	ET171043	1	1	0	0	0
R28YRS	ET171043	2	5	0	0	0
R28YRS	ET171043	3	6	0	0	0
R28YRS	ET171044	1	1	0	0	0
R28YRS	ET171044	2	2	0	0	1
R28YRS	ET171044	3	7	0	0	0
R28YRS	ET171045	1	1	0	0	0
R28YRS	ET171045	2	5	0	0	0
R28YRS	ET171045	3	6	0	0	0
R28YRS	ET171046	1	1	0	0	0
R28YRS	ET171046	2	2	0	0	1
R28YRS	ET171046	3	7	1	0	0
R28YRS	ET171046	4	10	0	0	0
R28YRS	ET171046	5	5	0	0	0
R28YRS	ET171047	1	1	0	0	0
R28YRS	ET171047	2	5	0	0	0
R28YRS	ET171047	3	6	0	0	0
R28YRS	ET171048	1	1	1	0	1
R28YRS	ET171048	2	7	1	0	1
R28YRS	ET171048	3	5	1	0	1
R28YRS	ET171049	1	1	0	0	0
R28YRS	ET171049	2	2	0	0	0
R28YRS	ET171049	3	6	0	0	0
R28YRS	ET171050	1	1	0	0	0
R28YRS	ET171050	2	5	0	0	0
R28YRS	ET171050	3	6	0	0	0
R28YRS	ET181001	1	5	1	1	1
R28YRS	ET181001	2	1	1	1	1
R28YRS	ET181001	3	3	0	1	1
R28YRS	ET181001	4	7	0	1	1
R28YRS	ET181001	5	2	0	0	1
R28YRS	ET181002	1	1	0	0	1
R28YRS	ET181002	2	6	1	0	1
R28YRS	ET181003	1	6	0	1	1
R28YRS	ET181003	2	7	0	1	1
R28YRS	ET181003	3	3	0	1	1
R28YRS	ET181003	4	2	0	0	0
R28YRS	ET181003	5	17	0	1	0
R28YRS	ET181004	1	1	0	0	1
R28YRS	ET181004	2	2	0	0	2
R28YRS	ET181004	3	7	0	0	2
R28YRS	ET181005	1	7	0	0	1
R28YRS	ET181005	2	17	0	0	1
R28YRS	ET181006	1	5	0	1	1
R28YRS	ET181006	2	6	0	1	1
R28YRS	ET181006	3	7	0	1	1
R28YRS	ET181006	4	17	0	1	1
R28YRS	ET181006	5	1	1	1	1
R28YRS	ET181007	1	5	0	1	0
R28YRS	ET181007	2	6	0	1	0
R28YRS	ET181007	3	7	1	0	1
R28YRS	ET181007	4	1	1	0	1
R28YRS	ET181008	1	1	1	0	0
R28YRS	ET181008	2	7	0	0	0
R28YRS	ET181008	3	17	0	0	1
R28YRS	ET181009	1	1	0	0	1
R28YRS	ET181009	2	6	0	0	1
R28YRS	ET181009	3	17	0	0	1
R28YRS	ET181010	1	3	0	1	0
R28YRS	ET181010	2	5	1	1	0
R28YRS	ET181010	3	6	0	0	0
R28YRS	ET181010	4	7	0	1	0
R28YRS	ET181010	5	8	1	0	0
R28YRS	ET181011	1	7	0	0	1
R28YRS	ET181011	2	1	0	0	1
R28YRS	ET181011	3	10	0	0	1
R28YRS	ET181012	1	1	0	0	1
R28YRS	ET181012	2	7	0	0	1
R28YRS	ET181013	1	8	1	1	0
R28YRS	ET181013	2	7	1	1	0
R28YRS	ET181013	3	1	1	0	1
R28YRS	ET181014	1	1	0	0	1
R28YRS	ET181014	2	7	0	0	1
R28YRS	ET181014	3	17	0	0	1
R28YRS	ET181015	1	1	1	0	0
R28YRS	ET181015	2	7	1	0	0
R28YRS	ET181015	3	8	1	0	0
R28YRS	ET181016	1	5	1	1	1
R28YRS	ET181016	2	1	1	0	1
R28YRS	ET181016	3	7	0	1	1
R28YRS	ET181016	4	2	0	0	1
R28YRS	ET181017	1	1	1	0	0
R28YRS	ET181017	2	2	0	0	0
R28YRS	ET181017	3	5	0	0	0
R28YRS	ET181017	4	6	0	0	0
R28YRS	ET181018	1	7	0	0	0
R28YRS	ET181018	2	2	0	0	0
R28YRS	ET181018	3	1	1	0	0
R28YRS	ET181018	4	5	0	0	0
R28YRS	ET181019	1	1	1	0	0
R28YRS	ET181019	2	6	1	0	0
R28YRS	ET181019	3	2	0	0	1
R28YRS	ET181020	1	1	1	0	0
R28YRS	ET181020	2	2	0	0	0
R28YRS	ET181020	3	6	1	0	0
R28YRS	ET181020	4	7	0	0	0
R28YRS	ET181021	1	7	1	1	1
R28YRS	ET181021	2	1	1	0	0
R28YRS	ET181022	1	7	0	0	0
R28YRS	ET181022	2	5	0	0	1
R28YRS	ET181022	3	1	1	0	1
R28YRS	ET181022	4	2	0	0	1
R28YRS	ET181023	1	1	1	0	0
R28YRS	ET181023	2	6	0	0	0
R28YRS	ET181023	3	7	0	0	0
R28YRS	ET181024	1	1	0	0	0
R28YRS	ET181024	2	2	0	0	0
R28YRS	ET181024	3	5	0	1	0
R28YRS	ET181024	4	6	0	1	0
R28YRS	ET181025	1	1	0	0	0
R28YRS	ET181025	2	7	1	0	0
R28YRS	ET181026	1	1	0	0	0
R28YRS	ET181026	2	8	0	0	0
R28YRS	ET181027	1	1	1	0	0
R28YRS	ET181027	2	2	0	0	0
R28YRS	ET181027	3	6	0	0	0
R28YRS	ET181028	1	1	0	0	1
R28YRS	ET181028	2	2	0	0	1
R28YRS	ET181028	3	6	0	1	1
R28YRS	ET181028	4	7	0	1	1
R28YRS	ET181029	1	5	0	0	1
R28YRS	ET181029	2	1	0	0	1
R28YRS	ET181029	4	2	0	0	1
R28YRS	ET181030	1	1	0	0	0
R28YRS	ET181030	2	8	0	0	0
R28YRS	ET181031	1	1	1	0	0
R28YRS	ET181031	2	7	0	1	0
R28YRS	ET181031	3	2	0	1	0
R28YRS	ET181031	4	6	0	1	0
R28YRS	ET181032	1	1	0	0	1
R28YRS	ET181032	2	2	0	0	1
R28YRS	ET181032	3	17	0	0	1
R28YRS	ET181033	1	5	0	0	1
R28YRS	ET181033	2	1	0	0	1
R28YRS	ET181033	3	7	0	1	1
R28YRS	ET181033	5	6	0	0	1
R28YRS	ET181034	1	1	0	0	0
R28YRS	ET181034	2	8	0	0	0
R28YRS	ET181034	3	7	0	0	0
R28YRS	ET181035	1	1	0	0	1
R28YRS	ET181035	2	2	0	0	1
R28YRS	ET181035	3	7	0	0	1
R28YRS	ET181036	1	7	1	0	0
R28YRS	ET181036	2	8	1	0	0
R28YRS	ET181036	3	1	1	0	0
R28YRS	ET181037	1	1	1	0	1
R28YRS	ET181037	2	7	0	1	1
R28YRS	ET181037	3	6	0	0	1
R28YRS	ET181037	4	4	0	1	1
R28YRS	ET181038	1	2	0	0	1
R28YRS	ET181038	2	5	0	1	1
R28YRS	ET181038	3	7	0	0	1
R28YRS	ET181038	4	1	1	0	1
R28YRS	ET181039	1	1	0	0	0
R28YRS	ET181039	2	2	0	0	0
R28YRS	ET181039	3	3	0	1	0
R28YRS	ET181039	4	6	0	0	0
R28YRS	ET181039	5	7	0	1	0
R28YRS	ET181040	1	7	1	1	1
R28YRS	ET181040	2	1	1	0	0
R28YRS	ET181041	1	1	0	0	1
R28YRS	ET181041	2	7	1	0	1
R28YRS	ET181041	3	8	1	0	1
R28YRS	ET181042	1	8	1	0	0
R28YRS	ET181042	2	7	1	0	0
R28YRS	ET181043	1	5	1	0	1
R28YRS	ET181043	2	1	1	0	1
R28YRS	ET181043	3	7	1	0	1
R28YRS	ET181043	4	2	1	0	1
R28YRS	ET181044	1	1	0	0	0
R28YRS	ET181044	2	2	0	0	0
R28YRS	ET181044	3	5	0	0	0
R28YRS	ET181044	4	6	0	0	0
R28YRS	ET181044	5	7	0	0	0
R28YRS	ET181045	1	1	0	0	1
R28YRS	ET181045	2	2	0	0	1
R28YRS	ET181045	3	3	0	1	1
R28YRS	ET181045	4	6	0	1	1
R28YRS	ET181045	5	7	0	1	1
R28YRS	ET181046	1	1	0	0	1
R28YRS	ET181046	2	2	0	0	1
R28YRS	ET181046	3	7	0	1	1
R28YRS	ET181046	4	6	0	0	1
R28YRS	ET181047	1	1	1	0	0
R28YRS	ET181047	2	2	0	0	0
R28YRS	ET181047	3	5	0	1	0
R28YRS	ET181047	4	6	0	0	0
R28YRS	ET181047	5	8	0	0	0
R28YRS	ET181047	6	7	0	1	0
R28YRS	ET181048	1	1	1	0	1
R28YRS	ET181048	2	2	0	0	1
R28YRS	ET181048	3	5	0	0	1
R28YRS	ET181048	4	6	0	0	1
R28YRS	ET181048	5	7	0	0	1
R28YRS	ET181049	1	1	0	0	0
R28YRS	ET181049	2	8	0	0	0
R28YRS	ET181050	1	5	0	0	1
R28YRS	ET181050	2	1	1	0	1
R28YRS	ET181050	3	7	0	1	1
R28YRS	ET191001	1	5	1	0	1
R28YRS	ET191001	2	1	1	0	1
R28YRS	ET191001	3	2	0	0	1
R28YRS	ET191002	1	1	1	0	1
R28YRS	ET191002	2	10	0	1	1
R28YRS	ET191003	1	5	1	0	1
R28YRS	ET191003	2	1	1	0	1
R28YRS	ET191004	1	1	1	0	0
R28YRS	ET191004	2	2	0	0	0
R28YRS	ET191004	3	5	1	0	0
R28YRS	ET191005	1	1	1	0	1
R28YRS	ET191005	2	2	0	0	1
R28YRS	ET191005	3	17	1	1	1
R28YRS	ET191005	4	5	1	0	1
R28YRS	ET191006	1	5	0	0	1
R28YRS	ET191006	2	1	1	0	1
R28YRS	ET191006	3	2	0	0	1
R28YRS	ET191007	1	1	1	0	0
R28YRS	ET191007	2	21	1	0	1
R28YRS	ET191007	3	5	1	0	0
R28YRS	ET191008	1	1	1	0	0
R28YRS	ET191008	2	2	0	0	0
R28YRS	ET191008	3	5	0	1	0
R28YRS	ET191009	1	1	1	1	1
R28YRS	ET191009	2	9	1	1	1
R28YRS	ET191009	3	3	1	1	1
R28YRS	ET191009	4	5	1	1	1
R28YRS	ET191010	1	1	1	0	0
R28YRS	ET191010	2	2	0	0	1
R28YRS	ET191010	3	7	0	0	0
R28YRS	ET191010	4	17	1	1	1
R28YRS	ET191010	5	10	1	0	1
R28YRS	ET191011	1	1	1	0	0
R28YRS	ET191011	2	2	0	0	0
R28YRS	ET191011	3	5	1	0	0
R28YRS	ET191011	4	6	0	0	0
R28YRS	ET191012	1	5	0	0	1
R28YRS	ET191012	2	21	0	0	1
R28YRS	ET191012	3	1	0	0	1
R28YRS	ET191012	4	3	0	1	1
R28YRS	ET191013	1	1	1	0	0
R28YRS	ET191014	1	5	0	0	1
R28YRS	ET191014	2	1	1	0	1
R28YRS	ET191014	3	2	1	0	1
R28YRS	ET191015	1	1	1	0	0
R28YRS	ET191015	2	5	1	0	0
R28YRS	ET191015	3	10	0	0	1
R28YRS	ET191016	1	1	1	1	1
R28YRS	ET191016	2	7	1	1	1
R28YRS	ET191016	3	8	1	1	1
R28YRS	ET191017	1	1	1	0	1
R28YRS	ET191017	2	5	0	0	1
R28YRS	ET191017	3	2	1	0	1
R28YRS	ET191018	1	1	1	0	0
R28YRS	ET191018	2	2	0	0	0
R28YRS	ET191018	3	7	0	0	0
R28YRS	ET191018	4	5	0	0	0
R28YRS	ET191019	1	1	1	0	1
R28YRS	ET191019	2	3	0	0	1
R28YRS	ET191019	3	5	0	0	1
R28YRS	ET191019	4	10	0	0	1
R28YRS	ET191020	1	1	1	0	0
R28YRS	ET191020	2	2	0	1	1
R28YRS	ET191020	3	17	0	1	1
R28YRS	ET191020	4	5	0	1	1
R28YRS	ET191021	1	1	1	0	1
R28YRS	ET191021	2	2	0	0	1
R28YRS	ET191021	3	5	1	0	1
R28YRS	ET191021	4	3	1	1	1
R28YRS	ET191022	1	1	1	0	1
R28YRS	ET191022	2	7	1	0	1
R28YRS	ET191022	3	2	0	0	2
R28YRS	ET191022	4	10	0	0	1
R28YRS	ET191023	1	1	1	0	1
R28YRS	ET191023	2	2	0	1	1
R28YRS	ET191023	3	10	0	1	1
R28YRS	ET191023	4	5	0	1	1
R28YRS	ET191024	1	1	1	0	1
R28YRS	ET191024	2	5	1	0	1
R28YRS	ET191024	3	10	1	0	1
R28YRS	ET191024	4	2	1	0	1
R28YRS	ET191025	1	1	1	0	0
R28YRS	ET191025	2	2	0	0	1
R28YRS	ET191025	3	10	0	0	1
R28YRS	ET191025	4	5	0	0	1
R28YRS	ET191026	1	1	1	0	0
R28YRS	ET191026	2	2	1	0	0
R28YRS	ET191026	3	5	1	1	0
R28YRS	ET191027	1	1	1	0	0
R28YRS	ET191027	2	2	0	0	0
R28YRS	ET191027	3	5	1	0	0
R28YRS	ET191028	1	1	1	0	0
R28YRS	ET191028	2	17	0	0	1
R28YRS	ET191028	3	2	0	0	1
R28YRS	ET191028	4	5	0	0	1
R28YRS	ET191029	1	1	1	0	1
R28YRS	ET191029	2	7	1	0	1
R28YRS	ET191029	3	5	1	0	1
R28YRS	ET191029	4	2	1	0	1
R28YRS	ET191030	1	1	1	0	1
R28YRS	ET191030	2	5	1	0	1
R28YRS	ET191030	3	2	1	0	1
R28YRS	ET191030	4	3	0	1	1
R28YRS	ET191030	5	10	0	0	1
R28YRS	ET191031	1	1	1	0	0
R28YRS	ET191031	2	2	0	0	1
R28YRS	ET191031	3	10	0	0	1
R28YRS	ET191032	1	1	1	0	0
R28YRS	ET191032	2	2	0	0	0
R28YRS	ET191032	3	10	0	0	1
R28YRS	ET191033	1	1	1	0	1
R28YRS	ET191033	2	10	1	0	1
R28YRS	ET191033	3	2	1	0	1
R28YRS	ET191034	1	1	1	0	1
R28YRS	ET191034	2	10	1	0	1
R28YRS	ET191034	3	2	1	0	1
R28YRS	ET191034	4	17	1	0	1
R28YRS	ET191034	5	5	1	0	1
R28YRS	ET191035	1	1	1	0	0
R28YRS	ET191035	2	2	0	0	1
R28YRS	ET191035	3	10	0	0	1
R28YRS	ET191036	1	1	1	0	0
R28YRS	ET191036	2	2	0	0	0
R28YRS	ET191036	3	5	1	0	0
R28YRS	ET191037	1	1	1	0	0
R28YRS	ET191037	2	2	0	0	0
R28YRS	ET191037	3	6	1	1	0
R28YRS	ET191037	4	10	0	0	1
R28YRS	ET191037	5	4	0	1	1
R28YRS	ET191038	1	1	1	0	0
R28YRS	ET191038	2	2	1	0	0
R28YRS	ET191038	3	5	0	0	0
R28YRS	ET191039	1	1	1	0	0
R28YRS	ET191039	2	2	1	1	0
R28YRS	ET191039	3	17	0	1	1
R28YRS	ET191039	4	6	1	0	0
R28YRS	ET191040	1	1	1	1	1
R28YRS	ET191040	2	2	1	1	1
R28YRS	ET191040	3	17	1	1	1
R28YRS	ET191041	1	1	1	0	1
R28YRS	ET191041	2	2	0	0	1
R28YRS	ET191041	3	10	0	1	1
R28YRS	ET191042	1	1	1	0	0
R28YRS	ET191042	2	2	0	0	0
R28YRS	ET191042	3	5	1	0	0
R28YRS	ET191042	4	7	0	0	0
R28YRS	ET191043	1	2	1	1	1
R28YRS	ET191043	2	17	1	1	1
R28YRS	ET191043	3	1	1	1	1
R28YRS	ET191044	1	1	1	1	1
R28YRS	ET191044	2	2	1	1	1
R28YRS	ET191044	3	5	1	1	0
R28YRS	ET191045	1	1	1	1	1
R28YRS	ET191045	2	2	1	1	1
R28YRS	ET191045	3	10	0	0	1
R28YRS	ET191046	1	1	1	0	1
R28YRS	ET191046	2	2	1	0	1
R28YRS	ET191046	3	5	0	0	1
R28YRS	ET191047	1	1	1	0	0
R28YRS	ET191047	2	2	0	0	0
R28YRS	ET191047	3	6	1	1	0
R28YRS	ET191047	4	10	1	1	1
R28YRS	ET191048	1	1	1	0	1
R28YRS	ET191048	2	2	0	0	1
R28YRS	ET191048	3	10	0	0	1
R28YRS	ET191049	1	1	1	0	1
R28YRS	ET191049	2	2	0	0	1
R28YRS	ET191049	3	17	0	1	1
R28YRS	ET191049	4	23	0	0	1
R28YRS	ET191049	5	5	0	0	1
R28YRS	ET191050	1	1	1	1	1
R28YRS	ET191050	2	7	1	0	1
R28YRS	ET191050	3	2	1	0	1
R28YRS	ET191051	1	1	1	0	0
R28YRS	ET191051	2	2	0	0	0
R28YRS	ET191051	3	5	1	1	0
R28YRS	ET201001	1	1	0	0	0
R28YRS	ET201001	2	7	0	0	0
R28YRS	ET201001	3	2	1	0	0
R28YRS	ET201002	1	1	1	0	2
R28YRS	ET201002	2	2	1	0	2
R28YRS	ET201002	3	7	1	1	2
R28YRS	ET201003	1	5	1	0	0
R28YRS	ET201003	2	1	1	0	1
R28YRS	ET201004	1	1	0	0	1
R28YRS	ET201004	2	7	1	0	2
R28YRS	ET201004	3	17	0	1	1
R28YRS	ET201005	1	1	0	0	0
R28YRS	ET201005	2	5	0	0	0
R28YRS	ET201005	3	2	0	0	1
R28YRS	ET201006	1	1	1	0	1
R28YRS	ET201006	2	6	1	0	1
R28YRS	ET201006	3	7	1	0	1
R28YRS	ET201007	1	1	1	0	1
R28YRS	ET201007	2	7	1	0	1
R28YRS	ET201008	1	1	0	0	1
R28YRS	ET201008	2	5	0	0	1
R28YRS	ET201008	3	6	0	0	1
R28YRS	ET201009	1	1	1	1	1
R28YRS	ET201009	2	7	1	1	1
R28YRS	ET201009	3	17	1	1	1
R28YRS	ET201010	1	1	1	1	1
R28YRS	ET201010	2	7	1	1	0
R28YRS	ET201010	3	17	1	1	1
R28YRS	ET201011	1	1	1	0	1
R28YRS	ET201011	2	6	0	0	1
R28YRS	ET201011	3	17	1	1	1
R28YRS	ET201011	4	5	1	1	0
R28YRS	ET201012	1	1	1	0	0
R28YRS	ET201012	2	7	1	0	0
R28YRS	ET201013	1	5	0	0	0
R28YRS	ET201013	2	1	0	0	0
R28YRS	ET201013	3	6	0	0	0
R28YRS	ET201013	4	2	0	0	0
R28YRS	ET201013	5	7	0	0	0
R28YRS	ET201014	1	1	1	1	1
R28YRS	ET201014	2	7	1	1	0
R28YRS	ET201014	3	6	1	1	0
R28YRS	ET201014	4	17	0	1	1
R28YRS	ET201015	1	1	1	1	1
R28YRS	ET201015	2	2	1	1	1
R28YRS	ET201015	3	5	1	1	1
R28YRS	ET201016	1	1	0	0	0
R28YRS	ET201016	2	2	0	0	0
R28YRS	ET201016	3	5	0	0	0
R28YRS	ET201016	4	10	0	0	0
R28YRS	ET201017	1	1	0	0	0
R28YRS	ET201017	2	2	0	0	0
R28YRS	ET201017	3	17	0	0	0
R28YRS	ET201017	4	6	0	0	0
R28YRS	ET201018	1	1	1	1	1
R28YRS	ET201018	2	5	1	1	1
R28YRS	ET201018	3	7	1	1	1
R28YRS	ET201018	4	2	1	1	1
R28YRS	ET201019	1	7	1	1	1
R28YRS	ET201019	2	6	1	1	1
R28YRS	ET201019	3	1	0	0	0
R28YRS	ET201019	4	2	1	0	0
R28YRS	ET201020	1	6	0	0	0
R28YRS	ET201020	2	2	0	0	0
R28YRS	ET201020	3	5	0	0	0
R28YRS	ET201020	4	1	0	0	0
R28YRS	ET201021	1	8	1	0	0
R28YRS	ET201021	2	1	0	0	0
R28YRS	ET201021	3	6	1	0	1
R28YRS	ET201021	4	10	0	0	1
R28YRS	ET201021	5	5	1	1	0
R28YRS	ET201022	1	10	0	1	1
R28YRS	ET201022	2	1	1	0	0
R28YRS	ET201022	3	2	0	0	1
R28YRS	ET201022	4	7	0	0	1
R28YRS	ET201023	1	1	0	0	1
R28YRS	ET201023	2	5	0	0	1
R28YRS	ET201023	3	8	0	0	1
R28YRS	ET201024	1	1	0	0	1
R28YRS	ET201024	2	5	0	0	1
R28YRS	ET201024	3	8	0	0	1
R28YRS	ET201025	1	5	0	0	0
R28YRS	ET201025	2	2	0	0	0
R28YRS	ET201025	3	1	0	0	0
R28YRS	ET201026	1	1	0	0	0
R28YRS	ET201026	2	7	0	0	0
R28YRS	ET201026	3	2	1	0	1
R28YRS	ET201026	4	17	0	0	1
R28YRS	ET201027	1	6	0	0	1
R28YRS	ET201027	2	1	0	0	0
R28YRS	ET201027	3	5	0	0	1
R28YRS	ET201027	4	7	0	0	1
R28YRS	ET201028	1	7	0	1	0
R28YRS	ET201028	2	1	1	0	0
R28YRS	ET201028	3	6	1	0	0
R28YRS	ET201028	4	2	0	0	1
R28YRS	ET201028	5	10	0	0	1
R28YRS	ET201029	1	7	0	0	1
R28YRS	ET201029	2	6	0	0	0
R28YRS	ET201029	3	1	0	0	0
R28YRS	ET201030	1	1	0	0	1
R28YRS	ET201030	2	5	0	0	1
R28YRS	ET201030	3	6	0	0	1
R28YRS	ET201031	1	1	0	0	1
R28YRS	ET201031	2	5	0	0	1
R28YRS	ET201031	3	2	0	0	1
R28YRS	ET201032	1	1	0	0	1
R28YRS	ET201032	2	10	0	0	1
R28YRS	ET201032	3	5	0	0	1
R28YRS	ET201032	4	2	0	0	1
R28YRS	ET201033	1	5	0	0	0
R28YRS	ET201033	2	2	0	0	0
R28YRS	ET201033	3	6	0	0	0
R28YRS	ET201033	4	1	0	0	0
R28YRS	ET201034	1	1	1	1	1
R28YRS	ET201034	2	6	0	1	1
R28YRS	ET201034	3	2	0	0	1
R28YRS	ET201035	1	1	0	0	1
R28YRS	ET201035	2	5	0	0	1
R28YRS	ET201035	3	6	0	0	1
R28YRS	ET201036	1	1	1	0	0
R28YRS	ET201036	2	7	0	0	0
R28YRS	ET201036	3	10	0	0	1
R28YRS	ET201036	4	17	0	1	1
R28YRS	ET201037	1	5	1	0	0
R28YRS	ET201037	2	6	0	0	0
R28YRS	ET201037	3	10	1	0	1
R28YRS	ET201038	1	1	0	0	1
R28YRS	ET201038	2	5	0	0	1
R28YRS	ET201038	3	6	0	0	1
R28YRS	ET201039	1	8	1	1	0
R28YRS	ET201040	1	1	0	0	1
R28YRS	ET201040	2	5	0	0	1
R28YRS	ET201040	3	6	0	0	1
R28YRS	ET201041	1	5	0	0	0
R28YRS	ET201041	2	2	0	0	0
R28YRS	ET201041	3	1	0	0	0
R28YRS	ET201042	1	7	1	1	1
R28YRS	ET201043	1	1	0	0	1
R28YRS	ET201043	2	5	0	0	1
R28YRS	ET201043	3	6	0	0	1
R28YRS	ET201044	1	1	0	0	0
R28YRS	ET201044	2	5	0	0	0
R28YRS	ET201044	3	2	0	0	0
R28YRS	ET201044	4	10	0	0	1
R28YRS	ET201045	1	1	0	0	1
R28YRS	ET201045	2	5	0	0	1
R28YRS	ET201045	3	7	0	0	1
R28YRS	ET201045	4	2	0	0	0
R28YRS	ET201045	5	10	0	0	0
R28YRS	ET201046	1	7	0	0	0
R28YRS	ET201046	2	1	0	0	0
R28YRS	ET201046	3	2	0	0	0
R28YRS	ET201046	4	10	0	0	0
R28YRS	ET201047	1	5	0	0	1
R28YRS	ET201047	2	7	1	0	0
R28YRS	ET201047	3	1	1	0	0
R28YRS	ET201047	4	2	0	0	1
R28YRS	ET201047	5	10	0	0	1
R28YRS	ET201048	1	1	0	0	1
R28YRS	ET201048	2	2	0	0	1
R28YRS	ET201048	3	5	0	0	1
R28YRS	ET201048	4	7	0	0	1
R28YRS	ET201048	5	10	0	0	1
R28YRS	ET201049	1	3	0	0	0
R28YRS	ET201049	2	7	0	0	0
R28YRS	ET201049	3	1	0	0	0
R28YRS	ET201049	4	2	0	0	0
R28YRS	ET201049	5	10	0	0	1
R28YRS	ET201050	1	1	0	1	1
R28YRS	ET201050	2	7	0	1	1
R28YRS	ET201050	3	5	0	1	0
R28YRS	ET201050	4	2	0	0	1
R28YRS	ET201050	5	10	0	0	1
