FORMNO	CHILDID	SUPPRGID	SUPKIND	SUPWHO	SUPSTRT	SUPEND	SUPFREQ	SUPRID	SUPEXP	SUPIMP1	SUPIMP2
R28YRS	ET011001	1	12	15	1997	99	4	4	3	4	5
R28YRS	ET011001	2	6	15	1993	99	6	3	3	3	77
R28YRS	ET011004	1	12	15	1993	99	4	0	4	4	77
R28YRS	ET011006	1	3	15	1993	1998	1	0	2	4	77
R28YRS	ET011007	1	12	15	1996	99	4	0	4	4	3
R28YRS	ET011008	1	12	15	1994	99	4	2	4	4	77
R28YRS	ET011009	1	12	15	1993	99	6	9	4	4	5
R28YRS	ET011010	1	12	15	1994	99	6	0	4	4	5
R28YRS	ET011015	1	14	22	1996	99	6	0	4	1	2
R28YRS	ET011015	2	12	15	1996	99	4	3	4	4	77
R28YRS	ET011015	3	12	15	1996	99	6	3	3	4	77
R28YRS	ET011016	1	12	15	1993	1997	4	3	4	4	77
R28YRS	ET011017	1	12	15	1993	1999	4	0	2	4	77
R28YRS	ET011019	1	12	15	1996	99	4	0	5	4	77
R28YRS	ET011019	2	12	15	1993	99	4	5	5	4	77
R28YRS	ET011020	1	12	15	1993	99	4	0	4	4	77
R28YRS	ET011021	1	12	15	1996	99	6	15	3	4	5
R28YRS	ET011022	1	12	15	1993	99	7	6	3	4	5
R28YRS	ET011026	1	14	15	1997	99	6	0	2	2	77
R28YRS	ET011026	2	12	15	1995	99	4	0	2	4	77
R28YRS	ET011027	1	12	15	1998	99	4	80	2	4	77
R28YRS	ET011028	1	12	15	1997	99	4	0	3	4	5
R28YRS	ET011029	1	12	15	1993	99	4	0	4	4	5
R28YRS	ET011030	1	14	15	1994	1995	6	1	4	2	1
R28YRS	ET011030	2	12	15	1993	99	4	0	4	4	77
R28YRS	ET011031	1	12	15	1996	99	4	15	3	4	6
R28YRS	ET011032	1	12	15	1996	99	4	15	4	4	77
R28YRS	ET011033	1	12	15	1995	1998	4	0	2	4	5
R28YRS	ET011035	1	12	15	1993	99	4	1	5	4	5
R28YRS	ET011036	1	12	15	1998	99	4	8	4	4	77
R28YRS	ET011039	1	12	15	1998	99	4	15	3	4	77
R28YRS	ET011043	1	12	15	1997	99	4	0	2	4	77
R28YRS	ET011044	1	12	15	1997	99	4	18	2	4	77
R28YRS	ET011045	1	12	15	1993	99	4	2	4	4	77
R28YRS	ET011045	2	14	15	1998	99	6	0	5	1	77
R28YRS	ET011046	1	12	15	1998	99	1	0	2	4	77
R28YRS	ET011050	1	12	15	1995	99	4	80	3	4	77
R28YRS	ET021001	1	7	6	1997	99	6	2	4	3	77
R28YRS	ET021001	2	8	6	1997	99	6	2	4	9	77
R28YRS	ET021001	3	5	77	1998	99	4	1	3	9	77
R28YRS	ET021002	1	8	6	1997	1997	4	0	4	1	2
R28YRS	ET021004	1	7	6	1997	99	6	4	77	3	77
R28YRS	ET021007	1	7	2	1997	99	6	2	3	9	77
R28YRS	ET021015	1	7	6	1994	99	5	80	5	1	5
R28YRS	ET021016	1	7	6	1998	99	4	80	5	5	77
R28YRS	ET021017	1	7	6	1998	99	4	80	1	3	77
R28YRS	ET021017	2	8	6	1998	99	6	2	1	4	77
R28YRS	ET021023	1	12	15	1997	99	3	15	2	4	77
R28YRS	ET021026	1	12	15	1999	99	77	0	4	1	2
R28YRS	ET021026	2	14	15	1999	99	77	0	4	8	3
R28YRS	ET021029	1	7	77	1994	99	4	80	5	5	77
R28YRS	ET021029	2	8	6	1995	99	5	2	5	1	5
R28YRS	ET021031	1	8	6	1998	99	6	2	4	3	77
R28YRS	ET021031	2	7	6	1998	99	6	80	5	3	77
R28YRS	ET021035	1	12	15	1994	99	4	0	4	4	77
R28YRS	ET021035	2	14	15	1998	99	6	0	4	2	6
R28YRS	ET021050	1	14	22	1997	1996	5	0	4	4	2
R28YRS	ET031012	1	7	15	1997	99	4	2	5	5	1
R28YRS	ET031012	2	8	6	1994	99	2	2	5	1	77
R28YRS	ET031015	1	14	15	1997	99	6	0	4	1	2
R28YRS	ET031015	2	12	15	1997	99	4	0	4	9	77
R28YRS	ET031021	1	14	15	1999	99	4	0	4	1	77
R28YRS	ET031022	1	7	6	1994	99	6	2	3	3	77
R28YRS	ET031022	2	8	6	1994	99	6	2	3	3	77
R28YRS	ET031025	1	7	6	1996	99	6	2	5	3	77
R28YRS	ET031027	1	8	6	1993	99	5	2	4	5	77
R28YRS	ET031029	1	14	22	1999	99	6	80	5	2	1
R28YRS	ET031035	1	7	6	1997	99	3	1	5	5	1
R28YRS	ET031044	1	7	6	1993	99	4	1	4	3	77
R28YRS	ET031044	2	14	77	1999	99	77	80	4	2	77
R28YRS	ET041001	1	12	15	1993	99	4	0	2	8	77
R28YRS	ET041001	2	12	15	1993	99	4	0	2	8	77
R28YRS	ET041001	3	5	13	1995	99	7	80	4	2	77
R28YRS	ET041001	4	5	13	1997	99	7	80	4	2	77
R28YRS	ET041002	1	12	15	1997	99	4	0	4	4	77
R28YRS	ET041006	1	4	15	1995	1996	6	80	4	2	77
R28YRS	ET041007	1	6	15	1994	99	77	0	4	5	77
R28YRS	ET041008	1	12	15	1996	99	4	0	4	4	77
R28YRS	ET041009	1	12	15	1997	99	4	7	2	4	77
R28YRS	ET041010	1	7	6	1997	1997	6	80	4	5	77
R28YRS	ET041010	2	5	15	1998	99	4	80	4	2	77
R28YRS	ET041011	1	13	14	1999	1999	4	2	4	3	5
R28YRS	ET041011	2	13	14	1994	99	4	2	4	7	8
R28YRS	ET041011	3	5	15	1994	99	77	80	4	4	77
R28YRS	ET041014	1	12	15	1999	99	6	0	4	5	77
R28YRS	ET041015	1	5	13	1996	99	4	80	3	4	5
R28YRS	ET041017	1	7	6	1999	1999	4	80	4	5	77
R28YRS	ET041018	1	5	13	1996	99	4	1	5	1	5
R28YRS	ET041020	1	5	13	1996	99	4	2	4	9	77
R28YRS	ET041021	1	6	77	1998	1998	4	1	2	2	77
R28YRS	ET041021	2	5	13	1996	99	3	80	3	2	1
R28YRS	ET041022	1	3	77	1993	1993	1	80	3	9	77
R28YRS	ET041023	1	12	15	1993	1995	6	80	2	2	77
R28YRS	ET041024	1	12	15	1999	99	4	2	4	4	77
R28YRS	ET041025	1	12	15	1998	99	4	80	4	4	6
R28YRS	ET041026	1	12	15	1997	99	4	0	2	4	77
R28YRS	ET041026	2	12	15	1997	99	4	15	2	4	77
R28YRS	ET041027	1	12	15	1994	99	4	0	2	5	4
R28YRS	ET041027	2	9	15	1994	99	4	15	2	5	4
R28YRS	ET041029	1	8	15	1999	99	6	2	4	2	3
R28YRS	ET041030	1	5	13	1998	99	4	80	5	2	77
R28YRS	ET041031	1	9	15	1993	99	5	0	1	5	77
R28YRS	ET041032	1	12	15	1996	99	4	80	4	4	6
R28YRS	ET041033	1	12	15	1996	99	4	0	4	4	77
R28YRS	ET041033	2	5	13	1995	99	4	80	4	1	2
R28YRS	ET041034	1	5	13	1998	99	7	80	4	2	77
R28YRS	ET041035	1	13	77	1999	99	4	1	4	5	77
R28YRS	ET041035	2	12	15	1999	99	4	0	4	4	77
R28YRS	ET041036	1	4	5	1997	99	1	1	3	1	2
R28YRS	ET041036	2	3	15	1997	99	1	1	3	8	1
R28YRS	ET041036	3	12	6	1999	99	4	80	4	5	77
R28YRS	ET041037	1	8	15	1999	99	6	2	3	4	5
R28YRS	ET041038	1	12	15	1999	99	4	0	4	4	77
R28YRS	ET041039	1	12	15	1997	99	4	0	3	4	77
R28YRS	ET041039	2	12	15	1997	99	4	2	3	4	77
R28YRS	ET041039	3	14	77	1999	99	6	0	3	1	2
R28YRS	ET041040	1	13	15	1999	1999	77	1	4	4	77
R28YRS	ET041040	2	5	15	1998	99	4	80	4	2	77
R28YRS	ET041041	1	12	15	1994	99	4	80	4	4	77
R28YRS	ET041041	2	12	6	1999	99	4	80	4	5	77
R28YRS	ET041042	1	12	15	1998	99	6	0	4	5	77
R28YRS	ET041042	2	12	15	1997	99	4	0	4	4	77
R28YRS	ET041042	3	12	15	1998	99	4	15	4	4	77
R28YRS	ET041043	1	7	6	1998	99	6	1	1	3	5
R28YRS	ET041043	2	5	13	1993	99	4	1	1	1	2
R28YRS	ET041044	1	12	15	1996	99	4	0	4	4	77
R28YRS	ET041044	2	12	15	1998	99	4	5	4	4	77
R28YRS	ET041044	3	12	15	1998	99	7	0	4	5	77
R28YRS	ET041045	1	5	15	1998	1999	77	80	4	9	77
R28YRS	ET041046	1	12	15	1995	99	4	0	4	5	77
R28YRS	ET041046	2	12	15	1995	99	4	5	4	5	77
R28YRS	ET041047	1	12	15	1997	99	4	0	3	4	77
R28YRS	ET041048	1	12	15	1998	99	4	0	4	4	77
R28YRS	ET041048	2	12	15	1999	99	4	0	4	4	77
R28YRS	ET041049	1	12	15	1998	99	6	1	5	2	1
R28YRS	ET041049	2	7	15	1998	99	4	1	4	3	77
R28YRS	ET041049	3	12	15	1996	99	4	0	2	4	77
R28YRS	ET041049	4	12	6	1998	99	5	1	3	5	77
R28YRS	ET041049	5	12	15	-77	99	77	0	2	5	77
R28YRS	ET041050	1	12	15	1996	99	4	80	4	4	6
R28YRS	ET041050	2	15	6	1999	1999	77	80	4	5	77
R28YRS	ET051001	1	5	13	1998	99	7	80	3	2	77
R28YRS	ET051001	2	4	25	1998	99	6	80	4	2	1
R28YRS	ET051002	1	5	13	1996	99	4	80	4	2	4
R28YRS	ET051004	1	4	25	1998	99	6	80	4	2	1
R28YRS	ET051005	1	5	13	1998	99	7	1	3	2	1
R28YRS	ET051006	1	5	13	1994	99	7	80	3	1	2
R28YRS	ET051006	2	4	25	1996	99	4	80	3	1	2
R28YRS	ET051007	1	4	5	1997	1997	77	80	4	1	2
R28YRS	ET051007	2	5	15	1998	99	2	80	4	9	77
R28YRS	ET051009	1	4	25	1998	99	6	80	4	1	2
R28YRS	ET051009	2	9	6	1999	99	4	80	4	5	77
R28YRS	ET051009	3	5	13	1998	99	4	80	4	1	2
R28YRS	ET051010	1	4	25	1998	99	6	80	4	1	2
R28YRS	ET051011	1	5	13	1998	99	4	80	4	1	2
R28YRS	ET051012	1	14	15	1998	99	4	1	4	1	2
R28YRS	ET051012	2	7	15	1998	99	4	1	4	5	77
R28YRS	ET051012	3	12	15	1999	99	4	0	4	4	77
R28YRS	ET051013	1	14	25	1998	99	6	80	4	2	77
R28YRS	ET051014	1	4	25	1997	99	4	80	4	2	77
R28YRS	ET051015	1	4	25	1996	99	4	80	1	1	2
R28YRS	ET051016	1	4	25	1998	99	4	80	4	1	2
R28YRS	ET051016	2	5	13	1997	99	7	80	4	2	1
R28YRS	ET051017	1	5	13	1995	1997	4	1	4	2	77
R28YRS	ET051017	2	5	15	1998	99	4	1	4	2	7
R28YRS	ET051017	3	4	25	1996	99	6	80	3	1	2
R28YRS	ET051018	1	5	13	1998	99	7	80	3	2	77
R28YRS	ET051019	1	4	25	1997	99	4	80	4	1	2
R28YRS	ET051019	2	14	6	1999	1999	77	2	4	1	2
R28YRS	ET051019	3	12	6	1999	1999	77	80	4	5	77
R28YRS	ET051019	4	5	13	1997	99	2	80	4	9	77
R28YRS	ET051020	1	4	25	1998	99	6	80	1	2	1
R28YRS	ET051021	1	14	25	1998	99	6	2	3	2	1
R28YRS	ET051022	1	14	6	1999	1999	77	80	4	1	2
R28YRS	ET051022	2	12	6	1999	1999	77	80	4	5	77
R28YRS	ET051023	1	12	15	1999	99	4	80	3	4	77
R28YRS	ET051023	2	12	6	1999	99	4	80	4	5	77
R28YRS	ET051024	1	5	13	1995	99	7	80	3	1	2
R28YRS	ET051024	2	4	25	1998	99	6	1	3	2	1
R28YRS	ET051025	1	12	6	1999	99	4	80	4	5	77
R28YRS	ET051025	2	4	25	1997	99	6	80	4	1	2
R28YRS	ET051025	3	5	77	1997	99	4	80	4	2	77
R28YRS	ET051026	1	4	25	1997	1997	4	1	4	2	77
R28YRS	ET051027	1	5	13	1998	99	77	80	4	1	2
R28YRS	ET051027	2	3	25	1997	99	4	80	4	1	2
R28YRS	ET051027	3	4	25	1996	99	4	80	4	1	2
R28YRS	ET051028	1	5	15	1998	99	77	80	5	7	8
R28YRS	ET051029	1	14	15	1998	99	4	4	4	1	2
R28YRS	ET051029	2	7	15	1998	99	4	4	4	5	77
R28YRS	ET051029	3	12	15	1999	99	4	80	4	4	77
R28YRS	ET051030	1	4	25	1997	99	4	80	4	1	2
R28YRS	ET051030	2	12	6	1999	1999	77	80	4	5	77
R28YRS	ET051031	1	5	13	1998	99	7	80	4	2	77
R28YRS	ET051031	2	4	25	1997	99	6	80	3	1	2
R28YRS	ET051032	1	4	25	1998	99	6	80	4	1	2
R28YRS	ET051032	2	5	13	1998	99	7	80	5	5	77
R28YRS	ET051034	1	4	25	1998	99	4	80	4	1	2
R28YRS	ET051034	2	12	6	1999	1999	77	80	4	5	77
R28YRS	ET051035	1	5	13	1997	99	4	1	4	9	77
R28YRS	ET051036	1	4	25	1996	1997	4	80	3	2	8
R28YRS	ET051037	1	9	6	1999	99	4	80	4	5	77
R28YRS	ET051037	2	5	77	1997	99	4	80	4	1	2
R28YRS	ET051039	1	5	13	1997	99	4	80	4	2	77
R28YRS	ET051040	1	9	6	1999	99	4	80	4	5	77
R28YRS	ET051041	1	12	77	1999	99	4	0	4	4	77
R28YRS	ET051042	1	12	6	1999	99	4	80	4	5	77
R28YRS	ET051042	2	4	25	1998	99	6	80	4	1	2
R28YRS	ET051043	1	4	25	1997	99	4	80	4	2	77
R28YRS	ET051044	1	5	15	1998	99	2	80	4	1	2
R28YRS	ET051045	1	4	25	1998	99	6	80	4	1	2
R28YRS	ET051045	2	5	13	1996	99	77	80	4	4	5
R28YRS	ET051046	1	4	25	1998	99	6	80	5	2	1
R28YRS	ET051048	1	14	25	1997	99	4	80	4	2	77
R28YRS	ET051048	2	5	15	1998	99	2	80	4	9	77
R28YRS	ET051049	1	5	13	1998	99	7	80	5	6	2
R28YRS	ET051050	1	4	25	1994	99	6	80	3	1	2
R28YRS	ET051050	2	12	6	1999	1999	77	80	3	3	5
R28YRS	ET061002	1	13	1	1998	1998	5	80	4	1	2
R28YRS	ET061003	1	4	5	1998	99	6	80	2	4	2
R28YRS	ET061003	2	4	15	1993	1998	6	80	4	1	2
R28YRS	ET061003	3	4	25	1994	1999	1	80	4	1	2
R28YRS	ET061005	1	4	25	1998	1998	5	80	3	2	1
R28YRS	ET061005	2	4	25	1997	1997	5	80	3	2	4
R28YRS	ET061005	3	4	25	1996	1996	5	80	3	2	77
R28YRS	ET061008	1	5	13	1998	99	4	80	5	1	2
R28YRS	ET061008	2	4	15	1998	99	4	80	5	1	2
R28YRS	ET061008	3	7	6	1993	99	5	80	5	3	77
R28YRS	ET061008	4	8	6	1993	99	5	1	5	3	77
R28YRS	ET061009	1	4	15	1997	99	4	1	4	2	4
R28YRS	ET061009	2	5	13	1998	99	4	1	4	2	77
R28YRS	ET061009	3	5	5	1997	99	4	1	4	2	77
R28YRS	ET061009	4	9	6	1993	99	6	80	5	5	77
R28YRS	ET061010	1	3	25	1998	99	2	80	4	1	2
R28YRS	ET061010	2	4	11	1996	1996	2	80	4	1	2
R28YRS	ET061011	1	3	25	1998	99	2	80	2	2	77
R28YRS	ET061012	1	5	5	1998	99	4	80	5	1	2
R28YRS	ET061012	2	5	13	1998	99	4	80	5	1	2
R28YRS	ET061012	3	5	5	1998	99	4	80	5	1	2
R28YRS	ET061012	4	9	5	1993	99	4	80	5	5	77
R28YRS	ET061016	1	1	5	1996	1999	4	1	5	1	77
R28YRS	ET061016	2	1	5	1997	1994	4	1	5	1	77
R28YRS	ET061016	3	1	5	1998	1994	4	1	5	1	77
R28YRS	ET061018	1	4	25	1998	99	5	80	4	1	8
R28YRS	ET061018	2	1	5	1993	99	4	80	4	1	77
R28YRS	ET061018	3	9	6	1994	99	5	80	5	5	77
R28YRS	ET061019	1	4	25	1998	99	4	80	4	1	3
R28YRS	ET061019	2	1	5	1999	99	4	80	4	1	2
R28YRS	ET061019	3	9	6	1993	99	3	80	5	5	77
R28YRS	ET061020	1	9	6	1993	99	4	80	5	5	77
R28YRS	ET061020	2	1	5	1993	99	4	80	5	1	2
R28YRS	ET061021	1	4	25	1997	1997	2	6	2	1	2
R28YRS	ET061021	2	4	11	1996	1996	2	1	2	1	2
R28YRS	ET061021	3	4	11	1995	1995	2	1	4	1	2
R28YRS	ET061022	1	7	6	1993	99	5	80	5	3	77
R28YRS	ET061022	2	8	6	1993	99	5	80	5	3	77
R28YRS	ET061022	3	5	5	1998	99	4	80	5	1	2
R28YRS	ET061022	4	9	6	1993	99	4	80	5	5	77
R28YRS	ET061023	1	1	25	1997	1999	4	1	5	1	77
R28YRS	ET061024	1	4	25	1997	1998	4	80	2	2	4
R28YRS	ET061024	2	9	6	1998	99	6	80	4	3	5
R28YRS	ET061024	3	1	5	1996	99	6	1	4	2	3
R28YRS	ET061026	1	4	15	1993	99	4	1	4	2	77
R28YRS	ET061026	2	5	15	1997	99	4	1	4	3	77
R28YRS	ET061026	3	9	5	1994	99	6	80	4	6	77
R28YRS	ET061028	1	4	25	1994	1998	5	88	2	2	77
R28YRS	ET061029	1	5	13	1998	99	4	80	5	1	2
R28YRS	ET061029	2	4	15	1998	99	4	80	4	1	2
R28YRS	ET061029	3	9	15	1994	99	6	80	4	5	77
R28YRS	ET061029	4	1	5	1994	99	6	80	4	2	77
R28YRS	ET061031	1	3	25	1997	99	2	80	4	1	2
R28YRS	ET061033	1	4	25	1997	1998	2	80	4	1	2
R28YRS	ET061036	1	5	13	1997	99	4	80	2	4	3
R28YRS	ET061036	2	9	6	1997	99	6	80	4	1	5
R28YRS	ET061036	3	1	5	1996	99	6	1	4	2	3
R28YRS	ET061036	4	15	15	1997	99	4	80	4	8	1
R28YRS	ET061037	1	4	25	1994	1999	4	80	4	2	77
R28YRS	ET061039	1	4	25	1998	99	5	80	4	1	7
R28YRS	ET061041	1	4	25	1995	1999	4	1	5	1	77
R28YRS	ET061041	2	4	25	1996	1999	4	1	5	1	77
R28YRS	ET061041	3	4	25	1997	1999	4	1	5	1	77
R28YRS	ET061041	4	4	25	1998	1999	4	1	5	1	77
R28YRS	ET061046	1	4	25	1995	99	5	80	3	1	77
R28YRS	ET061047	1	7	6	1993	99	5	80	4	3	77
R28YRS	ET061047	2	5	5	1994	99	4	1	5	1	77
R28YRS	ET061049	1	4	25	1994	1999	4	1	5	1	77
R28YRS	ET061049	2	4	25	1995	1999	4	1	5	1	77
R28YRS	ET061049	3	4	15	1996	1999	4	1	5	1	77
R28YRS	ET061049	4	4	15	1997	1999	4	1	5	1	77
R28YRS	ET061049	5	4	15	1998	1999	4	1	5	1	77
R28YRS	ET061050	1	4	5	1993	99	5	80	4	2	1
R28YRS	ET061050	2	9	6	1996	99	6	80	4	3	1
R28YRS	ET061050	3	13	5	1993	99	6	1	4	3	1
R28YRS	ET061050	4	5	13	1996	99	4	80	4	1	2
R28YRS	ET061051	1	5	5	1998	99	4	80	5	1	2
R28YRS	ET061051	2	1	5	1993	99	6	80	4	1	2
R28YRS	ET061051	3	9	6	1993	99	6	80	5	5	77
R28YRS	ET061051	4	15	77	1996	99	7	80	5	3	77
R28YRS	ET061054	1	3	25	1998	99	1	1	4	1	2
R28YRS	ET061054	2	4	11	1995	1996	1	1	4	1	2
R28YRS	ET061056	1	1	25	1998	99	5	80	4	2	77
R28YRS	ET061056	2	1	25	1997	1997	5	80	4	2	77
R28YRS	ET061056	3	1	25	1996	1996	5	80	4	2	77
R28YRS	ET061057	1	4	25	1994	1998	4	80	2	2	77
R28YRS	ET061058	1	4	25	1995	1998	5	80	3	1	77
R28YRS	ET061059	1	4	25	1997	1998	4	80	3	2	1
R28YRS	ET061059	2	5	13	1998	99	4	80	4	3	4
R28YRS	ET071001	1	8	6	1993	99	4	2	4	3	77
R28YRS	ET071001	2	7	6	1993	99	5	80	5	3	77
R28YRS	ET071002	1	4	25	1998	1998	6	80	4	1	2
R28YRS	ET071003	1	5	25	1995	99	4	2	4	4	77
R28YRS	ET071004	1	4	77	1997	1999	77	1	5	1	2
R28YRS	ET071004	2	5	15	1998	1999	5	1	4	2	77
R28YRS	ET071004	3	14	25	1995	1999	4	1	5	1	77
R28YRS	ET071004	4	14	29	1994	1999	4	1	5	1	77
R28YRS	ET071005	1	4	25	1996	99	3	80	5	1	77
R28YRS	ET071006	1	4	11	1998	1998	1	2	3	2	3
R28YRS	ET071006	2	5	25	1997	1998	4	80	4	4	1
R28YRS	ET071007	1	15	11	1999	1999	1	80	4	5	1
R28YRS	ET071007	2	8	6	1999	99	5	80	4	3	77
R28YRS	ET071007	3	7	6	1999	99	5	80	4	3	77
R28YRS	ET071008	1	4	11	1997	1997	2	1	4	2	77
R28YRS	ET071009	1	4	22	1997	1998	5	80	4	99	99
R28YRS	ET071010	1	4	25	1998	1999	5	80	2	2	77
R28YRS	ET071011	1	4	25	1998	1999	6	2	4	1	4
R28YRS	ET071011	2	4	11	1996	1997	5	3	3	2	4
R28YRS	ET071011	3	12	29	1997	1998	4	80	1	1	4
R28YRS	ET071012	1	4	25	1997	1997	3	80	4	1	2
R28YRS	ET071012	2	4	11	1994	1995	5	80	4	1	2
R28YRS	ET071012	3	4	19	1996	1996	3	80	4	1	2
R28YRS	ET071013	1	3	25	1997	99	4	1	4	2	1
R28YRS	ET071014	1	4	22	1996	1996	4	80	2	1	2
R28YRS	ET071014	2	14	25	1994	1994	4	80	2	1	2
R28YRS	ET071015	1	15	11	1998	99	4	80	3	2	4
R28YRS	ET071016	1	1	5	1998	1999	4	1	3	2	4
R28YRS	ET071017	1	14	29	1994	1999	4	80	5	1	77
R28YRS	ET071017	2	14	30	1998	1999	4	80	5	1	77
R28YRS	ET071018	1	4	30	1998	99	2	80	1	1	2
R28YRS	ET071020	1	4	11	1998	1998	1	80	4	1	2
R28YRS	ET071021	1	15	25	1998	1999	77	80	5	5	77
R28YRS	ET071022	1	4	11	1997	1997	6	80	4	1	2
R28YRS	ET071024	1	4	25	1998	1998	4	1	5	1	2
R28YRS	ET071024	2	4	25	1998	99	4	1	5	1	2
R28YRS	ET071024	3	5	25	1993	99	1	1	5	1	2
R28YRS	ET071025	1	4	29	1996	1994	4	80	2	2	1
R28YRS	ET071025	2	5	25	1997	99	4	80	4	4	1
R28YRS	ET071026	1	15	29	1998	1999	2	80	1	1	2
R28YRS	ET071026	2	8	6	1998	99	5	80	1	3	77
R28YRS	ET071027	1	4	25	1998	1998	3	80	4	1	2
R28YRS	ET071027	2	4	29	1994	1995	3	80	4	1	2
R28YRS	ET071028	1	4	30	1998	1998	5	80	4	1	2
R28YRS	ET071028	2	4	25	1997	1997	5	80	2	1	77
R28YRS	ET071028	3	1	30	1994	1996	6	80	1	1	2
R28YRS	ET071029	1	4	30	1997	1998	5	80	4	2	77
R28YRS	ET071030	1	4	30	1998	1998	4	80	2	1	2
R28YRS	ET071030	2	4	30	1995	1995	5	80	1	1	77
R28YRS	ET071032	1	8	6	1998	99	6	80	4	3	77
R28YRS	ET071032	2	7	6	1998	99	6	80	4	3	77
R28YRS	ET071032	3	12	25	1998	99	4	80	4	3	77
R28YRS	ET071033	1	5	13	1995	99	4	80	4	1	2
R28YRS	ET071033	2	8	6	1993	99	4	2	4	3	77
R28YRS	ET071033	3	7	6	1993	99	4	80	4	3	77
R28YRS	ET071034	1	14	11	1995	1996	5	80	4	2	77
R28YRS	ET071034	2	15	29	1996	99	5	80	5	5	8
R28YRS	ET071035	1	4	25	1997	1998	6	80	4	2	77
R28YRS	ET071036	1	4	25	1997	1998	5	80	4	2	77
R28YRS	ET071037	1	4	25	1998	1998	4	80	5	1	2
R28YRS	ET071038	1	3	24	1998	1999	4	1	4	1	2
R28YRS	ET071038	2	4	13	1995	1999	4	1	5	2	77
R28YRS	ET071038	3	14	25	1993	1999	4	1	5	1	77
R28YRS	ET071038	4	14	29	1994	1999	4	1	5	1	77
R28YRS	ET071039	1	4	11	1996	1996	3	80	4	1	2
R28YRS	ET071040	1	4	25	1998	1999	6	1	4	1	77
R28YRS	ET071040	2	4	11	1996	1997	5	1	3	2	77
R28YRS	ET071040	3	77	5	1997	99	4	1	1	1	4
R28YRS	ET071041	1	4	25	1995	1997	4	1	4	2	77
R28YRS	ET071042	1	4	25	1997	1998	5	80	4	2	77
R28YRS	ET071043	1	4	25	1998	99	4	1	4	1	77
R28YRS	ET071043	2	5	25	1998	99	4	1	4	1	77
R28YRS	ET071045	1	6	25	1998	99	6	80	4	1	2
R28YRS	ET071047	1	14	25	1995	1999	4	80	5	1	77
R28YRS	ET071047	2	14	29	1993	1999	4	80	5	1	77
R28YRS	ET071049	1	14	29	1994	1999	4	80	5	1	77
R28YRS	ET071049	2	14	29	1995	1999	4	80	5	1	77
R28YRS	ET071050	1	4	11	1997	1998	6	80	4	2	1
R28YRS	ET071050	2	5	25	1996	99	4	80	4	1	2
R28YRS	ET081002	1	3	15	1998	99	6	80	4	4	2
R28YRS	ET081003	1	1	24	1997	99	1	80	4	2	1
R28YRS	ET081004	1	3	15	1998	99	6	80	3	2	4
R28YRS	ET081005	1	3	15	1998	99	6	80	4	1	2
R28YRS	ET081006	1	3	77	1998	99	5	80	4	2	77
R28YRS	ET081007	1	3	24	1998	1999	6	80	4	4	5
R28YRS	ET081007	2	10	77	1999	99	4	80	5	7	2
R28YRS	ET081008	1	3	15	1998	99	5	80	4	2	4
R28YRS	ET081008	2	12	24	1998	1998	1	80	4	7	1
R28YRS	ET081009	1	3	15	1998	99	6	80	3	2	4
R28YRS	ET081010	1	3	15	1998	99	6	80	4	2	4
R28YRS	ET081011	1	3	15	1998	99	6	80	2	1	4
R28YRS	ET081012	1	3	77	1998	99	6	80	5	2	77
R28YRS	ET081013	1	3	15	1998	99	6	80	3	1	2
R28YRS	ET081014	1	3	77	1998	99	6	80	5	2	7
R28YRS	ET081015	1	4	77	1996	1997	6	2	2	2	77
R28YRS	ET081015	2	3	15	1998	99	6	80	5	4	2
R28YRS	ET081016	1	12	24	1998	1999	4	80	4	1	77
R28YRS	ET081016	2	3	15	1998	99	6	80	4	2	4
R28YRS	ET081017	1	5	1	1998	1998	1	1	4	2	1
R28YRS	ET081017	2	3	15	1998	1999	6	80	1	1	2
R28YRS	ET081018	1	3	77	1998	1999	6	80	4	2	77
R28YRS	ET081019	1	3	15	1998	99	6	80	4	4	77
R28YRS	ET081019	2	5	1	1996	1996	4	80	4	4	77
R28YRS	ET081020	1	3	15	1998	1998	6	80	2	2	4
R28YRS	ET081020	2	5	24	1999	99	7	2	4	2	77
R28YRS	ET081021	1	3	77	1998	99	6	80	5	2	77
R28YRS	ET081022	1	3	77	1998	1999	6	8	4	2	77
R28YRS	ET081023	1	3	77	1998	99	5	80	4	2	77
R28YRS	ET081023	2	5	77	1998	1998	4	80	4	4	77
R28YRS	ET081024	1	3	15	1998	99	6	80	4	2	1
R28YRS	ET081024	2	14	77	1998	1998	7	80	4	2	77
R28YRS	ET081025	1	3	77	1999	99	5	80	4	4	3
R28YRS	ET081026	1	3	15	1998	1999	6	80	4	2	77
R28YRS	ET081027	1	3	15	1998	1999	3	80	4	1	3
R28YRS	ET081028	1	3	77	1995	1996	6	80	2	2	3
R28YRS	ET081028	2	3	77	1998	99	6	80	2	2	3
R28YRS	ET081029	1	12	77	1998	1998	4	1	2	3	77
R28YRS	ET081029	2	3	15	1998	99	6	80	5	2	4
R28YRS	ET081031	1	3	15	1998	1999	5	80	5	7	2
R28YRS	ET081031	2	5	24	1998	1998	4	80	2	9	77
R28YRS	ET081032	1	3	15	1998	99	6	80	4	2	4
R28YRS	ET081032	2	14	15	1997	1998	6	80	4	1	2
R28YRS	ET081033	1	5	24	1996	1996	4	80	5	2	77
R28YRS	ET081034	1	4	15	1998	1999	6	1	4	2	77
R28YRS	ET081035	1	3	77	1998	1999	6	80	4	4	77
R28YRS	ET081036	1	3	77	1998	99	4	80	4	4	2
R28YRS	ET081036	2	14	77	1995	1996	6	80	4	2	1
R28YRS	ET081037	1	3	77	1998	99	6	80	4	2	1
R28YRS	ET081039	1	14	77	1993	1995	6	80	4	1	2
R28YRS	ET081039	2	3	77	1998	99	6	80	5	7	77
R28YRS	ET081040	1	3	77	1998	99	6	80	4	2	77
R28YRS	ET081041	1	3	15	1998	1999	6	80	5	4	7
R28YRS	ET081041	2	5	24	1998	1998	4	80	2	9	77
R28YRS	ET081042	1	3	77	1998	99	6	80	4	2	77
R28YRS	ET081043	1	3	24	1998	99	5	80	4	4	2
R28YRS	ET081044	1	3	77	1998	1999	6	80	4	2	77
R28YRS	ET081045	1	3	77	1998	99	5	80	5	2	77
R28YRS	ET081045	2	5	77	1998	1998	1	80	4	4	77
R28YRS	ET081046	1	3	77	1998	99	6	80	4	2	77
R28YRS	ET081047	1	3	77	1998	1999	6	80	4	2	77
R28YRS	ET081048	1	4	15	1998	99	6	80	5	5	2
R28YRS	ET081048	2	5	13	1998	1998	4	1	4	3	77
R28YRS	ET081049	1	3	77	1998	99	6	80	5	2	77
R28YRS	ET081050	1	3	77	1998	99	6	80	4	2	77
R28YRS	ET091002	1	14	8	1995	1999	6	80	4	1	77
R28YRS	ET091003	1	14	8	1995	99	6	80	4	1	77
R28YRS	ET091004	1	12	8	1997	1998	6	80	3	3	5
R28YRS	ET091004	2	4	8	1995	1996	6	80	4	1	2
R28YRS	ET091004	3	4	8	1998	1998	6	80	3	1	2
R28YRS	ET091005	1	14	8	1995	1999	6	80	4	1	77
R28YRS	ET091006	1	7	6	1995	1996	6	80	3	3	5
R28YRS	ET091006	2	4	8	1995	1996	4	80	3	2	1
R28YRS	ET091006	3	1	5	1995	99	4	80	3	2	77
R28YRS	ET091008	1	14	15	1995	99	6	80	3	2	77
R28YRS	ET091008	2	4	8	1995	99	4	80	3	2	77
R28YRS	ET091008	3	8	6	1996	1998	4	80	3	5	3
R28YRS	ET091009	1	14	8	1995	1996	1	80	2	7	8
R28YRS	ET091011	1	14	8	1997	1999	6	80	1	1	77
R28YRS	ET091012	1	1	5	1995	99	4	80	3	2	77
R28YRS	ET091012	2	4	8	1995	1997	4	80	3	2	1
R28YRS	ET091012	3	7	6	1995	1996	6	80	3	3	5
R28YRS	ET091013	1	14	8	1995	1996	6	80	4	2	5
R28YRS	ET091013	2	12	8	1998	1998	6	8	4	5	77
R28YRS	ET091014	1	4	8	1998	1999	6	80	4	2	1
R28YRS	ET091015	1	4	77	1998	99	5	80	4	2	77
R28YRS	ET091015	2	4	77	1995	1996	6	80	3	2	3
R28YRS	ET091016	1	14	8	1995	1997	4	80	3	2	77
R28YRS	ET091016	2	7	6	1995	99	6	80	5	3	5
R28YRS	ET091016	3	5	5	1995	99	4	80	3	2	77
R28YRS	ET091017	1	1	5	1995	1996	4	80	3	2	77
R28YRS	ET091017	2	4	8	1995	1996	4	80	3	2	1
R28YRS	ET091017	3	7	6	1994	99	6	80	3	3	5
R28YRS	ET091018	1	14	8	1995	1996	6	80	5	1	2
R28YRS	ET091019	1	14	8	1995	1999	6	80	5	1	77
R28YRS	ET091020	1	12	8	1997	1998	6	80	3	3	5
R28YRS	ET091020	2	4	8	1995	1996	6	80	4	1	2
R28YRS	ET091021	1	3	8	1997	99	6	1	4	2	77
R28YRS	ET091021	2	1	8	1997	99	1	1	4	4	77
R28YRS	ET091021	3	4	77	1995	1996	6	80	4	2	7
R28YRS	ET091022	1	14	8	1995	1996	6	80	4	2	5
R28YRS	ET091023	1	14	8	1995	99	6	80	5	1	77
R28YRS	ET091024	1	4	77	1995	1996	6	80	3	1	2
R28YRS	ET091024	2	4	8	1997	1998	6	80	3	1	2
R28YRS	ET091025	1	14	8	1995	1995	4	80	5	1	2
R28YRS	ET091026	1	14	8	1995	1996	6	80	5	1	2
R28YRS	ET091026	2	12	8	1998	99	6	80	4	5	3
R28YRS	ET091027	1	14	8	1998	1999	6	80	4	1	77
R28YRS	ET091028	1	5	5	1995	1996	4	80	3	2	77
R28YRS	ET091028	2	7	6	1995	99	6	80	5	5	3
R28YRS	ET091028	3	14	10	1995	99	4	80	3	2	77
R28YRS	ET091029	1	14	8	1998	1999	6	80	4	1	77
R28YRS	ET091030	1	12	8	1998	1999	6	80	3	3	5
R28YRS	ET091030	2	4	8	1995	1996	6	80	4	2	1
R28YRS	ET091031	1	14	8	1995	1996	6	80	5	1	2
R28YRS	ET091031	2	12	8	1998	1999	6	80	3	5	3
R28YRS	ET091032	1	9	6	1999	99	79	80	4	5	77
R28YRS	ET091032	2	1	5	1994	99	5	80	4	4	77
R28YRS	ET091032	3	5	15	1994	99	5	80	4	3	77
R28YRS	ET091033	1	14	8	1995	1996	6	80	4	2	3
R28YRS	ET091033	2	12	8	1998	1998	6	80	4	5	3
R28YRS	ET091034	1	14	8	1995	1996	6	80	4	1	77
R28YRS	ET091036	1	14	8	1995	1996	6	80	5	1	2
R28YRS	ET091036	2	12	8	1996	1996	6	80	3	5	3
R28YRS	ET091038	1	14	8	1995	1996	4	80	4	2	5
R28YRS	ET091039	1	14	8	1995	1996	6	80	5	2	1
R28YRS	ET091039	2	12	8	1998	1999	6	80	4	3	5
R28YRS	ET091040	1	1	6	1994	99	5	80	5	5	3
R28YRS	ET091040	2	8	6	1995	99	6	80	5	5	3
R28YRS	ET091040	3	14	8	1995	1996	6	80	5	2	77
R28YRS	ET091040	4	12	8	1998	1998	6	80	4	5	77
R28YRS	ET091041	1	14	8	1994	99	6	80	4	1	77
R28YRS	ET091042	1	4	8	1995	1997	4	80	3	2	77
R28YRS	ET091042	2	5	5	1995	1996	4	80	3	2	77
R28YRS	ET091042	3	7	6	1994	99	6	80	5	3	5
R28YRS	ET091042	4	8	6	1996	1998	6	80	3	5	3
R28YRS	ET091044	1	14	8	1995	1995	6	80	4	2	77
R28YRS	ET091045	1	14	8	1995	99	6	80	5	1	77
R28YRS	ET091048	1	14	8	1995	1999	6	80	4	1	77
R28YRS	ET091049	1	4	8	1995	1998	4	80	3	2	77
R28YRS	ET091049	2	5	5	1995	99	4	80	3	2	77
R28YRS	ET091049	3	7	6	1995	99	6	80	5	3	5
R28YRS	ET091050	1	14	8	1997	1999	6	80	4	1	77
R28YRS	ET101001	1	12	15	1993	99	6	5	5	2	4
R28YRS	ET101001	2	5	13	1998	99	4	80	4	2	1
R28YRS	ET101002	1	7	6	1993	99	6	2	4	5	77
R28YRS	ET101002	2	5	13	1993	99	6	1	77	9	77
R28YRS	ET101002	3	8	6	1993	99	5	2	3	5	3
R28YRS	ET101003	1	12	15	1997	99	6	3	4	4	2
R28YRS	ET101004	1	14	5	1998	1999	4	1	5	2	77
R28YRS	ET101004	2	8	6	1993	1999	5	1	5	3	77
R28YRS	ET101005	1	8	6	1997	1999	5	2	4	1	77
R28YRS	ET101005	2	5	13	1998	1999	5	2	5	2	77
R28YRS	ET101006	1	12	15	1994	99	5	3	4	2	77
R28YRS	ET101008	1	7	6	1997	99	6	3	4	5	77
R28YRS	ET101008	2	12	15	1993	99	6	0	4	4	2
R28YRS	ET101009	1	14	15	1998	99	6	0	4	2	4
R28YRS	ET101010	1	5	15	1995	99	4	80	5	9	77
R28YRS	ET101010	2	7	15	1997	99	3	80	5	5	77
R28YRS	ET101011	1	13	5	1995	1999	5	2	5	4	77
R28YRS	ET101011	2	8	6	1998	1999	3	2	4	3	77
R28YRS	ET101011	3	5	5	1998	99	5	2	4	2	77
R28YRS	ET101012	1	5	15	1998	99	4	80	4	2	9
R28YRS	ET101012	2	7	6	1997	99	3	80	4	5	3
R28YRS	ET101012	3	8	6	1998	99	3	2	4	5	3
R28YRS	ET101015	1	5	13	1998	1999	5	2	4	2	77
R28YRS	ET101017	1	12	15	1996	99	6	0	3	4	6
R28YRS	ET101017	2	5	13	1998	99	4	80	3	2	77
R28YRS	ET101018	1	5	1	1996	1997	4	80	4	2	1
R28YRS	ET101019	1	8	6	1995	99	3	2	5	3	77
R28YRS	ET101019	2	5	13	1998	1999	5	2	5	2	4
R28YRS	ET101020	1	14	15	1994	99	5	0	4	4	5
R28YRS	ET101021	1	7	6	1993	99	6	80	4	3	5
R28YRS	ET101021	2	5	5	1998	99	4	80	3	1	2
R28YRS	ET101022	1	12	15	1993	99	4	4	5	2	4
R28YRS	ET101022	2	5	13	1993	99	4	1	1	1	2
R28YRS	ET101022	3	7	6	1995	99	2	1	1	5	77
R28YRS	ET101022	4	8	6	1995	99	6	2	2	5	77
R28YRS	ET101023	1	14	15	1996	99	6	4	4	2	1
R28YRS	ET101023	2	12	15	1996	99	6	4	4	4	77
R28YRS	ET101024	1	8	6	1994	99	6	2	4	3	5
R28YRS	ET101024	2	11	6	1994	99	6	2	2	3	5
R28YRS	ET101024	3	7	6	1996	99	6	1	3	3	5
R28YRS	ET101027	1	7	6	1993	99	6	80	4	3	5
R28YRS	ET101027	2	8	6	1993	99	4	2	4	5	3
R28YRS	ET101027	3	14	15	1993	99	5	14	4	2	4
R28YRS	ET101028	1	8	6	1995	99	6	3	3	3	5
R28YRS	ET101028	2	7	6	1997	99	6	3	2	3	5
R28YRS	ET101028	3	5	13	1997	99	4	1	3	2	4
R28YRS	ET101029	1	14	15	1999	99	6	80	4	2	77
R28YRS	ET101030	1	13	14	1996	99	77	2	4	5	77
R28YRS	ET101031	1	5	13	1999	99	4	80	5	9	77
R28YRS	ET101034	1	7	6	1993	99	6	80	1	3	77
R28YRS	ET101034	2	8	6	1995	99	6	2	1	3	5
R28YRS	ET101034	3	5	13	1997	99	6	2	1	1	2
R28YRS	ET101036	1	12	15	1993	99	4	0	1	2	4
R28YRS	ET101036	2	8	6	1995	99	6	1	2	3	5
R28YRS	ET101036	3	7	6	1997	99	6	1	1	3	5
R28YRS	ET101037	1	12	15	1993	99	6	2	1	1	4
R28YRS	ET101038	1	14	15	1993	99	4	80	5	4	1
R28YRS	ET101038	2	8	6	1998	1999	6	2	5	3	6
R28YRS	ET101040	1	12	15	1993	99	4	4	4	2	4
R28YRS	ET101040	2	7	6	1997	99	6	3	1	5	3
R28YRS	ET101040	3	8	15	1993	99	6	3	1	3	77
R28YRS	ET101041	1	7	6	1994	99	6	1	99	5	3
R28YRS	ET101041	2	8	6	1994	99	6	1	99	5	3
R28YRS	ET101042	1	12	15	1993	99	4	6	5	2	4
R28YRS	ET101042	2	7	5	1993	99	4	1	4	3	5
R28YRS	ET101042	3	8	6	1994	99	6	2	5	3	5
R28YRS	ET101042	4	5	5	1993	99	4	80	4	9	77
R28YRS	ET101043	1	14	15	1993	99	6	80	4	2	77
R28YRS	ET101043	2	13	6	1995	99	5	1	4	5	77
R28YRS	ET101044	1	14	15	1993	99	6	0	4	2	4
R28YRS	ET101044	2	13	14	1993	99	5	80	4	4	77
R28YRS	ET101044	3	8	6	1993	99	6	2	4	3	5
R28YRS	ET101044	4	7	6	1993	99	6	2	4	3	5
R28YRS	ET101045	1	14	15	1993	99	5	3	4	2	4
R28YRS	ET101049	1	8	30	1997	99	6	2	5	3	77
R28YRS	ET101050	1	12	15	1994	99	6	15	4	1	4
R28YRS	ET101050	2	7	6	1996	99	6	1	4	3	5
R28YRS	ET101050	3	8	6	1996	99	6	1	4	3	5
R28YRS	ET111001	1	7	6	1994	99	6	80	4	3	5
R28YRS	ET111001	2	8	6	1994	99	6	2	4	3	77
R28YRS	ET111001	3	5	13	1997	99	4	1	4	2	77
R28YRS	ET111002	1	8	6	1993	99	5	1	4	8	77
R28YRS	ET111002	2	5	13	1999	99	4	1	4	2	77
R28YRS	ET111003	1	5	1	1998	99	4	80	4	2	77
R28YRS	ET111004	1	9	6	1997	99	5	2	5	8	77
R28YRS	ET111004	2	5	1	1998	99	4	1	4	3	77
R28YRS	ET111005	1	7	6	1994	99	6	80	4	3	5
R28YRS	ET111005	2	8	6	1994	99	6	2	4	2	8
R28YRS	ET111005	3	5	13	1996	99	4	1	2	2	77
R28YRS	ET111006	1	5	13	1996	99	3	4	4	2	1
R28YRS	ET111007	1	7	6	1997	99	5	1	4	4	77
R28YRS	ET111007	2	5	5	1998	99	4	1	4	2	77
R28YRS	ET111008	1	8	6	1996	99	5	2	4	8	77
R28YRS	ET111008	2	5	5	1998	99	4	1	77	2	77
R28YRS	ET111009	1	1	5	1993	99	6	1	4	1	2
R28YRS	ET111009	2	8	6	1995	99	6	80	4	4	3
R28YRS	ET111009	3	9	6	1995	99	6	2	2	5	77
R28YRS	ET111009	4	7	6	1995	99	6	80	4	4	77
R28YRS	ET111009	5	5	13	1993	1994	6	1	2	2	77
R28YRS	ET111010	1	7	6	1994	99	5	2	3	3	5
R28YRS	ET111010	2	8	6	1994	99	5	2	3	3	5
R28YRS	ET111010	3	5	1	1998	99	4	80	3	1	2
R28YRS	ET111011	1	7	6	1996	99	6	2	4	3	5
R28YRS	ET111011	2	8	6	1996	99	6	2	4	3	5
R28YRS	ET111011	3	5	1	1994	99	4	1	3	2	1
R28YRS	ET111012	1	8	6	1997	99	5	2	5	8	77
R28YRS	ET111012	2	5	13	1998	99	4	1	4	2	77
R28YRS	ET111013	1	5	13	1998	99	4	1	4	2	77
R28YRS	ET111015	1	8	6	1993	99	5	2	5	8	77
R28YRS	ET111015	2	7	6	1993	99	5	2	5	5	77
R28YRS	ET111015	3	5	5	1998	99	4	1	5	2	1
R28YRS	ET111015	4	5	13	1998	99	4	1	4	1	2
R28YRS	ET111016	1	5	1	1994	99	4	4	1	1	2
R28YRS	ET111016	2	7	6	1993	99	6	6	2	3	5
R28YRS	ET111016	3	8	6	1993	99	6	6	2	3	5
R28YRS	ET111017	1	8	6	1998	99	5	2	5	8	77
R28YRS	ET111018	1	7	6	1994	99	6	1	4	5	3
R28YRS	ET111018	2	8	6	1994	99	6	1	4	3	5
R28YRS	ET111018	3	5	1	1998	99	4	1	5	1	2
R28YRS	ET111020	1	8	6	1998	99	5	2	4	8	77
R28YRS	ET111020	2	9	6	1999	99	5	1	5	5	77
R28YRS	ET111020	3	5	1	1998	99	4	0	4	2	77
R28YRS	ET111021	1	5	1	1998	99	4	1	1	2	77
R28YRS	ET111022	1	8	6	1993	99	4	2	4	4	3
R28YRS	ET111022	2	7	6	1995	99	5	80	5	5	3
R28YRS	ET111023	1	5	13	1997	99	3	1	4	1	5
R28YRS	ET111024	1	8	6	1996	99	6	1	4	3	5
R28YRS	ET111024	2	7	6	1996	99	6	1	4	3	5
R28YRS	ET111025	1	8	6	1997	99	5	2	4	3	77
R28YRS	ET111025	2	5	13	1994	99	4	80	5	2	77
R28YRS	ET111027	1	7	6	1995	99	4	9	4	3	5
R28YRS	ET111027	2	6	6	1995	99	4	9	4	3	5
R28YRS	ET111028	1	7	6	1998	99	6	2	3	3	5
R28YRS	ET111028	2	8	6	1998	99	6	2	3	3	5
R28YRS	ET111028	3	5	1	1999	99	4	1	3	2	77
R28YRS	ET111029	1	5	13	1996	99	3	1	4	2	77
R28YRS	ET111030	1	8	6	1995	99	5	2	5	8	77
R28YRS	ET111030	2	5	1	1998	99	4	1	5	2	77
R28YRS	ET111031	1	1	5	1993	99	6	1	5	2	1
R28YRS	ET111031	2	5	13	1995	99	4	1	4	2	77
R28YRS	ET111031	3	7	6	1993	99	6	80	4	5	77
R28YRS	ET111031	4	2	6	1998	99	6	80	4	5	77
R28YRS	ET111031	5	9	6	1996	99	6	80	4	5	77
R28YRS	ET111033	1	8	6	1995	99	5	2	5	8	77
R28YRS	ET111034	1	8	6	1996	99	5	2	4	8	77
R28YRS	ET111035	1	7	6	1993	99	6	80	4	3	5
R28YRS	ET111035	2	8	6	1993	99	6	80	4	5	5
R28YRS	ET111036	1	1	5	1994	99	6	3	4	1	77
R28YRS	ET111036	2	13	6	1996	99	5	1	4	5	77
R28YRS	ET111036	3	5	5	1998	99	5	3	4	2	77
R28YRS	ET111037	1	5	1	1998	99	4	1	4	2	1
R28YRS	ET111038	1	7	6	1995	99	6	2	4	3	5
R28YRS	ET111038	2	8	6	1995	99	6	2	4	3	5
R28YRS	ET111038	3	5	5	1998	99	4	80	5	1	2
R28YRS	ET111040	1	8	6	1994	99	5	2	5	8	77
R28YRS	ET111040	2	5	13	1998	99	4	2	4	2	77
R28YRS	ET111041	1	7	6	1998	99	6	7	3	3	5
R28YRS	ET111041	2	8	6	1998	99	6	17	3	3	5
R28YRS	ET111042	1	5	1	1998	99	4	1	4	1	2
R28YRS	ET111042	2	7	6	1994	99	6	2	5	3	5
R28YRS	ET111042	3	8	6	1994	99	6	2	5	3	5
R28YRS	ET111046	1	7	6	1995	99	6	1	4	3	5
R28YRS	ET111046	2	8	6	1995	99	6	1	4	3	5
R28YRS	ET111046	3	5	5	1998	99	4	1	5	1	2
R28YRS	ET111047	1	5	13	1993	1995	4	1	2	2	77
R28YRS	ET111048	1	7	6	1993	99	5	5	4	3	5
R28YRS	ET111048	2	8	6	1993	99	5	5	4	3	5
R28YRS	ET111048	3	5	13	1998	99	4	1	4	1	2
R28YRS	ET121001	1	14	15	1997	99	4	2	5	2	3
R28YRS	ET121003	1	14	15	1998	1998	5	15	3	5	2
R28YRS	ET121005	1	14	15	1998	99	5	15	3	1	77
R28YRS	ET121009	1	14	15	1998	1999	4	17	5	2	77
R28YRS	ET121009	2	1	5	1994	99	4	80	4	2	77
R28YRS	ET121009	3	9	6	1995	99	4	80	4	2	77
R28YRS	ET121012	1	14	15	1996	1996	4	80	3	3	77
R28YRS	ET121014	1	14	15	1999	1999	3	2	4	3	77
R28YRS	ET121025	1	14	15	1999	99	5	17	3	1	77
R28YRS	ET121026	1	14	15	1999	1999	4	17	4	2	77
R28YRS	ET121030	1	14	15	1998	1999	3	15	4	1	2
R28YRS	ET121047	1	14	15	1998	1998	5	2	4	1	2
R28YRS	ET121054	1	14	15	1998	99	5	80	4	1	5
R28YRS	ET131001	1	14	23	1994	1994	7	80	1	2	77
R28YRS	ET131001	2	14	15	1996	1996	7	80	2	2	1
R28YRS	ET131003	1	14	77	1995	1995	4	80	2	1	2
R28YRS	ET131005	1	6	21	1998	99	6	2	2	5	4
R28YRS	ET131005	2	5	13	1993	99	4	1	4	4	7
R28YRS	ET131006	1	9	6	1997	99	6	80	4	5	77
R28YRS	ET131006	2	8	6	1997	99	5	80	4	3	5
R28YRS	ET131006	3	7	6	1997	99	6	80	4	3	5
R28YRS	ET131006	4	11	6	1997	99	6	80	4	3	77
R28YRS	ET131006	5	4	77	1996	1997	4	80	4	2	1
R28YRS	ET131007	1	7	6	1996	99	77	80	4	5	77
R28YRS	ET131007	2	8	6	1993	99	77	80	4	5	77
R28YRS	ET131007	3	9	6	1993	99	77	80	3	3	77
R28YRS	ET131007	4	11	11	1993	99	77	80	3	5	77
R28YRS	ET131007	5	5	13	1993	99	5	80	4	2	1
R28YRS	ET131009	1	7	6	1993	99	6	80	4	3	77
R28YRS	ET131009	2	8	6	1993	99	6	80	3	5	3
R28YRS	ET131009	3	9	6	1993	99	6	80	4	5	77
R28YRS	ET131009	4	11	6	1993	99	6	80	4	5	77
R28YRS	ET131012	1	7	6	1993	99	77	80	4	3	77
R28YRS	ET131012	2	8	6	1993	99	77	80	4	3	5
R28YRS	ET131014	1	5	13	1996	99	5	80	4	9	77
R28YRS	ET131014	2	7	6	1994	99	77	80	4	5	77
R28YRS	ET131014	3	8	6	1994	99	77	80	4	5	77
R28YRS	ET131014	4	9	6	1993	99	77	80	3	3	5
R28YRS	ET131014	5	11	6	1993	99	77	80	3	5	3
R28YRS	ET131016	1	4	5	1993	1994	5	80	2	1	2
R28YRS	ET131020	1	14	5	1995	1995	4	80	2	8	7
R28YRS	ET131020	2	7	6	1995	99	5	80	5	5	3
R28YRS	ET131020	3	5	13	1998	99	4	80	5	7	8
R28YRS	ET131022	1	8	6	1996	99	6	80	3	3	77
R28YRS	ET131025	1	7	6	1993	99	6	80	4	3	77
R28YRS	ET131025	2	8	6	1993	99	5	80	3	3	5
R28YRS	ET131025	3	11	6	1993	99	6	80	4	5	77
R28YRS	ET131026	1	4	15	1998	99	4	80	2	7	8
R28YRS	ET131026	2	7	6	1998	99	6	80	5	5	3
R28YRS	ET131027	1	7	6	1993	99	6	80	4	5	77
R28YRS	ET131027	2	8	6	1993	99	6	80	4	3	77
R28YRS	ET131027	3	9	6	1993	99	6	80	4	1	2
R28YRS	ET131027	4	11	6	1993	99	6	80	3	5	77
R28YRS	ET131027	5	13	6	1993	99	5	80	4	3	5
R28YRS	ET131028	1	14	15	1997	99	5	16	2	2	77
R28YRS	ET131028	2	14	15	1998	99	4	16	2	2	77
R28YRS	ET131029	1	6	8	1993	1997	5	0	5	5	4
R28YRS	ET131032	1	7	6	1993	99	5	80	4	3	77
R28YRS	ET131032	2	8	6	1993	99	6	80	4	5	3
R28YRS	ET131032	3	11	6	1993	99	6	80	4	5	77
R28YRS	ET131034	1	5	13	1996	99	4	80	2	9	77
R28YRS	ET131034	2	7	6	1993	99	6	80	3	3	5
R28YRS	ET131034	3	8	6	1993	99	6	80	3	3	5
R28YRS	ET131034	4	11	6	1993	99	6	80	3	3	5
R28YRS	ET131035	1	3	2	1998	99	6	1	3	4	8
R28YRS	ET131035	2	4	22	1997	1997	4	1	2	3	2
R28YRS	ET131035	3	14	22	1997	1997	4	1	2	2	3
R28YRS	ET131037	1	5	13	1996	99	4	1	4	4	5
R28YRS	ET131038	1	14	6	1998	1998	4	2	2	1	5
R28YRS	ET131038	2	7	6	1999	99	4	80	5	5	3
R28YRS	ET131039	1	7	6	1993	99	6	80	4	2	5
R28YRS	ET131039	2	8	6	1993	99	6	80	4	2	5
R28YRS	ET131039	3	9	6	1993	99	6	80	4	2	5
R28YRS	ET131040	1	8	6	1996	99	6	80	4	3	77
R28YRS	ET131040	2	13	12	1997	1998	4	1	4	9	77
R28YRS	ET131041	1	5	13	1993	99	4	1	4	2	5
R28YRS	ET131042	1	7	6	1995	99	6	80	5	5	3
R28YRS	ET131044	1	7	6	1993	99	6	80	5	5	3
R28YRS	ET131047	1	5	13	1993	99	4	80	2	2	77
R28YRS	ET131047	2	7	6	1993	99	6	80	3	3	77
R28YRS	ET131047	3	8	6	1995	99	6	80	3	5	3
R28YRS	ET131047	4	11	6	1995	99	6	80	4	3	77
R28YRS	ET131048	1	5	13	1993	99	4	80	2	2	77
R28YRS	ET131048	2	7	6	1996	99	6	80	3	3	77
R28YRS	ET131048	3	8	6	1996	99	6	80	3	5	77
R28YRS	ET131048	4	9	6	1996	99	6	80	3	5	77
R28YRS	ET131049	1	5	13	1995	99	4	80	3	2	77
R28YRS	ET131049	2	8	6	1994	99	6	80	3	3	77
R28YRS	ET131049	3	7	6	1994	99	6	80	3	3	77
R28YRS	ET131049	4	11	6	1994	99	6	80	3	3	5
R28YRS	ET141001	1	14	8	1998	99	6	2	3	1	2
R28YRS	ET141006	1	5	15	1993	99	4	80	5	2	8
R28YRS	ET141010	1	14	8	1998	99	4	0	3	4	77
R28YRS	ET141013	1	14	15	1999	99	4	4	3	1	3
R28YRS	ET141020	1	14	15	1999	99	5	0	4	2	77
R28YRS	ET141021	1	14	15	1999	1999	4	0	4	2	77
R28YRS	ET141022	1	14	8	1999	1999	4	0	4	2	77
R28YRS	ET141031	1	14	15	1999	99	6	0	2	1	5
R28YRS	ET141031	2	9	15	1999	99	6	0	4	5	77
R28YRS	ET141034	1	14	15	1999	99	6	4	4	4	2
R28YRS	ET151004	1	3	5	1997	99	6	80	3	2	77
R28YRS	ET151004	2	14	5	1996	1997	6	80	4	2	77
R28YRS	ET151008	1	14	5	1997	1998	4	80	4	2	77
R28YRS	ET151010	1	9	6	1998	-77	4	80	4	5	77
R28YRS	ET151010	2	14	5	1993	1995	4	80	4	2	77
R28YRS	ET151012	1	3	5	1998	-77	4	80	2	2	77
R28YRS	ET151012	2	14	5	1995	1996	4	80	4	2	77
R28YRS	ET151012	3	9	6	1998	1999	4	80	4	5	77
R28YRS	ET151015	1	14	6	1997	-77	4	80	3	1	77
R28YRS	ET151016	1	14	15	1997	1997	5	80	1	1	77
R28YRS	ET151018	1	14	15	1997	-77	5	80	1	2	77
R28YRS	ET151019	1	3	5	1997	99	6	80	2	2	77
R28YRS	ET151021	1	9	6	1998	99	5	80	4	5	77
R28YRS	ET151023	1	14	5	1996	1997	77	80	2	1	77
R28YRS	ET151023	2	3	5	1998	1998	77	80	2	2	4
R28YRS	ET151024	1	14	15	1997	1998	4	80	1	2	77
R28YRS	ET151024	2	9	6	1998	99	4	80	4	2	77
R28YRS	ET151026	1	14	15	1997	1998	4	80	2	2	77
R28YRS	ET151028	1	14	5	1998	-77	4	80	4	2	77
R28YRS	ET151033	1	9	6	1999	-77	4	80	1	5	77
R28YRS	ET151034	1	14	5	1997	1998	5	80	2	2	77
R28YRS	ET151041	1	1	5	1993	99	4	80	3	1	2
R28YRS	ET151041	2	2	15	1994	99	5	0	4	3	77
R28YRS	ET151041	3	9	6	1993	99	5	80	4	3	5
R28YRS	ET151041	4	7	6	1993	99	5	80	4	5	3
R28YRS	ET151041	5	15	15	1994	99	3	80	4	7	8
R28YRS	ET151042	1	14	5	1995	-77	4	80	4	2	77
R28YRS	ET151042	2	9	6	1999	-77	4	80	4	5	77
R28YRS	ET151044	1	3	5	1996	99	6	80	4	2	1
R28YRS	ET151044	2	14	22	1996	1996	6	80	2	2	77
R28YRS	ET151045	1	14	5	1995	-77	4	80	2	2	77
R28YRS	ET151049	1	14	5	1998	99	4	80	3	2	77
R28YRS	ET151054	1	3	5	1995	99	6	80	3	2	77
R28YRS	ET151054	2	14	22	1995	1996	6	80	4	2	77
R28YRS	ET151057	1	3	5	1995	99	6	80	4	2	77
R28YRS	ET151057	2	14	22	1995	1996	6	80	3	2	77
R28YRS	ET151064	1	3	5	1997	99	6	80	4	2	77
R28YRS	ET151066	1	3	5	1997	99	6	80	4	2	77
R28YRS	ET151066	2	14	15	1997	1997	4	80	1	2	77
R28YRS	ET151067	1	14	6	1998	-77	4	80	2	1	77
R28YRS	ET151067	2	3	5	1997	99	6	80	2	3	77
R28YRS	ET151068	1	14	6	1998	-77	4	80	2	2	77
R28YRS	ET151068	2	3	5	1997	99	6	80	2	1	77
R28YRS	ET161001	1	3	15	1998	1998	4	80	4	8	7
R28YRS	ET161002	1	7	6	1995	99	4	80	5	5	3
R28YRS	ET161002	2	1	5	1997	99	6	2	4	1	2
R28YRS	ET161002	3	8	6	1997	99	6	2	5	3	5
R28YRS	ET161003	1	5	77	-77	99	77	80	4	2	1
R28YRS	ET161004	1	1	5	1994	99	77	80	3	7	77
R28YRS	ET161004	2	7	6	1994	99	77	80	3	3	77
R28YRS	ET161004	3	8	6	1993	99	77	80	4	3	77
R28YRS	ET161005	1	1	5	1994	99	77	80	4	2	77
R28YRS	ET161005	2	8	6	1995	99	77	80	4	3	77
R28YRS	ET161005	3	15	5	1993	99	77	80	4	1	77
R28YRS	ET161005	4	5	1	1993	99	77	80	4	2	77
R28YRS	ET161005	5	7	6	1994	99	77	80	4	5	77
R28YRS	ET161006	1	7	6	1994	99	77	80	4	3	77
R28YRS	ET161006	2	1	5	1994	1997	77	80	3	2	77
R28YRS	ET161006	3	5	1	1996	1997	77	80	4	2	77
R28YRS	ET161007	1	1	5	1994	99	77	80	4	2	77
R28YRS	ET161007	2	5	5	1995	99	77	80	5	2	77
R28YRS	ET161007	3	9	6	1994	99	77	80	4	5	77
R28YRS	ET161007	4	8	6	1995	99	77	80	4	3	77
R28YRS	ET161009	1	3	77	1997	1998	5	80	2	2	77
R28YRS	ET161009	2	6	15	1997	1998	6	1	4	5	77
R28YRS	ET161010	1	4	22	1993	1997	6	1	2	2	77
R28YRS	ET161010	2	3	22	1997	1998	6	1	2	4	77
R28YRS	ET161010	3	7	5	1993	99	5	1	4	3	77
R28YRS	ET161011	1	5	1	1994	99	77	80	4	2	77
R28YRS	ET161011	2	15	5	1997	1998	77	80	4	1	8
R28YRS	ET161012	1	3	77	1997	99	6	80	4	1	77
R28YRS	ET161012	2	14	77	1998	99	1	17	4	1	5
R28YRS	ET161013	1	14	11	1999	1999	1	80	5	1	3
R28YRS	ET161017	1	1	5	1994	99	77	80	4	2	1
R28YRS	ET161017	2	4	5	1997	1998	77	80	4	2	77
R28YRS	ET161017	3	5	1	1994	1997	77	80	4	2	77
R28YRS	ET161017	4	8	6	1994	99	77	80	4	5	77
R28YRS	ET161017	5	9	6	1994	99	77	80	4	5	77
R28YRS	ET161018	1	4	15	1995	1995	1	80	1	1	77
R28YRS	ET161019	1	7	9	1996	99	4	80	5	5	3
R28YRS	ET161021	1	3	5	1997	1997	6	1	2	4	3
R28YRS	ET161021	2	14	10	1999	99	4	6	4	2	1
R28YRS	ET161022	1	1	5	1996	99	77	80	4	2	77
R28YRS	ET161022	2	5	1	1994	99	77	80	4	2	77
R28YRS	ET161022	3	8	6	1994	99	77	80	4	5	3
R28YRS	ET161022	4	14	6	1998	1998	77	17	4	2	77
R28YRS	ET161022	5	15	5	1995	1997	77	80	4	7	8
R28YRS	ET161023	1	14	15	1998	99	4	2	4	1	2
R28YRS	ET161024	1	1	5	1993	1998	77	80	4	2	77
R28YRS	ET161024	2	8	6	1994	99	77	80	4	3	77
R28YRS	ET161024	3	5	2	1994	99	77	80	4	2	77
R28YRS	ET161025	1	1	1	1993	99	77	80	3	9	77
R28YRS	ET161025	2	4	5	1993	99	4	80	4	2	77
R28YRS	ET161025	3	5	1	1993	99	4	80	3	2	77
R28YRS	ET161025	4	8	6	1993	99	5	80	3	3	77
R28YRS	ET161025	5	7	6	1993	99	5	80	3	3	77
R28YRS	ET161026	1	1	1	1997	1997	4	80	4	2	77
R28YRS	ET161026	2	4	1	1997	1997	4	80	4	2	77
R28YRS	ET161026	3	8	6	1997	99	77	80	4	3	77
R28YRS	ET161027	1	1	5	1998	1998	4	1	4	1	2
R28YRS	ET161027	2	3	22	1998	1998	6	80	2	2	4
R28YRS	ET161027	3	14	28	1997	1997	5	16	2	2	5
R28YRS	ET161028	1	7	6	1996	1997	77	80	4	3	77
R28YRS	ET161028	2	1	5	1993	99	77	80	4	2	77
R28YRS	ET161028	3	5	1	1995	1997	77	80	4	2	77
R28YRS	ET161028	4	15	5	1996	1997	77	80	4	1	8
R28YRS	ET161028	5	14	77	1994	1994	77	80	4	2	77
R28YRS	ET161030	1	8	6	1996	99	6	80	4	1	3
R28YRS	ET161031	1	12	12	1993	99	1	18	2	4	5
R28YRS	ET161032	1	3	22	1998	1998	6	80	4	3	4
R28YRS	ET161032	2	4	22	1997	1997	4	80	2	2	1
R28YRS	ET161032	3	14	28	1998	99	5	15	2	3	2
R28YRS	ET161034	1	3	22	1997	1997	6	1	1	1	3
R28YRS	ET161034	2	4	22	1995	1995	6	1	2	2	4
R28YRS	ET161034	3	8	6	1996	1999	5	80	4	3	5
R28YRS	ET161035	1	14	77	1998	1999	5	1	2	7	8
R28YRS	ET161037	1	8	6	1993	99	77	80	4	3	77
R28YRS	ET161037	2	1	5	1993	99	77	80	3	2	77
R28YRS	ET161037	3	7	6	1993	99	77	80	4	3	77
R28YRS	ET161043	1	1	5	1997	99	6	1	4	2	1
R28YRS	ET161043	2	7	6	1994	99	5	80	5	3	77
R28YRS	ET161043	3	8	6	1996	99	5	2	4	5	3
R28YRS	ET161049	1	8	6	-77	99	6	80	3	5	77
R28YRS	ET161049	2	1	5	-77	99	6	80	3	2	77
R28YRS	ET161049	3	7	6	-77	99	6	80	3	5	77
R28YRS	ET171001	1	1	5	1993	99	6	80	4	4	77
R28YRS	ET171001	2	3	5	1995	99	4	2	4	4	77
R28YRS	ET171001	3	8	6	1993	99	4	2	4	5	77
R28YRS	ET171002	1	1	5	1993	99	5	1	1	2	77
R28YRS	ET171002	2	3	5	1993	99	5	1	1	2	77
R28YRS	ET171002	3	5	13	1998	99	3	1	4	2	77
R28YRS	ET171002	4	8	6	1993	99	5	1	4	5	77
R28YRS	ET171003	1	1	5	1993	99	4	80	4	2	77
R28YRS	ET171003	2	4	5	1997	99	4	80	4	2	77
R28YRS	ET171003	3	9	6	1993	99	6	80	4	5	77
R28YRS	ET171003	4	10	6	1993	99	6	80	4	5	77
R28YRS	ET171005	1	1	5	1993	99	6	80	4	2	77
R28YRS	ET171005	2	5	13	1994	99	4	80	4	2	77
R28YRS	ET171005	3	9	1	1993	99	6	80	4	5	77
R28YRS	ET171005	4	10	6	1993	99	6	80	4	6	77
R28YRS	ET171006	1	1	5	1993	99	5	80	1	1	77
R28YRS	ET171006	2	5	13	1997	99	3	1	4	2	77
R28YRS	ET171006	3	3	5	1997	99	5	80	4	2	77
R28YRS	ET171006	4	8	6	1993	99	5	2	4	5	77
R28YRS	ET171007	1	3	5	1997	99	4	80	4	1	2
R28YRS	ET171007	2	5	13	1997	99	4	80	4	1	2
R28YRS	ET171008	1	1	5	1993	99	4	80	3	2	3
R28YRS	ET171008	2	4	22	1993	99	6	80	5	1	2
R28YRS	ET171008	3	5	13	1997	99	2	80	4	4	2
R28YRS	ET171008	4	7	6	1993	99	4	80	5	3	77
R28YRS	ET171008	5	8	6	1993	99	6	2	5	3	5
R28YRS	ET171009	1	1	5	1993	99	4	80	4	2	77
R28YRS	ET171009	2	5	13	1994	99	4	80	4	2	77
R28YRS	ET171009	3	9	6	1993	99	4	80	4	5	77
R28YRS	ET171009	4	7	6	1993	99	6	80	4	5	77
R28YRS	ET171009	5	8	6	1993	99	6	80	4	5	77
R28YRS	ET171010	1	3	5	1995	99	4	80	4	2	77
R28YRS	ET171010	2	7	6	1993	99	6	80	4	5	77
R28YRS	ET171010	3	5	5	1996	99	4	80	4	4	77
R28YRS	ET171010	4	9	6	1995	99	6	80	4	5	77
R28YRS	ET171011	1	1	5	1996	99	5	80	1	3	77
R28YRS	ET171011	2	3	5	1998	99	5	80	4	2	77
R28YRS	ET171011	3	5	13	1997	99	3	80	4	1	77
R28YRS	ET171011	4	8	6	1993	99	5	2	4	5	77
R28YRS	ET171012	1	3	22	1998	99	6	2	4	8	1
R28YRS	ET171012	2	5	13	1997	99	2	80	3	2	4
R28YRS	ET171012	3	7	6	1993	99	4	80	3	3	77
R28YRS	ET171012	4	9	6	1993	99	6	80	5	3	5
R28YRS	ET171013	1	3	5	1997	99	4	1	4	1	2
R28YRS	ET171014	1	1	5	1993	99	5	80	4	2	77
R28YRS	ET171014	2	3	5	1993	99	5	80	4	2	77
R28YRS	ET171014	3	5	13	1997	99	3	80	4	2	77
R28YRS	ET171014	4	8	6	1993	99	5	6	1	5	77
R28YRS	ET171015	1	1	5	1993	99	5	80	4	2	77
R28YRS	ET171015	2	3	6	1997	99	6	80	4	2	77
R28YRS	ET171015	3	5	13	1993	99	6	80	4	2	77
R28YRS	ET171015	4	9	6	1993	99	6	80	4	1	5
R28YRS	ET171016	1	1	5	1993	99	5	80	4	2	77
R28YRS	ET171016	2	3	5	1993	99	5	80	4	2	77
R28YRS	ET171016	3	5	13	1998	99	3	1	4	2	77
R28YRS	ET171016	4	8	6	1993	99	5	80	4	5	77
R28YRS	ET171017	1	1	5	1993	99	5	80	4	2	77
R28YRS	ET171017	2	3	5	1998	99	3	80	4	2	77
R28YRS	ET171017	3	5	13	1995	99	4	80	4	2	77
R28YRS	ET171017	4	9	6	1993	99	6	80	4	5	77
R28YRS	ET171018	1	1	5	1993	99	6	80	4	1	2
R28YRS	ET171018	2	3	5	1993	99	6	80	4	1	2
R28YRS	ET171018	3	5	13	1997	99	6	80	3	1	2
R28YRS	ET171018	4	7	6	1993	99	6	80	3	5	77
R28YRS	ET171018	5	9	6	1993	99	6	80	3	5	77
R28YRS	ET171019	1	1	5	1993	99	6	80	4	2	77
R28YRS	ET171019	2	3	5	1997	99	6	80	4	2	77
R28YRS	ET171019	3	5	13	1993	99	4	80	4	2	77
R28YRS	ET171020	1	1	5	1993	99	4	80	4	2	77
R28YRS	ET171020	2	3	5	1993	99	4	80	4	2	77
R28YRS	ET171020	3	5	13	1993	99	4	80	4	2	77
R28YRS	ET171020	4	8	6	1993	99	6	80	4	5	77
R28YRS	ET171020	5	9	6	1993	99	6	80	4	5	77
R28YRS	ET171021	1	1	5	1993	99	4	80	3	2	77
R28YRS	ET171021	2	5	13	1998	99	77	80	4	4	2
R28YRS	ET171021	3	7	6	1993	99	4	80	4	3	77
R28YRS	ET171021	4	8	6	1993	99	6	2	3	3	5
R28YRS	ET171021	5	9	6	1993	99	6	80	5	3	5
R28YRS	ET171022	1	1	5	1993	99	6	80	5	1	2
R28YRS	ET171022	2	5	13	1993	99	6	80	5	1	2
R28YRS	ET171022	3	9	6	1993	99	6	80	5	5	77
R28YRS	ET171023	1	1	5	1993	99	6	80	5	1	2
R28YRS	ET171023	2	9	6	1993	99	6	80	5	5	77
R28YRS	ET171023	3	5	13	1993	99	6	80	5	1	2
R28YRS	ET171024	1	1	5	1993	99	5	80	4	1	2
R28YRS	ET171024	2	5	13	1997	99	6	80	4	1	2
R28YRS	ET171024	3	7	6	1993	99	6	80	4	5	77
R28YRS	ET171024	4	8	6	1993	99	6	80	4	5	77
R28YRS	ET171024	5	9	6	1993	99	6	80	4	5	77
R28YRS	ET171025	1	5	13	1997	99	3	80	4	1	2
R28YRS	ET171026	1	1	5	1993	99	6	1	1	2	77
R28YRS	ET171026	2	3	5	1998	99	6	80	1	2	77
R28YRS	ET171026	3	5	13	1993	99	4	1	1	2	77
R28YRS	ET171026	4	7	6	1993	99	6	80	1	5	77
R28YRS	ET171026	5	9	6	1993	99	6	80	1	5	77
R28YRS	ET171027	1	1	5	1993	99	4	80	4	3	77
R28YRS	ET171027	2	5	13	1993	99	4	80	4	3	77
R28YRS	ET171027	3	3	5	1993	99	4	1	4	2	77
R28YRS	ET171027	4	8	6	1995	99	4	2	4	5	77
R28YRS	ET171028	1	3	5	1997	99	4	80	4	1	2
R28YRS	ET171028	2	5	13	1997	99	4	80	4	1	2
R28YRS	ET171029	1	1	5	1996	99	6	80	5	1	2
R28YRS	ET171029	2	9	6	1993	99	6	80	5	5	77
R28YRS	ET171029	3	5	13	1997	99	6	80	5	1	2
R28YRS	ET171030	1	3	5	1997	99	4	80	4	1	2
R28YRS	ET171030	2	5	13	1997	99	4	80	4	1	2
R28YRS	ET171031	1	1	5	1993	99	5	80	4	2	77
R28YRS	ET171031	2	5	13	1997	99	2	80	4	2	4
R28YRS	ET171031	3	7	6	1993	99	4	80	5	3	77
R28YRS	ET171031	4	8	6	1993	99	6	2	3	3	5
R28YRS	ET171031	5	9	6	1993	99	6	8	4	3	5
R28YRS	ET171032	1	5	13	1997	99	4	80	4	1	2
R28YRS	ET171033	1	5	13	1993	99	4	1	4	2	77
R28YRS	ET171033	2	9	6	1993	99	6	1	4	5	77
R28YRS	ET171033	3	1	5	1993	99	6	1	4	2	77
R28YRS	ET171033	4	3	5	1997	99	4	80	4	1	2
R28YRS	ET171034	1	1	5	1993	99	4	1	4	2	77
R28YRS	ET171034	2	5	13	1993	99	4	1	5	2	77
R28YRS	ET171034	3	3	5	1993	99	4	1	4	3	77
R28YRS	ET171034	4	8	6	1993	99	4	1	4	5	77
R28YRS	ET171035	1	1	5	1993	99	5	80	1	1	77
R28YRS	ET171035	2	3	5	1993	99	5	80	4	2	77
R28YRS	ET171035	3	5	13	1997	99	3	1	4	2	77
R28YRS	ET171035	4	8	6	1993	99	5	2	4	3	77
R28YRS	ET171036	1	9	6	1993	99	6	80	3	5	77
R28YRS	ET171037	1	1	5	1993	99	5	80	4	1	77
R28YRS	ET171037	2	3	5	1997	99	3	80	4	2	77
R28YRS	ET171037	3	5	13	1993	99	5	80	4	2	77
R28YRS	ET171037	4	8	6	1993	99	5	2	4	5	77
R28YRS	ET171038	1	3	5	1998	99	4	1	4	2	77
R28YRS	ET171039	1	5	13	1997	99	2	4	4	1	2
R28YRS	ET171039	2	3	5	1997	99	6	5	4	1	2
R28YRS	ET171039	3	8	6	1993	99	6	5	4	3	5
R28YRS	ET171039	4	9	6	1993	99	6	4	4	3	5
R28YRS	ET171040	1	1	5	1993	99	6	1	4	2	77
R28YRS	ET171040	2	3	5	1998	99	6	80	4	2	77
R28YRS	ET171040	3	5	13	1995	99	4	80	4	2	77
R28YRS	ET171040	4	8	6	1993	99	6	1	4	5	77
R28YRS	ET171040	5	9	6	1993	99	6	80	4	5	77
R28YRS	ET171041	1	3	5	1995	99	5	80	4	2	77
R28YRS	ET171041	2	1	5	1993	99	5	80	4	2	77
R28YRS	ET171041	3	5	13	1993	99	4	80	4	2	77
R28YRS	ET171041	4	9	6	1993	99	5	80	4	5	77
R28YRS	ET171042	1	1	5	1993	99	5	80	4	2	77
R28YRS	ET171042	2	3	5	1997	99	5	80	4	2	77
R28YRS	ET171042	3	5	13	1993	99	4	80	4	2	77
R28YRS	ET171042	4	9	6	1993	99	6	80	4	1	77
R28YRS	ET171043	1	1	5	1993	99	5	80	1	2	77
R28YRS	ET171043	2	3	5	1993	99	5	80	4	2	77
R28YRS	ET171043	3	5	13	1998	99	3	80	4	2	77
R28YRS	ET171043	4	8	6	1995	99	5	2	4	5	77
R28YRS	ET171044	1	3	5	1997	99	4	80	4	1	2
R28YRS	ET171044	2	5	13	1997	99	4	80	4	1	2
R28YRS	ET171045	1	1	5	1993	99	4	80	4	2	77
R28YRS	ET171045	2	3	5	1997	99	4	80	4	2	77
R28YRS	ET171045	3	7	6	1993	99	6	80	4	5	77
R28YRS	ET171045	4	9	6	1993	99	6	80	4	5	77
R28YRS	ET171045	5	8	6	1993	99	6	80	4	5	77
R28YRS	ET171046	1	3	22	1993	99	6	1	4	1	2
R28YRS	ET171046	2	5	13	1997	99	2	80	3	2	4
R28YRS	ET171046	3	7	6	1993	99	3	1	4	3	77
R28YRS	ET171046	4	8	6	1993	99	4	1	3	7	8
R28YRS	ET171046	5	9	6	1993	99	3	80	4	3	5
R28YRS	ET171047	1	1	5	1993	99	6	80	4	1	77
R28YRS	ET171047	2	5	13	1997	99	3	80	4	2	77
R28YRS	ET171047	3	8	6	1993	99	5	2	4	5	77
R28YRS	ET171048	1	9	6	1996	99	5	80	4	3	77
R28YRS	ET171048	2	7	6	1997	99	5	80	4	3	77
R28YRS	ET171048	3	6	6	1997	99	5	80	4	3	77
R28YRS	ET171048	4	1	5	1993	99	6	80	4	2	3
R28YRS	ET171049	1	1	5	1993	99	6	80	4	2	77
R28YRS	ET171049	2	3	5	1993	99	6	80	4	2	77
R28YRS	ET171049	3	5	13	1993	99	5	80	4	2	77
R28YRS	ET171049	4	8	6	1993	99	6	80	4	5	77
R28YRS	ET171049	5	9	6	1993	99	6	80	4	5	77
R28YRS	ET171050	1	3	5	1993	99	6	80	4	2	77
R28YRS	ET171050	2	5	13	1993	99	4	80	4	2	77
R28YRS	ET171050	3	9	6	1993	99	6	80	4	5	77
R28YRS	ET181001	1	1	5	1993	99	3	80	4	2	77
R28YRS	ET181001	2	3	19	1998	99	6	80	4	1	2
R28YRS	ET181001	3	4	5	1998	1998	4	80	5	2	1
R28YRS	ET181001	4	7	6	1997	99	6	2	4	5	3
R28YRS	ET181001	5	6	77	1998	99	4	1	4	2	1
R28YRS	ET181002	1	1	5	1993	99	4	80	3	2	77
R28YRS	ET181002	2	3	77	1998	99	6	80	4	2	1
R28YRS	ET181002	3	4	77	1993	1997	6	80	4	1	2
R28YRS	ET181002	4	7	6	1993	99	6	80	5	3	77
R28YRS	ET181002	5	8	6	1993	99	6	80	5	3	77
R28YRS	ET181003	1	1	5	1993	99	6	80	4	2	77
R28YRS	ET181003	2	3	19	1998	99	6	80	4	2	77
R28YRS	ET181003	3	9	6	1994	99	6	80	5	3	77
R28YRS	ET181004	1	1	5	1993	99	5	80	3	3	77
R28YRS	ET181004	2	3	77	1998	99	6	80	4	1	2
R28YRS	ET181004	3	4	77	1993	99	6	80	4	1	2
R28YRS	ET181004	4	5	77	1996	99	4	80	3	5	2
R28YRS	ET181004	5	8	6	1993	99	5	80	3	5	77
R28YRS	ET181005	1	5	13	1995	1996	4	80	3	1	77
R28YRS	ET181005	2	8	6	1996	99	6	80	5	5	77
R28YRS	ET181005	3	1	5	1994	99	6	80	5	2	77
R28YRS	ET181005	4	4	5	1996	1997	6	80	4	2	77
R28YRS	ET181005	5	5	15	1996	99	1	80	4	1	77
R28YRS	ET181006	1	3	19	1998	1999	5	2	4	4	77
R28YRS	ET181006	2	8	6	1998	99	6	2	5	1	2
R28YRS	ET181006	3	5	13	1993	1997	4	2	3	1	77
R28YRS	ET181007	1	1	5	1993	99	4	1	4	1	2
R28YRS	ET181007	2	3	15	1998	99	6	80	4	1	2
R28YRS	ET181007	3	7	6	1997	1997	5	1	4	3	5
R28YRS	ET181007	4	5	15	1998	99	4	1	4	1	77
R28YRS	ET181008	1	5	19	1993	99	3	80	2	9	77
R28YRS	ET181008	2	3	77	1998	99	6	80	4	2	1
R28YRS	ET181008	3	4	77	1997	1998	5	80	4	2	1
R28YRS	ET181008	4	7	6	1994	99	6	80	2	9	77
R28YRS	ET181008	5	8	6	1993	99	6	80	4	9	77
R28YRS	ET181009	1	5	13	1995	1996	4	80	4	2	77
R28YRS	ET181009	2	1	5	1994	99	6	80	5	2	77
R28YRS	ET181009	3	5	15	1997	99	1	80	4	1	77
R28YRS	ET181009	4	8	6	1996	99	6	80	5	5	77
R28YRS	ET181009	5	4	5	1996	1997	5	80	3	2	77
R28YRS	ET181010	1	1	5	1994	99	6	1	5	2	77
R28YRS	ET181010	2	5	13	1994	99	6	1	2	2	77
R28YRS	ET181010	3	3	5	1998	99	6	80	4	2	77
R28YRS	ET181010	4	4	5	1994	1998	3	80	4	2	77
R28YRS	ET181010	5	8	6	1995	99	6	80	4	2	77
R28YRS	ET181011	1	1	5	1993	99	4	80	4	2	77
R28YRS	ET181011	2	3	5	1998	99	6	80	5	1	2
R28YRS	ET181011	3	4	5	1993	1997	6	80	5	2	1
R28YRS	ET181011	4	8	6	1993	99	6	80	5	3	77
R28YRS	ET181011	5	7	6	1993	99	6	80	5	3	77
R28YRS	ET181012	1	1	5	1993	99	6	80	4	2	77
R28YRS	ET181012	2	8	6	1995	1998	6	80	5	5	77
R28YRS	ET181012	3	3	5	1997	1998	6	80	3	2	77
R28YRS	ET181012	4	4	5	1995	1996	6	80	3	1	77
R28YRS	ET181013	1	3	5	1998	99	6	80	3	2	77
R28YRS	ET181013	2	5	13	1998	1998	1	80	4	4	2
R28YRS	ET181014	1	5	13	1995	1996	4	80	4	2	77
R28YRS	ET181014	2	1	5	1994	99	6	80	4	2	77
R28YRS	ET181014	3	8	6	1996	99	6	80	5	5	77
R28YRS	ET181014	4	4	5	1996	1997	6	80	3	2	77
R28YRS	ET181015	1	1	5	1994	99	4	80	4	2	77
R28YRS	ET181015	2	3	77	1998	99	6	80	4	2	1
R28YRS	ET181015	3	4	77	1993	1997	6	80	5	2	77
R28YRS	ET181015	4	8	6	1993	99	6	80	5	3	77
R28YRS	ET181015	5	7	6	1993	99	6	80	5	3	77
R28YRS	ET181016	1	1	5	1993	99	4	80	4	1	2
R28YRS	ET181016	2	5	15	1997	99	1	80	4	2	77
R28YRS	ET181016	3	3	19	1998	99	6	80	4	1	2
R28YRS	ET181016	4	8	6	1997	1998	6	3	4	1	77
R28YRS	ET181016	5	7	6	1998	1998	6	3	4	3	4
R28YRS	ET181017	1	1	5	1994	99	4	80	4	2	77
R28YRS	ET181017	2	3	5	1997	99	6	80	4	2	77
R28YRS	ET181017	3	8	6	1994	99	6	80	5	3	77
R28YRS	ET181017	4	7	6	1996	99	6	80	4	5	77
R28YRS	ET181017	5	9	6	1995	99	4	80	4	1	3
R28YRS	ET181018	1	3	15	1998	99	6	80	4	1	2
R28YRS	ET181018	2	7	6	1996	99	5	80	4	3	5
R28YRS	ET181019	1	1	5	1993	99	4	80	4	2	77
R28YRS	ET181019	2	7	6	1993	99	6	80	5	3	77
R28YRS	ET181019	3	8	6	1993	99	6	80	5	5	3
R28YRS	ET181019	4	3	6	1998	99	6	80	5	2	77
R28YRS	ET181019	5	4	6	1993	1997	6	80	5	2	77
R28YRS	ET181020	1	4	77	1997	99	6	80	4	2	1
R28YRS	ET181020	2	5	13	1994	99	2	80	5	2	77
R28YRS	ET181020	3	7	6	1993	99	6	80	5	5	77
R28YRS	ET181020	4	8	6	1993	99	6	80	4	5	77
R28YRS	ET181020	5	9	6	1998	99	5	80	5	5	77
R28YRS	ET181021	1	13	5	1997	1997	77	80	5	1	2
R28YRS	ET181021	2	1	5	1993	99	4	80	5	2	77
R28YRS	ET181021	3	5	19	1997	99	1	80	5	2	4
R28YRS	ET181021	4	3	5	1997	99	6	80	5	2	1
R28YRS	ET181021	5	8	6	1993	99	6	80	5	3	77
R28YRS	ET181022	1	1	5	1993	99	4	80	4	1	2
R28YRS	ET181023	1	1	5	1993	99	4	80	5	2	77
R28YRS	ET181023	2	3	5	1998	99	6	80	5	1	4
R28YRS	ET181023	3	4	5	1993	1997	6	80	4	4	2
R28YRS	ET181023	4	5	15	1998	99	4	80	5	2	1
R28YRS	ET181023	5	7	6	1993	99	6	80	5	3	5
R28YRS	ET181024	1	1	5	1994	99	1	80	3	1	2
R28YRS	ET181024	2	5	13	1997	99	4	80	5	4	77
R28YRS	ET181024	3	7	7	1995	99	4	80	5	5	3
R28YRS	ET181024	4	4	19	1997	99	4	80	5	2	77
R28YRS	ET181024	5	9	6	1995	99	4	80	5	5	1
R28YRS	ET181025	1	3	5	1998	99	6	80	3	2	1
R28YRS	ET181025	2	1	5	1998	99	4	80	4	1	2
R28YRS	ET181026	1	5	13	1998	99	3	1	4	2	77
R28YRS	ET181026	2	8	6	1998	99	4	1	4	5	77
R28YRS	ET181026	3	1	5	1998	99	4	1	4	2	77
R28YRS	ET181026	4	3	5	1998	99	5	80	4	2	77
R28YRS	ET181027	1	5	13	1993	99	4	1	4	2	77
R28YRS	ET181027	2	3	5	1998	99	5	80	4	2	77
R28YRS	ET181027	3	8	6	1996	99	4	1	4	3	77
R28YRS	ET181027	4	11	6	1995	99	4	1	4	5	77
R28YRS	ET181028	1	3	11	1997	99	4	80	5	2	77
R28YRS	ET181028	2	5	13	1996	99	4	80	5	2	77
R28YRS	ET181028	3	7	6	1994	99	6	80	5	5	77
R28YRS	ET181028	4	8	6	1994	99	6	80	5	4	5
R28YRS	ET181028	5	9	6	1994	99	2	80	5	4	5
R28YRS	ET181029	1	1	5	1993	99	4	1	1	1	2
R28YRS	ET181029	2	5	15	1994	99	7	80	1	7	1
R28YRS	ET181029	3	15	19	1993	99	4	80	1	1	2
R28YRS	ET181029	4	13	5	1994	1998	6	1	1	1	2
R28YRS	ET181029	5	4	15	1998	99	6	1	1	1	2
R28YRS	ET181030	1	8	6	1995	99	4	1	4	3	77
R28YRS	ET181030	2	1	5	1996	99	4	1	4	2	77
R28YRS	ET181030	3	5	13	1993	99	4	1	4	2	77
R28YRS	ET181030	4	5	15	1997	99	4	1	4	2	77
R28YRS	ET181031	1	1	5	1994	99	6	80	4	2	77
R28YRS	ET181031	2	3	5	1998	99	6	80	4	2	77
R28YRS	ET181031	3	4	5	1994	1998	6	80	4	2	77
R28YRS	ET181031	4	5	13	1994	99	2	1	4	2	77
R28YRS	ET181031	5	8	6	1994	99	6	80	4	2	77
R28YRS	ET181032	1	3	77	1997	99	6	80	4	2	77
R28YRS	ET181032	2	9	6	1994	99	6	80	3	3	77
R28YRS	ET181032	3	7	6	1996	99	6	80	4	3	77
R28YRS	ET181033	1	12	23	1997	99	7	80	1	6	8
R28YRS	ET181033	2	1	5	1993	99	3	80	1	1	2
R28YRS	ET181033	3	5	15	1997	99	1	80	4	2	1
R28YRS	ET181033	4	13	5	1996	1997	3	80	3	2	77
R28YRS	ET181033	5	3	77	1998	99	6	80	1	5	1
R28YRS	ET181034	1	5	13	1998	99	1	80	4	1	2
R28YRS	ET181034	2	1	5	1993	99	4	80	5	2	77
R28YRS	ET181034	3	3	5	1998	99	6	80	5	2	77
R28YRS	ET181034	4	8	6	1993	99	6	80	5	3	77
R28YRS	ET181034	5	7	6	1993	99	6	80	5	3	77
R28YRS	ET181035	1	1	5	1993	99	6	80	4	2	77
R28YRS	ET181035	2	3	23	1997	99	6	80	5	2	77
R28YRS	ET181035	3	5	13	1997	99	1	80	4	2	77
R28YRS	ET181035	4	8	6	1996	99	6	80	4	2	77
R28YRS	ET181035	5	9	6	1995	99	6	80	4	3	77
R28YRS	ET181036	1	1	5	1993	99	4	80	4	2	1
R28YRS	ET181036	2	3	5	1998	99	6	80	4	2	77
R28YRS	ET181036	3	4	5	1993	1997	6	80	4	2	77
R28YRS	ET181036	4	8	6	1993	99	6	80	5	3	77
R28YRS	ET181036	5	7	6	1993	99	6	80	5	3	77
R28YRS	ET181037	1	1	5	1993	99	4	4	3	2	77
R28YRS	ET181037	2	5	15	1998	99	1	80	4	1	2
R28YRS	ET181037	3	7	6	1999	99	6	1	4	3	4
R28YRS	ET181038	1	1	5	1993	99	4	80	4	2	77
R28YRS	ET181038	2	3	15	1998	99	6	80	5	1	77
R28YRS	ET181039	1	1	5	1995	99	4	1	4	2	77
R28YRS	ET181039	2	5	13	1994	99	1	1	3	2	77
R28YRS	ET181039	3	8	6	1995	99	6	80	3	5	77
R28YRS	ET181039	4	9	6	1997	99	6	80	5	5	77
R28YRS	ET181039	5	7	6	1994	99	6	80	5	5	77
R28YRS	ET181040	1	1	5	1993	99	4	80	5	2	4
R28YRS	ET181040	2	3	77	1998	99	6	80	5	2	4
R28YRS	ET181040	3	4	5	1993	1997	6	80	4	1	2
R28YRS	ET181040	4	5	13	1993	99	1	80	4	1	2
R28YRS	ET181040	5	7	6	1993	99	6	80	5	3	77
R28YRS	ET181041	1	1	5	1993	99	4	80	4	2	77
R28YRS	ET181041	2	5	19	-77	99	77	80	5	1	2
R28YRS	ET181041	3	3	5	1998	99	6	80	5	2	1
R28YRS	ET181041	4	4	5	1993	1997	6	80	5	2	77
R28YRS	ET181041	5	7	6	1993	99	6	80	5	3	77
R28YRS	ET181042	1	3	5	1998	99	4	80	4	2	1
R28YRS	ET181043	1	14	77	1999	99	4	80	3	1	77
R28YRS	ET181044	1	1	5	1994	99	4	80	5	4	77
R28YRS	ET181044	2	3	6	1997	99	6	80	4	3	77
R28YRS	ET181044	3	4	6	1997	99	6	80	4	3	77
R28YRS	ET181044	4	7	6	1994	99	6	80	5	3	5
R28YRS	ET181044	5	9	6	1995	99	6	80	5	3	77
R28YRS	ET181045	1	8	6	1996	99	4	80	5	3	5
R28YRS	ET181045	2	3	77	1998	99	6	80	2	77	3
R28YRS	ET181045	3	5	13	1998	99	6	80	5	1	4
R28YRS	ET181045	4	7	6	1994	99	6	80	5	5	77
R28YRS	ET181045	5	9	6	1994	99	5	80	5	5	4
R28YRS	ET181046	1	1	5	1994	99	6	80	4	1	2
R28YRS	ET181046	2	3	77	1997	99	6	80	5	2	77
R28YRS	ET181046	3	5	13	1998	99	1	80	4	2	77
R28YRS	ET181046	4	8	6	1994	99	6	80	4	2	77
R28YRS	ET181046	5	9	6	1993	99	6	80	5	3	77
R28YRS	ET181047	1	1	5	1994	99	6	80	5	3	77
R28YRS	ET181047	2	3	77	1997	99	4	80	4	2	77
R28YRS	ET181047	3	5	13	1995	99	4	80	5	4	77
R28YRS	ET181047	4	8	6	1995	99	6	80	4	5	77
R28YRS	ET181047	5	7	6	1995	99	6	80	4	3	5
R28YRS	ET181048	1	3	77	1998	99	6	80	4	2	77
R28YRS	ET181048	2	5	13	1993	99	4	80	4	2	77
R28YRS	ET181048	3	8	6	1994	99	6	80	3	3	77
R28YRS	ET181048	4	9	6	1996	99	6	80	4	3	77
R28YRS	ET181049	1	5	15	1998	99	4	1	4	2	77
R28YRS	ET181049	2	3	5	1998	99	4	1	4	2	77
R28YRS	ET181050	1	5	15	1997	99	1	80	4	4	1
R28YRS	ET181050	2	3	15	1998	99	6	80	3	2	1
R28YRS	ET181050	3	1	5	1993	99	6	80	5	2	77
R28YRS	ET191001	1	5	13	1993	99	4	1	3	1	2
R28YRS	ET191001	2	7	77	1996	1996	4	1	3	3	4
R28YRS	ET191002	1	4	5	1997	99	6	80	5	2	4
R28YRS	ET191002	2	3	5	1993	99	6	80	5	1	2
R28YRS	ET191002	3	5	19	1995	99	1	80	5	2	4
R28YRS	ET191002	4	7	6	1993	99	6	1	5	3	5
R28YRS	ET191002	5	8	6	1993	99	6	1	5	3	5
R28YRS	ET191003	1	6	77	1998	99	6	3	2	2	77
R28YRS	ET191004	1	3	5	1997	99	6	80	5	2	77
R28YRS	ET191004	2	5	13	1998	99	4	80	5	2	77
R28YRS	ET191004	3	7	6	1994	99	6	80	4	5	77
R28YRS	ET191004	4	8	6	1994	99	6	80	4	5	77
R28YRS	ET191004	5	9	6	1996	99	6	80	4	5	77
R28YRS	ET191005	1	8	6	1996	99	5	1	4	9	77
R28YRS	ET191005	2	5	13	1993	99	4	1	4	2	77
R28YRS	ET191005	3	3	5	1997	99	5	1	4	2	77
R28YRS	ET191006	1	3	5	1998	99	6	80	4	1	2
R28YRS	ET191006	2	8	6	1996	99	6	3	1	9	77
R28YRS	ET191006	3	7	6	1993	99	6	4	4	3	5
R28YRS	ET191007	1	8	6	1996	99	6	80	4	5	77
R28YRS	ET191007	2	3	5	1997	1998	6	80	4	2	77
R28YRS	ET191007	3	11	6	1997	99	6	80	4	5	77
R28YRS	ET191007	4	7	6	1998	99	6	80	4	5	77
R28YRS	ET191008	1	3	5	1997	99	6	80	4	2	77
R28YRS	ET191008	2	5	13	1996	99	5	80	5	2	77
R28YRS	ET191008	3	7	6	1994	99	6	80	4	5	77
R28YRS	ET191008	4	8	6	1994	99	6	80	4	5	77
R28YRS	ET191008	5	9	6	1994	99	5	80	4	5	77
R28YRS	ET191009	1	4	23	1993	99	4	80	4	1	2
R28YRS	ET191009	2	7	6	1994	99	4	80	4	5	77
R28YRS	ET191009	3	8	6	1995	99	4	80	4	5	77
R28YRS	ET191009	4	11	6	1995	99	5	80	4	5	77
R28YRS	ET191010	1	7	6	1993	99	6	80	4	5	77
R28YRS	ET191010	2	8	6	1993	99	6	2	3	9	77
R28YRS	ET191010	3	11	6	1993	99	6	80	4	9	77
R28YRS	ET191010	4	9	6	1993	99	6	80	4	5	77
R28YRS	ET191011	1	3	5	1997	99	6	80	5	2	77
R28YRS	ET191011	2	5	13	1996	99	4	80	5	2	77
R28YRS	ET191011	3	7	6	1994	99	6	80	5	5	77
R28YRS	ET191011	4	8	6	1994	99	5	80	4	5	77
R28YRS	ET191011	5	9	6	1994	99	6	80	4	5	77
R28YRS	ET191012	1	4	15	1998	1999	6	80	3	1	2
R28YRS	ET191012	2	6	23	1998	99	6	1	1	1	2
R28YRS	ET191012	3	7	15	1998	1998	4	3	1	3	4
R28YRS	ET191012	4	8	6	1996	99	6	3	1	9	77
R28YRS	ET191012	5	11	15	1998	1998	4	3	1	3	4
R28YRS	ET191014	1	3	15	1997	99	6	80	3	1	2
R28YRS	ET191014	2	7	6	1995	99	6	1	4	3	4
R28YRS	ET191014	3	8	6	1995	99	6	1	4	3	4
R28YRS	ET191016	1	4	5	1998	1999	6	80	3	2	77
R28YRS	ET191016	2	5	19	1998	99	4	1	2	9	77
R28YRS	ET191017	1	7	6	1993	99	6	1	4	3	5
R28YRS	ET191017	2	8	6	1993	99	6	1	4	3	5
R28YRS	ET191018	1	5	13	1995	99	1	1	4	2	77
R28YRS	ET191018	2	7	6	1994	99	6	80	4	5	77
R28YRS	ET191018	3	8	6	1994	99	6	80	4	5	77
R28YRS	ET191019	1	7	6	1998	99	5	1	4	3	5
R28YRS	ET191019	2	8	6	1998	99	5	1	4	3	5
R28YRS	ET191020	1	3	19	1998	99	6	1	4	2	77
R28YRS	ET191020	2	5	13	1995	99	3	1	4	2	77
R28YRS	ET191020	3	7	6	1994	99	6	80	4	5	77
R28YRS	ET191020	4	8	6	1994	99	6	80	4	5	77
R28YRS	ET191022	1	14	19	1994	99	5	80	4	1	2
R28YRS	ET191023	1	7	6	1993	99	6	80	5	3	5
R28YRS	ET191023	2	8	6	1994	99	6	80	5	3	5
R28YRS	ET191023	3	11	6	1996	99	6	80	5	3	5
R28YRS	ET191024	1	6	77	1998	1998	4	1	4	1	2
R28YRS	ET191024	2	4	77	1998	1998	4	80	3	1	2
R28YRS	ET191024	3	7	6	1995	99	6	2	4	3	5
R28YRS	ET191024	4	8	6	1995	99	6	2	4	3	5
R28YRS	ET191025	1	4	77	1993	99	4	80	4	2	77
R28YRS	ET191025	2	5	19	1993	99	4	80	4	1	2
R28YRS	ET191025	3	7	6	1993	99	6	80	3	5	77
R28YRS	ET191025	4	8	6	1993	99	6	80	3	9	77
R28YRS	ET191025	5	11	6	1993	99	6	80	3	9	77
R28YRS	ET191026	1	3	5	1996	99	6	80	5	2	77
R28YRS	ET191026	2	5	13	1993	99	4	80	5	2	77
R28YRS	ET191026	3	7	6	1994	99	6	80	4	5	77
R28YRS	ET191026	4	8	6	1994	99	6	80	4	5	77
R28YRS	ET191027	1	3	5	1997	99	6	80	1	2	77
R28YRS	ET191027	2	7	6	1994	99	6	80	1	5	77
R28YRS	ET191027	3	8	6	1994	99	5	80	1	5	77
R28YRS	ET191028	1	3	5	1997	1998	6	80	4	2	77
R28YRS	ET191028	2	8	6	1996	99	6	80	4	5	77
R28YRS	ET191028	3	11	6	1997	99	6	80	4	5	77
R28YRS	ET191029	1	3	77	1998	99	6	80	2	1	2
R28YRS	ET191029	2	7	6	1993	99	6	1	5	3	5
R28YRS	ET191029	3	8	6	1993	99	6	1	5	3	5
R28YRS	ET191030	1	3	77	1997	99	6	80	4	1	2
R28YRS	ET191030	2	7	6	1993	99	6	80	4	2	1
R28YRS	ET191030	3	8	6	1993	99	6	80	4	3	4
R28YRS	ET191030	4	5	13	1998	99	3	1	4	1	2
R28YRS	ET191031	1	3	5	1998	99	6	80	4	2	1
R28YRS	ET191031	2	4	5	1993	99	6	80	4	2	77
R28YRS	ET191031	3	5	19	1993	99	3	80	4	2	1
R28YRS	ET191031	4	7	6	1993	99	6	80	4	5	77
R28YRS	ET191031	5	8	6	1993	99	6	80	2	9	77
R28YRS	ET191032	1	5	19	1993	99	4	80	4	1	2
R28YRS	ET191032	2	3	19	1998	99	6	80	4	1	3
R28YRS	ET191032	3	8	6	1993	99	6	1	4	5	77
R28YRS	ET191032	4	7	6	1993	99	6	80	4	5	77
R28YRS	ET191032	5	11	6	1994	99	6	1	3	9	77
R28YRS	ET191033	1	4	5	1998	1998	5	80	3	2	1
R28YRS	ET191033	2	12	23	1998	99	4	80	4	4	77
R28YRS	ET191033	3	5	13	1998	99	3	80	2	1	2
R28YRS	ET191035	1	3	5	1997	99	5	1	4	2	77
R28YRS	ET191036	1	3	5	1997	99	6	80	5	2	77
R28YRS	ET191036	2	5	13	1994	99	4	80	5	2	77
R28YRS	ET191036	3	1	6	1995	99	6	80	4	5	77
R28YRS	ET191036	4	8	6	1994	99	6	80	4	5	77
R28YRS	ET191036	5	9	6	1994	99	6	80	4	5	77
R28YRS	ET191037	1	5	13	1995	99	6	80	3	2	77
R28YRS	ET191037	2	7	6	1994	99	6	80	4	5	77
R28YRS	ET191037	3	8	6	1994	99	6	80	5	5	77
R28YRS	ET191037	4	9	6	1995	99	4	80	4	5	77
R28YRS	ET191038	1	7	6	1993	99	6	80	4	5	77
R28YRS	ET191038	2	8	6	1993	99	5	80	5	5	77
R28YRS	ET191038	3	9	6	1993	99	6	80	4	4	5
R28YRS	ET191039	1	7	6	1994	99	6	1	5	5	77
R28YRS	ET191039	2	11	6	1997	99	6	1	5	5	77
R28YRS	ET191041	1	4	5	1995	99	6	80	5	1	2
R28YRS	ET191041	2	7	6	1993	99	6	80	5	3	5
R28YRS	ET191041	3	8	6	1993	99	6	80	5	3	5
R28YRS	ET191041	4	13	23	1998	99	4	80	5	4	77
R28YRS	ET191042	1	4	77	1997	99	6	80	4	2	77
R28YRS	ET191042	2	7	6	1998	99	6	80	4	5	77
R28YRS	ET191042	3	8	6	1997	99	6	80	4	5	77
R28YRS	ET191044	1	5	19	1996	99	2	80	4	4	77
R28YRS	ET191045	1	1	5	1994	99	6	80	4	2	77
R28YRS	ET191045	2	3	5	1997	1998	6	80	4	2	77
R28YRS	ET191045	3	8	6	1997	99	6	80	4	5	77
R28YRS	ET191046	1	3	5	1997	99	6	80	5	2	77
R28YRS	ET191046	2	4	5	1996	99	6	80	4	2	77
R28YRS	ET191046	3	7	6	1994	99	5	80	4	5	77
R28YRS	ET191046	4	8	6	1994	99	6	80	5	5	77
R28YRS	ET191046	5	9	6	1996	99	6	80	4	5	77
R28YRS	ET191047	1	8	6	1996	99	4	1	4	9	77
R28YRS	ET191047	2	11	23	1998	99	4	1	4	2	77
R28YRS	ET191047	3	3	5	1998	99	4	1	4	2	77
R28YRS	ET191048	1	4	5	1995	1999	6	80	4	2	77
R28YRS	ET191048	2	7	23	1998	99	6	80	3	3	77
R28YRS	ET191048	3	8	6	1994	99	6	88	5	2	77
R28YRS	ET191049	1	4	5	1995	99	6	80	4	2	77
R28YRS	ET191049	2	7	23	1998	99	4	2	5	3	77
R28YRS	ET191049	3	11	23	1998	99	4	2	5	79	77
R28YRS	ET191050	1	5	13	1993	99	4	80	4	1	77
R28YRS	ET191050	2	8	6	1996	99	6	80	5	2	77
R28YRS	ET191050	3	11	6	1997	99	6	80	5	2	77
R28YRS	ET191051	1	4	5	1996	99	6	80	5	2	77
R28YRS	ET191051	2	5	13	1998	99	4	80	5	2	77
R28YRS	ET191051	3	7	6	1994	99	6	80	4	5	77
R28YRS	ET191051	4	8	6	1994	99	6	80	4	5	77
R28YRS	ET201001	1	5	13	1997	1997	1	80	3	1	2
R28YRS	ET201001	2	4	13	1998	99	6	80	4	1	2
R28YRS	ET201002	1	1	5	1993	99	6	80	4	2	77
R28YRS	ET201002	2	4	22	1993	99	6	80	4	2	77
R28YRS	ET201002	3	5	13	1993	1998	1	80	4	2	77
R28YRS	ET201002	4	8	6	1993	99	6	80	4	5	77
R28YRS	ET201002	5	9	6	1993	99	6	80	4	5	77
R28YRS	ET201003	1	5	13	1993	99	4	80	4	2	5
R28YRS	ET201003	2	4	5	1993	99	6	80	4	2	77
R28YRS	ET201004	1	1	5	1993	99	6	1	4	2	77
R28YRS	ET201004	2	4	22	1993	99	6	80	4	2	77
R28YRS	ET201004	3	5	13	1993	99	4	1	4	2	77
R28YRS	ET201004	4	8	6	1993	99	6	2	5	5	77
R28YRS	ET201004	5	9	6	1993	99	6	80	5	5	77
R28YRS	ET201005	1	4	5	1994	99	6	80	4	1	2
R28YRS	ET201005	2	5	13	1993	99	4	80	4	1	2
R28YRS	ET201006	1	9	6	1998	99	6	80	4	1	3
R28YRS	ET201006	2	1	5	1993	99	6	80	4	2	3
R28YRS	ET201006	3	8	6	1997	99	6	80	4	3	77
R28YRS	ET201006	4	4	5	1994	99	4	80	4	2	77
R28YRS	ET201006	5	7	6	1997	99	6	80	4	3	77
R28YRS	ET201007	1	5	13	1997	99	3	2	4	2	1
R28YRS	ET201007	2	4	5	1993	99	6	2	4	1	2
R28YRS	ET201008	1	1	5	1993	99	4	80	4	3	77
R28YRS	ET201008	2	4	5	1997	99	4	80	4	1	77
R28YRS	ET201008	3	5	5	1993	99	4	80	4	2	77
R28YRS	ET201008	4	8	6	1993	99	4	80	2	5	77
R28YRS	ET201009	1	1	5	1993	99	6	1	4	1	77
R28YRS	ET201009	2	4	22	1993	99	6	2	4	1	77
R28YRS	ET201009	3	5	13	1993	99	4	1	3	1	77
R28YRS	ET201009	4	8	6	1993	99	6	2	5	6	77
R28YRS	ET201009	5	9	6	1993	99	6	80	4	6	77
R28YRS	ET201010	1	5	13	1993	99	6	80	4	1	2
R28YRS	ET201010	2	1	5	1993	99	6	80	5	1	2
R28YRS	ET201010	3	9	6	1993	99	6	80	5	5	77
R28YRS	ET201010	4	8	6	1993	99	6	80	5	5	77
R28YRS	ET201011	1	8	6	1993	99	6	2	4	5	3
R28YRS	ET201011	2	7	6	1993	99	6	80	4	5	3
R28YRS	ET201011	3	4	5	1997	99	6	80	5	1	2
R28YRS	ET201011	4	15	19	1997	99	1	80	5	5	3
R28YRS	ET201011	5	5	13	1997	99	4	1	4	1	2
R28YRS	ET201012	1	4	5	1993	99	6	80	4	2	77
R28YRS	ET201012	2	5	13	1993	99	6	80	2	2	77
R28YRS	ET201012	3	9	6	1993	99	4	80	4	5	77
R28YRS	ET201013	1	1	5	1993	99	6	80	4	3	77
R28YRS	ET201013	2	5	19	1993	99	6	80	4	3	77
R28YRS	ET201013	3	4	5	1994	99	6	80	4	1	2
R28YRS	ET201014	1	7	6	1994	99	6	80	4	5	3
R28YRS	ET201014	2	8	6	1993	99	6	80	4	5	3
R28YRS	ET201014	3	15	19	1993	99	1	80	4	5	3
R28YRS	ET201014	4	11	6	1994	99	6	80	4	5	3
R28YRS	ET201015	1	1	5	1995	99	6	4	4	7	77
R28YRS	ET201015	2	8	6	1996	99	4	1	4	5	77
R28YRS	ET201015	3	5	13	1997	99	3	1	5	2	77
R28YRS	ET201016	1	1	5	1993	99	5	1	4	7	77
R28YRS	ET201016	2	9	6	1993	99	5	80	4	5	77
R28YRS	ET201017	1	9	6	1994	99	5	80	4	5	77
R28YRS	ET201017	2	5	13	1998	99	5	80	4	4	77
R28YRS	ET201017	3	1	5	1998	99	5	80	4	4	77
R28YRS	ET201017	4	7	6	1998	99	5	80	4	4	77
R28YRS	ET201017	5	8	6	1997	99	5	80	4	5	77
R28YRS	ET201018	1	9	6	1996	99	6	80	4	3	77
R28YRS	ET201018	2	1	5	1993	99	6	80	4	2	3
R28YRS	ET201018	3	4	5	1995	99	4	80	4	2	77
R28YRS	ET201019	1	5	13	1997	99	4	80	4	1	2
R28YRS	ET201019	2	8	6	1994	99	6	80	4	5	3
R28YRS	ET201019	3	9	6	1996	99	6	80	5	5	3
R28YRS	ET201019	4	3	5	1997	99	6	80	5	1	2
R28YRS	ET201019	5	4	5	1998	99	6	80	5	1	2
R28YRS	ET201020	1	5	13	1993	99	4	1	4	2	77
R28YRS	ET201020	2	7	6	1994	99	6	1	4	5	77
R28YRS	ET201020	3	8	6	1994	99	6	1	4	5	77
R28YRS	ET201020	4	9	6	1994	99	6	1	4	5	77
R28YRS	ET201020	5	4	5	1993	99	6	80	4	1	2
R28YRS	ET201021	1	4	22	1993	99	6	1	4	2	77
R28YRS	ET201021	2	7	6	1993	99	4	80	5	3	77
R28YRS	ET201021	3	8	6	1993	99	4	1	3	3	77
R28YRS	ET201021	4	9	6	1993	99	6	80	5	5	3
R28YRS	ET201022	1	9	6	1993	99	6	80	4	5	77
R28YRS	ET201023	1	1	5	1997	99	6	80	4	4	77
R28YRS	ET201023	2	5	13	1996	99	3	80	4	2	77
R28YRS	ET201023	3	4	5	1993	99	4	80	4	2	77
R28YRS	ET201024	1	1	5	1996	99	6	1	4	3	77
R28YRS	ET201024	2	5	13	1997	99	3	1	5	2	77
R28YRS	ET201024	3	4	5	1998	99	6	80	4	1	2
R28YRS	ET201025	1	5	13	1997	99	4	80	4	1	2
R28YRS	ET201025	2	4	5	1997	99	4	80	4	1	2
R28YRS	ET201026	1	4	5	1995	99	6	80	4	1	2
R28YRS	ET201026	2	5	13	1997	99	4	80	4	1	2
R28YRS	ET201026	3	8	6	1993	99	4	2	4	5	77
R28YRS	ET201027	1	1	5	1993	99	6	1	4	3	77
R28YRS	ET201027	2	5	5	1994	99	6	1	4	3	77
R28YRS	ET201028	1	1	5	1993	99	4	80	3	3	77
R28YRS	ET201028	2	4	22	1993	99	6	80	5	2	1
R28YRS	ET201028	3	8	6	1993	99	5	80	4	3	4
R28YRS	ET201028	4	9	6	1993	99	6	80	4	4	3
R28YRS	ET201028	5	5	19	1997	99	2	80	2	4	77
R28YRS	ET201029	1	1	5	1993	99	6	80	5	1	2
R28YRS	ET201029	2	9	6	1993	99	6	80	5	5	77
R28YRS	ET201029	3	5	13	1996	99	6	80	5	1	2
R28YRS	ET201030	1	8	6	1994	99	6	1	4	5	77
R28YRS	ET201030	2	14	11	1998	99	6	1	4	2	77
R28YRS	ET201031	1	1	5	1993	99	6	80	5	1	2
R28YRS	ET201031	2	5	13	1996	99	2	80	4	2	77
R28YRS	ET201031	3	4	5	1994	99	6	2	4	2	1
R28YRS	ET201031	4	13	5	1997	99	4	80	4	3	77
R28YRS	ET201031	5	10	5	1995	99	6	80	5	3	77
R28YRS	ET201032	1	1	5	1993	99	6	80	4	2	77
R28YRS	ET201032	2	5	13	1996	99	3	80	4	2	77
R28YRS	ET201032	3	4	5	1995	99	6	80	5	1	77
R28YRS	ET201032	4	8	6	1996	99	6	2	4	5	77
R28YRS	ET201033	1	1	5	1993	99	6	80	4	2	77
R28YRS	ET201033	2	5	5	1993	99	4	80	4	2	77
R28YRS	ET201033	3	8	6	1997	99	6	80	4	5	77
R28YRS	ET201033	4	9	6	1997	99	6	80	4	5	77
R28YRS	ET201033	5	4	5	1995	99	6	80	4	1	2
R28YRS	ET201034	1	1	5	1993	99	5	80	4	2	77
R28YRS	ET201034	2	4	22	1994	99	6	2	4	2	77
R28YRS	ET201034	3	8	6	1998	99	6	80	4	5	77
R28YRS	ET201035	1	1	5	1993	99	5	80	5	3	77
R28YRS	ET201035	2	5	13	1995	99	3	80	4	2	77
R28YRS	ET201035	3	4	5	1993	99	5	80	5	2	77
R28YRS	ET201036	1	4	22	1993	99	6	80	4	1	2
R28YRS	ET201036	2	9	6	1993	99	5	80	3	5	3
R28YRS	ET201036	3	5	19	1997	99	2	80	3	4	77
R28YRS	ET201037	1	4	22	1993	99	6	80	4	1	2
R28YRS	ET201037	2	5	13	1997	99	2	80	3	4	77
R28YRS	ET201037	3	9	6	1993	99	5	80	4	3	5
R28YRS	ET201038	1	1	5	1993	99	5	1	4	3	77
R28YRS	ET201038	2	5	13	1996	99	3	1	5	4	77
R28YRS	ET201038	3	4	5	1993	99	3	1	5	4	77
R28YRS	ET201038	4	8	6	1993	99	5	1	4	5	77
R28YRS	ET201039	1	1	5	1993	99	6	1	4	1	2
R28YRS	ET201039	2	4	5	1993	99	6	80	4	1	3
R28YRS	ET201039	3	5	5	1993	99	6	1	4	1	3
R28YRS	ET201039	4	9	6	1993	99	6	80	4	5	77
R28YRS	ET201040	1	1	5	1993	99	5	80	4	1	77
R28YRS	ET201040	2	5	13	1996	99	3	80	4	3	77
R28YRS	ET201040	3	4	5	1993	99	5	80	4	2	77
R28YRS	ET201041	1	9	6	1997	99	5	80	4	3	77
R28YRS	ET201042	1	4	5	1993	99	4	80	4	1	2
R28YRS	ET201042	2	5	13	1997	99	4	80	4	1	2
R28YRS	ET201042	3	1	5	1993	99	4	80	4	1	2
R28YRS	ET201042	4	9	6	1993	99	6	80	4	5	77
R28YRS	ET201043	1	1	5	1993	99	4	80	4	1	2
R28YRS	ET201044	1	1	5	1994	99	4	1	4	4	77
R28YRS	ET201044	2	5	13	1997	99	3	1	4	1	77
R28YRS	ET201044	3	8	6	1993	99	5	2	4	3	77
R28YRS	ET201044	4	4	9	1993	99	5	80	4	2	77
R28YRS	ET201045	1	9	6	1994	99	6	80	4	1	3
R28YRS	ET201045	2	1	5	1993	99	6	80	4	2	3
R28YRS	ET201045	3	4	5	1995	99	4	80	4	2	77
R28YRS	ET201045	4	7	6	1997	99	4	80	4	3	77
R28YRS	ET201045	5	8	6	1997	99	4	80	4	3	77
R28YRS	ET201046	1	4	5	1993	99	6	80	4	1	2
R28YRS	ET201046	2	5	13	1995	1996	4	80	4	1	2
R28YRS	ET201046	3	8	6	1997	99	6	80	4	5	77
R28YRS	ET201046	4	1	5	1993	99	4	80	4	1	2
R28YRS	ET201047	1	5	13	1993	99	4	80	4	1	3
R28YRS	ET201048	1	5	13	1994	99	3	80	2	3	77
R28YRS	ET201048	2	1	5	1997	99	5	80	3	3	77
R28YRS	ET201048	3	8	6	1998	99	6	2	1	3	77
R28YRS	ET201049	1	1	5	1994	99	5	1	4	7	77
R28YRS	ET201049	2	5	5	1994	99	5	2	4	5	77
R28YRS	ET201049	3	4	5	1997	99	6	80	4	1	2
R28YRS	ET201050	1	9	6	1996	99	6	80	4	3	77
R28YRS	ET201050	2	1	5	1993	99	6	80	4	2	3
R28YRS	ET201050	3	4	5	1993	99	4	80	4	2	77
R28YRS	ET201050	4	7	6	1997	99	5	80	4	3	77
R28YRS	ET201050	5	8	6	1996	99	6	80	4	3	77
