PLACEID	SERVIDR4	AVLOC	SRVRT
1	10	0	 
1	12	0	 
1	13	1	1
1	14	1	1
1	15	0	 
1	19	0	 
1	20	0	 
1	26	1	2
1	30	1	1
1	32	1	1
1	33	0	 
1	34	0	 
1	35	0	 
1	36	0	 
1	37	1	3
1	38	0	 
1	39	0	 
1	40	0	 
1	41	0	 
1	42	0	 
1	43	0	 
1	44	1	2
1	45	0	 
1	46	0	 
1	47	0	 
1	48	1	2
1	49	0	 
1	50	0	 
1	51	0	 
1	52	0	 
1	53	0	 
2	10	0	 
2	12	0	 
2	13	1	3
2	14	1	3
2	15	0	 
2	19	0	 
2	20	0	 
2	26	1	3
2	30	0	 
2	32	0	 
2	33	1	3
2	34	0	 
2	35	0	 
2	36	0	 
2	37	1	3
2	38	0	 
2	39	0	 
2	40	0	 
2	41	0	 
2	42	0	 
2	43	0	 
2	44	0	 
2	45	0	 
2	46	0	 
2	47	0	 
2	48	0	 
2	49	0	 
2	50	1	3
2	51	1	3
2	52	0	 
2	53	1	3
3	10	0	 
3	12	0	 
3	13	0	 
3	14	0	 
3	15	0	 
3	19	0	 
3	20	0	 
3	26	1	3
3	30	0	 
3	32	0	 
3	33	0	 
3	34	0	 
3	35	0	 
3	36	0	 
3	37	1	3
3	38	0	 
3	39	0	 
3	40	0	 
3	41	0	 
3	42	0	 
3	43	0	 
3	44	0	 
3	45	0	 
3	46	0	 
3	47	0	 
3	48	0	 
3	49	0	 
3	50	1	3
3	51	0	 
3	52	0	 
3	53	0	 
4	10	0	 
4	12	0	 
4	13	0	 
4	14	1	1
4	15	0	 
4	19	0	 
4	20	0	 
4	26	1	2
4	30	0	 
4	32	0	 
4	33	0	 
4	34	0	 
4	35	0	 
4	36	0	 
4	37	1	2
4	38	0	 
4	39	0	 
4	40	0	 
4	41	0	 
4	42	0	 
4	43	0	 
4	44	0	 
4	45	0	 
4	46	0	 
4	47	0	 
4	48	0	 
4	49	0	 
4	50	1	2
4	51	0	 
4	52	0	 
4	53	0	 
5	10	1	1
5	12	0	 
5	13	1	2
5	14	1	2
5	15	0	 
5	19	0	 
5	20	0	 
5	26	1	3
5	30	0	 
5	32	0	 
5	33	0	 
5	34	0	 
5	35	0	 
5	36	0	 
5	37	1	3
5	38	0	 
5	39	0	 
5	40	0	 
5	41	0	 
5	42	0	 
5	43	0	 
5	44	0	 
5	45	0	 
5	46	0	 
5	47	0	 
5	48	0	 
5	49	0	 
5	50	1	3
5	51	0	 
5	52	0	 
5	53	0	 
6	10	0	 
6	12	0	 
6	13	1	3
6	14	1	3
6	15	0	 
6	19	0	 
6	20	1	2
6	26	1	2
6	30	0	 
6	32	0	 
6	33	0	 
6	34	0	 
6	35	1	2
6	36	0	 
6	37	1	3
6	38	0	 
6	39	1	2
6	40	0	 
6	41	0	 
6	42	0	 
6	43	0	 
6	44	0	 
6	45	0	 
6	46	0	 
6	47	0	 
6	48	1	2
6	49	0	 
6	50	0	 
6	51	1	1
6	52	0	 
6	53	0	 
7	10	0	 
7	12	0	 
7	13	0	 
7	14	1	2
7	15	0	 
7	19	0	 
7	20	0	 
7	26	1	2
7	30	0	 
7	32	0	 
7	33	1	2
7	34	0	 
7	35	1	3
7	36	0	 
7	37	1	3
7	38	0	 
7	39	0	 
7	40	0	 
7	41	0	 
7	42	0	 
7	43	0	 
7	44	0	 
7	45	0	 
7	46	0	 
7	47	0	 
7	48	0	 
7	49	0	 
7	50	1	3
7	51	0	 
7	52	0	 
7	53	0	 
8	10	1	2
8	12	0	 
8	13	1	1
8	14	1	3
8	15	1	1
8	19	1	1
8	20	0	 
8	26	1	1
8	30	0	 
8	32	0	 
8	33	0	 
8	34	0	 
8	35	0	 
8	36	0	 
8	37	1	2
8	38	0	 
8	39	1	2
8	40	0	 
8	41	0	 
8	42	0	 
8	43	0	 
8	44	0	 
8	45	0	 
8	46	0	 
8	47	0	 
8	48	1	2
8	49	0	 
8	50	0	 
8	51	1	2
8	52	0	 
8	53	1	3
9	10	1	77
9	12	0	 
9	13	1	2
9	14	0	 
9	15	0	 
9	19	0	 
9	20	0	 
9	26	1	2
9	30	0	 
9	32	0	 
9	33	0	 
9	34	0	 
9	35	1	3
9	36	0	 
9	37	1	3
9	38	0	 
9	39	0	 
9	40	0	 
9	41	0	 
9	42	0	 
9	43	0	 
9	44	0	 
9	45	0	 
9	46	0	 
9	47	0	 
9	48	0	 
9	49	0	 
9	50	1	3
9	51	0	 
9	52	0	 
9	53	0	 
10	10	1	2
10	12	0	 
10	13	1	2
10	14	1	2
10	15	0	 
10	19	0	 
10	20	0	 
10	26	1	2
10	30	1	2
10	32	0	 
10	33	1	2
10	34	0	 
10	35	0	 
10	36	1	3
10	37	1	3
10	38	0	 
10	39	0	 
10	40	0	 
10	41	0	 
10	42	0	 
10	43	0	 
10	44	0	 
10	45	0	 
10	46	0	 
10	47	0	 
10	48	1	3
10	49	1	3
10	50	1	3
10	51	1	3
10	52	0	 
10	53	1	2
11	10	1	3
11	12	0	 
11	13	1	3
11	14	1	3
11	15	0	 
11	19	1	2
11	20	1	3
11	26	1	3
11	30	1	2
11	32	1	2
11	33	1	3
11	34	1	2
11	35	1	3
11	36	1	3
11	37	1	3
11	38	1	3
11	39	1	3
11	40	1	2
11	41	1	2
11	42	0	 
11	43	1	3
11	44	1	3
11	45	0	 
11	46	1	3
11	47	1	3
11	48	1	3
11	49	1	3
11	50	1	2
11	51	1	3
11	52	0	 
11	53	1	3
12	10	1	2
12	12	0	 
12	13	1	3
12	14	1	3
12	15	0	 
12	19	1	3
12	20	1	3
12	26	1	3
12	30	1	2
12	32	1	2
12	33	1	2
12	34	0	 
12	35	1	2
12	36	1	3
12	37	1	3
12	38	1	2
12	39	1	3
12	40	0	 
12	41	1	2
12	42	0	 
12	43	0	 
12	44	1	2
12	45	0	 
12	46	1	3
12	47	0	 
12	48	1	3
12	49	1	3
12	50	1	3
12	51	1	3
12	52	1	3
12	53	1	3
13	10	0	 
13	12	0	 
13	13	0	 
13	14	1	2
13	15	0	 
13	19	0	 
13	20	0	 
13	26	1	2
13	30	1	1
13	32	0	 
13	33	0	 
13	34	0	 
13	35	1	2
13	36	0	 
13	37	1	2
13	38	0	 
13	39	1	2
13	40	0	 
13	41	0	 
13	42	0	 
13	43	0	 
13	44	0	 
13	45	0	 
13	46	0	 
13	47	0	 
13	48	1	3
13	49	0	 
13	50	1	3
13	51	1	2
13	52	1	2
13	53	0	 
14	10	0	 
14	12	0	 
14	13	1	1
14	14	1	2
14	15	1	2
14	19	0	 
14	20	0	 
14	26	1	2
14	30	0	 
14	32	1	3
14	33	0	 
14	34	0	 
14	35	1	3
14	36	0	 
14	37	1	3
14	38	0	 
14	39	0	 
14	40	0	 
14	41	0	 
14	42	0	 
14	43	0	 
14	44	0	 
14	45	0	 
14	46	0	 
14	47	0	 
14	48	0	 
14	49	0	 
14	50	1	2
14	51	0	 
14	52	0	 
14	53	0	 
15	10	0	 
15	12	0	 
15	13	0	 
15	14	1	2
15	15	1	2
15	19	0	 
15	20	0	 
15	26	1	2
15	30	0	 
15	32	0	 
15	33	0	 
15	34	0	 
15	35	0	 
15	36	0	 
15	37	1	3
15	38	0	 
15	39	0	 
15	40	0	 
15	41	0	 
15	42	0	 
15	43	0	 
15	44	0	 
15	45	0	 
15	46	0	 
15	47	0	 
15	48	0	 
15	49	0	 
15	50	1	2
15	51	0	 
15	52	0	 
15	53	0	 
16	10	1	2
16	12	0	 
16	13	1	1
16	14	1	1
16	15	0	 
16	19	0	 
16	20	0	 
16	26	0	 
16	30	0	 
16	32	0	 
16	33	0	 
16	34	0	 
16	35	0	 
16	36	0	 
16	37	1	3
16	38	0	 
16	39	1	3
16	40	0	 
16	41	0	 
16	42	0	 
16	43	0	 
16	44	0	 
16	45	0	 
16	46	0	 
16	47	0	 
16	48	0	 
16	49	0	 
16	50	1	3
16	51	0	 
16	52	0	 
16	53	0	 
17	10	1	2
17	12	0	 
17	13	1	2
17	14	1	2
17	15	0	 
17	19	0	 
17	20	0	 
17	26	1	1
17	30	0	 
17	32	0	 
17	33	0	 
17	34	0	 
17	35	0	 
17	36	1	3
17	37	1	3
17	38	0	 
17	39	1	3
17	40	0	 
17	41	1	2
17	42	0	 
17	43	0	 
17	44	0	 
17	45	0	 
17	46	0	 
17	47	0	 
17	48	1	2
17	49	1	2
17	50	1	1
17	51	1	1
17	52	0	 
17	53	0	 
18	10	1	3
18	12	1	2
18	13	1	2
18	14	1	2
18	15	1	3
18	19	1	3
18	20	1	3
18	26	1	2
18	30	1	2
18	32	1	3
18	33	1	3
18	34	1	2
18	35	1	2
18	36	1	2
18	37	1	3
18	38	1	3
18	39	1	3
18	40	0	 
18	41	1	3
18	42	1	3
18	43	0	 
18	44	1	3
18	45	0	 
18	46	1	2
18	47	0	 
18	48	1	2
18	49	0	 
18	50	0	 
18	51	1	3
18	52	0	 
18	53	1	2
19	10	1	2
19	12	1	2
19	13	1	2
19	14	1	3
19	15	1	3
19	19	1	3
19	20	1	3
19	26	1	2
19	30	1	2
19	32	1	3
19	33	1	3
19	34	0	 
19	35	1	3
19	36	1	3
19	37	1	3
19	38	1	3
19	39	1	3
19	40	0	 
19	41	1	3
19	42	0	 
19	43	0	 
19	44	0	 
19	45	0	 
19	46	0	 
19	47	0	 
19	48	1	3
19	49	0	 
19	50	1	3
19	51	1	3
19	52	0	 
19	53	1	2
20	10	1	1
20	12	1	2
20	13	1	3
20	14	1	3
20	15	1	2
20	19	1	3
20	20	1	3
20	26	1	2
20	30	1	2
20	32	1	3
20	33	1	3
20	34	0	 
20	35	1	3
20	36	0	 
20	37	1	3
20	38	1	3
20	39	1	3
20	40	0	 
20	41	1	2
20	42	0	 
20	43	0	 
20	44	0	 
20	45	0	 
20	46	0	 
20	47	0	 
20	48	1	3
20	49	0	 
20	50	1	3
20	51	1	2
20	52	0	 
20	53	1	3
21	10	1	1
21	12	1	2
21	13	1	2
21	14	1	1
21	15	0	 
21	19	1	3
21	20	1	3
21	26	1	2
21	30	1	2
21	32	0	 
21	33	1	3
21	34	1	2
21	35	1	2
21	36	1	3
21	37	1	3
21	38	1	3
21	39	1	3
21	40	0	 
21	41	1	3
21	42	1	2
21	43	1	3
21	44	1	3
21	45	1	2
21	46	1	2
21	47	0	 
21	48	1	3
21	49	0	 
21	50	1	3
21	51	1	2
21	52	0	 
21	53	1	3
22	10	0	 
22	12	0	 
22	13	1	1
22	14	1	3
22	15	0	 
22	19	0	 
22	20	0	 
22	26	1	2
22	30	1	1
22	32	0	 
22	33	0	 
22	34	0	 
22	35	0	 
22	36	0	 
22	37	1	3
22	38	0	 
22	39	0	 
22	40	0	 
22	41	0	 
22	42	0	 
22	43	0	 
22	44	0	 
22	45	0	 
22	46	0	 
22	47	0	 
22	48	0	 
22	49	0	 
22	50	1	2
22	51	0	 
22	52	0	 
22	53	0	 
23	10	1	3
23	12	0	 
23	13	1	2
23	14	1	3
23	15	1	1
23	19	1	3
23	20	1	3
23	26	1	2
23	30	1	1
23	32	1	2
23	33	0	 
23	34	0	 
23	35	1	2
23	36	1	2
23	37	1	3
23	38	1	3
23	39	1	3
23	40	0	 
23	41	1	3
23	42	0	 
23	43	0	 
23	44	0	 
23	45	0	 
23	46	0	 
23	47	0	 
23	48	1	1
23	49	0	 
23	50	0	 
23	51	1	3
23	52	0	 
23	53	1	2
24	10	1	1
24	12	0	 
24	13	1	3
24	14	1	3
24	15	1	1
24	19	1	3
24	20	1	3
24	26	1	3
24	30	1	3
24	32	1	2
24	33	1	3
24	34	1	2
24	35	1	2
24	36	1	2
24	37	1	2
24	38	1	2
24	39	1	2
24	40	1	2
24	41	1	2
24	42	0	 
24	43	0	 
24	44	1	2
24	45	0	 
24	46	0	 
24	47	1	2
24	48	1	2
24	49	1	2
24	50	0	 
24	51	1	2
24	52	0	 
24	53	1	2
25	10	1	2
25	12	0	 
25	13	1	1
25	14	1	2
25	15	1	1
25	19	1	3
25	20	1	3
25	26	1	2
25	30	1	1
25	32	0	 
25	33	0	 
25	34	1	2
25	35	1	2
25	36	1	3
25	37	1	3
25	38	1	2
25	39	1	3
25	40	0	 
25	41	0	 
25	42	0	 
25	43	1	3
25	44	1	3
25	45	0	 
25	46	1	3
25	47	0	 
25	48	1	3
25	49	0	 
25	50	0	 
25	51	1	3
25	52	0	 
25	53	1	3
26	10	1	2
26	12	1	1
26	13	1	3
26	14	1	3
26	15	1	1
26	19	1	2
26	20	0	 
26	26	1	3
26	30	1	1
26	32	1	1
26	33	1	3
26	34	1	1
26	35	1	3
26	36	1	3
26	37	1	3
26	38	1	3
26	39	0	 
26	40	1	3
26	41	0	 
26	42	0	 
26	43	0	 
26	44	0	 
26	45	0	 
26	46	0	 
26	47	0	 
26	48	1	3
26	49	0	 
26	50	0	 
26	51	1	3
26	52	0	 
26	53	1	3
27	10	1	2
27	12	1	3
27	13	1	2
27	14	1	1
27	15	1	1
27	19	1	3
27	20	0	 
27	26	1	2
27	30	1	3
27	32	0	 
27	33	1	3
27	34	1	2
27	35	1	3
27	36	1	3
27	37	0	 
27	38	1	3
27	39	0	 
27	40	0	 
27	41	0	 
27	42	0	 
27	43	0	 
27	44	0	 
27	45	0	 
27	46	0	 
27	47	0	 
27	48	1	3
27	49	0	 
27	50	1	2
27	51	1	3
27	52	0	 
27	53	1	2
28	10	1	2
28	12	0	 
28	13	1	1
28	14	1	2
28	15	1	3
28	19	1	3
28	20	0	 
28	26	1	2
28	30	1	2
28	32	1	2
28	33	1	2
28	34	1	2
28	35	1	3
28	36	1	3
28	37	1	2
28	38	1	2
28	39	1	2
28	40	0	 
28	41	1	2
28	42	0	 
28	43	0	 
28	44	1	2
28	45	0	 
28	46	0	 
28	47	0	 
28	48	1	2
28	49	0	 
28	50	1	2
28	51	1	2
28	52	0	 
28	53	1	2
29	10	1	2
29	12	0	 
29	13	1	3
29	14	1	3
29	15	1	2
29	19	1	3
29	20	1	3
29	26	1	2
29	30	1	1
29	32	0	 
29	33	0	 
29	34	1	2
29	35	1	2
29	36	1	2
29	37	1	3
29	38	1	2
29	39	1	2
29	40	1	2
29	41	1	2
29	42	0	 
29	43	1	3
29	44	1	2
29	45	1	3
29	46	1	3
29	47	1	2
29	48	1	2
29	49	1	2
29	50	1	2
29	51	1	2
29	52	1	2
29	53	1	2
30	10	0	 
30	12	0	 
30	13	1	2
30	14	1	2
30	15	0	 
30	19	0	 
30	20	0	 
30	26	1	1
30	30	0	 
30	32	0	 
30	33	0	 
30	34	1	1
30	35	1	2
30	36	0	 
30	37	1	3
30	38	0	 
30	39	0	 
30	40	0	 
30	41	0	 
30	42	0	 
30	43	0	 
30	44	0	 
30	45	0	 
30	46	0	 
30	47	0	 
30	48	1	3
30	49	0	 
30	50	0	 
30	51	0	 
30	52	0	 
30	53	1	1
31	10	0	 
31	12	0	 
31	13	1	2
31	14	1	2
31	15	0	 
31	19	1	2
31	20	1	2
31	26	1	1
31	30	1	2
31	32	1	3
31	33	1	3
31	34	1	3
31	35	1	3
31	36	1	3
31	37	1	2
31	38	1	3
31	39	1	3
31	40	0	 
31	41	0	 
31	42	0	 
31	43	1	3
31	44	1	2
31	45	0	 
31	46	1	2
31	47	0	 
31	48	1	2
31	49	0	 
31	50	1	2
31	51	1	2
31	52	1	2
31	53	1	3
32	10	1	2
32	12	0	 
32	13	1	3
32	14	1	2
32	15	0	 
32	19	1	3
32	20	1	3
32	26	1	3
32	30	1	2
32	32	0	 
32	33	1	3
32	34	1	3
32	35	1	3
32	36	1	3
32	37	1	3
32	38	1	3
32	39	1	3
32	40	1	3
32	41	1	3
32	42	0	 
32	43	1	3
32	44	1	2
32	45	1	3
32	46	1	2
32	47	0	 
32	48	1	3
32	49	0	 
32	50	1	3
32	51	1	3
32	52	1	3
32	53	1	3
33	10	0	 
33	12	0	 
33	13	1	2
33	14	1	1
33	15	0	 
33	19	0	 
33	20	0	 
33	26	1	3
33	30	1	2
33	32	1	3
33	33	1	3
33	34	0	 
33	35	0	 
33	36	0	 
33	37	1	3
33	38	0	 
33	39	1	2
33	40	0	 
33	41	0	 
33	42	0	 
33	43	0	 
33	44	0	 
33	45	0	 
33	46	0	 
33	47	0	 
33	48	1	2
33	49	0	 
33	50	1	2
33	51	0	 
33	52	0	 
33	53	0	 
34	10	0	 
34	12	0	 
34	13	0	 
34	14	1	2
34	15	0	 
34	19	0	 
34	20	0	 
34	26	1	2
34	30	0	 
34	32	1	2
34	33	1	3
34	34	0	 
34	35	0	 
34	36	0	 
34	37	1	2
34	38	0	 
34	39	0	 
34	40	0	 
34	41	0	 
34	42	0	 
34	43	0	 
34	44	0	 
34	45	0	 
34	46	0	 
34	47	0	 
34	48	0	 
34	49	0	 
34	50	1	1
34	51	0	 
34	52	0	 
34	53	0	 
35	10	1	1
35	12	0	 
35	13	1	2
35	14	1	3
35	15	0	 
35	19	0	 
35	20	0	 
35	26	1	3
35	30	0	 
35	32	1	3
35	33	1	3
35	34	1	1
35	35	0	 
35	36	0	 
35	37	1	2
35	38	0	 
35	39	0	 
35	40	0	 
35	41	0	 
35	42	0	 
35	43	0	 
35	44	0	 
35	45	0	 
35	46	0	 
35	47	0	 
35	48	0	 
35	49	0	 
35	50	1	2
35	51	0	 
35	52	0	 
35	53	0	 
36	10	1	2
36	12	0	 
36	13	1	2
36	14	1	1
36	15	0	 
36	19	0	 
36	20	0	 
36	26	1	3
36	30	1	2
36	32	1	3
36	33	1	3
36	34	1	2
36	35	0	 
36	36	0	 
36	37	1	2
36	38	0	 
36	39	0	 
36	40	0	 
36	41	0	 
36	42	0	 
36	43	0	 
36	44	0	 
36	45	0	 
36	46	0	 
36	47	0	 
36	48	0	 
36	49	0	 
36	50	1	2
36	51	0	 
36	52	0	 
36	53	0	 
37	10	1	2
37	12	1	2
37	13	1	3
37	14	1	3
37	15	1	1
37	19	1	3
37	20	0	 
37	26	1	3
37	30	1	2
37	32	1	3
37	33	1	3
37	34	1	3
37	35	1	2
37	36	1	3
37	37	1	3
37	38	1	3
37	39	1	1
37	40	1	2
37	41	1	2
37	42	1	3
37	43	1	77
37	44	1	2
37	45	0	 
37	46	1	2
37	47	0	 
37	48	1	2
37	49	1	3
37	50	1	3
37	51	1	2
37	52	1	3
37	53	1	3
38	10	1	1
38	12	0	 
38	13	1	3
38	14	1	3
38	15	1	2
38	19	1	2
38	20	1	3
38	26	1	3
38	30	1	3
38	32	1	2
38	33	1	3
38	34	1	3
38	35	1	3
38	36	1	3
38	37	1	3
38	38	1	3
38	39	1	3
38	40	1	3
38	41	1	3
38	42	1	2
38	43	1	3
38	44	1	3
38	45	1	3
38	46	1	3
38	47	1	2
38	48	1	3
38	49	0	 
38	50	0	 
38	51	1	2
38	52	1	3
38	53	1	2
39	10	1	3
39	12	0	 
39	13	1	2
39	14	1	2
39	15	0	 
39	19	1	2
39	20	0	 
39	26	1	2
39	30	1	2
39	32	0	 
39	33	1	2
39	34	1	2
39	35	1	2
39	36	1	2
39	37	1	3
39	38	1	2
39	39	1	2
39	40	0	 
39	41	0	 
39	42	0	 
39	43	0	 
39	44	0	 
39	45	0	 
39	46	1	3
39	47	0	 
39	48	1	1
39	49	0	 
39	50	1	1
39	51	0	 
39	52	1	1
39	53	1	1
40	10	0	 
40	12	0	 
40	13	0	 
40	14	0	 
40	15	0	 
40	19	0	 
40	20	0	 
40	26	1	1
40	30	0	 
40	32	0	 
40	33	0	 
40	34	0	 
40	35	0	 
40	36	0	 
40	37	1	3
40	38	0	 
40	39	0	 
40	40	0	 
40	41	0	 
40	42	0	 
40	43	0	 
40	44	0	 
40	45	0	 
40	46	0	 
40	47	0	 
40	48	0	 
40	49	0	 
40	50	1	1
40	51	0	 
40	52	0	 
40	53	0	 
41	10	1	3
41	12	0	 
41	13	1	2
41	14	1	2
41	15	1	2
41	19	1	3
41	20	1	3
41	26	1	3
41	30	1	2
41	32	1	2
41	33	1	2
41	34	1	2
41	35	1	2
41	36	1	3
41	37	1	3
41	38	1	2
41	39	1	3
41	40	1	3
41	41	1	2
41	42	1	2
41	43	1	2
41	44	1	2
41	45	0	 
41	46	1	2
41	47	1	2
41	48	1	3
41	49	1	2
41	50	1	2
41	51	1	2
41	52	1	2
41	53	1	2
42	10	1	2
42	12	0	 
42	13	1	2
42	14	1	1
42	15	1	2
42	19	1	2
42	20	0	 
42	26	1	1
42	30	1	2
42	32	1	2
42	33	0	 
42	34	1	2
42	35	1	2
42	36	0	 
42	37	1	3
42	38	0	 
42	39	0	 
42	40	0	 
42	41	0	 
42	42	0	 
42	43	0	 
42	44	0	 
42	45	0	 
42	46	0	 
42	47	0	 
42	48	1	1
42	49	0	 
42	50	1	2
42	51	0	 
42	52	0	 
42	53	1	2
43	10	0	 
43	12	0	 
43	13	0	 
43	14	0	 
43	15	0	 
43	19	0	 
43	20	0	 
43	26	1	2
43	30	0	 
43	32	0	 
43	33	0	 
43	34	0	 
43	35	0	 
43	36	0	 
43	37	1	3
43	38	0	 
43	39	0	 
43	40	0	 
43	41	0	 
43	42	0	 
43	43	0	 
43	44	0	 
43	45	0	 
43	46	0	 
43	47	0	 
43	48	0	 
43	49	0	 
43	50	1	3
43	51	0	 
43	52	0	 
43	53	0	 
44	10	1	3
44	12	1	3
44	13	1	3
44	14	1	3
44	15	0	 
44	19	1	3
44	20	0	 
44	26	1	3
44	30	1	3
44	32	1	3
44	33	1	3
44	34	1	3
44	35	1	3
44	36	1	3
44	37	1	3
44	38	1	3
44	39	1	3
44	40	1	3
44	41	1	3
44	42	0	 
44	43	1	3
44	44	1	3
44	45	1	3
44	46	1	3
44	47	1	3
44	48	1	3
44	49	0	 
44	50	1	2
44	51	1	3
44	52	1	3
44	53	1	3
45	10	0	 
45	12	0	 
45	13	1	2
45	14	1	3
45	15	0	 
45	19	1	3
45	20	0	 
45	26	1	3
45	30	1	1
45	32	0	 
45	33	0	 
45	34	0	 
45	35	1	2
45	36	1	2
45	37	1	3
45	38	0	 
45	39	1	3
45	40	0	 
45	41	1	2
45	42	0	 
45	43	1	2
45	44	0	 
45	45	0	 
45	46	0	 
45	47	0	 
45	48	1	3
45	49	0	 
45	50	0	 
45	51	1	2
45	52	0	 
45	53	1	3
46	10	1	3
46	12	1	3
46	13	1	3
46	14	1	2
46	15	1	2
46	19	1	3
46	20	1	3
46	26	1	3
46	30	1	3
46	32	1	2
46	33	1	2
46	34	0	 
46	35	1	2
46	36	1	3
46	37	1	3
46	38	1	3
46	39	1	3
46	40	1	3
46	41	1	3
46	42	1	2
46	43	1	3
46	44	1	3
46	45	0	 
46	46	1	3
46	47	0	 
46	48	1	3
46	49	0	 
46	50	0	 
46	51	1	3
46	52	0	 
46	53	1	3
47	10	1	3
47	12	1	2
47	13	1	3
47	14	1	2
47	15	1	3
47	19	1	3
47	20	1	3
47	26	1	3
47	30	1	2
47	32	1	3
47	33	1	2
47	34	0	 
47	35	1	2
47	36	1	3
47	37	1	3
47	38	1	2
47	39	1	2
47	40	0	 
47	41	1	3
47	42	1	2
47	43	0	 
47	44	1	3
47	45	0	 
47	46	0	 
47	47	0	 
47	48	1	3
47	49	0	 
47	50	1	3
47	51	1	2
47	52	0	 
47	53	1	3
48	10	0	 
48	12	0	 
48	13	1	2
48	14	0	 
48	15	0	 
48	19	0	 
48	20	0	 
48	26	1	2
48	30	0	 
48	32	0	 
48	33	0	 
48	34	0	 
48	35	1	3
48	36	0	 
48	37	1	2
48	38	0	 
48	39	1	2
48	40	0	 
48	41	0	 
48	42	0	 
48	43	0	 
48	44	0	 
48	45	0	 
48	46	0	 
48	47	0	 
48	48	0	 
48	49	0	 
48	50	1	3
48	51	0	 
48	52	0	 
48	53	0	 
49	10	0	 
49	12	0	 
49	13	0	 
49	14	1	2
49	15	0	 
49	19	0	 
49	20	0	 
49	26	1	2
49	30	0	 
49	32	1	2
49	33	0	 
49	34	0	 
49	35	1	2
49	36	0	 
49	37	1	2
49	38	0	 
49	39	1	2
49	40	0	 
49	41	0	 
49	42	0	 
49	43	0	 
49	44	0	 
49	45	0	 
49	46	0	 
49	47	0	 
49	48	1	3
49	49	0	 
49	50	1	3
49	51	0	 
49	52	0	 
49	53	0	 
50	10	1	1
50	12	0	 
50	13	0	 
50	14	0	 
50	15	0	 
50	19	0	 
50	20	0	 
50	26	1	2
50	30	0	 
50	32	0	 
50	33	0	 
50	34	1	2
50	35	1	2
50	36	0	 
50	37	1	3
50	38	0	 
50	39	0	 
50	40	0	 
50	41	0	 
50	42	0	 
50	43	0	 
50	44	0	 
50	45	0	 
50	46	0	 
50	47	0	 
50	48	1	1
50	49	0	 
50	50	1	2
50	51	0	 
50	52	0	 
50	53	0	 
51	10	0	 
51	12	0	 
51	13	1	1
51	14	1	3
51	15	0	 
51	19	1	3
51	20	0	 
51	26	1	1
51	30	1	2
51	32	0	 
51	33	1	2
51	34	1	2
51	35	1	3
51	36	1	3
51	37	1	3
51	38	1	3
51	39	1	2
51	40	0	 
51	41	1	2
51	42	0	 
51	43	1	2
51	44	0	 
51	45	1	3
51	46	1	2
51	47	0	 
51	48	1	3
51	49	0	 
51	50	0	 
51	51	1	2
51	52	0	 
51	53	0	 
52	10	0	 
52	12	0	 
52	13	1	2
52	14	0	 
52	15	0	 
52	19	0	 
52	20	0	 
52	26	1	2
52	30	0	 
52	32	0	 
52	33	0	 
52	34	1	2
52	35	0	 
52	36	0	 
52	37	1	3
52	38	0	 
52	39	1	3
52	40	0	 
52	41	0	 
52	42	0	 
52	43	0	 
52	44	0	 
52	45	0	 
52	46	0	 
52	47	0	 
52	48	1	2
52	49	0	 
52	50	1	3
52	51	0	 
52	52	0	 
52	53	0	 
53	10	0	 
53	12	0	 
53	13	0	 
53	14	0	 
53	15	0	 
53	19	0	 
53	20	0	 
53	26	1	3
53	30	0	 
53	32	0	 
53	33	0	 
53	34	0	 
53	35	0	 
53	36	0	 
53	37	0	 
53	38	0	 
53	39	0	 
53	40	0	 
53	41	0	 
53	42	0	 
53	43	0	 
53	44	0	 
53	45	0	 
53	46	0	 
53	47	0	 
53	48	0	 
53	49	0	 
53	50	1	2
53	51	0	 
53	52	0	 
53	53	0	 
54	10	0	 
54	12	0	 
54	13	1	1
54	14	1	1
54	15	0	 
54	19	0	 
54	20	0	 
54	26	1	2
54	30	0	 
54	32	0	 
54	33	0	 
54	34	1	2
54	35	0	 
54	36	0	 
54	37	1	3
54	38	0	 
54	39	0	 
54	40	0	 
54	41	0	 
54	42	0	 
54	43	0	 
54	44	0	 
54	45	0	 
54	46	0	 
54	47	0	 
54	48	0	 
54	49	0	 
54	50	1	3
54	51	0	 
54	52	0	 
54	53	0	 
55	10	1	2
55	12	0	 
55	13	0	 
55	14	0	 
55	15	0	 
55	19	0	 
55	20	0	 
55	26	1	2
55	30	0	 
55	32	1	2
55	33	0	 
55	34	0	 
55	35	1	2
55	36	0	 
55	37	1	2
55	38	0	 
55	39	0	 
55	40	0	 
55	41	0	 
55	42	0	 
55	43	0	 
55	44	0	 
55	45	0	 
55	46	0	 
55	47	0	 
55	48	0	 
55	49	0	 
55	50	1	1
55	51	0	 
55	52	0	 
55	53	0	 
56	10	1	2
56	12	0	 
56	13	1	3
56	14	1	2
56	15	0	 
56	19	1	2
56	20	0	 
56	26	1	2
56	30	1	1
56	32	0	 
56	33	1	2
56	34	0	 
56	35	1	3
56	36	1	3
56	37	1	3
56	38	0	 
56	39	1	3
56	40	0	 
56	41	0	 
56	42	0	 
56	43	0	 
56	44	0	 
56	45	0	 
56	46	0	 
56	47	0	 
56	48	1	2
56	49	0	 
56	50	1	3
56	51	1	3
56	52	0	 
56	53	1	2
57	10	1	3
57	12	0	 
57	13	1	3
57	14	1	2
57	15	1	3
57	19	1	3
57	20	1	3
57	26	1	3
57	30	1	2
57	32	1	3
57	33	1	3
57	34	1	3
57	35	1	3
57	36	1	3
57	37	1	3
57	38	1	3
57	39	1	3
57	40	1	3
57	41	1	3
57	42	1	3
57	43	1	3
57	44	1	2
57	45	1	2
57	46	1	3
57	47	1	3
57	48	1	3
57	49	1	3
57	50	1	3
57	51	1	2
57	52	1	2
57	53	1	3
58	10	1	2
58	12	0	 
58	13	1	2
58	14	1	2
58	15	0	 
58	19	1	3
58	20	1	3
58	26	1	2
58	30	1	2
58	32	0	 
58	33	1	2
58	34	0	 
58	35	1	2
58	36	1	2
58	37	1	3
58	38	0	 
58	39	1	3
58	40	0	 
58	41	0	 
58	42	0	 
58	43	0	 
58	44	0	 
58	45	0	 
58	46	0	 
58	47	0	 
58	48	1	3
58	49	1	3
58	50	1	2
58	51	1	2
58	52	0	 
58	53	1	3
59	10	1	3
59	12	1	3
59	13	1	3
59	14	1	3
59	15	1	3
59	19	1	3
59	20	0	 
59	26	1	3
59	30	1	3
59	32	1	3
59	33	1	3
59	34	1	3
59	35	1	3
59	36	1	3
59	37	1	3
59	38	1	3
59	39	1	3
59	40	1	3
59	41	1	3
59	42	0	 
59	43	1	3
59	44	1	3
59	45	1	3
59	46	1	3
59	47	1	3
59	48	1	3
59	49	1	3
59	50	0	 
59	51	1	3
59	52	1	3
59	53	1	3
60	10	0	 
60	12	0	 
60	13	0	 
60	14	0	 
60	15	0	 
60	19	0	 
60	20	0	 
60	26	1	2
60	30	1	2
60	32	0	 
60	33	0	 
60	34	0	 
60	35	0	 
60	36	0	 
60	37	1	2
60	38	0	 
60	39	0	 
60	40	0	 
60	41	0	 
60	42	0	 
60	43	0	 
60	44	0	 
60	45	0	 
60	46	0	 
60	47	0	 
60	48	0	 
60	49	0	 
60	50	1	3
60	51	0	 
60	52	0	 
60	53	0	 
61	10	0	 
61	12	0	 
61	13	0	 
61	14	0	 
61	15	0	 
61	19	0	 
61	20	0	 
61	26	1	1
61	30	0	 
61	32	0	 
61	33	0	 
61	34	0	 
61	35	0	 
61	36	0	 
61	37	1	2
61	38	0	 
61	39	0	 
61	40	0	 
61	41	0	 
61	42	0	 
61	43	0	 
61	44	0	 
61	45	0	 
61	46	0	 
61	47	0	 
61	48	0	 
61	49	0	 
61	50	1	2
61	51	0	 
61	52	0	 
61	53	0	 
62	10	1	3
62	12	0	 
62	13	1	2
62	14	1	3
62	15	0	 
62	19	1	3
62	20	0	 
62	26	1	3
62	30	0	 
62	32	1	3
62	33	1	3
62	34	1	3
62	35	0	 
62	36	1	3
62	37	1	3
62	38	1	3
62	39	1	3
62	40	0	 
62	41	0	 
62	42	0	 
62	43	0	 
62	44	0	 
62	45	0	 
62	46	0	 
62	47	0	 
62	48	1	3
62	49	0	 
62	50	1	3
62	51	1	3
62	52	0	 
62	53	1	3
63	10	1	3
63	12	1	2
63	13	1	1
63	14	1	2
63	15	0	 
63	19	1	2
63	20	0	 
63	26	1	3
63	30	1	2
63	32	1	3
63	33	1	3
63	34	0	 
63	35	1	3
63	36	1	3
63	37	1	3
63	38	1	3
63	39	1	3
63	40	1	3
63	41	0	 
63	42	0	 
63	43	0	 
63	44	1	3
63	45	0	 
63	46	0	 
63	47	1	3
63	48	1	3
63	49	0	 
63	50	1	3
63	51	1	3
63	52	0	 
63	53	1	3
64	10	1	3
64	12	0	 
64	13	1	2
64	14	1	3
64	15	0	 
64	19	1	3
64	20	1	3
64	26	1	1
64	30	1	1
64	32	0	 
64	33	1	3
64	34	0	 
64	35	0	 
64	36	1	3
64	37	1	3
64	38	1	3
64	39	1	3
64	40	0	 
64	41	1	3
64	42	0	 
64	43	1	3
64	44	1	3
64	45	1	3
64	46	1	3
64	47	0	 
64	48	1	3
64	49	0	 
64	50	1	3
64	51	1	3
64	52	0	 
64	53	1	3
65	10	1	3
65	12	0	 
65	13	1	1
65	14	1	1
65	15	0	 
65	19	1	3
65	20	1	3
65	26	1	2
65	30	1	2
65	32	0	 
65	33	1	2
65	34	0	 
65	35	0	 
65	36	1	3
65	37	1	2
65	38	0	 
65	39	1	3
65	40	0	 
65	41	1	3
65	42	0	 
65	43	0	 
65	44	0	 
65	45	0	 
65	46	1	77
65	47	0	 
65	48	1	2
65	49	0	 
65	50	0	 
65	51	1	2
65	52	1	2
65	53	1	3
66	10	0	 
66	12	0	 
66	13	1	1
66	14	1	3
66	15	0	 
66	19	1	3
66	20	0	 
66	26	1	2
66	30	1	1
66	32	0	 
66	33	0	 
66	34	0	 
66	35	1	2
66	36	0	 
66	37	1	3
66	38	0	 
66	39	1	3
66	40	0	 
66	41	1	1
66	42	0	 
66	43	0	 
66	44	0	 
66	45	0	 
66	46	0	 
66	47	0	 
66	48	1	1
66	49	0	 
66	50	0	 
66	51	1	3
66	52	0	 
66	53	1	3
67	10	1	2
67	12	0	 
67	13	1	2
67	14	1	2
67	15	1	2
67	19	0	 
67	20	0	 
67	26	1	3
67	30	1	3
67	32	1	2
67	33	1	2
67	34	0	 
67	35	0	 
67	36	0	 
67	37	1	2
67	38	0	 
67	39	1	2
67	40	0	 
67	41	0	 
67	42	0	 
67	43	0	 
67	44	0	 
67	45	0	 
67	46	0	 
67	47	0	 
67	48	1	2
67	49	0	 
67	50	1	2
67	51	0	 
67	52	0	 
67	53	1	2
68	10	1	3
68	12	1	3
68	13	1	2
68	14	1	2
68	15	1	2
68	19	1	3
68	20	1	3
68	26	1	3
68	30	1	3
68	32	1	3
68	33	1	3
68	34	1	3
68	35	1	2
68	36	1	3
68	37	1	2
68	38	1	3
68	39	1	2
68	40	1	2
68	41	1	3
68	42	0	 
68	43	1	3
68	44	0	 
68	45	1	3
68	46	1	1
68	47	0	 
68	48	1	3
68	49	0	 
68	50	1	2
68	51	1	2
68	52	0	 
68	53	1	3
69	10	1	1
69	12	1	3
69	13	1	3
69	14	1	3
69	15	1	1
69	19	1	3
69	20	1	3
69	26	1	2
69	30	1	3
69	32	1	3
69	33	1	2
69	34	1	3
69	35	1	3
69	36	1	2
69	37	1	3
69	38	1	3
69	39	1	3
69	40	1	3
69	41	1	3
69	42	0	 
69	43	1	3
69	44	1	3
69	45	1	3
69	46	1	3
69	47	1	3
69	48	1	3
69	49	0	 
69	50	1	3
69	51	1	2
69	52	1	2
69	53	1	2
70	10	1	3
70	12	0	 
70	13	1	2
70	14	1	2
70	15	1	2
70	19	1	3
70	20	1	3
70	26	1	3
70	30	1	2
70	32	1	3
70	33	0	 
70	34	1	2
70	35	1	3
70	36	1	3
70	37	1	3
70	38	0	 
70	39	1	3
70	40	0	 
70	41	1	3
70	42	0	 
70	43	0	 
70	44	0	 
70	45	0	 
70	46	0	 
70	47	0	 
70	48	1	3
70	49	0	 
70	50	1	2
70	51	1	2
70	52	0	 
70	53	1	2
71	10	1	2
71	12	0	 
71	13	1	2
71	14	1	1
71	15	1	1
71	19	1	3
71	20	0	 
71	26	1	2
71	30	1	2
71	32	0	 
71	33	1	3
71	34	0	 
71	35	1	1
71	36	1	2
71	37	1	2
71	38	1	2
71	39	0	 
71	40	1	2
71	41	1	2
71	42	1	3
71	43	0	 
71	44	0	 
71	45	0	 
71	46	0	 
71	47	0	 
71	48	1	1
71	49	0	 
71	50	1	2
71	51	1	2
71	52	0	 
71	53	1	2
72	10	1	1
72	12	0	 
72	13	1	3
72	14	1	2
72	15	0	 
72	19	1	2
72	20	1	2
72	26	1	3
72	30	1	2
72	32	1	2
72	33	1	2
72	34	0	 
72	35	1	2
72	36	1	2
72	37	1	3
72	38	0	 
72	39	1	3
72	40	0	 
72	41	1	1
72	42	0	 
72	43	0	 
72	44	0	 
72	45	0	 
72	46	0	 
72	47	0	 
72	48	1	2
72	49	0	 
72	50	1	2
72	51	1	2
72	52	0	 
72	53	1	2
73	10	0	 
73	12	0	 
73	13	1	2
73	14	1	2
73	15	0	 
73	19	0	 
73	20	0	 
73	26	1	1
73	30	1	1
73	32	0	 
73	33	0	 
73	34	0	 
73	35	0	 
73	36	0	 
73	37	1	2
73	38	0	 
73	39	0	 
73	40	0	 
73	41	0	 
73	42	0	 
73	43	0	 
73	44	0	 
73	45	0	 
73	46	0	 
73	47	0	 
73	48	1	2
73	49	0	 
73	50	1	2
73	51	1	1
73	52	0	 
73	53	1	2
75	10	1	2
75	12	0	 
75	13	1	2
75	14	1	2
75	15	0	 
75	19	1	3
75	20	0	 
75	26	1	2
75	30	1	1
75	32	0	 
75	33	0	 
75	34	0	 
75	35	0	 
75	36	1	2
75	37	1	2
75	38	0	 
75	39	1	2
75	40	0	 
75	41	0	 
75	42	0	 
75	43	0	 
75	44	0	 
75	45	0	 
75	46	0	 
75	47	0	 
75	48	1	2
75	49	0	 
75	50	0	 
75	51	1	2
75	52	0	 
75	53	1	2
76	10	0	 
76	12	0	 
76	13	1	1
76	14	1	2
76	15	0	 
76	19	0	 
76	20	0	 
76	26	1	1
76	30	0	 
76	32	0	 
76	33	0	 
76	34	0	 
76	35	0	 
76	36	0	 
76	37	1	2
76	38	0	 
76	39	1	2
76	40	0	 
76	41	0	 
76	42	0	 
76	43	0	 
76	44	0	 
76	45	0	 
76	46	0	 
76	47	0	 
76	48	1	2
76	49	0	 
76	50	1	2
76	51	0	 
76	52	0	 
76	53	0	 
77	10	1	3
77	12	0	 
77	13	0	 
77	14	1	2
77	15	0	 
77	19	0	 
77	20	0	 
77	26	1	2
77	30	0	 
77	32	0	 
77	33	0	 
77	34	0	 
77	35	1	2
77	36	0	 
77	37	1	3
77	38	0	 
77	39	0	 
77	40	0	 
77	41	0	 
77	42	0	 
77	43	0	 
77	44	0	 
77	45	0	 
77	46	0	 
77	47	0	 
77	48	0	 
77	49	0	 
77	50	1	3
77	51	0	 
77	52	0	 
77	53	0	 
78	10	0	 
78	12	0	 
78	13	0	 
78	14	0	 
78	15	0	 
78	19	0	 
78	20	0	 
78	26	1	2
78	30	0	 
78	32	0	 
78	33	0	 
78	34	0	 
78	35	0	 
78	36	0	 
78	37	1	2
78	38	0	 
78	39	0	 
78	40	0	 
78	41	0	 
78	42	0	 
78	43	0	 
78	44	0	 
78	45	0	 
78	46	0	 
78	47	0	 
78	48	0	 
78	49	0	 
78	50	1	3
78	51	0	 
78	52	0	 
78	53	0	 
79	10	1	2
79	12	1	1
79	13	1	2
79	14	1	3
79	15	1	1
79	19	1	2
79	20	1	2
79	26	1	1
79	30	1	1
79	32	1	2
79	33	1	2
79	34	1	2
79	35	0	 
79	36	1	2
79	37	1	2
79	38	1	3
79	39	1	2
79	40	0	 
79	41	1	2
79	42	0	 
79	43	0	 
79	44	1	3
79	45	0	 
79	46	1	1
79	47	0	 
79	48	1	2
79	49	0	 
79	50	1	2
79	51	1	3
79	52	0	 
79	53	1	3
80	10	1	1
80	12	1	3
80	13	1	2
80	14	1	1
80	15	1	1
80	19	1	3
80	20	1	3
80	26	1	3
80	30	1	3
80	32	1	2
80	33	1	1
80	34	1	2
80	35	1	2
80	36	0	 
80	37	1	3
80	38	1	3
80	39	1	2
80	40	0	 
80	41	0	 
80	42	0	 
80	43	1	3
80	44	1	2
80	45	1	2
80	46	1	2
80	47	0	 
80	48	1	3
80	49	0	 
80	50	1	2
80	51	1	3
80	52	0	 
80	53	1	3
82	10	0	 
82	12	0	 
82	13	0	 
82	14	0	 
82	15	0	 
82	19	0	 
82	20	0	 
82	26	1	1
82	30	0	 
82	32	1	3
82	33	0	 
82	34	0	 
82	35	0	 
82	36	0	 
82	37	1	3
82	38	0	 
82	39	0	 
82	40	0	 
82	41	0	 
82	42	0	 
82	43	0	 
82	44	0	 
82	45	0	 
82	46	0	 
82	47	0	 
82	48	0	 
82	49	0	 
82	50	1	2
82	51	0	 
82	52	0	 
82	53	0	 
83	10	1	3
83	12	0	 
83	13	1	2
83	14	1	3
83	15	1	1
83	19	1	3
83	20	1	3
83	26	1	2
83	30	1	2
83	32	0	 
83	33	1	2
83	34	1	3
83	35	1	3
83	36	1	3
83	37	1	3
83	38	0	 
83	39	1	3
83	40	0	 
83	41	0	 
83	42	0	 
83	43	0	 
83	44	1	3
83	45	0	 
83	46	1	3
83	47	0	 
83	48	1	3
83	49	0	 
83	50	0	 
83	51	1	2
83	52	0	 
83	53	1	2
84	10	0	 
84	12	0	 
84	13	1	3
84	14	1	3
84	15	1	2
84	19	1	3
84	20	1	3
84	26	1	1
84	30	1	1
84	32	0	 
84	33	1	2
84	34	1	2
84	35	1	3
84	36	0	 
84	37	1	3
84	38	0	 
84	39	1	3
84	40	0	 
84	41	1	3
84	42	0	 
84	43	0	 
84	44	0	 
84	45	0	 
84	46	0	 
84	47	0	 
84	48	1	2
84	49	0	 
84	50	0	 
84	51	1	3
84	52	0	 
84	53	1	2
85	10	0	 
85	12	0	 
85	13	1	3
85	14	1	2
85	15	0	 
85	19	1	3
85	20	0	 
85	26	1	2
85	30	0	 
85	32	1	3
85	33	0	 
85	34	0	 
85	35	1	2
85	36	1	3
85	37	1	3
85	38	0	 
85	39	1	3
85	40	0	 
85	41	0	 
85	42	0	 
85	43	0	 
85	44	0	 
85	45	0	 
85	46	1	3
85	47	0	 
85	48	0	 
85	49	0	 
85	50	1	3
85	51	1	3
85	52	1	3
85	53	1	3
86	10	1	2
86	12	1	2
86	13	1	1
86	14	1	3
86	15	1	2
86	19	1	3
86	20	0	 
86	26	1	3
86	30	1	2
86	32	1	3
86	33	1	3
86	34	1	3
86	35	0	 
86	36	1	3
86	37	1	3
86	38	1	3
86	39	1	2
86	40	1	3
86	41	1	2
86	42	0	 
86	43	1	3
86	44	1	3
86	45	0	 
86	46	0	 
86	47	0	 
86	48	1	3
86	49	0	 
86	50	1	2
86	51	1	3
86	52	0	 
86	53	1	3
87	10	0	 
87	12	0	 
87	13	0	 
87	14	1	1
87	15	0	 
87	19	0	 
87	20	0	 
87	26	0	 
87	30	0	 
87	32	0	 
87	33	0	 
87	34	1	3
87	35	1	3
87	36	0	 
87	37	0	 
87	38	0	 
87	39	0	 
87	40	0	 
87	41	0	 
87	42	0	 
87	43	0	 
87	44	0	 
87	45	0	 
87	46	0	 
87	47	0	 
87	48	0	 
87	49	0	 
87	50	1	1
87	51	0	 
87	52	0	 
87	53	0	 
88	10	1	3
88	12	1	3
88	13	1	3
88	14	1	3
88	15	1	3
88	19	1	3
88	20	0	 
88	26	1	3
88	30	1	3
88	32	1	3
88	33	1	3
88	34	1	3
88	35	1	3
88	36	1	3
88	37	0	 
88	38	0	 
88	39	0	 
88	40	0	 
88	41	0	 
88	42	0	 
88	43	0	 
88	44	1	3
88	45	0	 
88	46	0	 
88	47	0	 
88	48	1	3
88	49	0	 
88	50	0	 
88	51	0	 
88	52	0	 
88	53	1	3
89	10	1	1
89	12	0	 
89	13	1	3
89	14	1	3
89	15	1	1
89	19	1	3
89	20	1	3
89	26	1	3
89	30	1	3
89	32	0	 
89	33	0	 
89	34	1	2
89	35	0	 
89	36	1	2
89	37	1	3
89	38	1	3
89	39	1	3
89	40	0	 
89	41	1	1
89	42	0	 
89	43	0	 
89	44	0	 
89	45	0	 
89	46	0	 
89	47	0	 
89	48	1	2
89	49	0	 
89	50	0	 
89	51	1	2
89	52	0	 
89	53	1	3
90	10	0	 
90	12	0	 
90	13	0	 
90	14	0	 
90	15	0	 
90	19	0	 
90	20	0	 
90	26	1	3
90	30	0	 
90	32	1	3
90	33	0	 
90	34	0	 
90	35	0	 
90	36	0	 
90	37	1	3
90	38	0	 
90	39	0	 
90	40	0	 
90	41	0	 
90	42	0	 
90	43	0	 
90	44	0	 
90	45	0	 
90	46	0	 
90	47	0	 
90	48	1	3
90	49	0	 
90	50	1	3
90	51	0	 
90	52	0	 
90	53	0	 
91	10	0	 
91	12	0	 
91	13	1	3
91	14	1	1
91	15	0	 
91	19	1	2
91	20	1	2
91	26	1	1
91	30	1	1
91	32	1	2
91	33	1	3
91	34	1	3
91	35	1	2
91	36	1	2
91	37	1	2
91	38	1	2
91	39	1	2
91	40	0	 
91	41	1	2
91	42	0	 
91	43	0	 
91	44	0	 
91	45	0	 
91	46	1	2
91	47	0	 
91	48	1	3
91	49	0	 
91	50	1	3
91	51	0	 
91	52	0	 
91	53	1	2
92	10	1	2
92	12	1	1
92	13	1	1
92	14	1	2
92	15	1	2
92	19	1	3
92	20	0	 
92	26	1	2
92	30	1	1
92	32	0	 
92	33	1	2
92	34	0	 
92	35	1	2
92	36	1	2
92	37	1	2
92	38	1	2
92	39	1	2
92	40	1	2
92	41	0	 
92	42	0	 
92	43	0	 
92	44	0	 
92	45	0	 
92	46	0	 
92	47	1	3
92	48	1	1
92	49	0	 
92	50	0	 
92	51	1	3
92	52	0	 
92	53	1	3
93	10	0	 
93	12	0	 
93	13	1	1
93	14	1	1
93	15	1	1
93	19	1	2
93	20	1	3
93	26	1	1
93	30	1	1
93	32	1	2
93	33	1	2
93	34	1	2
93	35	0	 
93	36	0	 
93	37	1	3
93	38	1	2
93	39	0	 
93	40	0	 
93	41	0	 
93	42	0	 
93	43	0	 
93	44	0	 
93	45	0	 
93	46	0	 
93	47	0	 
93	48	1	3
93	49	0	 
93	50	0	 
93	51	1	2
93	52	0	 
93	53	1	2
94	10	0	 
94	12	0	 
94	13	1	2
94	14	0	 
94	15	0	 
94	19	0	 
94	20	0	 
94	26	1	3
94	30	0	 
94	32	0	 
94	33	0	 
94	34	0	 
94	35	1	2
94	36	0	 
94	37	0	 
94	38	0	 
94	39	0	 
94	40	0	 
94	41	0	 
94	42	0	 
94	43	0	 
94	44	0	 
94	45	0	 
94	46	0	 
94	47	0	 
94	48	1	2
94	49	0	 
94	50	0	 
94	51	0	 
94	52	0	 
94	53	1	2
95	10	0	 
95	12	0	 
95	13	1	1
95	14	1	1
95	15	0	 
95	19	1	2
95	20	1	3
95	26	1	1
95	30	0	 
95	32	0	 
95	33	1	3
95	34	0	 
95	35	1	2
95	36	0	 
95	37	1	2
95	38	1	3
95	39	0	 
95	40	0	 
95	41	0	 
95	42	0	 
95	43	0	 
95	44	0	 
95	45	0	 
95	46	0	 
95	47	0	 
95	48	1	2
95	49	0	 
95	50	0	 
95	51	1	2
95	52	0	 
95	53	1	2
96	10	0	 
96	12	0	 
96	13	1	1
96	14	0	 
96	15	0	 
96	19	0	 
96	20	0	 
96	26	1	1
96	30	0	 
96	32	0	 
96	33	0	 
96	34	0	 
96	35	1	2
96	36	0	 
96	37	1	2
96	38	0	 
96	39	0	 
96	40	0	 
96	41	0	 
96	42	0	 
96	43	0	 
96	44	0	 
96	45	0	 
96	46	0	 
96	47	0	 
96	48	0	 
96	49	0	 
96	50	1	1
96	51	1	1
96	52	0	 
96	53	0	 
97	10	0	 
97	12	0	 
97	13	0	 
97	14	1	1
97	15	0	 
97	19	0	 
97	20	0	 
97	26	0	 
97	30	0	 
97	32	0	 
97	33	0	 
97	34	0	 
97	35	0	 
97	36	0	 
97	37	1	2
97	38	0	 
97	39	0	 
97	40	0	 
97	41	0	 
97	42	0	 
97	43	0	 
97	44	0	 
97	45	0	 
97	46	0	 
97	47	0	 
97	48	0	 
97	49	0	 
97	50	1	1
97	51	1	2
97	52	0	 
97	53	1	2
98	10	1	3
98	12	0	 
98	13	1	2
98	14	1	2
98	15	1	2
98	19	1	3
98	20	1	3
98	26	1	3
98	30	1	3
98	32	1	2
98	33	1	2
98	34	0	 
98	35	1	2
98	36	1	2
98	37	1	2
98	38	0	 
98	39	1	2
98	40	0	 
98	41	1	3
98	42	0	 
98	43	0	 
98	44	0	 
98	45	0	 
98	46	1	3
98	47	0	 
98	48	0	 
98	49	1	3
98	50	1	3
98	51	1	3
98	52	0	 
98	53	1	3
99	10	1	2
99	12	0	 
99	13	1	3
99	14	1	2
99	15	1	2
99	19	1	3
99	20	0	 
99	26	1	2
99	30	1	2
99	32	1	3
99	33	1	2
99	34	0	 
99	35	1	3
99	36	1	3
99	37	1	3
99	38	0	 
99	39	1	3
99	40	0	 
99	41	1	3
99	42	0	 
99	43	1	3
99	44	0	 
99	45	1	3
99	46	1	3
99	47	0	 
99	48	1	3
99	49	0	 
99	50	1	3
99	51	1	3
99	52	0	 
99	53	1	3
100	10	1	2
100	12	0	 
100	13	1	2
100	14	1	2
100	15	0	 
100	19	1	3
100	20	1	3
100	26	1	2
100	30	1	2
100	32	1	3
100	33	1	2
100	34	0	 
100	35	1	3
100	36	0	 
100	37	1	2
100	38	0	 
100	39	1	3
100	40	0	 
100	41	1	2
100	42	1	2
100	43	0	 
100	44	1	2
100	45	0	 
100	46	1	3
100	47	0	 
100	48	0	 
100	49	1	2
100	50	1	2
100	51	1	2
100	52	0	 
100	53	1	3
101	10	1	3
101	12	0	 
101	13	1	2
101	14	1	2
101	15	0	 
101	19	1	3
101	20	1	3
101	26	1	3
101	30	1	2
101	32	0	 
101	33	1	3
101	34	1	2
101	35	1	2
101	36	1	3
101	37	1	3
101	38	0	 
101	39	1	3
101	40	0	 
101	41	1	3
101	42	0	 
101	43	0	 
101	44	1	2
101	45	0	 
101	46	1	3
101	47	0	 
101	48	0	 
101	49	1	3
101	50	1	3
101	51	1	2
101	52	0	 
101	53	1	3
102	10	0	 
102	12	0	 
102	13	0	 
102	14	0	 
102	15	0	 
102	19	0	 
102	20	0	 
102	26	1	3
102	30	0	 
102	32	0	 
102	33	0	 
102	34	0	 
102	35	0	 
102	36	0	 
102	37	1	3
102	38	0	 
102	39	0	 
102	40	0	 
102	41	0	 
102	42	0	 
102	43	0	 
102	44	0	 
102	45	0	 
102	46	0	 
102	47	0	 
102	48	0	 
102	49	0	 
102	50	1	3
102	51	1	3
102	52	0	 
102	53	1	2
103	10	0	 
103	12	0	 
103	13	1	3
103	14	0	 
103	15	0	 
103	19	0	 
103	20	0	 
103	26	1	3
103	30	0	 
103	32	0	 
103	33	0	 
103	34	0	 
103	35	0	 
103	36	0	 
103	37	1	3
103	38	0	 
103	39	0	 
103	40	0	 
103	41	0	 
103	42	0	 
103	43	0	 
103	44	0	 
103	45	0	 
103	46	0	 
103	47	0	 
103	48	0	 
103	49	0	 
103	50	1	3
103	51	1	3
103	52	0	 
103	53	1	3
104	10	1	3
104	12	0	 
104	13	0	 
104	14	0	 
104	15	0	 
104	19	0	 
104	20	0	 
104	26	1	3
104	30	0	 
104	32	0	 
104	33	0	 
104	34	0	 
104	35	0	 
104	36	0	 
104	37	1	3
104	38	0	 
104	39	1	3
104	40	0	 
104	41	0	 
104	42	0	 
104	43	0	 
104	44	0	 
104	45	0	 
104	46	0	 
104	47	0	 
104	48	1	3
104	49	0	 
104	50	1	3
104	51	1	3
104	52	0	 
104	53	1	3
105	10	1	1
105	12	0	 
105	13	1	2
105	14	1	2
105	15	0	 
105	19	0	 
105	20	0	 
105	26	0	 
105	30	0	 
105	32	0	 
105	33	0	 
105	34	0	 
105	35	0	 
105	36	0	 
105	37	1	3
105	38	0	 
105	39	0	 
105	40	0	 
105	41	0	 
105	42	0	 
105	43	0	 
105	44	0	 
105	45	0	 
105	46	0	 
105	47	0	 
105	48	1	3
105	49	0	 
105	50	1	2
105	51	1	2
105	52	0	 
105	53	1	2
106	10	1	1
106	12	0	 
106	13	0	 
106	14	1	2
106	15	0	 
106	19	0	 
106	20	0	 
106	26	1	2
106	30	0	 
106	32	0	 
106	33	0	 
106	34	0	 
106	35	1	3
106	36	0	 
106	37	1	3
106	38	0	 
106	39	0	 
106	40	0	 
106	41	0	 
106	42	0	 
106	43	0	 
106	44	0	 
106	45	0	 
106	46	0	 
106	47	0	 
106	48	0	 
106	49	0	 
106	50	0	 
106	51	0	 
106	52	1	3
106	53	0	 
107	10	1	3
107	12	0	 
107	13	0	 
107	14	1	1
107	15	0	 
107	19	0	 
107	20	0	 
107	26	1	1
107	30	0	 
107	32	0	 
107	33	0	 
107	34	0	 
107	35	0	 
107	36	0	 
107	37	1	3
107	38	0	 
107	39	0	 
107	40	0	 
107	41	0	 
107	42	0	 
107	43	0	 
107	44	0	 
107	45	0	 
107	46	0	 
107	47	0	 
107	48	0	 
107	49	0	 
107	50	1	3
107	51	1	3
107	52	0	 
107	53	0	 
108	10	0	 
108	12	0	 
108	13	0	 
108	14	1	1
108	15	0	 
108	19	0	 
108	20	0	 
108	26	1	1
108	30	0	 
108	32	0	 
108	33	0	 
108	34	0	 
108	35	0	 
108	36	0	 
108	37	1	3
108	38	0	 
108	39	0	 
108	40	0	 
108	41	0	 
108	42	0	 
108	43	0	 
108	44	0	 
108	45	0	 
108	46	0	 
108	47	0	 
108	48	0	 
108	49	0	 
108	50	1	3
108	51	0	 
108	52	0	 
108	53	0	 
109	10	0	 
109	12	0	 
109	13	0	 
109	14	1	3
109	15	0	 
109	19	0	 
109	20	0	 
109	26	1	1
109	30	0	 
109	32	0	 
109	33	0	 
109	34	0	 
109	35	0	 
109	36	0	 
109	37	1	1
109	38	0	 
109	39	0	 
109	40	0	 
109	41	0	 
109	42	0	 
109	43	0	 
109	44	0	 
109	45	0	 
109	46	0	 
109	47	0	 
109	48	0	 
109	49	0	 
109	50	1	1
109	51	0	 
109	52	0	 
109	53	0	 
110	10	0	 
110	12	0	 
110	13	0	 
110	14	1	3
110	15	0	 
110	19	0	 
110	20	0	 
110	26	1	1
110	30	0	 
110	32	0	 
110	33	0	 
110	34	0	 
110	35	0	 
110	36	0	 
110	37	1	3
110	38	0	 
110	39	0	 
110	40	0	 
110	41	0	 
110	42	0	 
110	43	0	 
110	44	0	 
110	45	0	 
110	46	0	 
110	47	0	 
110	48	0	 
110	49	0	 
110	50	1	3
110	51	0	 
110	52	0	 
110	53	0	 
111	10	1	3
111	12	0	 
111	13	1	1
111	14	1	3
111	15	1	2
111	19	1	3
111	20	0	 
111	26	1	3
111	30	1	2
111	32	1	3
111	33	1	3
111	34	0	 
111	35	1	3
111	36	1	3
111	37	1	3
111	38	1	3
111	39	1	3
111	40	0	 
111	41	1	3
111	42	0	 
111	43	0	 
111	44	0	 
111	45	0	 
111	46	1	3
111	47	0	 
111	48	1	3
111	49	0	 
111	50	1	3
111	51	1	2
111	52	0	 
111	53	1	3
