PLACEID	SPIDR5	SUPKIND	WHOSUP	WHATSUP	YEARSUP	WHENSUP	FEQSUP
1011	1	5	13	25	-7777	-7777	13
1011	2	9	6	25	-7777	-7777	13
1021	1	16	15	0	2006	9999	4
1021	2	5	15	0	2006	9999	11
1021	3	2	42	0	2006	9999	12
1021	4	16	15	0	2006	9999	4
1021	5	20	15	0	2006	9999	11
1021	6	12	15	0	2008	2008	4
1021	7	28	15	0	2008	2008	5
1021	8	20	15	0	2007	2008	11
1021	9	5	13	0	2006	9999	11
1021	10	24	15	0	2006	9999	5
1022	1	20	15	0	2005	9999	13
1022	2	16	15	0	2005	9999	11
1022	3	16	15	0	2006	9999	11
1022	4	20	15	0	2006	9999	13
1022	5	20	15	0	2006	9999	11
1022	6	5	52	0	2006	9999	11
1022	7	28	52	0	2006	9999	7
1022	8	26	52	0	2006	9999	7
1022	9	20	15	0	2006	9999	11
1022	10	16	15	0	2007	9999	4
1022	11	19	15	0	2008	9999	13
1031	1	16	15	0	2006	9999	11
1031	2	5	15	0	2006	9999	4
1031	3	29	52	0	2006	9999	11
1031	4	20	15	0	2006	2008	9
1031	5	24	15	0	2006	2008	9
1031	6	12	15	0	2006	9999	4
1031	7	29	15	0	2006	9999	11
1031	8	19	15	0	2008	9999	13
1031	9	12	15	0	2006	9999	11
1031	10	16	15	0	2006	9999	4
1031	11	28	15	0	2006	9999	4
1031	12	5	13	0	2006	9999	11
1031	13	9	6	0	2006	9999	13
1031	14	2	42	0	2006	9999	13
1032	1	20	15	0	2008	9999	11
1032	2	16	15	0	2008	9999	11
1032	3	12	15	0	2006	9999	4
1032	4	19	15	0	2007	9999	13
1032	5	28	15	0	2006	9999	11
1032	6	16	15	0	2006	9999	4
1032	7	12	15	0	2006	9999	4
1032	8	30	15	0	2006	9999	7
1032	9	1	15	0	2009	9999	11
1032	10	2	15	0	2007	9999	7
2041	1	5	13	0	1990	9999	13
2041	2	6	6	0	-7777	9999	13
2041	3	7	6	7	1997	9999	13
2041	4	8	6	30	1988	9999	13
2041	5	9	6	0	2002	9999	13
2041	6	11	11	0	2000	9999	13
2051	1	4	39	21	1998	9999	7
2051	2	3	39	21	1998	9999	7
2051	3	5	13	31	1998	9999	7
2051	4	7	6	31	1987	9999	11
2051	5	8	6	31	1990	9999	13
2051	6	14	39	0	1998	9999	7
2051	7	19	14	31	2008	9999	13
2051	8	20	25	31	2008	9999	11
2061	1	12	20	31	2006	9999	1
2061	2	2	15	25	2008	9*999	1
2061	3	1	8	2	2009	9999	77
2071	1	4	39	9	1997	9999	12
2071	2	10	39	13	1997	9999	1
2071	3	12	11	26	1997	9999	11
2071	4	13	39	6	1997	9999	12
2071	5	14	39	27	1997	9999	2
2071	6	5	27	2	1997	9999	12
2071	7	2	6	21	1997	9999	12
3101	1	6	15	31	2003	9999	4
3101	2	13	8	2	2001	9999	9
3101	3	19	8	30	2001	9999	9
3101	4	12	8	31	2001	9999	13
3101	5	6	8	31	2001	9999	13
3101	6	12	43	31	1994	9999	4
3101	7	5	43	31	1994	9999	3
3101	8	20	33	2	2008	9999	11
3101	9	5	13	31	1994	9999	11
4121	1	1	5	2	-7777	-7777	12
4121	2	9	6	25	-7777	-7777	13
4121	3	5	13	25	-7777	-7777	13
4121	4	16	14	25	-7777	-7777	4
4131	1	1	5	2	1995	9999	11
4131	2	5	13	31	1994	9999	11
4131	3	9	6	31	1995	9999	13
4131	4	30	7	31	1995	9999	12
4141	1	9	45	7	1993	9999	13
4141	2	5	13	31	1997	9999	13
4141	3	8	6	21	1993	9999	13
4141	4	16	15	30	2004	9999	9
4141	5	30	6	6	2004	9999	13
4143	1	2	15	31	2003	9999	11
4143	2	5	15	6	2000	9999	13
4143	3	6	15	31	2004	9999	13
4143	4	7	6	29	-777	9999	13
4143	5	8	6	31	2002	9999	13
4143	6	9	6	31	2002	9999	13
4143	7	11	6	7	-777	9999	13
4143	8	12	15	29	1990	9999	13
4143	9	28	13	31	2001	9999	13
4143	10	29	15	31	1990	9999	13
4144	1	5	13	20	2004	9999	1
4144	2	7	15	15	1999	9999	11
4144	3	8	6	2	2003	9999	13
4144	4	6	15	5	2005	9999	13
4144	5	9	6	2	2000	9999	13
4144	6	11	6	24	2000	9999	11
4144	7	12	4	4	-7777	9999	6
4144	8	28	5	6	1996	9999	8
4151	1	1	5	2	-777	9999	5
4151	2	2	15	28	-777	9999	8
4151	3	3	5	17	1994	9999	6
4151	4	5	13	31	2001	9999	13
4151	5	8	6	31	-7777	9999	13
4151	6	9	6	31	-7777	9999	13
4151	8	14	5	10	-7777	9999	5
4161	1	1	5	2	1995	9999	13
4161	2	9	6	26	1997	9999	11
4161	3	3	5	10	1998	9999	10
4161	4	4	5	10	1998	9999	10
4161	5	5	13	31	2004	9999	4
4161	6	8	6	31	2001	9999	11
4161	7	14	5	31	1998	9999	11
5171	1	1	5	2	1998	9999	4
5171	2	3	28	9	-7777	9999	11
5171	3	4	28	9	-7777	9999	11
5171	4	7	6	0	-7777	9999	13
5171	5	9	6	30	-7777	9999	11
5171	6	8	6	0	-7777	9999	11
5171	7	13	15	2	2007	9999	4
5171	8	14	28	0	-7777	9999	11
5171	9	28	28	0	2006	9999	4
5171	10	26	1	0	2007	9999	5
5171	11	25	20	0	2007	9999	6
5171	12	16	20	0	2007	9999	4
5171	13	19	28	0	2008	2008	7
5171	14	23	22	0	2004	9999	11
5171	15	13	8	2	2007	9999	5
5171	16	10	8	0	2007	9999	5
5171	17	15	20	0	2008	9999	4
5171	18	1	20	2	2008	2009	5
5171	19	1	15	25	1995	9999	11
5171	20	1	8	18	2008	9999	4
5201	1	4	28	4	2000	9999	11
5201	2	4	28	3	2000	9999	11
5201	3	1	5	2	1995	9999	5
5201	4	5	1	2	2000	9999	4
5201	5	7	6	0	1990	9999	13
5201	6	8	6	0	-7777	9999	9
5201	7	9	6	0	1997	9999	11
5201	8	10	22	0	2002	9999	11
5201	9	14	19	0	2000	9999	11
5201	10	17	15	0	2002	2007	4
5201	11	19	22	0	2001	2007	13
5201	12	21	15	0	2005	9999	5
5201	13	17	15	0	2008	9999	4
5201	14	23	23	31	2007	9999	11
5201	15	10	15	1	-7777	9999	9
5201	16	10	15	0	2006	9999	9
5201	17	15	15	0	2008	2009	5
5201	18	2	15	0	2006	9999	11
5201	19	13	15	0	2008	9999	4
5201	20	25	15	0	2008	2009	5
5201	21	25	15	0	2005	2007	5
5201	22	22	19	0	2004	9999	4
5201	23	28	8	0	-7777	9999	5
5201	24	24	20	0	2006	9999	9
5201	25	24	20	0	2007	9999	5
5201	26	24	15	0	2008	9999	5
5201	27	24	15	0	2008	2009	5
