CHILDID	REMID	REMREL	REMQNT	REMTYPE	V1070403
VN010001	1	3	15	3	2
VN010001	2	2	10	3	1
VN010002	1	3	5	3	2
VN010002	2	2	2	3	1
VN010003	1	3	5	3	1
VN010003	2	2	8	3	1
VN010004	1	3	12	3	2
VN010004	2	2	7	3	2
VN010004	3	4	6	3	2
VN010004	4	5	3	2	2
VN010005	1	3	2	2	2
VN010005	2	2	3	2	2
VN010007	1	2	6	3	1
VN010007	2	3	12	3	1
VN010008	1	2	5	2	2
VN010008	2	3	3	2	2
VN010013	1	2	4	3	1
VN010013	2	3	5	3	1
VN010014	1	2	10	3	1
VN010014	2	3	5	2	1
VN010014	3	5	5	2	1
VN010014	4	6	1	2	2
VN010015	1	2	6	2	1
VN010015	2	3	60	2	1
VN010015	3	4	10	2	1
VN010016	1	3	2	1	1
VN010017	1	3	3	1	1
VN010017	2	2	3	1	1
VN010018	1	3	4	1	1
VN010018	2	2	3	2	1
VN010018	3	1	1	2	1
VN010019	1	3	3	3	1
VN010024	1	3	12	2	2
VN010024	2	2	10	1	2
VN010024	3	4	5	1	2
VN010027	1	2	16	3	1
VN010027	2	3	18	3	1
VN010027	3	5	15	3	1
VN010031	1	3	2	3	1
VN010031	2	2	8	3	1
VN010032	1	3	120	3	2
VN010032	2	2	78	3	2
VN010032	3	5	24	3	2
VN010033	1	3	260	3	2
VN010033	2	2	140	3	2
VN010033	3	5	3	1	2
VN010036	1	2	3	3	1
VN010036	2	3	5	3	1
VN010037	1	3	5	3	2
VN010037	2	2	5	1	2
VN010038	1	3	5	2	1
VN010038	2	2	15	1	1
VN010039	1	3	10	2	1
VN010039	2	2	5	1	1
VN010041	1	2	15	1	1
VN010041	2	3	5	1	1
VN010043	1	2	10	1	1
VN010043	2	3	15	3	1
VN010043	3	4	2	1	1
VN010044	1	2	16	3	1
VN010044	2	3	7	3	1
VN010044	3	5	6	3	1
VN010048	1	2	3	2	1
VN010050	1	2	5	3	1
VN010050	2	3	3	3	1
VN010051	1	2	4	2	2
VN010051	2	3	5	2	2
VN010051	3	5	4	2	2
VN010052	1	3	5	1	2
VN010052	2	2	10	3	2
VN010052	3	5	10	1	2
VN010052	4	4	4	2	2
VN010054	1	2	10	3	1
VN010054	2	3	6	3	1
VN010055	1	3	6	2	2
VN010055	2	2	7	3	2
VN010055	3	5	3	2	2
VN010061	1	2	6	2	1
VN010062	1	2	5	1	2
VN010063	1	3	40	3	1
VN010064	1	2	2	3	1
VN010064	2	3	5	3	1
VN010064	3	5	4	2	1
VN010069	1	2	10	3	1
VN010069	2	3	12	3	1
VN010070	1	2	5	3	1
VN010070	2	3	6	3	1
VN010072	1	2	8	3	1
VN010072	2	3	3	3	1
VN010073	1	2	7	3	1
VN010073	2	3	5	3	1
VN010074	1	3	3	3	2
VN010074	2	2	3	2	2
VN010074	3	5	7	1	2
VN010075	1	3	6	3	2
VN010075	2	2	2	1	2
VN010075	3	5	3	1	2
VN010082	1	2	10	2	1
VN010088	1	2	3	3	1
VN010088	2	3	4	3	1
VN010089	1	3	5	2	1
VN010093	1	2	4	3	1
VN010093	2	3	10	3	1
VN010093	3	5	4	2	1
VN010096	1	2	1	2	1
VN010096	2	3	6	3	1
VN010096	3	5	5	2	1
VN010097	1	3	10	3	1
VN010097	2	2	7	2	1
VN010097	3	4	48	2	1
VN010097	4	5	10	2	1
VN010100	1	2	15	1	1
VN010100	2	3	10	1	1
VN010100	3	4	12	1	1
VN010100	4	5	20	1	1
VN010104	1	2	170	3	1
VN010104	2	3	170	3	1
VN010104	3	4	60	3	1
VN010104	4	5	48	3	1
VN010109	1	3	18	2	1
VN010109	2	2	2	2	1
VN010109	3	4	1	1	1
VN010109	4	5	3	2	1
VN010118	1	2	6	3	1
VN010118	2	3	8	3	1
VN010121	1	2	15	3	2
VN010121	2	3	10	1	2
VN010124	1	2	8	3	1
VN010124	2	3	5	3	1
VN010140	1	3	2	3	1
VN010140	2	2	4	3	1
VN020001	1	2	3	3	1
VN020001	2	3	4	3	1
VN020002	1	2	6	3	1
VN020002	2	3	2	3	1
VN020003	1	2	6	3	1
VN020003	2	3	4	3	1
VN020004	1	3	240	3	2
VN020004	2	2	180	3	2
VN020004	3	5	2	3	2
VN020005	1	2	5	3	1
VN020005	2	3	2	3	1
VN020007	1	2	24	2	1
VN020007	2	3	24	1	1
VN020007	3	5	24	3	1
VN020009	1	2	2	3	2
VN020009	2	3	3	3	2
VN020012	1	3	3	1	2
VN020012	2	2	5	1	2
VN020016	1	3	10	1	2
VN020016	2	2	4	1	2
VN020017	1	3	5	3	1
VN020017	2	2	2	2	1
VN020018	1	2	1	1	2
VN020018	2	3	2	3	1
VN020022	1	3	10	2	2
VN020022	2	2	8	2	1
VN020022	3	5	15	1	1
VN020023	1	2	36	3	1
VN020023	2	3	36	3	1
VN020025	1	3	5	1	2
VN020025	2	2	3	1	2
VN020027	1	3	15	3	2
VN020028	1	2	8	3	1
VN020028	2	3	10	3	1
VN020028	3	5	8	3	1
VN020029	1	2	2	3	1
VN020029	2	3	13	2	1
VN020029	3	4	1	2	1
VN020029	4	5	14	3	1
VN020032	1	3	4	3	2
VN020033	1	3	2	1	2
VN020034	1	2	1	1	2
VN020039	1	2	8	3	1
VN020039	2	3	6	3	1
VN020044	1	3	2	1	1
VN020046	1	3	4	1	2
VN020046	2	2	3	1	1
VN020046	3	5	5	1	1
VN020047	1	2	5	1	2
VN020047	2	3	10	2	1
VN020050	1	2	24	3	2
VN020050	2	3	24	3	2
VN020050	3	5	96	3	2
VN020053	1	2	240	3	1
VN020053	2	3	240	3	1
VN020053	3	4	60	3	1
VN020054	1	3	50	2	1
VN020055	1	2	120	1	1
VN020055	2	3	24	3	1
VN020055	3	5	10	2	1
VN020062	1	3	3	2	2
VN020062	2	2	4	3	2
VN020063	1	2	4	3	1
VN020063	2	3	5	3	1
VN020065	1	3	30	3	1
VN020066	1	2	5	3	1
VN020066	2	3	4	3	1
VN020068	1	3	5	2	2
VN020073	1	2	6	3	1
VN020073	2	3	5	3	1
VN020075	1	2	5	2	1
VN020075	2	5	3	2	1
VN020077	1	2	6	2	1
VN020079	1	3	7	3	2
VN020080	1	2	10	3	1
VN020080	2	3	15	3	1
VN020083	1	3	10	3	2
VN020087	1	2	36	2	1
VN020087	2	3	36	2	1
VN020087	3	5	24	2	1
VN020088	1	2	6	3	2
VN020088	2	3	3	3	1
VN020089	1	3	10	1	2
VN020089	2	2	2	2	1
VN020090	1	2	6	2	1
VN020090	2	3	13	3	1
VN020091	1	2	1	2	2
VN020092	1	2	3	3	2
VN020094	1	3	20	3	2
VN020094	2	2	30	3	2
VN020094	3	5	5	3	2
VN020095	1	2	120	3	1
VN020095	2	3	120	3	2
VN020095	3	5	24	2	1
VN020096	1	2	10	3	2
VN020096	2	3	20	3	2
VN020099	1	2	5	3	1
VN020099	2	3	12	3	1
VN020099	3	3	3	3	2
VN020105	1	2	10	3	2
VN020105	2	3	17	3	2
VN020106	1	3	2	2	2
VN020106	2	2	1	1	2
VN020108	1	3	20	2	1
VN020110	1	2	84	3	1
VN020110	2	3	72	3	1
VN020110	3	5	72	2	1
VN020113	1	3	1	2	2
VN020113	2	2	5	2	2
VN020114	1	2	3	3	1
VN020114	2	3	6	3	1
VN020125	1	3	7	3	2
VN020125	2	2	4	3	2
VN020129	1	2	6	3	1
VN020129	2	3	4	3	1
VN020131	1	2	2	2	1
VN020131	2	3	2	3	1
VN030002	1	1	4	1	1
VN030004	1	3	4	3	1
VN030004	2	2	6	3	1
VN030008	1	3	180	2	2
VN030008	2	2	10	2	2
VN030010	1	3	12	2	1
VN030010	2	2	6	2	1
VN030010	3	5	12	2	1
VN030011	1	3	5	3	1
VN030013	1	2	14	3	1
VN030019	1	2	6	3	2
VN030019	2	3	12	3	2
VN030019	3	5	4	2	1
VN030020	1	3	5	3	1
VN030020	2	2	6	1	1
VN030020	3	5	3	1	1
VN030021	1	3	10	3	2
VN030021	2	2	10	3	2
VN030021	3	5	5	1	2
VN030022	1	3	3	1	1
VN030022	2	2	7	2	1
VN030022	3	5	3	1	1
VN030025	1	2	6	3	1
VN030025	2	3	10	3	1
VN030027	1	2	2	2	1
VN030027	2	3	2	2	1
VN030028	1	3	3	3	1
VN030034	1	2	20	3	2
VN030034	2	3	10	3	2
VN030036	1	2	6	3	1
VN030036	2	3	3	3	1
VN030040	1	3	12	3	2
VN030044	1	3	50	3	1
VN030046	1	3	5	3	2
VN030047	1	3	2	1	1
VN030047	2	2	2	1	1
VN030049	1	3	3	1	1
VN030051	1	3	5	3	2
VN030051	2	2	6	2	2
VN030051	3	5	8	3	2
VN030052	1	3	180	3	2
VN030052	2	2	30	2	2
VN030052	3	5	50	1	2
VN030056	1	2	3	3	1
VN030057	1	3	3	2	1
VN030057	2	2	2	1	1
VN030067	1	3	5	3	1
VN030067	2	2	6	3	1
VN030071	1	3	3	2	1
VN030071	2	2	36	3	2
VN030071	3	5	6	2	1
VN030072	1	2	1	3	1
VN030072	2	3	5	1	1
VN030072	3	1	20	3	1
VN030073	1	2	5	3	1
VN030073	2	3	3	3	1
VN030074	1	2	8	3	1
VN030074	2	3	5	3	1
VN030075	1	2	2	1	1
VN030075	2	3	10	1	1
VN030075	3	5	2	1	1
VN030077	1	3	5	2	1
VN030078	1	3	30	3	2
VN030078	2	2	3	1	2
VN030081	1	5	2	2	1
VN030083	1	2	2	3	1
VN030086	1	3	5	3	1
VN030086	2	2	4	2	1
VN030092	1	2	4	3	1
VN030092	2	3	2	3	1
VN030093	1	3	30	3	2
VN030094	1	2	50	2	1
VN030094	2	3	70	3	1
VN030094	3	5	30	2	1
VN030096	1	2	16	3	1
VN030096	2	3	8	3	1
VN030097	1	2	3	3	1
VN030097	2	3	2	3	1
VN030097	3	4	2	3	1
VN030098	1	2	4	3	1
VN030098	2	3	8	3	1
VN030100	1	2	20	3	2
VN030100	2	3	20	2	1
VN030100	3	5	30	2	1
VN030132	1	3	3	1	1
VN030132	2	2	48	3	1
VN030132	3	5	3	2	1
VN030138	1	2	5	3	1
VN030138	2	3	3	3	1
VN040001	1	3	5	3	2
VN040001	2	2	2	1	2
VN040002	1	2	5	3	1
VN040002	2	3	7	3	1
VN040003	1	3	2	2	1
VN040005	1	3	6	3	2
VN040006	1	3	1	1	2
VN040007	1	2	36	2	1
VN040007	2	3	120	2	1
VN040008	1	2	60	3	1
VN040008	2	3	60	3	1
VN040009	1	3	2	2	2
VN040013	1	3	4	3	2
VN040016	1	2	2	1	2
VN040016	2	3	2	2	2
VN040018	1	2	72	3	1
VN040018	2	3	72	3	1
VN040018	3	5	36	2	1
VN040021	1	2	10	3	1
VN040021	2	3	40	3	1
VN040022	1	2	2	3	2
VN040023	1	3	10	3	1
VN040023	2	5	20	3	1
VN040024	1	3	10	2	1
VN040025	1	3	10	2	1
VN040026	1	3	5	3	1
VN040028	1	2	1	1	2
VN040030	1	3	5	3	1
VN040030	2	2	20	1	2
VN040031	1	2	60	3	1
VN040031	2	3	60	3	1
VN040033	1	3	4	2	1
VN040033	2	2	2	1	2
VN040035	1	3	5	2	1
VN040035	2	2	1	2	1
VN040036	1	3	12	2	2
VN040036	2	2	12	3	2
VN040036	3	5	10	1	2
VN040037	1	3	3	3	2
VN040037	2	2	3	2	2
VN040038	1	3	240	3	1
VN040038	2	2	36	3	1
VN040044	1	3	4	3	2
VN040045	1	3	10	2	1
VN040046	1	2	36	3	1
VN040046	2	3	24	3	1
VN040046	3	4	12	2	1
VN040046	4	5	1	2	1
VN040047	1	2	2	2	1
VN040047	2	3	6	3	1
VN040048	1	3	24	3	2
VN040048	2	2	8	3	2
VN040049	1	2	2	1	2
VN040051	1	2	10	3	1
VN040051	2	3	6	3	1
VN040052	1	3	3	1	2
VN040053	1	2	240	3	1
VN040053	2	3	60	3	1
VN040053	3	4	120	3	1
VN040053	4	5	240	2	1
VN040054	1	3	10	2	1
VN040054	2	2	3	3	1
VN040054	3	5	2	1	1
VN040055	1	2	5	3	1
VN040055	2	3	3	3	1
VN040056	1	2	6	3	1
VN040056	2	3	3	3	1
VN040058	1	2	5	3	1
VN040058	2	3	6	3	1
VN040060	1	3	6	3	2
VN040060	2	2	3	3	1
VN040061	1	2	2	2	1
VN040061	2	3	3	3	1
VN040061	3	5	40	2	1
VN040064	1	3	2	2	1
VN040064	2	2	3	2	1
VN040066	1	3	3	1	1
VN040066	2	2	1	1	1
VN040069	1	2	36	3	1
VN040069	2	3	2	3	1
VN040070	1	2	60	2	1
VN040070	2	3	60	3	1
VN040071	1	3	12	1	2
VN040071	2	2	2	1	2
VN040073	1	2	5	3	2
VN040073	2	3	7	3	1
VN040076	1	3	30	2	1
VN040077	1	2	6	3	1
VN040077	2	3	5	3	1
VN040078	1	2	3	3	1
VN040078	2	3	5	3	1
VN040079	1	2	4	3	1
VN040079	2	3	6	3	1
VN040082	1	3	7	1	2
VN040085	1	3	3	1	2
VN040085	2	2	8	3	2
VN040087	1	3	3	3	1
VN040087	2	2	4	1	1
VN040088	1	3	15	3	2
VN040088	2	2	4	3	1
VN040091	1	3	3	3	2
VN040091	2	2	2	3	2
VN040092	1	2	120	3	2
VN040092	2	3	240	3	2
VN040092	3	4	2	1	1
VN040092	4	5	24	2	1
VN040093	1	2	60	3	1
VN040093	2	3	375	3	1
VN040093	3	5	42	3	1
VN040094	1	2	8	3	2
VN040094	2	3	6	3	2
VN040095	1	3	24	2	1
VN040095	2	2	60	2	1
VN040096	1	2	4	3	1
VN040096	2	3	2	3	1
VN040097	1	3	120	3	2
VN040097	2	2	60	2	2
VN040098	1	2	5	2	2
VN040098	2	3	8	3	1
VN040100	1	3	9	3	2
VN040106	1	2	7	3	1
VN040106	2	3	6	3	2
VN040108	1	3	2	2	2
VN040108	2	4	2	2	1
VN040119	1	3	4	3	2
VN040119	2	2	3	2	2
VN040122	1	3	40	3	2
VN040151	1	3	6	3	1
VN040151	2	2	3	3	1
VN040171	1	3	10	2	1
VN040174	1	2	1	1	2
VN050002	1	3	1	1	2
VN050003	1	3	5	3	2
VN050003	2	2	10	1	2
VN050004	1	2	1	3	1
VN050004	2	3	12	3	1
VN050004	3	5	6	2	1
VN050005	1	3	1	2	1
VN050007	1	2	3	3	2
VN050009	1	2	5	3	1
VN050009	2	3	4	3	1
VN050010	1	3	1	1	1
VN050010	2	2	1	1	1
VN050011	1	3	5	3	1
VN050011	2	2	3	3	1
VN050012	1	2	4	3	1
VN050012	2	3	12	3	1
VN050013	1	2	240	3	1
VN050013	2	3	15	3	1
VN050013	3	4	12	2	1
VN050013	4	5	60	2	1
VN050015	1	3	10	3	2
VN050015	2	2	4	3	1
VN050015	3	4	4	2	1
VN050017	1	2	1	1	1
VN050018	1	3	12	3	2
VN050019	1	3	3	1	1
VN050019	2	2	2	2	1
VN050019	3	5	2	2	1
VN050021	1	2	5	3	2
VN050021	2	3	4	3	2
VN050022	1	3	12	3	1
VN050023	1	3	3	1	2
VN050024	1	3	10	3	1
VN050025	1	2	10	2	1
VN050025	2	3	2	2	1
VN050025	3	5	20	2	1
VN050026	1	3	12	1	1
VN050027	1	3	50	3	2
VN050028	1	2	3	2	1
VN050028	2	3	25	2	1
VN050028	3	5	7	2	1
VN050029	1	3	4	2	1
VN050033	1	1	12	3	1
VN050033	2	2	3	3	1
VN050033	3	3	2	3	1
VN050033	4	5	4	3	1
VN050036	1	2	6	3	1
VN050036	2	3	8	3	2
VN050037	1	2	5	3	2
VN050037	2	3	2	3	1
VN050040	1	3	4	2	2
VN050041	1	2	2	2	1
VN050041	2	3	4	3	1
VN050041	3	5	5	2	1
VN050042	1	3	365	3	1
VN050042	2	2	48	1	1
VN050042	3	5	60	2	1
VN050043	1	3	20	2	1
VN050043	2	2	7	1	1
VN050044	1	2	144	3	1
VN050044	2	3	24	3	1
VN050044	3	5	12	2	1
VN050045	1	3	5	2	1
VN050045	2	2	2	2	1
VN050046	1	2	12	2	2
VN050046	2	3	3	3	1
VN050046	3	4	120	2	2
VN050047	1	2	22	3	1
VN050047	2	3	300	3	1
VN050049	1	3	3	1	1
VN050053	1	3	15	2	1
VN050054	1	3	50	3	2
VN050055	1	3	10	1	2
VN050056	1	3	2	3	1
VN050056	2	2	2	3	1
VN050058	1	2	2	2	1
VN050058	2	5	2	2	1
VN050060	1	2	6	3	1
VN050060	2	3	3	1	1
VN050060	3	6	2	2	2
VN050061	1	2	4	3	1
VN050061	2	3	2	3	1
VN050062	1	3	5	3	1
VN050065	1	2	4	1	1
VN050065	2	3	3	3	1
VN050068	1	3	10	1	2
VN050070	1	3	12	3	1
VN050073	1	2	12	3	1
VN050073	2	3	24	2	1
VN050079	1	2	5	3	1
VN050079	2	3	14	3	1
VN050079	3	5	5	3	1
VN050080	1	1	2	2	1
VN050080	2	2	36	3	1
VN050080	3	5	12	2	1
VN050083	1	3	1	1	2
VN050085	1	2	18	3	2
VN050086	1	2	10	2	1
VN050086	2	3	20	3	1
VN050086	3	5	10	2	1
VN050087	1	2	6	3	1
VN050087	2	3	2	1	1
VN050091	1	2	16	3	2
VN050093	1	3	3	3	1
VN050094	1	2	4	3	2
VN050094	2	3	3	3	1
VN050098	1	3	3	1	1
VN050104	1	3	1	1	2
VN050104	2	2	15	1	2
VN050105	1	3	100	3	2
VN050108	1	2	5	3	1
VN050108	2	3	3	3	1
VN050109	1	3	10	3	1
VN050109	2	5	6	2	1
VN050115	1	2	24	3	2
VN050115	2	3	36	3	1
VN050115	3	5	6	2	1
VN050117	1	2	3	2	1
VN050118	1	2	2	3	2
VN060002	1	2	120	2	1
VN060002	2	3	120	3	1
VN060003	1	2	3	1	2
VN060005	1	2	36	2	1
VN060005	2	3	12	2	1
VN060009	1	3	4	3	2
VN060009	2	5	2	2	1
VN060010	1	3	5	1	1
VN060013	1	2	5	1	2
VN060014	1	3	1	1	2
VN060019	1	2	6	3	1
VN060019	2	3	4	3	1
VN060020	1	2	2	3	1
VN060020	2	5	4	3	1
VN060023	1	2	24	2	1
VN060023	2	3	36	3	1
VN060023	3	5	60	3	1
VN060024	1	3	2	2	1
VN060025	1	2	2	3	1
VN060025	2	3	8	1	1
VN060025	3	5	2	2	1
VN060026	1	2	3	2	1
VN060026	2	3	4	2	1
VN060028	1	3	15	3	2
VN060029	1	2	6	3	1
VN060029	2	3	4	3	1
VN060033	1	3	10	3	1
VN060033	2	2	5	3	1
VN060034	1	3	2	3	1
VN060035	1	2	2	1	1
VN060035	2	3	5	1	1
VN060036	1	3	10	3	2
VN060036	2	2	5	3	2
VN060036	3	5	2	1	2
VN060037	1	2	10	3	1
VN060038	1	3	5	1	1
VN060038	2	2	3	1	2
VN060040	1	2	3	1	2
VN060040	2	3	3	3	1
VN060041	1	2	4	3	1
VN060041	2	3	2	3	1
VN060043	1	2	30	3	1
VN060043	2	3	25	2	1
VN060043	3	5	10	3	1
VN060045	1	2	24	3	1
VN060045	2	3	180	3	1
VN060045	3	4	4	3	1
VN060045	4	5	48	2	1
VN060048	1	3	20	2	2
VN060049	1	2	12	1	1
VN060049	2	3	6	1	1
VN060052	1	2	2	2	1
VN060052	2	3	3	3	1
VN060053	1	3	2	3	1
VN060053	2	2	2	1	2
VN060058	1	2	2	1	1
VN060058	2	3	6	3	1
VN060059	1	3	10	1	1
VN060061	1	3	2	2	2
VN060061	2	2	2	3	2
VN060063	1	3	1	1	1
VN060063	2	2	1	1	2
VN060064	1	3	24	2	2
VN060064	2	2	2	2	2
VN060064	3	5	1	2	2
VN060066	1	2	12	3	1
VN060066	2	3	240	2	1
VN060066	3	4	12	2	1
VN060066	4	5	12	2	1
VN060067	1	2	6	3	2
VN060068	1	2	6	3	1
VN060068	2	3	3	3	1
VN060069	1	2	4	3	1
VN060069	2	3	3	3	1
VN060070	1	3	15	2	1
VN060070	2	2	7	2	1
VN060071	1	3	15	2	2
VN060071	2	2	2	1	2
VN060071	3	5	12	2	2
VN060073	1	2	7	3	1
VN060073	2	3	6	3	1
VN060073	3	5	6	3	1
VN060075	1	2	48	2	1
VN060075	2	3	3	3	1
VN060075	3	5	36	2	1
VN060076	1	2	2	3	1
VN060078	1	3	7	2	2
VN060079	1	1	5	1	1
VN060080	1	2	6	3	1
VN060080	2	3	4	3	1
VN060081	1	2	6	3	1
VN060081	2	3	4	3	1
VN060082	1	3	10	3	1
VN060082	2	2	5	2	1
VN060084	1	2	2	3	1
VN060084	2	3	5	3	1
VN060085	1	2	3	2	1
VN060087	1	2	4	3	1
VN060087	2	4	3	2	1
VN060088	1	2	36	3	1
VN060088	2	3	24	3	1
VN060088	3	4	12	2	1
VN060089	1	2	2	1	2
VN060092	1	2	10	3	1
VN060092	2	3	10	3	1
VN060093	1	2	5	3	1
VN060093	2	3	6	3	1
VN060097	1	3	4	1	1
VN060099	1	5	8	2	1
VN060099	2	2	12	3	2
VN060100	1	3	2	2	1
VN060106	1	2	5	1	2
VN060109	1	2	8	3	1
VN060109	2	3	6	3	1
VN060111	1	3	12	3	2
VN060119	1	2	60	3	1
VN060119	2	3	365	3	1
VN060127	1	3	6	3	1
VN060127	2	2	2	1	1
VN070001	1	2	3	3	2
VN070001	2	3	2	3	2
VN070003	1	3	2	1	2
VN070003	2	2	3	2	2
VN070005	1	3	3	3	2
VN070006	1	3	3	3	1
VN070006	2	2	2	3	1
VN070007	1	2	1	1	2
VN070008	1	2	6	3	2
VN070008	2	3	2	1	1
VN070011	1	2	3	3	2
VN070012	1	2	5	3	1
VN070012	2	3	5	3	1
VN070012	3	5	10	2	1
VN070012	4	5	15	2	1
VN070013	1	3	6	3	2
VN070013	2	5	5	2	1
VN070017	1	2	3	3	1
VN070017	2	3	36	2	1
VN070017	3	5	365	2	1
VN070018	1	2	6	1	2
VN070019	1	2	12	3	1
VN070019	2	3	12	3	1
VN070021	1	2	3	3	1
VN070021	2	3	3	3	1
VN070021	3	5	4	2	1
VN070023	1	3	4	1	1
VN070023	2	2	1	1	2
VN070025	1	2	3	3	2
VN070026	1	3	20	2	1
VN070028	1	2	25	1	1
VN070028	2	3	3	1	2
VN070029	1	2	6	1	1
VN070029	2	3	2	1	1
VN070029	3	5	3	1	1
VN070030	1	3	5	3	1
VN070032	1	3	3	3	1
VN070034	1	3	10	2	1
VN070037	1	3	10	3	1
VN070037	2	2	3	3	1
VN070037	3	5	20	2	1
VN070039	1	4	3	2	1
VN070039	2	5	3	2	1
VN070040	1	2	2	2	1
VN070040	2	3	2	2	1
VN070040	3	5	3	2	1
VN070041	1	3	10	3	1
VN070042	1	3	10	3	1
VN070043	1	3	5	3	1
VN070044	1	3	3	3	1
VN070044	2	2	2	3	1
VN070045	1	2	5	2	1
VN070045	2	3	5	2	1
VN070046	1	2	120	3	1
VN070046	2	3	28	3	1
VN070051	1	2	60	3	1
VN070051	2	3	60	3	1
VN070051	3	4	15	2	1
VN070052	1	2	6	2	2
VN070052	2	3	20	3	2
VN070052	3	5	5	2	2
VN070053	1	2	4	2	1
VN070055	1	3	2	1	1
VN070061	1	1	12	3	1
VN070061	2	3	2	3	1
VN070063	1	3	2	3	2
VN070063	2	2	2	1	2
VN070063	3	5	5	1	2
VN070064	1	3	36	1	1
VN070064	2	2	4	2	1
VN070064	3	5	5	2	1
VN070065	1	2	5	3	2
VN070066	1	3	2	1	1
VN070067	1	2	4	3	2
VN070068	1	2	10	2	1
VN070068	2	3	15	3	1
VN070068	3	5	5	2	1
VN070069	1	2	2	3	1
VN070069	2	3	3	3	1
VN070069	3	5	2	2	1
VN070073	1	3	2	3	1
VN070074	1	3	2	2	1
VN070074	2	2	2	2	1
VN070075	1	2	15	2	1
VN070075	2	3	24	2	1
VN070076	1	3	10	3	1
VN070077	1	3	4	3	2
VN070077	2	2	5	3	2
VN070077	3	5	14	1	2
VN070079	1	3	4	3	1
VN070081	1	3	10	3	1
VN070081	2	2	15	3	1
VN070082	1	2	12	3	1
VN070082	2	3	3	3	1
VN070082	3	4	10	2	1
VN070082	4	5	11	2	1
VN070083	1	2	240	3	1
VN070083	2	3	36	3	1
VN070083	3	5	10	2	1
VN070084	1	2	3	2	1
VN070084	2	3	2	2	1
VN070084	3	5	20	2	1
VN070086	1	2	12	2	1
VN070086	2	3	12	2	1
VN070086	3	4	12	2	1
VN070086	4	5	12	2	1
VN070087	1	3	6	3	1
VN070087	2	2	2	3	1
VN070088	1	3	5	3	2
VN070088	2	2	4	3	2
VN070090	1	3	360	3	2
VN070090	2	2	5	2	1
VN070091	1	3	10	3	1
VN070091	2	5	4	2	1
VN070093	1	4	3	3	2
VN070093	2	2	4	3	2
VN070098	1	2	3	1	1
VN070099	1	3	30	3	2
VN070099	2	2	36	3	2
VN070100	1	2	2	3	1
VN070100	2	3	2	2	1
VN070105	1	2	36	2	1
VN070105	2	3	12	3	1
VN070105	3	4	3	3	1
VN070123	1	2	365	3	1
VN070123	2	3	350	3	1
VN070123	3	5	24	2	1
VN070124	1	3	5	1	1
VN070125	1	2	36	3	1
VN070125	2	3	72	3	1
VN080001	1	3	8	3	2
VN080001	2	2	6	3	2
VN080002	1	3	4	3	2
VN080003	1	2	3	2	2
VN080004	1	2	5	3	2
VN080004	2	3	3	3	1
VN080005	1	2	3	3	2
VN080009	1	2	5	2	1
VN080009	2	3	2	2	1
VN080011	1	3	3	3	1
VN080011	2	2	10	3	1
VN080012	1	2	4	1	2
VN080014	1	3	5	3	2
VN080014	2	2	7	3	2
VN080015	1	2	12	3	2
VN080016	1	3	120	3	2
VN080016	2	2	3	2	1
VN080017	1	3	2	1	1
VN080019	1	2	2	1	1
VN080019	2	3	10	3	1
VN080019	3	5	10	3	1
VN080020	1	2	10	3	1
VN080020	2	3	6	1	1
VN080021	1	2	6	3	1
VN080021	2	3	5	3	1
VN080021	3	5	2	2	1
VN080022	1	2	5	1	2
VN080022	2	3	5	3	1
VN080024	1	2	3	2	1
VN080024	2	3	4	2	1
VN080024	3	5	3	2	1
VN080025	1	3	2	2	1
VN080026	1	2	5	2	1
VN080026	2	3	15	3	1
VN080026	3	5	3	2	1
VN080029	1	2	10	3	2
VN080031	1	3	10	1	2
VN080032	1	2	5	2	2
VN080033	1	3	20	1	1
VN080033	2	2	7	1	1
VN080034	1	3	10	1	1
VN080035	1	2	2	3	1
VN080035	2	3	3	3	1
VN080035	3	5	2	3	1
VN080038	1	3	4	3	2
VN080038	2	2	2	3	1
VN080039	1	3	3	3	2
VN080041	1	2	12	3	2
VN080045	1	2	4	3	2
VN080046	1	2	10	3	2
VN080046	2	3	8	3	2
VN080047	1	3	8	1	2
VN080047	2	2	12	3	2
VN080050	1	2	10	1	1
VN080050	2	3	10	2	2
VN080051	1	3	30	3	2
VN080051	2	2	1	2	1
VN080052	1	2	10	3	1
VN080052	2	3	5	3	1
VN080052	3	4	6	3	1
VN080053	1	3	20	3	2
VN080056	1	3	10	3	2
VN080059	1	2	5	1	1
VN080059	2	3	2	1	1
VN080059	3	5	10	2	1
VN080061	1	3	3	3	1
VN080061	2	2	4	3	2
VN080062	1	3	10	3	1
VN080064	1	2	2	2	1
VN080064	2	3	15	2	1
VN080067	1	3	2	1	2
VN080068	1	2	2	1	1
VN080068	2	3	12	2	1
VN080069	1	3	9	1	2
VN080069	2	2	5	3	2
VN080070	1	2	6	3	2
VN080070	2	3	4	3	1
VN080071	1	2	4	3	2
VN080071	2	3	2	1	1
VN080072	1	3	2	3	1
VN080072	2	2	5	1	1
VN080073	1	2	3	3	1
VN080073	2	5	10	2	1
VN080075	1	3	3	3	2
VN080075	2	2	2	2	1
VN080075	3	5	1	2	1
VN080078	1	3	15	3	1
VN080078	2	2	1	2	1
VN080079	1	2	3	2	1
VN080082	1	2	24	1	2
VN080083	1	3	2	1	2
VN080084	1	2	3	3	1
VN080085	1	2	7	3	1
VN080085	2	3	5	3	1
VN080085	3	5	9	2	1
VN080086	1	3	10	2	1
VN080087	1	3	5	3	2
VN080088	1	3	20	3	2
VN080088	2	2	20	3	2
VN080094	1	3	12	1	1
VN080094	2	5	5	3	1
VN080095	1	3	6	3	2
VN080095	2	2	5	3	1
VN080098	1	3	1	1	2
VN080099	1	3	8	3	2
VN080099	2	2	5	3	1
VN080104	1	2	12	3	2
VN080119	1	2	48	3	1
VN080119	2	3	30	3	1
VN080119	3	4	3	2	1
VN080124	1	3	12	3	2
VN080124	2	2	3	3	2
VN080132	1	3	5	3	2
VN080132	2	2	6	3	2
VN080154	1	2	20	3	1
VN080154	2	3	30	3	1
VN080154	3	4	4	3	1
VN080154	4	5	20	2	1
VN080165	1	2	2	3	1
VN080165	2	4	3	2	1
VN080165	3	3	40	2	1
VN090001	1	2	2	2	2
VN090001	2	3	5	3	2
VN090002	1	3	4	3	2
VN090002	2	2	5	3	2
VN090002	3	6	7	2	2
VN090003	1	3	1	2	2
VN090004	1	2	12	2	1
VN090004	2	3	12	2	1
VN090004	3	5	7	2	1
VN090005	1	3	10	1	1
VN090006	1	3	2	2	2
VN090006	2	2	3	2	2
VN090007	1	2	3	2	1
VN090007	2	3	4	2	1
VN090008	1	3	2	2	1
VN090009	1	3	8	3	1
VN090009	2	2	7	3	1
VN090010	1	2	2	2	2
VN090012	1	2	2	2	1
VN090012	2	3	1	2	2
VN090012	3	5	3	2	2
VN090013	1	2	25	3	2
VN090014	1	2	3	2	2
VN090014	2	3	2	2	2
VN090014	3	5	4	3	1
VN090015	1	2	2	1	1
VN090015	2	3	2	1	1
VN090017	1	2	2	2	1
VN090017	2	3	6	2	1
VN090017	3	5	3	2	1
VN090020	1	5	2	2	1
VN090021	1	2	9	3	1
VN090021	2	3	6	2	1
VN090021	3	5	3	2	1
VN090025	1	3	3	2	2
VN090026	1	3	1	2	2
VN090031	1	2	2	3	2
VN090035	1	3	3	2	2
VN090035	2	5	3	2	2
VN090037	1	2	2	2	1
VN090038	1	2	6	2	2
VN090038	2	3	8	2	2
VN090038	3	5	4	2	2
VN090039	1	2	3	2	2
VN090039	2	3	2	2	2
VN090039	3	5	5	2	2
VN090043	1	2	10	3	1
VN090043	2	3	8	3	1
VN090044	1	2	1	2	1
VN090045	1	3	1	2	2
VN090047	1	3	5	2	1
VN090048	1	3	1	1	2
VN090049	1	2	2	2	1
VN090049	2	3	5	2	1
VN090050	1	2	4	2	2
VN090050	2	3	3	2	2
VN090050	3	5	6	2	2
VN090051	1	2	3	2	2
VN090051	2	3	2	2	2
VN090051	3	5	5	2	2
VN090057	1	3	5	3	1
VN090062	1	3	8	2	2
VN090063	1	2	3	2	1
VN090063	2	5	3	2	1
VN090070	1	3	2	2	2
VN090071	1	2	5	2	2
VN090071	2	3	2	2	2
VN090071	3	5	6	2	2
VN090073	1	2	4	2	2
VN090073	2	5	2	2	2
VN090073	3	5	6	2	2
VN090074	1	2	8	2	1
VN090074	2	3	4	2	1
VN090075	1	2	4	2	1
VN090075	2	3	2	2	1
VN090080	1	3	7	3	1
VN090080	2	2	3	2	1
VN090081	1	3	2	2	1
VN090086	1	3	10	2	1
VN090087	1	2	2	2	2
VN090087	2	3	2	2	2
VN090087	3	5	2	2	2
VN090088	1	4	4	2	2
VN090089	1	2	4	2	2
VN090089	2	3	5	2	2
VN090089	3	5	2	2	2
VN090095	1	3	2	2	1
VN090095	2	2	2	2	1
VN090098	1	3	2	2	2
VN090100	1	2	3	2	2
VN090100	2	3	4	2	2
VN090100	3	5	5	2	2
VN090101	1	2	5	2	2
VN090101	2	3	2	2	2
VN090101	3	5	3	2	2
VN090102	1	3	7	3	1
VN090102	2	2	2	2	1
VN090103	1	3	12	3	1
VN090105	1	2	5	2	2
VN090105	2	3	1	2	2
VN090105	3	5	3	2	2
VN090106	1	5	2	2	2
VN090121	1	3	2	2	1
VN100002	1	2	3	3	1
VN100002	2	3	3	3	1
VN100003	1	3	6	2	1
VN100004	1	2	15	3	1
VN100004	2	3	10	3	1
VN100004	3	4	15	3	1
VN100004	4	5	10	3	1
VN100006	1	3	2	2	2
VN100006	2	2	3	2	2
VN100007	1	3	50	2	2
VN100008	1	2	2	2	2
VN100008	2	5	2	2	2
VN100009	1	2	2	2	1
VN100010	1	2	8	3	2
VN100010	2	3	3	2	2
VN100010	3	5	5	3	2
VN100011	1	3	10	2	1
VN100012	1	5	12	2	1
VN100013	1	3	13	2	1
VN100013	2	2	10	2	1
VN100014	1	2	3	2	1
VN100014	2	3	6	2	1
VN100014	3	5	2	2	1
VN100015	1	3	10	3	1
VN100015	2	2	6	3	1
VN100016	1	3	3	1	1
VN100017	1	3	4	3	2
VN100017	2	2	5	3	2
VN100018	1	3	7	3	1
VN100018	2	2	5	3	1
VN100020	1	3	12	2	1
VN100020	2	2	4	2	1
VN100022	1	3	5	3	1
VN100025	1	2	20	3	1
VN100025	2	3	24	3	1
VN100029	1	2	3	2	1
VN100029	2	3	3	2	1
VN100030	1	2	20	3	1
VN100030	2	3	5	3	1
VN100030	3	5	3	2	1
VN100031	1	3	5	3	1
VN100032	1	2	3	2	2
VN100032	2	3	4	3	2
VN100032	3	5	2	2	2
VN100033	1	2	4	3	2
VN100033	2	3	3	2	2
VN100035	1	3	3	3	1
VN100036	1	3	2	3	1
VN100036	2	2	4	3	1
VN100041	1	2	2	2	2
VN100041	2	3	1	2	1
VN100042	1	3	2	2	1
VN100043	1	2	4	3	1
VN100043	2	3	10	3	1
VN100044	1	2	5	2	1
VN100044	2	3	6	2	1
VN100045	1	2	2	2	1
VN100045	2	3	10	2	1
VN100045	3	5	2	1	1
VN100046	1	2	10	2	2
VN100047	1	2	2	2	1
VN100047	2	3	12	3	1
VN100048	1	2	12	3	1
VN100048	2	3	13	3	1
VN100050	1	2	45	3	2
VN100050	2	3	10	3	1
VN100051	1	3	12	2	1
VN100051	2	2	7	2	1
VN100053	1	2	2	2	1
VN100053	2	3	6	2	1
VN100054	1	3	5	3	2
VN100054	2	2	15	3	1
VN100055	1	3	5	2	1
VN100055	2	2	10	2	1
VN100056	1	3	10	2	1
VN100056	2	5	5	2	1
VN100057	1	2	4	2	2
VN100057	2	3	5	3	2
VN100057	3	5	2	2	2
VN100059	1	3	5	2	1
VN100059	2	2	5	2	1
VN100060	1	3	20	2	1
VN100061	1	2	9	3	1
VN100061	2	3	1	2	1
VN100061	3	5	3	2	1
VN100062	1	2	4	3	1
VN100062	2	3	3	3	1
VN100064	1	2	5	2	1
VN100064	2	3	2	2	1
VN100064	3	5	7	3	1
VN100066	1	3	18	3	2
VN100066	2	2	11	3	1
VN100068	1	3	3	3	2
VN100068	2	2	2	3	1
VN100071	1	3	20	3	1
VN100072	1	3	2	3	1
VN100073	1	3	4	2	1
VN100074	1	3	7	2	2
VN100076	1	3	2	2	1
VN100076	2	2	10	2	1
VN100077	1	2	16	3	1
VN100077	2	3	10	3	1
VN100077	3	5	20	3	1
VN100078	1	3	2	3	2
VN100078	2	2	2	3	2
VN100078	3	5	2	3	2
VN100079	1	2	2	3	1
VN100079	2	3	7	3	1
VN100081	1	3	7	3	2
VN100081	2	2	12	3	1
VN100081	3	4	2	2	2
VN100084	1	3	3	3	1
VN100084	2	2	2	3	1
VN100085	1	2	6	3	2
VN100085	2	5	5	3	2
VN100086	1	2	6	3	2
VN100086	2	3	2	2	1
VN100086	3	5	5	3	2
VN100087	1	2	3	2	2
VN100087	2	3	1	1	2
VN100088	1	3	5	3	2
VN100088	2	5	3	2	2
VN100089	1	2	4	3	2
VN100089	2	3	6	3	2
VN100089	3	5	2	2	1
VN100090	1	2	2	3	2
VN100091	1	3	6	3	2
VN100092	1	3	10	2	1
VN100093	1	2	2	3	1
VN100093	2	3	10	3	1
VN100093	3	5	2	3	1
VN100094	1	2	8	3	2
VN100094	2	3	4	2	1
VN100094	3	5	5	3	2
VN100097	1	3	10	3	2
VN100097	2	2	4	3	2
VN100097	3	5	4	1	1
VN100099	1	3	3	3	1
VN100103	1	3	5	3	1
VN100103	2	2	6	3	1
VN100104	1	2	5	3	2
VN100104	2	3	4	3	2
VN100104	3	5	2	2	2
VN100106	1	3	50	2	1
VN100107	1	3	6	3	2
VN100107	2	2	5	3	2
VN100107	3	5	15	3	2
VN100109	1	3	22	1	1
VN100111	1	2	3	3	1
VN100111	2	3	30	3	1
VN100113	1	3	7	3	1
VN100115	1	2	2	2	1
VN100115	2	3	2	2	1
VN110001	1	3	30	3	1
VN110002	1	3	30	3	1
VN110002	2	2	4	3	1
VN110003	1	3	12	2	1
VN110004	1	3	6	3	1
VN110004	2	2	2	3	1
VN110005	1	2	12	2	1
VN110005	2	3	14	2	1
VN110006	1	3	10	2	2
VN110007	1	3	12	2	1
VN110008	1	3	2	1	2
VN110008	2	2	2	2	2
VN110008	3	5	2	2	2
VN110012	1	3	1	3	2
VN110013	1	2	6	3	1
VN110013	2	5	5	3	1
VN110013	3	3	5	3	1
VN110014	1	2	4	3	1
VN110014	2	3	5	3	1
VN110015	1	3	18	1	2
VN110015	2	2	8	1	1
VN110017	1	2	2	2	2
VN110017	2	3	1	1	2
VN110017	3	5	2	2	2
VN110021	1	2	1	3	1
VN110021	2	3	2	1	1
VN110024	1	2	8	3	2
VN110024	2	3	2	2	2
VN110024	3	5	5	3	2
VN110025	1	3	2	2	1
VN110026	1	3	6	2	1
VN110026	2	2	3	1	1
VN110026	3	5	4	2	1
VN110029	1	2	2	1	1
VN110029	2	3	2	1	1
VN110031	1	3	12	3	1
VN110031	2	2	10	2	1
VN110032	1	2	10	3	1
VN110032	2	3	6	3	1
VN110033	1	2	5	3	1
VN110033	2	3	7	3	1
VN110033	3	5	8	3	1
VN110034	1	2	4	3	1
VN110034	2	3	30	3	1
VN110035	1	3	5	2	2
VN110035	2	2	3	2	2
VN110035	3	5	10	3	2
VN110036	1	2	2	1	1
VN110036	2	3	6	3	1
VN110037	1	2	5	3	2
VN110037	2	3	24	3	2
VN110037	3	5	6	3	2
VN110041	1	2	6	3	1
VN110041	2	3	2	2	2
VN110041	3	5	4	3	2
VN110042	1	2	2	1	1
VN110044	1	2	7	3	1
VN110044	2	3	5	3	1
VN110044	3	5	3	2	1
VN110045	1	3	3	2	1
VN110046	1	3	4	2	1
VN110047	1	2	5	3	1
VN110047	2	3	10	3	1
VN110048	1	2	4	3	2
VN110050	1	2	4	3	2
VN110050	2	3	5	3	2
VN110050	3	5	4	3	2
VN110051	1	2	4	1	1
VN110051	2	3	5	1	1
VN110052	1	2	5	3	2
VN110052	2	3	6	3	2
VN110053	1	3	5	3	1
VN110053	2	2	3	3	1
VN110055	1	2	5	2	1
VN110055	2	3	12	2	1
VN110056	1	2	10	3	1
VN110056	2	3	10	3	1
VN110058	1	2	1	3	1
VN110058	2	3	10	3	2
VN110059	1	3	2	3	2
VN110061	1	2	10	3	1
VN110061	2	3	15	3	1
VN110061	3	5	7	2	1
VN110063	1	3	4	2	1
VN110064	1	3	4	2	1
VN110066	1	3	2	3	1
VN110068	1	2	3	3	2
VN110068	2	3	4	3	2
VN110068	3	5	2	2	2
VN110069	1	2	7	2	1
VN110069	2	3	10	2	1
VN110072	1	2	10	3	1
VN110072	2	5	5	3	1
VN110072	3	3	10	3	1
VN110074	1	3	5	3	1
VN110075	1	2	16	3	2
VN110075	2	3	10	3	2
VN110075	3	5	5	3	1
VN110076	1	3	2	3	1
VN110077	1	3	1	1	2
VN110077	2	2	1	2	2
VN110078	1	2	4	2	1
VN110078	2	3	3	2	1
VN110078	3	5	2	2	1
VN110079	1	3	9	3	1
VN110081	1	2	12	2	1
VN110081	2	3	14	2	1
VN110082	1	3	80	2	1
VN110084	1	3	3	2	2
VN110087	1	3	5	3	1
VN110088	1	3	1	1	2
VN110088	2	2	7	3	2
VN110089	1	2	12	2	1
VN110089	2	3	15	2	1
VN110089	3	5	2	1	1
VN110091	1	3	19	3	1
VN110091	2	2	5	3	1
VN110091	3	6	10	2	1
VN110091	4	4	7	2	1
VN110092	1	2	30	3	1
VN110092	2	3	6	3	1
VN110094	1	2	3	3	1
VN110094	2	3	2	3	1
VN110095	1	2	3	2	1
VN110095	2	3	12	2	1
VN110099	1	2	2	2	2
VN110099	2	3	5	3	2
VN110099	3	5	2	2	2
VN110100	1	2	3	2	1
VN110100	2	3	22	3	2
VN110100	3	5	2	3	2
VN110101	1	2	2	3	1
VN110101	2	5	2	3	2
VN110104	1	3	12	2	1
VN110104	2	2	5	1	1
VN110108	1	2	6	2	1
VN110108	2	3	4	2	1
VN110108	3	5	8	2	1
VN110119	1	2	2	3	2
VN110119	2	3	24	3	2
VN110123	1	2	10	3	1
VN110123	2	3	15	3	1
VN110125	1	2	8	3	1
VN110125	2	5	10	3	1
VN110125	3	3	7	3	1
VN110126	1	3	5	2	1
VN120003	1	2	2	3	1
VN120003	2	3	10	3	1
VN120006	1	2	5	1	1
VN120006	2	3	10	3	1
VN120009	1	2	3	3	1
VN120009	2	3	10	3	1
VN120009	3	5	2	2	1
VN120010	1	2	8	3	1
VN120010	2	3	10	3	1
VN120010	3	5	10	3	1
VN120011	1	3	30	3	1
VN120012	1	2	3	2	2
VN120013	1	3	2	2	1
VN120016	1	3	2	3	1
VN120022	1	3	4	3	2
VN120023	1	3	8	3	2
VN120026	1	2	3	2	1
VN120026	2	5	1	2	1
VN120027	1	3	3	2	1
VN120028	1	3	2	2	1
VN120029	1	2	1	2	1
VN120029	2	5	1	2	1
VN120029	3	6	2	3	2
VN120033	1	3	6	2	1
VN120036	1	2	3	2	2
VN120036	2	5	4	2	2
VN120036	3	3	2	2	2
VN120037	1	2	3	3	1
VN120037	2	3	10	3	1
VN120039	1	2	3	3	2
VN120039	2	3	6	3	2
VN120040	1	2	6	3	1
VN120040	2	3	6	3	1
VN120040	3	5	2	3	1
VN120041	1	2	6	3	1
VN120042	1	3	96	3	2
VN120042	2	2	10	3	1
VN120045	1	3	10	2	1
VN120048	1	2	3	2	2
VN120048	2	3	5	3	2
VN120049	1	2	2	2	1
VN120049	2	3	4	3	1
VN120050	1	3	3	3	1
VN120053	1	2	2	2	1
VN120053	2	3	10	2	1
VN120054	1	2	20	3	1
VN120054	2	3	10	3	1
VN120055	1	2	3	3	2
VN120055	2	3	5	3	2
VN120055	3	5	2	2	1
VN120058	1	2	10	3	1
VN120058	2	3	12	3	1
VN120058	3	5	7	3	1
VN120059	1	2	8	3	1
VN120059	2	3	3	3	1
VN120059	3	5	2	2	1
VN120061	1	3	30	2	1
VN120061	2	2	10	2	1
VN120063	1	2	10	2	1
VN120063	2	3	15	2	1
VN120064	1	2	5	2	1
VN120064	2	3	10	2	1
VN120065	1	2	5	2	1
VN120065	2	5	3	2	1
VN120066	1	2	5	3	2
VN120066	2	3	24	3	2
VN120066	3	5	2	2	2
VN120067	1	2	6	3	2
VN120067	2	3	12	3	2
VN120067	3	5	2	3	2
VN120069	1	3	10	2	1
VN120072	1	2	3	2	1
VN120072	2	3	10	2	1
VN120076	1	2	14	3	1
VN120076	2	3	20	3	1
VN120076	3	5	31	3	1
VN120077	1	3	4	3	2
VN120079	1	2	3	3	2
VN120079	2	3	12	3	2
VN120079	3	5	2	2	2
VN120080	1	3	30	2	1
VN120080	2	2	7	2	1
VN120081	1	2	10	2	1
VN120081	2	3	20	2	1
VN120083	1	3	3	1	2
VN120083	2	2	3	3	2
VN120083	3	5	2	3	2
VN120085	1	2	2	3	1
VN120085	2	3	2	3	1
VN120085	3	5	20	3	1
VN120086	1	2	3	3	1
VN120086	2	3	20	3	1
VN120088	1	2	5	3	1
VN120088	2	5	2	2	1
VN120088	3	3	3	3	1
VN120092	1	2	5	2	1
VN120092	2	3	2	2	1
VN120093	1	2	3	2	1
VN120094	1	2	2	2	2
VN120094	2	3	2	2	2
VN120097	1	2	1	2	2
VN120097	2	5	1	2	2
VN120114	1	1	12	3	2
VN120114	2	2	4	3	2
VN120114	3	5	3	2	1
VN120115	1	3	12	2	2
VN120121	1	2	3	3	2
VN120121	2	3	20	3	2
VN120121	3	5	5	2	2
VN120126	1	3	2	2	2
VN120133	1	2	5	2	2
VN120133	2	3	12	3	2
VN120133	3	5	2	2	2
VN120135	1	3	5	3	1
VN120136	1	2	3	3	2
VN120139	1	2	4	3	2
VN120139	2	2	5	3	2
VN120139	3	5	6	2	1
VN120142	1	3	10	2	1
VN120142	2	5	4	3	1
VN120146	1	2	5	2	1
VN120146	2	3	10	2	1
VN120148	1	2	20	2	2
VN130003	1	3	30	3	1
VN130004	1	2	2	1	2
VN130006	1	3	5	1	1
VN130006	2	2	10	1	1
VN130008	1	3	2	1	1
VN130019	1	3	2	3	1
VN130021	1	3	120	3	2
VN130024	1	3	20	3	1
VN130024	2	5	50	3	1
VN130024	3	2	20	3	1
VN130024	4	4	10	3	1
VN130026	1	2	10	2	1
VN130032	1	3	3	1	1
VN130039	1	5	20	2	1
VN130041	1	3	3	1	1
VN130051	1	3	12	3	1
VN130051	2	2	5	3	1
VN130051	3	5	10	3	1
VN130052	1	3	5	2	1
VN130054	1	3	11	3	1
VN130054	2	2	2	3	1
VN130054	3	5	6	2	1
VN130055	1	2	35	3	2
VN130055	2	3	11	1	2
VN130055	3	4	10	2	1
VN130055	4	5	6	2	1
VN130056	1	3	240	3	1
VN130056	2	2	10	3	1
VN130057	1	3	240	2	1
VN130057	2	2	24	2	1
VN130058	1	3	12	2	1
VN130058	2	2	15	3	1
VN130059	1	3	80	2	1
VN130060	1	3	12	1	1
VN130061	1	2	2	2	1
VN130061	2	3	3	2	1
VN130064	1	3	15	3	1
VN130064	2	4	4	3	1
VN130064	3	5	4	3	1
VN130065	1	2	24	3	2
VN130066	1	2	2	1	1
VN130066	2	3	20	2	1
VN130066	3	4	8	2	1
VN130066	4	5	6	2	1
VN130067	1	2	2	3	1
VN130067	2	3	2	1	1
VN130067	3	6	2	2	2
VN130068	1	3	3	1	1
VN130068	2	2	6	3	1
VN130068	3	5	2	3	1
VN130069	1	3	12	2	1
VN130069	2	2	2	2	1
VN130070	1	2	3	3	2
VN130070	2	5	1	2	1
VN130072	1	2	6	3	2
VN130073	1	2	2	3	1
VN130073	2	5	2	3	2
VN130075	1	3	30	3	1
VN130075	2	2	20	3	1
VN130075	3	5	10	3	1
VN130076	1	3	50	3	1
VN130076	2	5	20	3	1
VN130076	3	2	10	3	1
VN130077	1	3	12	3	1
VN130078	1	3	3	3	1
VN130078	2	2	5	3	1
VN130079	1	3	20	2	1
VN130079	2	2	5	1	1
VN130080	1	3	6	1	1
VN130080	2	2	10	1	1
VN130080	3	5	10	3	1
VN130081	1	3	2	1	1
VN130081	2	2	20	1	1
VN130081	3	5	10	3	1
VN130082	1	2	8	3	1
VN130083	1	3	4	3	2
VN130083	2	2	1	2	1
VN130085	1	3	3	1	1
VN130086	1	3	104	3	1
VN130086	2	2	12	3	1
VN130087	1	3	134	2	2
VN130087	2	2	2	2	2
VN130087	3	5	1	1	2
VN130089	1	3	5	1	1
VN130089	2	2	3	2	1
VN130089	3	6	5	1	1
VN130089	4	4	8	2	1
VN130091	1	3	2	3	1
VN130092	1	2	8	3	2
VN130092	2	3	12	3	2
VN130093	1	2	4	2	1
VN130093	2	3	20	2	1
VN130096	1	3	5	1	1
VN130096	2	2	1	1	1
VN130097	1	3	12	1	1
VN130097	2	2	1	1	1
VN130100	1	2	5	3	1
VN130100	2	3	10	3	1
VN130100	3	5	2	1	1
VN130101	1	3	43	2	1
VN130101	2	2	12	3	1
VN130101	3	5	2	1	1
VN130102	1	3	5	3	1
VN130104	1	3	4	3	2
VN140001	1	3	30	2	1
VN140002	1	3	2	2	1
VN140003	1	3	7	3	1
VN140003	2	2	5	3	1
VN140003	3	5	36	3	1
VN140003	4	4	36	2	1
VN140004	1	3	20	3	1
VN140004	2	2	14	3	1
VN140004	3	5	6	1	1
VN140005	1	2	5	1	2
VN140005	2	5	2	1	2
VN140006	1	2	6	3	2
VN140006	2	3	2	1	1
VN140006	3	5	1	1	1
VN140006	4	6	2	2	1
VN140007	1	3	5	1	1
VN140007	2	2	3	3	1
VN140007	3	5	2	3	1
VN140008	1	2	30	3	1
VN140008	2	3	10	3	1
VN140008	3	5	10	3	1
VN140009	1	2	25	3	2
VN140009	2	3	5	3	1
VN140009	3	5	2	2	1
VN140010	1	2	1	1	1
VN140010	2	3	6	3	1
VN140010	3	4	7	2	1
VN140010	4	5	2	2	1
VN140011	1	2	5	2	1
VN140011	2	3	10	1	1
VN140011	3	5	4	1	1
VN140013	1	2	8	3	1
VN140013	2	3	4	3	1
VN140014	1	3	2	3	2
VN140014	2	2	3	3	2
VN140015	1	3	2	1	1
VN140016	1	2	15	3	1
VN140016	2	3	3	1	1
VN140017	1	2	4	2	1
VN140018	1	3	18	1	1
VN140018	2	5	10	1	1
VN140019	1	3	12	3	1
VN140019	2	2	5	3	1
VN140020	1	3	10	2	1
VN140020	2	2	1	1	1
VN140021	1	2	15	3	1
VN140021	2	3	6	3	1
VN140021	3	4	2	2	1
VN140021	4	5	2	1	1
VN140022	1	2	10	3	1
VN140022	2	3	15	3	1
VN140022	3	5	2	1	1
VN140023	1	2	15	3	1
VN140023	2	3	7	3	1
VN140023	3	5	10	3	1
VN140024	1	3	10	2	1
VN140025	1	2	5	3	2
VN140025	2	5	4	2	2
VN140025	3	3	240	3	2
VN140026	1	2	7	1	1
VN140026	2	3	20	3	1
VN140026	3	4	4	1	1
VN140026	4	5	10	1	1
VN140027	1	2	10	3	1
VN140027	2	3	4	3	1
VN140027	3	4	7	2	1
VN140027	4	5	4	2	1
VN140028	1	2	10	3	1
VN140028	2	3	10	2	1
VN140029	1	2	30	3	2
VN140029	2	3	50	3	2
VN140029	3	5	2	2	1
VN140030	1	2	10	2	1
VN140030	2	3	30	2	1
VN140030	3	5	5	2	1
VN140031	1	3	168	3	2
VN140031	2	2	36	3	2
VN140031	3	5	15	1	2
VN140032	1	3	24	2	1
VN140032	2	2	2	1	1
VN140032	3	5	5	2	1
VN140033	1	3	50	2	1
VN140033	2	2	15	2	1
VN140034	1	2	10	3	1
VN140034	2	3	10	3	1
VN140034	3	5	2	2	1
VN140036	1	2	3	3	1
VN140036	2	3	20	2	1
VN140036	3	5	5	2	1
VN140037	1	3	10	3	1
VN140037	2	2	23	1	2
VN140037	3	5	7	1	2
VN140038	1	3	12	3	1
VN140038	2	2	3	3	1
VN140038	3	5	5	3	1
VN140039	1	2	15	3	1
VN140039	2	3	10	3	1
VN140039	3	5	2	1	2
VN140040	1	3	5	3	1
VN140041	1	2	12	3	1
VN140041	2	3	17	3	1
VN140041	3	4	2	3	1
VN140042	1	3	10	3	1
VN140043	1	3	10	1	2
VN140043	2	2	30	2	1
VN140043	3	5	10	2	1
VN140044	1	3	120	3	2
VN140044	2	2	3	1	2
VN140045	1	2	6	3	1
VN140045	2	3	20	3	1
VN140045	3	5	7	2	1
VN140046	1	3	50	3	1
VN140046	2	5	3	1	1
VN140046	3	2	1	3	1
VN140047	1	3	10	3	2
VN140048	1	2	10	3	1
VN140048	2	3	15	3	1
VN140049	1	2	10	3	1
VN140049	2	3	7	3	1
VN140049	3	5	5	1	1
VN140050	1	2	3	3	1
VN140050	2	3	5	2	1
VN140050	3	5	50	1	1
VN140051	1	3	20	3	2
VN140051	2	2	6	3	1
VN140051	3	5	10	1	1
VN140052	1	3	2	1	1
VN140052	2	2	7	1	1
VN140052	3	5	6	1	1
VN140053	1	3	4	3	1
VN140053	2	2	20	1	1
VN140054	1	2	3	3	1
VN140055	1	3	220	3	2
VN140055	2	2	60	3	2
VN140055	3	5	10	1	2
VN140056	1	2	5	2	1
VN140056	2	3	50	3	2
VN140057	1	3	10	1	1
VN140057	2	2	1	3	1
VN140057	3	5	1	1	1
VN140058	1	2	20	3	2
VN140058	2	3	20	3	2
VN140058	3	4	30	2	1
VN140058	4	5	10	3	2
VN140059	1	3	2	1	1
VN140060	1	2	5	3	1
VN140060	2	3	60	3	1
VN140061	1	2	20	3	1
VN140061	2	3	10	3	1
VN140061	3	5	4	1	1
VN140062	1	2	70	3	1
VN140062	2	3	30	3	1
VN140062	3	5	7	1	1
VN140064	1	2	2	3	1
VN140064	2	1	2	1	1
VN140064	3	3	5	2	1
VN140064	4	5	2	3	1
VN140065	1	2	3	3	1
VN140066	1	2	20	3	2
VN140066	2	3	20	2	2
VN140066	3	5	2	1	2
VN140067	1	3	3	3	1
VN140067	2	2	5	3	1
VN140067	3	5	2	1	1
VN140068	1	3	10	2	2
VN140068	2	2	12	3	2
VN140069	1	3	4	2	2
VN140070	1	3	10	1	1
VN140070	2	5	1	1	1
VN140070	3	2	1	1	1
VN140071	1	3	4	1	1
VN140071	2	2	30	1	1
VN140072	1	3	15	3	1
VN140072	2	2	5	3	1
VN140072	3	5	5	3	1
VN140073	1	2	10	3	1
VN140073	2	3	10	3	1
VN140073	3	5	3	2	1
VN140073	4	4	5	2	1
VN140074	1	3	30	3	2
VN140074	2	2	10	3	2
VN140076	1	2	45	2	2
VN140077	1	3	120	2	1
VN140078	1	3	60	2	1
VN140080	1	2	4	1	1
VN140080	2	3	6	3	1
VN140081	1	2	10	3	1
VN140081	2	3	15	3	1
VN140081	3	5	10	3	1
VN140083	1	2	20	3	1
VN140083	2	2	2	1	1
VN140084	1	3	12	2	1
VN140084	2	5	2	2	1
VN140084	3	2	4	3	1
VN140085	1	2	20	3	1
VN140085	2	3	70	3	1
VN140085	3	5	10	3	1
VN140086	1	3	10	1	1
VN140086	2	2	2	1	1
VN140087	1	3	3	3	1
VN140087	2	2	3	3	1
VN140087	3	5	2	1	1
VN140089	1	3	4	3	1
VN140089	2	2	1	1	1
VN140089	3	5	1	1	1
VN140090	1	3	101	3	1
VN140091	1	2	20	3	1
VN140092	1	2	3	3	1
VN140092	2	3	7	3	1
VN140092	3	5	2	1	1
VN140093	1	3	6	3	1
VN140094	1	3	25	3	1
VN140094	2	2	4	3	1
VN140094	3	5	5	2	1
VN140095	1	2	2	1	1
VN140095	2	3	12	3	2
VN140096	1	3	5	3	1
VN140098	1	3	4	3	1
VN140098	2	2	5	3	1
VN140100	1	2	5	2	2
VN140100	2	3	2	2	2
VN140101	1	3	2	1	2
VN140102	1	2	30	3	2
VN140102	2	3	50	3	2
VN140102	3	4	20	3	2
VN140102	4	5	1	2	2
VN140103	1	3	5	2	1
VN140103	2	2	10	3	2
VN150003	1	3	6	3	2
VN150005	1	2	1	2	2
VN150005	2	3	1	1	2
VN150006	1	2	3	3	2
VN150006	2	3	2	3	2
VN150009	1	3	4	3	1
VN150009	2	2	3	3	1
VN150013	1	3	30	3	2
VN150013	2	2	10	2	1
VN150013	3	4	20	2	1
VN150016	1	2	4	3	2
VN150017	1	3	5	3	1
VN150017	2	2	6	3	1
VN150020	1	3	1	1	2
VN150023	1	3	2	2	1
VN150023	2	2	2	1	2
VN150024	1	3	3	2	1
VN150024	2	2	1	1	1
VN150030	1	3	120	3	1
VN150030	2	2	15	1	1
VN150034	1	3	5	3	1
VN150034	2	2	7	3	1
VN150036	1	3	20	3	2
VN150036	2	2	7	2	1
VN150038	1	2	3	3	2
VN150039	1	2	15	3	1
VN150039	2	3	13	3	1
VN150040	1	3	11	3	1
VN150040	2	2	3	3	1
VN150041	1	3	5	3	2
VN150043	1	3	3	3	1
VN150055	1	3	10	3	1
VN150055	2	2	20	3	1
VN150056	1	3	15	3	1
VN150056	2	2	20	3	2
VN150056	3	4	10	2	1
VN150059	1	3	2	3	1
VN150060	1	3	20	3	2
VN150062	1	3	4	3	1
VN150062	2	2	6	3	1
VN150063	1	3	5	3	2
VN150063	2	2	10	3	1
VN150063	3	5	10	2	1
VN150064	1	3	10	3	1
VN150064	2	2	2	1	1
VN150065	1	2	8	3	1
VN150065	2	3	3	3	1
VN150065	3	5	5	2	1
VN150066	1	3	50	2	2
VN150067	1	2	12	1	1
VN150067	2	3	4	1	1
VN150068	1	2	2	1	2
VN150068	2	3	20	3	1
VN150068	3	5	20	2	1
VN150070	1	3	30	3	2
VN150070	2	2	10	3	1
VN150071	1	3	10	1	1
VN150073	1	2	18	1	1
VN150073	2	3	20	1	1
VN150074	1	3	4	3	1
VN150075	1	3	12	3	1
VN150075	2	2	8	3	1
VN150077	1	2	12	1	2
VN150077	2	3	3	2	1
VN150081	1	3	4	3	1
VN150081	2	2	3	3	1
VN150086	1	5	2	2	1
VN150086	2	2	3	2	1
VN150086	3	3	4	2	1
VN150087	1	3	4	2	1
VN150087	2	2	1	2	1
VN150087	3	6	1	2	1
VN150089	1	2	10	3	2
VN150090	1	3	6	3	1
VN150090	2	2	40	3	1
VN150092	1	3	8	3	1
VN150095	1	3	2	3	1
VN150096	1	3	5	3	2
VN150101	1	3	4	3	1
VN150101	2	2	4	3	1
VN150105	1	3	4	3	1
VN150105	2	2	6	3	1
VN150128	1	3	12	2	1
VN150129	1	3	2	2	1
VN150129	2	2	2	2	1
VN150133	1	3	1	1	1
VN150134	1	2	14	1	1
VN150134	2	3	11	3	1
VN150136	1	3	8	3	1
VN150136	2	2	5	3	1
VN150138	1	2	10	2	2
VN150140	1	3	5	3	1
VN150140	2	2	8	3	1
VN150145	1	3	9	3	1
VN160001	1	2	3	3	2
VN160003	1	3	3	1	2
VN160004	1	1	183	2	1
VN160004	2	2	50	2	1
VN160004	3	5	1	2	1
VN160010	1	3	1	1	1
VN160011	1	2	1	1	1
VN160011	2	1	1	1	1
VN160011	3	5	1	3	1
VN160011	4	6	1	2	1
VN160012	1	5	10	3	1
VN160015	1	2	3	3	1
VN160017	1	2	4	3	2
VN160019	1	2	5	3	2
VN160026	1	3	15	2	2
VN160026	2	2	2	2	1
VN160026	3	5	7	2	1
VN160032	1	3	3	2	1
VN160032	2	2	2	2	1
VN160034	1	2	2	3	1
VN160034	2	3	4	3	2
VN160035	1	3	5	3	2
VN160036	1	3	5	3	1
VN160036	2	3	4	3	1
VN160037	1	2	1	1	2
VN160037	2	2	3	1	2
VN160038	1	1	3	1	1
VN160048	1	3	1	3	2
VN160048	2	2	2	1	2
VN160050	1	2	2	3	1
VN160050	2	3	3	3	1
VN160053	1	3	4	1	2
VN160053	2	2	105	3	2
VN160053	3	5	15	3	2
VN160054	1	2	6	3	2
VN160054	2	3	14	3	1
VN160055	1	2	5	1	2
VN160060	1	2	5	3	1
VN160060	2	6	3	3	2
VN160062	1	2	2	2	2
VN160063	1	3	4	2	1
VN160066	1	3	12	2	2
VN160071	1	2	2	3	1
VN160071	2	3	12	2	2
VN160071	3	5	3	2	1
VN160072	1	3	2	2	1
VN160072	2	2	3	3	1
VN160073	1	3	15	2	1
VN160073	2	2	10	2	1
VN160075	1	3	4	3	1
VN160075	2	2	4	2	1
VN160080	1	4	6	3	2
VN160081	1	2	2	2	2
VN160088	1	2	10	1	2
VN160089	1	3	5	3	1
VN160092	1	2	2	2	2
VN160094	1	3	2	3	1
VN160094	2	2	3	3	1
VN160096	1	2	2	3	2
VN160098	1	2	1	2	2
VN160099	1	2	4	2	2
VN160100	1	3	5	1	1
VN160100	2	2	2	3	1
VN160102	1	3	3	2	1
VN160102	2	2	3	1	1
VN170002	1	2	2	3	2
VN170002	2	3	7	3	2
VN170002	3	5	45	2	2
VN170003	1	3	3	3	1
VN170003	2	2	5	3	1
VN170003	3	5	3	2	1
VN170004	1	3	3	3	2
VN170004	2	5	5	2	2
VN170004	3	1	1	2	2
VN170006	1	3	20	3	2
VN170006	2	2	5	2	1
VN170007	1	3	3	1	1
VN170007	2	2	4	1	1
VN170007	3	5	10	2	1
VN170009	1	3	12	3	1
VN170009	2	2	1	2	1
VN170009	3	5	1	2	1
VN170010	1	2	5	3	2
VN170011	1	3	12	3	2
VN170011	2	2	15	3	1
VN170012	1	1	1	1	2
VN170012	2	3	1	1	1
VN170015	1	3	120	3	2
VN170017	1	2	2	2	1
VN170017	2	3	3	3	1
VN170018	1	2	18	3	2
VN170018	2	3	7	3	2
VN170018	3	5	50	2	2
VN170020	1	3	8	3	1
VN170020	2	2	1	3	1
VN170020	3	5	1	2	1
VN170021	1	2	14	2	1
VN170021	2	3	10	3	1
VN170021	3	5	15	2	1
VN170021	4	6	2	2	1
VN170022	1	3	12	3	2
VN170024	1	2	5	3	2
VN170024	2	3	11	3	2
VN170024	3	5	20	2	2
VN170026	1	3	4	3	1
VN170026	2	2	30	3	1
VN170026	3	5	2	3	1
VN170027	1	3	15	3	1
VN170027	2	2	8	3	1
VN170027	3	4	9	2	1
VN170028	1	2	3	2	1
VN170028	2	5	5	2	2
VN170029	1	3	12	3	1
VN170030	1	3	4	3	2
VN170032	1	3	2	1	1
VN170032	2	2	10	2	1
VN170032	3	5	50	2	1
VN170033	1	3	30	3	1
VN170033	2	2	5	3	2
VN170033	3	5	20	3	2
VN170034	1	3	10	3	1
VN170034	2	2	20	3	1
VN170034	3	5	2	3	1
VN170035	1	2	22	3	2
VN170035	2	3	12	3	2
VN170035	3	5	25	2	2
VN170035	4	6	3	3	2
VN170036	1	3	370	3	2
VN170036	2	2	4	2	1
VN170036	3	5	7	2	1
VN170037	1	3	4	3	2
VN170037	2	2	3	3	2
VN170037	3	5	2	2	2
VN170038	1	2	4	3	1
VN170039	1	3	2	3	1
VN170039	2	2	8	3	1
VN170039	3	5	6	3	1
VN170040	1	2	16	3	1
VN170040	2	3	10	3	1
VN170041	1	2	16	3	1
VN170041	2	3	1	2	1
VN170041	3	5	2	2	1
VN170044	1	3	5	3	2
VN170045	1	3	10	2	1
VN170045	2	2	10	3	1
VN170046	1	3	4	3	1
VN170047	1	3	12	1	1
VN170048	1	3	3	2	2
VN170048	2	5	2	2	2
VN170048	3	2	5	2	2
VN170053	1	2	5	3	1
VN170053	2	3	6	3	1
VN170053	3	5	2	2	1
VN170054	1	5	5	3	1
VN170055	1	2	5	3	1
VN170055	2	5	1	2	1
VN170058	1	5	5	3	2
VN170059	1	2	5	1	1
VN170061	1	2	13	3	2
VN170062	1	3	2	3	1
VN170062	2	5	2	3	1
VN170062	3	2	2	3	1
VN170063	1	2	15	3	2
VN170063	2	3	363	3	1
VN170063	3	5	3	2	1
VN170064	1	2	30	3	1
VN170064	2	3	40	3	1
VN170064	3	5	7	3	1
VN170066	1	5	4	2	2
VN170068	1	3	50	2	1
VN170069	1	3	12	3	1
VN170070	1	5	10	3	1
VN170071	1	2	5	1	1
VN170071	2	3	3	2	2
VN170071	3	5	10	3	2
VN170072	1	3	3	2	1
VN170072	2	2	3	2	1
VN170073	1	5	2	3	2
VN170074	1	3	10	3	1
VN170074	2	2	3	3	1
VN170074	3	5	1	2	1
VN170076	1	2	12	3	2
VN170076	2	3	70	3	1
VN170077	1	3	10	2	1
VN170077	2	2	5	3	1
VN170080	1	3	12	3	1
VN170080	2	2	6	3	1
VN170080	3	5	2	3	1
VN170080	4	6	3	3	1
VN170082	1	3	12	3	2
VN170082	2	2	12	3	1
VN170082	3	1	6	1	2
VN170083	1	3	2	3	1
VN170083	2	2	2	3	1
VN170083	3	5	1	2	1
VN170084	1	2	3	2	1
VN170084	2	3	5	3	1
VN170084	3	5	2	2	1
VN170085	1	2	2	3	1
VN170085	2	3	2	3	1
VN170085	3	5	2	3	1
VN170086	1	3	10	3	1
VN170086	2	2	10	3	1
VN170087	1	3	2	2	1
VN170087	2	2	2	2	1
VN170087	3	5	1	2	1
VN170088	1	3	40	3	2
VN170089	1	3	120	3	1
VN170090	1	2	9	2	1
VN170090	2	3	5	2	1
VN170090	3	5	20	2	2
VN170093	1	5	10	2	1
VN170094	1	2	2	3	1
VN170094	2	5	4	3	1
VN170095	1	3	3	1	2
VN170095	2	4	4	3	2
VN170095	3	5	30	3	2
VN170100	1	3	2	1	1
VN170100	2	2	3	2	1
VN170100	3	5	2	2	1
VN170101	1	2	10	3	1
VN170101	2	3	1	1	1
VN170101	3	5	2	2	1
VN170103	1	2	7	3	2
VN170104	1	2	4	3	1
VN170104	2	3	2	2	1
VN170104	3	4	10	2	1
VN170104	4	5	15	2	1
VN170109	1	3	1	2	1
VN170109	2	2	1	2	1
VN170119	1	3	5	3	1
VN170119	2	2	15	3	1
VN170120	1	2	5	2	2
VN170120	2	3	10	2	2
VN170126	1	2	5	3	1
VN170126	2	3	3	3	1
VN170132	1	2	2	3	2
VN170132	2	3	1	1	2
VN170132	3	5	3	2	2
VN170141	1	6	12	2	2
VN170141	2	2	2	2	2
VN180001	1	5	6	1	1
VN180001	2	3	3	1	1
VN180001	3	2	5	1	1
VN180002	1	2	5	3	1
VN180002	2	3	3	1	1
VN180002	3	5	2	1	1
VN180003	1	2	2	3	2
VN180003	2	3	1	2	2
VN180003	3	5	5	3	2
VN180005	1	3	14	3	1
VN180005	2	5	9	2	2
VN180006	1	2	4	2	1
VN180006	2	3	2	2	1
VN180007	1	2	5	1	1
VN180007	2	3	5	1	1
VN180008	1	2	12	2	1
VN180008	2	3	13	2	1
VN180008	3	5	3	2	1
VN180009	1	1	12	1	1
VN180011	1	2	7	1	2
VN180011	2	5	10	3	2
VN180015	1	2	12	3	1
VN180015	2	3	12	2	1
VN180015	3	6	2	2	1
VN180016	1	6	36	1	2
VN180017	1	3	7	3	1
VN180017	2	2	10	2	1
VN180017	3	5	3	2	1
VN180018	1	2	5	1	1
VN180019	1	2	4	3	1
VN180019	2	5	4	3	1
VN180020	1	5	5	3	1
VN180020	2	3	1	1	1
VN180020	3	2	3	3	1
VN180021	1	3	6	2	1
VN180021	2	2	5	2	1
VN180023	1	2	12	1	2
VN180023	2	3	4	2	1
VN180024	1	3	12	2	1
VN180024	2	2	2	2	1
VN180024	3	5	4	1	1
VN180025	1	2	1	3	2
VN180026	1	2	10	3	1
VN180026	2	2	5	3	2
VN180026	3	3	5	2	1
VN180027	1	3	12	3	2
VN180027	2	2	3	3	2
VN180027	3	5	40	3	2
VN180028	1	2	14	1	2
VN180028	2	3	10	2	2
VN180028	3	5	2	3	1
VN180030	1	3	20	3	2
VN180030	2	2	3	2	1
VN180030	3	6	4	2	1
VN180031	1	2	2	2	1
VN180031	2	3	10	2	1
VN180031	3	5	2	2	1
VN180032	1	2	2	3	1
VN180032	2	3	4	3	1
VN180032	3	5	2	3	1
VN180033	1	2	4	3	1
VN180033	2	3	7	3	2
VN180034	1	2	4	3	1
VN180034	2	3	7	3	1
VN180034	3	5	5	2	1
VN180035	1	2	3	2	2
VN180035	2	5	4	2	2
VN180036	1	2	6	2	1
VN180036	2	3	10	2	1
VN180037	1	2	12	3	2
VN180037	2	3	12	3	2
VN180037	3	5	5	2	2
VN180039	1	2	6	3	2
VN180039	2	3	6	3	2
VN180040	1	2	10	2	1
VN180040	2	3	1	1	1
VN180040	3	6	6	3	1
VN180042	1	3	14	1	1
VN180043	1	3	4	3	1
VN180043	2	2	4	3	1
VN180043	3	5	5	2	1
VN180044	1	2	12	3	1
VN180044	2	3	6	3	1
VN180044	3	5	20	3	1
VN180044	4	6	8	3	1
VN180045	1	2	10	3	1
VN180046	1	2	6	3	1
VN180046	2	3	5	3	1
VN180047	1	2	20	3	1
VN180047	2	3	2	2	1
VN180047	3	5	10	3	1
VN180047	4	6	1	1	1
VN180048	1	2	8	1	1
VN180048	2	3	6	1	1
VN180048	3	5	10	3	1
VN180050	1	3	35	3	2
VN180051	1	2	12	2	2
VN180051	2	6	2	2	2
VN180054	1	3	5	3	1
VN180054	2	5	20	3	2
VN180055	1	3	16	3	1
VN180055	2	2	4	3	1
VN180055	3	5	100	3	1
VN180056	1	2	12	3	2
VN180056	2	3	2	3	2
VN180056	3	5	2	2	2
VN180058	1	5	12	3	1
VN180058	2	3	4	3	1
VN180058	3	2	3	1	1
VN180060	1	2	2	3	1
VN180060	2	3	2	2	1
VN180061	1	5	1	2	1
VN180062	1	3	300	2	1
VN180063	1	3	12	1	1
VN180063	2	2	4	1	1
VN180064	1	3	20	3	1
VN180064	2	2	5	2	1
VN180064	3	5	2	2	1
VN180065	1	2	2	3	2
VN180065	2	3	1	1	2
VN180065	3	5	10	3	2
VN180066	1	2	10	3	2
VN180066	2	5	20	3	2
VN180068	1	2	8	2	1
VN180068	2	3	3	2	1
VN180068	3	5	10	3	1
VN180071	1	3	6	3	1
VN180071	2	2	5	1	1
VN180071	3	5	6	3	1
VN180072	1	2	6	1	1
VN180073	1	3	4	3	2
VN180074	1	2	5	3	2
VN180074	2	3	3	2	1
VN180074	3	5	10	3	1
VN180075	1	3	300	2	1
VN180076	1	5	5	1	1
VN180076	2	3	2	1	1
VN180077	1	3	6	3	2
VN180077	2	2	2	1	1
VN180077	3	5	200	3	2
VN180078	1	2	10	3	1
VN180078	2	3	10	3	2
VN180078	3	5	30	2	1
VN180079	1	2	15	2	1
VN180079	2	3	30	3	2
VN180080	1	3	7	1	1
VN180080	2	2	3	1	1
VN180080	3	6	6	1	1
VN180081	1	3	2	2	1
VN180081	2	2	2	2	1
VN180082	1	3	5	1	1
VN180082	2	5	2	3	1
VN180083	1	2	5	1	1
VN180083	2	3	2	1	1
VN180084	1	3	6	3	1
VN180084	2	2	14	3	2
VN180084	3	5	5	3	1
VN180085	1	2	12	1	2
VN180088	1	2	2	3	1
VN180088	2	3	3	3	1
VN180088	3	5	4	2	1
VN180089	1	3	36	3	1
VN180089	2	2	36	3	2
VN180089	3	5	1	1	1
VN180090	1	2	3	3	2
VN180090	2	5	5	2	1
VN180091	1	3	6	3	1
VN180091	2	2	15	3	1
VN180092	1	3	2	1	1
VN180092	2	2	5	3	2
VN180092	3	5	4	3	2
VN180094	1	2	36	2	1
VN180094	2	3	2	1	1
VN180094	3	5	3	3	1
VN180095	1	2	3	3	1
VN180095	2	3	15	3	1
VN180095	3	5	3	3	1
VN180096	1	2	8	3	1
VN180096	2	3	5	3	1
VN180096	3	5	20	2	1
VN180098	1	2	3	3	1
VN180098	2	3	2	2	1
VN180098	3	5	7	3	1
VN180099	1	2	7	2	1
VN180099	2	3	3	2	1
VN180099	3	5	10	3	1
VN180100	1	2	3	1	2
VN180100	2	3	10	3	2
VN180100	3	5	11	3	1
VN180104	1	2	4	3	1
VN180104	2	5	5	2	1
VN180104	3	3	9	3	1
VN180105	1	3	12	3	1
VN180105	2	5	1	2	1
VN180106	1	3	2	3	1
VN180106	2	5	20	3	2
VN180109	1	3	2	1	1
VN180109	2	2	2	2	1
VN180110	1	3	8	3	1
VN180110	2	2	10	3	1
VN180110	3	5	6	3	1
VN180112	1	5	2	2	1
VN180113	1	3	2	1	1
VN180113	2	5	3	1	1
VN180118	1	3	2	1	1
VN180118	2	2	5	3	2
VN190001	1	3	60	3	1
VN190001	2	2	50	3	1
VN190002	1	1	3	1	1
VN190003	1	3	9	2	1
VN190003	2	2	36	1	1
VN190004	1	5	6	3	1
VN190005	1	3	2	2	2
VN190005	2	2	10	2	2
VN190005	3	5	2	2	2
VN190006	1	2	6	3	2
VN190006	2	3	3	2	2
VN190006	3	5	10	3	2
VN190009	1	3	360	3	2
VN190011	1	5	2	2	2
VN190012	1	2	2	1	1
VN190012	2	3	3	1	1
VN190014	1	2	2	3	1
VN190014	2	3	5	3	1
VN190015	1	3	10	3	2
VN190015	2	2	6	3	2
VN190015	3	5	4	3	2
VN190016	1	2	12	3	1
VN190016	2	3	20	3	1
VN190016	3	5	30	2	1
VN190017	1	6	1	2	2
VN190018	1	5	5	1	1
VN190018	2	3	8	3	1
VN190019	1	2	2	3	2
VN190019	2	3	3	3	2
VN190019	3	5	4	2	2
VN190020	1	2	12	3	1
VN190020	2	3	360	3	1
VN190021	1	2	12	3	1
VN190021	2	3	12	3	2
VN190021	3	5	12	2	1
VN190022	1	3	50	3	1
VN190022	2	2	2	2	1
VN190022	3	5	5	2	1
VN190023	1	3	4	3	2
VN190023	2	2	8	3	2
VN190023	3	5	2	3	2
VN190026	1	2	3	3	1
VN190027	1	2	13	3	2
VN190027	2	3	6	2	2
VN190027	3	5	1	1	1
VN190028	1	2	1	2	1
VN190029	1	2	5	3	2
VN190029	2	3	4	2	2
VN190030	1	3	15	3	2
VN190030	2	2	4	3	2
VN190030	3	5	20	2	2
VN190031	1	2	1	3	2
VN190031	2	3	12	3	2
VN190031	3	5	5	3	2
VN190034	1	2	5	2	1
VN190034	2	3	12	2	1
VN190034	3	5	2	2	1
VN190038	1	3	10	3	2
VN190039	1	3	124	3	2
VN190039	2	2	24	1	2
VN190040	1	2	3	3	1
VN190040	2	3	12	3	1
VN190040	3	5	4	3	1
VN190043	1	2	12	1	2
VN190043	2	3	12	1	2
VN190043	3	5	3	2	2
VN190044	1	2	5	1	2
VN190044	2	3	3	1	1
VN190046	1	2	2	2	1
VN190046	2	3	2	2	1
VN190047	1	2	2	2	2
VN190048	1	3	9	3	2
VN190048	2	2	6	1	2
VN190050	1	3	3	1	1
VN190050	2	2	4	1	1
VN190050	3	5	1	1	1
VN190051	1	2	20	3	1
VN190051	2	5	3	3	1
VN190052	1	3	12	3	1
VN190052	2	2	3	2	2
VN190052	3	5	10	2	2
VN190054	1	2	3	3	2
VN190054	2	3	3	3	2
VN190054	3	5	1	3	1
VN190055	1	3	1	2	1
VN190055	2	2	1	1	1
VN190056	1	3	3	2	1
VN190056	2	2	3	1	1
VN190056	3	4	3	1	1
VN190057	1	2	12	2	1
VN190057	2	3	12	3	2
VN190057	3	5	3	3	2
VN190059	1	2	10	3	2
VN190059	2	3	8	2	2
VN190059	3	5	4	3	2
VN190060	1	2	4	2	1
VN190061	1	2	3	2	2
VN190063	1	3	5	3	1
VN190064	1	2	2	3	1
VN190065	1	2	2	3	1
VN190065	2	3	2	3	1
VN190066	1	2	4	3	2
VN190066	2	3	3	3	1
VN190067	1	3	12	3	1
VN190067	2	2	12	3	1
VN190068	1	2	2	2	1
VN190068	2	3	5	3	2
VN190069	1	2	12	3	2
VN190069	2	3	5	1	2
VN190070	1	3	12	3	2
VN190070	2	2	3	3	2
VN190070	3	5	4	2	2
VN190071	1	3	10	3	1
VN190071	2	5	5	3	1
VN190071	3	2	2	1	1
VN190072	1	2	5	3	1
VN190072	2	3	2	2	1
VN190072	3	5	3	3	1
VN190074	1	2	20	1	1
VN190074	2	3	10	1	1
VN190074	3	5	10	1	1
VN190075	1	3	3	3	2
VN190075	2	2	2	2	1
VN190075	3	5	1	1	1
VN190077	1	3	10	2	1
VN190077	2	5	5	2	1
VN190079	1	2	4	3	1
VN190079	2	3	4	3	1
VN190079	3	5	3	3	1
VN190081	1	3	2	1	1
VN190081	2	2	5	3	1
VN190081	3	4	2	2	1
VN190081	4	6	10	1	1
VN190082	1	2	5	1	1
VN190082	2	3	3	1	1
VN190083	1	2	4	3	2
VN190083	2	3	2	1	1
VN190083	3	5	3	3	2
VN190084	1	2	2	3	1
VN190084	2	3	3	3	2
VN190084	3	5	5	3	2
VN190087	1	3	2	3	2
VN190088	1	2	30	1	1
VN190088	2	3	50	1	1
VN190088	3	5	20	1	1
VN190089	1	2	2	2	1
VN190089	2	3	9	2	1
VN190089	3	5	5	2	1
VN190090	1	3	6	3	2
VN190091	1	2	2	3	1
VN190092	1	2	5	3	2
VN190093	1	3	3	2	1
VN190093	2	5	6	3	2
VN190094	1	2	2	3	1
VN190095	1	2	3	3	1
VN190096	1	3	386	3	1
VN190096	2	2	11	3	1
VN190096	3	5	10	2	1
VN190099	1	2	2	2	1
VN190099	2	3	5	2	1
VN190099	3	5	10	2	1
VN190100	1	3	6	3	2
VN190100	2	2	8	1	2
VN190105	1	3	48	3	1
VN190105	2	2	48	3	1
VN190107	1	3	2	3	1
VN190107	2	2	1	2	2
VN190110	1	3	10	3	1
VN190110	2	2	20	2	2
VN190112	1	2	10	2	1
VN190112	2	3	5	2	1
VN190112	3	5	2	2	1
VN190113	1	3	12	3	2
VN190115	1	2	12	2	2
VN190115	2	3	60	2	2
VN190116	1	3	4	3	1
VN190118	1	2	8	3	1
VN190118	2	3	10	3	1
VN190118	3	5	2	3	1
VN190123	1	2	1	2	2
VN190123	2	5	2	2	1
VN190137	1	3	20	2	2
VN190139	1	2	5	3	2
VN190139	2	3	14	3	2
VN190139	3	6	2	3	1
VN200001	1	3	360	3	2
VN200001	2	2	10	3	2
VN200002	1	2	6	3	2
VN200002	2	3	3	3	2
VN200002	3	5	16	3	2
VN200003	1	3	13	2	2
VN200004	1	3	134	2	2
VN200005	2	3	11	3	1
VN200005	3	2	10	3	1
VN200005	4	5	4	2	1
VN200006	1	3	2	2	1
VN200006	2	2	1	3	1
VN200006	3	5	2	2	1
VN200007	1	3	5	1	2
VN200007	2	2	6	3	2
VN200007	3	5	30	3	2
VN200010	1	2	30	3	1
VN200010	2	3	40	3	1
VN200010	3	5	5	3	1
VN200011	1	2	4	3	2
VN200012	1	2	4	2	2
VN200012	2	3	2	1	2
VN200012	3	5	13	3	2
VN200013	1	5	1	2	1
VN200013	2	3	12	2	1
VN200013	3	2	12	2	1
VN200014	1	3	5	3	1
VN200014	2	2	3	2	1
VN200015	1	5	5	1	1
VN200015	2	3	6	1	1
VN200015	3	2	3	1	1
VN200016	1	3	2	1	2
VN200016	2	5	4	1	2
VN200017	1	2	3	3	1
VN200017	2	3	10	2	1
VN200017	3	5	4	3	1
VN200019	1	5	10	3	1
VN200020	1	3	20	3	1
VN200021	1	2	2	3	2
VN200021	2	3	8	3	2
VN200021	3	5	20	3	2
VN200022	1	2	7	3	2
VN200022	2	3	3	1	2
VN200022	3	5	4	2	2
VN200025	1	2	3	2	1
VN200025	2	3	5	3	1
VN200025	3	5	7	2	1
VN200027	1	3	72	3	1
VN200027	2	2	13	3	1
VN200027	3	5	5	2	1
VN200028	1	3	4	2	1
VN200028	2	2	2	2	1
VN200028	3	5	10	3	2
VN200029	1	3	6	1	2
VN200030	1	3	12	3	2
VN200030	2	2	1	2	1
VN200032	1	2	10	3	1
VN200032	2	3	30	2	1
VN200032	3	5	5	2	1
VN200033	1	3	3	3	1
VN200033	2	5	2	3	1
VN200034	1	3	6	3	1
VN200034	2	2	3	3	1
VN200034	3	5	2	3	1
VN200034	4	4	2	3	1
VN200035	1	3	9	2	2
VN200035	2	2	2	2	2
VN200039	1	3	2	2	1
VN200039	2	2	10	3	1
VN200039	3	5	5	2	1
VN200040	1	3	6	3	2
VN200040	2	2	8	1	2
VN200041	1	2	4	2	2
VN200041	2	5	4	2	1
VN200042	1	2	4	3	1
VN200042	2	3	8	3	2
VN200042	3	5	4	3	1
VN200043	1	3	8	2	1
VN200043	2	2	1	2	1
VN200043	3	5	1	2	1
VN200046	1	3	3	1	2
VN200048	1	2	7	2	2
VN200048	2	3	3	3	2
VN200049	1	3	30	3	2
VN200049	2	5	4	1	2
VN200050	1	3	144	3	1
VN200050	2	2	20	2	1
VN200050	3	5	10	2	1
VN200052	1	2	3	3	1
VN200053	1	3	1	1	1
VN200053	2	5	5	1	1
VN200053	3	2	2	1	1
VN200054	1	2	15	3	2
VN200054	2	3	7	3	2
VN200054	3	5	5	2	2
VN200056	1	2	2	1	2
VN200056	2	4	2	3	1
VN200057	1	2	20	3	1
VN200057	2	5	5	2	1
VN200059	2	2	2	1	2
VN200060	1	2	6	3	2
VN200060	2	2	1	1	1
VN200061	1	2	10	3	1
VN200061	2	3	12	3	1
VN200061	3	5	1	2	1
VN200062	1	2	2	1	2
VN200062	2	3	30	1	2
VN200063	1	3	10	3	1
VN200063	2	2	10	3	1
VN200063	3	5	1	2	1
VN200066	1	2	10	3	2
VN200066	2	3	1	1	1
VN200067	1	3	4	3	2
VN200067	2	2	3	2	1
VN200067	3	5	2	2	1
VN200068	1	2	20	3	2
VN200068	2	3	4	3	2
VN200069	1	2	10	3	2
VN200069	2	3	13	3	2
VN200069	3	5	5	3	2
VN200071	1	2	12	3	1
VN200071	2	3	15	3	1
VN200071	3	5	5	2	1
VN200072	1	3	3	2	1
VN200072	2	5	2	2	1
VN200072	3	2	2	1	1
VN200074	1	3	3	1	2
VN200074	2	5	5	1	1
VN200075	1	2	2	1	2
VN200075	2	5	5	1	1
VN200076	1	3	25	3	1
VN200077	1	2	2	2	2
VN200077	2	3	3	1	2
VN200077	3	5	10	2	2
VN200078	1	3	9	1	1
VN200080	1	2	10	3	2
VN200080	2	3	15	3	1
VN200083	1	3	2	3	1
VN200083	2	2	3	3	1
VN200085	1	2	2	3	1
VN200085	2	3	2	3	1
VN200085	3	5	2	3	1
VN200086	1	3	80	3	1
VN200086	2	2	20	3	1
VN200086	3	5	20	2	1
VN200087	1	3	6	3	1
VN200087	2	2	5	1	1
VN200087	3	5	1	3	1
VN200089	1	2	5	1	1
VN200089	2	3	20	2	1
VN200089	3	5	10	3	1
VN200090	1	6	20	3	1
VN200090	2	2	3	2	1
VN200091	1	3	4	3	2
VN200092	1	3	12	2	1
VN200092	2	5	10	2	1
VN200093	1	3	2	3	1
VN200094	1	2	3	3	1
VN200094	2	5	2	2	1
VN200095	1	2	15	1	2
VN200095	2	3	13	3	2
VN200095	3	5	3	2	1
VN200097	1	3	3	1	1
VN200097	2	2	2	1	1
VN200097	3	5	11	2	1
VN200098	1	2	2	1	1
VN200098	2	3	2	1	1
VN200098	3	5	9	2	1
VN200099	1	2	12	3	1
VN200099	2	3	13	3	1
VN200099	3	5	5	3	2
VN200100	1	2	2	2	1
VN200101	1	3	4	3	1
VN200101	2	2	2	2	1
VN200101	3	3	1	2	1
VN200103	1	2	150	3	1
VN200109	1	3	70	3	2
VN200113	1	3	5	3	2
VN200113	2	5	1	2	1
VN200119	1	3	3	3	1
VN200119	2	2	5	3	1
VN200119	3	5	4	1	1
VN200120	1	3	2	3	1
VN200120	2	2	3	2	1
VN200128	1	2	16	3	2
VN200128	2	3	3	2	1
VN200128	3	5	5	3	2
VN200129	1	3	2	1	1
VN200129	2	2	1	1	1
VN200135	1	3	2	1	1
VN200135	2	2	2	3	1
VN200142	1	2	5	3	1
VN200142	2	3	3	3	1
VN200142	3	5	1	2	1
VN200148	1	3	4	3	2
