PLACEID	LOCLTYID	CODE	ROUTE	TRNSPTNT	TIMEARRV
IN001	1	2	2	1	10
IN001	2	2	2	8	50
IN001	3	2	2	8	60
IN001	4	2	2	8	80
IN001	5	2	2	8	50
IN002	1	2	1	1	10
IN002	2	2	2	1	30
IN002	3	2	2	1	60
IN002	4	2	2	1	30
IN002	5	2	1	1	60
IN003	1	1	2	8	60
IN003	2	2	2	5	45
IN003	3	2	2	8	45
IN003	4	2	1	5	30
IN003	5	2	1	5	40
IN004	1	4	1	1	10
IN004	2	3	2	5	15
IN004	3	3	2	5	15
IN004	4	3	2	5	25
IN004	5	3	1	5	10
IN005	1	2	2	8	50
IN005	2	2	2	8	60
IN005	3	2	2	8	80
IN005	4	2	2	8	70
IN005	5	2	2	8	50
IN006	1	2	2	1	10
IN006	2	2	2	8	50
IN006	3	2	2	8	60
IN006	4	2	2	8	80
IN006	5	2	2	8	50
IN007	1	2	1	1	20
IN007	2	2	1	1	15
IN007	3	3	1	8	40
IN007	4	3	1	8	30
IN007	5	3	1	1	15
IN008	1	2	1	1	20
IN008	2	2	1	1	15
IN008	3	3	1	8	40
IN008	4	3	1	8	30
IN008	5	2	1	1	15
IN009	1	2	1	1	30
IN009	2	2	1	1	20
IN009	3	2	1	8	20
IN009	4	2	1	8	20
IN009	5	2	1	8	45
IN010	1	2	1	1	90
IN010	2	2	1	8	15
IN010	3	2	1	8	20
IN010	4	2	1	8	15
IN010	5	3	1	1	1
IN011	1	2	2	1	30
IN011	2	3	2	1	20
IN011	3	3	2	8	20
IN011	4	2	2	8	20
IN011	5	3	2	8	45
IN012	1	2	2	1	10
IN012	2	2	2	1	5
IN012	3	2	2	5	15
IN012	4	2	2	5	10
IN012	5	2	2	5	30
IN012	6	2	2	8	60
IN012	7	2	2	8	30
IN012	8	2	2	5	45
IN013	1	2	2	1	10
IN013	2	2	2	1	5
IN013	3	2	2	5	15
IN013	4	2	2	5	10
IN013	5	2	2	5	30
IN013	6	2	2	8	60
IN013	7	2	2	8	30
IN013	8	2	2	5	45
IN014	1	2	2	1	10
IN014	2	2	2	1	5
IN014	3	2	2	5	15
IN014	4	2	2	5	10
IN014	5	2	2	5	30
IN014	6	2	2	8	60
IN014	7	2	2	8	30
IN014	8	2	2	5	45
IN015	1	2	3	1	5
IN015	2	2	1	1	10
IN015	3	2	1	1	10
IN015	4	2	1	1	10
IN015	5	2	1	1	15
IN015	6	2	1	1	15
IN015	7	2	1	1	30
IN015	8	2	1	1	15
IN016	1	2	3	1	5
IN016	2	2	1	1	10
IN016	3	2	1	1	10
IN016	4	2	1	1	10
IN016	5	2	1	1	15
IN016	6	2	1	1	15
IN016	7	2	1	1	3
IN016	8	2	1	1	15
IN016	9	2	1	1	10
IN016	10	2	1	1	20
IN016	11	1	1	1	20
IN016	12	2	1	1	3
IN016	13	2	1	1	40
IN016	14	2	1	1	35
IN017	1	2	2	1	10
IN017	2	2	2	1	5
IN017	3	2	2	5	15
IN017	4	2	2	5	10
IN017	5	2	2	5	30
IN017	6	2	2	8	60
IN017	7	2	2	8	30
IN017	8	2	2	5	45
IN018	1	1	2	1	10
IN018	2	2	1	5	30
IN018	3	2	1	5	45
IN018	4	2	1	5	60
IN018	5	2	2	12	30
IN018	6	2	1	8	60
IN019	1	1	2	1	10
IN019	2	2	1	5	30
IN019	3	2	1	5	45
IN019	4	2	1	5	60
IN019	5	2	2	12	30
IN019	6	2	1	8	60
IN020	1	1	2	1	10
IN020	2	2	1	5	30
IN020	3	2	1	5	45
IN020	4	2	1	5	60
IN020	5	2	2	12	30
IN020	6	2	1	8	60
IN021	1	2	2	1	5
IN021	2	2	2	8	20
IN021	3	2	2	8	20
IN021	4	2	2	8	10
IN022	1	2	2	1	5
IN022	2	2	2	8	20
IN022	3	2	2	8	20
IN022	4	2	2	8	10
IN023	1	2	2	1	5
IN023	2	2	2	8	20
IN023	3	2	2	8	20
IN023	4	2	2	8	10
IN024	1	1	3	1	10
IN024	2	1	3	1	10
IN024	3	1	3	1	10
IN024	4	1	3	1	10
IN024	5	1	3	1	10
IN025	1	1	3	1	10
IN025	2	1	3	1	20
IN025	3	1	3	1	5
IN025	4	1	3	5	15
IN025	5	1	3	5	10
IN026	1	2	3	1	10
IN026	2	1	3	1	20
IN026	3	1	3	1	10
IN026	4	1	3	1	15
IN026	5	1	3	1	10
IN027	1	2	3	1	95
IN027	2	3	3	1	115
IN027	3	2	1	1	30
IN027	4	3	1	1	60
IN027	5	2	2	5	10
IN028	1	3	1	1	60
IN028	2	3	1	1	120
IN028	3	3	1	1	120
IN028	4	3	1	1	60
IN028	5	3	1	1	60
IN029	1	2	2	5	30
IN029	2	2	2	8	10
IN029	3	2	2	8	10
IN029	4	2	2	5	30
IN029	5	2	2	1	10
IN030	1	3	1	1	60
IN030	2	3	1	1	120
IN030	3	3	1	1	120
IN030	4	3	1	1	60
IN030	5	3	1	1	60
IN031	1	2	1	5	60
IN031	2	2	1	5	70
IN031	3	3	1	1	120
IN031	4	3	1	1	60
IN031	5	3	1	1	60
IN032	1	2	2	5	30
IN032	2	2	2	8	10
IN032	3	2	2	8	10
IN032	4	2	2	5	30
IN032	5	2	2	1	10
IN033	1	7	2	1	20
IN033	2	7	2	1	25
IN033	3	7	2	1	15
IN033	4	7	2	1	10
IN033	5	7	2	1	10
IN034	1	2	2	5	30
IN034	2	2	2	5	40
IN034	3	2	2	5	30
IN034	4	2	2	8	40
IN034	5	2	2	8	15
IN035	1	2	1	5	10
IN035	2	2	1	5	5
IN035	3	2	1	5	20
IN035	4	2	1	5	30
IN035	5	2	1	5	30
IN036	1	2	1	5	60
IN036	2	6	8	60	3
IN036	3	2	1	5	20
IN036	4	2	1	5	30
IN036	5	2	1	5	60
IN037	1	2	1	1	10
IN037	2	2	1	5	20
IN037	3	2	1	5	20
IN037	4	2	1	5	30
IN037	5	2	1	5	20
IN038	1	2	1	5	10
IN038	2	2	1	5	40
IN038	3	2	1	5	5
IN038	4	2	1	5	20
IN038	5	2	1	5	30
IN040	1	2	1	8	20
IN040	2	2	1	8	30
IN040	3	2	1	8	30
IN040	4	2	1	8	15
IN040	5	2	1	8	20
IN041	1	2	1	1	10
IN041	2	2	1	5	15
IN041	3	2	1	8	20
IN041	4	2	1	5	15
IN041	5	2	1	5	20
IN042	1	2	3	 	20
IN042	2	2	3	5	15
IN042	3	2	3	5	10
IN042	4	2	3	5	15
IN042	5	3	3	8	45
IN043	1	2	77	8	20
IN043	2	2	77	8	30
IN043	3	2	77	8	20
IN043	4	2	77	8	20
IN043	5	2	77	8	15
IN044	1	1	1	1	10
IN044	2	2	1	8	15
IN044	3	2	1	8	10
IN044	4	2	1	8	15
IN044	5	2	1	8	30
IN045	1	2	2	8	20
IN045	2	2	2	8	30
IN045	3	2	3	8	20
IN045	4	2	3	8	20
IN045	5	2	1	8	15
IN046	1	2	1	8	15
IN046	2	23	1	8	30
IN046	3	2	1	5	20
IN046	4	2	1	8	15
IN046	5	2	1	8	25
IN047	1	1	2	5	10
IN047	2	1	2	5	5
IN047	3	1	2	5	10
IN047	4	1	2	5	10
IN047	5	1	2	5	10
IN048	1	1	2	5	15
IN048	2	2	2	8	30
IN048	3	1	2	5	15
IN048	4	1	2	5	15
IN048	5	1	2	5	30
IN049	1	7	2	5	1
IN049	2	1	2	10	1
IN049	3	7	2	15	1
IN049	4	7	2	10	1
IN049	5	7	2	15	1
IN050	1	2	2	8	25
IN050	2	2	2	8	30
IN050	3	2	2	8	20
IN050	4	2	2	8	20
IN050	5	2	2	8	20
IN051	1	2	2	8	30
IN051	2	2	2	8	25
IN051	3	2	2	8	28
IN051	4	2	2	8	20
IN051	5	2	2	8	25
IN052	1	2	2	8	25
IN052	2	2	2	8	30
IN052	3	2	2	8	90
IN052	4	2	2	8	20
IN052	5	2	2	8	20
IN053	1	2	2	1	10
IN053	2	2	2	5	20
IN053	3	2	2	8	25
IN053	4	2	2	8	30
IN053	5	2	2	5	30
IN054	1	2	2	8	30
IN054	2	2	2	8	45
IN054	3	2	2	8	45
IN054	4	2	2	8	45
IN055	1	2	2	8	25
IN055	2	2	2	8	110
IN055	3	2	2	8	70
IN055	4	2	2	8	80
IN055	5	2	2	8	100
IN056	1	2	2	8	45
IN056	2	2	2	8	35
IN056	3	2	2	8	40
IN056	4	2	2	8	30
IN056	5	2	2	8	35
IN058	1	2	1	5	25
IN058	2	2	1	5	30
IN058	3	2	1	1	60
IN058	4	2	1	5	30
IN058	5	2	1	5	30
IN061	1	2	2	5	30
IN061	2	2	1	12	45
IN061	3	2	1	12	45
IN061	4	2	2	5	45
IN061	5	2	2	5	45
IN061	6	2	1	1	10
IN062	1	2	2	5	30
IN062	2	2	2	5	45
IN062	3	2	1	12	45
IN062	4	2	1	1	10
IN062	5	2	2	5	45
IN062	6	2	3	8	60
IN063	1	2	2	5	30
IN063	2	2	1	12	45
IN063	3	2	1	121	45
IN063	4	2	1	1	10
IN063	5	2	2	5	45
IN063	6	2	5	8	60
IN064	1	2	2	5	30
IN064	2	2	1	12	45
IN064	3	2	1	12	45
IN064	4	2	1	1	10
IN064	5	2	2	5	45
IN064	6	2	3	8	60
IN065	1	1	1	10	10
IN065	2	2	1	12	20
IN065	3	2	1	12	20
IN065	4	2	1	12	30
IN065	5	2	1	12	50
IN066	1	2	1	5	15
IN066	2	2	2	5	50
IN066	3	2	2	12	45
IN066	4	2	1	5	30
IN066	5	2	2	1	10
IN067	1	2	2	12	10
IN067	2	2	2	12	40
IN067	3	2	2	12	30
IN067	4	2	2	12	30
IN067	5	2	2	12	40
IN068	1	2	1	5	15
IN068	2	2	2	5	50
IN068	3	2	1	12	30
IN068	4	2	1	5	30
IN068	5	2	2	1	10
IN069	1	2	2	1	10
IN069	2	2	2	1	30
IN069	3	2	2	1	20
IN069	4	2	2	1	30
IN069	5	2	2	12	30
IN070	1	2	2	1	10
IN070	2	2	2	1	30
IN070	3	2	2	1	20
IN070	4	2	2	1	30
IN070	5	2	2	5	30
IN071	1	2	1	1	30
IN071	2	2	1	8	20
IN071	3	2	3	1	10
IN071	4	2	1	8	60
IN071	5	2	3	1	40
IN072	1	2	2	1	10
IN072	2	2	1	8	30
IN072	3	2	1	1	30
IN072	4	2	2	8	5
IN072	5	2	2	8	30
IN073	1	2	2	1	10
IN073	2	2	1	8	30
IN073	3	2	1	1	30
IN073	4	2	2	8	5
IN073	5	2	2	8	30
IN074	1	2	1	1	30
IN074	2	2	1	8	20
IN074	3	2	3	1	10
IN074	4	2	1	8	60
IN074	5	2	3	1	70
IN075	1	2	1	1	30
IN075	2	2	1	8	20
IN075	3	2	3	1	10
IN075	4	2	1	8	60
IN075	5	2	3	1	40
IN076	1	2	1	1	5
IN076	2	2	1	1	15
IN076	3	2	1	5	15
IN076	4	2	1	5	25
IN076	5	2	1	12	30
IN077	1	2	1	1	5
IN077	2	2	1	5	5
IN077	3	2	1	5	5
IN077	4	2	1	12	20
IN077	5	2	1	12	30
IN078	1	1	1	1	8
IN078	2	2	1	8	30
IN078	3	1	1	8	30
IN078	4	2	1	12	40
IN078	5	2	1	12	60
IN079	1	2	1	5	5
IN079	2	2	1	5	5
IN079	3	2	1	5	5
IN079	4	2	1	12	30
IN079	5	2	1	12	20
IN080	1	1	1	1	8
IN080	2	2	1	8	30
IN080	3	1	1	8	30
IN080	4	2	1	12	40
IN080	5	2	1	5	60
IN081	1	2	1	1	15
IN081	2	2	1	5	30
IN081	3	2	2	5	60
IN081	4	2	2	5	60
IN081	5	2	2	5	60
IN082	1	2	1	8	30
IN082	2	2	1	8	20
IN082	3	2	1	8	25
IN082	4	2	2	8	15
IN082	5	2	2	8	15
IN083	1	2	1	1	15
IN083	2	2	1	5	30
IN083	3	2	2	5	60
IN083	4	2	2	5	60
IN083	5	2	2	5	60
IN084	1	2	1	8	30
IN084	2	2	1	8	20
IN084	3	2	1	8	25
IN084	4	2	2	8	15
IN084	5	2	2	8	15
IN085	1	2	1	8	30
IN085	2	2	1	8	20
IN085	3	2	1	8	25
IN085	4	2	2	8	15
IN085	5	2	2	8	15
IN086	1	2	3	8	40
IN086	2	2	3	8	30
IN086	3	2	3	3	30
IN087	1	2	1	5	30
IN087	2	2	1	5	30
IN087	3	2	1	8	40
IN087	4	2	1	8	75
IN087	5	2	1	8	120
IN088	1	2	1	8	20
IN088	2	2	1	8	20
IN088	3	2	1	8	25
IN088	4	2	1	8	30
IN088	5	2	1	8	30
IN089	1	7	1	1	15
IN089	2	4	2	1	10
IN089	3	4	2	1	10
IN090	1	77	77	77	-77
IN090	2	77	77	77	-77
IN090	3	77	77	77	-77
IN091	1	7	1	1	30
IN091	2	7	1	1	20
IN091	3	7	1	1	15
IN091	4	7	1	1	15
IN091	5	7	1	1	15
IN092	1	2	2	1	10
IN092	2	2	2	1	5
IN092	3	2	2	5	15
IN092	4	2	2	5	10
IN092	5	2	2	5	30
IN092	6	2	2	8	60
IN092	7	2	2	8	30
IN092	8	2	2	5	45
IN093	1	3	1	1	60
IN093	2	3	1	1	120
IN093	3	3	1	1	120
IN093	4	3	1	1	60
IN093	5	2	2	5	40
IN094	1	7	2	1	30
IN094	2	7	2	1	25
IN094	3	7	2	1	30
IN094	4	7	2	1	30
IN094	5	7	2	1	20
IN096	1	2	1	8	30
IN096	2	2	1	8	20
IN096	3	2	1	8	25
IN096	4	2	2	8	15
IN096	5	2	2	8	15
IN097	1	1	2	1	10
IN097	2	2	1	5	30
IN097	3	2	1	5	45
IN097	4	2	1	5	60
IN097	5	2	2	12	30
IN097	6	2	1	8	60
IN099	1	2	2	1	10
IN099	2	2	2	8	50
IN099	3	2	2	8	60
IN099	4	2	2	8	80
IN099	5	2	2	8	50
IN101	1	2	2	1	10
IN101	2	1	2	1	30
IN101	3	1	2	1	10
IN101	4	1	2	1	20
IN101	5	1	2	1	30
IN102	1	1	2	5	15
IN102	2	1	2	8	20
IN102	3	2	2	8	80
IN102	4	2	2	8	60
IN102	5	2	2	8	40
IN102	6	2	2	8	60
IN102	7	2	2	8	45
IN102	8	2	2	8	30
