CHILDCODE	SCHCSTIDR5	FEESR5
11001	1	-77
11001	2	-77
11001	3	-77
11001	4	-77
11002	1	 
11002	2	 
11002	3	 
11002	4	 
11003	1	-77
11003	2	-77
11003	3	-77
11003	4	-77
11004	1	 
11004	2	 
11004	3	 
11004	4	 
11005	1	-77
11005	2	-77
11005	3	-77
11005	4	-77
11006	1	 
11006	2	 
11006	3	 
11006	4	 
11007	1	-77
11007	2	-77
11007	3	-77
11007	4	-77
11008	1	-77
11008	2	-77
11008	3	-77
11008	4	-77
11009	1	 
11009	2	 
11009	3	 
11009	4	 
11010	1	1600
11010	2	2000
11010	3	0
11010	4	0
11011	1	-77
11011	2	-77
11011	3	-77
11011	4	-77
11012	1	10000
11012	2	0
11012	3	0
11012	4	0
11013	1	 
11013	2	 
11013	3	 
11013	4	 
11014	1	 
11014	2	 
11014	3	 
11014	4	 
11015	1	 
11015	2	 
11015	3	 
11015	4	 
11016	1	0
11016	2	1150
11016	3	0
11016	4	0
11018	1	-77
11018	2	-77
11018	3	-77
11018	4	-77
11019	1	-77
11019	2	-77
11019	3	-77
11019	4	-77
11021	1	 
11021	2	 
11021	3	 
11021	4	 
11022	1	-77
11022	2	-77
11022	3	-77
11022	4	-77
11023	1	4500
11023	2	500
11023	3	0
11023	4	0
11024	1	 
11024	2	 
11024	3	 
11024	4	 
11025	1	-77
11025	2	-77
11025	3	-77
11025	4	-77
11026	1	0
11026	2	1100
11026	3	0
11026	4	0
11027	1	40000
11027	2	1500
11027	3	700
11027	4	0
11030	1	11000
11030	2	4800
11030	3	5000
11030	4	0
11031	1	 
11031	2	 
11031	3	 
11031	4	 
11032	1	-77
11032	2	-77
11032	3	-77
11032	4	-77
11034	1	-77
11034	2	-77
11034	3	-77
11034	4	-77
11035	1	82000
11035	2	5200
11035	3	0
11035	4	0
11036	1	34000
11036	2	0
11036	3	0
11036	4	0
11037	1	-77
11037	2	-77
11037	3	-77
11037	4	-77
11038	1	 
11038	2	 
11038	3	 
11038	4	 
11039	1	-77
11039	2	-77
11039	3	-77
11039	4	-77
11040	1	-77
11040	2	-77
11040	3	-77
11040	4	-77
11041	1	-77
11041	2	-77
11041	3	-77
11041	4	-77
11042	1	1500
11042	2	250
11042	3	0
11042	4	0
11043	1	125000
11043	2	18220
11043	3	0
11043	4	0
11044	1	 
11044	2	 
11044	3	 
11044	4	 
11045	1	 
11045	2	 
11045	3	 
11045	4	 
11046	1	-77
11046	2	-77
11046	3	-77
11046	4	-77
11047	1	2000
11047	2	5000
11047	3	0
11047	4	0
11048	1	 
11048	2	 
11048	3	 
11048	4	 
11049	1	10000
11049	2	5000
11049	3	0
11049	4	0
11050	1	 
11050	2	 
11050	3	 
11050	4	 
21001	1	 
21001	2	 
21001	3	 
21001	4	 
21002	1	 
21002	2	 
21002	3	 
21002	4	 
21003	1	 
21003	2	 
21003	3	 
21003	4	 
21004	1	 
21004	2	 
21004	3	 
21004	4	 
21005	1	-77
21005	2	-77
21005	3	-77
21005	4	-77
21006	1	-77
21006	2	-77
21006	3	-77
21006	4	-77
21007	1	2000
21007	2	3000
21007	3	0
21007	4	0
21008	1	-77
21008	2	-77
21008	3	-77
21008	4	-77
21009	1	180
21009	2	250
21009	3	0
21009	4	0
21010	1	2000
21010	2	300
21010	3	0
21010	4	0
21011	1	51000
21011	2	600
21011	3	0
21011	4	0
21012	1	 
21012	2	 
21012	3	 
21012	4	 
21013	1	 
21013	2	 
21013	3	 
21013	4	 
21014	1	 
21014	2	 
21014	3	 
21014	4	 
21015	1	 
21015	2	 
21015	3	 
21015	4	 
21016	1	 
21016	2	 
21016	3	 
21016	4	 
21017	1	 
21017	2	 
21017	3	 
21017	4	 
21018	1	750
21018	2	7250
21018	3	0
21018	4	0
21019	1	10000
21019	2	3000
21019	3	0
21019	4	0
21020	1	 
21020	2	 
21020	3	 
21020	4	 
21021	1	3000
21021	2	1000
21021	3	0
21021	4	0
21022	1	 
21022	2	 
21022	3	 
21022	4	 
21023	1	5000
21023	2	0
21023	3	0
21023	4	0
21024	1	-77
21024	2	-77
21024	3	-77
21024	4	-77
21025	1	-77
21025	2	-77
21025	3	-77
21025	4	-77
21026	1	-77
21026	2	-77
21026	3	-77
21026	4	-77
21027	1	-77
21027	2	-77
21027	3	-77
21027	4	-77
21028	1	50000
21028	2	2000
21028	3	0
21028	4	0
21029	1	-77
21029	2	-77
21029	3	-77
21029	4	-77
21030	1	0
21030	2	0
21030	3	0
21030	4	0
21031	1	 
21031	2	 
21031	3	 
21031	4	 
21032	1	 
21032	2	 
21032	3	 
21032	4	 
21033	1	 
21033	2	 
21033	3	 
21033	4	 
21034	1	 
21034	2	 
21034	3	 
21034	4	 
21035	1	 
21035	2	 
21035	3	 
21035	4	 
21036	1	 
21036	2	 
21036	3	 
21036	4	 
21037	1	 
21037	2	 
21037	3	 
21037	4	 
21038	1	 
21038	2	 
21038	3	 
21038	4	 
21039	1	0
21039	2	5000
21039	3	5000
21039	4	500
21040	1	-77
21040	2	-77
21040	3	-77
21040	4	-77
21042	1	 
21042	2	 
21042	3	 
21042	4	 
21043	1	-77
21043	2	-77
21043	3	-77
21043	4	-77
21044	1	 
21044	2	 
21044	3	 
21044	4	 
21045	1	 
21045	2	 
21045	3	 
21045	4	 
21046	1	 
21046	2	 
21046	3	 
21046	4	 
21047	1	-77
21047	2	-77
21047	3	-77
21047	4	-77
21048	1	 
21048	2	 
21048	3	 
21048	4	 
21049	1	-77
21049	2	-77
21049	3	-77
21049	4	-77
21050	1	0
21050	2	3000
21050	3	1000
21050	4	0
31002	1	1500
31002	2	6500
31002	3	45000
31002	4	0
31005	1	5000
31005	2	1500
31005	3	0
31005	4	0
31006	1	 
31006	2	 
31006	3	 
31006	4	 
31007	1	80000
31007	2	8000
31007	3	55000
31007	4	0
31009	1	3000
31009	2	3000
31009	3	0
31009	4	0
31010	1	800
31010	2	870
31010	3	0
31010	4	0
31011	1	3000
31011	2	500
31011	3	0
31011	4	0
31012	1	1500
31012	2	2500
31012	3	6000
31012	4	0
31013	1	7000
31013	2	8000
31013	3	0
31013	4	0
31014	1	 
31014	2	 
31014	3	 
31014	4	 
31015	1	 
31015	2	 
31015	3	 
31015	4	 
31016	1	 
31016	2	 
31016	3	 
31016	4	 
31018	1	6000
31018	2	2500
31018	3	35000
31018	4	0
31019	1	-77
31019	2	-77
31019	3	-77
31019	4	-77
31020	1	110000
31020	2	15000
31020	3	30000
31020	4	0
31022	1	1000
31022	2	1875
31022	3	8000
31022	4	0
31023	1	0
31023	2	1600
31023	3	30000
31023	4	0
31024	1	500
31024	2	800
31024	3	0
31024	4	0
31025	1	-77
31025	2	-77
31025	3	-77
31025	4	-77
31026	1	 
31026	2	 
31026	3	 
31026	4	 
31027	1	0
31027	2	650
31027	3	0
31027	4	0
31028	1	 
31028	2	 
31028	3	 
31028	4	 
31029	1	 
31029	2	 
31029	3	 
31029	4	 
31030	1	 
31030	2	 
31030	3	 
31030	4	 
31031	1	1000
31031	2	1800
31031	3	0
31031	4	0
31032	1	 
31032	2	 
31032	3	 
31032	4	 
31033	1	1000
31033	2	2000
31033	3	0
31033	4	0
31034	1	1500
31034	2	800
31034	3	0
31034	4	0
31035	1	 
31035	2	 
31035	3	 
31035	4	 
31036	1	-77
31036	2	-77
31036	3	-77
31036	4	-77
31038	1	-77
31038	2	-77
31038	3	-77
31038	4	-77
31039	1	1000
31039	2	2000
31039	3	0
31039	4	0
31040	1	-77
31040	2	-77
31040	3	-77
31040	4	-77
31041	1	6000
31041	2	3000
31041	3	0
31041	4	0
31042	1	1000
31042	2	5000
31042	3	12000
31042	4	0
31043	1	-77
31043	2	-77
31043	3	-77
31043	4	-77
31047	1	-77
31047	2	-77
31047	3	-77
31047	4	-77
31048	1	1500
31048	2	2000
31048	3	0
31048	4	0
31049	1	10000
31049	2	0
31049	3	80000
31049	4	0
31050	1	 
31050	2	 
31050	3	 
31050	4	 
41001	1	300
41001	2	550
41001	3	0
41001	4	0
41002	1	-77
41002	2	-777
41002	3	-77
41002	4	-77
41003	1	 
41003	2	 
41003	3	 
41003	4	 
41004	1	 
41004	2	 
41004	3	 
41004	4	 
41005	1	650
41005	2	500
41005	3	0
41005	4	0
41006	1	-77
41006	2	-77
41006	3	-77
41006	4	-77
41007	1	 
41007	2	 
41007	3	 
41007	4	 
41009	1	-77
41009	2	-77
41009	3	-77
41009	4	-77
41010	1	0
41010	2	90
41010	3	0
41010	4	0
41011	1	 
41011	2	 
41011	3	 
41011	4	 
41012	1	-77
41012	2	-77
41012	3	-77
41012	4	-77
41013	1	-77
41013	2	-77
41013	3	-77
41013	4	-77
41014	1	-77
41014	2	-77
41014	3	-77
41014	4	-77
41015	1	 
41015	2	 
41015	3	 
41015	4	 
41016	1	-77
41016	2	-77
41016	3	-.0700000002980232
41016	4	-77
41017	1	70000
41017	2	500
41017	3	0
41017	4	0
41018	1	-77
41018	2	-77
41018	3	-77
41018	4	-77
41019	1	-77
41019	2	-77
41019	3	-77
41019	4	-77
41020	1	 
41020	2	 
41020	3	 
41020	4	 
41021	1	-77
41021	2	-77
41021	3	-77
41021	4	-77
41022	1	0
41022	2	150
41022	3	0
41022	4	0
41023	1	 
41023	2	 
41023	3	 
41023	4	 
41024	1	-77
41024	2	-77
41024	3	-77
41024	4	-77
41025	1	-77
41025	2	-77
41025	3	-77
41025	4	-77
41026	1	 
41026	2	 
41026	3	 
41026	4	 
41027	1	-77
41027	2	-77
41027	3	-77
41027	4	-77
41028	1	-77
41028	2	-77
41028	3	-77
41028	4	-77
41029	1	10000
41029	2	6500
41029	3	0
41029	4	1000
41030	1	-77
41030	2	-77
41030	3	-77
41030	4	-77
41031	1	-77
41031	2	-77
41031	3	-77
41031	4	-77
41032	1	-77
41032	2	-77
41032	3	-77
41032	4	-77
41033	1	-77
41033	2	-77
41033	3	-77
41033	4	-77
41034	1	-77
41034	2	-77
41034	3	-77
41034	4	-77
41035	1	-77
41035	2	-77
41035	3	-77
41035	4	-77
41036	1	 
41036	2	 
41036	3	 
41036	4	 
41037	1	-77
41037	2	-77
41037	3	-77
41037	4	-77
41039	1	3000
41039	2	2000
41039	3	0
41039	4	0
41040	1	14000
41040	2	1600
41040	3	4000
41040	4	0
41041	1	1000
41041	2	1600
41041	3	0
41041	4	0
41042	1	-77
41042	2	-77
41042	3	-77
41042	4	-77
41043	1	 
41043	2	 
41043	3	 
41043	4	 
41044	1	10000
41044	2	1500
41044	3	0
41044	4	0
41045	1	-77
41045	2	-77
41045	3	-77
41045	4	-77
41046	1	0
41046	2	0
41046	3	0
41046	4	0
41047	1	600
41047	2	900
41047	3	0
41047	4	0
41048	1	-77
41048	2	-77
41048	3	-77
41048	4	-77
41049	1	-77
41049	2	-77
41049	3	-77
41049	4	-77
51001	1	650
51001	2	500
51001	3	2000
51001	4	0
51002	1	-9999
51002	2	-9999
51002	3	-9999
51002	4	-9999
51003	1	500
51003	2	850
51003	3	0
51003	4	300
51004	1	1000
51004	2	1500
51004	3	0
51004	4	0
51005	1	500
51005	2	850
51005	3	4000
51005	4	0
51006	1	 
51006	2	 
51006	3	 
51006	4	 
51007	1	500
51007	2	2000
51007	3	16000
51007	4	0
51008	1	5000
51008	2	1280
51008	3	10000
51008	4	0
51009	1	2700
51009	2	1250
51009	3	0
51009	4	0
51010	1	750
51010	2	1650
51010	3	0
51010	4	0
51011	1	5000
51011	2	900
51011	3	3000
51011	4	0
51012	1	 
51012	2	 
51012	3	 
51012	4	 
51013	1	 
51013	2	 
51013	3	 
51013	4	 
51014	1	 
51014	2	 
51014	3	 
51014	4	 
51016	1	0
51016	2	2500
51016	3	0
51016	4	0
51017	1	 
51017	2	 
51017	3	 
51017	4	 
51018	1	-77
51018	2	-77
51018	3	-77
51018	4	-77
51019	1	 
51019	2	 
51019	3	 
51019	4	 
51020	1	3000
51020	2	1500
51020	3	0
51020	4	0
51022	1	 
51022	2	 
51022	3	 
51022	4	 
51023	1	 
51023	2	 
51023	3	 
51023	4	 
51024	1	 
51024	2	 
51024	3	 
51024	4	 
51025	1	 
51025	2	 
51025	3	 
51025	4	 
51026	1	-77
51026	2	-77
51026	3	-77
51026	4	-77
51027	1	0
51027	2	1300
51027	3	0
51027	4	0
51028	1	 
51028	2	 
51028	3	 
51028	4	 
51029	1	-77
51029	2	-77
51029	3	-77
51029	4	-77
51030	1	8000
51030	2	1500
51030	3	0
51030	4	0
51031	1	0
51031	2	2500
51031	3	0
51031	4	0
51032	1	15000
51032	2	6000
51032	3	0
51032	4	0
51033	1	-77
51033	2	-77
51033	3	-77
51033	4	-77
51034	1	 
51034	2	 
51034	3	 
51034	4	 
51035	1	0
51035	2	-77
51035	3	-77
51035	4	-77
51036	1	0
51036	2	5000
51036	3	0
51036	4	0
51037	1	-77
51037	2	-77
51037	3	-77
51037	4	-77
51038	1	-77
51038	2	-77
51038	3	-77
51038	4	-77
51039	1	20000
51039	2	1000
51039	3	0
51039	4	0
51040	1	-77
51040	2	-77
51040	3	-77
51040	4	-77
51041	1	-77
51041	2	-77
51041	3	-77
51041	4	-77
51042	1	500
51042	2	1400
51042	3	0
51042	4	0
51043	1	-77
51043	2	-77
51043	3	-77
51043	4	-77
51044	1	4000
51044	2	1500
51044	3	0
51044	4	0
51045	1	3000
51045	2	1500
51045	3	0
51045	4	0
51046	1	 
51046	2	 
51046	3	 
51046	4	 
51047	1	 
51047	2	 
51047	3	 
51047	4	 
51048	1	600
51048	2	2000
51048	3	0
51048	4	0
51049	1	-77
51049	2	-77
51049	3	-77
51049	4	-77
51050	1	 
51050	2	 
51050	3	 
51050	4	 
61001	1	500
61001	2	4000
61001	3	0
61001	4	0
61002	1	0
61002	2	2500
61002	3	0
61002	4	1500
61003	1	 
61003	2	 
61003	3	 
61003	4	 
61004	1	-77
61004	2	-77
61004	3	-77
61004	4	-77
61005	1	 
61005	2	 
61005	3	 
61005	4	 
61006	1	 
61006	2	 
61006	3	 
61006	4	 
61007	1	-77
61007	2	-77
61007	3	-77
61007	4	-77
61008	1	0
61008	2	12000
61008	3	26500
61008	4	0
61009	1	0
61009	2	1620
61009	3	0
61009	4	5000
61010	1	0
61010	2	1000
61010	3	25000
61010	4	0
61011	1	 
61011	2	 
61011	3	 
61011	4	 
61012	1	 
61012	2	 
61012	3	 
61012	4	 
61013	1	1500
61013	2	1300
61013	3	1000
61013	4	0
61014	1	0
61014	2	0
61014	3	0
61014	4	0
61015	1	-77
61015	2	-7
61015	3	-77
61015	4	-77
61016	1	1500
61016	2	1000
61016	3	0
61016	4	0
61017	1	5000
61017	2	2000
61017	3	0
61017	4	3000
61018	1	1000
61018	2	1700
61018	3	2000
61018	4	0
61019	1	1200
61019	2	2000
61019	3	0
61019	4	0
61020	1	2000
61020	2	1500
61020	3	0
61020	4	0
61021	1	 
61021	2	 
61021	3	 
61021	4	 
61022	1	 
61022	2	 
61022	3	 
61022	4	 
61023	1	 
61023	2	 
61023	3	 
61023	4	 
61024	1	0
61024	2	700
61024	3	0
61024	4	0
61025	1	-77
61025	2	-77
61025	3	-77
61025	4	-77
61026	1	 
61026	2	 
61026	3	 
61026	4	 
61027	1	 
61027	2	 
61027	3	 
61027	4	 
61028	1	 
61028	2	 
61028	3	 
61028	4	 
61029	1	-77
61029	2	-77
61029	3	-77
61029	4	-77
61030	1	 
61030	2	 
61030	3	 
61030	4	 
61031	1	 
61031	2	 
61031	3	 
61031	4	 
61032	1	 
61032	2	 
61032	3	 
61032	4	 
61033	1	-77
61033	2	-77
61033	3	-77
61033	4	-77
61034	1	0
61034	2	1000
61034	3	0
61034	4	800
61035	1	500
61035	2	1500
61035	3	5000
61035	4	0
61036	1	 
61036	2	 
61036	3	 
61036	4	 
61037	1	 
61037	2	 
61037	3	 
61037	4	 
61038	1	-77
61038	2	-77
61038	3	-77
61038	4	-77
61039	1	500
61039	2	2000
61039	3	0
61039	4	0
61040	1	 
61040	2	 
61040	3	 
61040	4	 
61041	1	-77
61041	2	-77
61041	3	-77
61041	4	-77
61042	1	 
61042	2	 
61042	3	 
61042	4	 
61043	1	1200
61043	2	550
61043	3	0
61043	4	0
61044	1	 
61044	2	 
61044	3	 
61044	4	 
61045	1	 
61045	2	 
61045	3	 
61045	4	 
61046	1	 
61046	2	 
61046	3	 
61046	4	 
61047	1	 
61047	2	 
61047	3	 
61047	4	 
61048	1	1000
61048	2	1100
61048	3	0
61048	4	0
61049	1	450
61049	2	4500
61049	3	0
61049	4	0
61050	1	1000
61050	2	750
61050	3	3000
61050	4	0
71001	1	300
71001	2	550
71001	3	8000
71001	4	0
71002	1	4000
71002	2	1000
71002	3	0
71002	4	1200
71003	1	 
71003	2	 
71003	3	 
71003	4	 
71004	1	 
71004	2	 
71004	3	 
71004	4	 
71005	1	1800
71005	2	400
71005	3	0
71005	4	0
71006	1	5000
71006	2	710
71006	3	0
71006	4	300
71007	1	550
71007	2	1650
71007	3	0
71007	4	0
71008	1	0
71008	2	0
71008	3	0
71008	4	0
71009	1	 
71009	2	 
71009	3	 
71009	4	 
71010	1	25000
71010	2	1300
71010	3	60000
71010	4	0
71011	1	 
71011	2	 
71011	3	 
71011	4	 
71012	1	 
71012	2	 
71012	3	 
71012	4	 
71013	1	0
71013	2	1540
71013	3	0
71013	4	0
71014	1	1000
71014	2	1750
71014	3	0
71014	4	0
71015	1	 
71015	2	 
71015	3	 
71015	4	 
71016	1	 
71016	2	 
71016	3	 
71016	4	 
71017	1	400
71017	2	600
71017	3	0
71017	4	200
71018	1	 
71018	2	 
71018	3	 
71018	4	 
71019	1	 
71019	2	 
71019	3	 
71019	4	 
71020	1	1500
71020	2	800
71020	3	0
71020	4	0
71021	1	-77
71021	2	-77
71021	3	-77
71021	4	-77
71022	1	 
71022	2	 
71022	3	 
71022	4	 
71023	1	0
71023	2	2000
71023	3	0
71023	4	0
71024	1	 
71024	2	 
71024	3	 
71024	4	 
71025	1	750
71025	2	775
71025	3	3500
71025	4	200
71026	1	500
71026	2	0
71026	3	0
71026	4	0
71027	1	9300
71027	2	1500
71027	3	0
71027	4	0
71028	1	 
71028	2	 
71028	3	 
71028	4	 
71030	1	0
71030	2	0
71030	3	0
71030	4	0
71031	1	-77
71031	2	-77
71031	3	-77
71031	4	-77
71032	1	0
71032	2	1200
71032	3	0
71032	4	0
71033	1	 
71033	2	 
71033	3	 
71033	4	 
71034	1	-77
71034	2	-77
71034	3	-77
71034	4	-77
71035	1	 
71035	2	 
71035	3	 
71035	4	 
71036	1	 
71036	2	 
71036	3	 
71036	4	 
71039	1	 
71039	2	 
71039	3	 
71039	4	 
71040	1	5000
71040	2	2000
71040	3	0
71040	4	0
71041	1	 
71041	2	 
71041	3	 
71041	4	 
71042	1	-77
71042	2	-77
71042	3	-77
71042	4	-77
71044	1	500
71044	2	2000
71044	3	7500
71044	4	0
71045	1	 
71045	2	 
71045	3	 
71045	4	 
71046	1	2500
71046	2	700
71046	3	5000
71046	4	0
71047	1	-77
71047	2	600
71047	3	-77
71047	4	-77
71048	1	1000
71048	2	1800
71048	3	0
71048	4	0
71049	1	0
71049	2	0
71049	3	0
71049	4	0
71050	1	2500
71050	2	800
71050	3	0
71050	4	500
81001	1	 
81001	2	 
81001	3	 
81001	4	 
81002	1	2500
81002	2	2000
81002	3	0
81002	4	0
81003	1	 
81003	2	 
81003	3	 
81003	4	 
81004	1	 
81004	2	 
81004	3	 
81004	4	 
81006	1	0
81006	2	800
81006	3	0
81006	4	0
81008	1	0
81008	2	700
81008	3	8000
81008	4	0
81009	1	0
81009	2	1500
81009	3	0
81009	4	0
81010	1	 
81010	2	 
81010	3	 
81010	4	 
81012	1	0
81012	2	6000
81012	3	40000
81012	4	0
81015	1	 
81015	2	 
81015	3	 
81015	4	 
81016	1	 
81016	2	 
81016	3	 
81016	4	 
81017	1	 
81017	2	 
81017	3	 
81017	4	 
81018	1	 
81018	2	 
81018	3	 
81018	4	 
81019	1	 
81019	2	 
81019	3	 
81019	4	 
81020	1	 
81020	2	 
81020	3	 
81020	4	 
81021	1	1500
81021	2	1500
81021	3	5000
81021	4	0
81022	1	 
81022	2	 
81022	3	 
81022	4	 
81023	1	 
81023	2	 
81023	3	 
81023	4	 
81025	1	 
81025	2	 
81025	3	 
81025	4	 
81027	1	0
81027	2	2000
81027	3	70000
81027	4	0
81028	1	 
81028	2	 
81028	3	 
81028	4	 
81029	1	 
81029	2	 
81029	3	 
81029	4	 
81030	1	 
81030	2	 
81030	3	 
81030	4	 
81032	1	 
81032	2	 
81032	3	 
81032	4	 
81033	1	35000
81033	2	2000
81033	3	0
81033	4	0
81034	1	 
81034	2	 
81034	3	 
81034	4	 
81036	1	350
81036	2	2000
81036	3	0
81036	4	0
81037	1	 
81037	2	 
81037	3	 
81037	4	 
81038	1	0
81038	2	2000
81038	3	0
81038	4	8000
81039	1	 
81039	2	 
81039	3	 
81039	4	 
81040	1	0
81040	2	800
81040	3	0
81040	4	0
81042	1	 
81042	2	 
81042	3	 
81042	4	 
81043	1	0
81043	2	1500
81043	3	0
81043	4	0
81044	1	13000
81044	2	4000
81044	3	0
81044	4	0
81045	1	 
81045	2	 
81045	3	 
81045	4	 
81046	1	3500
81046	2	1200
81046	3	0
81046	4	0
81047	1	 
81047	2	 
81047	3	 
81047	4	 
81048	1	 
81048	2	 
81048	3	 
81048	4	 
81049	1	0
81049	2	2500
81049	3	0
81049	4	0
81050	1	4000
81050	2	2000
81050	3	0
81050	4	0
91001	1	 
91001	2	 
91001	3	 
91001	4	 
91002	1	2500
91002	2	1000
91002	3	0
91002	4	0
91003	1	1000
91003	2	1000
91003	3	0
91003	4	0
91005	1	5500
91005	2	900
91005	3	0
91005	4	0
91006	1	5000
91006	2	1800
91006	3	0
91006	4	0
91007	1	 
91007	2	 
91007	3	 
91007	4	 
91008	1	 
91008	2	 
91008	3	 
91008	4	 
91009	1	 
91009	2	 
91009	3	 
91009	4	 
91010	1	500
91010	2	760
91010	3	0
91010	4	0
91012	1	 
91012	2	 
91012	3	 
91012	4	 
91013	1	 
91013	2	 
91013	3	 
91013	4	 
91014	1	 
91014	2	 
91014	3	 
91014	4	 
91015	1	 
91015	2	 
91015	3	 
91015	4	 
91016	1	 
91016	2	 
91016	3	 
91016	4	 
91017	1	 
91017	2	 
91017	3	 
91017	4	 
91018	1	 
91018	2	 
91018	3	 
91018	4	 
91019	1	 
91019	2	 
91019	3	 
91019	4	 
91021	1	 
91021	2	 
91021	3	 
91021	4	 
91022	1	 
91022	2	 
91022	3	 
91022	4	 
91023	1	2500
91023	2	1550
91023	3	0
91023	4	0
91025	1	 
91025	2	 
91025	3	 
91025	4	 
91026	1	 
91026	2	 
91026	3	 
91026	4	 
91027	1	 
91027	2	 
91027	3	 
91027	4	 
91030	1	35000
91030	2	1700
91030	3	0
91030	4	0
91033	1	0
91033	2	1500
91033	3	0
91033	4	0
91034	1	0
91034	2	3000
91034	3	0
91034	4	0
91037	1	6000
91037	2	2060
91037	3	5000
91037	4	0
91039	1	 
91039	2	 
91039	3	 
91039	4	 
91040	1	 
91040	2	 
91040	3	 
91040	4	 
91041	1	 
91041	2	 
91041	3	 
91041	4	 
91042	1	 
91042	2	 
91042	3	 
91042	4	 
91044	1	0
91044	2	1400
91044	3	0
91044	4	5000
91045	1	500
91045	2	1500
91045	3	0
91045	4	0
91046	1	 
91046	2	 
91046	3	 
91046	4	 
91047	1	400
91047	2	1500
91047	3	0
91047	4	0
91049	1	 
91049	2	 
91049	3	 
91049	4	 
101001	1	45000
101001	2	430
101001	3	0
101001	4	0
101003	1	35000
101003	2	3250
101003	3	0
101003	4	0
101004	1	10250
101004	2	1170
101004	3	0
101004	4	0
101005	1	15000
101005	2	500
101005	3	0
101005	4	0
101006	1	35000
101006	2	2500
101006	3	0
101006	4	0
101008	1	35000
101008	2	1750
101008	3	0
101008	4	4000
101009	1	0
101009	2	500
101009	3	10000
101009	4	0
101011	1	 
101011	2	 
101011	3	 
101011	4	 
101012	1	3000
101012	2	1300
101012	3	0
101012	4	0
101013	1	0
101013	2	600
101013	3	12000
101013	4	0
101014	1	670
101014	2	300
101014	3	0
101014	4	0
101017	1	1000
101017	2	600
101017	3	12000
101017	4	0
101018	1	0
101018	2	3500
101018	3	0
101018	4	0
101019	1	 
101019	2	 
101019	3	 
101019	4	 
101020	1	 
101020	2	 
101020	3	 
101020	4	 
101021	1	150
101021	2	350
101021	3	0
101021	4	0
101023	1	7000
101023	2	600
101023	3	85000
101023	4	0
101024	1	10000
101024	2	650
101024	3	0
101024	4	0
101025	1	12000
101025	2	800
101025	3	0
101025	4	0
101026	1	 
101026	2	 
101026	3	 
101026	4	 
101027	1	1100
101027	2	900
101027	3	0
101027	4	0
101028	1	1500
101028	2	600
101028	3	0
101028	4	0
101030	1	0
101030	2	500
101030	3	20000
101030	4	0
101031	1	 
101031	2	 
101031	3	 
101031	4	 
101032	1	 
101032	2	 
101032	3	 
101032	4	 
101033	1	 
101033	2	 
101033	3	 
101033	4	 
101034	1	6000
101034	2	3000
101034	3	0
101034	4	0
101035	1	 
101035	2	 
101035	3	 
101035	4	 
101038	1	5000
101038	2	1000
101038	3	0
101038	4	0
101039	1	 
101039	2	 
101039	3	 
101039	4	 
101040	1	 
101040	2	 
101040	3	 
101040	4	 
101041	1	0
101041	2	1200
101041	3	9100
101041	4	0
101042	1	0
101042	2	650
101042	3	0
101042	4	0
101043	1	 
101043	2	 
101043	3	 
101043	4	 
101044	1	 
101044	2	 
101044	3	 
101044	4	 
101045	1	 
101045	2	 
101045	3	 
101045	4	 
101047	1	 
101047	2	 
101047	3	 
101047	4	 
101048	1	 
101048	2	 
101048	3	 
101048	4	 
101049	1	 
101049	2	 
101049	3	 
101049	4	 
101050	1	0
101050	2	0
101050	3	0
101050	4	0
111001	1	0
111001	2	1000
111001	3	0
111001	4	0
111002	1	 
111002	2	 
111002	3	 
111002	4	 
111003	1	 
111003	2	 
111003	3	 
111003	4	 
111004	1	 
111004	2	 
111004	3	 
111004	4	 
111005	1	 
111005	2	 
111005	3	 
111005	4	 
111006	1	 
111006	2	 
111006	3	 
111006	4	 
111007	1	 
111007	2	 
111007	3	 
111007	4	 
111008	1	 
111008	2	 
111008	3	 
111008	4	 
111009	1	8000
111009	2	1500
111009	3	85000
111009	4	5000
111010	1	 
111010	2	 
111010	3	 
111010	4	 
111011	1	 
111011	2	 
111011	3	 
111011	4	 
111012	1	500
111012	2	0
111012	3	0
111012	4	2000
111013	1	500
111013	2	500
111013	3	4000
111013	4	0
111014	1	450
111014	2	900
111014	3	1250
111014	4	0
111015	1	 
111015	2	 
111015	3	 
111015	4	 
111016	1	 
111016	2	 
111016	3	 
111016	4	 
111017	1	 
111017	2	 
111017	3	 
111017	4	 
111018	1	1800
111018	2	700
111018	3	20000
111018	4	500
111019	1	 
111019	2	 
111019	3	 
111019	4	 
111020	1	 
111020	2	 
111020	3	 
111020	4	 
111021	1	 
111021	2	 
111021	3	 
111021	4	 
111022	1	 
111022	2	 
111022	3	 
111022	4	 
111023	1	750
111023	2	700
111023	3	0
111023	4	0
111024	1	 
111024	2	 
111024	3	 
111024	4	 
111025	1	 
111025	2	 
111025	3	 
111025	4	 
111026	1	 
111026	2	 
111026	3	 
111026	4	 
111027	1	 
111027	2	 
111027	3	 
111027	4	 
111028	1	 
111028	2	 
111028	3	 
111028	4	 
111029	1	400
111029	2	550
111029	3	10000
111029	4	0
111030	1	200
111030	2	500
111030	3	0
111030	4	200
111031	1	 
111031	2	 
111031	3	 
111031	4	 
111032	1	 
111032	2	 
111032	3	 
111032	4	 
111033	1	 
111033	2	 
111033	3	 
111033	4	 
111034	1	1030
111034	2	390
111034	3	0
111034	4	0
111035	1	 
111035	2	 
111035	3	 
111035	4	 
111036	1	2000
111036	2	3000
111036	3	35000
111036	4	0
111038	1	 
111038	2	 
111038	3	 
111038	4	 
111039	1	1500
111039	2	2200
111039	3	24000
111039	4	0
111040	1	2500
111040	2	450
111040	3	0
111040	4	6000
111041	1	 
111041	2	 
111041	3	 
111041	4	 
111044	1	 
111044	2	 
111044	3	 
111044	4	 
111045	1	 
111045	2	 
111045	3	 
111045	4	 
111046	1	 
111046	2	 
111046	3	 
111046	4	 
111047	1	0
111047	2	1500
111047	3	0
111047	4	0
111048	1	 
111048	2	 
111048	3	 
111048	4	 
111049	1	 
111049	2	 
111049	3	 
111049	4	 
111050	1	1000
111050	2	3000
111050	3	25000
111050	4	0
111051	1	 
111051	2	 
111051	3	 
111051	4	 
111053	1	4000
111053	2	3000
111053	3	41000
111053	4	0
111054	1	 
111054	2	 
111054	3	 
111054	4	 
111055	1	 
111055	2	 
111055	3	 
111055	4	 
111056	1	350
111056	2	420
111056	3	12000
111056	4	0
111057	1	 
111057	2	 
111057	3	 
111057	4	 
121001	1	11000
121001	2	600
121001	3	0
121001	4	0
121002	1	2000
121002	2	1000
121002	3	0
121002	4	0
121003	1	 
121003	2	 
121003	3	 
121003	4	 
121004	1	10000
121004	2	3000
121004	3	37000
121004	4	0
121005	1	15000
121005	2	2700
121005	3	2500
121005	4	0
121006	1	 
121006	2	 
121006	3	 
121006	4	 
121007	1	12500
121007	2	1000
121007	3	0
121007	4	0
121008	1	300
121008	2	800
121008	3	2000
121008	4	11000
121009	1	500
121009	2	1000
121009	3	12500
121009	4	0
121010	1	1000
121010	2	2600
121010	3	52000
121010	4	0
121011	1	350
121011	2	700
121011	3	38500
121011	4	6000
121012	1	1500
121012	2	1000
121012	3	11000
121012	4	500
121013	1	 
121013	2	 
121013	3	 
121013	4	 
121014	1	0
121014	2	1500
121014	3	0
121014	4	0
121015	1	 
121015	2	 
121015	3	 
121015	4	 
121016	1	0
121016	2	800
121016	3	0
121016	4	0
121017	1	10000
121017	2	2000
121017	3	0
121017	4	30000
121018	1	1000
121018	2	1500
121018	3	40500
121018	4	0
121019	1	 
121019	2	 
121019	3	 
121019	4	 
121020	1	10000
121020	2	2000
121020	3	70000
121020	4	0
121021	1	0
121021	2	1500
121021	3	22500
121021	4	0
121022	1	15000
121022	2	2500
121022	3	0
121022	4	0
121023	1	500
121023	2	500
121023	3	9000
121023	4	0
121025	1	0
121025	2	980
121025	3	0
121025	4	300
121026	1	 
121026	2	 
121026	3	 
121026	4	 
121027	1	11500
121027	2	400
121027	3	0
121027	4	0
121028	1	1000
121028	2	500
121028	3	0
121028	4	0
121029	1	 
121029	2	 
121029	3	 
121029	4	 
121030	1	 
121030	2	 
121030	3	 
121030	4	 
121031	1	 
121031	2	 
121031	3	 
121031	4	 
121032	1	2000
121032	2	1500
121032	3	0
121032	4	0
121033	1	 
121033	2	 
121033	3	 
121033	4	 
121034	1	 
121034	2	 
121034	3	 
121034	4	 
121035	1	1000
121035	2	2075
121035	3	0
121035	4	600
121036	1	1000
121036	2	1000
121036	3	3000
121036	4	0
121037	1	 
121037	2	 
121037	3	 
121037	4	 
121038	1	 
121038	2	 
121038	3	 
121038	4	 
121039	1	 
121039	2	 
121039	3	 
121039	4	 
121040	1	 
121040	2	 
121040	3	 
121040	4	 
121041	1	 
121041	2	 
121041	3	 
121041	4	 
121042	1	 
121042	2	 
121042	3	 
121042	4	 
121043	1	500
121043	2	3500
121043	3	0
121043	4	5000
121044	1	0
121044	2	700
121044	3	0
121044	4	0
121045	1	 
121045	2	 
121045	3	 
121045	4	 
121046	1	 
121046	2	 
121046	3	 
121046	4	 
121047	1	 
121047	2	 
121047	3	 
121047	4	 
121048	1	 
121048	2	 
121048	3	 
121048	4	 
121049	1	 
121049	2	 
121049	3	 
121049	4	 
121050	1	100
121050	2	600
121050	3	0
121050	4	0
131001	1	800
131001	2	850
131001	3	0
131001	4	0
131002	1	 
131002	2	 
131002	3	 
131002	4	 
131003	1	 
131003	2	 
131003	3	 
131003	4	 
131004	1	 
131004	2	 
131004	3	 
131004	4	 
131005	1	1750
131005	2	0
131005	3	0
131005	4	0
131006	1	1000
131006	2	1000
131006	3	0
131006	4	0
131008	1	0
131008	2	200
131008	3	0
131008	4	0
131009	1	 
131009	2	 
131009	3	 
131009	4	 
131010	1	1100
131010	2	1600
131010	3	62000
131010	4	3000
131011	1	550
131011	2	1000
131011	3	10000
131011	4	500
131012	1	0
131012	2	0
131012	3	40000
131012	4	0
131013	1	1100
131013	2	2200
131013	3	30000
131013	4	3000
131014	1	1000
131014	2	1500
131014	3	30000
131014	4	0
131015	1	1000
131015	2	900
131015	3	0
131015	4	0
131016	1	2000
131016	2	1500
131016	3	62000
131016	4	0
131017	1	 
131017	2	 
131017	3	 
131017	4	 
131018	1	 
131018	2	 
131018	3	 
131018	4	 
131019	1	 
131019	2	 
131019	3	 
131019	4	 
131020	1	 
131020	2	 
131020	3	 
131020	4	 
131021	1	 
131021	2	 
131021	3	 
131021	4	 
131022	1	 
131022	2	 
131022	3	 
131022	4	 
131023	1	 
131023	2	 
131023	3	 
131023	4	 
131024	1	 
131024	2	 
131024	3	 
131024	4	 
131025	1	 
131025	2	 
131025	3	 
131025	4	 
131026	1	 
131026	2	 
131026	3	 
131026	4	 
131027	1	250
131027	2	1000
131027	3	5000
131027	4	0
131028	1	 
131028	2	 
131028	3	 
131028	4	 
131029	1	 
131029	2	 
131029	3	 
131029	4	 
131030	1	 
131030	2	 
131030	3	 
131030	4	 
131031	1	 
131031	2	 
131031	3	 
131031	4	 
131032	1	 
131032	2	 
131032	3	 
131032	4	 
131034	1	0
131034	2	600
131034	3	0
131034	4	0
131035	1	 
131035	2	 
131035	3	 
131035	4	 
131036	1	 
131036	2	 
131036	3	 
131036	4	 
131037	1	4000
131037	2	750
131037	3	0
131037	4	0
131038	1	 
131038	2	 
131038	3	 
131038	4	 
131039	1	 
131039	2	 
131039	3	 
131039	4	 
131040	1	8500
131040	2	1000
131040	3	0
131040	4	0
131041	1	 
131041	2	 
131041	3	 
131041	4	 
131042	1	1000
131042	2	500
131042	3	300
131042	4	0
131043	1	 
131043	2	 
131043	3	 
131043	4	 
131044	1	1000
131044	2	2200
131044	3	15000
131044	4	0
131045	1	 
131045	2	 
131045	3	 
131045	4	 
131046	1	60
131046	2	510
131046	3	3500
131046	4	0
131047	1	 
131047	2	 
131047	3	 
131047	4	 
131048	1	 
131048	2	 
131048	3	 
131048	4	 
131049	1	 
131049	2	 
131049	3	 
131049	4	 
131050	1	6500
131050	2	1500
131050	3	0
131050	4	1000
141001	1	0
141001	2	1000
141001	3	0
141001	4	0
141002	1	0
141002	2	630
141002	3	0
141002	4	0
141004	1	 
141004	2	 
141004	3	 
141004	4	 
141005	1	 
141005	2	 
141005	3	 
141005	4	 
141006	1	1000
141006	2	1700
141006	3	0
141006	4	0
141007	1	 
141007	2	 
141007	3	 
141007	4	 
141008	1	0
141008	2	1200
141008	3	5000
141008	4	0
141009	1	0
141009	2	1500
141009	3	0
141009	4	0
141010	1	0
141010	2	600
141010	3	0
141010	4	0
141011	1	300
141011	2	1500
141011	3	0
141011	4	0
141012	1	0
141012	2	1500
141012	3	0
141012	4	0
141013	1	0
141013	2	0
141013	3	0
141013	4	0
141014	1	0
141014	2	550
141014	3	0
141014	4	1000
141015	1	 
141015	2	 
141015	3	 
141015	4	 
141016	1	0
141016	2	2000
141016	3	10000
141016	4	0
141017	1	0
141017	2	1500
141017	3	0
141017	4	2000
141018	1	 
141018	2	 
141018	3	 
141018	4	 
141020	1	1000
141020	2	2300
141020	3	26000
141020	4	7000
141021	1	 
141021	2	 
141021	3	 
141021	4	 
141022	1	0
141022	2	1300
141022	3	0
141022	4	0
141023	1	0
141023	2	3000
141023	3	31500
141023	4	0
141024	1	0
141024	2	550
141024	3	0
141024	4	500
141025	1	1000
141025	2	5500
141025	3	0
141025	4	0
141026	1	0
141026	2	800
141026	3	0
141026	4	0
141027	1	8675
141027	2	0
141027	3	0
141027	4	0
141028	1	0
141028	2	1500
141028	3	0
141028	4	90000
141029	1	1500
141029	2	700
141029	3	28000
141029	4	0
141030	1	0
141030	2	1600
141030	3	0
141030	4	9500
141031	1	 
141031	2	 
141031	3	 
141031	4	 
141032	1	0
141032	2	1200
141032	3	0
141032	4	0
141033	1	2500
141033	2	4000
141033	3	0
141033	4	0
141034	1	0
141034	2	1000
141034	3	0
141034	4	0
141035	1	3000
141035	2	15000
141035	3	0
141035	4	0
141036	1	5000
141036	2	13500
141036	3	0
141036	4	0
141037	1	 
141037	2	 
141037	3	 
141037	4	 
141038	1	 
141038	2	 
141038	3	 
141038	4	 
141040	1	0
141040	2	700
141040	3	0
141040	4	0
141041	1	0
141041	2	1000
141041	3	0
141041	4	15000
141042	1	0
141042	2	6750
141042	3	0
141042	4	0
141043	1	30000
141043	2	5000
141043	3	200000
141043	4	0
141044	1	0
141044	2	1500
141044	3	0
141044	4	0
141045	1	0
141045	2	1400
141045	3	0
141045	4	0
141046	1	0
141046	2	2000
141046	3	78000
141046	4	0
141048	1	0
141048	2	2000
141048	3	0
141048	4	0
141049	1	30000
141049	2	4000
141049	3	0
141049	4	0
141050	1	0
141050	2	2500
141050	3	50000
141050	4	0
151001	1	1000
151001	2	1800
151001	3	0
151001	4	0
151002	1	0
151002	2	6000
151002	3	0
151002	4	4500
151003	1	 
151003	2	 
151003	3	 
151003	4	 
151004	1	500
151004	2	1000
151004	3	0
151004	4	0
151005	1	 
151005	2	 
151005	3	 
151005	4	 
151006	1	0
151006	2	2000
151006	3	0
151006	4	30000
151007	1	 
151007	2	 
151007	3	 
151007	4	 
151008	1	0
151008	2	1200
151008	3	0
151008	4	0
151009	1	 
151009	2	 
151009	3	 
151009	4	 
151010	1	0
151010	2	15000
151010	3	0
151010	4	0
151011	1	700
151011	2	1900
151011	3	0
151011	4	0
151012	1	0
151012	2	1150
151012	3	0
151012	4	0
151013	1	 
151013	2	 
151013	3	 
151013	4	 
151014	1	 
151014	2	 
151014	3	 
151014	4	 
151015	1	450
151015	2	1000
151015	3	0
151015	4	1000
151016	1	 
151016	2	 
151016	3	 
151016	4	 
151017	1	 
151017	2	 
151017	3	 
151017	4	 
151018	1	 
151018	2	 
151018	3	 
151018	4	 
151019	1	1000
151019	2	2200
151019	3	3000
151019	4	1000
151020	1	5700
151020	2	1200
151020	3	35000
151020	4	2000
151021	1	 
151021	2	 
151021	3	 
151021	4	 
151022	1	 
151022	2	 
151022	3	 
151022	4	 
151023	1	0
151023	2	1800
151023	3	0
151023	4	0
151024	1	0
151024	2	1000
151024	3	0
151024	4	0
151025	1	 
151025	2	 
151025	3	 
151025	4	 
151026	1	 
151026	2	 
151026	3	 
151026	4	 
151027	1	 
151027	2	 
151027	3	 
151027	4	 
151028	1	 
151028	2	 
151028	3	 
151028	4	 
151029	1	 
151029	2	 
151029	3	 
151029	4	 
151030	1	 
151030	2	 
151030	3	 
151030	4	 
151031	1	 
151031	2	 
151031	3	 
151031	4	 
151032	1	0
151032	2	0
151032	3	0
151032	4	0
151033	1	4000
151033	2	2800
151033	3	0
151033	4	0
151034	1	 
151034	2	 
151034	3	 
151034	4	 
151035	1	 
151035	2	 
151035	3	 
151035	4	 
151036	1	0
151036	2	1500
151036	3	0
151036	4	0
151037	1	 
151037	2	 
151037	3	 
151037	4	 
151038	1	0
151038	2	1500
151038	3	30000
151038	4	0
151039	1	0
151039	2	500
151039	3	0
151039	4	0
151040	1	28000
151040	2	1150
151040	3	0
151040	4	60000
151041	1	0
151041	2	150
151041	3	0
151041	4	0
151042	1	 
151042	2	 
151042	3	 
151042	4	 
151043	1	 
151043	2	 
151043	3	 
151043	4	 
151045	1	0
151045	2	500
151045	3	0
151045	4	0
151046	1	500
151046	2	1050
151046	3	0
151046	4	0
151047	1	 
151047	2	 
151047	3	 
151047	4	 
151048	1	 
151048	2	 
151048	3	 
151048	4	 
151049	1	 
151049	2	 
151049	3	 
151049	4	 
161001	1	 
161001	2	 
161001	3	 
161001	4	 
161002	1	0
161002	2	4000
161002	3	30000
161002	4	0
161003	1	 
161003	2	 
161003	3	 
161003	4	 
161004	1	 
161004	2	 
161004	3	 
161004	4	 
161005	1	0
161005	2	1000
161005	3	0
161005	4	0
161006	1	 
161006	2	 
161006	3	 
161006	4	 
161007	1	 
161007	2	 
161007	3	 
161007	4	 
161008	1	550
161008	2	1350
161008	3	0
161008	4	0
161009	1	500
161009	2	1200
161009	3	0
161009	4	0
161010	1	0
161010	2	1050
161010	3	0
161010	4	0
161011	1	 
161011	2	 
161011	3	 
161011	4	 
161012	1	 
161012	2	 
161012	3	 
161012	4	 
161013	1	5000
161013	2	5000
161013	3	0
161013	4	50000
161014	1	0
161014	2	3000
161014	3	0
161014	4	0
161015	1	5000
161015	2	4000
161015	3	25000
161015	4	0
161016	1	1000
161016	2	2200
161016	3	0
161016	4	500
161017	1	 
161017	2	 
161017	3	 
161017	4	 
161018	1	 
161018	2	 
161018	3	 
161018	4	 
161019	1	250
161019	2	1500
161019	3	0
161019	4	0
161020	1	10000
161020	2	720
161020	3	0
161020	4	0
161021	1	0
161021	2	0
161021	3	0
161021	4	0
161022	1	 
161022	2	 
161022	3	 
161022	4	 
161023	1	 
161023	2	 
161023	3	 
161023	4	 
161024	1	 
161024	2	 
161024	3	 
161024	4	 
161025	1	500
161025	2	1200
161025	3	0
161025	4	0
161026	1	 
161026	2	 
161026	3	 
161026	4	 
161027	1	0
161027	2	1700
161027	3	0
161027	4	0
161028	1	0
161028	2	1500
161028	3	0
161028	4	5000
161029	1	 
161029	2	 
161029	3	 
161029	4	 
161030	1	1000
161030	2	900
161030	3	0
161030	4	0
161031	1	 
161031	2	 
161031	3	 
161031	4	 
161032	1	 
161032	2	 
161032	3	 
161032	4	 
161033	1	1000
161033	2	950
161033	3	0
161033	4	0
161034	1	0
161034	2	250
161034	3	0
161034	4	0
161035	1	 
161035	2	 
161035	3	 
161035	4	 
161036	1	 
161036	2	 
161036	3	 
161036	4	 
161037	1	 
161037	2	 
161037	3	 
161037	4	 
161038	1	 
161038	2	 
161038	3	 
161038	4	 
161039	1	0
161039	2	500
161039	3	0
161039	4	0
161040	1	0
161040	2	1200
161040	3	0
161040	4	0
161041	1	0
161041	2	1500
161041	3	0
161041	4	500
161042	1	1500
161042	2	1200
161042	3	0
161042	4	0
161043	1	10000
161043	2	10000
161043	3	0
161043	4	0
161044	1	 
161044	2	 
161044	3	 
161044	4	 
161045	1	1500
161045	2	1300
161045	3	0
161045	4	0
161046	1	0
161046	2	200
161046	3	160000
161046	4	0
161047	1	120
161047	2	1300
161047	3	11500
161047	4	2000
161048	1	0
161048	2	1500
161048	3	10000
161048	4	0
161049	1	150
161049	2	800
161049	3	6000
161049	4	0
161050	1	 
161050	2	 
161050	3	 
161050	4	 
171002	1	 
171002	2	 
171002	3	 
171002	4	 
171003	1	2500
171003	2	1300
171003	3	35000
171003	4	0
171004	1	1600
171004	2	1300
171004	3	8000
171004	4	0
171005	1	 
171005	2	 
171005	3	 
171005	4	 
171006	1	 
171006	2	 
171006	3	 
171006	4	 
171007	1	850
171007	2	1300
171007	3	0
171007	4	0
171008	1	0
171008	2	1400
171008	3	50
171008	4	0
171009	1	 
171009	2	 
171009	3	 
171009	4	 
171010	1	10000
171010	2	1500
171010	3	0
171010	4	0
171011	1	0
171011	2	1000
171011	3	0
171011	4	0
171012	1	 
171012	2	 
171012	3	 
171012	4	 
171013	1	 
171013	2	 
171013	3	 
171013	4	 
171014	1	700
171014	2	1800
171014	3	6000
171014	4	0
171015	1	 
171015	2	 
171015	3	 
171015	4	 
171016	1	 
171016	2	 
171016	3	 
171016	4	 
171017	1	 
171017	2	 
171017	3	 
171017	4	 
171018	1	 
171018	2	 
171018	3	 
171018	4	 
171019	1	1250
171019	2	900
171019	3	4500
171019	4	0
171020	1	 
171020	2	 
171020	3	 
171020	4	 
171021	1	 
171021	2	 
171021	3	 
171021	4	 
171022	1	 
171022	2	 
171022	3	 
171022	4	 
171023	1	3250
171023	2	1250
171023	3	0
171023	4	0
171024	1	 
171024	2	 
171024	3	 
171024	4	 
171025	1	0
171025	2	1165
171025	3	0
171025	4	0
171026	1	1200
171026	2	1600
171026	3	10000
171026	4	4000
171027	1	2000
171027	2	0
171027	3	6000
171027	4	2000
171028	1	 
171028	2	 
171028	3	 
171028	4	 
171029	1	360
171029	2	350
171029	3	2000
171029	4	0
171030	1	 
171030	2	 
171030	3	 
171030	4	 
171031	1	650
171031	2	2200
171031	3	4500
171031	4	0
171032	1	2000
171032	2	1800
171032	3	5400
171032	4	1000
171033	1	 
171033	2	 
171033	3	 
171033	4	 
171035	1	700
171035	2	500
171035	3	0
171035	4	0
171036	1	 
171036	2	 
171036	3	 
171036	4	 
171037	1	250
171037	2	0
171037	3	0
171037	4	0
171038	1	 
171038	2	 
171038	3	 
171038	4	 
171039	1	 
171039	2	 
171039	3	 
171039	4	 
171040	1	 
171040	2	 
171040	3	 
171040	4	 
171041	1	 
171041	2	 
171041	3	 
171041	4	 
171042	1	60
171042	2	1050
171042	3	0
171042	4	0
171043	1	2000
171043	2	1700
171043	3	4500
171043	4	0
171044	1	 
171044	2	 
171044	3	 
171044	4	 
171045	1	800
171045	2	500
171045	3	0
171045	4	0
171046	1	 
171046	2	 
171046	3	 
171046	4	 
171047	1	 
171047	2	 
171047	3	 
171047	4	 
171048	1	1500
171048	2	3000
171048	3	25000
171048	4	1000
171049	1	 
171049	2	 
171049	3	 
171049	4	 
171050	1	-77
171050	2	-77
171050	3	-77
171050	4	-77
181001	1	3500
181001	2	1500
181001	3	16000
181001	4	0
181002	1	 
181002	2	 
181002	3	 
181002	4	 
181003	1	 
181003	2	 
181003	3	 
181003	4	 
181004	1	1500
181004	2	2000
181004	3	3900
181004	4	1000
181005	1	1000
181005	2	1300
181005	3	0
181005	4	0
181006	1	 
181006	2	 
181006	3	 
181006	4	 
181007	1	 
181007	2	 
181007	3	 
181007	4	 
181008	1	 
181008	2	 
181008	3	 
181008	4	 
181009	1	2000
181009	2	1325
181009	3	9000
181009	4	0
181010	1	 
181010	2	 
181010	3	 
181010	4	 
181011	1	 
181011	2	 
181011	3	 
181011	4	 
181012	1	 
181012	2	 
181012	3	 
181012	4	 
181013	1	 
181013	2	 
181013	3	 
181013	4	 
181014	1	 
181014	2	 
181014	3	 
181014	4	 
181015	1	 
181015	2	 
181015	3	 
181015	4	 
181016	1	 
181016	2	 
181016	3	 
181016	4	 
181017	1	 
181017	2	 
181017	3	 
181017	4	 
181018	1	 
181018	2	 
181018	3	 
181018	4	 
181019	1	 
181019	2	 
181019	3	 
181019	4	 
181020	1	 
181020	2	 
181020	3	 
181020	4	 
181021	1	3000
181021	2	250
181021	3	25000
181021	4	0
181023	1	1500
181023	2	15
181023	3	6000
181023	4	0
181024	1	 
181024	2	 
181024	3	 
181024	4	 
181025	1	 
181025	2	 
181025	3	 
181025	4	 
181026	1	 
181026	2	 
181026	3	 
181026	4	 
181027	1	 
181027	2	 
181027	3	 
181027	4	 
181028	1	 
181028	2	 
181028	3	 
181028	4	 
181029	1	400
181029	2	1500
181029	3	3000
181029	4	560
181030	1	 
181030	2	 
181030	3	 
181030	4	 
181031	1	500
181031	2	1500
181031	3	23000
181031	4	0
181032	1	 
181032	2	 
181032	3	 
181032	4	 
181033	1	300
181033	2	500
181033	3	15000
181033	4	0
181035	1	 
181035	2	 
181035	3	 
181035	4	 
181036	1	 
181036	2	 
181036	3	 
181036	4	 
181037	1	 
181037	2	 
181037	3	 
181037	4	 
181038	1	 
181038	2	 
181038	3	 
181038	4	 
181039	1	1500
181039	2	1500
181039	3	4500
181039	4	0
181040	1	 
181040	2	 
181040	3	 
181040	4	 
181041	1	 
181041	2	 
181041	3	 
181041	4	 
181042	1	2000
181042	2	1550
181042	3	12000
181042	4	0
181043	1	 
181043	2	 
181043	3	 
181043	4	 
181044	1	 
181044	2	 
181044	3	 
181044	4	 
181045	1	 
181045	2	 
181045	3	 
181045	4	 
181046	1	5000
181046	2	1200
181046	3	500
181046	4	2000
181047	1	 
181047	2	 
181047	3	 
181047	4	 
181048	1	6000
181048	2	3000
181048	3	0
181048	4	0
181049	1	5000
181049	2	1150
181049	3	0
181049	4	50
181050	1	0
181050	2	2500
181050	3	3000
181050	4	0
191001	1	 
191001	2	 
191001	3	 
191001	4	 
191002	1	1500
191002	2	2300
191002	3	0
191002	4	0
191003	1	 
191003	2	 
191003	3	 
191003	4	 
191004	1	 
191004	2	 
191004	3	 
191004	4	 
191005	1	 
191005	2	 
191005	3	 
191005	4	 
191006	1	 
191006	2	 
191006	3	 
191006	4	 
191007	1	500
191007	2	2500
191007	3	0
191007	4	0
191008	1	 
191008	2	 
191008	3	 
191008	4	 
191010	1	 
191010	2	 
191010	3	 
191010	4	 
191011	1	 
191011	2	 
191011	3	 
191011	4	 
191012	1	 
191012	2	 
191012	3	 
191012	4	 
191013	1	 
191013	2	 
191013	3	 
191013	4	 
191014	1	450
191014	2	890
191014	3	0
191014	4	0
191015	1	 
191015	2	 
191015	3	 
191015	4	 
191016	1	500
191016	2	2000
191016	3	15000
191016	4	0
191017	1	 
191017	2	 
191017	3	 
191017	4	 
191018	1	 
191018	2	 
191018	3	 
191018	4	 
191019	1	 
191019	2	 
191019	3	 
191019	4	 
191020	1	 
191020	2	 
191020	3	 
191020	4	 
191021	1	 
191021	2	 
191021	3	 
191021	4	 
191022	1	 
191022	2	 
191022	3	 
191022	4	 
191023	1	 
191023	2	 
191023	3	 
191023	4	 
191024	1	 
191024	2	 
191024	3	 
191024	4	 
191025	1	 
191025	2	 
191025	3	 
191025	4	 
191026	1	 
191026	2	 
191026	3	 
191026	4	 
191027	1	1000
191027	2	500
191027	3	18000
191027	4	0
191028	1	 
191028	2	 
191028	3	 
191028	4	 
191029	1	 
191029	2	 
191029	3	 
191029	4	 
191030	1	1500
191030	2	2000
191030	3	0
191030	4	0
191031	1	1500
191031	2	550
191031	3	1600
191031	4	400
191032	1	200
191032	2	1200
191032	3	12000
191032	4	0
191033	1	500
191033	2	1050
191033	3	4500
191033	4	300
191034	1	650
191034	2	1000
191034	3	0
191034	4	0
191035	1	600
191035	2	1200
191035	3	18000
191035	4	1200
191036	1	 
191036	2	 
191036	3	 
191036	4	 
191037	1	 
191037	2	 
191037	3	 
191037	4	 
191038	1	 
191038	2	 
191038	3	 
191038	4	 
191039	1	1000
191039	2	850
191039	3	0
191039	4	0
191040	1	 
191040	2	 
191040	3	 
191040	4	 
191041	1	 
191041	2	 
191041	3	 
191041	4	 
191042	1	 
191042	2	 
191042	3	 
191042	4	 
191043	1	3000
191043	2	400
191043	3	5000
191043	4	0
191044	1	 
191044	2	 
191044	3	 
191044	4	 
191045	1	5000
191045	2	750
191045	3	35000
191045	4	0
191046	1	 
191046	2	 
191046	3	 
191046	4	 
191047	1	 
191047	2	 
191047	3	 
191047	4	 
191048	1	 
191048	2	 
191048	3	 
191048	4	 
191049	1	 
191049	2	 
191049	3	 
191049	4	 
191050	1	 
191050	2	 
191050	3	 
191050	4	 
201001	1	-77
201001	2	-77
201001	3	-77
201001	4	-77
201002	1	-77
201002	2	-77
201002	3	-77
201002	4	-77
201003	1	0
201003	2	900
201003	3	3000
201003	4	0
201004	1	0
201004	2	1200
201004	3	110000
201004	4	0
201005	1	2000
201005	2	1800
201005	3	0
201005	4	0
201006	1	-77
201006	2	-77
201006	3	-77
201006	4	-77
201007	1	10000
201007	2	1700
201007	3	0
201007	4	2000
201008	1	0
201008	2	900
201008	3	6700
201008	4	0
201009	1	250
201009	2	1000
201009	3	15000
201009	4	0
201010	1	500
201010	2	1000
201010	3	5000
201010	4	0
201011	1	 
201011	2	 
201011	3	 
201011	4	 
201012	1	1350
201012	2	630
201012	3	0
201012	4	0
201013	1	-77
201013	2	-77
201013	3	-77
201013	4	-77
201014	1	 
201014	2	 
201014	3	 
201014	4	 
201015	1	10000
201015	2	1200
201015	3	400
201015	4	0
201016	1	 
201016	2	 
201016	3	 
201016	4	 
201017	1	11000
201017	2	1000
201017	3	0
201017	4	3000
201018	1	0
201018	2	0
201018	3	0
201018	4	0
201019	1	 
201019	2	 
201019	3	 
201019	4	 
201020	1	0
201020	2	0
201020	3	30000
201020	4	0
201021	1	 
201021	2	 
201021	3	 
201021	4	 
201023	1	0
201023	2	600
201023	3	27000
201023	4	0
201024	1	 
201024	2	 
201024	3	 
201024	4	 
201026	1	 
201026	2	 
201026	3	 
201026	4	 
201027	1	1000
201027	2	1500
201027	3	6000
201027	4	0
201029	1	 
201029	2	 
201029	3	 
201029	4	 
201032	1	-77
201032	2	-77
201032	3	-77
201032	4	-77
201033	1	0
201033	2	1200
201033	3	0
201033	4	7000
201034	1	500
201034	2	1200
201034	3	16000
201034	4	0
201036	1	3500
201036	2	1500
201036	3	0
201036	4	10000
201038	1	0
201038	2	4000
201038	3	35000
201038	4	0
201039	1	1000
201039	2	1500
201039	3	14000
201039	4	0
201040	1	 
201040	2	 
201040	3	 
201040	4	 
201041	1	 
201041	2	 
201041	3	 
201041	4	 
201042	1	2000
201042	2	2500
201042	3	0
201042	4	0
201044	1	 
201044	2	 
201044	3	 
201044	4	 
201045	1	 
201045	2	 
201045	3	 
201045	4	 
201047	1	 
201047	2	 
201047	3	 
201047	4	 
201048	1	 
201048	2	 
201048	3	 
201048	4	 
201049	1	 
201049	2	 
201049	3	 
201049	4	 
201050	1	0
201050	2	1000
201050	3	0
201050	4	2000
201051	1	 
201051	2	 
201051	3	 
201051	4	 
