PLACEID	SERVIDR4	AVLOC	SRVRT
121	10	1	3
121	12	1	3
121	13	1	3
121	14	1	3
121	15	1	3
121	17	1	3
121	18	1	3
121	19	0	 
121	20	0	 
121	23	1	3
121	24	0	 
121	25	1	3
121	26	1	3
121	27	0	 
121	28	1	2
121	29	0	 
121	30	0	 
121	31	0	 
121	32	0	 
121	33	1	2
121	34	1	3
121	35	0	 
121	36	1	3
121	37	0	 
121	38	1	2
121	39	0	 
121	40	0	 
121	41	1	3
121	42	1	3
121	43	0	 
121	44	1	3
121	45	1	3
120	10	1	3
120	12	1	3
120	13	1	3
120	14	0	 
120	15	1	3
120	17	0	 
120	18	1	3
120	19	0	 
120	20	0	 
120	23	1	3
120	24	0	 
120	25	1	3
120	26	1	3
120	27	0	 
120	28	0	 
120	29	0	 
120	30	0	 
120	31	0	 
120	32	0	 
120	33	0	 
120	34	0	 
120	35	0	 
120	36	1	3
120	37	0	 
120	38	0	 
120	39	0	 
120	40	0	 
120	41	1	3
120	42	1	3
120	43	0	 
120	44	1	3
120	45	1	2
618	10	1	2
618	12	1	3
618	13	1	3
618	14	1	2
618	15	1	3
618	17	1	3
618	18	1	2
618	19	1	2
618	20	0	 
618	23	1	3
618	24	0	 
618	25	1	3
618	26	1	2
618	27	0	 
618	28	0	 
618	29	0	 
618	30	0	 
618	31	0	 
618	32	0	 
618	33	0	 
618	34	0	 
618	35	0	 
618	36	1	3
618	37	0	 
618	38	1	2
618	39	0	 
618	40	0	 
618	41	1	3
618	42	0	 
618	43	0	 
618	44	1	2
618	45	0	 
715	10	1	3
715	12	1	2
715	13	1	3
715	14	1	3
715	15	1	3
715	17	1	3
715	18	1	3
715	19	1	3
715	20	1	2
715	23	1	3
715	24	0	 
715	25	1	2
715	26	1	3
715	27	0	 
715	28	1	2
715	29	0	 
715	30	0	 
715	31	0	 
715	32	0	 
715	33	1	2
715	34	0	 
715	35	0	 
715	36	1	3
715	37	0	 
715	38	0	 
715	39	0	 
715	40	0	 
715	41	1	3
715	42	0	 
715	43	0	 
715	44	0	 
715	45	0	 
711	10	1	3
711	12	1	3
711	13	1	3
711	14	1	3
711	15	1	3
711	17	1	3
711	18	1	3
711	19	1	3
711	20	1	2
711	23	1	3
711	24	1	3
711	25	1	3
711	26	1	3
711	27	0	 
711	28	1	3
711	29	1	3
711	30	0	 
711	31	0	 
711	32	0	 
711	33	1	3
711	34	1	3
711	35	0	 
711	36	1	3
711	37	0	 
711	38	1	2
711	39	0	 
711	40	1	3
711	41	1	2
711	42	1	3
711	43	1	3
711	44	1	3
711	45	0	 
627	10	1	2
627	12	1	3
627	13	1	3
627	14	1	3
627	15	1	3
627	17	1	3
627	18	1	3
627	19	0	 
627	20	1	2
627	23	1	3
627	24	0	 
627	25	1	3
627	26	1	3
627	27	0	 
627	28	0	 
627	29	0	 
627	30	0	 
627	31	0	 
627	32	0	 
627	33	1	3
627	34	0	 
627	35	0	 
627	36	1	3
627	37	0	 
627	38	1	3
627	39	0	 
627	40	1	3
627	41	1	2
627	42	1	3
627	43	0	 
627	44	0	 
627	45	0	 
630	10	1	3
630	12	1	2
630	13	1	3
630	14	1	3
630	15	1	2
630	17	1	3
630	18	1	3
630	19	0	 
630	20	0	 
630	23	1	3
630	24	0	 
630	25	1	3
630	26	1	3
630	27	0	 
630	28	0	 
630	29	0	 
630	30	0	 
630	31	0	 
630	32	0	 
630	33	0	 
630	34	0	 
630	35	1	3
630	36	1	3
630	37	0	 
630	38	1	2
630	39	0	 
630	40	1	3
630	41	1	2
630	42	1	3
630	43	0	 
630	44	0	 
630	45	0	 
631	10	0	 
631	12	1	3
631	13	1	3
631	14	1	3
631	15	0	 
631	17	0	 
631	18	1	3
631	19	0	 
631	20	0	 
631	23	1	3
631	24	0	 
631	25	1	3
631	26	1	3
631	27	0	 
631	28	0	 
631	29	0	 
631	30	0	 
631	31	0	 
631	32	0	 
631	33	0	 
631	34	0	 
631	35	0	 
631	36	1	3
631	37	0	 
631	38	0	 
631	39	0	 
631	40	0	 
631	41	1	2
631	42	1	3
631	43	0	 
631	44	0	 
631	45	0	 
633	10	1	2
633	12	1	2
633	13	1	3
633	14	1	3
633	15	1	3
633	17	1	3
633	18	1	3
633	19	0	 
633	20	0	 
633	23	1	3
633	24	0	 
633	25	1	3
633	26	1	3
633	27	0	 
633	28	0	 
633	29	0	 
633	30	0	 
633	31	0	 
633	32	0	 
633	33	0	 
633	34	0	 
633	35	0	 
633	36	1	3
633	37	0	 
633	38	1	3
633	39	0	 
633	40	0	 
633	41	1	2
633	42	0	 
633	43	0	 
633	44	0	 
633	45	0	 
642	10	1	2
642	12	1	3
642	13	1	3
642	14	0	 
642	15	0	 
642	17	1	3
642	18	1	3
642	19	0	 
642	20	1	2
642	23	1	3
642	24	0	 
642	25	1	3
642	26	1	3
642	27	0	 
642	28	0	 
642	29	0	 
642	30	0	 
642	31	0	 
642	32	0	 
642	33	0	 
642	34	0	 
642	35	0	 
642	36	1	2
642	37	0	 
642	38	1	2
642	39	0	 
642	40	0	 
642	41	1	2
642	42	1	3
642	43	0	 
642	44	0	 
642	45	0	 
643	10	0	 
643	12	1	3
643	13	1	3
643	14	1	3
643	15	1	3
643	17	1	3
643	18	1	3
643	19	1	3
643	20	1	3
643	23	1	3
643	24	0	 
643	25	1	3
643	26	1	3
643	27	1	3
643	28	0	 
643	29	0	 
643	30	0	 
643	31	1	3
643	32	1	3
643	33	0	 
643	34	1	3
643	35	1	3
643	36	1	3
643	37	0	 
643	38	1	3
643	39	1	3
643	40	1	3
643	41	1	3
643	42	1	3
643	43	0	 
643	44	1	3
643	45	0	 
743	10	0	 
743	12	1	2
743	13	1	3
743	14	1	3
743	15	1	3
743	17	1	3
743	18	1	3
743	19	1	3
743	20	0	 
743	23	1	3
743	24	1	3
743	25	1	3
743	26	1	3
743	27	1	2
743	28	0	 
743	29	0	 
743	30	0	 
743	31	0	 
743	32	0	 
743	33	0	 
743	34	0	 
743	35	0	 
743	36	1	2
743	37	0	 
743	38	1	3
743	39	0	 
743	40	0	 
743	41	1	3
743	42	0	 
743	43	0	 
743	44	0	 
743	45	0	 
306	10	1	2
306	12	0	 
306	13	1	3
306	14	1	3
306	15	1	2
306	17	1	3
306	18	1	3
306	19	1	3
306	20	0	 
306	23	1	3
306	24	0	 
306	25	1	3
306	26	1	3
306	27	0	 
306	28	1	3
306	29	1	2
306	30	0	 
306	31	0	 
306	32	0	 
306	33	0	 
306	34	0	 
306	35	0	 
306	36	1	3
306	37	1	3
306	38	1	3
306	39	0	 
306	40	1	3
306	41	1	3
306	42	1	3
306	43	0	 
306	44	0	 
306	45	0	 
321	10	0	 
321	12	1	3
321	13	1	3
321	14	1	3
321	15	1	3
321	17	1	3
321	18	1	3
321	19	1	3
321	20	1	2
321	23	1	3
321	24	0	 
321	25	1	3
321	26	1	3
321	27	0	 
321	28	1	3
321	29	0	 
321	30	0	 
321	31	0	 
321	32	0	 
321	33	0	 
321	34	0	 
321	35	0	 
321	36	1	3
321	37	0	 
321	38	1	3
321	39	0	 
321	40	0	 
321	41	1	3
321	42	1	2
321	43	0	 
321	44	0	 
321	45	1	3
305	10	1	3
305	12	1	3
305	13	1	3
305	14	1	3
305	15	1	2
305	17	1	3
305	18	1	3
305	19	1	3
305	20	0	 
305	23	1	3
305	24	0	 
305	25	1	3
305	26	1	3
305	27	0	 
305	28	0	 
305	29	0	 
305	30	0	 
305	31	0	 
305	32	0	 
305	33	0	 
305	34	0	 
305	35	1	3
305	36	1	3
305	37	0	 
305	38	1	3
305	39	0	 
305	40	1	3
305	41	0	 
305	42	1	3
305	43	0	 
305	44	0	 
305	45	0	 
322	10	0	 
322	12	1	3
322	13	1	3
322	14	0	 
322	15	0	 
322	17	0	 
322	18	1	3
322	19	0	 
322	20	0	 
322	23	1	3
322	24	0	 
322	25	1	3
322	26	1	3
322	27	0	 
322	28	0	 
322	29	0	 
322	30	0	 
322	31	0	 
322	32	0	 
322	33	0	 
322	34	0	 
322	35	0	 
322	36	1	3
322	37	0	 
322	38	0	 
322	39	0	 
322	40	0	 
322	41	0	 
322	42	1	3
322	43	0	 
322	44	0	 
322	45	0	 
323	10	0	 
323	12	1	3
323	13	1	3
323	14	1	2
323	15	1	3
323	17	1	3
323	18	1	2
323	19	0	 
323	20	1	3
323	23	1	3
323	24	0	 
323	25	1	3
323	26	1	3
323	27	0	 
323	28	0	 
323	29	0	 
323	30	1	3
323	31	0	 
323	32	0	 
323	33	0	 
323	34	0	 
323	35	0	 
323	36	1	3
323	37	0	 
323	38	0	 
323	39	0	 
323	40	0	 
323	41	1	2
323	42	1	3
323	43	0	 
323	44	0	 
323	45	0	 
324	10	1	2
324	12	1	3
324	13	1	3
324	14	0	 
324	15	0	 
324	17	1	3
324	18	1	3
324	19	0	 
324	20	0	 
324	23	1	3
324	24	0	 
324	25	1	3
324	26	1	3
324	27	0	 
324	28	0	 
324	29	0	 
324	30	0	 
324	31	0	 
324	32	0	 
324	33	1	2
324	34	0	 
324	35	1	3
324	36	1	3
324	37	0	 
324	38	0	 
324	39	0	 
324	40	0	 
324	41	0	 
324	42	1	3
324	43	0	 
324	44	0	 
324	45	0	 
314	10	0	 
314	12	1	3
314	13	1	3
314	14	1	3
314	15	1	3
314	17	1	2
314	18	1	3
314	19	1	3
314	20	0	 
314	23	1	3
314	24	0	 
314	25	1	3
314	26	1	3
314	27	0	 
314	28	1	3
314	29	0	 
314	30	0	 
314	31	0	 
314	32	0	 
314	33	0	 
314	34	1	3
314	35	0	 
314	36	1	2
314	37	0	 
314	38	1	3
314	39	0	 
314	40	0	 
314	41	1	3
314	42	1	3
314	43	0	 
314	44	1	3
314	45	1	3
315	10	1	2
315	12	0	 
315	13	1	3
315	14	0	 
315	15	1	2
315	17	0	 
315	18	1	3
315	19	0	 
315	20	0	 
315	23	1	3
315	24	0	 
315	25	1	3
315	26	1	3
315	27	0	 
315	28	0	 
315	29	0	 
315	30	0	 
315	31	0	 
315	32	0	 
315	33	0	 
315	34	0	 
315	35	0	 
315	36	1	3
315	37	0	 
315	38	0	 
315	39	0	 
315	40	0	 
315	41	0	 
315	42	0	 
315	43	0	 
315	44	0	 
315	45	0	 
316	10	0	 
316	12	0	 
316	13	1	3
316	14	1	3
316	15	0	 
316	17	0	 
316	18	1	3
316	19	0	 
316	20	0	 
316	23	1	3
316	24	0	 
316	25	1	3
316	26	1	3
316	27	0	 
316	28	0	 
316	29	0	 
316	30	0	 
316	31	0	 
316	32	0	 
316	33	0	 
316	34	0	 
316	35	0	 
316	36	1	3
316	37	0	 
316	38	0	 
316	39	0	 
316	40	0	 
316	41	0	 
316	42	1	3
316	43	0	 
316	44	0	 
316	45	1	3
317	10	1	2
317	12	0	 
317	13	1	3
317	14	0	 
317	15	0	 
317	17	0	 
317	18	1	3
317	19	0	 
317	20	0	 
317	23	1	3
317	24	0	 
317	25	1	3
317	26	1	3
317	27	0	 
317	28	0	 
317	29	0	 
317	30	0	 
317	31	0	 
317	32	0	 
317	33	0	 
317	34	0	 
317	35	0	 
317	36	1	2
317	37	0	 
317	38	0	 
317	39	0	 
317	40	0	 
317	41	0	 
317	42	0	 
317	43	0	 
317	44	0	 
317	45	0	 
318	10	1	1
318	12	0	 
318	13	1	3
318	14	0	 
318	15	0	 
318	17	0	 
318	18	1	3
318	19	0	 
318	20	0	 
318	23	1	3
318	24	0	 
318	25	1	3
318	26	1	3
318	27	0	 
318	28	0	 
318	29	0	 
318	30	0	 
318	31	0	 
318	32	0	 
318	33	0	 
318	34	0	 
318	35	0	 
318	36	1	3
318	37	0	 
318	38	0	 
318	39	0	 
318	40	0	 
318	41	0	 
318	42	0	 
318	43	0	 
318	44	0	 
318	45	0	 
302	10	1	3
302	12	1	3
302	13	1	3
302	14	1	3
302	15	1	3
302	17	1	3
302	18	1	3
302	19	0	 
302	20	1	2
302	23	1	3
302	24	0	 
302	25	1	3
302	26	1	3
302	27	0	 
302	28	1	3
302	29	0	 
302	30	0	 
302	31	0	 
302	32	0	 
302	33	1	3
302	34	1	3
302	35	0	 
302	36	1	3
302	37	0	 
302	38	1	3
302	39	0	 
302	40	1	3
302	41	1	3
302	42	1	3
302	43	0	 
302	44	1	3
302	45	0	 
307	10	0	 
307	12	0	 
307	13	1	2
307	14	1	3
307	15	0	 
307	17	0	 
307	18	1	2
307	19	0	 
307	20	0	 
307	23	1	2
307	24	0	 
307	25	1	2
307	26	1	2
307	27	0	 
307	28	0	 
307	29	0	 
307	30	0	 
307	31	0	 
307	32	0	 
307	33	0	 
307	34	0	 
307	35	0	 
307	36	1	2
307	37	0	 
307	38	0	 
307	39	0	 
307	40	0	 
307	41	0	 
307	42	0	 
307	43	0	 
307	44	0	 
307	45	0	 
325	10	0	 
325	12	0	 
325	13	1	3
325	14	1	3
325	15	0	 
325	17	0	 
325	18	1	3
325	19	0	 
325	20	0	 
325	23	1	2
325	24	0	 
325	25	1	3
325	26	1	2
325	27	0	 
325	28	0	 
325	29	0	 
325	30	0	 
325	31	0	 
325	32	0	 
325	33	0	 
325	34	0	 
325	35	0	 
325	36	1	2
325	37	0	 
325	38	0	 
325	39	0	 
325	40	0	 
325	41	0	 
325	42	0	 
325	43	0	 
325	44	0	 
325	45	0	 
301	10	0	 
301	12	0	 
301	13	1	2
301	14	1	3
301	15	0	 
301	17	0	 
301	18	1	2
301	19	0	 
301	20	0	 
301	23	1	2
301	24	0	 
301	25	1	2
301	26	1	2
301	27	0	 
301	28	0	 
301	29	0	 
301	30	0	 
301	31	0	 
301	32	0	 
301	33	0	 
301	34	0	 
301	35	0	 
301	36	1	2
301	37	0	 
301	38	0	 
301	39	0	 
301	40	0	 
301	41	0	 
301	42	0	 
301	43	0	 
301	44	0	 
301	45	0	 
308	10	1	2
308	12	1	2
308	13	1	3
308	14	1	2
308	15	0	 
308	17	1	3
308	18	1	3
308	19	0	 
308	20	0	 
308	23	1	3
308	24	0	 
308	25	1	1
308	26	1	3
308	27	0	 
308	28	0	 
308	29	0	 
308	30	0	 
308	31	0	 
308	32	0	 
308	33	0	 
308	34	0	 
308	35	0	 
308	36	1	3
308	37	0	 
308	38	0	 
308	39	0	 
308	40	0	 
308	41	0	 
308	42	1	2
308	43	0	 
308	44	0	 
308	45	0	 
309	10	1	2
309	12	1	1
309	13	1	2
309	14	0	 
309	15	0	 
309	17	1	3
309	18	1	3
309	19	0	 
309	20	0	 
309	23	1	3
309	24	0	 
309	25	1	3
309	26	1	3
309	27	0	 
309	28	0	 
309	29	0	 
309	30	0	 
309	31	0	 
309	32	0	 
309	33	0	 
309	34	0	 
309	35	1	3
309	36	1	2
309	37	0	 
309	38	0	 
309	39	0	 
309	40	0	 
309	41	1	2
309	42	1	3
309	43	0	 
309	44	0	 
309	45	0	 
310	10	0	 
310	12	1	3
310	13	1	3
310	14	1	1
310	15	1	2
310	17	1	3
310	18	1	3
310	19	1	2
310	20	0	 
310	23	1	3
310	24	0	 
310	25	1	3
310	26	1	3
310	27	0	 
310	28	0	 
310	29	0	 
310	30	0	 
310	31	0	 
310	32	0	 
310	33	0	 
310	34	0	 
310	35	0	 
310	36	1	3
310	37	0	 
310	38	1	2
310	39	0	 
310	40	1	3
310	41	1	2
310	42	1	3
310	43	0	 
310	44	0	 
310	45	0	 
311	10	1	3
311	12	1	3
311	13	1	2
311	14	0	 
311	15	0	 
311	17	1	3
311	18	1	3
311	19	0	 
311	20	0	 
311	23	1	3
311	24	0	 
311	25	1	3
311	26	1	3
311	27	0	 
311	28	0	 
311	29	0	 
311	30	0	 
311	31	0	 
311	32	0	 
311	33	0	 
311	34	0	 
311	35	0	 
311	36	1	3
311	37	0	 
311	38	0	 
311	39	0	 
311	40	1	2
311	41	0	 
311	42	1	3
311	43	0	 
311	44	0	 
311	45	0	 
312	10	1	2
312	12	0	 
312	13	1	3
312	14	0	 
312	15	1	2
312	17	0	 
312	18	1	3
312	19	0	 
312	20	0	 
312	23	1	3
312	24	0	 
312	25	1	3
312	26	1	3
312	27	0	 
312	28	0	 
312	29	0	 
312	30	0	 
312	31	0	 
312	32	0	 
312	33	0	 
312	34	0	 
312	35	0	 
312	36	1	3
312	37	0	 
312	38	0	 
312	39	0	 
312	40	0	 
312	41	0	 
312	42	0	 
312	43	0	 
312	44	0	 
312	45	0	 
313	10	1	2
313	12	1	3
313	13	1	3
313	14	1	1
313	15	0	 
313	17	1	2
313	18	1	3
313	19	0	 
313	20	0	 
313	23	1	3
313	24	0	 
313	25	1	3
313	26	1	2
313	27	0	 
313	28	0	 
313	29	0	 
313	30	0	 
313	31	0	 
313	32	0	 
313	33	0	 
313	34	0	 
313	35	0	 
313	36	1	3
313	37	0	 
313	38	0	 
313	39	0	 
313	40	1	2
313	41	1	2
313	42	1	2
313	43	0	 
313	44	0	 
313	45	0	 
303	10	0	 
303	12	1	1
303	13	1	3
303	14	0	 
303	15	0	 
303	17	1	3
303	18	1	3
303	19	0	 
303	20	1	3
303	23	1	3
303	24	0	 
303	25	1	3
303	26	1	3
303	27	0	 
303	28	0	 
303	29	0	 
303	30	0	 
303	31	0	 
303	32	0	 
303	33	0	 
303	34	0	 
303	35	0	 
303	36	1	2
303	37	0	 
303	38	0	 
303	39	0	 
303	40	1	2
303	41	0	 
303	42	1	2
303	43	0	 
303	44	0	 
303	45	0	 
319	10	0	 
319	12	0	 
319	13	1	2
319	14	1	3
319	15	0	 
319	17	1	2
319	18	1	2
319	19	0	 
319	20	0	 
319	23	1	2
319	24	0	 
319	25	1	2
319	26	1	2
319	27	0	 
319	28	0	 
319	29	0	 
319	30	0	 
319	31	0	 
319	32	0	 
319	33	0	 
319	34	0	 
319	35	0	 
319	36	1	2
319	37	0	 
319	38	0	 
319	39	0	 
319	40	0	 
319	41	0	 
319	42	0	 
319	43	0	 
319	44	0	 
319	45	1	2
320	10	0	 
320	12	0	 
320	13	1	2
320	14	1	3
320	15	0	 
320	17	0	 
320	18	1	2
320	19	0	 
320	20	0	 
320	23	1	2
320	24	0	 
320	25	1	2
320	26	1	2
320	27	0	 
320	28	0	 
320	29	0	 
320	30	0	 
320	31	0	 
320	32	0	 
320	33	0	 
320	34	0	 
320	35	0	 
320	36	1	2
320	37	0	 
320	38	0	 
320	39	0	 
320	40	0	 
320	41	0	 
320	42	0	 
320	43	0	 
320	44	0	 
320	45	0	 
746	10	1	2
746	12	1	3
746	13	1	3
746	14	1	3
746	15	1	3
746	17	1	3
746	18	1	3
746	19	0	 
746	20	0	 
746	23	1	3
746	24	0	 
746	25	1	3
746	26	1	3
746	27	0	 
746	28	0	 
746	29	0	 
746	30	0	 
746	31	0	 
746	32	0	 
746	33	0	 
746	34	0	 
746	35	0	 
746	36	1	2
746	37	0	 
746	38	0	 
746	39	0	 
746	40	0	 
746	41	1	3
746	42	0	 
746	43	0	 
746	44	0	 
746	45	0	 
727	10	1	2
727	12	1	3
727	13	1	3
727	14	1	3
727	15	1	3
727	17	1	3
727	18	1	3
727	19	0	 
727	20	0	 
727	23	1	3
727	24	0	 
727	25	1	3
727	26	1	3
727	27	0	 
727	28	0	 
727	29	0	 
727	30	0	 
727	31	0	 
727	32	0	 
727	33	0	 
727	34	0	 
727	35	0	 
727	36	1	3
727	37	0	 
727	38	1	3
727	39	0	 
727	40	0	 
727	41	1	2
727	42	0	 
727	43	0	 
727	44	0	 
727	45	0	 
728	10	1	3
728	12	1	3
728	13	1	3
728	14	1	3
728	15	1	2
728	17	1	3
728	18	1	3
728	19	1	3
728	20	0	 
728	23	1	3
728	24	0	 
728	25	1	3
728	26	1	3
728	27	0	 
728	28	0	 
728	29	0	 
728	30	0	 
728	31	0	 
728	32	0	 
728	33	0	 
728	34	1	3
728	35	0	 
728	36	1	3
728	37	0	 
728	38	0	 
728	39	0	 
728	40	0	 
728	41	1	3
728	42	0	 
728	43	0	 
728	44	0	 
728	45	0	 
639	10	0	 
639	12	1	3
639	13	1	3
639	14	0	 
639	15	1	3
639	17	1	3
639	18	1	3
639	19	1	3
639	20	0	 
639	23	1	3
639	24	0	 
639	25	1	3
639	26	1	3
639	27	0	 
639	28	0	 
639	29	0	 
639	30	0	 
639	31	0	 
639	32	0	 
639	33	0	 
639	34	0	 
639	35	0	 
639	36	1	3
639	37	0	 
639	38	0	 
639	39	0	 
639	40	0	 
639	41	1	3
639	42	0	 
639	43	0	 
639	44	0	 
639	45	0	 
638	10	0	 
638	12	1	3
638	13	1	3
638	14	1	3
638	15	1	3
638	17	1	3
638	18	1	3
638	19	0	 
638	20	0	 
638	23	1	3
638	24	0	 
638	25	1	3
638	26	1	3
638	27	0	 
638	28	0	 
638	29	0	 
638	30	0	 
638	31	0	 
638	32	0	 
638	33	0	 
638	34	0	 
638	35	0	 
638	36	1	3
638	37	0	 
638	38	0	 
638	39	0	 
638	40	0	 
638	41	1	2
638	42	0	 
638	43	0	 
638	44	0	 
638	45	0	 
726	10	0	 
726	12	1	3
726	13	1	3
726	14	1	3
726	15	1	3
726	17	1	3
726	18	1	3
726	19	0	 
726	20	0	 
726	23	1	3
726	24	0	 
726	25	1	3
726	26	1	3
726	27	0	 
726	28	1	3
726	29	0	 
726	30	0	 
726	31	0	 
726	32	0	 
726	33	0	 
726	34	0	 
726	35	0	 
726	36	1	2
726	37	0	 
726	38	0	 
726	39	0	 
726	40	0	 
726	41	1	2
726	42	0	 
726	43	0	 
726	44	0	 
726	45	0	 
654	10	0	 
654	12	1	2
654	13	1	3
654	14	1	3
654	15	1	3
654	17	1	3
654	18	1	3
654	19	0	 
654	20	0	 
654	23	1	3
654	24	0	 
654	25	1	3
654	26	1	3
654	27	0	 
654	28	0	 
654	29	0	 
654	30	0	 
654	31	0	 
654	32	0	 
654	33	0	 
654	34	1	3
654	35	0	 
654	36	1	3
654	37	0	 
654	38	1	2
654	39	0	 
654	40	0	 
654	41	1	3
654	42	0	 
654	43	0	 
654	44	0	 
654	45	0	 
617	10	0	 
617	12	1	3
617	13	1	3
617	14	1	3
617	15	1	3
617	17	1	3
617	18	1	3
617	19	1	3
617	20	0	 
617	23	1	3
617	24	0	 
617	25	1	3
617	26	1	3
617	27	0	 
617	28	0	 
617	29	0	 
617	30	0	 
617	31	0	 
617	32	0	 
617	33	0	 
617	34	0	 
617	35	0	 
617	36	1	3
617	37	0	 
617	38	0	 
617	39	0	 
617	40	0	 
617	41	1	3
617	42	0	 
617	43	0	 
617	44	0	 
617	45	0	 
717	10	1	2
717	12	1	3
717	13	1	3
717	14	0	 
717	15	1	2
717	17	1	3
717	18	1	3
717	19	0	 
717	20	0	 
717	23	1	3
717	24	0	 
717	25	1	3
717	26	1	3
717	27	0	 
717	28	0	 
717	29	0	 
717	30	0	 
717	31	0	 
717	32	0	 
717	33	0	 
717	34	0	 
717	35	0	 
717	36	1	3
717	37	0	 
717	38	0	 
717	39	0	 
717	40	0	 
717	41	1	2
717	42	1	3
717	43	0	 
717	44	0	 
717	45	0	 
718	10	1	2
718	12	1	3
718	13	1	3
718	14	1	3
718	15	1	2
718	17	1	2
718	18	1	3
718	19	0	 
718	20	0	 
718	23	1	3
718	24	0	 
718	25	1	3
718	26	1	3
718	27	0	 
718	28	0	 
718	29	0	 
718	30	0	 
718	31	0	 
718	32	0	 
718	33	0	 
718	34	0	 
718	35	0	 
718	36	1	2
718	37	0	 
718	38	0	 
718	39	0	 
718	40	0	 
718	41	1	3
718	42	0	 
718	43	0	 
718	44	1	2
718	45	0	 
719	10	1	1
719	12	1	3
719	13	1	3
719	14	1	2
719	15	1	2
719	17	1	2
719	18	1	2
719	19	0	 
719	20	0	 
719	23	1	3
719	24	0	 
719	25	1	3
719	26	1	3
719	27	0	 
719	28	0	 
719	29	0	 
719	30	0	 
719	31	0	 
719	32	0	 
719	33	0	 
719	34	0	 
719	35	0	 
719	36	1	2
719	37	0	 
719	38	0	 
719	39	0	 
719	40	0	 
719	41	1	2
719	42	0	 
719	43	0	 
719	44	0	 
719	45	0	 
720	10	0	 
720	12	1	3
720	13	1	3
720	14	1	2
720	15	1	3
720	17	1	3
720	18	1	3
720	19	0	 
720	20	1	2
720	23	1	3
720	24	0	 
720	25	1	3
720	26	1	3
720	27	0	 
720	28	0	 
720	29	0	 
720	30	0	 
720	31	0	 
720	32	0	 
720	33	0	 
720	34	0	 
720	35	0	 
720	36	1	2
720	37	0	 
720	38	1	2
720	39	0	 
720	40	0	 
720	41	1	2
720	42	1	2
720	43	0	 
720	44	0	 
720	45	0	 
721	10	0	 
721	12	0	 
721	13	1	3
721	14	0	 
721	15	0	 
721	17	0	 
721	18	1	2
721	19	0	 
721	20	0	 
721	23	1	3
721	24	0	 
721	25	0	 
721	26	1	3
721	27	0	 
721	28	0	 
721	29	0	 
721	30	0	 
721	31	0	 
721	32	0	 
721	33	0	 
721	34	0	 
721	35	0	 
721	36	1	3
721	37	0	 
721	38	0	 
721	39	0	 
721	40	0	 
721	41	1	3
721	42	0	 
721	43	0	 
721	44	0	 
721	45	0	 
722	10	0	 
722	12	1	3
722	13	1	3
722	14	1	2
722	15	1	3
722	17	1	3
722	18	1	3
722	19	0	 
722	20	0	 
722	23	1	3
722	24	0	 
722	25	1	3
722	26	1	3
722	27	0	 
722	28	0	 
722	29	0	 
722	30	0	 
722	31	0	 
722	32	0	 
722	33	0	 
722	34	0	 
722	35	0	 
722	36	1	3
722	37	0	 
722	38	0	 
722	39	0	 
722	40	0	 
722	41	1	2
722	42	1	2
722	43	0	 
722	44	0	 
722	45	0	 
409	10	1	2
409	12	0	 
409	13	1	3
409	14	0	 
409	15	1	2
409	17	1	3
409	18	1	3
409	19	0	 
409	20	0	 
409	23	1	3
409	24	0	 
409	25	1	3
409	26	1	3
409	27	0	 
409	28	0	 
409	29	0	 
409	30	0	 
409	31	0	 
409	32	0	 
409	33	0	 
409	34	0	 
409	35	0	 
409	36	1	2
409	37	0	 
409	38	0	 
409	39	0	 
409	40	0	 
409	41	1	2
409	42	1	2
409	43	0	 
409	44	0	 
409	45	0	 
731	10	1	3
731	12	1	2
731	13	1	3
731	14	1	3
731	15	1	3
731	17	1	3
731	18	1	3
731	19	0	 
731	20	0	 
731	23	1	3
731	24	0	 
731	25	1	3
731	26	1	3
731	27	0	 
731	28	1	3
731	29	0	 
731	30	0	 
731	31	0	 
731	32	0	 
731	33	0	 
731	34	0	 
731	35	0	 
731	36	1	3
731	37	0	 
731	38	0	 
731	39	0	 
731	40	0	 
731	41	1	2
731	42	0	 
731	43	0	 
731	44	0	 
731	45	0	 
730	10	1	2
730	12	1	3
730	13	1	3
730	14	0	 
730	15	1	2
730	17	1	3
730	18	1	3
730	19	0	 
730	20	0	 
730	23	1	3
730	24	0	 
730	25	1	3
730	26	0	 
730	27	0	 
730	28	0	 
730	29	0	 
730	30	0	 
730	31	0	 
730	32	0	 
730	33	0	 
730	34	0	 
730	35	0	 
730	36	1	3
730	37	0	 
730	38	0	 
730	39	0	 
730	40	1	3
730	41	1	3
730	42	1	2
730	43	0	 
730	44	1	2
730	45	0	 
634	10	1	2
634	12	1	2
634	13	1	3
634	14	0	 
634	15	1	3
634	17	0	 
634	18	1	3
634	19	0	 
634	20	0	 
634	23	1	3
634	24	0	 
634	25	1	3
634	26	1	3
634	27	0	 
634	28	0	 
634	29	0	 
634	30	0	 
634	31	0	 
634	32	0	 
634	33	0	 
634	34	0	 
634	35	0	 
634	36	1	2
634	37	0	 
634	38	0	 
634	39	0	 
634	40	0	 
634	41	1	2
634	42	0	 
634	43	0	 
634	44	0	 
634	45	0	 
725	10	1	3
725	12	1	3
725	13	1	3
725	14	1	3
725	15	1	3
725	17	1	3
725	18	1	3
725	19	0	 
725	20	0	 
725	23	1	3
725	24	0	 
725	25	1	3
725	26	1	3
725	27	0	 
725	28	1	2
725	29	0	 
725	30	0	 
725	31	1	3
725	32	0	 
725	33	0	 
725	34	1	3
725	35	0	 
725	36	1	3
725	37	0	 
725	38	1	2
725	39	0	 
725	40	0	 
725	41	1	3
725	42	0	 
725	43	0	 
725	44	0	 
725	45	0	 
514	10	1	3
514	12	0	 
514	13	1	3
514	14	1	3
514	15	1	3
514	17	1	3
514	18	1	3
514	19	1	3
514	20	1	2
514	23	1	3
514	24	0	 
514	25	1	3
514	26	1	3
514	27	0	 
514	28	1	3
514	29	0	 
514	30	0	 
514	31	1	2
514	32	0	 
514	33	0	 
514	34	1	3
514	35	1	3
514	36	1	3
514	37	0	 
514	38	1	3
514	39	0	 
514	40	0	 
514	41	1	3
514	42	0	 
514	43	0	 
514	44	0	 
514	45	0	 
527	10	1	2
527	12	0	 
527	13	1	3
527	14	1	3
527	15	1	3
527	17	0	 
527	18	1	3
527	19	1	3
527	20	0	 
527	23	1	3
527	24	0	 
527	25	1	3
527	26	1	3
527	27	0	 
527	28	0	 
527	29	0	 
527	30	0	 
527	31	0	 
527	32	0	 
527	33	0	 
527	34	0	 
527	35	0	 
527	36	1	2
527	37	0	 
527	38	0	 
527	39	0	 
527	40	1	2
527	41	1	3
527	42	0	 
527	43	0	 
527	44	0	 
527	45	0	 
513	10	0	 
513	12	0	 
513	13	1	3
513	14	1	3
513	15	1	3
513	17	1	3
513	18	1	3
513	19	1	3
513	20	0	 
513	23	1	3
513	24	0	 
513	25	1	3
513	26	1	3
513	27	0	 
513	28	0	 
513	29	0	 
513	30	0	 
513	31	0	 
513	32	0	 
513	33	0	 
513	34	0	 
513	35	0	 
513	36	1	3
513	37	0	 
513	38	0	 
513	39	0	 
513	40	1	3
513	41	1	3
513	42	0	 
513	43	0	 
513	44	0	 
513	45	0	 
508	10	1	2
508	12	0	 
508	13	1	3
508	14	1	3
508	15	1	3
508	17	1	3
508	18	0	 
508	19	1	3
508	20	0	 
508	23	1	3
508	24	1	3
508	25	1	3
508	26	1	3
508	27	0	 
508	28	0	 
508	29	0	 
508	30	0	 
508	31	0	 
508	32	0	 
508	33	0	 
508	34	1	2
508	35	0	 
508	36	1	2
508	37	0	 
508	38	1	2
508	39	1	3
508	40	0	 
508	41	1	3
508	42	0	 
508	43	0	 
508	44	0	 
508	45	0	 
507	10	1	3
507	12	1	2
507	13	1	3
507	14	1	3
507	15	1	3
507	17	1	3
507	18	1	3
507	19	1	3
507	20	1	3
507	23	1	3
507	24	1	3
507	25	1	3
507	26	1	3
507	27	0	 
507	28	1	77
507	29	0	 
507	30	0	 
507	31	1	3
507	32	1	3
507	33	1	3
507	34	0	 
507	35	0	 
507	36	1	77
507	37	0	 
507	38	1	3
507	39	0	 
507	40	0	 
507	41	1	3
507	42	0	 
507	43	0	 
507	44	0	 
507	45	0	 
503	10	1	2
503	12	0	 
503	13	1	3
503	14	1	3
503	15	1	3
503	17	1	3
503	18	1	3
503	19	1	3
503	20	0	 
503	23	1	3
503	24	0	 
503	25	1	3
503	26	1	3
503	27	0	 
503	28	0	 
503	29	0	 
503	30	0	 
503	31	1	3
503	32	1	3
503	33	1	3
503	34	1	3
503	35	0	 
503	36	1	3
503	37	1	3
503	38	1	3
503	39	0	 
503	40	0	 
503	41	1	3
503	42	0	 
503	43	0	 
503	44	0	 
503	45	0	 
519	10	1	2
519	12	1	3
519	13	1	3
519	14	1	3
519	15	1	3
519	17	0	 
519	18	1	3
519	19	1	3
519	20	1	3
519	23	1	3
519	24	0	 
519	25	1	3
519	26	1	3
519	27	0	 
519	28	0	 
519	29	0	 
519	30	0	 
519	31	0	 
519	32	0	 
519	33	0	 
519	34	0	 
519	35	0	 
519	36	1	3
519	37	0	 
519	38	1	3
519	39	0	 
519	40	0	 
519	41	1	3
519	42	0	 
519	43	0	 
519	44	0	 
519	45	0	 
520	10	1	3
520	12	1	3
520	13	1	3
520	14	1	3
520	15	1	3
520	17	0	 
520	18	1	3
520	19	0	 
520	20	1	2
520	23	1	3
520	24	0	 
520	25	1	3
520	26	1	3
520	27	0	 
520	28	1	3
520	29	0	 
520	30	1	3
520	31	0	 
520	32	0	 
520	33	0	 
520	34	0	 
520	35	0	 
520	36	1	3
520	37	0	 
520	38	1	3
520	39	0	 
520	40	0	 
520	41	1	3
520	42	1	3
520	43	0	 
520	44	1	3
520	45	0	 
530	10	1	2
530	12	1	1
530	13	1	3
530	14	1	77
530	15	1	3
530	17	1	3
530	18	1	3
530	19	1	3
530	20	0	 
530	23	1	77
530	24	0	 
530	25	1	3
530	26	1	3
530	27	0	 
530	28	1	3
530	29	1	2
530	30	0	 
530	31	0	 
530	32	1	3
530	33	1	3
530	34	0	 
530	35	0	 
530	36	1	2
530	37	0	 
530	38	1	2
530	39	0	 
530	40	1	3
530	41	1	2
530	42	0	 
530	43	0	 
530	44	0	 
530	45	0	 
531	10	1	3
531	12	0	 
531	13	1	3
531	14	1	3
531	15	1	3
531	17	0	 
531	18	1	3
531	19	1	3
531	20	0	 
531	23	1	3
531	24	0	 
531	25	1	3
531	26	1	3
531	27	0	 
531	28	1	2
531	29	0	 
531	30	1	3
531	31	0	 
531	32	0	 
531	33	0	 
531	34	0	 
531	35	0	 
531	36	1	2
531	37	0	 
531	38	0	 
531	39	0	 
531	40	0	 
531	41	1	2
531	42	0	 
531	43	0	 
531	44	0	 
531	45	0	 
528	10	1	2
528	12	0	 
528	13	1	3
528	14	1	3
528	15	1	2
528	17	0	 
528	18	1	3
528	19	1	3
528	20	1	3
528	23	1	3
528	24	0	 
528	25	1	3
528	26	1	3
528	27	0	 
528	28	0	 
528	29	0	 
528	30	0	 
528	31	0	 
528	32	0	 
528	33	0	 
528	34	0	 
528	35	0	 
528	36	1	2
528	37	0	 
528	38	0	 
528	39	0	 
528	40	0	 
528	41	1	3
528	42	0	 
528	43	0	 
528	44	0	 
528	45	0	 
529	10	1	2
529	12	1	2
529	13	1	3
529	14	1	3
529	15	1	2
529	17	0	 
529	18	1	3
529	19	1	2
529	20	0	 
529	23	1	3
529	24	0	 
529	25	1	3
529	26	1	3
529	27	0	 
529	28	0	 
529	29	0	 
529	30	0	 
529	31	0	 
529	32	0	 
529	33	0	 
529	34	0	 
529	35	0	 
529	36	1	3
529	37	0	 
529	38	0	 
529	39	0	 
529	40	0	 
529	41	1	3
529	42	0	 
529	43	0	 
529	44	0	 
529	45	0	 
501	10	1	2
501	12	1	2
501	13	1	3
501	14	1	3
501	15	1	3
501	17	0	 
501	18	1	3
501	19	1	3
501	20	1	2
501	23	1	3
501	24	0	 
501	25	1	3
501	26	1	3
501	27	0	 
501	28	1	2
501	29	0	 
501	30	1	3
501	31	0	 
501	32	0	 
501	33	0	 
501	34	0	 
501	35	0	 
501	36	1	2
501	37	0	 
501	38	1	3
501	39	0	 
501	40	0	 
501	41	1	3
501	42	0	 
501	43	0	 
501	44	0	 
501	45	0	 
525	10	1	2
525	12	1	3
525	13	1	3
525	14	1	3
525	15	1	3
525	17	0	 
525	18	1	3
525	19	0	 
525	20	0	 
525	23	1	3
525	24	0	 
525	25	1	3
525	26	1	3
525	27	0	 
525	28	0	 
525	29	0	 
525	30	0	 
525	31	0	 
525	32	0	 
525	33	0	 
525	34	0	 
525	35	0	 
525	36	1	3
525	37	0	 
525	38	0	 
525	39	0	 
525	40	0	 
525	41	1	3
525	42	0	 
525	43	0	 
525	44	0	 
525	45	0	 
526	10	1	3
526	12	1	3
526	13	1	3
526	14	1	3
526	15	1	3
526	17	1	3
526	18	1	3
526	19	1	3
526	20	1	2
526	23	1	3
526	24	0	 
526	25	1	3
526	26	1	2
526	27	0	 
526	28	1	2
526	29	0	 
526	30	0	 
526	31	0	 
526	32	0	 
526	33	1	3
526	34	1	3
526	35	0	 
526	36	1	3
526	37	0	 
526	38	1	2
526	39	0	 
526	40	1	3
526	41	1	3
526	42	1	3
526	43	0	 
526	44	1	3
526	45	0	 
602	10	0	 
602	12	1	3
602	13	1	3
602	14	1	3
602	15	1	3
602	17	1	3
602	18	1	3
602	19	0	 
602	20	1	2
602	23	1	3
602	24	0	 
602	25	1	3
602	26	1	3
602	27	0	 
602	28	0	 
602	29	0	 
602	30	1	3
602	31	0	 
602	32	0	 
602	33	0	 
602	34	1	3
602	35	0	 
602	36	1	3
602	37	0	 
602	38	1	2
602	39	0	 
602	40	1	3
602	41	1	2
602	42	1	2
602	43	1	2
602	44	0	 
602	45	0	 
101	10	0	 
101	12	1	3
101	13	1	3
101	14	1	3
101	15	1	3
101	17	0	 
101	18	1	3
101	19	0	 
101	20	0	 
101	23	1	3
101	24	0	 
101	25	1	3
101	26	1	3
101	27	0	 
101	28	0	 
101	29	0	 
101	30	0	 
101	31	0	 
101	32	0	 
101	33	1	3
101	34	0	 
101	35	0	 
101	36	1	3
101	37	0	 
101	38	0	 
101	39	0	 
101	40	0	 
101	41	0	 
101	42	1	3
101	43	0	 
101	44	1	3
101	45	0	 
106	10	0	 
106	12	0	 
106	13	1	3
106	14	1	3
106	15	0	 
106	17	0	 
106	18	1	3
106	19	0	 
106	20	0	 
106	23	1	3
106	24	0	 
106	25	1	3
106	26	0	 
106	27	0	 
106	28	0	 
106	29	0	 
106	30	0	 
106	31	0	 
106	32	0	 
106	33	1	3
106	34	0	 
106	35	0	 
106	36	1	3
106	37	0	 
106	38	0	 
106	39	0	 
106	40	1	3
106	41	0	 
106	42	1	3
106	43	0	 
106	44	1	3
106	45	0	 
107	10	0	 
107	12	0	 
107	13	1	3
107	14	1	3
107	15	0	 
107	17	0	 
107	18	1	3
107	19	0	 
107	20	0	 
107	23	1	3
107	24	0	 
107	25	1	3
107	26	1	3
107	27	0	 
107	28	0	 
107	29	0	 
107	30	0	 
107	31	0	 
107	32	0	 
107	33	1	3
107	34	0	 
107	35	0	 
107	36	1	3
107	37	0	 
107	38	0	 
107	39	0	 
107	40	1	3
107	41	0	 
107	42	1	3
107	43	0	 
107	44	1	3
107	45	0	 
108	10	0	 
108	12	1	3
108	13	1	3
108	14	1	3
108	15	1	3
108	17	1	3
108	18	1	3
108	19	0	 
108	20	1	2
108	23	1	3
108	24	0	 
108	25	1	3
108	26	1	3
108	27	0	 
108	28	0	 
108	29	0	 
108	30	0	 
108	31	0	 
108	32	0	 
108	33	1	3
108	34	1	3
108	35	0	 
108	36	1	3
108	37	0	 
108	38	1	3
108	39	0	 
108	40	1	3
108	41	1	3
108	42	1	3
108	43	0	 
108	44	1	3
108	45	1	3
109	10	0	 
109	12	1	3
109	13	1	3
109	14	1	3
109	15	0	 
109	17	0	 
109	18	1	3
109	19	0	 
109	20	0	 
109	23	1	3
109	24	0	 
109	25	1	3
109	26	1	3
109	27	0	 
109	28	0	 
109	29	0	 
109	30	0	 
109	31	0	 
109	32	0	 
109	33	1	3
109	34	0	 
109	35	0	 
109	36	1	3
109	37	0	 
109	38	0	 
109	39	0	 
109	40	1	3
109	41	1	3
109	42	1	3
109	43	0	 
109	44	1	3
109	45	0	 
110	10	0	 
110	12	1	3
110	13	1	3
110	14	1	3
110	15	0	 
110	17	0	 
110	18	1	3
110	19	0	 
110	20	0	 
110	23	1	3
110	24	0	 
110	25	1	3
110	26	1	3
110	27	0	 
110	28	0	 
110	29	0	 
110	30	0	 
110	31	0	 
110	32	0	 
110	33	0	 
110	34	0	 
110	35	0	 
110	36	1	3
110	37	0	 
110	38	0	 
110	39	0	 
110	40	1	3
110	41	0	 
110	42	1	3
110	43	0	 
110	44	1	3
110	45	0	 
622	10	0	 
622	12	1	3
622	13	1	3
622	14	1	3
622	15	1	2
622	17	1	3
622	18	1	3
622	19	1	3
622	20	1	2
622	23	1	3
622	24	0	 
622	25	1	3
622	26	1	3
622	27	1	3
622	28	0	 
622	29	0	 
622	30	0	 
622	31	0	 
622	32	0	 
622	33	0	 
622	34	0	 
622	35	0	 
622	36	1	3
622	37	0	 
622	38	1	3
622	39	0	 
622	40	1	2
622	41	1	3
622	42	1	2
622	43	0	 
622	44	1	2
622	45	0	 
625	10	0	 
625	12	1	2
625	13	1	3
625	14	1	3
625	15	0	 
625	17	0	 
625	18	1	3
625	19	1	3
625	20	1	2
625	23	1	3
625	24	0	 
625	25	1	3
625	26	1	3
625	27	0	 
625	28	0	 
625	29	0	 
625	30	0	 
625	31	0	 
625	32	0	 
625	33	0	 
625	34	0	 
625	35	0	 
625	36	1	3
625	37	0	 
625	38	1	3
625	39	0	 
625	40	0	 
625	41	1	3
625	42	1	3
625	43	0	 
625	44	1	3
625	45	0	 
624	10	0	 
624	12	1	3
624	13	1	3
624	14	1	3
624	15	0	 
624	17	0	 
624	18	1	3
624	19	0	 
624	20	1	3
624	23	1	3
624	24	0	 
624	25	1	3
624	26	1	3
624	27	0	 
624	28	0	 
624	29	0	 
624	30	0	 
624	31	0	 
624	32	0	 
624	33	1	3
624	34	0	 
624	35	1	3
624	36	1	3
624	37	0	 
624	38	0	 
624	39	0	 
624	40	0	 
624	41	1	3
624	42	1	3
624	43	0	 
624	44	1	3
624	45	0	 
710	10	1	2
710	12	1	2
710	13	1	3
710	14	1	2
710	15	0	 
710	17	0	 
710	18	1	3
710	19	0	 
710	20	0	 
710	23	1	3
710	24	0	 
710	25	1	3
710	26	1	3
710	27	0	 
710	28	0	 
710	29	0	 
710	30	0	 
710	31	0	 
710	32	0	 
710	33	0	 
710	34	0	 
710	35	0	 
710	36	1	3
710	37	0	 
710	38	1	2
710	39	0	 
710	40	1	3
710	41	1	3
710	42	1	3
710	43	0	 
710	44	1	3
710	45	0	 
614	10	0	 
614	12	1	1
614	13	1	3
614	14	1	2
614	15	1	2
614	17	0	 
614	18	1	3
614	19	0	 
614	20	0	 
614	23	0	 
614	24	0	 
614	25	1	3
614	26	0	 
614	27	1	3
614	28	0	 
614	29	0	 
614	30	0	 
614	31	0	 
614	32	0	 
614	33	0	 
614	34	0	 
614	35	1	2
614	36	1	3
614	37	0	 
614	38	1	3
614	39	0	 
614	40	0	 
614	41	0	 
614	42	0	 
614	43	0	 
614	44	0	 
614	45	0	 
724	10	0	 
724	12	1	3
724	13	1	3
724	14	1	2
724	15	1	2
724	17	1	2
724	18	1	3
724	19	1	3
724	20	1	2
724	23	1	3
724	24	1	3
724	25	1	3
724	26	1	3
724	27	0	 
724	28	1	2
724	29	0	 
724	30	0	 
724	31	0	 
724	32	0	 
724	33	1	2
724	34	1	3
724	35	0	 
724	36	1	3
724	37	0	 
724	38	1	2
724	39	0	 
724	40	1	3
724	41	1	2
724	42	1	3
724	43	0	 
724	44	1	3
724	45	0	 
737	10	0	 
737	12	1	3
737	13	1	3
737	14	1	3
737	15	1	3
737	17	1	3
737	18	1	3
737	19	1	3
737	20	0	 
737	23	1	3
737	24	0	 
737	25	1	3
737	26	0	 
737	27	0	 
737	28	1	3
737	29	0	 
737	30	0	 
737	31	0	 
737	32	0	 
737	33	0	 
737	34	0	 
737	35	0	 
737	36	1	3
737	37	0	 
737	38	1	3
737	39	0	 
737	40	0	 
737	41	1	3
737	42	0	 
737	43	0	 
737	44	0	 
737	45	0	 
651	10	0	 
651	12	1	3
651	13	1	3
651	14	1	3
651	15	1	3
651	17	1	3
651	18	1	3
651	19	1	3
651	20	1	3
651	23	1	3
651	24	0	 
651	25	1	3
651	26	0	 
651	27	0	 
651	28	1	3
651	29	0	 
651	30	0	 
651	31	0	 
651	32	1	3
651	33	0	 
651	34	1	3
651	35	0	 
651	36	1	3
651	37	0	 
651	38	1	3
651	39	0	 
651	40	0	 
651	41	1	3
651	42	0	 
651	43	0	 
651	44	0	 
651	45	0	 
647	10	0	 
647	12	1	3
647	13	1	3
647	14	1	3
647	15	1	3
647	17	1	3
647	18	1	3
647	19	1	3
647	20	0	 
647	23	1	3
647	24	0	 
647	25	1	3
647	26	0	 
647	27	0	 
647	28	0	 
647	29	0	 
647	30	1	3
647	31	0	 
647	32	0	 
647	33	0	 
647	34	0	 
647	35	0	 
647	36	1	3
647	37	0	 
647	38	1	3
647	39	0	 
647	40	0	 
647	41	1	3
647	42	0	 
647	43	0	 
647	44	0	 
647	45	0	 
652	10	1	2
652	12	1	2
652	13	1	3
652	14	1	3
652	15	1	3
652	17	1	3
652	18	1	3
652	19	1	3
652	20	0	 
652	23	1	3
652	24	0	 
652	25	1	2
652	26	1	3
652	27	0	 
652	28	0	 
652	29	0	 
652	30	0	 
652	31	0	 
652	32	0	 
652	33	0	 
652	34	0	 
652	35	0	 
652	36	1	3
652	37	1	3
652	38	1	3
652	39	0	 
652	40	0	 
652	41	1	3
652	42	0	 
652	43	0	 
652	44	0	 
652	45	0	 
738	10	0	 
738	12	1	3
738	13	1	3
738	14	1	3
738	15	1	3
738	17	1	3
738	18	1	3
738	19	1	3
738	20	0	 
738	23	1	3
738	24	0	 
738	25	1	3
738	26	0	 
738	27	1	3
738	28	0	 
738	29	0	 
738	30	0	 
738	31	0	 
738	32	0	 
738	33	0	 
738	34	0	 
738	35	0	 
738	36	1	3
738	37	0	 
738	38	1	3
738	39	0	 
738	40	0	 
738	41	1	3
738	42	0	 
738	43	0	 
738	44	0	 
738	45	0	 
740	10	0	 
740	12	1	3
740	13	1	3
740	14	1	3
740	15	1	3
740	17	0	 
740	18	1	3
740	19	1	3
740	20	0	 
740	23	1	3
740	24	0	 
740	25	1	3
740	26	1	3
740	27	0	 
740	28	0	 
740	29	0	 
740	30	0	 
740	31	0	 
740	32	1	3
740	33	0	 
740	34	0	 
740	35	0	 
740	36	1	3
740	37	0	 
740	38	1	3
740	39	0	 
740	40	0	 
740	41	1	3
740	42	0	 
740	43	0	 
740	44	0	 
740	45	0	 
645	10	0	 
645	12	1	3
645	13	1	3
645	14	1	3
645	15	1	3
645	17	1	3
645	18	1	3
645	19	1	3
645	20	1	3
645	23	1	3
645	24	1	3
645	25	1	3
645	26	0	 
645	27	1	3
645	28	1	3
645	29	1	3
645	30	0	 
645	31	0	 
645	32	0	 
645	33	1	3
645	34	0	 
645	35	0	 
645	36	1	3
645	37	1	3
645	38	1	3
645	39	0	 
645	40	0	 
645	41	1	3
645	42	0	 
645	43	0	 
645	44	0	 
645	45	0	 
739	10	0	 
739	12	0	 
739	13	1	3
739	14	1	3
739	15	1	3
739	17	0	 
739	18	1	3
739	19	1	3
739	20	1	3
739	23	1	3
739	24	1	3
739	25	0	 
739	26	1	3
739	27	1	3
739	28	0	 
739	29	0	 
739	30	0	 
739	31	0	 
739	32	0	 
739	33	0	 
739	34	0	 
739	35	0	 
739	36	1	3
739	37	0	 
739	38	1	3
739	39	1	3
739	40	0	 
739	41	1	3
739	42	1	3
739	43	0	 
739	44	1	3
739	45	1	3
646	10	0	 
646	12	0	 
646	13	1	3
646	14	1	3
646	15	1	3
646	17	0	 
646	18	1	3
646	19	1	3
646	20	1	3
646	23	1	3
646	24	0	 
646	25	0	 
646	26	1	3
646	27	0	 
646	28	0	 
646	29	0	 
646	30	0	 
646	31	0	 
646	32	0	 
646	33	0	 
646	34	0	 
646	35	0	 
646	36	1	3
646	37	0	 
646	38	1	3
646	39	0	 
646	40	0	 
646	41	1	3
646	42	1	3
646	43	0	 
646	44	1	3
646	45	1	3
736	10	0	 
736	12	0	 
736	13	1	3
736	14	1	3
736	15	1	3
736	17	0	 
736	18	1	3
736	19	1	3
736	20	0	 
736	23	1	3
736	24	0	 
736	25	0	 
736	26	1	3
736	27	0	 
736	28	0	 
736	29	0	 
736	30	0	 
736	31	0	 
736	32	0	 
736	33	1	3
736	34	0	 
736	35	0	 
736	36	1	3
736	37	0	 
736	38	0	 
736	39	0	 
736	40	0	 
736	41	1	3
736	42	1	3
736	43	0	 
736	44	1	3
736	45	1	3
734	10	0	 
734	12	0	 
734	13	1	3
734	14	1	3
734	15	1	3
734	17	0	 
734	18	1	3
734	19	1	3
734	20	1	3
734	23	1	3
734	24	0	 
734	25	1	3
734	26	1	3
734	27	0	 
734	28	0	 
734	29	0	 
734	30	0	 
734	31	0	 
734	32	0	 
734	33	0	 
734	34	0	 
734	35	0	 
734	36	1	3
734	37	0	 
734	38	1	3
734	39	0	 
734	40	0	 
734	41	1	3
734	42	1	3
734	43	0	 
734	44	1	3
734	45	1	3
644	10	1	2
644	12	0	 
644	13	1	3
644	14	1	3
644	15	1	2
644	17	0	 
644	18	1	3
644	19	0	 
644	20	0	 
644	23	1	3
644	24	0	 
644	25	0	 
644	26	1	3
644	27	0	 
644	28	0	 
644	29	0	 
644	30	0	 
644	31	0	 
644	32	0	 
644	33	0	 
644	34	0	 
644	35	0	 
644	36	1	3
644	37	0	 
644	38	0	 
644	39	0	 
644	40	0	 
644	41	1	3
644	42	0	 
644	43	0	 
644	44	0	 
644	45	0	 
733	10	0	 
733	12	1	2
733	13	1	3
733	14	1	3
733	15	1	3
733	17	0	 
733	18	1	3
733	19	0	 
733	20	0	 
733	23	1	3
733	24	0	 
733	25	0	 
733	26	1	3
733	27	0	 
733	28	0	 
733	29	0	 
733	30	0	 
733	31	0	 
733	32	0	 
733	33	0	 
733	34	0	 
733	35	0	 
733	36	1	3
733	37	0	 
733	38	1	3
733	39	0	 
733	40	1	3
733	41	1	3
733	42	1	3
733	43	0	 
733	44	0	 
733	45	1	3
201	10	1	2
201	12	1	3
201	13	1	3
201	14	1	3
201	15	1	3
201	17	1	3
201	18	0	 
201	19	1	3
201	20	0	 
201	23	0	 
201	24	0	 
201	25	1	2
201	26	0	 
201	27	0	 
201	28	0	 
201	29	0	 
201	30	0	 
201	31	0	 
201	32	0	 
201	33	0	 
201	34	0	 
201	35	0	 
201	36	1	3
201	37	0	 
201	38	1	3
201	39	0	 
201	40	0	 
201	41	1	3
201	42	0	 
201	43	0	 
201	44	0	 
201	45	0	 
217	10	1	2
217	12	1	3
217	13	1	3
217	14	1	3
217	15	1	2
217	17	0	 
217	18	1	3
217	19	1	3
217	20	1	3
217	23	1	3
217	24	0	 
217	25	1	3
217	26	1	3
217	27	0	 
217	28	0	 
217	29	0	 
217	30	0	 
217	31	0	 
217	32	0	 
217	33	0	 
217	34	0	 
217	35	0	 
217	36	1	3
217	37	0	 
217	38	1	3
217	39	0	 
217	40	0	 
217	41	1	3
217	42	0	 
217	43	1	3
217	44	0	 
217	45	0	 
215	10	1	2
215	12	1	3
215	13	1	1
215	14	1	3
215	15	1	3
215	17	1	3
215	18	1	3
215	19	0	 
215	20	0	 
215	23	1	3
215	24	0	 
215	25	1	3
215	26	1	3
215	27	0	 
215	28	0	 
215	29	0	 
215	30	0	 
215	31	0	 
215	32	0	 
215	33	0	 
215	34	0	 
215	35	0	 
215	36	1	3
215	37	0	 
215	38	1	3
215	39	0	 
215	40	0	 
215	41	1	3
215	42	0	 
215	43	0	 
215	44	0	 
215	45	0	 
211	10	0	 
211	12	1	2
211	13	1	3
211	14	0	 
211	15	0	 
211	17	0	 
211	18	1	3
211	19	0	 
211	20	0	 
211	23	1	3
211	24	0	 
211	25	1	2
211	26	1	3
211	27	0	 
211	28	0	 
211	29	0	 
211	30	0	 
211	31	0	 
211	32	0	 
211	33	0	 
211	34	0	 
211	35	0	 
211	36	1	2
211	37	0	 
211	38	1	3
211	39	0	 
211	40	0	 
211	41	1	3
211	42	0	 
211	43	0	 
211	44	0	 
211	45	0	 
745	10	1	3
745	12	1	3
745	13	1	3
745	14	1	3
745	15	1	3
745	17	1	3
745	18	1	3
745	19	0	 
745	20	0	 
745	23	1	3
745	24	0	 
745	25	0	 
745	26	1	3
745	27	0	 
745	28	0	 
745	29	0	 
745	30	0	 
745	31	0	 
745	32	0	 
745	33	0	 
745	34	0	 
745	35	0	 
745	36	1	3
745	37	0	 
745	38	1	3
745	39	0	 
745	40	0	 
745	41	1	3
745	42	0	 
745	43	0	 
745	44	0	 
745	45	0	 
744	10	1	2
744	12	0	 
744	13	1	3
744	14	1	3
744	15	1	3
744	17	0	 
744	18	0	 
744	19	0	 
744	20	0	 
744	23	1	3
744	24	0	 
744	25	0	 
744	26	1	3
744	27	0	 
744	28	0	 
744	29	0	 
744	30	0	 
744	31	0	 
744	32	0	 
744	33	0	 
744	34	0	 
744	35	0	 
744	36	1	3
744	37	0	 
744	38	0	 
744	39	0	 
744	40	0	 
744	41	1	3
744	42	1	3
744	43	0	 
744	44	0	 
744	45	0	 
709	10	1	3
709	12	1	3
709	13	1	2
709	14	1	2
709	15	1	3
709	17	1	3
709	18	1	3
709	19	1	3
709	20	0	 
709	23	1	3
709	24	0	 
709	25	1	3
709	26	1	3
709	27	0	 
709	28	0	 
709	29	0	 
709	30	0	 
709	31	0	 
709	32	0	 
709	33	1	2
709	34	1	2
709	35	0	 
709	36	1	3
709	37	0	 
709	38	1	3
709	39	0	 
709	40	0	 
709	41	1	2
709	42	1	2
709	43	1	2
709	44	1	3
709	45	1	3
708	10	1	3
708	12	1	3
708	13	1	3
708	14	1	3
708	15	1	3
708	17	0	 
708	18	1	3
708	19	0	 
708	20	0	 
708	23	1	3
708	24	0	 
708	25	0	 
708	26	1	3
708	27	0	 
708	28	0	 
708	29	0	 
708	30	0	 
708	31	0	 
708	32	0	 
708	33	0	 
708	34	0	 
708	35	0	 
708	36	1	3
708	37	0	 
708	38	1	3
708	39	0	 
708	40	0	 
708	41	1	3
708	42	1	3
708	43	0	 
708	44	0	 
708	45	0	 
613	10	1	2
613	12	0	 
613	13	1	3
613	14	1	3
613	15	1	3
613	17	0	 
613	18	1	3
613	19	1	3
613	20	0	 
613	23	1	3
613	24	0	 
613	25	1	3
613	26	1	3
613	27	0	 
613	28	0	 
613	29	0	 
613	30	0	 
613	31	0	 
613	32	0	 
613	33	0	 
613	34	0	 
613	35	0	 
613	36	1	3
613	37	0	 
613	38	1	3
613	39	0	 
613	40	0	 
613	41	1	3
613	42	1	3
613	43	0	 
613	44	0	 
613	45	0	 
741	10	1	1
741	12	1	2
741	13	1	3
741	14	1	3
741	15	1	3
741	17	1	3
741	18	1	3
741	19	1	3
741	20	1	3
741	23	1	3
741	24	0	 
741	25	1	3
741	26	0	 
741	27	0	 
741	28	0	 
741	29	0	 
741	30	1	3
741	31	0	 
741	32	1	3
741	33	0	 
741	34	1	3
741	35	0	 
741	36	1	3
741	37	0	 
741	38	1	3
741	39	0	 
741	40	0	 
741	41	1	3
741	42	0	 
741	43	0	 
741	44	0	 
741	45	0	 
610	10	0	 
610	12	1	3
610	13	1	3
610	14	1	3
610	15	1	3
610	17	1	3
610	18	1	3
610	19	1	3
610	20	1	3
610	23	1	3
610	24	0	 
610	25	1	3
610	26	1	3
610	27	0	 
610	28	0	 
610	29	0	 
610	30	0	 
610	31	0	 
610	32	0	 
610	33	1	3
610	34	0	 
610	35	0	 
610	36	1	3
610	37	0	 
610	38	1	3
610	39	0	 
610	40	0	 
610	41	1	3
610	42	1	3
610	43	0	 
610	44	1	3
610	45	0	 
732	10	0	 
732	12	1	2
732	13	1	3
732	14	1	2
732	15	1	3
732	17	0	 
732	18	1	3
732	19	0	 
732	20	0	 
732	23	1	2
732	24	0	 
732	25	1	3
732	26	1	2
732	27	0	 
732	28	0	 
732	29	0	 
732	30	0	 
732	31	0	 
732	32	0	 
732	33	0	 
732	34	0	 
732	35	0	 
732	36	1	3
732	37	0	 
732	38	0	 
732	39	0	 
732	40	1	2
732	41	1	2
732	42	0	 
732	43	0	 
732	44	0	 
732	45	0	 
218	10	0	 
218	12	1	2
218	13	1	3
218	14	1	2
218	15	1	3
218	17	0	 
218	18	1	3
218	19	0	 
218	20	0	 
218	23	1	3
218	24	0	 
218	25	1	3
218	26	1	3
218	27	0	 
218	28	0	 
218	29	0	 
218	30	0	 
218	31	0	 
218	32	0	 
218	33	0	 
218	34	0	 
218	35	0	 
218	36	1	3
218	37	0	 
218	38	0	 
218	39	0	 
218	40	0	 
218	41	1	3
218	42	0	 
218	43	0	 
218	44	0	 
218	45	0	 
742	10	1	3
742	12	1	3
742	13	1	3
742	14	1	3
742	15	1	3
742	17	1	3
742	18	1	3
742	19	1	3
742	20	0	 
742	23	1	3
742	24	1	3
742	25	1	3
742	26	1	3
742	27	0	 
742	28	1	3
742	29	0	 
742	30	0	 
742	31	0	 
742	32	1	3
742	33	0	 
742	34	0	 
742	35	0	 
742	36	1	3
742	37	0	 
742	38	1	3
742	39	0	 
742	40	0	 
742	41	1	3
742	42	0	 
742	43	0	 
742	44	0	 
742	45	0	 
703	10	1	2
703	12	1	3
703	13	1	3
703	14	1	3
703	15	1	3
703	17	1	3
703	18	1	3
703	19	1	3
703	20	0	 
703	23	1	3
703	24	0	 
703	25	1	3
703	26	1	3
703	27	0	 
703	28	1	3
703	29	0	 
703	30	0	 
703	31	0	 
703	32	0	 
703	33	0	 
703	34	1	3
703	35	0	 
703	36	1	3
703	37	0	 
703	38	1	3
703	39	0	 
703	40	1	3
703	41	1	3
703	42	1	3
703	43	1	3
703	44	1	3
703	45	1	3
701	10	1	3
701	12	1	2
701	13	1	3
701	14	1	3
701	15	0	 
701	17	0	 
701	18	1	3
701	19	1	3
701	20	1	1
701	23	1	3
701	24	0	 
701	25	1	2
701	26	1	3
701	27	0	 
701	28	0	 
701	29	0	 
701	30	0	 
701	31	0	 
701	32	0	 
701	33	0	 
701	34	0	 
701	35	0	 
701	36	1	2
701	37	0	 
701	38	1	2
701	39	0	 
701	40	0	 
701	41	1	2
701	42	1	2
701	43	0	 
701	44	1	2
701	45	0	 
707	10	1	3
707	12	1	2
707	13	1	3
707	14	1	3
707	15	1	2
707	17	0	 
707	18	1	3
707	19	1	2
707	20	0	 
707	23	1	3
707	24	0	 
707	25	1	2
707	26	1	3
707	27	0	 
707	28	0	 
707	29	0	 
707	30	0	 
707	31	0	 
707	32	0	 
707	33	0	 
707	34	0	 
707	35	0	 
707	36	1	3
707	37	0	 
707	38	0	 
707	39	0	 
707	40	0	 
707	41	1	3
707	42	0	 
707	43	0	 
707	44	0	 
707	45	0	 
702	10	1	2
702	12	1	3
702	13	1	3
702	14	1	3
702	15	1	3
702	17	1	3
702	18	1	3
702	19	1	3
702	20	0	 
702	23	1	3
702	24	0	 
702	25	1	3
702	26	1	3
702	27	0	 
702	28	0	 
702	29	0	 
702	30	0	 
702	31	0	 
702	32	0	 
702	33	0	 
702	34	0	 
702	35	0	 
702	36	1	3
702	37	0	 
702	38	1	3
702	39	0	 
702	40	0	 
702	41	1	3
702	42	0	 
702	43	0	 
702	44	0	 
702	45	0	 
729	10	1	2
729	12	1	2
729	13	1	3
729	14	1	3
729	15	1	2
729	17	1	3
729	18	1	3
729	19	1	2
729	20	1	2
729	23	1	3
729	24	0	 
729	25	1	2
729	26	1	3
729	27	1	2
729	28	1	3
729	29	1	2
729	30	1	3
729	31	0	 
729	32	0	 
729	33	1	2
729	34	1	3
729	35	0	 
729	36	1	2
729	37	1	2
729	38	1	3
729	39	0	 
729	40	1	2
729	41	1	2
729	42	1	3
729	43	1	2
729	44	1	3
729	45	1	3
714	10	1	3
714	12	1	3
714	13	1	3
714	14	1	3
714	15	1	3
714	17	0	 
714	18	1	2
714	19	1	3
714	20	0	 
714	23	1	3
714	24	0	 
714	25	1	3
714	26	1	3
714	27	0	 
714	28	0	 
714	29	0	 
714	30	0	 
714	31	0	 
714	32	0	 
714	33	0	 
714	34	0	 
714	35	0	 
714	36	1	3
714	37	0	 
714	38	1	3
714	39	0	 
714	40	0	 
714	41	1	3
714	42	0	 
714	43	0	 
714	44	0	 
714	45	0	 
706	10	0	 
706	12	1	3
706	13	1	3
706	14	1	3
706	15	1	2
706	17	1	3
706	18	1	3
706	19	1	2
706	20	1	2
706	23	1	3
706	24	0	 
706	25	1	3
706	26	1	3
706	27	0	 
706	28	0	 
706	29	0	 
706	30	0	 
706	31	0	 
706	32	0	 
706	33	0	 
706	34	0	 
706	35	0	 
706	36	1	3
706	37	0	 
706	38	0	 
706	39	0	 
706	40	0	 
706	41	1	3
706	42	1	3
706	43	1	3
706	44	1	3
706	45	0	 
735	10	1	2
735	12	1	2
735	13	1	3
735	14	0	 
735	15	1	2
735	17	0	 
735	18	1	2
735	19	1	1
735	20	1	1
735	23	1	2
735	24	0	 
735	25	1	3
735	26	0	 
735	27	0	 
735	28	0	 
735	29	0	 
735	30	0	 
735	31	0	 
735	32	0	 
735	33	0	 
735	34	0	 
735	35	0	 
735	36	1	2
735	37	0	 
735	38	1	2
735	39	0	 
735	40	0	 
735	41	1	2
735	42	0	 
735	43	0	 
735	44	0	 
735	45	0	 
705	10	1	2
705	12	1	2
705	13	1	3
705	14	1	2
705	15	1	3
705	17	1	3
705	18	1	3
705	19	1	3
705	20	0	 
705	23	1	3
705	24	0	 
705	25	1	3
705	26	1	3
705	27	0	 
705	28	0	 
705	29	0	 
705	30	0	 
705	31	0	 
705	32	0	 
705	33	1	2
705	34	1	2
705	35	0	 
705	36	1	3
705	37	1	2
705	38	0	 
705	39	0	 
705	40	1	2
705	41	1	2
705	42	1	2
705	43	0	 
705	44	1	3
705	45	0	 
716	10	1	3
716	12	1	3
716	13	1	3
716	14	1	3
716	15	1	3
716	17	1	3
716	18	1	3
716	19	1	3
716	20	1	3
716	23	1	3
716	24	1	3
716	25	1	3
716	26	1	3
716	27	0	 
716	28	0	 
716	29	0	 
716	30	0	 
716	31	0	 
716	32	0	 
716	33	0	 
716	34	0	 
716	35	0	 
716	36	1	3
716	37	0	 
716	38	1	3
716	39	0	 
716	40	0	 
716	41	1	3
716	42	0	 
716	43	0	 
716	44	0	 
716	45	0	 
609	10	1	3
609	12	1	3
609	13	1	2
609	14	1	3
609	15	1	2
609	17	1	3
609	18	1	3
609	19	0	 
609	20	1	2
609	23	1	3
609	24	0	 
609	25	1	3
609	26	1	3
609	27	0	 
609	28	0	 
609	29	0	 
609	30	0	 
609	31	0	 
609	32	0	 
609	33	1	2
609	34	1	2
609	35	0	 
609	36	1	3
609	37	0	 
609	38	0	 
609	39	0	 
609	40	0	 
609	41	1	2
609	42	1	2
609	43	0	 
609	44	1	2
609	45	0	 
723	10	0	 
723	12	1	3
723	13	1	3
723	14	1	2
723	15	1	2
723	17	1	3
723	18	1	3
723	19	1	3
723	20	0	 
723	23	1	3
723	24	0	 
723	25	1	3
723	26	1	3
723	27	0	 
723	28	1	3
723	29	0	 
723	30	0	 
723	31	0	 
723	32	0	 
723	33	0	 
723	34	1	3
723	35	0	 
723	36	1	3
723	37	0	 
723	38	1	2
723	39	0	 
723	40	0	 
723	41	1	2
723	42	1	3
723	43	0	 
723	44	0	 
723	45	0	 
704	10	0	 
704	12	0	 
704	13	1	2
704	14	0	 
704	15	0	 
704	17	0	 
704	18	1	2
704	19	0	 
704	20	0	 
704	23	1	2
704	24	0	 
704	25	1	3
704	26	1	2
704	27	0	 
704	28	0	 
704	29	0	 
704	30	0	 
704	31	0	 
704	32	0	 
704	33	0	 
704	34	0	 
704	35	0	 
704	36	1	3
704	37	0	 
704	38	0	 
704	39	0	 
704	40	0	 
704	41	1	2
704	42	1	3
704	43	0	 
704	44	1	3
704	45	0	 
713	10	0	 
713	12	1	2
713	13	1	3
713	14	1	3
713	15	1	3
713	17	0	 
713	18	1	77
713	19	1	2
713	20	0	 
713	23	1	3
713	24	0	 
713	25	1	3
713	26	1	3
713	27	0	 
713	28	0	 
713	29	0	 
713	30	1	3
713	31	0	 
713	32	1	3
713	33	1	3
713	34	0	 
713	35	0	 
713	36	1	3
713	37	0	 
713	38	1	3
713	39	0	 
713	40	0	 
713	41	1	3
713	42	0	 
713	43	0	 
713	44	0	 
713	45	0	 
640	10	0	 
640	12	1	2
640	13	1	2
640	14	1	2
640	15	1	2
640	17	1	3
640	18	1	3
640	19	0	 
640	20	0	 
640	23	1	3
640	24	0	 
640	25	1	2
640	26	1	3
640	27	0	 
640	28	0	 
640	29	0	 
640	30	0	 
640	31	0	 
640	32	0	 
640	33	0	 
640	34	0	 
640	35	0	 
640	36	1	3
640	37	0	 
640	38	0	 
640	39	0	 
640	40	1	2
640	41	1	2
640	42	1	2
640	43	0	 
640	44	0	 
640	45	0	 
712	10	1	2
712	12	1	3
712	13	1	3
712	14	1	3
712	15	1	3
712	17	1	3
712	18	1	3
712	19	1	3
712	20	0	 
712	23	1	3
712	24	0	 
712	25	1	3
712	26	1	3
712	27	0	 
712	28	0	 
712	29	0	 
712	30	1	3
712	31	0	 
712	32	0	 
712	33	0	 
712	34	1	3
712	35	0	 
712	36	1	3
712	37	0	 
712	38	1	3
712	39	0	 
712	40	1	3
712	41	1	3
712	42	0	 
712	43	0	 
712	44	0	 
712	45	0	 
629	10	0	 
629	12	0	 
629	13	1	3
629	14	1	3
629	15	1	3
629	17	1	3
629	18	1	3
629	19	1	2
629	20	1	2
629	23	1	3
629	24	0	 
629	25	1	3
629	26	1	3
629	27	0	 
629	28	0	 
629	29	0	 
629	30	0	 
629	31	0	 
629	32	0	 
629	33	0	 
629	34	0	 
629	35	0	 
629	36	1	2
629	37	0	 
629	38	1	2
629	39	0	 
629	40	0	 
629	41	1	3
629	42	0	 
629	43	0	 
629	44	0	 
629	45	1	3
