CHILDCODE	CROPIDR4	CROPR4	QNTHRVR4	OUTCRPR4
11015	1	132	8	11
11015	2	4	50	11
11041	1	85	2	10
11051	1	53	150	10
11072	1	108	10	8
11086	1	55	30	10
11086	2	44	40	10
11086	3	86	5	10
11086	4	108	1	10
11091	1	4	-77	7
21001	1	4	2500	2
21002	1	104	50	2
21002	2	108	30	2
21003	1	4	7200	2
21004	1	4	720	11
21004	2	53	160	10
21005	1	4	312	11
21006	1	4	1000	11
21007	1	4	720	11
21013	1	4	87	7
21014	1	4	300	11
21016	1	4	4800	11
21018	1	4	966	2
21019	1	53	1500	2
21022	1	4	80	11
21023	1	53	50	10
21024	1	4	80	2
21025	1	4	36000	8
21027	1	4	50	11
21028	1	4	120	11
21033	1	53	350	10
21035	1	4	40	11
21036	1	53	32	4
21038	1	53	25	4
21042	1	53	48	10
21043	1	4	385	11
21043	2	4	22000	8
21045	1	4	12000	8
21045	2	109	1000	8
21045	3	104	1000	8
21049	1	4	8160	2
21049	2	109	100	8
21050	1	53	40	10
21050	2	4	240	11
21053	1	53	160	10
21053	2	89	2	10
21055	1	53	230	10
21055	2	69	200	10
21055	3	132	30	2
21055	4	89	10	10
21060	1	53	190	10
21060	2	4	440	11
21065	1	53	500	10
21068	1	53	72	10
21072	1	69	325	2
21072	2	89	180	2
21072	3	72	10	2
21072	4	102	2	2
21072	5	10	14	8
21072	6	82	400	2
21072	7	101	25	2
21075	1	4	780	7
21077	1	53	3570	2
21078	1	53	23970	2
21079	1	4	180	2
21083	1	53	140	10
21083	2	4	60000	8
21084	1	4	31200	2
21084	2	45	500	2
21090	1	53	43	10
21092	1	4	2808	2
21092	2	123	3	10
21094	1	53	20	10
21095	1	4	4160	2
21097	1	53	8	10
21099	1	53	28	4
21099	2	4	4000	8
31002	1	44	12	10
31002	2	75	12	10
31002	3	99	1,5	10
31002	4	89	5	10
31002	5	55	22	10
31002	6	12	2	3
31002	7	69	3	10
31002	8	10	25	7
31002	9	56	15	8
31002	10	101	4	2
31002	12	86	2	10
31003	1	44	10	5
31003	2	75	5	5
31003	3	89	96	2
31003	4	99	1	9
31005	1	44	6	5
31005	2	75	6	5
31005	3	55	7	10
31006	1	44	10	10
31006	2	75	10	10
31006	3	89	4	10
31006	4	12	2	2
31006	5	56	12	8
31006	6	55	2	10
31007	1	44	8	5
31007	2	99	1	5
31007	3	75	6	5
31009	1	44	6	10
31009	2	75	6	10
31009	3	55	-79	79
31009	4	99	-79	79
31009	5	79	-79	79
31011	1	44	3	5
31011	2	75	3	5
31012	1	44	100	2
31012	2	89	50	2
31012	3	55	150	2
31013	1	32	40	10
31013	2	75	35	10
31013	3	89	6	10
31013	4	55	12	10
31014	1	55	10	10
31014	2	44	10	5
31014	3	75	6	5
31014	4	89	2	10
31014	5	17	8	9
31014	6	51	1	11
31014	7	102	10	2
31014	8	26	-77	2
31014	9	12	-77	2
31014	10	10	-77	2
31015	1	4	7800	8
31016	1	99	1	10
31016	2	44	3	10
31016	3	4	1	10
31016	4	89	1	10
31016	5	108	5	2
31016	6	102	20	7
31016	7	17	1	9
31018	1	44	20	10
31018	2	75	15	10
31019	1	44	1,5	10
31019	2	67	12	3
31020	1	44	6	10
31020	2	89	12	10
31021	1	75	4	5
31021	2	89	6	5
31021	3	44	6	10
31021	4	67	2000	8
31021	5	55	2	10
31021	6	69	3	9
31021	7	50	2	3
31021	8	26	1	3
31021	9	10	20	7
31021	10	84	500	2
31021	11	4	50	7
31022	1	44	7	10
31022	2	75	8	10
31022	3	89	10	10
31032	1	99	2	5
31032	2	75	30	5
31035	1	44	4	10
31035	2	75	4	10
31035	3	89	3	10
31035	4	102	5	2
31035	5	108	2	2
31036	1	44	2	10
31036	2	75	6	10
31036	3	50	1	10
31036	4	10	50	11
31039	1	44	6	10
31039	2	89	6	10
31042	1	44	10	5
31045	1	44	6	5
31045	2	99	1,5	5
31045	3	55	3	5
31046	1	75	50	5
31046	2	99	10	5
31046	3	44	20	5
31046	4	89	6	10
31046	5	55	10	10
31046	6	10	200	7
31046	7	26	1	10
31046	8	69	10	10
31046	9	67	700	8
31046	10	56	30	8
31046	11	101	2	2
31047	1	75	25	5
31047	2	96	2	5
31048	1	44	7	10
31048	2	75	7	10
31048	3	26	1	3
31048	4	12	1	3
31048	5	56	1	3
31049	1	44	1000	2
31049	2	99	60	2
31049	3	75	2000	2
31049	4	89	322	2
31049	5	17	14	2
31052	1	44	3	10
31054	1	75	22	10
31054	2	44	0	88
31054	3	99	3	3
31055	1	44	3	10
31055	2	99	4	2
31055	3	89	4	2
31055	4	108	10	8
31055	5	102	10	8
31055	6	26	10	2
31055	7	50	10	2
31056	1	75	450	2
31056	2	44	8	10
31056	3	89	200	2
31056	4	99	5	2
31056	5	101	50	2
31057	1	44	30	5
31057	2	75	15	5
31057	3	89	6	5
31057	4	99	4	5
31057	5	67	300	8
31057	6	4	500	8
31057	7	108	200	8
31057	8	10	50	7
31057	9	12	30	8
31057	10	56	10	8
31058	1	44	12	10
31058	2	75	15	10
31058	3	89	3	10
31058	4	85	3	3
31058	5	4	150	2
31059	1	89	4	5
31059	2	4	10	11
31059	3	44	5	10
31060	1	44	4	5
31060	2	75	12	5
31060	3	89	3	5
31060	4	4	200	8
31060	5	17	7	2
31061	1	75	10	5
31061	2	99	1	5
31061	3	101	10	2
31061	4	102	50	8
31061	5	89	10	2
31061	6	44	1	10
31062	1	75	20	10
31062	2	55	20	10
31062	3	99	1	10
31062	4	44	3	10
31063	1	75	2	10
31063	2	44	3	10
31063	3	89	2	10
31063	4	99	17	2
31063	5	50	8	2
31063	6	6	8	2
31063	7	12	8	2
31063	8	102	20	7
31063	9	108	2	2
31063	10	108	1	2
31064	1	75	6	5
31064	2	44	4	5
31064	3	99	2	5
31065	1	44	8	5
31065	2	99	4	5
31065	3	17	1	5
31065	4	102	50	8
31065	5	4	700	7
31065	6	51	200	2
31065	7	108	24	8
31065	8	108	4	2
31066	1	75	5	5
31066	2	44	6	5
31066	3	17	2	9
31066	4	4	6000	8
31066	5	89	8	9
31066	6	67	50	2
31066	7	108	50	8
31068	1	67	20000	8
31068	2	4	20000	8
31068	3	17	12	10
31068	4	44	3	10
31068	5	99	4	10
31069	1	99	2	10
31069	2	44	2	10
31069	3	17	1	10
31069	4	102	30	8
31069	5	10	20	8
31069	6	50	1	3
31069	7	72	12	2
31069	8	51	100	8
31070	1	4	120	7
31070	2	17	18	9
31070	3	44	60	10
31070	4	51	500	8
31070	5	108	100	8
31070	6	99	12	5
31070	7	89	12	3
31071	1	17	4	9
31071	2	4	12	7
31072	1	99	3	5
31072	2	44	6	5
31072	3	17	2	10
31072	4	4	16	11
31073	1	4	96	7
31073	2	51	100	8
31074	1	17	1	10
31074	2	4	100	7
31074	3	44	50	10
31074	4	99	2	10
31074	5	75	50	5
31074	6	51	1000	8
31074	7	108	500	8
31074	8	108	100	8
31074	9	93	30	8
31074	10	89	2	10
31074	11	101	2	10
31074	12	50	100	7
31074	13	108	1	5
31075	1	44	5	10
31075	2	67	3000	8
31075	3	17	10	10
31075	4	4	100000	8
31076	1	4	48	7
31076	2	17	40	2
31076	3	44	20	2
31076	4	99	20	2
31077	1	44	2	10
31077	2	89	2	5
31077	3	99	2	3
31077	4	4	2	7
31077	5	17	15	2
31077	6	72	4	2
31077	7	108	2	2
31077	8	108	1	2
31077	9	12	2	2
31077	10	102	3	2
31077	11	50	2	2
31077	12	51	20	2
31078	1	44	4	10
31079	1	4	300	11
31079	2	17	3	9
31079	3	44	7	10
31079	4	89	3	2
31079	5	108	3	2
31079	6	108	2	10
31080	1	17	1	10
31080	2	44	20	10
31080	3	4	4800	8
31080	4	99	150	2
31081	1	17	2	10
31081	2	44	5	10
31081	3	4	8000	8
31081	4	104	7200	8
31081	5	67	200	8
31081	6	51	50000	8
31081	7	45	50000	8
31081	8	50	1	10
31081	9	102	10	7
31081	10	12	8	2
31081	11	56	4	2
31083	1	17	2	3
31083	2	4	10000	8
31083	3	67	100	8
31083	4	44	2	10
31083	5	75	9	10
31084	1	108	10	9
31084	2	4	500	8
31084	3	17	1	5
31085	1	44	60	2
31085	2	89	3	5
31086	1	44	5	2
31086	2	75	10	2
31087	1	44	12	10
31087	2	75	12	10
31087	3	99	6	10
31087	4	67	600	8
31087	5	89	6	10
31087	6	4	116	11
31087	7	26	1,5	3
31087	8	50	2	3
31088	1	75	8	5
31088	2	44	3	5
31088	3	89	2	5
31088	4	4	104	7
31088	5	51	30	2
31088	6	12	-77	2
31088	7	6	-77	2
31089	1	44	4	10
31089	2	75	9	10
31089	3	17	1	10
31089	4	99	1	10
31089	5	51	300	8
31089	6	108	200	8
31089	7	108	20	8
31089	8	89	3	10
31089	9	67	28	9
31089	10	4	3000	8
31090	1	4	3600	8
31090	2	17	3	9
31090	3	83	4	11
31091	1	75	12	5
31091	2	99	2	5
31091	3	44	2	5
31091	4	17	2	9
31091	5	67	40	11
31092	1	44	12	10
31092	2	75	15	10
31092	3	99	5	10
31092	4	89	4	10
31093	1	44	15	10
31093	2	89	18	2
31093	3	10	20	7
31093	4	99	3	5
31093	5	17	2	2
31093	6	67	150	8
31093	7	51	1	10
31093	8	84	0	88
31093	9	4	200	7
31095	1	44	1	5
31095	2	89	25	2
31096	1	132	20	10
31096	2	51	30	10
31096	3	108	10	10
31097	1	75	12	5
31097	2	44	8	5
31098	1	44	2	10
31098	2	67	5	10
31100	1	44	150	2
31100	2	75	150	2
31100	3	99	50	2
41001	1	55	120	10
41001	2	44	4	10
41001	3	89	6	10
41001	4	99	20	10
41001	5	50	2	10
41001	6	102	30	8
41001	7	26	1	10
41001	8	10	3	10
41001	9	12	1	10
41001	10	108	500	8
41001	11	6	1	3
41001	12	92	1	3
41001	13	108	1	10
41001	14	108	5	2
41001	15	108	1	2
41001	16	108	7	2
41001	17	108	1	3
41002	1	89	2	3
41002	2	44	1	10
41002	3	102	100	8
41002	4	12	6	2
41002	5	10	50	8
41003	1	44	8	10
41003	2	55	200	10
41003	3	89	3	10
41003	4	10	10	10
41003	5	51	3	2
41003	6	108	1	2
41004	1	55	50	10
41004	2	44	3	10
41004	3	89	1	10
41004	4	99	10	10
41004	5	108	120	8
41004	6	83	2000	11
41005	1	55	250	10
41005	2	44	10	10
41005	3	89	2	10
41005	4	108	50	2
41005	5	4	200	8
41005	6	99	10	10
41006	1	89	1	10
41006	2	44	5	10
41008	1	44	6	10
41009	1	99	30	10
41009	2	44	20	10
41009	3	3	800	8
41009	4	4	5000	8
41009	5	108	3	10
41010	1	44	60	10
41010	2	99	35	10
41010	3	89	15	10
41010	4	55	400	10
41010	5	102	50	7
41010	6	12	50	2
41010	7	50	10	2
41010	8	6	10	2
41010	9	56	20	8
41010	10	3	300	8
41010	11	108	300	8
41010	12	51	300	8
41010	13	4	6	11
41011	1	44	10	10
41011	2	99	7	10
41011	3	55	5	10
41012	1	44	4	10
41012	2	89	2	3
41012	3	108	10	10
41012	4	108	8	2
41012	5	108	1	3
41012	6	55	1	10
41012	7	4	200	8
41012	8	51	1	10
41012	9	108	2	10
41013	1	44	2	10
41013	2	55	40	10
41014	1	44	60	10
41014	2	89	80	3
41014	3	45	40	10
41014	4	51	50	10
41014	5	16	100	8
41014	6	50	35	10
41014	7	12	150	2
41016	1	44	3	10
41016	2	99	10	10
41016	3	89	1	10
41018	1	44	2	10
41018	2	99	4	10
41018	3	101	4	10
41018	4	55	20	10
41018	5	12	6	10
41018	6	89	1	10
41018	7	10	18	10
41020	1	44	8	10
41020	2	55	80	10
41020	3	10	150	2
41021	1	10	2	10
41021	2	12	12	2
41022	1	44	70	10
41022	2	89	50	3
41022	3	99	50	3
41022	4	55	250	10
41022	5	101	30	3
41023	1	55	100	10
41023	2	44	15	10
41023	3	89	2	10
41023	4	99	20	10
41023	5	101	10	10
41024	1	55	50	10
41024	2	99	8	10
41024	3	101	25	10
41024	4	44	30	10
41024	5	10	3	10
41025	1	55	200	10
41025	2	101	1	2
41029	1	44	10	10
41029	2	75	6	10
41029	3	101	3	10
41029	4	89	2	10
41029	5	55	12	10
41030	1	55	300	10
41030	2	101	18	10
41030	3	44	15	10
41030	4	89	5	10
41030	5	75	8	10
41030	6	99	5	10
41030	7	83	-77	77
41031	1	17	5	10
41031	2	85	3	10
41031	3	44	6	10
41031	4	55	3	10
41031	5	4	2000	8
41031	6	32	1	10
41031	7	10	1	10
41031	8	50	1	10
41031	9	3	4	10
41031	10	51	5	10
41031	11	108	3	3
41031	12	108	50	8
41031	13	108	3	3
41031	14	108	2	3
41032	1	44	150	10
41032	2	85	10	10
41032	3	51	10	10
41032	4	108	5	10
41032	5	89	5	3
41032	6	44	5	10
41032	7	55	10000	10
41032	8	86	6	10
41032	9	50	100	7
41032	10	12	10	2
41032	11	10	10	7
41033	1	44	16	10
41033	2	89	4	10
41033	3	101	2	10
41033	4	55	50	10
41033	5	10	200	10
41034	1	44	10	3
41034	2	101	1	3
41034	3	55	100	10
41035	1	44	10	10
41035	2	55	30	10
41035	3	86	5	10
41035	4	102	4	2
41035	5	10	20	2
41035	6	108	5	2
41035	7	99	20	2
41036	1	44	25	10
41036	2	89	5	10
41036	3	55	48	10
41036	5	12	8	10
41036	6	10	10	10
41036	7	108	23	10
41037	1	44	15	10
41037	2	55	400	10
41037	3	89	3	10
41037	4	12	10	10
41037	5	10	20	10
41037	6	102	50	7
41037	7	108	48	2
41037	8	50	30	2
41037	9	108	1	10
41037	10	83	20	4
41038	1	44	30	10
41038	2	55	200	10
41038	3	101	10	10
41038	4	75	3	10
41038	5	99	800	2
41039	1	44	10	10
41039	2	89	2	10
41039	3	55	25	10
41039	4	75	1	10
41040	1	55	70	10
41040	2	99	300	2
41040	3	12	20	10
41040	4	10	40	10
41041	1	89	7	10
41041	2	44	30	10
41041	3	55	200	10
41041	4	99	2000	2
41041	5	12	40	10
41041	6	75	4	10
41041	7	10	600	11
41042	1	44	25	10
41042	2	55	170	10
41042	3	99	18	10
41042	4	12	45	10
41042	5	10	70	10
41043	1	44	6	10
41043	2	55	4	10
41044	1	55	100	10
41044	2	89	1	10
41044	4	44	6	10
41045	1	44	25	10
41045	2	89	1	10
41045	5	10	1	8
41045	6	102	20	7
41045	7	108	8	7
41045	8	10	5	7
41046	1	44	12	10
41046	2	89	2	10
41046	3	55	10	10
41046	4	99	100	11
41047	1	55	3	10
41047	2	44	5	10
41047	3	10	75	2
41048	1	89	2	10
41048	2	44	5	10
41048	3	75	4	10
41049	1	44	16	10
41049	2	55	100	10
41049	3	12	1	10
41049	4	89	2	10
41049	5	10	50	7
41050	1	55	25	10
41050	2	44	50	10
41050	3	89	5	10
41050	4	102	50	8
41052	1	44	20	10
41052	2	69	3	10
41052	3	108	3	10
41052	4	55	32	10
41052	5	12	9	10
41052	6	101	6	10
41052	7	99	8	10
41053	1	44	50	10
41053	2	55	80	10
41053	3	99	3	10
41053	4	101	5	10
41053	5	89	3	10
41053	6	75	3	10
41053	7	93	350	8
41053	8	108	500	8
41053	9	108	1000	8
41053	10	12	20	10
41053	11	102	50	8
41053	12	108	20	11
41053	13	10	200	8
41054	1	44	7	10
41054	2	55	10	10
41054	3	101	1	10
41054	4	98	12	8
41055	1	10	30	10
41055	2	44	5	10
41055	3	55	15	10
41055	4	50	1	10
41056	1	44	30	10
41059	1	55	100	10
41059	2	101	600	2
41059	3	99	250	2
41059	4	10	300	2
41060	1	44	5	10
41060	2	55	20	10
41060	3	10	25	10
41060	4	12	8	10
41061	1	44	7	10
41061	2	55	4	10
41061	3	101	2	10
41061	4	89	1	10
41063	1	55	150	10
41063	2	12	50	10
41063	3	10	50	10
41064	1	44	10	10
41064	2	108	2	10
41065	1	44	2	10
41065	2	75	3	10
41065	3	55	20	10
41065	4	102	-77	2
41065	5	50	-77	2
41065	6	10	-77	2
41065	7	93	-77	2
41066	1	44	10	10
41066	2	101	15	10
41066	3	55	130	10
41066	4	89	2	10
41067	1	17	15	10
41067	2	4	3600	8
41067	3	93	600	2
41067	4	51	100	10
41067	5	85	200	10
41067	6	108	50	10
41068	1	17	2	10
41068	4	44	3	10
41068	5	89	2	10
41068	6	99	1	10
41068	7	102	100	7
41068	8	85	2	10
41068	9	12	4	10
41068	10	6	2	3
41068	11	10	2	10
41069	1	17	100	2
41069	2	82	20	2
41070	1	44	45	10
41070	2	99	5	10
41070	3	75	5	10
41071	1	17	10	10
41071	2	4	100	11
41071	4	3	10	10
41071	5	44	2	10
41071	6	89	1	10
41071	7	50	15	2
41071	8	54	10	8
41072	1	44	7	10
41072	2	89	2	10
41072	3	108	5	10
41073	1	44	5	10
41073	2	89	5	10
41073	3	55	10	10
41073	4	56	1	10
41073	5	12	1	10
41073	6	102	2	10
41073	7	93	2	10
41073	8	101	3	10
41073	9	99	7	10
41074	1	55	1000	10
41074	2	44	20	10
41074	3	10	50	10
41074	4	12	50	10
41074	5	99	80	10
41075	1	44	12	10
41075	2	55	60	10
41076	1	44	20	10
41076	2	89	13	10
41076	3	55	4	10
41076	4	99	13	10
41076	5	5	1	10
41076	6	75	2	10
41076	7	12	6	10
41076	8	26	3	2
41076	9	50	2	10
41076	10	67	48	2
41076	11	10	1	10
41076	12	108	3	2
41076	13	108	3	2
41076	14	108	120	8
41077	1	44	13	10
41077	2	101	5	10
41077	3	82	1	10
41077	4	75	2	10
41077	5	89	2	3
41078	1	44	10	10
41078	2	55	20	10
41079	1	17	3	10
41079	2	85	4	10
41079	3	4	26	7
41079	4	10	1	10
41079	5	12	2	10
41079	6	50	2	10
41079	7	102	2	10
41080	1	55	28	10
41080	2	44	10	10
41080	3	89	4	10
41081	1	44	12	10
41081	2	55	70	10
41081	3	101	2	10
41081	4	10	3	8
41082	1	17	80	10
41082	2	4	48	11
41082	3	85	48	10
41082	4	89	17	10
41082	9	132	1	10
41082	10	93	4	11
41082	11	50	10	2
41082	12	108	80	2
41083	1	17	5	10
41083	2	4	12	7
41083	3	85	5	2
41083	4	10	5	2
41083	5	102	3	2
41083	6	12	3	2
41084	1	44	4	10
41084	2	89	1	10
41085	1	55	100	10
41085	2	99	425	2
41086	1	44	50	2
41086	2	89	25	2
41086	3	4	36	7
41086	4	17	60	2
41088	1	17	24	10
41088	2	44	4	10
41088	3	4	24	11
41088	4	85	1	10
41088	5	51	3	10
41088	6	3	3	2
41088	7	132	1	10
41088	8	10	5	10
41088	9	12	3	10
41089	1	55	30	10
41089	2	44	20	10
41089	3	89	4	10
41089	4	99	2	3
41090	1	17	20	10
41091	1	44	8	10
41091	2	55	6	10
41091	3	89	1	3
41092	1	17	10	10
41092	2	44	3	10
41092	3	89	3	10
41092	4	132	10	2
41092	5	3	8	2
41092	6	4	10	7
41093	1	17	10	10
41096	1	17	1000	2
41097	1	55	150	10
41098	1	44	10	10
41099	1	55	40	10
41099	2	44	10	10
41100	1	44	20	10
41100	2	89	6	10
41100	3	99	5	10
41101	1	17	200	2
41101	2	85	3	10
41101	3	4	10	11
51002	1	53	120	10
51002	2	44	1	10
51003	1	44	4	10
51004	1	53	680	10
51008	1	4	10	11
51008	2	3	2	10
51009	1	53	140	10
51009	2	85	180	10
51010	1	108	1000	8
51011	1	53	200	10
51011	2	44	2	10
51011	3	89	2	10
51011	4	4	35000	8
51011	5	132	1	10
51011	6	67	500	8
51011	7	51	3	10
51011	8	56	2	10
51011	9	85	6	10
51011	10	108	3	3
51012	1	17	30	10
51012	2	53	80	10
51012	3	85	4	10
51012	4	89	3	10
51012	5	44	2	10
51012	6	4	20000	8
51012	7	108	1	3
51013	1	53	200	10
51013	2	89	20	2
51013	3	44	50	10
51013	4	108	50	2
51013	5	108	1000	8
51013	6	4	150	11
51015	1	53	8000	2
51015	2	44	15	10
51016	1	85	10	10
51016	2	4	50	11
51016	3	93	70	8
51016	4	44	8	10
51016	5	3	100	2
51016	6	53	15	10
51016	7	17	2	10
51017	1	53	5000	2
51018	1	44	26	10
51018	2	53	60	10
51018	3	89	3	10
51018	4	10	10	2
51018	5	102	10	2
51018	6	17	3	10
51018	7	85	15	2
51018	8	4	60	7
51020	1	44	2	10
51021	1	53	3	4
51021	2	44	30	10
51021	3	4	300	7
51021	4	85	50	10
51022	1	17	6	10
51022	2	53	115	10
51022	3	85	5	10
51022	4	132	1	10
51022	5	67	20	8
51022	6	51	2	10
51022	7	3	0,5	10
51022	8	4	100	7
51023	1	85	1	3
51023	2	12	-77	10
51025	1	85	10	10
51025	2	44	4	10
51025	3	89	2	10
51026	1	17	4	10
51027	1	17	10	10
51027	2	4	500	8
51027	3	85	8	10
51027	4	44	10	10
51028	1	17	15	10
51028	2	4	12	11
51029	1	17	3	10
51030	1	44	2	10
51030	2	85	6	10
51030	3	69	5	10
51030	4	102	10	2
51030	5	12	4	2
51030	6	6	2	2
51030	7	10	2	2
51030	8	75	15	10
51031	1	17	3	10
51031	2	90	1	10
51031	3	44	5	10
51031	4	108	2	10
51031	5	85	2	10
51031	6	99	1	10
51031	7	89	1	10
51031	8	108	1	10
51031	9	3	2	10
51031	10	93	10	8
51031	11	51	200	8
51031	12	132	1	10
51031	13	56	15	8
51031	14	108	4	2
51031	15	4	20000	8
51033	1	44	1000	2
51033	2	89	30	2
51033	3	90	200	2
51033	4	4	300	11
51033	5	85	50	2
51033	6	10	15	8
51034	1	17	15	10
51034	2	85	2	10
51034	3	89	2	3
51034	4	4	35	7
51034	5	108	9	6
51035	1	17	20	10
51035	2	4	50	7
51036	1	44	10	10
51036	2	85	10	10
51036	3	4	10	7
51036	4	89	25	2
51037	1	85	35	10
51038	1	17	3	10
51038	2	90	2	10
51039	1	17	15	10
51039	2	4	20	7
51040	1	45	10	2
51040	2	85	2	10
51041	1	17	20	10
51041	2	85	-77	10
51041	3	4	-77	11
51041	4	44	-77	10
51042	1	17	30	10
51042	2	90	30	2
51044	1	4	500	11
51044	2	17	5	10
51045	1	89	3	3
51045	2	44	2	10
51045	3	17	1	10
51046	1	17	5	10
51049	1	17	30	10
51051	1	17	1000	2
51051	2	90	300	2
51051	3	44	500	2
51051	4	4	50	7
51056	1	17	1	10
51058	1	17	7	10
51058	2	4	5	11
51058	3	85	20	10
51058	4	44	1	10
51058	5	89	24	2
51058	6	3	50	8
51059	1	17	60	10
51060	1	44	10	10
51060	2	4	4	7
51060	3	85	1	10
51060	4	93	10	8
51061	1	44	20	10
51061	2	17	1	10
51061	3	50	5	2
51061	4	10	5	2
51061	5	108	4	2
51062	1	17	0	10
51062	2	85	1	10
51062	3	93	44	2
51062	4	4	20	7
51063	1	17	25	10
51063	2	53	160	10
51063	3	85	1	10
51063	4	108	20	11
51063	5	4	10	7
51068	1	17	6	10
51069	1	4	55	7
51071	1	17	3	10
51073	1	17	15	10
51075	1	44	3	10
51075	2	85	2	10
51076	1	44	10	2
51077	1	17	15	10
51077	2	93	360	8
51077	3	44	3	10
51077	4	85	5	10
51077	5	50	1	10
51077	6	89	1	10
51077	7	4	7880	8
51077	8	3	2	10
51077	9	12	1	10
51077	10	108	15	2
51077	11	108	10	2
51077	12	108	20	8
51078	1	85	30	10
51078	2	44	4	10
51078	3	4	50	7
51079	1	89	2	3
51079	2	44	1	10
51079	3	17	3	10
51079	4	69	3	3
51079	5	4	96	7
51080	1	17	15	10
51080	2	85	10	10
51080	3	4	72	7
51080	4	44	2	10
51081	1	17	2	10
51081	2	44	5	10
51081	3	85	10	10
51081	4	4	75	11
51081	5	10	20	2
51081	6	89	1	10
51082	1	17	2	10
51082	2	85	6	10
51082	3	4	10	11
51083	1	44	6	10
51083	2	17	2	2
51083	3	4	15	11
51083	4	85	4	10
51083	5	108	3	10
51083	6	89	20	2
51084	1	55	5	10
51084	2	99	3	10
51084	3	89	3	10
51084	4	50	2	10
51084	5	10	4	10
51084	6	12	2	10
51084	7	108	50	2
51084	8	44	5	10
51085	1	17	5	10
51085	2	4	1200	8
51085	3	85	6	10
51085	4	93	120	8
51086	1	55	19	10
51086	2	101	1	10
51086	3	44	5	10
51087	1	17	80	10
51087	2	44	3	10
51087	3	89	1	10
51087	4	4	100	11
51087	5	85	3	10
51087	6	55	0,5	10
51087	7	6	2	10
51087	8	69	5	10
51087	9	50	2	10
51087	10	10	400	8
51087	11	102	100	8
51087	12	92	5	10
51087	13	51	10	10
51087	14	93	500	8
51087	15	12	10	10
51087	16	108	10	10
51087	17	108	50	6
51088	1	17	5	10
51088	2	69	6	10
51088	3	51	1	2
51088	4	132	2	11
51088	5	83	10	5
51088	6	85	3	10
51088	7	108	3	10
51088	8	44	15	10
51089	1	17	30	10
51089	2	4	5	11
51089	3	85	2	10
51089	4	3	200	8
51090	1	4	50	7
51090	2	102	50	8
51090	3	108	80	8
51090	4	108	10	2
51090	5	108	500	8
51090	6	132	100	8
51090	7	85	50	10
51090	8	44	20	10
51091	1	17	8	10
51092	1	17	3	10
51092	2	102	30	8
51094	1	44	1800	2
51094	2	53	800	2
51094	3	4	15	7
51100	1	54	300	8
51101	1	17	32	10
51101	2	44	3	10
51101	3	89	1	10
51101	4	4	10	11
51102	1	17	30	10
51102	2	4	420	7
51102	3	85	-77	10
51102	4	44	-77	10
51104	1	44	1	10
51104	2	17	5	10
51104	3	102	120	7
51104	4	108	20	2
51104	5	4	100	7
61006	1	4	200	8
61010	1	132	100	10
61019	1	4	2	7
61021	1	3	100	8
61021	2	108	500	8
61021	3	108	10	8
61022	1	45	2000	8
61022	3	108	500	8
61029	1	45	50	2
61029	2	132	20	2
61046	1	16	50	10
61046	2	72	40	10
61046	3	108	40	10
61046	4	44	50	10
61046	5	4	-77	11
61048	1	44	25	10
61048	2	4	52	11
61048	3	17	60	10
61048	4	3	60	2
61048	5	51	60	2
61048	6	85	60	2
61048	7	89	60	2
61048	8	132	60	2
61048	9	45	70	2
61061	1	44	10	4
61061	2	4	100	7
61063	1	109	36	8
61074	1	17	40	10
61074	2	4	20	11
61074	3	89	100	2
61074	4	85	50	2
61075	1	4	600	7
61075	2	89	15	2
61075	3	32	50	2
61075	4	108	4	2
61075	5	85	8	2
61077	1	3	1	10
61077	2	109	1	10
61077	3	85	2	10
61077	4	132	2	3
61077	5	51	2	10
61077	6	45	2	10
61077	7	4	6000	8
61085	1	72	100	2
61085	2	4	3	11
61085	3	85	10	2
61085	4	51	30	2
61091	1	44	5	10
61091	2	93	3	11
61091	3	4	20	7
61103	1	44	0,5	4
61103	2	4	300	7
61103	3	85	1	10
61103	4	67	50	11
71022	1	44	2	10
71032	1	55	3	3
71032	2	75	4	3
71032	3	44	2	3
71032	4	99	15	2
71032	5	108	10	8
71057	1	44	2	3
71057	2	89	1	3
71057	3	99	1	3
71057	4	55	2	3
71057	5	83	800	6
71058	1	44	2	3
71061	1	108	4	3
71061	2	75	4	3
71061	3	5	4	3
71061	4	55	2	3
71061	5	96	2	3
71073	1	44	3	10
71086	1	44	3	3
71086	2	89	1	3
71086	3	108	1	3
71091	1	56	10	10
71098	1	50	25	2
71098	3	6	25	2
71098	4	108	25	2
71109	1	44	1	10
81062	1	44	8	10
81062	2	55	10	10
81062	3	5	5	10
81067	1	55	20	10
81067	2	44	10	10
81077	1	44	0	88
91001	1	75	8	3
91001	2	44	6	3
91001	3	101	6	3
91002	1	44	2	10
91003	1	44	30	2
91003	3	75	80	2
91003	4	99	30	2
91003	5	55	70	2
91004	1	44	72	2
91004	2	75	72	2
91004	3	5	80	2
91006	1	44	3	10
91006	2	75	3	10
91007	1	99	2	10
91007	2	5	3	10
91007	3	75	3	10
91007	4	44	3	10
91008	1	75	4	10
91008	2	44	4	10
91008	3	5	4	10
91008	4	99	4	10
91008	5	101	4	10
91008	6	108	2	6
91008	7	108	2	6
91008	8	102	15	8
91008	9	10	15	7
91008	10	6	10	7
91008	11	108	3	6
91009	1	55	15	10
91010	1	44	1	10
91011	1	99	2	3
91011	2	55	120	2
91011	3	44	120	2
91012	1	44	2	10
91012	2	75	2	10
91013	1	44	1	10
91013	2	101	1	3
91014	1	44	1	10
91014	2	75	1	10
91016	1	75	48	2
91018	2	99	144	2
91018	3	44	120	2
91018	4	83	450	2
91018	5	101	12	2
91020	1	44	3	10
91020	2	99	2	10
91020	3	5	4	10
91020	4	75	4	10
91020	5	101	2	10
91020	6	55	4	10
91022	1	99	1	3
91022	3	101	1	3
91022	4	75	70	2
91023	1	5	2	3
91023	2	75	2	3
91023	3	44	2	3
91023	4	50	2	6
91023	5	102	20	8
91024	1	75	2	10
91024	2	99	2	10
91024	3	44	1	10
91025	1	44	144	2
91025	2	99	54	2
91025	3	75	72	2
91025	4	101	18	2
91028	1	44	3	10
91028	2	55	1	3
91030	1	44	5	2
91030	2	6	3	2
91030	3	102	3	8
91030	4	10	3	8
91030	5	55	5	2
91033	1	44	1	10
91034	1	44	500	2
91035	2	108	23	11
91037	1	44	5	3
91037	2	75	6	3
91039	1	50	3	2
91039	2	108	3	2
91039	3	3	6	2
91039	4	108	20	2
91039	5	132	3	2
91039	6	89	3	3
91039	7	83	50	6
91039	8	44	6	3
91039	9	75	25	2
91039	10	99	18	2
91040	1	75	4	3
91040	2	5	4	3
91040	3	44	4	3
91040	4	55	150	2
91041	1	44	1	10
91041	2	75	1	10
91043	1	55	-77	77
91043	2	44	-77	77
91044	1	75	4	3
91045	1	44	500	2
91045	2	75	200	2
91045	3	55	200	2
91045	4	99	50	2
91045	5	83	50	6
91047	1	44	42	2
91047	2	75	225	2
91048	1	75	3	3
91048	2	44	2	10
91048	3	83	27	2
91049	1	44	150	2
91049	2	75	100	2
91049	3	55	100	2
91050	1	99	2	3
91050	2	75	2	10
91050	3	44	2	10
91050	4	83	3	6
91050	5	108	5	8
91051	1	44	4	10
91051	2	75	4	10
91051	3	55	6	10
91051	4	99	2	10
91051	5	5	1	10
91052	1	44	3	10
91052	2	75	1	10
91053	1	44	2	10
91053	2	75	4	10
91053	3	5	5	10
91053	4	99	24	2
91053	5	55	5	10
91053	6	83	20	10
91055	1	44	210	2
91055	2	75	70	2
91055	3	55	7	10
91055	4	84	5	11
91057	1	55	700	2
91057	2	44	420	11
91057	3	75	70	11
91058	1	44	4	10
91059	1	108	700	6
91059	2	84	5	6
91061	1	108	300	2
91061	2	83	15	10
91062	1	75	2	10
91062	2	83	20	6
91063	1	44	25	2
91063	2	75	12	2
91065	1	108	4000	2
91065	2	3	70	2
91065	3	44	360	2
91065	4	75	648	2
91066	1	44	13	10
91066	2	75	18	10
91067	1	44	80	2
91067	3	99	36	2
91068	1	44	6	10
91069	1	44	2	10
91069	2	83	20	6
91071	1	83	3	11
91072	1	44	3	4
91072	2	108	5000	2
91072	3	3	5000	2
91074	1	55	3	10
91074	2	44	4	10
91074	3	75	4	10
91074	4	5	4	10
91076	1	55	1440	2
91076	2	44	72	2
91077	1	75	1	10
91077	2	55	10	10
91078	1	55	5	10
91078	2	75	5	10
91078	3	5	1	10
91079	1	55	2	10
91080	1	55	3	10
91080	2	44	2	10
91081	1	75	36	2
91081	2	86	36	2
91081	3	96	60	2
91081	4	55	60	2
91083	1	44	4	10
91083	2	75	6	10
91083	3	55	6	10
91085	1	75	2	10
91085	2	5	216	2
91085	3	55	288	2
91086	1	75	5	10
91086	2	5	3	10
91086	3	55	4	10
91087	1	75	3	10
91087	2	55	560	2
91089	1	55	72	2
91089	2	44	60	2
91090	1	55	420	2
91090	2	75	210	2
91090	3	86	2	10
91090	4	96	2	10
91090	5	99	2	3
91091	1	55	62	2
91091	2	5	6	2
91091	3	75	12	2
91091	4	50	5	2
91091	5	86	50	10
91093	1	55	70	2
91093	2	75	1	10
91093	3	96	2	10
91093	4	108	15	8
91094	1	96	4	10
91094	2	75	11	10
91094	3	5	3	3
91094	4	86	3	3
91094	5	3	7	10
91095	1	75	180	2
91095	2	55	1	10
91095	3	96	36	2
91096	1	32	5	10
91096	2	86	3	3
91098	1	44	6	2
91098	2	86	25	2
91098	3	55	25	2
91098	4	75	1	10
91099	1	75	60	2
91099	2	55	40	2
91099	3	86	1	10
91099	4	5	1	10
91099	5	82	12	2
91100	1	96	80	2
91100	2	55	60	2
91100	3	75	30	2
91100	4	5	30	2
91101	1	75	50	2
91101	2	5	90	2
91101	3	99	24	2
91101	4	55	210	2
91101	5	86	60	2
91101	6	96	50	2
91102	1	55	5	10
91102	2	44	180	2
91102	3	75	2	10
91103	1	75	12	2
91103	2	96	70	2
91103	3	86	70	2
91103	4	55	70	2
91103	5	72	2	2
91103	6	12	3	2
91103	7	102	6	8
91103	8	6	6	8
91103	9	50	4	7
91103	10	5	2	10
91103	11	101	1	10
91103	12	99	1	10
91103	13	87	1	10
91103	14	82	1	10
91103	15	95	1	10
101032	1	5	3	10
101032	2	55	3	10
101051	1	55	7	10
101051	2	101	2	3
101051	3	75	4	3
101051	4	87	3	2
101055	1	75	1	3
101055	2	55	1	10
101062	1	99	1	3
101062	2	75	2	3
101062	3	5	2	3
101062	4	101	1	3
101062	5	55	2	3
101062	6	108	1	3
101065	1	75	2	10
101065	2	44	1	10
101070	1	75	2	10
101071	1	55	10	10
101071	2	96	5	10
101071	3	44	3	10
101071	4	5	3	10
101071	5	50	8	6
101071	6	102	20	8
101071	7	99	5	3
101071	8	101	4	3
101071	9	75	3	10
101078	1	44	3	10
101078	2	55	4	3
101078	3	102	60	8
101078	4	50	40	6
101088	1	75	2	10
101104	1	3	2	10
101104	2	75	2	3
111002	1	55	5	10
111002	2	44	3	10
111003	1	90	15	10
111003	2	4	7	10
111003	3	44	70	2
111003	4	32	100	2
111005	1	44	5	3
111005	2	75	60	2
111005	3	55	150	2
111005	4	82	2	3
111005	5	87	1	3
111005	6	5	2	3
111005	7	101	1	3
111005	8	99	1	3
111008	1	44	7	3
111008	2	5	5	3
111008	3	55	5	10
111010	1	55	5	10
111010	2	44	1	10
111010	3	99	4	10
111011	1	44	30	2
111011	2	55	150	2
111013	1	44	3	10
111013	2	5	1	10
111013	3	55	70	2
111013	4	75	60	2
111013	5	101	1	10
111014	2	83	36	6
111014	3	75	30	2
111017	1	55	240	2
111017	2	44	160	2
111017	3	101	160	2
111017	4	82	80	2
111020	1	55	5	10
111020	2	96	2	10
111020	3	95	1	10
111020	4	50	10	6
111020	6	10	12	8
111020	7	12	10	2
111020	8	6	5	6
111022	1	88	 	 
111024	1	55	2	10
111024	2	5	1	10
111024	3	101	2	10
111024	4	44	2	10
111025	1	55	480	2
111028	1	44	4000	2
111028	2	55	1500	2
111028	3	99	500	2
111028	4	87	200	2
111028	5	75	700	2
111030	1	55	20	10
111030	2	44	20	10
111030	3	101	1	10
111030	4	75	2	10
111033	1	96	1	10
111033	2	55	3	10
111033	3	87	50	2
111034	1	44	4	3
111034	2	75	2	3
111034	3	5	4	3
111034	4	101	0,5	3
111034	5	55	200	2
111035	1	55	8	10
111035	2	5	2	10
111035	3	101	1	10
111035	4	96	5	10
111037	1	4	3	11
111037	2	53	2	10
111037	3	85	300	2
111038	1	44	2	10
111038	2	101	1	10
111038	3	55	2	10
111038	4	75	1	10
111038	5	108	2	10
111039	1	55	800	2
111039	2	44	300	2
111039	3	5	48	2
111039	4	101	12	2
111041	1	17	500	2
111045	1	44	300	2
111045	2	5	240	2
111045	3	75	240	2
111045	4	96	3	10
111045	5	55	12	10
111047	1	17	700	2
111048	1	44	960	2
111048	2	75	252	2
111048	3	99	80	2
111048	4	55	3600	2
111048	5	101	160	2
111049	1	55	500	2
111049	2	5	200	2
111049	3	101	50	2
111050	1	5	2	10
111050	2	101	6	10
111050	3	55	15	10
111050	4	75	2	10
111050	5	89	2	10
111054	1	55	350	2
111054	2	87	12	2
111056	1	4	50	8
111056	2	93	80	8
111056	3	108	1	6
111059	1	55	2	10
111059	2	101	2	3
111059	3	96	10	2
111059	4	86	1	3
111061	1	5	1	10
111061	2	75	1	10
111061	3	55	5	10
111061	4	44	8	10
111061	5	96	4	10
111061	6	101	2	3
111061	7	99	1	10
111063	1	55	8	10
111063	2	44	4	10
111063	3	75	9	3
111063	4	99	4	3
111063	5	101	10	3
111063	6	89	3	3
111063	7	108	4	3
111065	1	44	420	2
111065	2	55	840	2
111066	2	55	800	2
111066	3	5	80	2
111066	4	75	2	3
111067	1	44	24	2
111069	1	55	6	10
111069	2	75	4	3
111069	3	5	1	10
111069	4	101	4	3
111074	1	44	5	10
111074	2	75	1	10
111074	3	55	10	10
111074	4	86	3	10
111074	5	96	2	10
111076	1	44	150	2
111076	2	75	25	2
111076	3	101	2	3
111077	1	55	2	10
111077	2	44	2	10
111077	3	101	2	10
111077	4	5	12	2
111077	5	12	5	2
111079	1	55	13	10
111079	2	96	10	10
111079	3	86	10	10
111081	1	55	-77	79
111081	2	99	-77	79
111081	3	86	-77	79
111081	4	79	-77	79
111085	1	55	8	10
111085	2	101	3	3
111086	1	55	7	10
111086	2	96	7	10
111086	3	87	2	3
111089	1	55	5	10
111089	2	101	1	3
111089	3	87	1	3
111089	4	44	2	3
111089	5	12	10	2
111089	6	10	10	7
111090	1	44	2	10
111090	2	55	4	10
111090	3	5	1	10
111091	1	55	8	10
111091	2	75	1	10
111092	1	55	1600	2
111092	2	75	48	2
111092	3	101	24	2
111092	4	44	240	2
111093	1	55	4	10
111093	2	87	2	10
111093	3	86	2	10
111093	4	101	2	10
111094	1	55	60	10
111094	2	101	1	3
111094	3	87	30	2
111094	4	86	2	10
111094	5	5	2	10
111095	1	55	400	2
111097	1	55	300	2
111097	2	99	20	2
111097	3	75	20	2
111097	4	44	40	2
111098	1	55	5	10
111098	2	101	1	10
111098	3	87	2	10
111099	1	55	7	10
111099	2	44	3	10
111099	3	96	1	10
111099	4	86	1	10
111100	1	44	300	2
111100	2	75	120	2
111100	3	5	160	2
111100	4	55	500	2
111100	5	96	30	2
111101	1	44	5	10
111102	1	101	80	2
111102	2	12	600	2
121043	1	55	5	10
121046	1	88	 	 
121055	1	16	2	2
121055	2	72	4	2
121055	3	108	1	2
121055	4	81	2	2
121055	5	89	3	2
131004	1	88	 	 
131009	1	88	 	 
131048	1	88	 	 
131067	1	92	1	2
131068	1	88	 	 
131072	1	88	 	 
141069	1	88	 	 
141094	1	44	20	10
141094	2	89	4	10
141094	3	4	2000	8
141094	4	108	2	10
141094	5	3	2	10
141094	6	45	5	10
141094	7	67	40000	8
141101	1	88	 	 
151001	1	51	9000	2
151001	2	90	500	2
151006	1	90	150	2
151006	2	4	15	2
151006	3	72	760	2
151009	1	51	60000	8
151010	1	53	500	2
151010	2	4	100	2
151010	3	51	18500	8
151011	1	17	1050	2
151011	2	53	1400	2
151011	3	82	100	11
151014	1	4	1200	7
151014	2	85	3600	2
151016	1	17	20	10
151016	2	53	8	10
151019	1	17	20	10
151019	2	90	10	10
151019	3	4	38	7
151023	1	90	6	10
151023	2	4	30	7
151024	1	17	210	2
151026	1	17	8	10
151029	1	90	20	2
151030	1	51	45000	8
151030	2	90	125	2
151030	3	85	250	2
151032	1	85	3000	2
151033	1	4	300	2
151034	1	44	150	10
151034	2	51	1550	11
151034	3	85	20	10
151035	1	4	3600	2
151035	2	17	200	2
151035	3	85	300	2
151036	1	90	100	2
151036	2	4	4	7
151038	1	90	240	2
151038	2	17	72	10
151038	3	53	138	10
151040	1	51	142	2
151040	2	90	50	2
151040	3	85	10	2
151040	4	4	240	2
151040	5	53	50	2
151041	1	90	2	4
151041	2	4	10	2
151041	3	51	100	8
151042	1	90	80	2
151042	2	51	5500	8
151043	1	90	900	2
151043	2	51	80000	8
151043	3	85	800	3
151043	4	44	1000	2
151045	1	4	500	2
151045	2	90	500	2
151046	1	44	3	2
151046	2	17	7	2
151046	3	4	960	7
151047	1	90	180	2
151047	2	85	70	2
151047	3	4	15	7
151048	1	4	4800	2
151048	2	90	3000	2
151050	1	17	1750	2
151050	2	108	120	2
151050	3	44	8	10
151051	1	4	2	7
151051	2	89	5	2
151061	1	90	80	2
151063	1	90	150	2
151063	2	4	600	2
151064	1	90	60	2
151064	2	51	3000	8
151067	1	90	6	10
151067	2	4	480	7
151067	3	85	15	10
151067	4	93	30	2
151070	1	17	20	10
151072	1	17	7	10
151074	1	90	1000	2
151074	2	51	3000	2
151074	3	85	1200	2
151074	4	4	900	2
151077	1	4	3000	2
151082	1	4	100	7
151082	2	17	1050	2
151082	3	44	350	2
151082	4	85	6	3
151083	1	85	1000	3
151086	1	92	10	2
151086	2	69	10	3
151086	3	4	500	8
151087	1	4	300	2
151087	2	90	250	2
151087	3	53	30	2
151088	1	90	350	2
151088	2	53	4	2
151088	3	4	15	2
151088	4	51	5	11
151089	1	90	50	2
151089	2	4	144	7
151089	3	85	2	10
151091	1	51	60	4
151091	2	90	560	2
151091	4	4	20	7
151092	1	90	200	2
151092	2	51	180	11
151092	3	4	96	7
151092	4	85	10	3
151094	1	17	50	10
151096	1	90	1000	2
151096	2	53	400	2
151096	3	89	50	2
151096	4	4	100	2
151096	5	51	100	2
151096	6	85	5	3
151097	1	85	46	10
151097	2	93	50	2
151097	3	51	900	2
151099	1	90	500	2
151099	2	85	50	2
151099	3	4	30	7
151100	1	44	5	10
151100	2	17	8400	2
151100	3	4	720	7
151101	1	90	200	2
151101	2	85	40	3
151101	3	53	4	10
151101	4	4	30	7
151101	5	82	20	2
151103	1	90	150	2
151103	2	51	3800	2
151103	3	85	100	3
151104	1	90	400	2
151104	2	51	30	2
151104	3	4	90	2
151105	1	90	1000	2
151105	2	85	500	3
151105	3	4	200	2
151106	1	85	2	10
151106	2	44	5	10
151106	3	53	2	10
151106	4	89	10	2
151106	5	4	20	7
151107	1	4	1200	2
151107	2	90	720	2
151108	1	85	0	77
151108	2	17	0	77
151109	1	4	80	2
151110	1	4	7200	2
151110	2	85	1100	2
151110	3	17	1250	2
151110	4	132	30	2
151111	1	90	6	10
151111	2	17	5	10
151111	3	85	5	10
151112	1	4	1260	2
151112	2	85	35	3
151112	3	108	50	2
151112	4	124	10	2
151112	5	44	200	2
151112	6	69	10	2
151112	8	124	10	2
151112	9	67	10	8
161001	1	44	270	2
161001	2	101	1	3
161001	3	99	1	3
161002	1	44	2	10
161002	2	55	4	10
161002	3	5	1	10
161002	4	75	1	10
161002	5	83	5	11
161003	1	55	1500	2
161003	2	44	10	10
161004	1	55	6000	2
161004	2	44	3200	2
161004	3	101	40	10
161005	1	88	 	 
161006	1	55	6000	2
161006	2	44	50	10
161006	3	101	40	10
161006	4	99	30	10
161006	5	86	30	10
161007	1	5	2	10
161007	2	55	8	10
161007	3	44	3	10
161007	4	101	1	10
161007	5	96	2	10
161007	6	86	2	10
161010	1	55	3250	2
161010	2	44	10	10
161010	3	75	2	10
161010	4	99	2	10
161010	5	101	2	10
161010	6	5	2	10
161010	7	12	20	2
161010	8	6	10	2
161010	9	10	60	7
161011	1	44	2	10
161012	1	55	300	2
161012	2	44	70	2
161013	1	5	100	2
161013	2	75	1	10
161013	3	95	20	2
161013	4	86	10	2
161013	5	99	5	2
161013	6	55	6	10
161013	7	96	1	10
161013	8	44	200	2
161015	1	55	130	10
161015	2	101	5	10
161015	3	86	5	10
161015	4	75	10	10
161015	5	5	15	10
161015	6	96	2	10
161016	1	79	-79	79
161017	1	55	700	2
161017	2	44	2	10
161017	3	75	1	10
161018	1	55	500	2
161018	2	44	100	2
161019	1	55	50	10
161019	2	96	5	3
161019	3	44	20	10
161019	4	101	1	10
161019	5	75	2	10
161019	6	5	5	10
161019	7	86	1	10
161021	1	55	1000	2
161022	1	55	8000	2
161022	2	5	320	2
161022	3	75	160	2
161022	4	101	40	2
161022	5	99	0,5	3
161023	1	55	2000	2
161023	2	5	400	2
161023	3	75	100	2
161023	4	44	300	2
161023	5	99	150	2
161024	1	55	2000	2
161024	2	75	500	2
161024	3	5	500	2
161024	4	99	500	2
161024	5	101	20	2
161025	1	55	400	2
161025	2	5	320	2
161026	1	55	600	2
161026	2	101	3	3
161026	3	86	3	3
161026	4	99	25	2
161027	1	55	1500	2
161027	2	75	300	2
161027	3	5	100	2
161027	4	99	1	3
161027	5	87	0,5	3
161028	1	55	1600	2
161028	2	5	160	2
161028	3	95	160	2
161029	1	55	3000	2
161029	2	75	600	2
161029	3	5	800	2
161029	4	87	500	2
161029	5	101	200	2
161029	6	99	200	2
161029	7	96	300	2
161029	8	95	300	2
161030	1	5	160	2
161030	2	55	400	2
161030	3	75	-77	3
161030	4	101	-77	2
161030	5	44	1	3
161032	1	55	6000	2
161032	2	44	50	10
161032	3	44	50	10
161032	4	86	1500	2
161033	1	44	10	10
161035	1	44	240	2
161035	2	55	1440	2
161035	3	12	3	3
161035	4	102	20	7
161035	5	10	50	7
161035	6	99	2	3
161035	7	101	2	10
161036	1	44	5	10
161036	2	101	30	2
161036	3	55	10	9
161037	1	44	1000	2
161037	2	55	600	2
161037	3	75	150	2
161037	4	5	200	2
161037	5	101	300	2
161038	1	5	8	3
161038	2	55	10	3
161038	3	44	5	3
161038	4	75	4	3
161038	5	99	1	3
161039	2	44	5	10
161039	3	101	3	3
161041	1	55	3600	2
161041	2	99	1800	2
161041	3	75	500	2
161041	4	5	500	2
161041	5	87	160	2
161041	6	86	1000	2
161041	7	26	1000	6
161041	8	16	1	3
161041	9	50	1000	6
161041	10	102	1000	8
161041	11	101	500	2
161041	12	56	10	8
161041	13	12	6000	2
161041	14	6	50	8
161041	15	44	1500	2
161041	16	10	50	8
161042	1	55	3000	2
161042	2	44	30	10
161042	3	101	20	10
161042	4	50	15	10
161045	1	44	6	10
161045	2	55	2250	2
161045	3	75	3	10
161045	4	101	70	2
161045	5	99	2	3
161045	6	12	300	2
161045	7	5	240	2
161045	8	10	20	7
161045	9	82	250	2
161045	10	102	10	7
161045	11	96	2	3
161045	12	86	1	3
161045	13	87	2	3
161046	1	102	5	7
161046	2	6	2	6
161046	3	95	2	10
161046	4	55	1	4
161046	5	5	3	10
161046	6	44	4	10
161046	7	101	1	10
161046	8	12	1	3
161046	9	99	2	3
161046	10	50	2	2
161046	11	82	2	10
161046	12	10	10	7
161046	13	86	1	10
161046	14	96	1	10
161047	1	101	80	2
161047	2	5	50	2
161047	3	75	40	2
161047	4	44	1	10
161047	5	55	200	2
161050	1	44	4	3
161050	2	101	2	3
161050	3	55	4	10
161052	1	55	8	10
161052	2	5	1	10
161052	3	75	2	10
161052	4	87	30	2
161052	5	101	2	10
161052	6	99	2	10
161052	7	44	2	10
161052	8	108	10	2
161052	9	108	20	2
161052	10	108	100	7
161053	1	55	100	2
161053	3	101	10	2
161053	5	5	100	2
161053	6	12	20	2
161053	7	102	500	7
161053	9	10	500	7
161053	10	26	100	2
161053	11	49	1	10
161053	12	50	400	2
161054	1	55	800	2
161054	2	44	500	2
161054	3	49	300	2
161055	1	101	100	2
161055	2	44	200	2
161055	3	55	800	2
161055	4	5	400	2
161055	5	86	80	2
161055	6	99	50	2
161055	7	83	2100	2
161056	1	44	30	10
161056	2	99	0,5	10
161056	3	101	0,5	10
161056	4	55	400	2
161056	5	5	40	2
161057	1	55	3000	2
161057	2	44	1	10
161057	3	99	80	2
161057	4	101	1	10
161058	1	55	200	2
161058	2	5	80	2
161058	3	44	50	2
161059	1	44	2	10
161059	2	101	2	3
161059	3	5	3	10
161061	1	44	200	2
161061	2	101	50	2
161061	3	55	500	2
161062	1	55	300	2
161062	2	5	300	2
161062	3	75	1	10
161062	4	87	1	10
161062	5	101	1	10
161062	6	44	100	2
161063	1	55	6000	2
161063	2	44	40	10
161063	3	75	25	10
161063	4	101	25	10
161063	5	99	25	10
161064	1	99	6	2
161064	2	5	250	2
161064	3	101	150	2
161064	4	55	1	10
161064	5	96	200	2
161064	6	75	200	2
161064	7	44	250	2
161064	8	86	100	2
161064	9	95	150	2
161067	1	5	3	10
161067	2	101	1	10
161068	1	55	2000	2
161068	2	5	700	2
161068	3	101	300	2
161068	4	44	50	2
161068	5	99	30	2
161068	6	75	30	2
161069	1	99	12	2
161069	2	5	5	10
161069	3	75	50	2
161069	4	101	2	10
161069	5	96	3	10
161069	6	87	20	2
161069	7	86	3	10
161069	8	95	2	10
161071	1	55	6	10
161071	2	5	6	10
161071	3	86	1	10
161071	4	101	10	2
161072	1	55	10000	2
161072	2	44	6000	2
161072	3	99	60	10
161072	4	101	40	10
161073	1	108	5	2
161073	2	55	8	10
161073	3	5	4	10
161073	4	44	2	10
161073	5	75	1	10
161073	6	101	1	10
161073	7	99	2	3
161073	8	86	1	10
161073	9	95	2	10
161073	10	96	1	10
161074	1	88	 	 
161076	1	55	300	2
161076	2	5	300	2
161076	3	96	400	2
161077	1	55	80	10
161077	2	5	5	10
161077	3	96	6	10
161077	4	86	2	10
161079	1	5	3	10
161079	2	101	1	10
161079	3	96	1	10
161079	4	87	1	10
161079	5	86	2	10
161079	6	55	1500	2
161080	1	55	2000	2
161080	2	5	1000	2
161080	3	101	1000	2
161080	4	95	100	2
161080	5	87	100	2
161080	6	99	100	2
161081	1	55	10	10
161081	2	86	50	2
161081	3	96	8	10
161081	4	95	50	2
161081	5	5	100	2
161081	6	12	15	2
161081	7	108	30	7
161082	1	55	400	10
161082	2	96	3	10
161082	3	86	3	10
161082	4	95	3	10
161082	5	99	2	10
161083	1	55	5000	2
161083	2	49	500	2
161083	3	83	3	11
161083	4	5	500	2
161083	5	101	200	2
161084	1	55	1500	2
161084	2	99	3	3
161084	3	101	5	3
161084	4	5	4	10
161084	5	102	20	7
161084	6	44	4	10
161084	7	86	4	3
161084	8	96	3	3
161085	1	99	5	3
161085	2	55	2000	2
161085	3	5	7	3
161085	4	101	4	10
161085	5	44	3	3
161085	6	87	4	3
161085	7	86	6	10
161085	8	86	5	3
161085	9	102	15	7
161085	10	10	10	7
161086	1	55	600	2
161086	2	5	3	10
161086	3	75	1	3
161087	1	5	420	2
161087	2	55	1000	2
161087	3	44	2	3
161087	4	101	2	3
161087	5	75	1,5	3
161089	1	55	30	10
161089	2	5	4	10
161089	3	101	1	10
161089	4	75	1	10
161089	5	96	1	10
161090	1	55	2000	2
161090	2	99	100	2
161090	3	87	50	2
161090	4	101	100	2
161091	1	55	8000	2
161091	2	5	60	10
161091	3	44	4200	2
161091	4	101	80	10
161091	5	86	80	10
161091	6	96	50	10
161092	1	5	1500	2
161092	2	75	2	10
161092	3	101	3	10
161092	4	55	20	10
161092	5	86	2	10
161092	6	12	12	2
161092	7	50	50	2
161092	8	10	20	7
161092	9	102	30	7
161093	1	55	500	2
161093	2	5	10	10
161093	3	101	50	2
161093	4	95	100	2
161093	5	86	2	3
161093	6	96	500	2
161094	1	55	1800	2
161094	2	87	7	10
161094	3	86	6	3
161094	4	101	4	3
161094	5	99	7	3
161094	6	50	1	3
161094	7	12	4	3
161095	1	55	1000	2
161095	2	101	400	2
161095	3	75	200	2
161095	4	5	400	2
161095	5	87	310	2
161095	6	99	1000	2
161095	7	102	50	8
161095	8	50	50	2
161095	9	66	30	2
161095	10	108	30	2
161096	1	55	160	10
161096	2	101	4	10
161096	3	5	12	10
161096	4	86	6	10
161096	5	75	3	10
161097	1	55	600	2
161097	2	44	4	10
161097	3	5	8	10
161097	4	101	4	10
161097	5	99	1	10
161097	6	75	2	10
161097	7	50	2	3
161097	8	87	1	10
161097	9	82	350	2
161097	10	6	20	6
161097	11	12	3	3
161097	12	108	4	11
161097	13	10	60	7
161097	14	49	3	4
161097	15	95	6	3
161097	16	96	4	3
161097	17	86	5	3
161097	18	83	3	4
161097	19	102	20	7
161098	1	55	1000	2
161098	2	5	300	2
161098	3	75	100	2
161098	4	83	60	11
161098	5	87	100	2
161098	6	101	200	2
161098	7	99	50	2
161099	1	55	30000	2
161099	2	86	80	10
161100	1	55	8000	2
161100	2	44	25	10
161100	3	75	12	10
161100	4	5	10	10
161101	1	55	500	2
161101	2	50	4	3
161101	3	101	1	3
161101	4	75	2	3
161101	5	49	2	3
161102	1	55	600	2
161102	2	5	100	2
161102	3	49	50	2
161102	4	101	50	2
161103	1	55	10	10
161103	2	101	1	10
161103	3	5	3	3
161103	4	99	15	2
161103	5	87	12	2
161105	1	55	30	10
161105	2	75	5	10
161105	3	101	2	10
161105	4	86	3	10
161106	1	55	800	2
161106	2	75	360	2
161106	3	101	140	2
161106	4	5	6	10
161107	1	55	5	10
161107	2	44	5	10
161107	3	101	4	10
161108	1	55	-79	79
161108	2	44	-79	79
171001	1	5	5	10
171001	2	55	6	10
171001	3	101	4	10
171002	1	44	200	2
171002	2	5	200	2
171004	1	55	100	2
171007	1	44	2	10
171007	2	55	1	10
171007	3	101	30	2
171010	1	5	10	3
171010	2	44	5	3
171010	3	101	1	3
171011	1	5	2	10
171011	2	101	2	10
171011	3	55	4	10
171011	4	44	3	10
171014	1	44	50	2
171014	2	75	50	2
171014	3	101	10	2
171015	1	55	400	2
171015	2	5	100	2
171019	1	55	50	10
171019	2	44	5	10
171019	3	75	4	10
171019	4	5	4	10
171019	5	86	2	3
171019	6	101	3	3
171019	7	99	2	3
171019	8	50	10	2
171026	1	44	2	3
171026	2	55	2	3
171026	3	101	23	2
171027	1	75	8	3
171027	2	101	3	3
171027	3	5	5	3
171027	4	44	4	3
171028	1	55	1000	2
171028	2	44	200	2
171028	3	5	300	2
171028	4	75	300	2
171028	5	87	20	2
171028	6	101	20	3
171030	1	44	120	2
171030	2	5	300	2
171030	3	55	120	2
171030	4	75	90	2
171030	5	101	2	3
171031	1	75	100	2
171031	2	55	200	2
171035	1	55	10	3
171035	2	86	2	3
171035	3	5	5	3
171035	4	12	20	8
171035	5	102	20	8
171035	6	50	20	8
171036	1	5	20	3
171036	2	44	5	3
171036	3	101	4	3
171036	4	75	5	3
171036	5	55	20	3
171036	6	86	2	3
171036	7	96	2	3
171036	8	95	8	3
171038	1	101	4	10
171038	2	55	200	2
171038	3	5	8	10
171038	4	86	1	10
171041	1	44	4	10
171041	2	75	2	10
171041	3	5	2	10
171041	4	101	1	10
171041	5	87	6	2
171042	1	55	200	2
171042	2	44	5	10
171042	3	101	20	2
171042	4	75	2	10
171043	1	44	150	2
171043	2	75	150	2
171043	3	5	150	2
171043	4	87	2	3
171043	5	101	2	3
171043	6	55	75	2
171044	1	75	2	10
171044	2	5	2	10
171044	3	101	1	10
171044	4	55	3	10
171045	1	5	100	2
171045	2	55	100	2
171045	3	99	50	2
171046	1	101	1	10
171046	2	44	1	10
171046	3	5	1	10
171046	4	75	1	10
171046	5	55	2	10
171046	6	86	1	10
171046	7	50	1	3
171047	1	55	500	2
171047	2	75	300	2
171047	3	5	300	2
171050	1	75	2	3
171050	2	55	2	3
171053	1	5	10	10
171053	2	75	10	10
171053	3	101	60	2
171053	4	55	20	3
171054	1	44	5	10
171054	2	5	5	10
171054	3	75	5	10
171054	4	87	5	10
171054	5	108	2	2
171054	6	50	1	10
171054	7	12	1	10
171054	8	10	10	7
171054	9	102	10	7
171054	10	66	15	6
171055	1	75	50	2
171056	1	5	4	10
171056	2	75	3	10
171056	3	101	4	3
171058	1	44	5	3
171058	2	75	5	3
171058	3	55	5	3
171058	4	5	5	3
171059	1	101	1	10
171059	2	55	3	10
171059	3	44	3	10
171059	4	75	3	10
171059	5	5	3	10
171059	6	50	10	10
171059	7	12	10	10
171059	8	102	50	7
171059	9	26	3	2
171060	1	55	4	3
171060	2	5	2	10
171060	3	75	2	10
171060	4	12	10	2
171060	5	50	10	6
171060	6	26	1	2
171061	1	44	4	3
171061	2	75	3	3
171061	3	5	3	3
171061	4	101	4	3
171062	1	75	100	2
171062	2	5	200	2
171062	3	55	200	2
171062	4	44	200	2
171062	5	86	50	2
171062	6	101	100	2
171062	7	95	100	2
171064	1	44	100	2
171064	2	5	200	2
171064	3	75	200	2
171064	4	101	50	2
171064	5	12	55	2
171064	6	6	55	2
171064	7	102	350	7
171064	8	50	55	2
171064	9	26	20	2
171065	1	5	30	2
171065	2	75	20	2
171065	3	83	11	2
171067	1	5	500	2
171068	1	5	200	2
171068	2	75	200	2
171068	3	101	50	2
171068	4	44	50	2
171068	5	55	150	2
171069	1	5	3	10
171069	2	75	4	10
171069	3	101	3	10
171070	1	44	200	2
171071	1	5	10	10
171071	2	75	15	3
171072	1	75	60	2
171072	2	5	60	2
171072	3	44	30	2
171072	4	101	30	2
171072	5	55	50	2
171073	1	75	3	3
171073	2	5	3	3
171073	3	55	5	3
171074	1	75	3	10
171074	2	5	3	10
171074	3	44	2	10
171074	4	55	6	10
171074	5	101	3	10
171075	1	44	100	2
171075	2	55	300	2
171075	3	5	3	10
171076	1	75	420	2
171076	2	5	480	2
171076	3	44	6	10
171077	1	101	3	10
171077	2	5	4	10
171077	3	44	6	10
171077	4	75	5	10
171077	5	55	15	3
171077	6	96	3	10
171077	7	86	2	10
171077	8	50	4	3
171077	9	102	16	7
171077	10	93	14	8
171077	11	92	30	2
171077	12	108	10	2
171077	13	10	25	7
171077	14	12	2	10
171081	1	44	10	10
171081	2	55	20	10
171081	3	87	15	2
171081	4	5	2	3
171083	1	55	10	3
171083	2	101	7	3
171083	3	44	10	3
171083	4	87	5	2
171083	5	96	5	3
171083	6	95	5	3
171083	7	75	10	3
171083	8	5	10	3
171084	1	44	6	10
171084	2	75	12	3
171084	3	5	12	3
171085	1	44	20	10
171085	2	55	10	10
171085	3	101	5	10
171086	1	44	8	3
171086	2	96	6	2
171086	3	87	1	2
171088	1	44	3	3
171088	2	5	3	3
171088	3	75	5	3
171088	4	12	3	3
171088	5	55	6	3
171089	1	44	3	3
171089	2	55	3	3
171089	3	101	3	3
171090	1	50	5	2
171090	2	102	20	7
171091	1	44	8	3
171091	2	101	2	3
171092	1	44	1	10
171092	2	101	1	3
171092	3	55	2	3
171092	4	5	1	10
171094	1	5	6	3
171094	3	101	4	3
171095	1	75	250	2
171095	2	101	200	2
171095	3	5	250	2
171098	1	96	4	10
171098	2	75	3	10
171098	3	101	3	10
171098	4	55	8	10
171098	5	44	4	10
171098	6	86	1	10
171099	1	5	10	3
171099	2	55	3	3
171099	3	101	2	3
171099	4	44	3	3
171099	5	75	10	3
171100	1	44	4	3
171100	2	101	1	3
171100	3	87	10	2
171103	1	75	5	10
171103	2	5	7	3
171103	3	96	3	10
171103	4	55	8	10
171103	5	44	7	3
171103	6	86	5	3
171103	7	50	3	3
171103	8	12	2	3
171103	9	102	15	7
171103	10	10	12	7
171103	11	6	8	6
171103	12	108	6	6
171104	1	5	20	3
171104	2	44	20	3
171104	3	55	20	3
171104	4	101	150	2
171105	1	44	2	10
181001	1	17	3	10
181001	2	4	1000	2
181002	1	44	15	10
181002	2	101	5	10
181002	3	55	6000	2
181002	4	86	4	10
181002	5	96	600	2
181002	6	5	5	10
181002	7	83	2	11
181003	1	88	 	 
181004	1	44	3000	2
181004	2	55	16500	2
181004	3	101	300	2
181004	4	87	230	2
181004	5	108	120	2
181004	6	5	5	10
181004	7	96	320	2
181004	8	86	1200	2
181004	9	95	3	10
181004	10	50	100	2
181004	11	26	2	3
181004	12	12	9	10
181005	1	55	30	10
181005	2	44	5	10
181005	3	101	2	10
181005	4	5	5	10
181005	5	86	10	10
181005	6	96	2	10
181005	7	95	1	10
181006	1	55	800	2
181006	2	101	200	2
181006	3	75	2	3
181006	4	87	1	3
181007	1	55	96	3
181007	2	44	20	10
181008	1	44	5	10
181008	2	101	3	10
181008	3	87	1	3
181009	1	55	20	10
181009	2	101	100	2
181009	3	5	200	2
181009	4	44	1000	2
181009	5	86	3000	2
181009	6	96	3	10
181010	1	44	4	10
181010	2	55	6	10
181010	3	101	4	10
181011	1	55	1000	2
181011	2	5	300	2
181011	3	101	200	2
181011	4	44	200	2
181011	5	50	5	2
181011	6	102	3	2
181012	1	101	100	2
181012	2	86	200	2
181012	3	44	250	2
181012	4	5	100	2
181012	5	55	400	2
181013	1	5	5	3
181013	2	44	8	3
181013	3	55	40	10
181013	4	86	3	10
181013	5	96	6	10
181014	1	55	1600	2
181014	2	44	5	10
181014	3	96	4	10
181014	4	101	3	10
181014	5	5	2	10
181014	6	75	3	10
181015	1	44	240	2
181015	2	55	400	2
181015	3	5	2	10
181015	4	101	5	3
181016	1	55	1500	2
181016	2	44	240	2
181016	3	101	240	2
181016	4	87	2	3
181016	5	50	10	7
181017	1	99	1	3
181017	2	5	1	10
181017	3	101	1	10
181017	4	95	1	10
181017	5	96	2	10
181017	6	44	3	10
181017	7	55	7	10
181018	1	101	5	10
181018	2	87	3	10
181018	3	44	10	10
181018	4	55	4500	2
181018	5	5	6	10
181018	6	86	3	10
181018	8	96	2	10
181018	11	44	10	10
181018	12	101	5	10
181018	13	87	2	10
181019	1	55	35	10
181019	2	44	10	10
181019	3	101	1	10
181019	4	99	1	10
181019	6	96	1	10
181020	1	44	4	10
181020	2	5	3	10
181020	3	87	2	3
181020	4	55	5	10
181022	1	55	300	2
181022	2	96	2	10
181022	3	44	3	10
181022	4	5	2	10
181022	5	86	2	10
181022	6	50	4	3
181022	7	102	50	7
181022	8	10	50	7
181022	9	26	3	2
181023	1	44	2	10
181023	2	101	2	10
181023	3	55	2	10
181023	4	5	3	10
181024	1	55	4200	2
181024	2	5	18	3
181024	3	101	80	2
181024	4	44	25	10
181024	5	96	4	3
181024	6	87	3	3
181024	7	50	30	6
181024	8	26	5	2
181029	1	55	5000	2
181029	2	44	1000	2
181029	3	101	5	10
181029	4	5	8	10
181030	1	83	250	2
181030	2	44	5	10
181030	3	5	2	10
181030	4	75	2	10
181030	5	87	3	2
181030	6	50	4	2
181030	7	102	50	7
181031	1	44	3	10
181031	2	50	20	7
181031	3	102	30	7
181031	4	6	5	7
181032	1	55	15	10
181032	2	5	4	10
181032	3	44	3	10
181032	4	101	2	10
181032	5	87	3	3
181032	6	86	2	10
181033	1	55	10000	2
181033	2	5	10	10
181033	3	44	3	10
181033	4	101	6	3
181033	5	86	3	10
181034	1	86	2000	2
181034	2	55	1000	2
181034	3	44	300	2
181034	4	50	10	2
181034	5	102	6	2
181036	1	55	30	10
181036	2	44	5	10
181036	3	101	2	10
181036	4	5	2	10
181036	5	86	5	10
181037	1	101	3	10
181037	2	5	5	10
181037	3	44	3	10
181037	4	55	40	10
181037	5	86	5	10
181037	6	95	2	10
181037	7	96	1,5	10
181038	1	55	600	2
181038	2	44	200	2
181038	3	5	200	2
181038	4	102	10	2
181038	5	50	10	2
181039	1	55	10	10
181039	2	5	4	10
181039	3	87	4	3
181039	4	101	2	10
181039	5	44	2	10
181039	6	86	3	10
181040	1	55	4000	2
181040	2	44	2400	2
181040	3	101	400	2
181040	4	86	2400	2
181041	1	44	10	3
181041	2	55	12	10
181041	3	5	12	3
181042	1	55	3000	2
181042	2	83	5	11
181042	3	44	630	2
181042	4	5	400	2
181042	5	75	600	2
181042	6	87	30	2
181042	7	50	40	2
181043	1	55	20	10
181043	2	44	3	10
181043	3	101	2	10
181043	4	86	3	10
181043	5	95	1	10
181043	6	50	1	2
181043	7	87	1	3
181043	8	5	5	10
181044	1	55	50	10
181044	2	5	3	10
181044	3	101	5	10
181044	4	86	10	10
181044	5	87	2	3
181045	1	55	15000	2
181045	2	5	1400	2
181045	3	49	2100	2
181045	4	86	300	2
181045	5	96	360	2
181045	6	101	3	10
181046	1	55	4000	2
181046	2	96	1500	2
181046	3	86	1500	2
181046	4	101	2500	2
181047	1	55	7200	2
181047	2	5	180	2
181047	3	86	240	2
181047	4	96	3	10
181047	5	12	5	2
181047	6	50	5	2
181047	7	26	2	2
181047	8	101	4	10
181047	9	87	12	2
181048	1	55	5000	2
181048	2	86	5	10
181048	3	101	2	10
181048	4	5	2	10
181048	5	95	5	10
181048	6	96	3	10
181048	7	50	3	3
181048	8	12	10	8
181048	9	102	5	8
181049	1	55	4000	2
181049	2	44	360	2
181049	3	50	1	3
181050	1	55	1800	2
181050	2	5	600	2
181050	3	44	1000	2
181050	4	101	4	10
181050	5	87	20	2
181050	6	108	20	2
181050	7	50	20	2
181050	8	108	20	7
181051	1	44	90	2
181051	2	5	40	2
181051	3	55	4000	2
181051	4	101	20	2
181051	5	96	20	2
181051	6	95	1	3
181051	7	86	20	2
181052	1	55	9000	2
181052	2	5	1125	2
181052	3	75	240	2
181052	4	44	6	10
181052	5	87	2	3
181052	6	101	240	2
181052	7	86	210	2
181052	8	95	140	2
181053	1	55	80	3
181053	2	75	80	3
181053	3	5	80	3
181053	4	101	80	3
181054	1	55	6000	2
181054	2	101	800	2
181054	3	44	20	10
181054	4	75	900	2
181055	1	55	3500	2
181055	2	44	200	2
181055	3	101	100	2
181055	4	5	100	2
181055	5	86	200	2
181056	1	55	400	3
181056	2	44	80	3
181056	3	101	64	3
181056	4	87	8	3
181056	5	99	40	3
181057	1	5	60	3
181057	2	44	60	3
181057	3	96	60	3
181057	4	101	100	2
181057	5	99	50	3
181057	6	55	4500	2
181057	7	87	4	3
181058	1	55	1680	2
181058	2	49	2450	2
181058	3	5	700	2
181058	4	86	210	2
181058	5	96	210	2
181058	6	102	10	2
181058	7	10	10	2
181058	8	50	10	2
181059	1	44	3	10
181059	2	55	1000	2
181059	3	101	1	10
181059	4	75	5	10
181059	5	87	1	10
181059	6	26	2	2
181059	7	99	10	2
181059	8	6	4	6
181059	9	12	5	2
181059	10	5	3	10
181059	11	50	5	2
181059	12	10	10	7
181059	13	84	2	11
181059	14	102	15	7
181059	15	95	1	10
181059	16	96	2	10
181059	17	86	1	10
181060	1	55	6000	2
181060	2	101	6	3
181060	3	5	3	10
181060	4	44	5	10
181060	5	86	1	10
181060	6	95	2	10
181060	7	99	2	3
181061	1	55	5	10
181061	2	44	1	10
181061	3	101	1	10
181062	1	44	3	10
181063	1	44	200	2
181063	2	101	200	2
181063	3	55	200	2
181063	4	5	100	2
181065	3	44	3	10
181065	4	55	50	10
181065	5	101	8	10
181065	6	50	3	2
181065	7	102	20	7
181065	8	95	1	10
181065	9	96	3	10
181065	10	87	10	2
181066	1	55	29	10
181067	1	89	50	3
181067	2	17	14	10
181067	3	44	2	10
181067	4	10	350	8
181067	5	50	350	8
181067	6	54	300	8
181067	7	93	300	8
181068	1	55	3600	2
181068	2	44	8	10
181068	3	5	4	10
181068	4	75	4	10
181068	5	101	2	10
181068	6	50	4	2
181068	7	102	40	7
181068	8	26	2	2
181068	9	6	10	6
181068	10	10	15	7
181068	11	95	2	10
181068	12	96	4	10
181068	13	86	3	10
181068	14	96	2	10
181068	15	82	15	10
181069	1	44	5	10
181069	2	55	30	10
181069	3	87	2	10
181070	1	44	2	10
181070	2	101	1	10
181070	3	55	6	10
181072	1	44	640	2
181072	2	55	1800	2
181072	3	101	900	2
181072	4	16	5	2
181072	5	26	6	2
181072	6	50	25	2
181072	7	98	15	7
181072	8	99	12	2
181072	9	6	24	2
181072	10	5	8	10
181072	11	82	50	2
181072	12	12	2	10
181072	13	84	50	6
181072	14	10	20	7
181072	15	102	40	7
181072	16	95	10	10
181072	17	86	8	10
181072	18	96	10	10
181072	19	75	6	10
181072	20	108	5	6
181073	1	55	110	3
181073	2	44	7	10
181073	3	101	1	10
181073	4	87	11	3
181073	5	50	22	3
181073	6	102	10	7
181074	1	55	0,5	4
181074	2	101	0,5	4
181074	3	44	500	2
181074	4	50	30	3
181075	1	55	10	10
181075	2	83	100	11
181075	3	44	2	10
181075	4	50	1	10
181075	5	5	3	3
181076	1	55	8050	2
181076	2	44	10	10
181076	3	101	2000	2
181076	4	86	45	10
181076	5	75	500	2
181076	6	96	20	10
181076	7	50	1	10
181077	1	55	72	10
181077	2	86	30	10
181077	3	96	10	10
181078	1	95	5	10
181078	2	101	10	3
181078	3	44	7	10
181078	4	55	15	10
181078	5	86	5	3
181078	6	87	8	3
181080	1	55	20	10
181080	2	75	8	3
181081	1	55	1600	2
181082	1	55	5000	2
181082	2	87	5	10
181082	3	96	20	10
181082	4	86	10	10
181082	5	101	30	10
181082	6	5	15	10
181082	7	26	5	2
181082	8	99	5	3
181082	9	49	10	10
181082	10	82	20	10
181082	11	6	5	6
181082	12	3	50	7
181082	13	50	3	3
181082	14	102	20	7
181082	15	44	20	10
181083	1	55	50	10
181083	2	101	3	10
181083	3	44	2	10
181083	4	96	2	10
181083	5	86	2	10
181084	1	55	5000	2
181084	2	101	2500	2
181084	3	5	20	10
181084	4	86	30	10
181084	5	50	4000	2
181084	6	102	1000	7
181084	7	96	30	10
181086	1	55	3000	2
181086	2	44	1500	2
181086	3	101	300	2
181086	4	87	100	2
181086	5	50	30	2
181086	6	102	60	7
181087	1	55	100	10
181087	2	44	10	10
181087	3	101	8	10
181087	4	5	9	10
181088	1	55	5400	2
181088	2	44	6	10
181088	3	101	10	10
181088	4	5	6	10
181089	1	55	2000	2
181089	2	75	7	3
181089	3	5	5	3
181089	4	44	4	10
181089	5	96	2	10
181089	6	101	3	10
181089	7	5	3	3
181089	8	102	30	7
181089	9	108	30	8
181090	1	5	3	10
181090	2	101	10	10
181090	3	44	2	10
181090	4	95	3	10
181090	5	96	3	10
181090	6	55	45	10
181091	1	55	3500	2
181091	2	101	1500	2
181091	3	44	1000	2
181092	1	55	1400	2
181092	2	44	280	2
181092	3	5	210	2
181092	4	101	420	2
181092	5	50	10	2
181092	6	102	8	2
181092	7	12	7	2
181093	1	55	1000	2
181093	2	44	3	10
181093	3	101	1	10
181094	1	55	800	2
181094	2	101	80	2
181094	3	44	160	2
181094	4	83	5	11
181095	1	101	2	10
181095	2	55	10	10
181096	1	55	80	10
181096	2	101	12	10
181097	1	44	300	2
181097	2	55	4000	2
181097	3	101	10	10
181097	4	50	10	2
181097	5	102	10	2
181098	1	44	300	2
181098	2	101	200	2
181098	3	55	320	2
181098	4	87	12	2
181098	5	5	100	2
181098	6	75	50	2
181098	7	50	15	2
181099	1	55	4800	2
181099	2	101	2000	2
181099	3	44	2000	2
181099	4	86	1000	2
181099	5	96	1000	2
181100	1	44	5	3
181100	2	55	15000	2
181100	3	5	120	2
181100	4	101	8	3
181100	5	26	6	2
181100	6	50	80	2
181100	7	87	5	2
181101	1	44	1440	2
181101	2	75	175	2
181101	3	86	1050	2
181101	4	95	700	2
181101	5	5	240	2
181101	6	87	120	2
181101	7	55	1840	2
181101	8	101	3	3
181102	1	5	1200	2
181102	2	44	400	2
181102	3	55	6400	2
181102	4	101	1050	2
181102	5	50	100	7
181104	1	44	500	2
181104	2	101	500	2
181104	3	55	2000	2
181104	4	5	300	2
181104	5	87	80	2
181104	6	50	10	7
181105	1	55	1200	2
181105	2	44	8	10
181105	3	101	2	10
181105	4	99	3	3
181105	5	75	1	10
181105	6	50	2	3
181105	7	6	6	2
181105	8	102	20	7
191006	1	53	-77	10
191013	1	44	25	10
191031	1	88	 	 
191032	1	89	12000	2
191032	2	53	14000	2
191035	1	83	10	6
191035	2	55	20	10
191035	3	69	4	10
191035	4	44	6	10
191037	1	88	 	 
191055	1	53	12	10
191058	1	53	13000	2
191059	1	55	300	2
191059	2	44	200	2
191059	3	5	130	2
191059	4	101	80	2
191059	5	87	3	2
191059	6	86	60	2
191065	1	53	20000	2
191065	2	89	5000	2
191072	1	53	-77	77
191072	2	89	-77	77
191081	1	55	10	10
191081	2	101	4	10
191081	3	5	3	10
191088	1	89	320	2
191088	2	53	27	10
191089	1	53	35	10
191089	2	89	5	10
201004	1	55	15	10
201004	2	87	1	10
201004	3	101	2	3
201005	1	55	2	10
201011	1	55	10	3
201012	1	55	10	10
201012	2	49	12	10
201012	3	101	1	10
201012	4	87	0,5	10
201015	1	55	10	10
201015	2	87	1	10
201018	1	55	20	3
201018	2	101	3	3
201018	3	5	3	3
201018	4	49	4	11
201021	1	55	4	10
201021	2	50	10	3
201021	3	86	6	3
201023	1	55	60	3
201023	2	86	10	3
201023	3	87	5	3
201027	1	55	30	3
201027	2	87	10	3
201038	1	88	 	 
201042	1	51	30000	2
201042	2	108	40	3
201042	3	17	15	11
201043	1	17	20	10
201043	2	51	10000	8
201043	3	4	1000	11
201043	4	85	100	2
201043	5	44	100	2
201045	1	55	50	10
201045	2	101	10	10
201052	1	55	20	3
201057	1	49	100	11
201057	2	55	20	11
201057	3	5	2	11
201066	1	83	100	6
201069	1	55	20	10
201072	1	55	2	10
201078	1	55	100	2
201080	1	55	10	3
201083	1	17	8	11
201083	2	51	2000	8
201083	3	108	3000	8
201085	1	88	 	 
201090	1	55	150	2
201090	2	87	6	2
201099	1	55	5	10
201099	2	101	2	10
201099	3	5	0,5	10
