FORMNO	CHILDID	LOANID	LOANYEAR	LOANWHO	LOANAMNT	LOANWHY	LOANPAID	LOANYNOP	LOANRSID
R2INDX	ET010001	1	1996	6	2000	10	1	88	16
R2INDX	ET010001	2	1998	8	3000	2	0	11	16
R2INDX	ET010002	1	1999	8	300	2	1	88	2
R2INDX	ET010004	1	1998	6	2000	3	0	11	2
R2INDX	ET010005	1	1998	6	60	17	0	12	2
R2INDX	ET010005	2	1998	5	800	10	0	12	1
R2INDX	ET010009	1	1995	8	20000	8	0	12	1
R2INDX	ET010011	1	1997	5	500	6	0	11	1
R2INDX	ET010012	1	1994	6	100	2	0	12	2
R2INDX	ET010014	1	1998	7	2000	3	1	88	4
R2INDX	ET010014	2	1999	7	500	10	0	11	4
R2INDX	ET010017	1	1998	8	1000	7	0	3	2
R2INDX	ET010017	2	1999	8	200	7	0	11	2
R2INDX	ET010020	1	1995	2	1000	3	1	88	4
R2INDX	ET010022	1	1998	8	100	13	1	88	3
R2INDX	ET010023	1	1994	6	150	19	0	11	1
R2INDX	ET010024	1	1999	6	200	15	1	88	4
R2INDX	ET010025	1	1994	8	300	2	0	11	2
R2INDX	ET010025	2	1994	5	200	16	1	88	2
R2INDX	ET010028	1	1998	7	3000	4	0	8	2
R2INDX	ET010029	1	1998	7	2000	5	1	88	2
R2INDX	ET010031	1	1997	8	260	2	1	88	80
R2INDX	ET010031	2	1998	8	500	2	0	9	80
R2INDX	ET010032	1	1999	8	200	4	0	11	3
R2INDX	ET010035	1	1997	7	1700	19	1	88	2
R2INDX	ET010036	1	1999	8	100	2	0	11	2
R2INDX	ET010037	1	1996	5	600	2	1	88	2
R2INDX	ET010037	2	1997	5	400	2	1	88	2
R2INDX	ET010037	3	1998	5	500	7	1	88	2
R2INDX	ET010038	1	1998	6	60	8	0	11	2
R2INDX	ET010038	2	1997	8	300	2	1	88	2
R2INDX	ET010040	1	1999	8	300	2	0	11	1
R2INDX	ET010041	1	1998	8	1000	3	0	12	2
R2INDX	ET010041	2	1998	5	500	3	1	88	2
R2INDX	ET010042	1	1999	8	600	7	0	8	2
R2INDX	ET010044	1	1998	8	1050	7	0	12	2
R2INDX	ET010045	1	1998	8	100	2	0	12	3
R2INDX	ET010045	2	1999	8	100	2	0	12	3
R2INDX	ET010046	1	1996	8	1000	2	1	88	1
R2INDX	ET010046	2	1997	8	800	2	1	88	1
R2INDX	ET010046	3	1998	8	500	2	0	8	1
R2INDX	ET010046	4	1999	8	300	2	0	11	2
R2INDX	ET010050	1	1996	7	2000	3	0	8	1
R2INDX	ET010051	1	1999	6	400	10	0	11	1
R2INDX	ET010052	1	1994	5	2000	8	1	88	1
R2INDX	ET010052	2	1997	5	3000	10	1	88	1
R2INDX	ET010052	3	1999	5	14000	10	0	11	1
R2INDX	ET010053	1	1998	6	250	2	0	11	7
R2INDX	ET010054	1	1999	7	2000	19	0	11	2
R2INDX	ET010055	1	1996	8	4000	3	1	88	1
R2INDX	ET010057	1	1996	7	1400	3	0	11	1
R2INDX	ET010058	1	1998	7	2000	3	0	8	2
R2INDX	ET010059	1	1997	8	100	19	1	88	1
R2INDX	ET010062	1	1996	8	3000	19	0	12	2
R2INDX	ET010063	1	1996	8	1500	2	0	6	8
R2INDX	ET010063	2	1997	8	1000	8	0	6	8
R2INDX	ET010063	3	1998	8	1000	2	0	6	8
R2INDX	ET010063	4	1999	8	800	2	0	6	8
R2INDX	ET010064	1	1998	5	100	2	0	11	1
R2INDX	ET010064	2	1997	8	100	16	0	11	1
R2INDX	ET010065	1	1995	6	10000	3	0	11	1
R2INDX	ET010066	1	1995	6	500	6	0	11	2
R2INDX	ET010066	2	1998	8	300	6	0	11	2
R2INDX	ET010067	1	1997	5	1000	19	0	11	2
R2INDX	ET010069	1	1997	6	160	19	1	88	9
R2INDX	ET010069	2	1999	6	60	19	0	11	9
R2INDX	ET010071	1	1996	8	300	2	0	12	3
R2INDX	ET010071	2	1997	8	200	6	1	88	2
R2INDX	ET010071	3	1999	8	700	3	0	11	2
R2INDX	ET010072	1	1999	6	100	15	1	88	3
R2INDX	ET010073	1	1998	6	30	6	1	88	2
R2INDX	ET010074	1	1999	6	50	2	0	11	9
R2INDX	ET010075	1	1999	5	270	17	0	11	2
R2INDX	ET010076	1	1994	7	1900	19	1	88	2
R2INDX	ET010080	1	1998	8	50	7	0	12	3
R2INDX	ET010081	1	1998	5	500	19	0	11	2
R2INDX	ET010082	1	1996	5	1200	17	1	88	1
R2INDX	ET010082	2	1999	5	1000	2	0	11	1
R2INDX	ET010082	3	1999	5	81	18	0	12	1
R2INDX	ET010083	1	1997	5	3000	13	0	11	2
R2INDX	ET010083	2	1998	7	2700	3	0	11	3
R2INDX	ET010083	3	1998	5	300	18	0	12	1
R2INDX	ET010084	1	1997	5	450	4	1	88	3
R2INDX	ET010084	2	1997	8	200	2	1	88	1
R2INDX	ET010086	1	1998	5	1900	19	1	88	1
R2INDX	ET010087	1	1999	6	150	2	1	88	2
R2INDX	ET010088	1	1999	5	100	15	1	88	16
R2INDX	ET010091	1	1998	6	5500	8	0	11	1
R2INDX	ET010091	2	1998	6	8500	8	1	88	1
R2INDX	ET010092	1	1998	8	500	2	0	11	3
R2INDX	ET010092	2	1994	5	150	15	1	88	6
R2INDX	ET010093	1	1995	5	2000	4	1	88	2
R2INDX	ET010093	2	1997	5	2000	4	0	6	2
R2INDX	ET010094	1	1998	8	300	7	0	12	2
R2INDX	ET010095	1	1994	6	1550	18	0	12	2
R2INDX	ET010096	1	1999	5	1000	13	0	11	1
R2INDX	ET010098	1	1997	8	250	7	1	88	2
R2INDX	ET010099	1	1996	8	400	2	1	88	1
R2INDX	ET010100	1	1998	8	5000	10	0	11	3
R2INDX	ET020005	1	1995	6	200	7	1	88	1
R2INDX	ET020005	2	1998	8	100	2	0	12	1
R2INDX	ET020013	1	1998	7	1500	1	0	12	2
R2INDX	ET020014	1	1998	4	30	10	1	88	2
R2INDX	ET020017	1	1999	6	300	19	0	11	1
R2INDX	ET020017	2	1998	6	500	19	1	88	1
R2INDX	ET020017	3	1996	5	1500	8	1	88	1
R2INDX	ET020018	1	1995	7	1000	19	1	88	2
R2INDX	ET020019	1	1998	7	1000	10	1	88	2
R2INDX	ET020021	1	1995	6	500	7	0	8	1
R2INDX	ET020022	1	1999	4	1000	2	0	11	1
R2INDX	ET020023	1	1998	5	450	2	0	11	2
R2INDX	ET020025	1	1994	5	163	16	1	88	1
R2INDX	ET020025	2	1995	4	200	16	1	88	1
R2INDX	ET020025	3	1998	4	4850	10	0	9	1
R2INDX	ET020027	1	1999	3	500	2	0	11	2
R2INDX	ET020029	1	1996	2	200	10	1	88	1
R2INDX	ET020030	1	1995	7	700	12	1	88	2
R2INDX	ET020033	1	1997	4	70	2	1	88	1
R2INDX	ET020033	2	1999	4	50	5	1	88	1
R2INDX	ET020033	3	1999	4	100	5	0	11	1
R2INDX	ET020036	1	1998	8	500	7	0	12	1
R2INDX	ET020037	1	1997	7	2000	4	1	88	1
R2INDX	ET020037	2	1998	7	4000	8	0	8	1
R2INDX	ET020038	1	1994	5	50	2	1	88	3
R2INDX	ET020038	2	1995	5	50	2	1	88	3
R2INDX	ET020038	3	1996	5	50	2	1	88	3
R2INDX	ET020038	4	1997	5	50	2	1	88	3
R2INDX	ET020038	5	1998	5	50	2	1	88	3
R2INDX	ET020038	6	1999	8	200	2	0	11	3
R2INDX	ET020038	7	1997	5	100	2	1	88	4
R2INDX	ET020038	8	1998	5	200	2	0	8	4
R2INDX	ET020042	1	1995	7	2000	2	0	11	2
R2INDX	ET020046	1	1998	8	150	2	1	88	1
R2INDX	ET020048	1	1998	2	4000	13	0	8	2
R2INDX	ET020049	1	1997	4	1000	19	0	11	2
R2INDX	ET020049	2	1998	4	700	19	1	88	2
R2INDX	ET020051	1	1999	7	2000	13	0	11	3
R2INDX	ET020053	1	1999	8	15	2	1	88	1
R2INDX	ET020054	1	1999	8	200	2	1	88	1
R2INDX	ET020054	2	1999	8	150	2	0	12	1
R2INDX	ET020055	1	1997	5	800	4	1	88	1
R2INDX	ET020056	1	1997	8	100	7	1	88	1
R2INDX	ET020057	1	1998	8	600	7	0	12	2
R2INDX	ET020060	1	1998	5	2500	19	0	8	1
R2INDX	ET020061	1	1999	8	300	2	0	12	2
R2INDX	ET020062	1	1997	2	300	15	0	8	1
R2INDX	ET020065	1	1999	7	1000	4	0	8	2
R2INDX	ET020071	1	1994	2	289	15	1	88	1
R2INDX	ET020071	2	1998	2	289	15	0	12	1
R2INDX	ET020072	1	1996	2	300	8	1	88	1
R2INDX	ET020076	1	1994	5	1800	14	1	88	5
R2INDX	ET020076	2	1997	2	350	1	0	2	5
R2INDX	ET020076	3	1998	7	1000	4	1	88	6
R2INDX	ET020076	4	1999	7	1500	4	0	8	6
R2INDX	ET020077	1	1995	1	700	2	0	1	1
R2INDX	ET020080	1	1997	8	150	7	1	88	2
R2INDX	ET020082	1	1997	7	400	8	1	88	1
R2INDX	ET020085	1	1998	6	100	2	0	12	1
R2INDX	ET020088	1	1994	6	200	16	1	88	1
R2INDX	ET020088	2	1995	6	200	16	1	88	1
R2INDX	ET020088	3	1996	6	300	16	1	88	1
R2INDX	ET020088	4	1997	6	300	16	1	88	1
R2INDX	ET020088	5	1998	6	380	16	1	88	1
R2INDX	ET020091	1	1998	4	5000	8	1	88	1
R2INDX	ET020092	1	1996	7	1000	19	1	88	1
R2INDX	ET020092	2	1997	7	1000	19	1	88	1
R2INDX	ET020092	3	1998	7	1500	8	0	11	1
R2INDX	ET020094	1	1998	6	1400	2	0	12	1
R2INDX	ET020096	1	1998	5	800	4	1	88	1
R2INDX	ET020099	1	1996	7	1500	19	1	88	2
R2INDX	ET030002	1	1998	6	350	2	0	12	1
R2INDX	ET030002	2	1999	6	300	15	1	88	1
R2INDX	ET030003	1	1999	4	900	10	0	11	2
R2INDX	ET030004	1	1999	8	600	10	0	12	2
R2INDX	ET030011	1	1994	4	1000	19	1	88	1
R2INDX	ET030011	2	1998	4	1000	19	1	88	1
R2INDX	ET030012	1	1997	6	500	3	0	6	2
R2INDX	ET030012	2	1999	6	300	3	0	9	2
R2INDX	ET030014	1	1999	8	170	15	1	88	1
R2INDX	ET030015	1	1999	2	500	13	0	12	2
R2INDX	ET030019	1	1997	4	8000	16	0	11	2
R2INDX	ET030021	1	1998	6	150	13	0	11	1
R2INDX	ET030023	1	1995	5	4000	13	1	88	1
R2INDX	ET030023	2	1997	5	700	4	1	88	1
R2INDX	ET030023	3	1998	8	500	4	1	88	1
R2INDX	ET030023	4	1999	5	3400	13	0	11	1
R2INDX	ET030024	1	1995	2	6000	8	1	88	1
R2INDX	ET030029	1	1995	4	300	13	1	88	2
R2INDX	ET030029	2	1999	4	350	13	1	88	2
R2INDX	ET030035	1	1997	6	60	19	0	6	5
R2INDX	ET030037	1	1997	7	2000	19	0	11	2
R2INDX	ET030038	1	1998	8	400	3	0	11	2
R2INDX	ET030041	1	1998	7	500	19	1	88	2
R2INDX	ET030043	1	1997	7	1700	19	0	11	1
R2INDX	ET030043	2	1997	7	4000	18	1	88	2
R2INDX	ET030044	1	1997	7	1000	5	0	11	2
R2INDX	ET030048	1	1997	5	840	2	1	88	2
R2INDX	ET030048	2	1998	5	840	2	0	11	2
R2INDX	ET030054	1	1996	7	1000	19	1	88	1
R2INDX	ET030056	1	1999	8	500	6	0	12	3
R2INDX	ET030057	1	1998	6	100	15	0	12	2
R2INDX	ET030060	1	1998	7	6000	8	0	8	2
R2INDX	ET030061	1	1995	4	500	13	1	88	1
R2INDX	ET030062	1	1998	4	300	13	0	11	6
R2INDX	ET030065	1	1996	8	400	2	0	12	1
R2INDX	ET030078	1	1996	8	400	2	0	12	5
R2INDX	ET030081	1	1998	6	500	2	0	11	3
R2INDX	ET030081	2	1999	8	500	15	0	11	3
R2INDX	ET030082	1	1993	7	1900	2	0	6	2
R2INDX	ET030087	1	1993	7	500	19	0	6	2
R2INDX	ET030089	1	1995	7	475	4	1	88	2
R2INDX	ET030089	2	1998	6	500	4	0	9	2
R2INDX	ET030093	1	1998	8	6000	19	0	6	1
R2INDX	ET030094	1	1998	6	1000	3	0	8	2
R2INDX	ET030098	1	1996	8	1000	13	1	88	1
R2INDX	ET040001	1	1998	8	720	8	0	11	1
R2INDX	ET040004	1	1998	5	200000	3	0	8	3
R2INDX	ET040005	1	1998	7	5000	19	1	88	2
R2INDX	ET040009	1	1998	7	1000	5	1	88	1
R2INDX	ET040009	2	1999	7	1000	5	0	8	1
R2INDX	ET040012	1	1998	4	100	19	0	11	2
R2INDX	ET040013	1	1999	6	120	10	0	11	2
R2INDX	ET040014	1	1995	7	500	1	1	88	1
R2INDX	ET040014	2	1996	7	1000	1	1	88	1
R2INDX	ET040014	3	1997	1	1500	1	1	88	1
R2INDX	ET040014	4	1998	7	1200	1	0	6	2
R2INDX	ET040018	1	1994	7	4000	19	1	88	1
R2INDX	ET040018	2	1995	7	6000	19	1	88	1
R2INDX	ET040018	3	1996	7	5000	19	1	88	2
R2INDX	ET040018	4	1997	7	4000	19	1	88	1
R2INDX	ET040020	1	1995	8	200	2	0	11	1
R2INDX	ET040020	2	1996	8	200	2	0	11	1
R2INDX	ET040020	3	1997	8	100	2	0	11	2
R2INDX	ET040021	1	1995	7	300	19	1	88	1
R2INDX	ET040021	2	1996	7	300	19	1	88	1
R2INDX	ET040021	3	1997	7	300	19	1	88	1
R2INDX	ET040021	4	1998	7	300	19	0	6	1
R2INDX	ET040022	1	1997	7	2000	10	1	88	1
R2INDX	ET040023	1	1996	7	5000	8	0	11	1
R2INDX	ET040023	2	1997	7	5000	8	0	11	2
R2INDX	ET040027	1	1996	7	1000	1	1	88	2
R2INDX	ET040027	2	1998	7	1000	1	0	8	2
R2INDX	ET040029	1	1995	7	2000	8	1	88	2
R2INDX	ET040029	2	1997	8	2000	8	1	88	1
R2INDX	ET040031	1	1997	7	5000	3	1	88	1
R2INDX	ET040032	1	1996	7	500	4	1	88	2
R2INDX	ET040032	2	1997	7	1000	4	1	88	2
R2INDX	ET040035	1	1996	7	2000	8	1	88	1
R2INDX	ET040035	2	1997	7	1500	8	1	88	1
R2INDX	ET040035	3	1998	7	1000	2	0	11	1
R2INDX	ET040037	1	1997	6	1000	10	0	8	1
R2INDX	ET040039	1	1996	7	1000	19	1	88	1
R2INDX	ET040039	2	1997	7	3000	19	1	88	1
R2INDX	ET040039	3	1998	7	1000	19	0	6	1
R2INDX	ET040043	1	1996	7	900	16	1	88	1
R2INDX	ET040043	2	1997	7	1000	16	1	88	1
R2INDX	ET040043	3	1997	8	500	6	1	88	2
R2INDX	ET040046	1	1998	4	2000	10	0	11	1
R2INDX	ET040047	1	1998	6	200	7	0	11	1
R2INDX	ET040051	1	1993	7	5000	3	1	88	1
R2INDX	ET040051	2	1994	7	5000	3	1	88	1
R2INDX	ET040051	3	1995	7	5000	3	1	88	1
R2INDX	ET040051	4	1996	7	5000	3	1	88	1
R2INDX	ET040051	5	1997	7	5000	3	1	88	1
R2INDX	ET040051	6	1998	6	25000	3	1	88	1
R2INDX	ET040051	7	1999	7	5000	3	0	11	1
R2INDX	ET040053	1	1994	7	2000	19	1	88	1
R2INDX	ET040054	1	1996	7	2000	19	1	88	2
R2INDX	ET040054	2	1998	7	4000	19	0	8	2
R2INDX	ET040055	1	1998	7	1500	7	0	8	1
R2INDX	ET040055	2	1998	6	400	7	1	88	1
R2INDX	ET040058	1	1997	4	500	2	1	88	3
R2INDX	ET040059	1	1998	7	1000	2	1	88	1
R2INDX	ET040059	2	1999	7	500	16	0	11	1
R2INDX	ET040064	1	1998	4	5000	2	0	6	1
R2INDX	ET040067	1	1999	4	150	2	0	6	1
R2INDX	ET040072	1	1998	4	400	10	1	88	1
R2INDX	ET040073	1	1998	8	100	4	0	6	1
R2INDX	ET040073	2	1999	8	100	4	0	6	1
R2INDX	ET040074	1	1999	7	600	1	0	8	80
R2INDX	ET040077	1	1998	7	7000	8	0	8	2
R2INDX	ET040078	1	1995	3	2000	4	1	88	2
R2INDX	ET040078	2	1996	3	1500	4	1	88	2
R2INDX	ET040078	3	1997	3	1000	4	1	88	2
R2INDX	ET040078	4	1998	3	2000	4	1	88	2
R2INDX	ET040081	1	1998	4	1000	2	0	11	1
R2INDX	ET040083	1	1998	7	7000	8	0	8	1
R2INDX	ET040084	1	1998	5	1080	14	0	11	1
R2INDX	ET040086	1	1997	7	1420	13	1	88	4
R2INDX	ET040087	1	1998	8	1000	10	0	11	1
R2INDX	ET040087	2	1995	8	1300	8	1	88	1
R2INDX	ET040089	1	1998	8	200	1	0	11	2
R2INDX	ET040089	2	1998	8	1100	14	0	11	1
R2INDX	ET040090	1	1997	7	1500	1	1	88	1
R2INDX	ET040091	1	1993	7	700	2	1	88	1
R2INDX	ET040091	2	1997	7	1000	13	0	8	1
R2INDX	ET040092	1	1998	6	400	11	0	11	3
R2INDX	ET040097	1	1998	7	700	19	0	6	2
R2INDX	ET040098	1	1994	5	1000	10	1	88	1
R2INDX	ET040098	2	1996	5	1200	10	0	11	1
R2INDX	ET050001	1	1998	7	1500	14	0	8	1
R2INDX	ET050004	1	1997	7	1050	1	0	8	1
R2INDX	ET050006	1	1997	77	800	1	0	8	1
R2INDX	ET050007	1	1997	7	810	1	1	88	1
R2INDX	ET050007	2	1998	8	100	2	1	88	1
R2INDX	ET050008	1	1995	8	100	4	1	88	1
R2INDX	ET050008	2	1996	8	38	4	1	88	1
R2INDX	ET050009	1	1996	7	600	19	1	88	1
R2INDX	ET050010	1	1998	7	900	1	0	8	1
R2INDX	ET050011	1	1997	6	1000	1	0	8	1
R2INDX	ET050014	1	1998	77	1000	2	0	8	1
R2INDX	ET050019	1	1997	7	900	1	0	8	1
R2INDX	ET050020	1	1997	7	700	1	0	8	1
R2INDX	ET050022	1	1998	7	810	1	0	8	2
R2INDX	ET050023	1	1995	7	600	8	1	88	1
R2INDX	ET050023	2	1996	7	1000	8	1	88	1
R2INDX	ET050024	1	1998	7	650	1	0	8	1
R2INDX	ET050025	1	1998	8	150	2	1	88	1
R2INDX	ET050026	1	1998	7	1000	1	0	8	1
R2INDX	ET050028	1	1997	7	945	10	0	8	1
R2INDX	ET050030	1	1999	7	1750	19	0	8	3
R2INDX	ET050032	1	1994	7	700	19	1	88	1
R2INDX	ET050032	2	1995	7	1500	19	1	88	1
R2INDX	ET050032	3	1996	7	2000	19	1	88	1
R2INDX	ET050032	4	1997	7	3000	19	1	88	1
R2INDX	ET050032	5	1998	7	4000	19	0	8	1
R2INDX	ET050033	1	1998	4	150	4	1	88	1
R2INDX	ET050035	1	1998	7	1500	1	0	11	1
R2INDX	ET050036	1	1999	7	1500	2	0	11	2
R2INDX	ET050039	1	1995	7	200	4	1	88	16
R2INDX	ET050040	1	1994	5	600	1	1	88	1
R2INDX	ET050042	1	1997	6	945	19	0	8	1
R2INDX	ET050042	2	1999	4	50	1	0	11	1
R2INDX	ET050045	1	1998	6	1500	1	0	8	1
R2INDX	ET050047	1	1998	6	1000	1	0	8	1
R2INDX	ET050048	1	1997	7	1000	8	1	88	1
R2INDX	ET050049	1	1998	6	900	8	0	8	3
R2INDX	ET050050	1	1994	8	50	2	1	88	1
R2INDX	ET050050	2	1999	8	100	2	0	11	1
R2INDX	ET050051	1	1998	7	900	1	1	88	5
R2INDX	ET050052	1	1997	7	500	19	1	88	1
R2INDX	ET050052	2	1998	5	900	19	0	8	1
R2INDX	ET050056	1	1995	8	200	2	1	88	1
R2INDX	ET050056	2	1996	8	50	6	1	88	1
R2INDX	ET050057	1	1999	4	200	4	0	8	2
R2INDX	ET050059	1	1998	7	900	2	1	88	1
R2INDX	ET050063	1	1999	4	100	4	0	11	1
R2INDX	ET050065	1	1994	4	100	4	1	88	1
R2INDX	ET050066	1	1996	4	50	7	1	88	1
R2INDX	ET050066	2	1998	4	100	2	1	88	1
R2INDX	ET050068	1	1996	7	800	1	0	8	1
R2INDX	ET050070	1	1994	7	300	4	1	88	1
R2INDX	ET050070	2	1998	6	1000	1	0	8	1
R2INDX	ET050070	3	1998	4	170	4	0	8	1
R2INDX	ET050074	1	1997	7	800	1	0	8	1
R2INDX	ET050076	1	1998	6	900	1	0	8	2
R2INDX	ET050077	1	1998	7	950	1	1	88	2
R2INDX	ET050078	1	1997	7	680	1	0	8	1
R2INDX	ET050081	1	1997	7	675	1	0	8	3
R2INDX	ET050082	1	1998	7	860	1	0	8	1
R2INDX	ET050084	1	1997	4	100	1	1	88	1
R2INDX	ET050085	1	1998	7	980	1	0	8	1
R2INDX	ET050086	1	1998	6	900	2	0	8	1
R2INDX	ET050089	1	1998	7	900	1	1	8	1
R2INDX	ET050091	1	1995	4	1000	2	1	88	1
R2INDX	ET050092	1	1997	7	1500	1	0	8	1
R2INDX	ET050093	1	1997	77	1000	1	0	8	1
R2INDX	ET050094	1	1998	6	900	1	0	8	1
R2INDX	ET050098	1	1997	7	950	12	0	8	1
R2INDX	ET050100	1	1997	7	1000	12	0	8	1
R2INDX	ET060002	1	1996	2	400	1	1	88	1
R2INDX	ET060002	2	1997	2	500	14	1	88	1
R2INDX	ET060002	3	1998	2	1100	1	1	88	1
R2INDX	ET060002	4	1999	2	2000	1	0	8	1
R2INDX	ET060003	1	1996	1	160	1	1	88	1
R2INDX	ET060003	2	1997	1	160	1	1	88	1
R2INDX	ET060003	3	1998	1	180	1	0	11	1
R2INDX	ET060003	4	1998	6	1170	14	0	99	1
R2INDX	ET060004	1	1998	1	2000	1	0	11	80
R2INDX	ET060004	2	1997	1	200	1	1	88	1
R2INDX	ET060004	3	1996	1	200	1	1	88	1
R2INDX	ET060005	1	1998	7	700	1	0	11	80
R2INDX	ET060006	1	1997	7	500	1	1	88	1
R2INDX	ET060006	2	1998	7	1100	1	0	11	1
R2INDX	ET060007	1	1998	7	1000	2	0	11	1
R2INDX	ET060007	2	1996	7	400	1	1	88	1
R2INDX	ET060008	1	1998	6	1500	19	0	11	80
R2INDX	ET060008	2	1994	1	143	1	1	88	1
R2INDX	ET060008	3	1995	1	143	1	1	88	1
R2INDX	ET060008	4	1996	1	165	1	1	88	1
R2INDX	ET060008	5	1997	1	165	1	1	88	1
R2INDX	ET060008	6	1998	1	170	1	1	88	1
R2INDX	ET060009	1	1997	7	1000	1	0	8	1
R2INDX	ET060010	1	1998	1	210	1	0	11	16
R2INDX	ET060010	2	1998	7	1500	14	0	11	16
R2INDX	ET060010	3	1996	1	100	1	0	11	16
R2INDX	ET060012	1	1997	2	1200	1	0	11	1
R2INDX	ET060013	1	1998	2	250	1	0	11	1
R2INDX	ET060013	2	1997	2	380	1	1	88	1
R2INDX	ET060013	3	1996	2	365	1	1	88	1
R2INDX	ET060014	1	1994	1	140	1	1	88	1
R2INDX	ET060014	2	1995	1	168	1	1	88	1
R2INDX	ET060014	3	1996	1	180	1	1	88	1
R2INDX	ET060014	4	1997	1	190	1	1	88	1
R2INDX	ET060014	5	1998	1	210	1	0	11	1
R2INDX	ET060015	1	1994	1	150	1	1	88	1
R2INDX	ET060015	2	1995	1	150	1	1	88	1
R2INDX	ET060015	3	1996	1	165	1	1	88	1
R2INDX	ET060015	4	1997	1	165	1	1	88	1
R2INDX	ET060015	5	1998	1	170	1	0	11	1
R2INDX	ET060016	1	1998	7	193	1	0	11	1
R2INDX	ET060018	1	1997	1	800	1	0	88	1
R2INDX	ET060018	2	1998	1	180	1	0	11	1
R2INDX	ET060019	1	1996	1	300	1	1	88	1
R2INDX	ET060019	2	1997	1	150	1	1	88	1
R2INDX	ET060019	3	1998	1	300	1	1	88	1
R2INDX	ET060020	1	1998	7	1000	1	0	12	1
R2INDX	ET060021	1	1997	2	800	1	1	88	2
R2INDX	ET060021	2	1998	2	800	1	0	8	2
R2INDX	ET060022	1	1996	1	400	1	1	88	1
R2INDX	ET060022	2	1998	1	400	1	0	11	1
R2INDX	ET060024	1	1994	1	200	1	1	88	1
R2INDX	ET060024	2	1995	1	200	1	1	88	1
R2INDX	ET060024	3	1996	1	200	1	1	88	1
R2INDX	ET060024	4	1998	1	800	1	1	88	1
R2INDX	ET060025	1	1998	1	1500	1	0	11	1
R2INDX	ET060026	1	1997	7	750	1	1	88	80
R2INDX	ET060026	2	1998	7	1500	1	0	11	80
R2INDX	ET060027	1	1998	2	1500	1	0	11	1
R2INDX	ET060027	2	1995	7	1000	1	1	88	1
R2INDX	ET060028	1	1994	7	600	1	1	88	1
R2INDX	ET060028	2	1995	1	65	1	1	88	1
R2INDX	ET060028	3	1996	1	65	1	1	88	1
R2INDX	ET060028	4	1997	1	100	1	1	88	1
R2INDX	ET060028	5	1998	7	700	1	0	11	1
R2INDX	ET060030	1	1994	7	800	1	1	88	1
R2INDX	ET060030	2	1995	7	900	1	1	88	1
R2INDX	ET060030	3	1996	7	1500	1	0	11	1
R2INDX	ET060031	1	1998	6	1500	1	0	11	80
R2INDX	ET060031	2	1998	8	400	10	1	88	1
R2INDX	ET060031	3	1994	2	400	1	1	88	1
R2INDX	ET060031	4	1995	2	600	1	1	88	1
R2INDX	ET060031	5	1996	2	400	1	1	88	1
R2INDX	ET060031	6	1997	2	600	1	1	88	1
R2INDX	ET060031	7	1998	2	400	1	1	88	1
R2INDX	ET060032	1	1998	7	1500	1	0	11	1
R2INDX	ET060032	2	1994	1	140	1	1	88	1
R2INDX	ET060032	3	1995	1	140	1	1	88	1
R2INDX	ET060032	4	1996	1	140	1	1	88	1
R2INDX	ET060032	5	1997	1	140	1	1	88	1
R2INDX	ET060032	6	1998	1	140	1	0	11	1
R2INDX	ET060033	1	1996	5	1000	1	0	11	1
R2INDX	ET060033	2	1998	7	800	14	1	88	1
R2INDX	ET060033	3	1999	7	1500	1	0	11	1
R2INDX	ET060034	1	1993	7	600	19	1	88	1
R2INDX	ET060034	2	1993	7	600	19	1	88	1
R2INDX	ET060034	3	1998	7	1600	19	0	8	1
R2INDX	ET060036	1	1997	7	500	14	1	88	16
R2INDX	ET060036	2	1998	7	400	2	0	8	16
R2INDX	ET060037	1	1996	7	400	1	1	88	80
R2INDX	ET060037	2	1997	7	500	1	1	88	80
R2INDX	ET060037	3	1998	7	500	2	0	11	80
R2INDX	ET060038	1	1996	1	1000	1	0	11	1
R2INDX	ET060039	1	1999	1	1300	1	0	11	1
R2INDX	ET060041	1	1995	1	1000	1	0	11	1
R2INDX	ET060041	2	1997	1	600	1	1	88	1
R2INDX	ET060041	3	1998	1	600	1	0	11	1
R2INDX	ET060042	1	1998	1	800	1	0	11	16
R2INDX	ET060043	1	1995	1	130	1	1	88	1
R2INDX	ET060043	2	1996	1	135.5	1	1	88	1
R2INDX	ET060043	3	1997	1	155.5	1	1	88	1
R2INDX	ET060046	1	1998	7	1500	1	0	11	80
R2INDX	ET060047	1	1998	7	1380	1	0	11	80
R2INDX	ET060048	1	1996	7	300	1	1	88	1
R2INDX	ET060048	2	1997	7	300	1	1	88	1
R2INDX	ET060048	3	1998	7	800	1	0	11	1
R2INDX	ET060048	4	1998	7	1500	1	0	11	1
R2INDX	ET060049	1	1995	4	50	2	0	11	3
R2INDX	ET060049	2	1998	4	40	2	0	11	3
R2INDX	ET060050	1	1998	7	500	1	1	88	80
R2INDX	ET060050	2	1999	7	1000	1	0	11	80
R2INDX	ET060051	1	1998	3	1500	14	0	11	1
R2INDX	ET060052	1	1998	7	700	2	0	11	3
R2INDX	ET060052	2	1998	2	1600	1	0	11	1
R2INDX	ET060053	1	1994	1	180	1	1	88	1
R2INDX	ET060053	2	1995	1	184	1	1	88	1
R2INDX	ET060053	3	1996	1	190	1	1	88	1
R2INDX	ET060053	4	1997	1	200	1	1	88	1
R2INDX	ET060053	5	1998	1	210	1	1	88	1
R2INDX	ET060053	6	1998	6	1500	14	0	11	1
R2INDX	ET060055	1	1998	7	390	1	0	11	1
R2INDX	ET060055	2	1997	2	1000	1	0	11	1
R2INDX	ET060056	1	1994	1	300	1	1	88	1
R2INDX	ET060056	2	1995	1	300	1	1	88	1
R2INDX	ET060056	3	1996	1	195	1	1	88	1
R2INDX	ET060056	4	1997	1	195	1	1	88	1
R2INDX	ET060056	5	1998	1	195	1	0	11	1
R2INDX	ET060056	6	1998	1	1000	10	0	11	1
R2INDX	ET060056	7	1998	7	1000	14	0	11	1
R2INDX	ET060059	1	1998	6	1500	14	0	11	80
R2INDX	ET060059	2	1994	1	200	1	1	88	1
R2INDX	ET060059	3	1995	1	105	1	1	88	1
R2INDX	ET060059	4	1997	1	60	1	1	88	1
R2INDX	ET060059	5	1998	1	110	1	0	11	1
R2INDX	ET060059	7	1997	8	80	7	1	88	1
R2INDX	ET060060	1	1998	7	1500	14	0	11	80
R2INDX	ET060060	2	1994	1	360	1	1	88	1
R2INDX	ET060060	3	1995	1	390	1	1	88	1
R2INDX	ET060060	4	1996	1	400	1	1	88	1
R2INDX	ET060060	5	1997	1	420	1	1	88	1
R2INDX	ET060060	6	1998	1	420	1	0	11	1
R2INDX	ET060061	1	1998	1	1200	1	0	11	2
R2INDX	ET060061	2	1997	3	100	2	0	11	1
R2INDX	ET060061	3	1996	1	230	1	1	88	1
R2INDX	ET060061	4	1995	1	140	1	1	88	1
R2INDX	ET060062	1	1998	1	1200	1	0	11	1
R2INDX	ET060064	1	1998	1	800	1	0	11	1
R2INDX	ET060065	1	1998	5	1500	14	0	11	1
R2INDX	ET060065	2	1995	2	150	1	1	88	1
R2INDX	ET060065	3	1996	2	400	1	1	88	1
R2INDX	ET060065	4	1997	2	400	1	1	88	1
R2INDX	ET060065	5	1998	2	150	1	0	1	1
R2INDX	ET060066	1	1998	1	150	1	0	11	1
R2INDX	ET060067	1	1998	7	1000	1	0	11	1
R2INDX	ET060068	1	1998	7	194	1	0	11	1
R2INDX	ET060070	1	1998	7	1000	2	0	11	1
R2INDX	ET060072	1	1998	4	100	1	0	11	1
R2INDX	ET060073	1	1998	7	500	1	0	11	2
R2INDX	ET060076	1	1998	7	1500	1	0	11	2
R2INDX	ET060077	1	1999	5	250	10	0	11	1
R2INDX	ET060077	2	1998	5	170	11	0	11	1
R2INDX	ET060080	1	1995	3	500	1	1	88	1
R2INDX	ET060080	2	1996	3	600	1	1	88	1
R2INDX	ET060080	3	1997	3	700	1	1	88	1
R2INDX	ET060080	4	1998	3	700	1	1	88	1
R2INDX	ET060080	5	1999	3	800	1	0	11	1
R2INDX	ET060081	1	1998	5	1600	1	0	11	1
R2INDX	ET060081	2	1996	4	100	2	1	88	2
R2INDX	ET060082	1	1995	7	400	1	1	88	80
R2INDX	ET060082	2	1996	7	600	1	1	88	80
R2INDX	ET060082	3	1997	7	900	1	1	88	80
R2INDX	ET060082	4	1998	7	1000	1	0	11	80
R2INDX	ET060082	5	1999	7	1600	1	0	11	1
R2INDX	ET060083	1	1998	5	1000	1	0	11	1
R2INDX	ET060083	2	1997	4	40	6	1	88	1
R2INDX	ET060083	3	1996	4	70	6	1	88	1
R2INDX	ET060085	1	1996	7	600	14	1	88	1
R2INDX	ET060085	2	1997	7	800	14	1	88	1
R2INDX	ET060085	3	1998	7	1000	1	0	8	1
R2INDX	ET060087	1	1998	1	200	1	0	11	1
R2INDX	ET060091	1	1995	7	480	1	0	11	1
R2INDX	ET060091	2	1997	7	200	1	0	11	1
R2INDX	ET060093	1	1998	7	800	14	0	11	1
R2INDX	ET060093	2	1994	7	400	1	1	88	1
R2INDX	ET060093	3	1996	7	600	14	1	88	1
R2INDX	ET060093	4	1997	7	700	14	1	88	1
R2INDX	ET060100	1	1998	8	200	2	1	88	1
R2INDX	ET060100	2	1999	8	100	2	1	88	1
R2INDX	ET070002	1	1997	7	185	1	0	11	1
R2INDX	ET070002	2	1999	7	625	1	0	11	1
R2INDX	ET070003	1	1996	7	1000	1	1	88	1
R2INDX	ET070004	1	1996	5	800	1	1	88	1
R2INDX	ET070006	1	1996	6	400	2	1	88	1
R2INDX	ET070006	2	1995	7	600	8	1	88	1
R2INDX	ET070008	1	1998	7	1500	1	1	88	1
R2INDX	ET070008	2	1998	4	600	1	1	88	1
R2INDX	ET070009	1	1996	5	500	8	0	11	1
R2INDX	ET070010	1	1996	5	1000	12	1	88	1
R2INDX	ET070011	1	1998	7	600	7	0	11	80
R2INDX	ET070012	1	1998	4	40	2	0	11	1
R2INDX	ET070013	1	1998	4	200	2	0	11	1
R2INDX	ET070014	1	1998	4	450	2	1	88	1
R2INDX	ET070015	1	1994	1	500	1	1	88	1
R2INDX	ET070015	2	1995	1	700	1	1	88	1
R2INDX	ET070015	3	1996	1	700	2	1	88	1
R2INDX	ET070015	4	1997	1	700	2	1	88	1
R2INDX	ET070015	5	1998	1	700	2	1	88	1
R2INDX	ET070016	1	1997	6	1500	8	0	11	80
R2INDX	ET070016	2	1998	7	200	2	0	11	80
R2INDX	ET070017	1	1997	7	500	8	1	88	1
R2INDX	ET070018	1	1996	7	400	2	1	88	1
R2INDX	ET070018	2	1997	7	500	1	1	88	1
R2INDX	ET070018	3	1998	7	1000	2	1	88	1
R2INDX	ET070018	4	1999	7	1000	2	0	11	1
R2INDX	ET070021	1	1998	7	1000	1	0	11	1
R2INDX	ET070024	1	1994	8	200	2	1	88	1
R2INDX	ET070024	2	1995	8	100	2	1	88	1
R2INDX	ET070024	3	1996	8	300	2	1	88	1
R2INDX	ET070024	4	1997	8	200	2	1	88	1
R2INDX	ET070024	5	1998	7	1000	2	0	11	1
R2INDX	ET070025	1	1994	2	300	8	1	88	1
R2INDX	ET070026	1	1998	6	1500	1	0	11	1
R2INDX	ET070026	2	1998	7	500	2	0	11	2
R2INDX	ET070029	1	1995	7	1500	1	0	11	2
R2INDX	ET070030	1	1998	2	250	6	1	88	2
R2INDX	ET070035	1	1998	7	1000	8	0	11	88
R2INDX	ET070035	2	1995	7	1000	12	1	88	88
R2INDX	ET070036	1	1999	6	320	16	0	11	2
R2INDX	ET070036	2	1996	6	200	2	1	88	2
R2INDX	ET070038	1	1995	7	600	1	1	88	1
R2INDX	ET070041	1	1996	6	1500	16	1	88	2
R2INDX	ET070042	1	1997	7	800	1	1	88	1
R2INDX	ET070043	1	1997	7	1000	1	0	11	2
R2INDX	ET070044	1	1998	7	500	7	0	11	2
R2INDX	ET070045	1	1995	7	700	1	1	88	80
R2INDX	ET070046	1	1997	7	1509	19	1	88	1
R2INDX	ET070048	1	1998	7	1600	15	0	11	80
R2INDX	ET070048	2	1998	6	500	2	1	88	80
R2INDX	ET070049	1	1996	5	1000	8	0	11	2
R2INDX	ET070050	1	1995	4	600	12	1	88	1
R2INDX	ET070050	2	1998	4	190	1	0	11	1
R2INDX	ET070052	1	1998	5	1000	1	0	11	1
R2INDX	ET070052	2	1996	5	600	4	1	88	1
R2INDX	ET070054	1	1997	6	1000	8	0	11	16
R2INDX	ET070055	1	1998	6	1000	2	0	11	1
R2INDX	ET070055	2	1995	6	1500	14	1	88	1
R2INDX	ET070056	1	1998	7	1000	8	1	88	1
R2INDX	ET070057	1	1998	7	1000	14	0	11	1
R2INDX	ET070058	1	1998	8	300	8	0	11	2
R2INDX	ET070059	1	1997	1	100	1	1	88	1
R2INDX	ET070059	2	1998	1	50	1	0	11	1
R2INDX	ET070060	1	1998	7	600	1	1	88	1
R2INDX	ET070061	1	1998	2	1000	10	0	8	1
R2INDX	ET070062	1	1996	7	600	1	1	88	1
R2INDX	ET070063	1	1994	7	400	1	1	88	1
R2INDX	ET070063	2	1995	7	500	1	1	88	1
R2INDX	ET070063	3	1996	7	400	1	1	88	1
R2INDX	ET070063	4	1997	8	600	1	1	88	1
R2INDX	ET070063	5	1998	8	600	2	0	11	1
R2INDX	ET070064	1	1997	5	1000	14	0	11	2
R2INDX	ET070064	2	1996	4	200	1	1	88	2
R2INDX	ET070066	1	1998	6	100	2	1	88	1
R2INDX	ET070066	2	1997	6	100	2	1	88	1
R2INDX	ET070066	3	1996	6	50	2	1	88	1
R2INDX	ET070067	1	1995	4	200	2	1	88	1
R2INDX	ET070067	2	1996	4	200	2	1	88	1
R2INDX	ET070067	3	1997	4	200	2	1	88	1
R2INDX	ET070067	4	1998	4	1200	1	0	11	1
R2INDX	ET070068	1	1994	3	300	2	1	88	1
R2INDX	ET070068	2	1995	3	400	2	1	88	1
R2INDX	ET070068	3	1996	3	500	2	1	88	1
R2INDX	ET070068	4	1997	3	600	2	1	88	1
R2INDX	ET070069	1	1998	7	1000	14	0	11	1
R2INDX	ET070069	2	1998	7	800	1	0	11	1
R2INDX	ET070070	1	1995	7	1000	8	1	88	1
R2INDX	ET070071	1	1998	1	300	1	0	11	1
R2INDX	ET070071	2	1995	7	400	14	1	88	1
R2INDX	ET070072	1	1998	8	100	2	1	88	1
R2INDX	ET070074	1	1998	7	2100	2	0	11	1
R2INDX	ET070076	1	1995	6	600	19	0	4	1
R2INDX	ET070078	1	1995	7	1500	1	0	11	1
R2INDX	ET070079	1	1995	7	700	14	1	88	80
R2INDX	ET070080	1	1998	1	1200	1	0	11	1
R2INDX	ET070081	1	1998	2	200	2	1	88	1
R2INDX	ET070085	1	1998	4	120	19	1	88	3
R2INDX	ET070088	1	1998	5	1500	2	0	11	1
R2INDX	ET070088	2	1997	5	700	2	1	88	1
R2INDX	ET070089	1	1996	6	1000	14	0	11	1
R2INDX	ET070089	2	1995	7	600	1	1	88	2
R2INDX	ET070089	3	1994	7	600	1	1	88	2
R2INDX	ET070089	4	1996	7	600	1	1	88	2
R2INDX	ET070089	5	1998	4	300	7	0	8	2
R2INDX	ET070089	6	1998	4	200	2	0	8	2
R2INDX	ET070090	1	1994	3	700	2	1	88	1
R2INDX	ET070090	2	1998	5	1500	1	0	8	1
R2INDX	ET070091	1	1996	1	800	1	1	88	1
R2INDX	ET070092	1	1996	4	200	2	0	11	2
R2INDX	ET070094	1	1998	1	1000	1	0	11	1
R2INDX	ET070094	2	1998	1	80	2	0	11	1
R2INDX	ET070095	1	1997	7	500	14	0	11	16
R2INDX	ET070095	2	1995	7	500	14	1	88	16
R2INDX	ET070096	1	1998	1	181.800003051758	1	1	88	1
R2INDX	ET070097	1	1995	2	100	2	1	88	1
R2INDX	ET070097	2	1998	2	50	1	1	88	1
R2INDX	ET070097	3	1998	7	1000	1	0	11	1
R2INDX	ET070099	1	1998	6	600	14	0	11	1
R2INDX	ET080001	1	1998	8	300	6	0	2	2
R2INDX	ET080001	2	1998	2	140	1	1	88	1
R2INDX	ET080005	1	1998	5	2500	1	0	4	1
R2INDX	ET080005	2	1998	2	279.25	1	1	88	1
R2INDX	ET080005	3	1999	8	100	2	0	8	1
R2INDX	ET080007	1	1998	5	2500	14	0	8	1
R2INDX	ET080007	2	1998	6	1207	10	0	8	1
R2INDX	ET080012	1	1996	2	420	1	1	88	1
R2INDX	ET080012	2	1997	2	200	1	1	88	1
R2INDX	ET080012	3	1998	6	100	8	0	9	1
R2INDX	ET080012	4	1998	2	150	1	1	88	1
R2INDX	ET080012	5	1999	6	200	7	0	8	1
R2INDX	ET080014	1	1998	1	2500	1	0	4	1
R2INDX	ET080015	1	1998	5	2500	10	0	4	1
R2INDX	ET080016	1	1996	4	400	1	1	88	1
R2INDX	ET080016	2	1997	7	2000	1	1	88	2
R2INDX	ET080016	3	1998	4	300	1	1	88	2
R2INDX	ET080017	1	1998	77	2500	1	0	8	1
R2INDX	ET080021	1	1995	1	206	1	1	88	1
R2INDX	ET080021	2	1998	77	2500	1	0	4	1
R2INDX	ET080022	1	1998	6	600	6	1	88	2
R2INDX	ET080022	2	1999	6	500	7	0	8	2
R2INDX	ET080022	3	1999	6	200	6	0	8	2
R2INDX	ET080025	1	1999	8	130	6	1	88	1
R2INDX	ET080027	1	1998	8	100	17	1	88	2
R2INDX	ET080027	2	1998	3	2500	14	0	8	1
R2INDX	ET080030	1	1998	4	300	2	1	88	2
R2INDX	ET080030	2	1999	77	1556	1	0	8	2
R2INDX	ET080031	1	1998	5	2500	10	0	4	1
R2INDX	ET080032	1	1998	8	30	6	1	88	1
R2INDX	ET080033	1	1994	6	50	1	0	8	1
R2INDX	ET080034	1	1998	7	1360	14	0	4	1
R2INDX	ET080034	2	1997	6	40	6	1	88	1
R2INDX	ET080034	3	1996	8	180	7	1	88	1
R2INDX	ET080038	1	1998	7	2500	1	0	8	1
R2INDX	ET080039	1	1998	8	25	10	1	88	2
R2INDX	ET080039	2	1998	6	30	10	1	88	2
R2INDX	ET080039	3	1995	2	137	1	1	88	1
R2INDX	ET080039	4	1995	5	800	1	0	8	1
R2INDX	ET080040	1	1998	1	2500	1	0	4	1
R2INDX	ET080040	2	1998	1	190	1	1	88	1
R2INDX	ET080042	1	1998	77	2500	1	0	8	1
R2INDX	ET080046	1	1998	8	200	6	1	88	1
R2INDX	ET080046	2	1999	8	100	2	1	88	1
R2INDX	ET080046	3	1999	6	50	7	0	8	1
R2INDX	ET080046	4	1999	6	70	2	0	8	1
R2INDX	ET080046	5	1999	6	100	6	0	8	2
R2INDX	ET080047	1	1998	77	2500	1	0	12	1
R2INDX	ET080048	1	1998	7	2500	10	0	4	1
R2INDX	ET080048	2	1995	6	150	6	1	88	2
R2INDX	ET080048	3	1998	8	100	18	1	88	1
R2INDX	ET080049	1	1998	8	500	8	1	88	2
R2INDX	ET080049	2	1999	8	200	8	1	88	1
R2INDX	ET080049	3	1998	5	2500	1	0	8	1
R2INDX	ET080050	1	1996	6	1500	1	0	2	1
R2INDX	ET080051	1	1998	8	50	2	0	8	2
R2INDX	ET080052	1	1996	8	250	6	1	88	1
R2INDX	ET080052	2	1998	8	100	7	1	88	1
R2INDX	ET080052	3	1995	8	300	7	1	88	1
R2INDX	ET080052	4	1997	8	50	2	1	88	1
R2INDX	ET080052	5	1999	8	100	2	1	88	1
R2INDX	ET080054	1	1998	7	2000	14	1	88	1
R2INDX	ET080054	2	1998	8	100	6	1	88	1
R2INDX	ET080054	3	1997	8	130	2	1	88	1
R2INDX	ET080054	4	1998	6	80	2	1	88	1
R2INDX	ET080057	1	1998	1	1000	1	0	4	1
R2INDX	ET080057	2	1998	1	1300	1	0	4	1
R2INDX	ET080058	1	1997	4	300	15	1	88	2
R2INDX	ET080058	2	1998	4	200	7	0	8	2
R2INDX	ET080058	3	1999	8	130	6	0	8	2
R2INDX	ET080060	1	1997	6	11200	1	0	2	1
R2INDX	ET080061	1	1999	6	1200	10	0	8	1
R2INDX	ET080062	1	1997	6	75	1	0	2	1
R2INDX	ET080066	1	1998	6	600	10	0	8	1
R2INDX	ET080068	1	1998	6	200	2	1	88	1
R2INDX	ET080068	2	1997	8	150	6	1	88	1
R2INDX	ET080068	3	1995	8	300	18	1	88	1
R2INDX	ET080069	1	1998	1	180	1	0	8	1
R2INDX	ET080070	1	1998	4	100	7	0	8	1
R2INDX	ET080072	1	1998	2	1000	1	0	2	1
R2INDX	ET080080	1	1998	4	400	2	1	88	1
R2INDX	ET080083	1	1998	5	2500	1	0	8	1
R2INDX	ET080086	1	1997	1	120	1	1	88	2
R2INDX	ET080086	2	1998	8	80	2	1	88	2
R2INDX	ET080087	1	1997	8	400	6	0	88	1
R2INDX	ET080089	1	1998	5	2500	1	0	8	1
R2INDX	ET080089	2	1997	8	450	6	1	88	1
R2INDX	ET080090	1	1998	8	220	2	0	11	2
R2INDX	ET080091	1	1996	77	1050	1	0	8	1
R2INDX	ET080092	1	1996	6	50	17	1	88	1
R2INDX	ET080092	2	1998	6	150	6	1	88	1
R2INDX	ET080092	3	1996	77	30	1	0	8	1
R2INDX	ET080095	1	1997	6	11200	1	0	6	1
R2INDX	ET080097	1	1997	8	100	6	1	88	1
R2INDX	ET080098	1	1998	7	2500	1	0	4	1
R2INDX	ET080099	1	1998	5	200	10	0	4	1
R2INDX	ET080100	1	1998	6	300.299987792969	10	0	2	1
R2INDX	ET090001	1	1995	7	400	1	1	88	2
R2INDX	ET090001	2	1996	7	370	1	1	88	2
R2INDX	ET090001	3	1997	7	610	1	1	88	2
R2INDX	ET090001	4	1998	7	800	1	0	8	2
R2INDX	ET090002	1	1998	1	230	1	0	8	1
R2INDX	ET090003	1	1995	6	300	6	1	88	1
R2INDX	ET090003	2	1997	6	400	2	1	88	1
R2INDX	ET090003	3	1994	2	200	2	1	88	1
R2INDX	ET090003	4	1995	2	220	2	0	8	1
R2INDX	ET090003	5	1996	2	400	2	1	88	1
R2INDX	ET090003	6	1997	2	90	2	1	88	1
R2INDX	ET090003	7	1998	2	345	2	0	8	1
R2INDX	ET090004	1	1994	8	230	6	1	88	2
R2INDX	ET090004	2	1995	8	185	2	1	88	2
R2INDX	ET090004	3	1996	8	210	7	1	88	2
R2INDX	ET090004	4	1998	7	810	19	0	8	2
R2INDX	ET090004	5	1999	8	160	2	0	9	2
R2INDX	ET090005	1	1994	2	105	1	1	88	1
R2INDX	ET090005	2	1995	2	330	1	0	8	1
R2INDX	ET090005	3	1996	2	115	1	1	88	1
R2INDX	ET090005	4	1997	2	115	1	1	88	1
R2INDX	ET090005	5	1998	2	115	1	1	88	1
R2INDX	ET090005	6	1999	8	500	8	0	8	1
R2INDX	ET090006	1	1995	1	165	1	0	2	2
R2INDX	ET090006	2	1998	1	194	1	1	88	2
R2INDX	ET090007	1	1996	1	195	1	1	88	1
R2INDX	ET090008	1	1998	1	115	1	0	8	1
R2INDX	ET090009	1	1994	2	95	1	1	88	1
R2INDX	ET090009	2	1995	2	95	1	0	8	1
R2INDX	ET090009	3	1998	7	680	1	1	88	2
R2INDX	ET090009	4	1999	7	500	1	0	8	2
R2INDX	ET090010	1	1996	1	171	1	1	88	1
R2INDX	ET090010	2	1997	1	175.5	1	1	88	1
R2INDX	ET090010	3	1998	1	161	1	1	88	1
R2INDX	ET090011	1	1994	1	271.600006103516	1	1	88	1
R2INDX	ET090011	2	1994	4	400	1	1	88	1
R2INDX	ET090011	3	1995	1	300	1	0	2	1
R2INDX	ET090011	4	1996	1	450	1	1	88	1
R2INDX	ET090011	5	1997	1	150	1	0	2	1
R2INDX	ET090011	6	1998	4	200	1	1	88	1
R2INDX	ET090012	1	1994	2	338	1	0	2	1
R2INDX	ET090012	2	1995	2	190	1	1	88	1
R2INDX	ET090012	3	1996	2	195	1	1	88	1
R2INDX	ET090012	4	1997	2	210	1	1	88	1
R2INDX	ET090012	5	1998	2	339	1	0	8	1
R2INDX	ET090012	6	1995	6	300	2	1	88	1
R2INDX	ET090012	7	1998	6	200	1	1	88	1
R2INDX	ET090014	1	1995	7	2000	2	1	88	1
R2INDX	ET090014	2	1996	7	900	2	0	2	1
R2INDX	ET090015	1	1996	1	356	1	1	88	1
R2INDX	ET090015	2	1997	1	712	1	1	88	1
R2INDX	ET090015	3	1998	7	400	2	0	6	2
R2INDX	ET090016	1	1994	2	300	1	1	88	1
R2INDX	ET090016	2	1995	2	300	1	0	8	1
R2INDX	ET090016	3	1996	2	445	1	1	88	1
R2INDX	ET090016	4	1997	2	480	1	1	88	1
R2INDX	ET090016	5	1998	2	570	1	1	88	1
R2INDX	ET090017	1	1994	1	115	1	1	88	1
R2INDX	ET090017	2	1995	1	96	1	1	88	1
R2INDX	ET090017	3	1996	1	127.199996948242	1	1	88	1
R2INDX	ET090018	1	1994	2	350	1	0	2	1
R2INDX	ET090018	2	1996	2	150	1	1	88	1
R2INDX	ET090018	3	1997	2	131	1	1	88	1
R2INDX	ET090018	4	1996	7	669	14	1	88	1
R2INDX	ET090020	1	1995	7	400	1	1	88	2
R2INDX	ET090020	2	1996	7	700	1	1	88	2
R2INDX	ET090020	3	1997	7	700	1	1	88	2
R2INDX	ET090020	4	1998	7	800	1	1	8	2
R2INDX	ET090021	1	1996	1	410.5	1	1	88	1
R2INDX	ET090021	2	1997	1	421	1	1	88	1
R2INDX	ET090021	3	1998	1	205	1	1	88	1
R2INDX	ET090022	1	1995	7	400	19	1	88	2
R2INDX	ET090022	2	1996	7	500	19	1	88	2
R2INDX	ET090022	3	1997	7	700	19	1	88	2
R2INDX	ET090022	4	1998	7	800	19	1	88	2
R2INDX	ET090022	5	1994	2	236	1	1	88	1
R2INDX	ET090022	6	1995	2	236	1	0	2	1
R2INDX	ET090022	7	1997	2	396	1	1	88	1
R2INDX	ET090022	8	1998	2	282	1	0	8	1
R2INDX	ET090023	1	1994	2	100	1	1	88	1
R2INDX	ET090023	2	1995	2	100	1	0	8	1
R2INDX	ET090023	3	1996	2	110	1	1	88	1
R2INDX	ET090023	4	1997	2	110	1	1	88	1
R2INDX	ET090023	5	1998	2	115.199996948242	1	1	88	1
R2INDX	ET090024	1	1996	7	280	19	1	88	2
R2INDX	ET090024	2	1997	7	545	19	1	88	2
R2INDX	ET090024	3	1998	7	800	19	0	8	2
R2INDX	ET090025	1	1996	1	380	1	1	88	1
R2INDX	ET090025	2	1997	1	570	1	1	88	1
R2INDX	ET090025	3	1997	1	390	1	1	88	1
R2INDX	ET090026	1	1994	1	122.300003051758	1	1	88	1
R2INDX	ET090026	2	1996	4	100	1	1	88	1
R2INDX	ET090026	3	1995	1	131	1	1	88	1
R2INDX	ET090026	4	1996	1	137	1	1	88	1
R2INDX	ET090026	5	1997	1	142	1	1	88	1
R2INDX	ET090026	6	1998	1	142	1	0	8	1
R2INDX	ET090026	7	1998	4	100	1	0	8	1
R2INDX	ET090027	1	1995	1	77	1	0	2	1
R2INDX	ET090027	2	1996	1	77	1	1	88	1
R2INDX	ET090027	3	1997	1	77	1	1	88	1
R2INDX	ET090027	4	1998	1	266	1	1	88	1
R2INDX	ET090028	1	1997	6	400	1	1	88	3
R2INDX	ET090028	2	1998	6	400	1	0	8	3
R2INDX	ET090030	1	1995	1	232	1	0	2	1
R2INDX	ET090030	2	1996	1	250	1	1	88	1
R2INDX	ET090030	3	1997	1	268.899993896484	1	1	88	1
R2INDX	ET090030	4	1998	1	230	1	1	88	1
R2INDX	ET090031	1	1996	1	385	1	1	88	2
R2INDX	ET090031	2	1997	1	380	1	1	88	2
R2INDX	ET090033	1	1994	1	100	1	0	8	1
R2INDX	ET090033	2	1998	1	115	1	0	8	1
R2INDX	ET090033	3	1998	8	50	1	1	88	1
R2INDX	ET090034	1	1997	1	175	1	1	88	1
R2INDX	ET090034	2	1998	1	356	1	1	88	1
R2INDX	ET090037	1	1995	2	95	1	0	8	1
R2INDX	ET090037	2	1996	2	137	1	1	88	1
R2INDX	ET090037	3	1998	2	260	1	1	88	1
R2INDX	ET090037	4	1999	6	100	2	0	12	1
R2INDX	ET090039	1	1994	8	200	19	1	88	1
R2INDX	ET090039	2	1994	2	136	1	0	8	1
R2INDX	ET090039	3	1995	2	140	1	1	88	1
R2INDX	ET090039	4	1996	2	136	1	1	88	1
R2INDX	ET090039	5	1997	2	136	1	1	88	1
R2INDX	ET090039	6	1998	2	118.800003051758	1	0	8	1
R2INDX	ET090042	1	1996	1	142.5	1	0	2	1
R2INDX	ET090042	2	1997	1	437.799987792969	1	1	88	1
R2INDX	ET090043	1	1994	2	150	1	0	2	1
R2INDX	ET090043	2	1996	2	264.200012207031	1	1	88	1
R2INDX	ET090045	1	1995	1	403.700012207031	1	0	2	1
R2INDX	ET090045	2	1996	1	561	1	1	88	1
R2INDX	ET090045	3	1997	1	600	1	1	88	1
R2INDX	ET090045	4	1998	1	558	1	1	88	1
R2INDX	ET090046	1	1994	2	95	1	1	88	1
R2INDX	ET090046	2	1995	2	160	1	0	8	1
R2INDX	ET090046	3	1997	2	210	1	1	88	1
R2INDX	ET090046	4	1996	7	310	1	1	88	2
R2INDX	ET090046	5	1998	7	961.349975585938	14	0	8	2
R2INDX	ET090046	6	1998	6	200	2	0	8	1
R2INDX	ET090047	1	1995	2	95	2	0	8	1
R2INDX	ET090047	2	1996	2	137	2	1	88	1
R2INDX	ET090047	3	1998	2	137	2	1	88	1
R2INDX	ET090047	4	1994	6	550	12	1	88	1
R2INDX	ET090047	5	1995	6	660	2	1	88	1
R2INDX	ET090047	6	1996	6	770	14	1	88	1
R2INDX	ET090047	7	1997	6	1320	18	1	88	1
R2INDX	ET090047	8	1998	6	1100	14	0	8	1
R2INDX	ET090050	1	1995	1	330	1	0	2	1
R2INDX	ET090050	2	1996	1	162.5	1	1	88	1
R2INDX	ET090050	3	1997	1	113.75	1	1	88	1
R2INDX	ET090050	4	1998	1	195	1	1	88	1
R2INDX	ET090051	1	1994	2	260	1	0	2	1
R2INDX	ET090051	2	1995	2	130	1	1	88	1
R2INDX	ET090051	3	1996	2	280	1	1	88	1
R2INDX	ET090051	4	1997	2	255	1	1	88	1
R2INDX	ET090051	5	1998	2	237	1	1	88	1
R2INDX	ET090051	6	1998	7	300	1	0	8	2
R2INDX	ET090051	7	1998	8	300	1	1	88	1
R2INDX	ET090052	1	1993	7	400	1	1	88	2
R2INDX	ET090052	2	1994	7	500	1	1	88	2
R2INDX	ET090052	3	1995	7	600	19	1	88	2
R2INDX	ET090052	4	1996	7	700	19	1	88	2
R2INDX	ET090052	5	1997	7	800	1	1	88	2
R2INDX	ET090052	6	1998	7	1000	1	0	8	2
R2INDX	ET090053	1	1994	2	95	1	1	88	1
R2INDX	ET090053	2	1996	2	110	1	1	88	1
R2INDX	ET090053	3	1997	2	268	1	1	88	1
R2INDX	ET090053	4	1998	6	400	6	1	88	1
R2INDX	ET090053	5	1995	7	480	1	1	88	2
R2INDX	ET090053	6	1996	7	440	1	1	88	2
R2INDX	ET090053	7	1997	7	660	1	1	88	2
R2INDX	ET090053	8	1998	7	880	1	0	8	2
R2INDX	ET090054	1	1995	1	495	1	0	8	2
R2INDX	ET090054	2	1996	1	491	1	1	88	2
R2INDX	ET090054	3	1997	1	515	1	1	88	2
R2INDX	ET090054	4	1998	1	521.5	1	1	88	2
R2INDX	ET090056	1	1995	7	1500	2	0	2	2
R2INDX	ET090056	2	1996	7	800	2	0	2	2
R2INDX	ET090056	3	1997	7	600	2	0	2	2
R2INDX	ET090057	1	1996	1	161	1	1	88	1
R2INDX	ET090057	2	1997	1	161	1	1	88	1
R2INDX	ET090057	3	1998	1	171	1	0	8	1
R2INDX	ET090058	1	1999	8	600	4	0	2	1
R2INDX	ET090058	2	1998	8	250	4	0	2	1
R2INDX	ET090059	1	1998	8	150	7	1	88	1
R2INDX	ET090059	2	1994	8	200	7	0	11	1
R2INDX	ET090060	1	1994	7	800	1	1	88	3
R2INDX	ET090060	2	1995	7	900	1	1	88	3
R2INDX	ET090060	3	1996	7	1150	1	1	88	3
R2INDX	ET090060	4	1997	7	1000	1	1	88	3
R2INDX	ET090060	5	1998	7	1000	1	0	8	3
R2INDX	ET090062	1	1998	7	800	1	1	88	2
R2INDX	ET090063	1	1996	1	190	1	1	88	1
R2INDX	ET090063	2	1997	1	390	1	1	88	1
R2INDX	ET090063	3	1998	1	195	1	0	6	1
R2INDX	ET090064	1	1998	1	780	1	0	6	1
R2INDX	ET090065	1	1998	7	250	1	0	8	1
R2INDX	ET090066	1	1998	7	600	1	0	8	1
R2INDX	ET090067	1	1994	1	118	1	1	88	1
R2INDX	ET090067	2	1995	1	163	1	0	2	1
R2INDX	ET090067	3	1996	1	252	1	1	88	1
R2INDX	ET090067	4	1997	1	268.899993896484	1	1	88	1
R2INDX	ET090067	5	1998	1	115	1	1	88	1
R2INDX	ET090067	6	1998	7	400	1	0	8	2
R2INDX	ET090068	1	1995	1	232	1	0	2	1
R2INDX	ET090068	2	1996	1	230	1	1	88	1
R2INDX	ET090068	3	1997	1	250	1	1	88	1
R2INDX	ET090069	1	1994	2	95	1	1	88	1
R2INDX	ET090069	2	1995	2	95	1	0	8	1
R2INDX	ET090069	3	1996	2	105	1	1	88	1
R2INDX	ET090069	4	1997	2	117	1	1	88	1
R2INDX	ET090071	1	1994	2	1500	1	0	2	1
R2INDX	ET090071	2	1995	2	1892.25	1	1	88	1
R2INDX	ET090071	3	1996	2	1180	1	1	88	1
R2INDX	ET090071	4	1997	2	600	1	1	88	1
R2INDX	ET090071	5	1998	2	1193	1	1	88	1
R2INDX	ET090074	1	1996	1	320	1	1	88	1
R2INDX	ET090075	1	1997	1	180	1	1	88	1
R2INDX	ET090075	2	1997	1	600	1	1	88	1
R2INDX	ET090075	3	1998	1	195	1	1	88	1
R2INDX	ET090076	1	1994	1	200	1	1	88	1
R2INDX	ET090076	2	1995	1	230	1	0	2	1
R2INDX	ET090076	3	1996	1	256.350006103516	1	1	88	1
R2INDX	ET090076	4	1997	1	267	1	1	88	1
R2INDX	ET090076	5	1998	1	223	1	1	88	1
R2INDX	ET090076	6	1999	4	1500	1	0	8	1
R2INDX	ET090079	1	1994	2	121.400001525879	1	0	2	1
R2INDX	ET090079	2	1995	2	141.399993896484	1	1	88	1
R2INDX	ET090079	3	1994	6	150	1	1	88	1
R2INDX	ET090082	1	1995	1	80	1	0	2	3
R2INDX	ET090082	2	1996	1	334.160003662109	1	1	88	3
R2INDX	ET090082	3	1997	1	785.900024414063	1	1	88	3
R2INDX	ET090082	4	1998	1	321	1	1	88	3
R2INDX	ET090083	1	1994	2	235	1	0	2	1
R2INDX	ET090083	2	1995	2	230	1	1	88	1
R2INDX	ET090083	3	1996	2	255.800003051758	1	1	88	1
R2INDX	ET090083	4	1997	2	143	1	1	88	1
R2INDX	ET090083	5	1998	2	114	1	1	88	1
R2INDX	ET090083	6	1998	6	80	3	0	8	1
R2INDX	ET090083	7	1995	6	40	3	1	88	1
R2INDX	ET090085	1	1995	1	260.100006103516	1	1	88	1
R2INDX	ET090085	2	1996	1	150	1	1	88	1
R2INDX	ET090087	1	1998	7	400	10	0	8	2
R2INDX	ET090088	1	1994	2	230	1	1	88	1
R2INDX	ET090088	2	1995	2	230	1	1	88	1
R2INDX	ET090088	3	1996	2	370	1	1	88	1
R2INDX	ET090088	4	1997	2	260	1	1	88	1
R2INDX	ET090088	5	1998	2	260	1	0	9	1
R2INDX	ET090088	6	1995	8	200	2	1	88	1
R2INDX	ET090089	1	1998	7	1500	1	0	8	1
R2INDX	ET090090	1	1998	1	225	1	1	88	4
R2INDX	ET090093	1	1998	1	260	1	0	8	1
R2INDX	ET090093	2	1998	7	300	19	0	8	1
R2INDX	ET090094	1	1995	1	400	1	0	2	1
R2INDX	ET090094	2	1996	1	368	1	1	88	1
R2INDX	ET090094	3	1997	1	360	1	1	88	1
R2INDX	ET090095	1	1995	1	77	1	0	2	1
R2INDX	ET090095	2	1996	1	77	1	1	88	1
R2INDX	ET090095	3	1997	1	115	1	1	88	1
R2INDX	ET090095	4	1998	7	300	1	0	8	2
R2INDX	ET100008	1	1998	7	3100	13	0	11	1
R2INDX	ET100010	1	1999	6	800	7	0	11	2
R2INDX	ET100010	2	1998	6	2000	8	0	11	1
R2INDX	ET100011	1	1999	4	300	4	0	12	2
R2INDX	ET100011	2	1998	4	400	2	1	88	2
R2INDX	ET100011	3	1998	6	200	2	0	1	1
R2INDX	ET100014	1	1998	7	1000	19	1	88	2
R2INDX	ET100014	2	1999	7	1000	19	0	11	2
R2INDX	ET100015	1	1998	7	1000	4	0	8	2
R2INDX	ET100016	1	1999	4	150	2	0	8	2
R2INDX	ET100017	1	1998	4	560	8	1	88	2
R2INDX	ET100017	2	1999	4	750	8	0	11	2
R2INDX	ET100018	1	1998	7	750	6	1	88	2
R2INDX	ET100019	1	1997	7	500	2	1	88	2
R2INDX	ET100023	1	1996	7	500	3	1	88	1
R2INDX	ET100025	1	1994	6	3000	8	1	88	2
R2INDX	ET100025	2	1995	6	3000	8	1	88	2
R2INDX	ET100025	3	1997	6	4000	13	1	88	2
R2INDX	ET100025	4	1998	6	7000	8	0	8	2
R2INDX	ET100028	1	1998	5	1000	8	0	8	1
R2INDX	ET100030	1	1998	4	300	2	0	11	1
R2INDX	ET100031	1	1996	6	100	4	1	88	1
R2INDX	ET100031	2	1998	6	50	4	0	12	1
R2INDX	ET100033	1	1998	7	500	4	0	11	1
R2INDX	ET100034	1	1997	4	500	19	1	88	2
R2INDX	ET100034	2	1999	4	500	19	0	8	2
R2INDX	ET100035	1	1998	8	50	2	0	11	1
R2INDX	ET100042	1	1996	8	200	2	0	8	2
R2INDX	ET100042	2	1998	6	270	2	0	11	2
R2INDX	ET100045	1	1995	7	1200	8	1	88	1
R2INDX	ET100045	2	1996	5	470	8	1	88	1
R2INDX	ET100045	3	1999	5	525	8	0	11	1
R2INDX	ET100046	1	1998	8	900	7	0	6	2
R2INDX	ET100048	1	1995	8	200	3	1	88	2
R2INDX	ET100048	2	1997	6	100	4	1	88	2
R2INDX	ET100048	3	1998	6	130	4	1	88	2
R2INDX	ET100048	4	1999	6	200	4	0	6	2
R2INDX	ET100052	1	1999	5	4000	7	0	11	2
R2INDX	ET100054	1	1998	5	3000	2	0	8	1
R2INDX	ET100054	2	1999	6	100	2	1	88	1
R2INDX	ET100054	3	1999	6	400	1	0	8	1
R2INDX	ET100055	1	1995	6	1000	19	1	88	1
R2INDX	ET100055	2	1997	6	2000	8	1	88	1
R2INDX	ET100055	3	1998	6	4000	8	0	11	1
R2INDX	ET100058	1	1997	7	500	1	1	88	2
R2INDX	ET100058	2	1999	7	1000	1	1	88	2
R2INDX	ET100059	1	1997	4	1900	7	0	3	2
R2INDX	ET100060	1	1997	7	1000	19	0	6	2
R2INDX	ET100063	1	1998	6	700	2	1	88	16
R2INDX	ET100063	2	1999	6	300	2	0	11	16
R2INDX	ET100064	1	1994	7	12000	19	0	6	1
R2INDX	ET100066	1	1999	7	50000	19	0	8	1
R2INDX	ET100068	1	1998	4	150	2	0	11	1
R2INDX	ET100071	1	1997	5	300	1	0	11	1
R2INDX	ET100073	1	1998	7	1000	8	0	8	2
R2INDX	ET100073	2	1997	7	500	2	1	88	2
R2INDX	ET100073	3	1998	7	4000	7	0	8	1
R2INDX	ET100075	1	1997	2	2000	8	1	88	2
R2INDX	ET100078	1	1998	6	100	7	1	88	1
R2INDX	ET100079	1	1998	8	1000	2	0	12	2
R2INDX	ET100084	1	1998	7	1000	1	1	88	2
R2INDX	ET100094	1	1998	7	1000	4	1	88	3
R2INDX	ET100095	1	1997	7	500	19	0	12	1
R2INDX	ET100096	1	1998	6	300	7	1	88	2
R2INDX	ET100097	1	1996	7	6000	1	1	88	2
R2INDX	ET100097	2	1997	7	100	13	1	88	2
R2INDX	ET100097	3	1999	6	500	8	0	6	2
R2INDX	ET100098	1	1998	2	1300	8	1	88	3
R2INDX	ET100098	2	1997	2	1700	8	1	88	3
R2INDX	ET100098	3	1999	2	1750	8	0	8	3
R2INDX	ET100099	1	1998	7	800	2	1	88	2
R2INDX	ET100099	2	1999	7	1000	2	1	88	2
R2INDX	ET110002	1	1997	7	780	1	1	88	1
R2INDX	ET110002	2	1996	4	100	2	1	88	1
R2INDX	ET110003	1	1995	7	1000	10	1	88	1
R2INDX	ET110003	2	1996	7	1200	14	1	88	1
R2INDX	ET110003	3	1997	7	1300	10	1	88	1
R2INDX	ET110003	4	1998	7	1400	10	1	88	1
R2INDX	ET110004	1	1995	7	1000	1	1	88	1
R2INDX	ET110004	2	1996	7	1200	1	1	88	1
R2INDX	ET110004	3	1997	7	1500	1	1	88	1
R2INDX	ET110004	4	1998	7	1700	1	1	88	1
R2INDX	ET110005	1	1998	7	1600	14	0	11	1
R2INDX	ET110006	1	1996	7	800	1	1	88	1
R2INDX	ET110006	2	1997	7	1400	1	1	88	1
R2INDX	ET110007	1	1998	4	150	7	1	88	1
R2INDX	ET110008	1	1998	4	300	6	0	11	3
R2INDX	ET110009	1	1998	2	900	1	0	11	1
R2INDX	ET110010	1	1998	4	100	6	0	11	2
R2INDX	ET110011	1	1998	7	1100	14	0	8	1
R2INDX	ET110012	1	1998	7	1000	1	1	88	1
R2INDX	ET110014	1	1997	7	1100	1	1	88	1
R2INDX	ET110014	2	1998	7	1500	19	0	8	1
R2INDX	ET110016	1	1998	2	1000	1	0	11	1
R2INDX	ET110016	2	1997	2	1200	1	1	88	1
R2INDX	ET110017	1	1996	7	950	1	1	88	1
R2INDX	ET110019	1	1996	7	1000	1	1	88	1
R2INDX	ET110019	2	1997	7	1000	1	1	88	1
R2INDX	ET110019	3	1998	7	1000	1	0	8	1
R2INDX	ET110020	1	1998	2	900	1	0	6	1
R2INDX	ET110021	1	1995	7	1000	2	1	88	3
R2INDX	ET110022	1	1998	1	1700	1	0	11	1
R2INDX	ET110025	1	1997	7	1000	13	1	88	1
R2INDX	ET110025	2	1998	7	1200	8	1	88	1
R2INDX	ET110026	1	1998	7	1800	1	1	88	1
R2INDX	ET110027	1	1997	4	900	2	1	88	1
R2INDX	ET110027	2	1998	4	900	2	0	11	1
R2INDX	ET110030	1	1998	7	1000	2	0	11	2
R2INDX	ET110031	1	1998	2	600	1	0	11	1
R2INDX	ET110033	1	1998	4	100	2	0	11	1
R2INDX	ET110034	1	1998	7	1500	1	0	11	1
R2INDX	ET110037	1	1998	2	600	1	0	11	1
R2INDX	ET110038	1	1998	7	1106	2	0	11	1
R2INDX	ET110041	1	1998	8	200	7	1	88	3
R2INDX	ET110041	2	1997	8	100	7	0	12	3
R2INDX	ET110042	1	1994	7	822.5	1	1	88	1
R2INDX	ET110042	2	1995	7	952.200012207031	8	1	88	1
R2INDX	ET110042	3	1998	7	825	7	1	88	2
R2INDX	ET110043	1	1995	7	1000	2	1	88	1
R2INDX	ET110045	1	1999	4	1000	8	0	8	1
R2INDX	ET110046	1	1996	7	300	19	1	88	2
R2INDX	ET110047	1	1994	7	1050	1	1	88	1
R2INDX	ET110047	2	1995	7	1150	14	1	88	1
R2INDX	ET110047	3	1996	7	1300	19	1	88	1
R2INDX	ET110047	4	1997	7	1400	1	1	88	1
R2INDX	ET110047	5	1998	7	1500	14	1	88	1
R2INDX	ET110049	1	1998	7	800	2	0	11	3
R2INDX	ET110049	2	1998	4	200	2	1	88	2
R2INDX	ET110051	1	1994	7	1200	19	1	88	1
R2INDX	ET110051	2	1995	7	1300	19	1	88	1
R2INDX	ET110053	1	1998	4	300	2	0	2	16
R2INDX	ET110053	2	1998	2	500	1	1	88	16
R2INDX	ET110055	1	1995	7	1000	1	1	88	1
R2INDX	ET110055	2	1996	7	1400	1	1	88	1
R2INDX	ET110055	3	1997	7	1400	1	1	88	1
R2INDX	ET110056	1	1998	2	500	1	0	11	2
R2INDX	ET110059	1	1998	2	800	4	0	8	2
R2INDX	ET110060	1	1998	7	700	1	0	11	2
R2INDX	ET110061	1	1995	7	900	1	1	88	1
R2INDX	ET110061	2	1996	7	1000	14	1	88	1
R2INDX	ET110061	3	1997	7	1100	2	1	88	1
R2INDX	ET110063	1	1998	7	1000	2	0	11	3
R2INDX	ET110064	1	1998	7	600	14	0	11	2
R2INDX	ET110065	1	1998	2	900	1	0	11	1
R2INDX	ET110068	1	1993	7	300	1	1	88	2
R2INDX	ET110068	2	1994	7	500	18	1	88	2
R2INDX	ET110068	3	1999	4	300	2	0	8	1
R2INDX	ET110069	1	1998	2	1000	1	0	8	1
R2INDX	ET110070	1	1994	2	900	1	1	88	1
R2INDX	ET110070	2	1995	2	900	1	1	88	1
R2INDX	ET110070	3	1996	7	1500	1	1	88	2
R2INDX	ET110070	4	1997	7	1000	1	1	88	2
R2INDX	ET110070	5	1998	2	900	1	0	11	1
R2INDX	ET110072	1	1998	2	400	1	0	11	1
R2INDX	ET110074	1	1998	7	300	8	0	8	1
R2INDX	ET110078	1	1997	2	1000	1	1	88	1
R2INDX	ET110078	2	1998	2	1000	1	0	11	1
R2INDX	ET110079	1	1998	2	400	1	0	11	1
R2INDX	ET110080	1	1998	2	1200	1	0	11	1
R2INDX	ET110082	1	1996	7	1200	1	0	11	1
R2INDX	ET110082	2	1998	2	400	1	0	11	1
R2INDX	ET110083	1	1994	2	1100	1	1	88	1
R2INDX	ET110083	2	1995	2	900	1	1	88	1
R2INDX	ET110083	3	1996	2	800	1	1	88	1
R2INDX	ET110083	4	1997	2	700	1	1	88	1
R2INDX	ET110083	5	1998	2	800	1	0	6	1
R2INDX	ET110084	1	1996	7	300	13	1	88	2
R2INDX	ET110084	2	1997	7	500	13	1	88	2
R2INDX	ET110084	3	1998	7	700	13	1	88	2
R2INDX	ET110086	1	1998	2	200	1	1	88	2
R2INDX	ET110088	1	1996	7	800	1	1	88	1
R2INDX	ET110088	2	1997	7	1600	14	1	88	1
R2INDX	ET110088	3	1998	7	2000	11	1	88	1
R2INDX	ET110092	1	1998	7	1000	1	0	11	1
R2INDX	ET110093	1	1998	2	900	1	0	11	1
R2INDX	ET110098	1	1994	7	820	1	1	88	1
R2INDX	ET110098	2	1995	7	1250	1	1	88	1
R2INDX	ET110098	3	1996	7	1400	1	1	88	1
R2INDX	ET110098	4	1997	7	1500	1	1	88	1
R2INDX	ET110100	1	1994	7	1050	1	1	88	1
R2INDX	ET110100	2	1995	7	1600	1	1	88	1
R2INDX	ET110100	3	1996	7	1800	1	1	88	1
R2INDX	ET110100	4	1997	7	2500	1	1	88	1
R2INDX	ET110100	5	1998	7	200	1	1	88	1
R2INDX	ET120002	1	1997	1	98	1	1	88	1
R2INDX	ET120002	2	1995	8	185	7	1	88	1
R2INDX	ET120002	3	1997	8	197	7	0	11	1
R2INDX	ET120002	4	1998	8	82	7	0	11	1
R2INDX	ET120004	1	1999	8	200	7	0	11	1
R2INDX	ET120005	1	1998	8	150	6	1	88	1
R2INDX	ET120005	2	1999	8	200	19	0	11	1
R2INDX	ET120006	1	1998	1	300	1	0	11	1
R2INDX	ET120007	1	1994	4	400	2	0	11	1
R2INDX	ET120009	1	1998	8	1000	1	0	6	1
R2INDX	ET120010	1	1994	1	65	1	1	88	1
R2INDX	ET120010	2	1995	1	95	1	1	88	1
R2INDX	ET120010	3	1997	1	100	1	0	11	1
R2INDX	ET120010	4	1997	8	1000	8	1	88	1
R2INDX	ET120011	1	1998	8	500	7	1	88	1
R2INDX	ET120012	1	1998	8	300	2	0	11	16
R2INDX	ET120013	1	1998	6	300	19	1	88	1
R2INDX	ET120013	2	1998	6	50	6	1	88	2
R2INDX	ET120014	1	1998	8	30	6	1	88	1
R2INDX	ET120015	1	1994	8	1000	2	0	11	1
R2INDX	ET120015	2	1997	1	190	2	1	88	1
R2INDX	ET120016	1	1995	1	400	1	1	88	1
R2INDX	ET120016	2	1996	1	400	1	1	88	1
R2INDX	ET120016	3	1997	1	400	1	1	88	1
R2INDX	ET120016	4	1998	1	396	1	0	11	1
R2INDX	ET120016	5	1998	8	1000	16	0	11	1
R2INDX	ET120018	1	1996	8	300	7	1	88	1
R2INDX	ET120019	1	1996	8	300	7	1	88	1
R2INDX	ET120019	2	1997	8	200	1	1	88	1
R2INDX	ET120021	1	1998	4	300	8	0	11	1
R2INDX	ET120023	1	1995	8	200	3	1	88	1
R2INDX	ET120024	1	1994	1	160	1	1	88	1
R2INDX	ET120024	2	1995	1	160	1	1	88	1
R2INDX	ET120024	3	1996	1	100	1	1	88	1
R2INDX	ET120024	4	1998	1	90	1	1	88	1
R2INDX	ET120024	5	1999	1	160	1	0	11	1
R2INDX	ET120025	1	1995	8	2000	2	1	88	8
R2INDX	ET120025	2	1996	1	600	1	1	88	8
R2INDX	ET120025	3	1997	8	500	2	1	88	8
R2INDX	ET120025	4	1998	8	2000	2	0	11	8
R2INDX	ET120026	1	1994	1	250	1	1	88	1
R2INDX	ET120026	2	1995	1	200	1	1	88	1
R2INDX	ET120026	3	1996	1	270	1	1	88	1
R2INDX	ET120026	4	1997	1	220	1	1	88	1
R2INDX	ET120026	5	1998	1	260	1	0	11	1
R2INDX	ET120026	6	1998	8	100	10	0	11	1
R2INDX	ET120027	1	1994	1	700	1	1	88	1
R2INDX	ET120027	2	1995	1	700	1	1	88	1
R2INDX	ET120027	3	1996	1	1000	1	1	88	1
R2INDX	ET120027	4	1997	1	1050	1	1	88	1
R2INDX	ET120027	5	1998	1	950	1	0	11	1
R2INDX	ET120028	1	1998	1	205	1	0	11	1
R2INDX	ET120029	1	1998	8	100	1	1	88	2
R2INDX	ET120029	2	1999	4	150	2	1	88	2
R2INDX	ET120032	1	1995	2	80	1	1	88	1
R2INDX	ET120032	2	1996	2	80	1	1	88	1
R2INDX	ET120032	3	1997	2	180	1	1	88	1
R2INDX	ET120032	4	1998	2	180	1	0	11	1
R2INDX	ET120033	1	1998	8	500	1	0	11	1
R2INDX	ET120034	1	1994	1	600	1	1	88	1
R2INDX	ET120034	2	1995	1	350	1	1	88	1
R2INDX	ET120034	3	1996	1	350	1	1	88	1
R2INDX	ET120034	4	1997	1	650	1	1	88	1
R2INDX	ET120034	5	1998	1	850	1	0	11	1
R2INDX	ET120035	1	1994	1	186	1	1	88	1
R2INDX	ET120035	2	1995	1	186	1	1	88	1
R2INDX	ET120035	3	1996	1	186	1	1	88	1
R2INDX	ET120035	4	1997	1	186	1	1	88	1
R2INDX	ET120035	5	1998	1	186	1	1	88	1
R2INDX	ET120035	6	1999	1	186	1	0	11	1
R2INDX	ET120036	1	1999	8	50	4	0	11	2
R2INDX	ET120036	2	1997	1	260	1	1	88	1
R2INDX	ET120036	3	1998	8	390	1	0	11	1
R2INDX	ET120036	4	1998	1	42	1	0	11	1
R2INDX	ET120037	1	1998	8	165	2	0	8	1
R2INDX	ET120037	2	1998	8	500	10	0	8	1
R2INDX	ET120037	3	1997	8	500	10	0	8	1
R2INDX	ET120038	1	1999	8	1000	7	0	11	1
R2INDX	ET120038	2	1998	8	1000	2	0	11	1
R2INDX	ET120038	3	1997	4	2000	2	0	11	1
R2INDX	ET120039	1	1998	1	135	1	0	11	1
R2INDX	ET120040	1	1998	1	102	1	0	11	1
R2INDX	ET120040	2	1999	8	1200	2	0	11	1
R2INDX	ET120041	1	1997	8	150	7	1	88	1
R2INDX	ET120041	2	1998	8	50	7	1	88	1
R2INDX	ET120042	1	1998	1	220	1	0	11	16
R2INDX	ET120043	1	1998	8	300	14	1	88	1
R2INDX	ET120043	2	1998	8	200	8	1	88	1
R2INDX	ET120044	1	1995	8	1000	7	0	11	1
R2INDX	ET120044	2	1996	8	2000	7	0	11	1
R2INDX	ET120044	3	1997	8	800	6	0	11	1
R2INDX	ET120045	1	1997	8	400	1	1	88	1
R2INDX	ET120045	2	1998	8	670	14	0	11	1
R2INDX	ET120046	1	1994	1	186	1	1	88	1
R2INDX	ET120046	2	1995	1	186	1	1	88	1
R2INDX	ET120046	3	1996	1	186	1	1	88	1
R2INDX	ET120046	4	1997	1	186	1	1	88	1
R2INDX	ET120046	5	1999	1	186	1	0	11	1
R2INDX	ET120047	1	1996	8	600	1	1	88	1
R2INDX	ET120048	1	1998	1	350	1	0	11	1
R2INDX	ET120049	1	1997	8	100	2	1	88	1
R2INDX	ET120050	1	1995	4	510	7	0	9	1
R2INDX	ET120050	2	1998	1	90	1	0	11	1
R2INDX	ET120051	1	1998	8	100	2	0	11	1
R2INDX	ET120051	2	1999	4	100	2	0	11	1
R2INDX	ET120052	1	1997	1	400	1	1	88	1
R2INDX	ET120054	1	1996	1	80	1	1	88	1
R2INDX	ET120054	2	1997	1	80	1	1	88	1
R2INDX	ET120054	3	1998	1	80	1	0	11	1
R2INDX	ET120054	4	1997	8	4000	19	1	88	1
R2INDX	ET120055	1	1996	1	121	1	1	88	1
R2INDX	ET120055	2	1997	1	160	1	1	88	1
R2INDX	ET120055	3	1998	1	80	1	0	11	1
R2INDX	ET120056	1	1994	1	150	1	1	88	1
R2INDX	ET120056	2	1995	1	150	1	1	88	1
R2INDX	ET120056	3	1996	1	200	1	1	88	1
R2INDX	ET120056	4	1997	1	140	1	1	88	1
R2INDX	ET120056	5	1998	1	160	1	0	11	1
R2INDX	ET120056	6	1998	8	200	13	0	11	1
R2INDX	ET120057	1	1995	4	1000	2	0	11	1
R2INDX	ET120058	1	1998	8	30	7	0	11	1
R2INDX	ET120058	2	1999	8	20	19	0	11	1
R2INDX	ET120059	1	1995	1	800	1	1	88	1
R2INDX	ET120059	2	1996	1	900	1	1	88	1
R2INDX	ET120059	3	1997	1	1400	1	1	88	1
R2INDX	ET120059	4	1998	1	1400	1	0	11	1
R2INDX	ET120061	1	1998	8	1000	2	0	11	1
R2INDX	ET120061	2	1998	1	130	1	0	11	1
R2INDX	ET120061	3	1997	1	230	1	1	88	1
R2INDX	ET120061	4	1996	1	230	1	1	88	1
R2INDX	ET120062	1	1996	2	80	1	1	88	1
R2INDX	ET120062	2	1997	2	23.5	1	1	88	1
R2INDX	ET120062	3	1995	2	80	1	0	11	1
R2INDX	ET120062	4	1998	8	300	6	0	11	1
R2INDX	ET120063	1	1998	8	1000	1	0	11	1
R2INDX	ET120063	2	1999	8	300	2	1	88	1
R2INDX	ET120064	1	1998	4	700	7	0	11	2
R2INDX	ET120064	2	1998	1	168	1	0	11	1
R2INDX	ET120065	1	1996	8	150	2	1	88	1
R2INDX	ET120065	2	1997	8	300	2	1	88	1
R2INDX	ET120065	3	1998	1	250	1	0	11	1
R2INDX	ET120066	1	1994	4	70	2	1	88	1
R2INDX	ET120066	2	1995	4	50	2	1	88	1
R2INDX	ET120066	3	1996	4	290	2	1	88	1
R2INDX	ET120066	4	1997	4	220	1	0	4	1
R2INDX	ET120066	5	1998	4	40	2	0	11	1
R2INDX	ET120067	1	1996	1	112	1	1	88	1
R2INDX	ET120067	2	1997	1	112	1	1	88	1
R2INDX	ET120067	3	1998	1	80	1	0	11	1
R2INDX	ET120067	4	1998	8	530	6	0	11	1
R2INDX	ET120068	1	1998	8	400	2	0	6	1
R2INDX	ET120069	1	1998	8	950	13	0	11	1
R2INDX	ET120069	2	1999	8	1000	2	0	11	1
R2INDX	ET120070	1	1993	8	260	6	1	88	1
R2INDX	ET120070	2	1994	8	300	2	1	88	1
R2INDX	ET120070	3	1995	8	400	2	1	88	1
R2INDX	ET120070	4	1996	8	450	2	1	88	1
R2INDX	ET120070	5	1997	8	500	12	1	88	1
R2INDX	ET120070	6	1998	8	550	13	1	88	1
R2INDX	ET120070	7	1999	8	400	2	0	11	1
R2INDX	ET120071	1	1996	1	42	1	1	88	1
R2INDX	ET120071	2	1997	1	42	1	1	88	1
R2INDX	ET120071	3	1998	1	42	1	1	88	1
R2INDX	ET120072	1	1998	4	20	2	0	11	2
R2INDX	ET120074	1	1998	8	200	7	1	88	1
R2INDX	ET120075	1	1996	8	1000	2	0	12	1
R2INDX	ET120077	1	1997	1	380	1	1	88	1
R2INDX	ET120079	1	1998	8	50	2	0	11	1
R2INDX	ET120080	1	1999	8	150	19	1	88	2
R2INDX	ET120080	2	1999	8	200	19	0	11	3
R2INDX	ET120083	1	1995	1	1000	1	1	88	1
R2INDX	ET120083	2	1996	1	1000	1	1	88	1
R2INDX	ET120083	3	1997	1	1000	1	1	88	1
R2INDX	ET120083	4	1998	1	800	1	0	11	1
R2INDX	ET120084	1	1994	1	86	1	1	88	1
R2INDX	ET120084	2	1995	1	86	1	1	88	1
R2INDX	ET120084	3	1996	1	86	1	1	88	1
R2INDX	ET120084	4	1997	1	86	1	1	88	1
R2INDX	ET120084	5	1998	1	86	1	0	11	1
R2INDX	ET120085	1	1997	1	121	1	1	88	1
R2INDX	ET120085	2	1998	1	500	1	0	11	1
R2INDX	ET120086	1	1997	4	1200	7	0	3	3
R2INDX	ET120086	2	1999	4	300	1	0	3	3
R2INDX	ET120087	1	1995	1	93	1	1	88	1
R2INDX	ET120087	2	1996	1	120	1	1	88	1
R2INDX	ET120087	3	1997	1	125	1	1	88	1
R2INDX	ET120087	4	1998	1	120	1	0	11	1
R2INDX	ET120088	1	1994	1	83	1	1	88	1
R2INDX	ET120088	2	1995	1	83	1	1	88	1
R2INDX	ET120088	3	1996	1	83	1	1	88	1
R2INDX	ET120088	4	1997	1	83	1	1	88	1
R2INDX	ET120088	5	1998	1	86	1	0	11	1
R2INDX	ET120090	1	1996	1	100	1	1	88	1
R2INDX	ET120090	2	1997	1	120	1	1	88	1
R2INDX	ET120090	3	1998	1	150	1	0	11	1
R2INDX	ET120090	4	1998	8	1000	6	0	11	1
R2INDX	ET120091	1	1994	1	150	1	1	88	2
R2INDX	ET120091	2	1995	1	280	1	1	88	2
R2INDX	ET120091	3	1997	1	280	1	1	88	2
R2INDX	ET120091	4	1998	1	400	1	1	88	2
R2INDX	ET120091	5	1999	1	360	1	0	11	2
R2INDX	ET120092	1	1998	8	300	2	0	11	1
R2INDX	ET120092	2	1998	1	144	1	0	11	1
R2INDX	ET120093	1	1995	1	114	1	1	88	1
R2INDX	ET120093	2	1996	1	112	1	1	88	1
R2INDX	ET120093	3	1997	1	114	1	1	88	1
R2INDX	ET120093	4	1998	1	170	1	0	11	1
R2INDX	ET120093	5	1999	8	300	2	0	11	1
R2INDX	ET120094	1	1995	8	200	2	1	88	2
R2INDX	ET120095	1	1997	8	100	4	1	88	3
R2INDX	ET120095	2	1998	8	80	4	1	88	3
R2INDX	ET120095	3	1999	8	100	4	1	88	3
R2INDX	ET120096	1	1998	1	40	1	0	11	1
R2INDX	ET120098	1	1994	8	200	2	1	88	1
R2INDX	ET120098	2	1998	1	75	1	0	1	1
R2INDX	ET120098	3	1997	1	76	1	1	88	1
R2INDX	ET120099	1	1996	8	400	1	1	88	1
R2INDX	ET120099	2	1996	2	120	1	1	88	1
R2INDX	ET120100	1	1998	5	111	1	1	88	1
R2INDX	ET130001	1	1996	4	1000	19	1	88	1
R2INDX	ET130002	1	1998	7	1000	8	0	10	2
R2INDX	ET130003	1	1995	4	200	2	0	6	2
R2INDX	ET130005	1	1997	8	200	2	1	88	1
R2INDX	ET130007	1	1998	6	200	19	1	88	2
R2INDX	ET130008	1	1997	8	40	19	0	11	1
R2INDX	ET130009	1	1997	7	3000	19	1	88	1
R2INDX	ET130009	2	1998	6	1750	19	1	88	2
R2INDX	ET130009	3	1999	5	2000	19	1	88	2
R2INDX	ET130016	1	1998	3	5000	19	1	88	1
R2INDX	ET130016	2	1999	8	2000	19	0	11	1
R2INDX	ET130017	1	1996	7	1000	19	1	88	1
R2INDX	ET130018	1	1995	8	300	19	0	11	1
R2INDX	ET130018	2	1996	8	200	6	0	11	1
R2INDX	ET130018	3	1998	8	300	19	0	11	1
R2INDX	ET130019	1	1994	7	1500	2	1	88	2
R2INDX	ET130019	2	1994	7	800	2	1	88	1
R2INDX	ET130021	1	1999	4	200	2	0	6	1
R2INDX	ET130023	1	1998	5	1000	16	1	88	1
R2INDX	ET130023	2	1999	5	1500	16	0	11	1
R2INDX	ET130024	1	1994	8	20000	3	1	88	1
R2INDX	ET130024	2	1995	8	20000	3	1	88	1
R2INDX	ET130024	3	1996	8	20000	3	1	88	1
R2INDX	ET130024	4	1997	8	20000	3	1	88	1
R2INDX	ET130024	5	1998	8	30000	3	0	11	1
R2INDX	ET130025	1	1996	8	200	2	1	88	1
R2INDX	ET130025	2	1997	8	150	2	1	88	1
R2INDX	ET130025	3	1998	8	150	2	1	88	1
R2INDX	ET130027	1	1998	1	500	16	0	11	16
R2INDX	ET130027	2	1998	6	70	7	1	88	17
R2INDX	ET130027	3	1999	6	60	7	0	11	16
R2INDX	ET130027	4	1998	6	250	7	0	11	17
R2INDX	ET130030	1	1996	6	100	6	1	88	1
R2INDX	ET130031	1	1993	5	190000	19	1	88	1
R2INDX	ET130032	1	1995	8	50	2	1	88	1
R2INDX	ET130032	2	1996	8	50	2	1	88	1
R2INDX	ET130032	3	1997	8	70	2	1	88	1
R2INDX	ET130032	4	1998	8	70	2	1	88	1
R2INDX	ET130032	5	1998	8	70	2	1	88	1
R2INDX	ET130033	1	1998	8	100	2	1	88	1
R2INDX	ET130033	2	1999	8	50	2	1	88	1
R2INDX	ET130034	1	1994	5	500	14	1	88	2
R2INDX	ET130034	2	1996	5	600	14	1	88	2
R2INDX	ET130034	3	1998	5	300	4	0	11	3
R2INDX	ET130035	1	1995	8	12000	10	1	88	1
R2INDX	ET130035	2	1999	8	7000	10	0	11	1
R2INDX	ET130036	1	1997	7	2000	14	1	88	1
R2INDX	ET130039	1	1998	6	100	6	1	88	1
R2INDX	ET130041	1	1999	4	300	3	1	88	1
R2INDX	ET130042	1	1997	4	100	6	1	88	1
R2INDX	ET130042	2	1998	4	200	6	1	88	1
R2INDX	ET130042	3	1999	4	300	7	0	11	1
R2INDX	ET130043	1	1996	7	300	19	1	88	2
R2INDX	ET130044	1	1997	6	1000	8	1	88	2
R2INDX	ET130044	2	1998	6	1750	8	1	88	2
R2INDX	ET130045	1	1995	7	800	19	1	88	1
R2INDX	ET130045	2	1996	7	1000	19	1	88	1
R2INDX	ET130045	3	1997	7	1000	19	1	88	1
R2INDX	ET130045	4	1998	7	1000	5	1	88	1
R2INDX	ET130046	1	1998	4	1000	19	0	6	1
R2INDX	ET130047	1	1997	7	1000	1	1	88	1
R2INDX	ET130047	2	1998	7	1500	1	1	88	1
R2INDX	ET130047	3	1999	7	2000	1	0	8	1
R2INDX	ET130048	1	1997	7	1000	19	1	88	2
R2INDX	ET130048	2	1998	7	1300	19	1	88	2
R2INDX	ET130049	1	1998	7	1500	14	1	88	1
R2INDX	ET130049	2	1999	7	2000	14	0	11	1
R2INDX	ET130050	1	1998	6	50	6	1	88	1
R2INDX	ET130050	2	1998	6	80	7	1	88	1
R2INDX	ET130052	1	1994	8	500	7	0	11	1
R2INDX	ET130052	2	1997	8	300	6	0	11	1
R2INDX	ET130052	3	1999	4	200	2	0	11	1
R2INDX	ET130054	1	1996	7	1000	10	1	88	2
R2INDX	ET130055	1	1998	8	600	8	0	11	1
R2INDX	ET130057	1	1999	6	150	6	1	88	1
R2INDX	ET130058	1	1996	7	1000	2	1	88	1
R2INDX	ET130058	2	1997	7	1000	2	1	88	1
R2INDX	ET130059	1	1997	5	1000	19	1	88	2
R2INDX	ET130062	1	1997	4	200	19	1	88	1
R2INDX	ET130062	2	1998	8	260	19	1	88	1
R2INDX	ET130062	3	1999	8	160	19	1	88	1
R2INDX	ET130064	1	1997	5	500	8	1	88	1
R2INDX	ET130064	2	1998	6	500	2	0	11	1
R2INDX	ET130065	1	1996	4	700	6	0	8	19
R2INDX	ET130065	2	1997	4	500	7	0	8	19
R2INDX	ET130065	3	1998	4	300	7	0	8	19
R2INDX	ET130065	4	1999	4	1000	7	0	8	19
R2INDX	ET130071	1	1995	4	2000	10	1	88	1
R2INDX	ET130074	1	1998	7	1000	2	1	88	5
R2INDX	ET130079	1	1994	8	1000	19	0	6	1
R2INDX	ET130083	1	1994	7	500	19	1	88	1
R2INDX	ET130083	2	1996	7	1000	19	1	88	1
R2INDX	ET130083	3	1997	7	1500	19	1	88	1
R2INDX	ET130084	1	1999	7	2000	14	0	8	8
R2INDX	ET130084	2	1998	7	1500	14	1	88	8
R2INDX	ET130085	1	1996	6	450	8	1	88	1
R2INDX	ET130086	1	1997	7	1800	1	1	88	1
R2INDX	ET130087	1	1998	7	1500	1	1	88	1
R2INDX	ET130087	2	1999	7	2000	1	1	88	1
R2INDX	ET130087	3	1999	8	620	7	1	88	1
R2INDX	ET130088	1	1994	7	1000	3	1	88	1
R2INDX	ET130088	2	1995	7	700	18	1	88	1
R2INDX	ET130088	3	1998	7	1000	6	0	11	1
R2INDX	ET130089	1	1998	8	90	7	1	88	1
R2INDX	ET130091	1	1999	8	250	18	0	11	1
R2INDX	ET130095	1	1995	6	150	18	1	88	1
R2INDX	ET130095	2	1998	6	100	2	1	88	1
R2INDX	ET130096	1	1998	6	30	10	1	88	1
R2INDX	ET130099	1	1998	8	50	6	0	11	1
R2INDX	ET140001	1	1993	6	600	2	1	88	1
R2INDX	ET140011	1	1998	8	1600	16	0	8	1
R2INDX	ET140012	1	1997	7	2500	13	0	8	1
R2INDX	ET140016	1	1997	7	20000	8	0	8	1
R2INDX	ET140016	2	1997	7	12000	8	0	8	1
R2INDX	ET140017	1	1997	8	1000	7	1	88	1
R2INDX	ET140018	1	1998	5	160	15	0	8	1
R2INDX	ET140027	1	1999	8	1000	10	1	88	1
R2INDX	ET140029	1	1995	7	2000	8	1	88	16
R2INDX	ET140029	2	1996	7	2000	8	1	88	16
R2INDX	ET140029	3	1997	7	2000	8	1	88	16
R2INDX	ET140029	4	1998	7	2000	8	1	88	16
R2INDX	ET140038	1	1997	6	400	13	1	88	1
R2INDX	ET140040	1	1998	8	100	2	0	12	4
R2INDX	ET140041	1	1998	8	1000	19	0	11	2
R2INDX	ET140048	1	1999	8	100	19	0	11	1
R2INDX	ET140052	1	1997	6	1000	8	1	88	1
R2INDX	ET140056	1	1996	6	12000	8	0	8	1
R2INDX	ET140056	2	1998	7	5000	8	1	88	2
R2INDX	ET140058	1	1998	5	1000	2	1	88	1
R2INDX	ET140058	2	1997	6	2000	7	0	9	1
R2INDX	ET140058	3	1999	8	1000	6	0	9	1
R2INDX	ET140058	4	1999	8	500	2	0	9	1
R2INDX	ET140059	1	1996	6	4000	19	1	88	1
R2INDX	ET140060	1	1995	7	1000	8	0	9	2
R2INDX	ET140060	2	1999	2	100	10	0	9	2
R2INDX	ET140061	1	1999	6	150	7	0	12	3
R2INDX	ET140063	1	1995	8	300	7	1	88	1
R2INDX	ET140065	1	1999	8	300	19	1	88	1
R2INDX	ET140068	1	1999	6	20000	8	0	8	2
R2INDX	ET140070	1	1999	4	1700	19	0	10	1
R2INDX	ET140072	1	1997	7	500	19	1	88	2
R2INDX	ET140074	1	1996	7	300	6	1	88	2
R2INDX	ET140074	2	1997	7	250	19	1	88	2
R2INDX	ET140074	3	1999	7	250	18	0	11	2
R2INDX	ET140076	1	1998	5	5000	8	0	8	1
R2INDX	ET140077	1	1995	7	1000	8	1	88	1
R2INDX	ET140077	2	1997	7	1500	6	0	8	1
R2INDX	ET140079	1	1993	7	800	2	1	88	1
R2INDX	ET140079	2	1998	7	900	16	1	88	1
R2INDX	ET140083	1	1998	7	12000	8	0	8	2
R2INDX	ET140085	1	1994	7	1500	10	1	88	1
R2INDX	ET140091	1	1997	7	1000	19	1	88	2
R2INDX	ET140093	1	1998	8	1000	15	0	11	1
R2INDX	ET150014	1	1999	8	300	8	0	11	1
R2INDX	ET150021	1	1998	8	600	7	1	88	1
R2INDX	ET150023	1	1997	8	350	7	1	88	1
R2INDX	ET150029	1	1994	7	470	19	1	88	1
R2INDX	ET150034	1	1998	8	50	1	1	88	1
R2INDX	ET150038	1	1998	6	40	1	0	2	1
R2INDX	ET150039	1	1996	5	260	10	1	88	1
R2INDX	ET150041	1	1999	8	500	18	0	8	1
R2INDX	ET150050	1	1997	4	150	2	1	88	1
R2INDX	ET150056	1	1997	4	200	2	1	88	1
R2INDX	ET150060	1	1994	8	400	7	1	88	1
R2INDX	ET150060	2	1995	8	200	7	1	88	1
R2INDX	ET150060	3	1998	8	620	1	0	9	1
R2INDX	ET150061	1	1998	8	1000	8	0	8	1
R2INDX	ET150062	1	1998	7	1000	19	1	88	1
R2INDX	ET150080	1	1998	8	70	7	1	88	1
R2INDX	ET150087	1	1998	7	500	1	1	88	1
R2INDX	ET150088	1	1998	7	500	19	1	88	1
R2INDX	ET150090	1	1999	8	300	2	0	11	1
R2INDX	ET150098	1	1996	8	200	2	0	11	1
R2INDX	ET150100	1	1998	8	50	8	0	11	1
R2INDX	ET160001	1	1999	8	400	19	1	88	1
R2INDX	ET160001	2	1998	4	300	2	1	88	1
R2INDX	ET160002	1	1995	4	300	2	1	88	1
R2INDX	ET160002	2	1996	4	250	2	1	88	1
R2INDX	ET160002	3	1997	4	400	7	0	11	1
R2INDX	ET160002	4	1998	4	375	2	0	8	1
R2INDX	ET160002	5	1999	4	700	2	0	8	1
R2INDX	ET160003	1	1995	8	2000	7	0	3	1
R2INDX	ET160003	2	1993	8	3000	7	0	11	1
R2INDX	ET160005	1	1996	2	300	6	1	88	1
R2INDX	ET160005	2	1997	2	200	6	0	11	1
R2INDX	ET160005	3	1998	8	110	2	0	3	1
R2INDX	ET160006	1	1995	8	400	6	1	88	1
R2INDX	ET160006	2	1996	8	200	7	1	88	1
R2INDX	ET160006	3	1997	8	300	2	0	11	1
R2INDX	ET160006	4	1998	8	200	4	0	3	1
R2INDX	ET160008	1	1995	8	1000	18	1	88	2
R2INDX	ET160008	2	1996	8	500	18	1	88	2
R2INDX	ET160008	3	1997	8	500	18	1	88	2
R2INDX	ET160008	4	1998	8	200	18	1	88	2
R2INDX	ET160009	1	1995	8	170	2	0	11	1
R2INDX	ET160009	2	1996	8	500	7	0	11	1
R2INDX	ET160009	3	1997	8	350	7	0	11	1
R2INDX	ET160009	4	1998	8	420	2	0	11	1
R2INDX	ET160010	1	1996	8	2000	7	1	88	1
R2INDX	ET160010	2	1998	8	1500	19	0	11	1
R2INDX	ET160011	1	1995	4	150	2	1	88	1
R2INDX	ET160011	2	1996	4	150	2	1	88	1
R2INDX	ET160011	3	1998	1	1600	1	0	11	1
R2INDX	ET160012	1	1995	4	600	7	1	88	1
R2INDX	ET160012	2	1998	4	500	8	1	88	2
R2INDX	ET160013	1	1995	4	200	14	1	88	1
R2INDX	ET160013	2	1996	4	200	10	1	88	1
R2INDX	ET160013	3	1997	4	200	10	1	88	1
R2INDX	ET160013	4	1998	4	200	19	1	88	1
R2INDX	ET160013	5	1999	4	300	10	0	11	1
R2INDX	ET160014	1	1994	4	375	1	1	88	1
R2INDX	ET160014	2	1995	4	210	2	1	88	1
R2INDX	ET160014	3	1995	2	290	1	1	88	1
R2INDX	ET160014	4	1996	2	188	1	1	88	1
R2INDX	ET160014	5	1997	4	280	15	1	88	1
R2INDX	ET160014	6	1998	4	1430	7	0	11	1
R2INDX	ET160015	1	1996	4	630	7	1	88	1
R2INDX	ET160015	2	1998	4	340	2	1	88	1
R2INDX	ET160015	3	1999	4	600	2	0	11	1
R2INDX	ET160016	1	1998	4	2000	7	1	88	1
R2INDX	ET160016	2	1997	4	200	2	1	88	1
R2INDX	ET160017	1	1997	8	700	7	0	11	1
R2INDX	ET160018	1	1994	5	400	1	1	88	1
R2INDX	ET160018	2	1994	4	300	2	1	88	1
R2INDX	ET160018	3	1995	5	400	1	1	88	1
R2INDX	ET160018	4	1995	4	250	2	1	88	1
R2INDX	ET160018	5	1996	5	350	1	1	88	1
R2INDX	ET160018	6	1996	4	200	2	1	88	1
R2INDX	ET160018	7	1997	5	200	1	1	88	1
R2INDX	ET160018	8	1998	5	400	1	0	11	1
R2INDX	ET160019	1	1997	4	300	7	1	88	1
R2INDX	ET160019	2	1998	4	200	1	1	88	1
R2INDX	ET160019	3	1999	4	280	8	0	8	1
R2INDX	ET160021	1	1999	8	700	2	0	11	1
R2INDX	ET160022	1	1999	8	30	2	1	88	1
R2INDX	ET160024	1	1995	1	195	1	1	88	1
R2INDX	ET160024	2	1996	1	188	1	1	88	1
R2INDX	ET160025	1	1997	8	5000	8	0	11	1
R2INDX	ET160026	1	1998	8	300	2	0	12	1
R2INDX	ET160027	1	1998	4	1000	1	0	2	1
R2INDX	ET160027	2	1996	8	1000	16	0	2	1
R2INDX	ET160028	1	1997	4	300	1	1	88	2
R2INDX	ET160028	2	1996	4	230	2	1	88	2
R2INDX	ET160028	3	1998	8	200	1	1	88	2
R2INDX	ET160029	1	1995	4	200	2	1	88	1
R2INDX	ET160029	2	1996	4	200	2	1	88	1
R2INDX	ET160029	3	1997	4	150	2	1	88	1
R2INDX	ET160029	4	1998	4	300	2	1	88	1
R2INDX	ET160029	5	1999	4	300	2	0	11	1
R2INDX	ET160029	6	1995	2	160	1	1	88	1
R2INDX	ET160029	7	1997	2	180	1	1	88	1
R2INDX	ET160030	1	1994	5	200	1	1	88	1
R2INDX	ET160030	2	1994	4	500	2	1	88	1
R2INDX	ET160030	3	1995	5	190	1	1	88	1
R2INDX	ET160030	4	1995	4	500	2	1	88	1
R2INDX	ET160030	5	1996	5	190	1	1	88	1
R2INDX	ET160030	6	1996	4	500	2	1	88	1
R2INDX	ET160030	7	1997	5	180	1	1	88	1
R2INDX	ET160030	8	1997	4	500	2	1	88	1
R2INDX	ET160030	9	1998	5	200	1	1	88	1
R2INDX	ET160030	10	1998	4	500	2	1	88	1
R2INDX	ET160031	1	1994	4	200	2	1	88	1
R2INDX	ET160031	2	1994	2	100	1	1	88	1
R2INDX	ET160031	3	1995	2	120	1	1	88	1
R2INDX	ET160031	4	1996	2	120	1	1	88	1
R2INDX	ET160031	5	1997	2	130	1	1	88	1
R2INDX	ET160031	6	1998	2	130	1	0	11	1
R2INDX	ET160031	7	1998	4	300	2	0	11	1
R2INDX	ET160032	1	1994	4	500	7	0	11	1
R2INDX	ET160032	2	1996	4	200	8	1	88	1
R2INDX	ET160032	3	1997	4	200	2	0	11	1
R2INDX	ET160032	4	1998	4	300	2	0	11	1
R2INDX	ET160033	1	1997	4	1300	8	0	12	1
R2INDX	ET160034	1	1994	4	200	2	1	88	1
R2INDX	ET160034	2	1995	4	200	2	1	88	1
R2INDX	ET160034	3	1996	4	200	2	1	88	1
R2INDX	ET160034	4	1997	4	200	2	1	88	1
R2INDX	ET160034	5	1998	4	200	2	1	88	1
R2INDX	ET160034	6	1999	4	200	2	0	11	1
R2INDX	ET160035	3	1994	4	200	2	1	88	1
R2INDX	ET160035	4	1994	5	228	1	1	88	1
R2INDX	ET160035	5	1995	4	200	2	1	88	1
R2INDX	ET160035	6	1995	5	230	1	1	88	1
R2INDX	ET160035	7	1996	4	200	2	1	88	1
R2INDX	ET160035	8	1996	5	230	1	1	88	1
R2INDX	ET160035	9	1997	4	200	2	1	88	1
R2INDX	ET160035	10	1997	5	240	1	1	88	1
R2INDX	ET160035	11	1998	4	250	2	0	11	1
R2INDX	ET160035	12	1998	5	260	1	0	11	1
R2INDX	ET160035	13	1999	4	250	2	0	11	1
R2INDX	ET160036	1	1994	4	400	11	0	11	1
R2INDX	ET160036	2	1995	4	600	7	1	88	1
R2INDX	ET160036	3	1996	4	300	2	0	11	1
R2INDX	ET160036	4	1997	4	300	2	0	11	1
R2INDX	ET160036	5	1998	4	960	2	0	11	1
R2INDX	ET160037	1	1994	8	500	2	1	88	1
R2INDX	ET160037	2	1995	4	830	1	1	88	1
R2INDX	ET160037	3	1996	4	586.200012207031	1	1	88	1
R2INDX	ET160037	4	1997	4	260	1	1	88	1
R2INDX	ET160037	5	1997	8	300	15	1	88	1
R2INDX	ET160037	6	1998	4	947.5	2	0	11	1
R2INDX	ET160037	7	1998	2	190	1	0	11	1
R2INDX	ET160038	1	1994	2	1200	1	1	88	1
R2INDX	ET160038	2	1995	4	1270	1	0	1	1
R2INDX	ET160040	1	1996	4	1000	2	0	1	2
R2INDX	ET160040	2	1997	4	200	6	0	3	2
R2INDX	ET160040	3	1998	4	300	6	0	3	2
R2INDX	ET160041	1	1995	2	300	1	0	12	1
R2INDX	ET160041	2	1998	4	400	16	0	12	1
R2INDX	ET160042	1	1994	5	600	1	1	88	1
R2INDX	ET160042	2	1994	4	300	2	1	88	1
R2INDX	ET160042	3	1995	5	700	1	1	88	1
R2INDX	ET160042	4	1995	4	400	2	1	88	1
R2INDX	ET160042	5	1995	4	600	6	1	88	1
R2INDX	ET160042	6	1996	5	600	1	1	88	1
R2INDX	ET160042	7	1996	4	400	2	1	88	1
R2INDX	ET160042	8	1997	5	700	1	1	88	1
R2INDX	ET160042	9	1997	4	350	2	1	88	1
R2INDX	ET160042	10	1997	4	300	6	1	88	1
R2INDX	ET160042	11	1998	5	600	1	1	88	1
R2INDX	ET160042	12	1998	4	400	2	1	88	1
R2INDX	ET160042	13	1998	4	200	6	1	88	1
R2INDX	ET160043	1	1998	3	1600	14	0	11	1
R2INDX	ET160044	1	1996	8	1500	6	0	11	1
R2INDX	ET160044	2	1997	1	350	1	1	88	1
R2INDX	ET160045	1	1997	4	1000	7	0	3	1
R2INDX	ET160045	2	1999	4	500	7	0	11	1
R2INDX	ET160046	1	1998	8	80	6	0	12	2
R2INDX	ET160046	2	1994	8	100	2	0	12	2
R2INDX	ET160047	1	1994	8	200	2	1	88	1
R2INDX	ET160047	2	1997	6	300	1	1	88	1
R2INDX	ET160047	3	1998	6	300	1	0	11	1
R2INDX	ET160048	1	1994	5	500	1	1	88	1
R2INDX	ET160048	2	1995	5	480	1	1	88	1
R2INDX	ET160048	3	1996	5	450	1	1	88	1
R2INDX	ET160048	4	1996	8	300	2	1	88	1
R2INDX	ET160048	5	1997	5	500	1	1	88	1
R2INDX	ET160048	6	1998	5	450	1	0	11	1
R2INDX	ET160048	7	1998	8	400	2	0	11	1
R2INDX	ET160049	1	1998	8	7000	10	0	11	1
R2INDX	ET160050	1	1994	4	600	7	1	88	1
R2INDX	ET160050	2	1997	4	500	18	1	88	1
R2INDX	ET160050	3	1998	2	240	1	0	11	1
R2INDX	ET160050	4	1999	4	300	2	0	11	1
R2INDX	ET160051	1	1998	2	330	1	0	11	1
R2INDX	ET160052	1	1994	7	1500	19	1	88	1
R2INDX	ET160052	2	1995	2	200	1	1	88	1
R2INDX	ET160052	3	1996	2	200	1	1	88	1
R2INDX	ET160052	4	1997	3	200	1	1	88	1
R2INDX	ET160052	5	1998	3	200	1	1	88	1
R2INDX	ET160052	6	1999	3	200	1	0	9	1
R2INDX	ET160053	1	1994	5	280	1	0	8	1
R2INDX	ET160053	2	1995	4	150	2	1	88	1
R2INDX	ET160054	1	1994	4	300	2	1	88	3
R2INDX	ET160054	2	1995	4	450	2	1	88	3
R2INDX	ET160054	3	1996	4	420	2	1	88	3
R2INDX	ET160054	4	1997	4	380	2	1	88	3
R2INDX	ET160054	5	1998	4	500	2	0	11	3
R2INDX	ET160055	1	1998	8	2000	6	0	11	1
R2INDX	ET160055	2	1998	5	300	1	0	11	1
R2INDX	ET160057	1	1994	4	500	6	0	9	1
R2INDX	ET160057	2	1997	2	200	1	1	88	2
R2INDX	ET160057	3	1998	2	200	1	0	11	2
R2INDX	ET160057	4	1999	4	100	6	0	11	2
R2INDX	ET160058	1	1996	4	1500	10	0	6	1
R2INDX	ET160058	2	1997	4	500	6	0	6	1
R2INDX	ET160058	3	1999	4	2000	8	0	6	1
R2INDX	ET160060	1	1996	4	500	6	0	11	1
R2INDX	ET160060	2	1998	1	300	1	0	11	1
R2INDX	ET160061	1	1996	8	4700	7	0	9	1
R2INDX	ET160061	2	1997	4	200	2	0	11	1
R2INDX	ET160064	1	1993	5	430	1	0	11	1
R2INDX	ET160065	1	1999	4	1560	1	0	8	3
R2INDX	ET160066	1	1998	4	600	1	0	11	1
R2INDX	ET160067	1	1995	5	150	1	1	88	2
R2INDX	ET160067	2	1996	4	30	2	0	3	2
R2INDX	ET160067	3	1997	4	20	2	0	3	2
R2INDX	ET160067	4	1998	4	20	2	0	9	2
R2INDX	ET160069	1	1994	8	250	2	1	88	1
R2INDX	ET160069	2	1995	4	200	1	1	88	1
R2INDX	ET160069	3	1996	4	250	2	1	88	1
R2INDX	ET160069	4	1997	4	300	1	1	88	1
R2INDX	ET160069	5	1998	4	400	19	0	6	1
R2INDX	ET160069	6	1999	4	400	6	0	11	1
R2INDX	ET160070	1	1998	8	100	1	1	88	2
R2INDX	ET160070	2	1996	8	250	11	1	88	1
R2INDX	ET160071	1	1998	4	3500	8	0	11	1
R2INDX	ET160072	1	1998	8	300	14	1	88	1
R2INDX	ET160073	1	1998	8	200	7	1	88	1
R2INDX	ET160073	2	1998	5	300	1	0	11	1
R2INDX	ET160074	1	1996	8	2000	19	0	10	1
R2INDX	ET160074	2	1998	5	1600	1	0	8	1
R2INDX	ET160075	1	1994	4	1000	6	1	88	1
R2INDX	ET160075	2	1995	4	1500	2	0	11	1
R2INDX	ET160075	3	1996	4	1200	14	0	11	1
R2INDX	ET160075	4	1997	4	2000	14	0	11	1
R2INDX	ET160075	5	1998	4	3000	1	0	11	1
R2INDX	ET160075	6	1998	4	1500	15	0	11	1
R2INDX	ET160075	7	1999	4	800	1	0	11	1
R2INDX	ET160076	1	1997	8	3000	8	0	11	1
R2INDX	ET160076	2	1998	8	3500	10	0	11	1
R2INDX	ET160079	1	1994	4	340	2	1	88	1
R2INDX	ET160079	2	1995	4	380	2	1	88	1
R2INDX	ET160079	3	1995	2	180	1	1	88	1
R2INDX	ET160079	4	1996	4	380	2	1	88	1
R2INDX	ET160079	5	1996	2	180	1	1	88	1
R2INDX	ET160079	6	1997	4	450	1	1	88	1
R2INDX	ET160079	7	1997	2	180	1	1	88	1
R2INDX	ET160079	8	1998	4	200	1	1	88	1
R2INDX	ET160079	9	1998	2	180	1	1	88	1
R2INDX	ET160080	1	1996	8	200	6	1	88	1
R2INDX	ET160080	2	1997	8	200	6	1	88	1
R2INDX	ET160080	3	1999	8	150	2	0	11	1
R2INDX	ET160081	1	1996	2	300	6	1	88	1
R2INDX	ET160081	2	1998	8	250	1	0	11	1
R2INDX	ET160081	3	1998	4	230	2	0	11	1
R2INDX	ET160082	1	1998	4	1000	7	0	11	1
R2INDX	ET160083	1	1998	4	710	7	0	2	1
R2INDX	ET160085	1	1996	2	160	1	1	88	1
R2INDX	ET160086	1	1995	8	5000	18	0	11	1
R2INDX	ET160086	2	1998	8	150	6	1	88	1
R2INDX	ET160086	3	1999	8	200	2	0	11	1
R2INDX	ET160087	1	1994	2	300	1	1	88	1
R2INDX	ET160087	2	1995	4	150	2	1	88	1
R2INDX	ET160087	3	1996	4	150	2	1	88	1
R2INDX	ET160087	4	1997	4	160	1	0	2	1
R2INDX	ET160087	5	1998	4	190	2	0	2	1
R2INDX	ET160088	1	1998	4	500	10	0	11	1
R2INDX	ET160089	1	1997	4	400	7	1	88	1
R2INDX	ET160089	2	1998	4	460	1	1	88	1
R2INDX	ET160089	3	1999	4	160	2	1	88	1
R2INDX	ET160092	1	1994	5	570	1	1	88	1
R2INDX	ET160092	2	1995	4	250	1	1	88	1
R2INDX	ET160092	3	1996	4	770	2	0	3	1
R2INDX	ET160093	1	1994	4	300	4	1	88	2
R2INDX	ET160093	2	1996	2	400	1	1	88	1
R2INDX	ET160093	3	1997	2	400	1	1	88	1
R2INDX	ET160093	4	1998	2	380	1	1	88	1
R2INDX	ET160093	5	1999	4	300	4	0	11	2
R2INDX	ET160094	1	1996	2	160	1	1	88	1
R2INDX	ET160094	2	1997	2	180	1	1	88	1
R2INDX	ET160094	3	1997	4	200	2	1	88	1
R2INDX	ET160094	4	1998	2	180	1	1	88	1
R2INDX	ET160094	5	1998	4	200	2	1	88	1
R2INDX	ET160094	6	1999	4	250	2	0	11	1
R2INDX	ET160095	1	1995	8	800	7	0	9	1
R2INDX	ET160096	1	1995	5	380	1	1	88	1
R2INDX	ET160096	2	1998	5	500	1	1	88	1
R2INDX	ET160096	3	1999	4	1200	1	0	11	1
R2INDX	ET160097	1	1995	2	-77	1	1	88	1
R2INDX	ET160097	2	1996	2	-77	1	1	88	1
R2INDX	ET160097	3	1997	2	102	1	1	88	1
R2INDX	ET160097	4	1998	2	102	1	1	88	1
R2INDX	ET160097	5	1998	8	4000	8	0	11	1
R2INDX	ET160098	1	1994	5	300	1	1	88	1
R2INDX	ET160098	2	1994	4	500	8	1	88	1
R2INDX	ET160098	3	1995	5	350	1	1	88	1
R2INDX	ET160098	4	1995	4	300	2	1	88	1
R2INDX	ET160098	5	1996	5	300	1	1	88	1
R2INDX	ET160098	6	1996	4	5000	2	0	8	1
R2INDX	ET160098	7	1997	4	300	2	1	88	1
R2INDX	ET160098	8	1998	4	300	2	0	11	1
R2INDX	ET160098	9	1998	4	150	6	0	11	1
R2INDX	ET160099	1	1994	4	1000	1	1	88	1
R2INDX	ET160099	2	1995	2	1000	1	1	88	1
R2INDX	ET160099	3	1996	2	1000	2	0	11	1
R2INDX	ET160099	4	1997	2	2000	1	0	2	1
R2INDX	ET160099	5	1998	2	5000	7	0	2	1
R2INDX	ET160100	1	1998	4	300	1	0	2	1
R2INDX	ET160100	2	1999	4	100	2	0	11	1
R2INDX	ET170002	1	1997	7	2500	1	0	8	1
R2INDX	ET170003	1	1994	7	280	1	1	88	1
R2INDX	ET170003	2	1995	7	600	1	1	88	1
R2INDX	ET170003	3	1996	7	800	1	1	88	1
R2INDX	ET170003	4	1997	7	1000	1	0	8	1
R2INDX	ET170004	1	1997	7	1000	1	0	8	1
R2INDX	ET170007	1	1996	7	1400	1	0	8	1
R2INDX	ET170008	1	1995	7	1500	1	0	12	1
R2INDX	ET170011	1	1997	7	1800	1	0	8	1
R2INDX	ET170012	1	1997	7	1000	1	0	8	1
R2INDX	ET170013	1	1993	99	1000	1	1	88	1
R2INDX	ET170015	1	1997	7	2000	1	0	8	1
R2INDX	ET170016	1	1997	7	1600	1	0	8	4
R2INDX	ET170018	1	1997	7	2000	1	0	8	1
R2INDX	ET170019	1	1995	7	1600	1	1	88	1
R2INDX	ET170019	2	1996	7	2000	1	1	88	1
R2INDX	ET170019	3	1997	7	2500	1	0	8	1
R2INDX	ET170020	1	1996	7	2000	1	1	88	1
R2INDX	ET170022	1	1997	7	2000	1	0	8	1
R2INDX	ET170023	1	1997	2	3000	1	0	8	1
R2INDX	ET170026	1	1993	7	2000	1	1	88	1
R2INDX	ET170026	2	1997	7	2000	1	0	8	1
R2INDX	ET170027	1	1993	7	7000	1	0	8	1
R2INDX	ET170029	1	1997	7	1000	1	0	8	1
R2INDX	ET170030	1	1995	7	2000	1	1	88	1
R2INDX	ET170030	2	1997	7	2000	1	0	8	1
R2INDX	ET170031	1	1995	7	800	1	1	88	1
R2INDX	ET170031	2	1996	7	1000	1	1	88	1
R2INDX	ET170031	3	1997	7	1500	1	0	8	1
R2INDX	ET170032	1	1995	7	700	1	1	88	1
R2INDX	ET170032	2	1997	7	1000	1	1	88	1
R2INDX	ET170032	3	1998	7	1200	1	0	8	1
R2INDX	ET170033	1	1994	7	1000	1	1	88	1
R2INDX	ET170033	2	1995	7	1500	1	1	88	1
R2INDX	ET170033	3	1997	7	3200	1	0	8	1
R2INDX	ET170034	1	1994	7	180	1	1	88	1
R2INDX	ET170034	2	1995	7	1300	1	0	8	1
R2INDX	ET170034	3	1996	7	210	1	1	88	1
R2INDX	ET170035	1	1997	7	800	1	1	88	1
R2INDX	ET170035	2	1998	7	1200	1	0	8	1
R2INDX	ET170037	1	1998	7	1300	1	0	8	1
R2INDX	ET170038	1	1997	77	1000	1	0	8	2
R2INDX	ET170039	1	1997	7	1600	1	0	8	1
R2INDX	ET170040	1	1994	7	800	1	1	88	1
R2INDX	ET170040	2	1995	7	1000	1	1	88	1
R2INDX	ET170040	3	1996	7	1500	1	1	88	1
R2INDX	ET170040	4	1997	7	1200	1	0	8	1
R2INDX	ET170041	1	1997	7	4000	1	0	8	1
R2INDX	ET170042	1	1995	7	1300	1	0	8	1
R2INDX	ET170043	1	1997	7	1100	1	0	8	1
R2INDX	ET170043	2	1998	7	200	1	0	8	1
R2INDX	ET170045	1	1997	7	3000	1	0	8	1
R2INDX	ET170046	1	1997	7	1800	1	0	8	1
R2INDX	ET170047	1	1997	7	1000	1	0	8	1
R2INDX	ET170048	1	1994	7	2500	1	0	8	1
R2INDX	ET170049	1	1994	7	1200	1	1	88	1
R2INDX	ET170049	2	1996	7	1200	1	1	88	1
R2INDX	ET170050	1	1998	7	1500	1	0	8	1
R2INDX	ET170051	1	1996	7	1600	1	0	8	1
R2INDX	ET170052	1	1997	7	3000	1	0	8	1
R2INDX	ET170053	1	1995	7	1300	1	1	88	1
R2INDX	ET170053	2	1998	7	3000	1	0	8	1
R2INDX	ET170055	1	1994	7	1000	1	1	88	1
R2INDX	ET170055	2	1995	7	1000	1	1	88	1
R2INDX	ET170055	3	1997	7	4500	1	0	8	1
R2INDX	ET170056	1	1997	7	1100	2	0	11	3
R2INDX	ET170057	1	1998	7	2000	1	0	8	1
R2INDX	ET170057	2	1997	7	800	1	0	8	2
R2INDX	ET170058	1	1993	7	1000	1	1	88	1
R2INDX	ET170058	2	1993	7	1000	1	1	88	2
R2INDX	ET170058	3	1993	7	800	1	1	88	2
R2INDX	ET170058	4	1993	7	700	1	1	88	2
R2INDX	ET170058	5	1994	7	1000	1	1	88	1
R2INDX	ET170058	6	1996	7	700	1	1	88	1
R2INDX	ET170058	7	1997	7	3485	1	0	8	1
R2INDX	ET170059	1	1997	7	1000	2	0	11	1
R2INDX	ET170059	2	1997	7	170	1	1	88	2
R2INDX	ET170060	1	1997	7	600	7	0	8	1
R2INDX	ET170061	1	1997	7	370	1	0	8	2
R2INDX	ET170062	1	1997	2	3000	1	0	8	2
R2INDX	ET170063	1	1997	7	500	2	0	8	1
R2INDX	ET170064	1	1994	7	2000	1	1	88	1
R2INDX	ET170064	2	1996	7	2500	1	1	88	1
R2INDX	ET170064	3	1997	7	5000	12	0	8	1
R2INDX	ET170065	1	1997	7	1700	2	0	11	1
R2INDX	ET170066	1	1997	2	4000	1	0	8	1
R2INDX	ET170067	1	1997	2	1000	1	0	8	1
R2INDX	ET170069	1	1993	7	1000	1	1	88	1
R2INDX	ET170069	2	1993	7	2000	1	1	88	1
R2INDX	ET170069	3	1994	7	2000	1	1	88	1
R2INDX	ET170069	4	1997	7	2400	1	0	8	1
R2INDX	ET170070	1	1997	7	1000	1	0	8	3
R2INDX	ET170071	1	1996	7	2000	1	0	8	2
R2INDX	ET170072	1	1993	7	3000	2	0	8	2
R2INDX	ET170073	1	1993	7	250	2	1	88	1
R2INDX	ET170073	2	1994	7	150	2	1	88	1
R2INDX	ET170074	1	1997	7	1500	1	0	8	1
R2INDX	ET170075	1	1997	7	2000	1	0	8	1
R2INDX	ET170077	1	1996	7	3000	1	0	8	80
R2INDX	ET170078	1	1994	7	500	1	1	88	1
R2INDX	ET170078	2	1995	7	1000	1	1	88	1
R2INDX	ET170078	3	1997	7	1000	1	0	8	1
R2INDX	ET170080	1	1997	7	2000	2	0	11	1
R2INDX	ET170081	1	1998	7	1800	8	0	8	1
R2INDX	ET170082	1	1996	7	3650	1	0	8	1
R2INDX	ET170082	2	1997	7	195	1	1	88	1
R2INDX	ET170083	1	1996	7	3000	1	0	8	1
R2INDX	ET170084	1	1997	7	4000	1	0	8	1
R2INDX	ET170085	1	1997	7	1500	2	0	8	1
R2INDX	ET170086	1	1995	7	5000	1	0	8	2
R2INDX	ET170087	1	1997	7	2000	1	0	11	1
R2INDX	ET170087	2	1995	7	300	2	1	88	2
R2INDX	ET170088	1	1997	7	3000	1	0	8	1
R2INDX	ET170088	2	1997	7	400	1	0	8	1
R2INDX	ET170088	3	1998	7	800	1	0	8	2
R2INDX	ET170089	1	1997	7	2000	1	0	8	1
R2INDX	ET170090	1	1997	7	3000	1	0	8	1
R2INDX	ET170091	1	1996	7	1200	1	1	88	1
R2INDX	ET170091	2	1997	7	210	1	1	88	1
R2INDX	ET170091	3	1998	7	240	1	0	8	1
R2INDX	ET170092	1	1996	7	3000	1	0	8	1
R2INDX	ET170092	2	1997	7	500.5	1	1	88	1
R2INDX	ET170092	3	1998	7	500.5	1	0	8	1
R2INDX	ET170093	1	1996	7	4000	1	0	8	1
R2INDX	ET170093	2	1998	7	1000	1	0	8	1
R2INDX	ET170094	1	1996	7	1400	1	0	8	1
R2INDX	ET170094	2	1997	7	210	1	1	88	1
R2INDX	ET170094	3	1998	7	210	1	0	8	1
R2INDX	ET170095	1	1996	7	1170	1	1	88	1
R2INDX	ET170096	1	1993	7	1000	1	1	88	1
R2INDX	ET170096	2	1994	7	1000	1	1	88	1
R2INDX	ET170096	3	1995	7	1000	1	1	88	1
R2INDX	ET170096	4	1996	7	1000	1	1	88	1
R2INDX	ET170096	5	1997	7	2000	1	0	8	1
R2INDX	ET170097	1	1997	2	1000	1	0	8	4
R2INDX	ET170098	1	1997	7	700	2	0	8	2
R2INDX	ET170099	1	1997	99	4970	1	0	8	1
R2INDX	ET170100	1	1997	7	600	1	0	8	1
R2INDX	ET180002	1	1997	1	93.3000030517578	1	1	88	1
R2INDX	ET180004	1	1997	7	2000	1	0	8	1
R2INDX	ET180005	1	1998	3	1500	1	0	8	1
R2INDX	ET180005	2	1998	2	300	2	0	6	1
R2INDX	ET180008	1	1996	4	150	2	1	88	2
R2INDX	ET180009	1	1995	4	300	2	1	88	1
R2INDX	ET180009	2	1996	4	150	2	1	88	1
R2INDX	ET180010	1	1997	7	2500	1	0	8	2
R2INDX	ET180010	2	1994	1	500	1	1	88	2
R2INDX	ET180011	1	1998	8	100	2	1	88	1
R2INDX	ET180011	2	1997	8	200	2	1	88	1
R2INDX	ET180012	1	1993	7	1275	1	0	8	2
R2INDX	ET180013	1	1997	7	1500	1	0	8	1
R2INDX	ET180013	2	1998	1	150	1	0	6	1
R2INDX	ET180015	1	1996	7	1200	19	0	2	1
R2INDX	ET180015	2	1998	2	200	1	0	11	1
R2INDX	ET180016	1	1997	7	4000	1	0	8	1
R2INDX	ET180017	1	1994	2	70	1	1	88	1
R2INDX	ET180017	2	1995	2	70	1	1	88	1
R2INDX	ET180017	3	1996	2	70	1	1	88	1
R2INDX	ET180017	4	1998	2	100	1	0	8	1
R2INDX	ET180017	5	1997	4	300	2	1	88	1
R2INDX	ET180018	1	1995	7	1000	2	1	88	1
R2INDX	ET180018	2	1997	7	3000	1	0	8	1
R2INDX	ET180019	1	1997	3	240	1	0	8	1
R2INDX	ET180019	2	1994	2	180	2	1	88	1
R2INDX	ET180019	3	1995	2	170	2	1	88	1
R2INDX	ET180019	4	1996	2	160	2	1	88	1
R2INDX	ET180019	5	1997	2	200	2	1	88	1
R2INDX	ET180019	6	1998	2	200	2	1	88	1
R2INDX	ET180020	1	1996	7	1000	14	1	88	1
R2INDX	ET180020	2	1998	7	2000	1	0	8	1
R2INDX	ET180021	1	1995	7	1275	19	1	88	1
R2INDX	ET180023	1	1994	2	1600	1	0	12	3
R2INDX	ET180024	1	1994	7	2000	1	0	11	1
R2INDX	ET180025	1	1998	1	1800	1	0	8	1
R2INDX	ET180026	1	1993	7	1800	14	1	88	1
R2INDX	ET180026	2	1997	3	3000	1	0	8	1
R2INDX	ET180027	1	1997	7	5000	1	0	8	1
R2INDX	ET180028	1	1997	8	500	8	0	11	1
R2INDX	ET180028	2	1998	8	600	2	0	11	1
R2INDX	ET180029	1	1998	4	1000	2	0	8	1
R2INDX	ET180029	2	1996	7	1200	1	1	88	1
R2INDX	ET180031	1	1996	7	2000	1	0	8	1
R2INDX	ET180033	1	1998	7	5400	1	0	8	1
R2INDX	ET180033	2	1994	4	500	2	1	88	1
R2INDX	ET180034	1	1995	7	1000	1	0	99	16
R2INDX	ET180034	2	1996	8	500	2	0	99	16
R2INDX	ET180035	1	1997	7	5000	1	0	8	1
R2INDX	ET180036	1	1994	7	5000	1	0	8	1
R2INDX	ET180036	2	1997	1	400	1	0	8	1
R2INDX	ET180037	1	1998	7	1100	1	0	8	1
R2INDX	ET180039	1	1998	7	4000	1	0	8	1
R2INDX	ET180040	1	1997	7	2000	1	0	8	1
R2INDX	ET180041	1	1996	7	900	1	0	8	2
R2INDX	ET180041	2	1993	6	1050	1	1	88	1
R2INDX	ET180041	3	1998	2	130	1	0	8	2
R2INDX	ET180043	1	1998	4	600	2	0	11	2
R2INDX	ET180044	1	1994	2	1600	1	0	12	1
R2INDX	ET180045	1	1996	1	2170	1	0	8	1
R2INDX	ET180047	1	1997	7	800	14	1	88	1
R2INDX	ET180047	2	1998	3	4000	1	0	8	1
R2INDX	ET180048	1	1995	6	2500	1	0	8	1
R2INDX	ET180049	1	1997	7	600	2	0	8	1
R2INDX	ET180050	1	1994	6	1000	14	1	88	1
R2INDX	ET180050	2	1996	6	800	1	1	88	1
R2INDX	ET180051	1	1994	7	1000	1	1	88	1
R2INDX	ET180051	2	1996	3	480	1	0	8	1
R2INDX	ET180052	1	1997	7	1000	1	1	88	1
R2INDX	ET180052	2	1995	8	400	2	1	88	1
R2INDX	ET180052	3	1997	2	78	1	1	88	1
R2INDX	ET180052	4	1998	2	92	1	1	88	1
R2INDX	ET180053	1	1995	7	800	1	1	88	1
R2INDX	ET180053	2	1996	7	800	1	1	88	1
R2INDX	ET180053	3	1998	7	1000	1	0	8	1
R2INDX	ET180054	1	1997	7	1340	1	0	8	1
R2INDX	ET180055	1	1996	7	600	1	0	11	1
R2INDX	ET180055	2	1997	3	5000	1	0	8	1
R2INDX	ET180056	1	1994	8	1100	2	1	88	1
R2INDX	ET180056	2	1996	3	1484	1	0	8	1
R2INDX	ET180057	1	1997	8	1500	1	1	88	1
R2INDX	ET180057	2	1998	3	4500	1	0	8	1
R2INDX	ET180058	1	1998	4	1000	18	0	9	1
R2INDX	ET180058	2	1996	7	700	1	1	88	1
R2INDX	ET180059	1	1997	7	1500	1	0	8	1
R2INDX	ET180060	1	1997	7	2500	1	0	8	1
R2INDX	ET180060	2	1997	2	200	2	1	88	1
R2INDX	ET180061	1	1995	7	2200	1	0	8	1
R2INDX	ET180062	1	1997	7	1350	1	0	8	1
R2INDX	ET180063	1	1997	3	1440	1	0	8	1
R2INDX	ET180063	2	1998	8	500	2	0	11	1
R2INDX	ET180064	1	1998	7	1300	1	0	8	1
R2INDX	ET180065	1	1998	7	3500	1	0	8	1
R2INDX	ET180065	2	1998	8	700	10	0	11	1
R2INDX	ET180066	1	1998	7	3360	1	1	88	1
R2INDX	ET180067	1	1996	7	290	2	1	88	1
R2INDX	ET180068	1	1994	1	160	1	1	88	1
R2INDX	ET180068	2	1995	1	160	1	1	88	1
R2INDX	ET180068	3	1996	1	160	1	1	88	1
R2INDX	ET180068	4	1997	1	180	1	1	88	1
R2INDX	ET180068	5	1998	1	180	1	1	88	1
R2INDX	ET180071	1	1997	7	1500	1	0	8	1
R2INDX	ET180072	1	1998	7	2770	1	0	8	1
R2INDX	ET180072	2	1996	7	1000	1	1	88	1
R2INDX	ET180073	1	1996	7	1420	1	0	88	1
R2INDX	ET180076	1	1998	4	1000	7	0	11	1
R2INDX	ET180077	1	1994	4	1700	19	0	6	1
R2INDX	ET180081	1	1997	7	5000	1	0	8	1
R2INDX	ET180082	1	1994	7	1000	14	1	88	1
R2INDX	ET180082	2	1997	3	1900	1	0	8	1
R2INDX	ET180083	1	1996	7	1600	1	0	8	1
R2INDX	ET180083	2	1999	4	300	2	0	8	1
R2INDX	ET180084	1	1998	77	3550	1	0	8	1
R2INDX	ET180085	1	1994	2	80	2	1	88	1
R2INDX	ET180085	2	1995	2	80	2	1	88	1
R2INDX	ET180085	3	1996	2	80	2	1	88	1
R2INDX	ET180085	4	1997	2	100	2	1	88	1
R2INDX	ET180085	5	1998	2	100	2	1	88	1
R2INDX	ET180085	6	1995	1	90	1	1	88	1
R2INDX	ET180085	7	1996	1	102	1	1	88	1
R2INDX	ET180085	8	1997	1	105	1	1	88	1
R2INDX	ET180085	9	1998	4	200	1	0	6	1
R2INDX	ET180087	1	1997	7	3000	1	0	8	1
R2INDX	ET180087	2	1994	7	300	2	1	88	1
R2INDX	ET180088	1	1995	7	1000	14	1	88	1
R2INDX	ET180089	1	1998	1	150	1	0	8	3
R2INDX	ET180089	2	1998	8	50	2	0	8	4
R2INDX	ET180090	1	1994	6	1000	1	1	88	1
R2INDX	ET180091	1	1997	7	3000	1	0	8	1
R2INDX	ET180092	1	1996	7	1360	1	0	8	1
R2INDX	ET180093	1	1996	7	1000	8	0	12	2
R2INDX	ET180093	2	1997	7	500	8	0	12	2
R2INDX	ET180094	1	1998	7	3300	1	0	8	1
R2INDX	ET180095	1	1997	7	1000	1	0	8	4
R2INDX	ET180095	2	1998	8	700	2	0	6	4
R2INDX	ET180096	1	1996	7	1300	1	0	8	1
R2INDX	ET180096	2	1997	2	45	1	1	88	2
R2INDX	ET180096	3	1998	2	190	1	0	8	2
R2INDX	ET180097	1	1998	8	370	2	0	8	1
R2INDX	ET180097	2	1998	2	195	1	1	88	1
R2INDX	ET180100	1	1998	2	95	1	0	8	5
R2INDX	ET180100	2	1996	1	85	1	1	88	5
R2INDX	ET190001	1	1993	7	1000	19	0	8	1
R2INDX	ET190003	1	1998	7	1500	4	0	8	1
R2INDX	ET190004	1	1996	7	1300	4	1	88	2
R2INDX	ET190004	2	1998	3	3600	1	0	8	2
R2INDX	ET190005	1	1996	3	5000	17	1	88	1
R2INDX	ET190008	1	1996	4	200	2	0	11	1
R2INDX	ET190014	1	1996	3	2600	1	0	8	2
R2INDX	ET190016	1	1994	7	2000	8	1	88	1
R2INDX	ET190016	2	1999	4	1000	12	0	8	1
R2INDX	ET190017	1	1998	7	10000	19	0	8	2
R2INDX	ET190017	2	1995	7	2500	19	1	88	1
R2INDX	ET190017	3	1994	7	1000	19	1	88	2
R2INDX	ET190018	1	1998	7	3000	8	0	8	1
R2INDX	ET190020	1	1998	7	1000	3	0	8	1
R2INDX	ET190021	1	1999	6	13000	3	0	8	1
R2INDX	ET190024	1	1998	2	1000	19	0	8	3
R2INDX	ET190025	1	1995	7	4000	77	0	3	1
R2INDX	ET190026	1	1996	3	2200	4	0	3	1
R2INDX	ET190034	1	1995	7	2500	8	1	88	1
R2INDX	ET190034	2	1997	7	2500	8	1	88	1
R2INDX	ET190034	3	1999	7	3500	8	0	8	1
R2INDX	ET190035	1	1999	7	4000	19	0	8	2
R2INDX	ET190039	1	1997	7	2000	4	0	8	1
R2INDX	ET190040	1	1997	8	200	2	1	88	2
R2INDX	ET190041	1	1996	7	1500	3	1	88	1
R2INDX	ET190041	2	1999	8	500	18	0	11	1
R2INDX	ET190043	1	1994	7	5000	1	0	6	1
R2INDX	ET190045	1	1998	8	500	3	1	88	2
R2INDX	ET190048	1	1998	7	4500	3	0	8	1
R2INDX	ET190049	1	1996	7	2000	19	1	88	2
R2INDX	ET190049	2	1997	7	3000	19	1	88	2
R2INDX	ET190049	3	1998	7	5000	19	0	8	2
R2INDX	ET190050	1	1999	7	5000	5	0	8	5
R2INDX	ET190051	1	1996	7	1500	1	1	88	1
R2INDX	ET190052	1	1997	6	1500	4	1	88	2
R2INDX	ET190052	2	1999	6	1500	4	0	8	2
R2INDX	ET190054	1	1998	7	1000	4	0	8	1
R2INDX	ET190055	1	1997	8	4000	8	0	3	1
R2INDX	ET190057	1	1999	6	50000	19	0	8	1
R2INDX	ET190060	1	1993	7	1500	4	1	88	2
R2INDX	ET190061	1	1995	7	1000	2	1	88	1
R2INDX	ET190063	1	1995	7	5000	1	1	88	1
R2INDX	ET190065	1	1998	7	5000	3	0	8	8
R2INDX	ET190066	1	1996	6	1000	2	1	88	1
R2INDX	ET190069	1	1998	7	1300	1	0	8	1
R2INDX	ET190070	1	1999	8	300	2	0	11	1
R2INDX	ET190074	1	1997	7	5000	4	1	88	3
R2INDX	ET190074	2	1998	7	14000	4	0	8	3
R2INDX	ET190079	1	1997	8	200	2	0	11	4
R2INDX	ET190079	2	1998	8	300	2	0	11	4
R2INDX	ET190080	1	1999	6	1000	2	0	8	1
R2INDX	ET190082	1	1995	7	500	3	1	88	1
R2INDX	ET190082	2	1997	8	1100	16	0	11	1
R2INDX	ET190082	3	1998	8	700	16	0	11	1
R2INDX	ET190084	1	1996	8	400	3	1	88	16
R2INDX	ET190084	2	1997	8	500	3	1	88	16
R2INDX	ET190084	3	1998	7	3000	3	0	8	16
R2INDX	ET190085	1	1994	8	50	2	0	11	1
R2INDX	ET190085	2	1998	8	100	2	0	11	1
R2INDX	ET190086	1	1995	7	1000	3	1	88	2
R2INDX	ET190086	2	1996	7	1500	3	1	88	2
R2INDX	ET190086	3	1997	7	2000	3	1	88	2
R2INDX	ET190086	4	1998	7	2500	3	1	88	2
R2INDX	ET190086	5	1999	7	5000	3	0	8	2
R2INDX	ET190087	1	1994	7	2500	19	1	88	1
R2INDX	ET190089	1	1996	7	500	19	1	88	1
R2INDX	ET190089	2	1997	7	1000	19	1	88	1
R2INDX	ET190089	3	1997	7	1000	19	0	8	1
R2INDX	ET190091	1	1994	7	5000	3	1	88	80
R2INDX	ET190091	2	1995	7	5000	3	1	88	80
R2INDX	ET190091	3	1997	7	20000	3	1	88	80
R2INDX	ET190091	4	1999	7	30000	3	0	8	80
R2INDX	ET190093	1	1997	7	1500	3	1	88	1
R2INDX	ET190093	2	1998	7	1000	3	0	8	1
R2INDX	ET190094	1	1997	8	7000	3	1	88	1
R2INDX	ET190094	2	1998	8	5000	3	1	88	1
R2INDX	ET190096	1	1996	6	1000	3	0	11	2
R2INDX	ET190098	1	1994	7	1500	19	1	88	1
R2INDX	ET190100	1	1998	7	3600	19	0	8	1
R2INDX	ET190100	2	1996	4	900	19	0	11	1
R2INDX	ET200002	1	1996	3	2000	14	0	8	1
R2INDX	ET200003	1	1997	3	5000	1	0	8	1
R2INDX	ET200004	1	1996	7	1600	1	1	88	1
R2INDX	ET200005	1	1997	7	3000	1	0	8	3
R2INDX	ET200006	1	1999	7	4000	10	0	8	1
R2INDX	ET200009	1	1996	77	150	2	0	11	1
R2INDX	ET200009	2	1998	5	3000	4	0	8	1
R2INDX	ET200011	1	1995	3	1100	1	0	8	2
R2INDX	ET200012	1	1996	7	700	1	0	8	1
R2INDX	ET200013	1	1997	7	3000	1	0	8	1
R2INDX	ET200014	1	1994	7	140	1	1	88	1
R2INDX	ET200014	2	1995	7	140	1	1	88	1
R2INDX	ET200014	3	1996	7	3000	1	0	8	1
R2INDX	ET200014	4	1996	7	150	1	1	88	1
R2INDX	ET200014	5	1997	7	150	1	1	88	1
R2INDX	ET200014	6	1998	7	150	1	0	8	1
R2INDX	ET200015	1	1997	7	3800	1	0	8	2
R2INDX	ET200016	1	1997	7	3200	1	0	8	1
R2INDX	ET200018	1	1997	3	2400	1	0	8	2
R2INDX	ET200019	1	1997	7	2000	1	0	8	1
R2INDX	ET200020	1	1997	7	1000	8	0	8	1
R2INDX	ET200021	1	1998	7	6800	1	0	8	2
R2INDX	ET200024	1	1994	7	1750	1	0	8	1
R2INDX	ET200024	2	1995	7	150	1	1	88	1
R2INDX	ET200024	3	1996	7	150	1	1	88	1
R2INDX	ET200024	4	1997	7	150	1	1	88	1
R2INDX	ET200024	5	1998	7	150	1	0	8	1
R2INDX	ET200026	1	1995	7	4000	1	0	8	1
R2INDX	ET200028	1	1997	7	2040	1	0	8	1
R2INDX	ET200029	1	1997	7	2300	1	0	8	1
R2INDX	ET200029	2	1998	8	200	7	0	8	1
R2INDX	ET200030	1	1997	7	1280	1	0	8	1
R2INDX	ET200033	1	1996	7	3100	8	0	8	1
R2INDX	ET200035	1	1994	7	280	1	1	88	80
R2INDX	ET200035	2	1995	7	280	1	1	88	80
R2INDX	ET200035	3	1996	7	280	1	1	88	80
R2INDX	ET200035	4	1997	7	2080	1	0	8	80
R2INDX	ET200035	5	1998	7	300	1	0	8	80
R2INDX	ET200036	1	1994	7	170	1	1	88	1
R2INDX	ET200036	2	1995	7	170	1	1	88	1
R2INDX	ET200036	3	1996	7	170	1	1	88	1
R2INDX	ET200036	4	1996	3	2000	1	0	8	80
R2INDX	ET200036	5	1996	3	1100	1	0	8	80
R2INDX	ET200036	6	1997	7	170	1	1	88	1
R2INDX	ET200036	7	1998	7	180	1	0	8	1
R2INDX	ET200037	1	1995	7	1000	14	1	88	1
R2INDX	ET200037	2	1997	7	2200	14	0	8	1
R2INDX	ET200038	1	1997	7	2000	14	0	8	2
R2INDX	ET200039	1	1997	7	1300	1	1	8	1
R2INDX	ET200040	1	1997	7	700	2	0	8	1
R2INDX	ET200041	1	1997	7	1700	8	0	8	1
R2INDX	ET200042	1	1997	7	1800	1	0	8	1
R2INDX	ET200043	1	1996	1	3000	2	0	8	2
R2INDX	ET200044	1	1997	7	2000	8	0	8	1
R2INDX	ET200045	1	1996	1	1100	1	0	11	1
R2INDX	ET200045	2	1998	1	500	1	1	88	1
R2INDX	ET200046	1	1997	7	1000	2	0	8	1
R2INDX	ET200046	2	1998	7	600	2	0	8	1
R2INDX	ET200047	1	1997	7	3900	1	0	8	1
R2INDX	ET200049	1	1997	7	2400	1	0	1	1
R2INDX	ET200049	2	1995	2	200	5	1	88	2
R2INDX	ET200049	3	1999	4	300	8	1	88	1
R2INDX	ET200050	1	1997	7	1600	1	0	8	1
R2INDX	ET200052	1	1997	7	2000	1	0	8	1
R2INDX	ET200053	1	1995	7	2500	1	0	8	1
R2INDX	ET200054	1	1996	7	1970	1	0	8	1
R2INDX	ET200055	1	1995	7	1500	1	0	8	1
R2INDX	ET200055	2	1995	4	150	8	1	88	2
R2INDX	ET200055	3	1996	8	180	2	1	88	1
R2INDX	ET200055	4	1998	2	600	1	0	9	1
R2INDX	ET200057	1	1997	7	710	1	1	88	1
R2INDX	ET200058	1	1997	7	1270	1	0	8	1
R2INDX	ET200059	1	1996	7	1400	1	0	11	1
R2INDX	ET200060	1	1998	7	2400	1	0	8	1
R2INDX	ET200061	1	1997	7	1700	14	0	8	1
R2INDX	ET200062	1	1997	7	2000	1	0	8	2
R2INDX	ET200063	1	1998	8	310	1	0	8	1
R2INDX	ET200064	1	1994	7	240	1	1	88	1
R2INDX	ET200064	2	1995	7	240	1	1	88	1
R2INDX	ET200064	3	1995	7	1500	1	0	8	2
R2INDX	ET200064	4	1996	7	240	1	1	88	1
R2INDX	ET200064	5	1997	7	250	1	1	88	1
R2INDX	ET200064	6	1998	7	250	1	0	8	1
R2INDX	ET200065	1	1997	7	770	1	0	8	1
R2INDX	ET200065	2	1997	7	1100	1	0	8	1
R2INDX	ET200066	1	1997	7	2600	1	0	8	1
R2INDX	ET200067	1	1997	7	500	1	0	8	1
R2INDX	ET200067	2	1997	8	800	2	0	11	1
R2INDX	ET200068	1	1997	7	2200	1	0	8	1
R2INDX	ET200069	1	1997	7	1000	1	0	8	1
R2INDX	ET200071	1	1997	7	3800	1	0	8	1
R2INDX	ET200072	1	1997	7	3000	1	0	8	1
R2INDX	ET200073	1	1994	7	1600	1	0	8	1
R2INDX	ET200075	1	1997	7	3000	1	0	8	1
R2INDX	ET200076	1	1998	2	300	1	0	8	1
R2INDX	ET200077	1	1997	7	2000	1	0	8	1
R2INDX	ET200079	1	1995	7	560	1	0	8	1
R2INDX	ET200080	1	1995	7	2500	19	1	88	1
R2INDX	ET200080	2	1997	7	3000	1	0	8	1
R2INDX	ET200081	1	1996	7	500	1	1	88	1
R2INDX	ET200082	1	1998	7	2000	14	0	8	1
R2INDX	ET200083	1	1998	8	300	14	0	11	1
R2INDX	ET200083	2	1998	8	200	2	0	11	2
R2INDX	ET200084	1	1993	7	1000	1	1	88	1
R2INDX	ET200084	2	1998	7	700	1	0	8	1
R2INDX	ET200085	1	1996	3	1970	1	0	8	1
R2INDX	ET200086	1	1997	7	1200	1	0	8	1
R2INDX	ET200087	1	1997	1	1270	1	0	8	1
R2INDX	ET200087	2	1997	1	700	1	0	8	1
R2INDX	ET200088	1	1997	7	1900	1	0	8	1
R2INDX	ET200089	1	1997	7	3600	1	0	8	1
R2INDX	ET200090	1	1994	7	140	3	1	88	1
R2INDX	ET200090	2	1995	7	140	3	1	88	1
R2INDX	ET200090	3	1996	7	140	3	1	88	1
R2INDX	ET200090	4	1997	7	150	3	1	88	1
R2INDX	ET200090	5	1998	7	150	3	0	8	1
R2INDX	ET200091	1	1996	7	2010	1	1	88	1
R2INDX	ET200091	2	1998	7	500	1	0	8	1
R2INDX	ET200092	1	1998	7	2000	1	0	8	1
R2INDX	ET200093	1	1996	7	900	1	0	8	2
R2INDX	ET200095	1	1996	7	1600	1	1	88	1
R2INDX	ET200095	2	1998	7	600	1	0	8	1
R2INDX	ET200097	1	1994	7	1200	1	1	88	1
R2INDX	ET200097	2	1997	7	900	1	0	8	1
R2INDX	ET200098	1	1994	7	280	1	1	88	1
R2INDX	ET200098	2	1995	7	280	1	1	88	1
R2INDX	ET200098	3	1995	7	3000	1	0	8	80
R2INDX	ET200098	4	1996	7	280	1	1	88	1
R2INDX	ET200098	5	1997	7	280	1	1	88	1
R2INDX	ET200098	6	1997	7	750	1	0	8	2
R2INDX	ET200098	7	1998	7	300	1	0	8	1
R2INDX	ET200098	8	1998	7	1333	1	0	8	80
R2INDX	ET200100	1	1997	7	3400	1	0	11	1
