FORMNO	CHILDID	PASSID	PASSET	NUMPRNT	NUMPASS	VALPASS	DECPASS
R2INDX	ET010004	1	23	0	7	25	2
R2INDX	ET010006	1	17	0	6	15000	1
R2INDX	ET010007	1	16	1	0	-88	90
R2INDX	ET010008	1	26	0	2	10	4
R2INDX	ET010009	1	25	1	0	-88	90
R2INDX	ET010011	1	16	1	0	-88	1
R2INDX	ET010012	1	13	0	2	42	1
R2INDX	ET010015	1	19	0	1	20	2
R2INDX	ET010021	1	11	1	0	-88	1
R2INDX	ET010023	1	11	-88	-88	-88	88
R2INDX	ET010024	1	99	4	2	200	5
R2INDX	ET010025	1	11	2	1	20	80
R2INDX	ET010028	1	15	0	4	800	2
R2INDX	ET010029	1	11	1	11	2260	1
R2INDX	ET010030	1	23	0	1	400	3
R2INDX	ET010032	1	15	0	4	50	3
R2INDX	ET010033	1	15	0	-77	400	1
R2INDX	ET010041	1	26	0	1	2500	2
R2INDX	ET010043	1	12	0	4	215	1
R2INDX	ET010045	1	30	-88	-88	-88	88
R2INDX	ET010046	1	30	1	1	5	1
R2INDX	ET010047	1	30	-88	-88	-88	88
R2INDX	ET010049	1	15	0	10	500	1
R2INDX	ET010050	1	30	-88	-88	-88	88
R2INDX	ET010051	1	30	0	0	-88	88
R2INDX	ET010055	1	30	0	6	7000	1
R2INDX	ET010057	1	16	1	0	-88	90
R2INDX	ET010060	1	23	0	3	40	2
R2INDX	ET010061	1	30	-88	-88	-88	88
R2INDX	ET010062	1	30	-88	-88	-88	88
R2INDX	ET010063	1	23	1	15	150	8
R2INDX	ET010065	1	23	0	41	660	1
R2INDX	ET010066	1	9	0	8	142	2
R2INDX	ET010069	1	23	0	10	100	1
R2INDX	ET010071	1	23	1	1	10	2
R2INDX	ET010072	1	13	0	26	880	4
R2INDX	ET010075	1	23	0	5	92	2
R2INDX	ET010077	1	15	1	2	130	2
R2INDX	ET010080	1	30	-88	-88	-88	88
R2INDX	ET010081	1	23	1	4	2	2
R2INDX	ET010082	1	16	1	0	-88	90
R2INDX	ET010083	1	13	0	9	280	1
R2INDX	ET010084	1	30	-88	-88	-88	88
R2INDX	ET010085	1	30	0	-88	-88	88
R2INDX	ET010086	1	23	0	2	1000	1
R2INDX	ET010088	1	13	0	26	880	17
R2INDX	ET010089	1	23	1	2	1	1
R2INDX	ET010091	1	30	-88	-88	-88	88
R2INDX	ET010092	1	25	0	0	-88	88
R2INDX	ET010093	1	23	99	2	150	2
R2INDX	ET010095	1	15	0	10	20	2
R2INDX	ET010097	1	13	0	6	176	1
R2INDX	ET010098	1	30	-88	-88	-88	88
R2INDX	ET020004	1	2	1	0	-77	90
R2INDX	ET020004	2	1	2	0	-77	90
R2INDX	ET020008	1	21	1	2	900	1
R2INDX	ET020015	1	12	1	0	-88	90
R2INDX	ET020016	1	1	0	12	110	80
R2INDX	ET020016	2	30	0	3	6	7
R2INDX	ET020017	1	21	1	1	900	1
R2INDX	ET020022	1	13	0	3	120	1
R2INDX	ET020023	1	20	1	0	-88	3
R2INDX	ET020029	1	13	2	0	-88	90
R2INDX	ET020030	1	2	0	1	6000	80
R2INDX	ET020031	1	16	2	0	-88	90
R2INDX	ET020033	1	30	0	1	2	1
R2INDX	ET020035	1	20	1	2	30	1
R2INDX	ET020036	1	13	0	8	240	80
R2INDX	ET020037	1	15	12	12	106	1
R2INDX	ET020039	1	15	0	2	28	2
R2INDX	ET020042	1	24	1	1	500	2
R2INDX	ET020044	1	13	-77	6	50	16
R2INDX	ET020047	1	13	1	1	200	1
R2INDX	ET020047	2	20	1	1	100	1
R2INDX	ET020050	1	15	0	19	300	2
R2INDX	ET020057	1	13	0	3	100	80
R2INDX	ET020060	1	21	1	1	500	1
R2INDX	ET020060	2	30	1	1	45	1
R2INDX	ET020060	3	24	1	1	267	1
R2INDX	ET020061	1	23	0	10	120	80
R2INDX	ET020064	1	23	0	1	50	80
R2INDX	ET020065	1	15	0	3	207	2
R2INDX	ET020067	1	23	0	16	700	80
R2INDX	ET020067	2	15	0	6	300	3
R2INDX	ET020071	1	23	0	20	180	80
R2INDX	ET020072	1	20	2	0	-88	90
R2INDX	ET020076	1	1	0	7	80	80
R2INDX	ET020081	1	23	0	50	3000	1
R2INDX	ET020081	2	24	0	1	70	1
R2INDX	ET020083	1	15	0	6	46	80
R2INDX	ET020087	1	13	0	7	60	16
R2INDX	ET020092	1	15	2	2	160	2
R2INDX	ET020100	1	30	0	1	1	1
R2INDX	ET030002	1	13	0	6	120	80
R2INDX	ET030003	1	25	0	1	30000	80
R2INDX	ET030007	1	20	0	1	10	2
R2INDX	ET030011	1	23	0	5	14	1
R2INDX	ET030012	1	16	1	0	-88	90
R2INDX	ET030016	1	13	4	0	-88	90
R2INDX	ET030025	1	10	0	6	10000	2
R2INDX	ET030044	1	21	0	1	600	80
R2INDX	ET030046	1	13	0	3	40	1
R2INDX	ET030047	1	13	0	5	250	1
R2INDX	ET030051	1	22	0	3	200	3
R2INDX	ET030053	1	21	1	0	-77	90
R2INDX	ET030062	1	12	0	2	32	6
R2INDX	ET030075	1	21	0	4	8000	80
R2INDX	ET030077	1	11	0	15	10000	1
R2INDX	ET030082	1	10	0	10	2500	80
R2INDX	ET030087	1	15	0	1	300	80
R2INDX	ET030088	1	22	5	25	1850	1
R2INDX	ET030089	1	15	0	5	260	80
R2INDX	ET030093	1	21	0	2	3000	1
R2INDX	ET030095	1	26	0	4	60	80
R2INDX	ET030096	1	1	0	10	125	1
R2INDX	ET030096	2	30	0	1	5	2
R2INDX	ET030097	1	25	1	0	-88	90
R2INDX	ET030100	1	38	0	2	5000	1
R2INDX	ET030100	2	30	0	1	30000	1
R2INDX	ET030100	3	30	0	2	6500	1
R2INDX	ET040002	1	23	0	4	50	2
R2INDX	ET040003	1	23	0	4	300	1
R2INDX	ET040004	1	24	0	1	-88	3
R2INDX	ET040004	2	30	0	1	35000	3
R2INDX	ET040004	3	23	0	5	4000	3
R2INDX	ET040009	1	26	0	3	570	1
R2INDX	ET040010	1	26	0	3	40	1
R2INDX	ET040011	1	1	0	6	120	6
R2INDX	ET040012	1	23	0	4	12	2
R2INDX	ET040013	1	30	0	1	7	1
R2INDX	ET040013	2	30	0	1	10	1
R2INDX	ET040014	1	26	0	1	120	1
R2INDX	ET040017	1	13	0	5	91	1
R2INDX	ET040018	1	23	0	20	44	1
R2INDX	ET040021	1	23	0	3	20	1
R2INDX	ET040025	1	15	0	10	150	2
R2INDX	ET040027	1	99	-99	-99	-99	99
R2INDX	ET040031	1	24	0	1	-88	1
R2INDX	ET040032	1	15	0	4	600	2
R2INDX	ET040033	1	1	0	8	100	3
R2INDX	ET040035	1	13	0	6	100	1
R2INDX	ET040037	1	17	0	1	24000	80
R2INDX	ET040038	1	15	0	8	100	1
R2INDX	ET040039	1	13	0	8	200	1
R2INDX	ET040041	11	11	1	2	50	1
R2INDX	ET040046	1	26	0	1	50	1
R2INDX	ET040047	1	13	0	3	65	1
R2INDX	ET040049	1	1	-88	9	200	1
R2INDX	ET040051	1	30	0	1	20000	80
R2INDX	ET040052	1	24	0	1	-88	88
R2INDX	ET040053	1	27	1	0	-88	90
R2INDX	ET040054	1	13	0	1	245	1
R2INDX	ET040057	1	30	0	50	3500	1
R2INDX	ET040057	2	24	0	1	-88	1
R2INDX	ET040057	3	30	0	1	70000	80
R2INDX	ET040058	1	30	0	4	15	3
R2INDX	ET040060	1	1	0	1	5	1
R2INDX	ET040065	1	13	0	4	230	1
R2INDX	ET040066	1	13	0	7	300	1
R2INDX	ET040067	1	15	0	5	150	1
R2INDX	ET040068	1	15	0	3	160	80
R2INDX	ET040070	1	12	1	0	-88	90
R2INDX	ET040071	1	12	2	0	-88	90
R2INDX	ET040071	2	15	4	0	-88	90
R2INDX	ET040072	1	9	0	4	500	2
R2INDX	ET040073	1	15	0	10	120	1
R2INDX	ET040074	1	13	0	3	90	1
R2INDX	ET040075	1	23	0	4	20	1
R2INDX	ET040076	1	1	-99	-99	-88	90
R2INDX	ET040078	1	13	0	5	150	1
R2INDX	ET040080	1	15	0	5	110	2
R2INDX	ET040081	1	16	1	0	-88	90
R2INDX	ET040082	1	23	0	4	12	2
R2INDX	ET040084	1	1	0	5	40	1
R2INDX	ET040084	2	8	1	1	1000	1
R2INDX	ET040086	1	8	1	1	1000	5
R2INDX	ET040086	2	1	4	3	45	5
R2INDX	ET040087	1	30	0	2	85	1
R2INDX	ET040087	2	30	0	1	20	1
R2INDX	ET040090	1	30	0	-77	-77	1
R2INDX	ET040094	1	13	0	6	150	2
R2INDX	ET040095	1	15	0	6	200	1
R2INDX	ET040097	1	13	1	7	200	1
R2INDX	ET040100	1	15	0	7	180	3
R2INDX	ET050001	1	1	0	1	20	80
R2INDX	ET050002	1	1	0	11	90	80
R2INDX	ET050004	1	1	0	8	120	1
R2INDX	ET050006	1	1	0	9	130	80
R2INDX	ET050007	1	1	0	4	100	1
R2INDX	ET050007	2	8	0	1	600	1
R2INDX	ET050009	1	1	0	9	130	1
R2INDX	ET050010	1	1	0	12	138	1
R2INDX	ET050011	1	1	0	15	150	1
R2INDX	ET050012	1	1	0	8	100	1
R2INDX	ET050017	1	23	0	1	1000	1
R2INDX	ET050018	1	1	0	17	185	1
R2INDX	ET050019	1	1	0	10	100	1
R2INDX	ET050020	1	1	0	13	110	80
R2INDX	ET050021	1	1	0	10	100	1
R2INDX	ET050022	1	1	0	10	130	80
R2INDX	ET050023	1	23	0	4	40	1
R2INDX	ET050024	1	1	0	9	100	1
R2INDX	ET050026	1	1	0	9	130	80
R2INDX	ET050027	1	1	0	6	100	80
R2INDX	ET050028	1	1	0	10	100	1
R2INDX	ET050030	1	23	0	-77	2500	3
R2INDX	ET050031	1	1	0	9	100	2
R2INDX	ET050032	1	27	1	0	-88	90
R2INDX	ET050033	1	15	0	16	70	1
R2INDX	ET050034	1	23	0	10	1000	80
R2INDX	ET050036	1	23	0	5	50	80
R2INDX	ET050038	1	1	0	12	150	1
R2INDX	ET050039	1	15	0	8	28	16
R2INDX	ET050040	1	1	0	5	-77	1
R2INDX	ET050040	3	8	1	1	-77	1
R2INDX	ET050042	1	1	0	9	80	80
R2INDX	ET050043	1	1	2	2	20	80
R2INDX	ET050043	2	4	0	1	10	80
R2INDX	ET050045	1	1	0	12	105	1
R2INDX	ET050049	1	1	0	9	130	1
R2INDX	ET050051	1	1	0	12	150	80
R2INDX	ET050052	1	13	0	7	100	1
R2INDX	ET050054	1	15	0	5	50	1
R2INDX	ET050055	1	15	0	5	20	5
R2INDX	ET050056	1	1	0	4	45	1
R2INDX	ET050057	1	15	0	4	37	2
R2INDX	ET050060	1	15	1	3	50	2
R2INDX	ET050063	1	15	0	7	35	1
R2INDX	ET050064	1	1	1	0	-88	90
R2INDX	ET050065	1	15	0	13	55	1
R2INDX	ET050067	1	1	10	2	20	2
R2INDX	ET050068	1	1	0	10	-77	80
R2INDX	ET050070	1	15	0	10	30	1
R2INDX	ET050073	1	1	0	6	-77	1
R2INDX	ET050073	2	30	0	2	3000	1
R2INDX	ET050074	1	1	0	7	50	1
R2INDX	ET050078	1	1	0	8	100	1
R2INDX	ET050079	1	1	0	10	90	1
R2INDX	ET050081	1	1	2	6	33	3
R2INDX	ET050082	1	1	0	8	140	80
R2INDX	ET050083	1	1	0	10	150	3
R2INDX	ET050084	1	1	0	8	100	1
R2INDX	ET050085	1	1	0	12	160	1
R2INDX	ET050086	1	1	0	8	120	1
R2INDX	ET050087	1	1	0	9	100	1
R2INDX	ET050088	1	1	0	2	30	1
R2INDX	ET050089	1	1	0	9	140	1
R2INDX	ET050090	1	1	0	8	300	1
R2INDX	ET050090	2	30	0	3	2700	1
R2INDX	ET050091	1	1	0	4	80	1
R2INDX	ET050091	2	30	0	2	2200	1
R2INDX	ET050092	1	1	0	8	78	1
R2INDX	ET050093	1	1	0	16	150	1
R2INDX	ET050094	1	1	0	5	50	1
R2INDX	ET050095	1	1	0	3	-77	5
R2INDX	ET050095	2	30	0	2	1500	5
R2INDX	ET050096	1	1	4	11	350	1
R2INDX	ET050096	2	30	1	1	1000	1
R2INDX	ET050097	1	1	0	7	200	1
R2INDX	ET050097	2	30	0	2	1900	1
R2INDX	ET050098	1	1	0	15	150	1
R2INDX	ET050099	1	1	0	9	125	0
R2INDX	ET050100	1	1	0	18	150	1
R2INDX	ET060002	1	1	0	10	150	1
R2INDX	ET060003	1	1	0	4	35	1
R2INDX	ET060003	2	4	0	1	70	1
R2INDX	ET060004	1	1	0	8	67	1
R2INDX	ET060004	2	4	0	1	40	1
R2INDX	ET060005	1	1	0	2	30	1
R2INDX	ET060005	2	4	0	1	15	1
R2INDX	ET060006	1	1	0	7	59	1
R2INDX	ET060006	2	4	0	1	30	1
R2INDX	ET060007	1	1	0	10	110	1
R2INDX	ET060007	2	4	0	1	70	1
R2INDX	ET060008	1	1	0	6	20	1
R2INDX	ET060008	2	4	0	2	30	1
R2INDX	ET060009	1	1	0	4	20	1
R2INDX	ET060009	2	4	0	1	10	1
R2INDX	ET060010	1	1	0	9	80	16
R2INDX	ET060010	2	4	0	1	25	16
R2INDX	ET060011	1	1	0	9	47	1
R2INDX	ET060011	2	4	0	2	50	1
R2INDX	ET060012	1	1	0	10	50	1
R2INDX	ET060012	2	4	0	1	20	1
R2INDX	ET060013	1	1	0	2	70	1
R2INDX	ET060013	2	4	0	1	70	1
R2INDX	ET060014	1	1	0	5	90	1
R2INDX	ET060014	2	4	0	2	50	1
R2INDX	ET060015	1	1	0	5	20	1
R2INDX	ET060015	2	4	0	1	20	1
R2INDX	ET060016	1	1	-88	6	60	80
R2INDX	ET060016	2	1	-88	2	60	80
R2INDX	ET060017	1	1	88	2	15	2
R2INDX	ET060018	1	1	0	2	25	1
R2INDX	ET060018	2	4	0	1	70	1
R2INDX	ET060019	1	1	0	1	70	1
R2INDX	ET060019	2	4	0	1	70	0
R2INDX	ET060020	1	4	0	2	140	1
R2INDX	ET060020	2	1	0	11	85	80
R2INDX	ET060021	1	1	0	12	200	1
R2INDX	ET060022	1	1	2	2	60	1
R2INDX	ET060022	2	4	0	2	120	1
R2INDX	ET060023	1	1	-88	4	20	1
R2INDX	ET060023	2	4	-88	2	40	1
R2INDX	ET060024	1	1	0	4	30	1
R2INDX	ET060024	2	4	0	1	50	1
R2INDX	ET060025	1	1	0	7	60	80
R2INDX	ET060025	2	4	0	1	70	80
R2INDX	ET060026	1	1	0	9	64	1
R2INDX	ET060026	2	4	0	2	60	1
R2INDX	ET060027	1	1	0	12	65	1
R2INDX	ET060027	2	4	0	1	100	1
R2INDX	ET060028	1	1	0	6	30	1
R2INDX	ET060028	2	4	0	2	30	1
R2INDX	ET060029	1	1	0	2	4	2
R2INDX	ET060030	1	1	0	5	20	1
R2INDX	ET060030	2	4	0	1	30	1
R2INDX	ET060031	1	1	0	3	70	1
R2INDX	ET060031	2	4	0	1	79	1
R2INDX	ET060032	1	1	0	4	12	1
R2INDX	ET060032	2	4	0	1	15	1
R2INDX	ET060033	1	1	0	9	100	1
R2INDX	ET060033	2	4	0	1	35	1
R2INDX	ET060034	1	1	0	3	15	80
R2INDX	ET060034	2	4	0	1	10	80
R2INDX	ET060035	1	1	0	4	35	3
R2INDX	ET060035	2	4	0	1	35	3
R2INDX	ET060036	1	1	0	2	10	80
R2INDX	ET060036	2	4	0	1	15	80
R2INDX	ET060037	1	1	0	7	30	1
R2INDX	ET060037	2	4	0	1	10	1
R2INDX	ET060038	1	4	0	1	80	1
R2INDX	ET060038	2	1	0	10	71	1
R2INDX	ET060039	1	1	-88	5	63	1
R2INDX	ET060039	2	4	-88	1	25	1
R2INDX	ET060039	3	6	-88	3	15	1
R2INDX	ET060040	1	1	0	5	60	80
R2INDX	ET060040	2	4	1	1	40	80
R2INDX	ET060041	1	1	-77	8	60	1
R2INDX	ET060041	2	4	-77	1	30	1
R2INDX	ET060042	1	1	0	11	50	16
R2INDX	ET060042	2	4	0	1	50	16
R2INDX	ET060043	1	1	0	7	119	1
R2INDX	ET060043	2	4	0	1	20	1
R2INDX	ET060045	1	1	0	6	60	1
R2INDX	ET060045	2	4	0	1	15	1
R2INDX	ET060046	1	1	0	10	60	1
R2INDX	ET060046	2	4	0	2	50	1
R2INDX	ET060047	1	1	0	6	24	1
R2INDX	ET060047	2	4	0	1	30	1
R2INDX	ET060048	1	1	0	5	30	1
R2INDX	ET060048	2	4	0	1	30	1
R2INDX	ET060049	1	1	0	4	70	1
R2INDX	ET060049	2	4	0	1	30	1
R2INDX	ET060050	1	1	0	8	53	1
R2INDX	ET060050	2	4	0	1	30	1
R2INDX	ET060051	1	1	0	5	62	1
R2INDX	ET060051	2	4	0	1	50	1
R2INDX	ET060052	1	4	0	1	50	1
R2INDX	ET060052	2	1	0	8	100	1
R2INDX	ET060053	1	1	0	6	44	1
R2INDX	ET060053	2	4	0	2	40	1
R2INDX	ET060054	1	1	0	4	40	1
R2INDX	ET060054	2	4	0	2	80	1
R2INDX	ET060055	1	1	0	4	15	1
R2INDX	ET060055	2	4	0	-99	50	1
R2INDX	ET060056	1	1	0	2	35	1
R2INDX	ET060056	2	4	0	1	175	1
R2INDX	ET060058	1	15	0	2	40	2
R2INDX	ET060059	1	1	0	5	30	1
R2INDX	ET060059	2	4	0	1	20	1
R2INDX	ET060060	1	1	0	12	100	1
R2INDX	ET060060	2	1	0	2	60	1
R2INDX	ET060061	1	1	0	6	50	1
R2INDX	ET060062	1	1	0	4	35	1
R2INDX	ET060062	2	4	0	1	40	1
R2INDX	ET060063	1	1	0	6	30	1
R2INDX	ET060063	2	4	0	2	50	1
R2INDX	ET060064	1	1	0	2	40	1
R2INDX	ET060064	2	4	1	4	175	1
R2INDX	ET060065	1	1	0	4	90	1
R2INDX	ET060065	2	4	0	1	70	0
R2INDX	ET060066	1	1	0	3	45	1
R2INDX	ET060066	2	4	0	1	40	1
R2INDX	ET060067	1	1	0	5	62	1
R2INDX	ET060067	2	4	0	1	30	1
R2INDX	ET060068	1	1	-88	-88	65	1
R2INDX	ET060068	2	4	-88	-88	60	1
R2INDX	ET060070	1	1	0	6	15	1
R2INDX	ET060070	2	4	0	1	30	1
R2INDX	ET060071	1	1	0	4	14	1
R2INDX	ET060071	2	4	0	1	20	1
R2INDX	ET060072	1	1	0	2	18	1
R2INDX	ET060072	2	4	0	1	40	1
R2INDX	ET060073	1	1	0	2	10	2
R2INDX	ET060074	1	1	0	6	50	80
R2INDX	ET060074	2	4	0	1	30	80
R2INDX	ET060075	1	1	0	4	95	1
R2INDX	ET060075	2	4	0	1	30	1
R2INDX	ET060076	1	1	0	6	51	2
R2INDX	ET060076	2	4	0	1	30	2
R2INDX	ET060077	1	1	0	2	6	1
R2INDX	ET060077	2	4	0	1	25	1
R2INDX	ET060078	1	1	-88	1	800	2
R2INDX	ET060080	1	1	0	6	43	80
R2INDX	ET060080	2	4	0	1	30	80
R2INDX	ET060081	1	1	0	12	98	1
R2INDX	ET060081	2	4	0	2	50	1
R2INDX	ET060082	1	1	0	9	59	1
R2INDX	ET060082	2	4	0	2	50	1
R2INDX	ET060083	1	1	0	6	40	1
R2INDX	ET060083	2	4	0	1	20	1
R2INDX	ET060084	1	1	0	8	50	1
R2INDX	ET060084	2	4	0	2	40	1
R2INDX	ET060085	1	1	0	4	20	80
R2INDX	ET060085	2	4	0	1	10	80
R2INDX	ET060086	1	1	-88	6	35	80
R2INDX	ET060087	1	1	0	6	45	1
R2INDX	ET060087	2	4	0	1	20	1
R2INDX	ET060088	1	1	0	6	30	80
R2INDX	ET060088	2	4	0	1	10	80
R2INDX	ET060089	1	4	0	1	100	1
R2INDX	ET060089	2	1	0	3	71	1
R2INDX	ET060091	1	1	0	12	83	1
R2INDX	ET060091	2	4	0	1	30	1
R2INDX	ET060092	1	1	0	5	28	1
R2INDX	ET060092	2	4	0	1	40	1
R2INDX	ET060093	1	1	1	5	51	1
R2INDX	ET060093	2	4	0	1	40	1
R2INDX	ET060094	1	1	0	9	50	1
R2INDX	ET060094	2	4	0	1	20	1
R2INDX	ET060095	1	1	0	5	40	1
R2INDX	ET060096	1	1	-88	3	19	1
R2INDX	ET060096	2	4	-88	1	40	1
R2INDX	ET060097	1	4	0	1	105	1
R2INDX	ET060097	2	1	0	8	59	1
R2INDX	ET060098	1	1	0	8	40	1
R2INDX	ET060098	2	4	0	2	30	1
R2INDX	ET060099	1	4	1	1	70	17
R2INDX	ET060100	1	1	0	4	30	1
R2INDX	ET060100	2	4	0	3	45	1
R2INDX	ET070001	1	1	-88	1	20	1
R2INDX	ET070001	2	4	-88	1	50	1
R2INDX	ET070002	1	1	-88	6	120	80
R2INDX	ET070002	2	4	-88	1	30	80
R2INDX	ET070003	1	4	0	1	30	80
R2INDX	ET070003	2	1	0	5	80	80
R2INDX	ET070003	3	88	88	88	88	88
R2INDX	ET070004	1	1	0	11	120	1
R2INDX	ET070004	2	4	0	1	20	1
R2INDX	ET070005	1	1	0	2	15	80
R2INDX	ET070005	2	5	0	1	60	80
R2INDX	ET070005	3	6	0	2	14	80
R2INDX	ET070006	1	1	0	5	50	1
R2INDX	ET070006	2	4	0	1	20	1
R2INDX	ET070007	1	1	0	3	40	80
R2INDX	ET070007	2	4	0	1	15	80
R2INDX	ET070008	1	4	0	1	10	80
R2INDX	ET070008	2	2	0	4	33	80
R2INDX	ET070009	1	1	0	5	50	1
R2INDX	ET070009	2	4	0	1	10	1
R2INDX	ET070010	1	1	0	2	57	1
R2INDX	ET070010	2	4	0	1	30	1
R2INDX	ET070011	1	1	0	7	40	1
R2INDX	ET070011	2	4	0	1	15	1
R2INDX	ET070013	1	1	0	6	60	80
R2INDX	ET070013	2	4	0	1	30	80
R2INDX	ET070014	1	1	1	5	53	1
R2INDX	ET070014	2	4	0	1	20	1
R2INDX	ET070015	1	1	0	5	50	80
R2INDX	ET070015	2	4	0	1	20	80
R2INDX	ET070016	1	1	0	5	40	80
R2INDX	ET070016	2	4	0	1	80	80
R2INDX	ET070016	3	6	0	1	10	80
R2INDX	ET070017	1	1	0	5	90	1
R2INDX	ET070017	2	4	0	1	30	1
R2INDX	ET070018	1	1	0	2	15	1
R2INDX	ET070018	2	4	0	1	30	1
R2INDX	ET070019	1	1	0	2	15	80
R2INDX	ET070019	2	4	0	1	55	80
R2INDX	ET070019	3	6	1	1	10	80
R2INDX	ET070020	1	1	0	1	91	80
R2INDX	ET070020	2	4	0	1	80	80
R2INDX	ET070021	1	1	0	4	40	1
R2INDX	ET070021	2	4	0	2	160	1
R2INDX	ET070021	3	6	0	2	14	1
R2INDX	ET070022	1	4	0	1	20	80
R2INDX	ET070022	2	1	0	5	50	80
R2INDX	ET070023	1	1	0	4	30	80
R2INDX	ET070023	2	4	0	1	23	80
R2INDX	ET070023	3	6	0	2	3	80
R2INDX	ET070024	1	1	0	3	25	1
R2INDX	ET070025	1	1	0	5	80	1
R2INDX	ET070025	2	4	0	1	20	1
R2INDX	ET070026	1	1	0	5	64	80
R2INDX	ET070026	2	4	0	1	40	80
R2INDX	ET070027	1	1	0	9	75	1
R2INDX	ET070027	2	4	0	1	25	1
R2INDX	ET070028	1	1	0	1	10	1
R2INDX	ET070029	1	1	0	6	100	1
R2INDX	ET070030	1	1	0	6	50	80
R2INDX	ET070030	2	4	0	1	20	80
R2INDX	ET070031	1	1	0	8	73	80
R2INDX	ET070031	2	4	0	2	50	80
R2INDX	ET070032	1	1	0	4	40	1
R2INDX	ET070032	2	4	0	1	15	1
R2INDX	ET070033	1	1	0	2	75	1
R2INDX	ET070034	1	1	0	3	37	1
R2INDX	ET070034	2	4	0	1	20	1
R2INDX	ET070035	1	1	0	10	90	1
R2INDX	ET070035	2	4	0	1	20	1
R2INDX	ET070036	1	1	0	5	30	80
R2INDX	ET070036	2	4	0	1	15	80
R2INDX	ET070037	1	1	0	4	30	80
R2INDX	ET070037	2	4	0	1	20	80
R2INDX	ET070038	1	1	0	8	60	1
R2INDX	ET070038	2	4	0	1	20	1
R2INDX	ET070039	1	1	0	4	20	2
R2INDX	ET070039	2	4	0	1	20	2
R2INDX	ET070040	1	1	0	2	30	1
R2INDX	ET070040	2	4	0	1	15	1
R2INDX	ET070041	1	4	0	2	15	1
R2INDX	ET070041	2	1	0	4	70	1
R2INDX	ET070041	3	8	0	1	6	1
R2INDX	ET070042	1	1	0	4	40	80
R2INDX	ET070042	2	4	0	1	60	80
R2INDX	ET070042	3	6	0	2	20	1
R2INDX	ET070043	1	1	0	5	40	7
R2INDX	ET070043	2	4	0	1	20	7
R2INDX	ET070044	1	1	0	4	80	1
R2INDX	ET070044	2	4	0	1	60	1
R2INDX	ET070044	3	6	0	3	30	1
R2INDX	ET070045	1	1	0	5	30	1
R2INDX	ET070045	2	4	0	1	15	1
R2INDX	ET070046	1	4	0	1	10	80
R2INDX	ET070046	2	1	0	2	82	80
R2INDX	ET070047	1	1	0	8	100	80
R2INDX	ET070047	2	4	0	1	25	80
R2INDX	ET070048	1	1	0	3	30	1
R2INDX	ET070048	2	4	0	1	52	1
R2INDX	ET070049	1	1	0	8	70	1
R2INDX	ET070049	2	4	0	2	30	1
R2INDX	ET070050	1	1	0	8	152	1
R2INDX	ET070050	2	4	0	1	20	1
R2INDX	ET070051	1	1	0	7	100	1
R2INDX	ET070051	2	8	0	1	10	1
R2INDX	ET070052	1	1	0	4	37	1
R2INDX	ET070052	2	4	0	1	25	1
R2INDX	ET070053	1	1	0	4	100	1
R2INDX	ET070054	1	1	0	4	40	1
R2INDX	ET070054	2	4	0	1	40	1
R2INDX	ET070055	1	1	0	1	20	80
R2INDX	ET070055	2	4	0	1	50	80
R2INDX	ET070056	1	4	0	1	30	1
R2INDX	ET070056	2	1	0	6	100	1
R2INDX	ET070056	3	8	0	2	28	1
R2INDX	ET070057	1	1	0	2	10	80
R2INDX	ET070057	2	4	0	1	40	80
R2INDX	ET070058	1	1	0	4	45	1
R2INDX	ET070058	2	4	0	1	20	1
R2INDX	ET070059	1	1	0	12	105	1
R2INDX	ET070059	2	4	0	1	15	1
R2INDX	ET070060	1	1	0	2	18	80
R2INDX	ET070060	2	4	0	1	80	80
R2INDX	ET070061	1	1	0	5	60	80
R2INDX	ET070061	2	4	0	1	12	80
R2INDX	ET070062	1	1	0	5	56	1
R2INDX	ET070062	2	4	0	2	60	1
R2INDX	ET070063	1	1	0	4	50	80
R2INDX	ET070064	1	1	0	8	100	1
R2INDX	ET070064	2	4	0	1	21	1
R2INDX	ET070065	1	1	0	3	40	80
R2INDX	ET070065	2	4	0	1	25	80
R2INDX	ET070066	1	1	0	5	30	80
R2INDX	ET070066	2	4	0	1	17	80
R2INDX	ET070067	1	4	0	1	15	80
R2INDX	ET070067	2	1	0	4	35	80
R2INDX	ET070068	1	1	0	3	70	80
R2INDX	ET070068	2	4	0	1	20	80
R2INDX	ET070069	1	1	0	4	40	80
R2INDX	ET070069	2	4	0	1	80	80
R2INDX	ET070070	1	2	0	2	700	1
R2INDX	ET070071	1	1	0	3	18	80
R2INDX	ET070071	2	4	0	1	18	80
R2INDX	ET070073	1	1	0	4	20	80
R2INDX	ET070073	2	4	0	1	30	80
R2INDX	ET070074	1	4	0	1	20	80
R2INDX	ET070074	2	13	0	4	150	80
R2INDX	ET070074	3	1	0	3	65	80
R2INDX	ET070075	1	1	0	17	240	80
R2INDX	ET070075	2	4	0	2	40	80
R2INDX	ET070076	1	1	0	4	41	1
R2INDX	ET070076	2	4	1	0	-88	88
R2INDX	ET070077	1	1	0	3	35	1
R2INDX	ET070077	2	4	0	2	30	1
R2INDX	ET070078	1	23	0	2	30	1
R2INDX	ET070079	1	15	0	1	5	2
R2INDX	ET070080	1	1	0	7	65	1
R2INDX	ET070080	2	4	0	1	17	1
R2INDX	ET070081	1	1	0	3	-77	1
R2INDX	ET070081	2	4	0	2	30	1
R2INDX	ET070082	1	1	0	13	100	1
R2INDX	ET070082	2	4	0	2	42	1
R2INDX	ET070083	1	1	0	8	380	1
R2INDX	ET070083	2	4	0	1	20	1
R2INDX	ET070084	1	4	0	2	40	1
R2INDX	ET070084	2	1	0	6	90	1
R2INDX	ET070085	1	1	0	3	40	2
R2INDX	ET070085	2	4	0	0	-77	90
R2INDX	ET070086	1	1	0	4	42	1
R2INDX	ET070086	2	4	0	1	15	1
R2INDX	ET070087	1	23	0	6	24	3
R2INDX	ET070088	1	1	0	7	35	1
R2INDX	ET070088	2	4	0	1	30	1
R2INDX	ET070089	1	1	0	2	10	1
R2INDX	ET070090	1	1	0	1	12	80
R2INDX	ET070090	2	4	0	1	30	80
R2INDX	ET070091	1	1	0	5	65	80
R2INDX	ET070091	2	4	0	1	30	80
R2INDX	ET070094	1	1	0	7	67	1
R2INDX	ET070094	2	4	0	1	12	1
R2INDX	ET070095	1	1	0	1	80	16
R2INDX	ET070095	2	4	0	1	30	16
R2INDX	ET070096	1	1	0	2	29	1
R2INDX	ET070097	1	1	1	4	39	80
R2INDX	ET070097	2	4	0	1	10	80
R2INDX	ET070098	1	1	0	2	20	1
R2INDX	ET070098	2	4	0	1	12	1
R2INDX	ET070099	1	1	0	2	30	80
R2INDX	ET070099	2	1	0	1	36	80
R2INDX	ET070100	1	1	0	7	50	1
R2INDX	ET070100	2	4	0	1	17	1
R2INDX	ET080001	1	1	0	1	15	80
R2INDX	ET080002	1	13	2	6	255	1
R2INDX	ET080003	1	30	1	1	600	1
R2INDX	ET080004	1	30	2	0	-88	90
R2INDX	ET080005	1	1	0	4	46	80
R2INDX	ET080005	2	4	0	1	40	80
R2INDX	ET080006	1	1	0	6	31	80
R2INDX	ET080006	2	4	0	1	50	80
R2INDX	ET080007	1	1	0	5	55	1
R2INDX	ET080009	1	4	1	0	-88	90
R2INDX	ET080009	2	1	0	4	32	3
R2INDX	ET080010	1	30	2	0	0	90
R2INDX	ET080011	1	1	0	2	35	1
R2INDX	ET080012	1	1	0	8	85	1
R2INDX	ET080012	2	4	0	1	70	1
R2INDX	ET080013	1	4	0	1	20	1
R2INDX	ET080013	2	1	0	5	18	1
R2INDX	ET080014	1	1	2	3	70	1
R2INDX	ET080014	2	4	0	10	150	1
R2INDX	ET080015	1	1	4	0	0	90
R2INDX	ET080016	1	4	0	1	110	1
R2INDX	ET080016	2	1	0	3	70	1
R2INDX	ET080017	1	1	0	11	300	1
R2INDX	ET080018	1	4	1	0	-88	90
R2INDX	ET080018	2	1	0	2	35	1
R2INDX	ET080019	1	1	0	16	250	1
R2INDX	ET080020	1	4	0	1	100	1
R2INDX	ET080020	2	1	0	4	48	1
R2INDX	ET080021	1	4	0	2	160	1
R2INDX	ET080021	2	1	0	7	85	1
R2INDX	ET080022	1	1	0	10	255	80
R2INDX	ET080022	2	4	0	1	30	80
R2INDX	ET080023	1	4	0	1	85	1
R2INDX	ET080023	2	1	0	2	15	1
R2INDX	ET080024	1	1	0	8	56	1
R2INDX	ET080024	2	4	0	1	100	1
R2INDX	ET080027	1	1	0	14	200	1
R2INDX	ET080027	2	2	0	2	2400	1
R2INDX	ET080028	1	4	0	1	100	1
R2INDX	ET080028	2	1	0	4	39	1
R2INDX	ET080029	1	1	0	2	22	80
R2INDX	ET080029	2	4	0	1	45	80
R2INDX	ET080030	1	4	0	1	60	80
R2INDX	ET080030	2	1	0	3	21	80
R2INDX	ET080031	1	1	0	5	290	1
R2INDX	ET080032	1	1	0	3	80	80
R2INDX	ET080033	1	4	0	1	100	1
R2INDX	ET080033	2	1	0	4	30	1
R2INDX	ET080034	1	1	2	12	100	1
R2INDX	ET080035	1	1	0	60	1000	6
R2INDX	ET080035	2	5	0	2	10000	6
R2INDX	ET080035	3	2	0	1	1000	6
R2INDX	ET080037	1	1	0	12	200	1
R2INDX	ET080039	1	20	0	2	180	1
R2INDX	ET080040	1	1	0	2	60	1
R2INDX	ET080041	1	4	0	1	60	1
R2INDX	ET080041	2	1	0	4	62	1
R2INDX	ET080042	1	1	-88	12	280	1
R2INDX	ET080043	1	4	0	1	100	1
R2INDX	ET080043	2	1	0	6	80	1
R2INDX	ET080044	1	1	4	0	0	90
R2INDX	ET080045	1	1	0	1	30	1
R2INDX	ET080046	1	1	0	2	12	80
R2INDX	ET080047	1	4	0	1	30	1
R2INDX	ET080047	2	1	0	4	26	1
R2INDX	ET080048	1	1	2	9	150	80
R2INDX	ET080049	1	1	0	7	46	80
R2INDX	ET080049	2	4	0	1	50	80
R2INDX	ET080050	1	1	2	0	0	90
R2INDX	ET080051	1	4	1	0	0	90
R2INDX	ET080051	2	1	3	0	0	90
R2INDX	ET080052	1	1	0	12	200	80
R2INDX	ET080053	1	4	0	1	12	1
R2INDX	ET080053	2	1	0	6	72	1
R2INDX	ET080054	1	1	0	11	250	1
R2INDX	ET080055	1	1	2	0	0	90
R2INDX	ET080056	1	1	0	10	150	1
R2INDX	ET080057	1	4	0	1	15	1
R2INDX	ET080057	2	1	0	6	50	1
R2INDX	ET080058	1	4	0	1	80	1
R2INDX	ET080058	2	1	0	3	32	1
R2INDX	ET080059	1	4	1	0	0	90
R2INDX	ET080059	2	1	6	0	0	90
R2INDX	ET080060	1	1	0	2	40	1
R2INDX	ET080060	2	5	1	0	0	90
R2INDX	ET080061	1	1	0	5	131	1
R2INDX	ET080062	1	4	1	0	0	90
R2INDX	ET080062	2	1	6	0	0	90
R2INDX	ET080063	1	4	0	1	50	1
R2INDX	ET080063	2	1	2	4	32	1
R2INDX	ET080065	1	1	0	2	37	1
R2INDX	ET080066	1	1	5	0	0	90
R2INDX	ET080067	1	30	0	3	7900	1
R2INDX	ET080068	1	1	0	4	50	1
R2INDX	ET080069	1	1	0	5	131	1
R2INDX	ET080070	1	1	0	2	100	1
R2INDX	ET080072	1	4	0	1	40	1
R2INDX	ET080072	2	1	0	8	102	1
R2INDX	ET080073	1	1	0	4	90	1
R2INDX	ET080073	2	4	0	1	70	0
R2INDX	ET080074	1	1	0	5	302	1
R2INDX	ET080075	1	16	1	0	-88	90
R2INDX	ET080076	1	1	0	3	43	1
R2INDX	ET080078	1	30	4	0	0	90
R2INDX	ET080079	1	30	0	2	3000	1
R2INDX	ET080080	1	1	0	2	32	1
R2INDX	ET080081	1	1	0	11	136	1
R2INDX	ET080082	1	1	0	10	167	1
R2INDX	ET080083	1	1	0	5	135	1
R2INDX	ET080084	1	1	20	0	0	90
R2INDX	ET080085	1	1	0	1	50	1
R2INDX	ET080086	1	4	0	1	100	2
R2INDX	ET080086	2	1	0	3	45	2
R2INDX	ET080087	1	1	6	5	200	80
R2INDX	ET080088	1	1	0	10	150	1
R2INDX	ET080089	1	1	0	5	45	1
R2INDX	ET080091	1	4	0	1	100	1
R2INDX	ET080091	2	1	0	2	25	1
R2INDX	ET080092	1	1	1	15	120	1
R2INDX	ET080093	1	4	1	0	-88	90
R2INDX	ET080093	2	1	0	4	40	1
R2INDX	ET080094	1	1	0	5	151	1
R2INDX	ET080095	1	1	0	1	30	1
R2INDX	ET080095	2	5	1	0	0	90
R2INDX	ET080096	1	4	0	1	90	1
R2INDX	ET080096	2	1	0	3	42	1
R2INDX	ET080097	1	1	0	6	160	1
R2INDX	ET080098	1	1	0	1	60	1
R2INDX	ET080098	2	5	1	0	0	90
R2INDX	ET080099	1	1	0	5	131	1
R2INDX	ET080100	1	1	2	0	0	90
R2INDX	ET080100	2	30	3	0	0	90
R2INDX	ET090001	1	1	0	1	23	80
R2INDX	ET090001	2	4	1	0	-88	88
R2INDX	ET090001	3	8	1	1	30	80
R2INDX	ET090002	1	1	0	4	22	1
R2INDX	ET090002	2	3	0	1	300	1
R2INDX	ET090002	3	4	0	2	10	1
R2INDX	ET090003	1	1	0	16	500	80
R2INDX	ET090004	1	30	0	1	1	2
R2INDX	ET090005	1	1	0	2	20	80
R2INDX	ET090005	2	4	0	2	136	80
R2INDX	ET090006	1	1	0	2	22	2
R2INDX	ET090007	1	1	0	4	80	1
R2INDX	ET090008	1	1	0	5	55	1
R2INDX	ET090008	2	4	0	2	16	1
R2INDX	ET090009	1	1	0	4	55	1
R2INDX	ET090009	2	4	0	2	70	1
R2INDX	ET090010	1	1	0	10	163	1
R2INDX	ET090011	1	4	0	1	100	1
R2INDX	ET090011	2	1	0	4	32	1
R2INDX	ET090012	1	1	2	10	250	1
R2INDX	ET090013	1	2	2	2	-77	9
R2INDX	ET090014	1	1	0	2	48	1
R2INDX	ET090014	2	4	0	1	32	1
R2INDX	ET090015	1	1	0	6	112	1
R2INDX	ET090015	2	4	0	2	36	1
R2INDX	ET090016	1	4	0	3	75	1
R2INDX	ET090016	2	1	0	8	59	1
R2INDX	ET090017	1	4	0	2	700	1
R2INDX	ET090017	2	1	0	3	50	1
R2INDX	ET090018	1	1	0	14	420	1
R2INDX	ET090020	1	1	0	12	70	1
R2INDX	ET090020	2	4	0	2	30	1
R2INDX	ET090021	1	1	0	6	99.5999984741211	1
R2INDX	ET090022	1	1	0	20	200	1
R2INDX	ET090023	1	1	0	4	25	1
R2INDX	ET090023	2	4	0	1	50	1
R2INDX	ET090024	1	1	1	16	250	1
R2INDX	ET090025	1	1	0	3	56	1
R2INDX	ET090025	2	4	0	1	9	1
R2INDX	ET090026	1	4	0	1	65	1
R2INDX	ET090026	2	1	0	3	50	1
R2INDX	ET090027	1	4	0	2	150	1
R2INDX	ET090027	2	1	0	4	98	1
R2INDX	ET090028	1	4	0	1	100	1
R2INDX	ET090030	1	1	0	2	40	80
R2INDX	ET090031	1	1	0	6	112	2
R2INDX	ET090031	2	4	0	3	60	2
R2INDX	ET090033	1	1	0	2	30	1
R2INDX	ET090033	2	4	0	1	25	1
R2INDX	ET090034	1	1	0	5	85	1
R2INDX	ET090034	2	4	0	2	30	1
R2INDX	ET090035	1	30	0	3	31	1
R2INDX	ET090036	1	1	0	12	250	1
R2INDX	ET090037	1	1	0	3	27	1
R2INDX	ET090037	2	4	0	1	35	1
R2INDX	ET090038	1	4	0	1	80	3
R2INDX	ET090038	2	6	0	2	54	3
R2INDX	ET090039	1	1	0	3	23	1
R2INDX	ET090039	2	4	0	1	45	1
R2INDX	ET090040	1	4	0	1	70	1
R2INDX	ET090040	2	1	0	15	150	1
R2INDX	ET090041	1	1	0	2	43	1
R2INDX	ET090041	2	4	0	2	20	1
R2INDX	ET090042	1	1	0	4	47	1
R2INDX	ET090042	2	4	0	2	14	1
R2INDX	ET090043	1	1	0	14	200	1
R2INDX	ET090044	1	4	0	1	125	1
R2INDX	ET090044	2	1	0	10	150	1
R2INDX	ET090045	1	1	0	5	187	1
R2INDX	ET090046	1	1	0	4	35	80
R2INDX	ET090046	2	4	0	1	40	80
R2INDX	ET090047	1	1	0	1	30	1
R2INDX	ET090047	2	4	0	1	60	1
R2INDX	ET090048	1	1	1	12	180	1
R2INDX	ET090049	1	1	77	4	58	5
R2INDX	ET090050	1	1	0	3	75	1
R2INDX	ET090051	1	1	3	10	100	1
R2INDX	ET090052	1	4	0	2	40	1
R2INDX	ET090052	2	1	0	17	60	1
R2INDX	ET090053	1	1	0	2	50	80
R2INDX	ET090053	2	4	0	2	85	80
R2INDX	ET090054	1	1	0	5	55	2
R2INDX	ET090055	1	1	5	0	60	90
R2INDX	ET090056	1	1	1	3	90	1
R2INDX	ET090056	2	4	0	1	40	1
R2INDX	ET090057	1	1	0	6	145	1
R2INDX	ET090058	1	1	0	4	116	1
R2INDX	ET090059	1	1	0	6	100	1
R2INDX	ET090060	1	4	0	1	75	2
R2INDX	ET090060	2	1	0	12	100	2
R2INDX	ET090061	1	23	2	1	50	2
R2INDX	ET090062	1	1	0	3	76	1
R2INDX	ET090063	1	1	0	3	73	1
R2INDX	ET090063	2	4	0	1	20	1
R2INDX	ET090064	1	1	0	6	114	1
R2INDX	ET090064	2	4	0	1	7	1
R2INDX	ET090065	1	13	1	5	40	80
R2INDX	ET090066	1	1	0	4	37	80
R2INDX	ET090067	1	4	0	2	100	1
R2INDX	ET090067	2	1	0	5	40	1
R2INDX	ET090068	1	1	0	2	50	80
R2INDX	ET090070	1	1	0	1	50	80
R2INDX	ET090071	1	1	0	42	1000	1
R2INDX	ET090071	2	2	0	1	1000	1
R2INDX	ET090071	3	39	0	2	20	1
R2INDX	ET090072	1	1	0	12	121	1
R2INDX	ET090074	1	1	0	2	70	1
R2INDX	ET090075	1	1	0	4	55	1
R2INDX	ET090075	2	4	0	1	20	1
R2INDX	ET090076	1	4	0	2	100	1
R2INDX	ET090076	2	1	0	5	100	1
R2INDX	ET090077	1	1	0	2	35	80
R2INDX	ET090078	1	1	0	16	210	1
R2INDX	ET090079	1	1	0	16	500	1
R2INDX	ET090080	1	22	3	7	60	1
R2INDX	ET090081	1	1	0	7	120	1
R2INDX	ET090081	2	4	0	1	25	1
R2INDX	ET090082	1	1	0	4	84	3
R2INDX	ET090083	1	1	2	16	300	1
R2INDX	ET090084	1	1	0	16	270	1
R2INDX	ET090085	1	1	0	2	75	1
R2INDX	ET090086	1	1	0	15	250	1
R2INDX	ET090087	1	1	0	10	150	1
R2INDX	ET090088	1	1	0	30	300	1
R2INDX	ET090089	1	1	0	16	230	1
R2INDX	ET090090	1	1	0	2	100	4
R2INDX	ET090092	1	4	0	1	50	80
R2INDX	ET090092	2	1	0	2	16	80
R2INDX	ET090093	1	30	0	3	65	1
R2INDX	ET090094	1	1	0	4	75	1
R2INDX	ET090095	1	4	0	1	100	1
R2INDX	ET090095	2	1	0	4	43	1
R2INDX	ET090096	1	1	0	11	250	1
R2INDX	ET100003	1	23	0	5	18	2
R2INDX	ET100004	1	30	0	1	700	80
R2INDX	ET100004	2	30	0	1	1200	80
R2INDX	ET100004	3	30	0	1	500	80
R2INDX	ET100005	1	30	-88	-88	-88	88
R2INDX	ET100006	1	23	0	4	28000	80
R2INDX	ET100010	1	22	3	0	0	90
R2INDX	ET100011	1	15	1	7	357	3
R2INDX	ET100012	1	15	0	49	309	1
R2INDX	ET100013	1	22	0	2	500	1
R2INDX	ET100014	1	15	0	4	120	2
R2INDX	ET100015	1	22	0	3	50	1
R2INDX	ET100016	1	13	0	3	47	2
R2INDX	ET100017	1	15	0	3	45	2
R2INDX	ET100017	2	19	0	3	50	2
R2INDX	ET100019	1	15	0	13	125	2
R2INDX	ET100021	1	22	7	0	-88	90
R2INDX	ET100022	1	15	0	14	105	2
R2INDX	ET100024	1	30	-88	-88	-88	88
R2INDX	ET100026	1	23	0	10	387	2
R2INDX	ET100028	1	12	0	6	42	1
R2INDX	ET100029	1	23	0	5	15	2
R2INDX	ET100032	1	30	-88	-88	-88	88
R2INDX	ET100033	1	19	0	2	18	1
R2INDX	ET100033	2	23	0	2	16	1
R2INDX	ET100033	3	15	0	2	80	1
R2INDX	ET100034	1	15	0	2	45	2
R2INDX	ET100034	2	19	0	4	60	2
R2INDX	ET100035	1	30	-88	-88	-88	88
R2INDX	ET100036	1	30	-88	-88	-88	88
R2INDX	ET100037	1	13	0	8	600	80
R2INDX	ET100038	1	30	-88	-88	-88	88
R2INDX	ET100039	1	30	-88	-88	-88	88
R2INDX	ET100040	1	10	0	4	4	2
R2INDX	ET100042	1	15	0	14	81	2
R2INDX	ET100043	1	13	0	2	80	80
R2INDX	ET100045	1	16	1	0	-88	90
R2INDX	ET100045	2	20	1	0	-88	90
R2INDX	ET100046	1	23	1	0	-88	90
R2INDX	ET100047	1	1	0	9	250	16
R2INDX	ET100048	1	15	0	4	100	2
R2INDX	ET100050	1	1	0	7	62	80
R2INDX	ET100051	1	23	0	3	100	1
R2INDX	ET100052	1	22	10	0	-88	90
R2INDX	ET100053	1	30	-88	-88	-88	88
R2INDX	ET100054	1	22	0	2	22	1
R2INDX	ET100055	1	22	10	0	88	90
R2INDX	ET100056	1	15	0	11	129	2
R2INDX	ET100057	1	30	-88	-88	-88	88
R2INDX	ET100059	1	30	-88	-88	-88	88
R2INDX	ET100060	1	22	2	3	30	1
R2INDX	ET100061	1	30	-88	-88	-88	88
R2INDX	ET100063	1	1	3	0	-88	90
R2INDX	ET100064	1	23	0	91	-77	80
R2INDX	ET100065	1	13	0	3	95	80
R2INDX	ET100066	1	30	0	1	5000	1
R2INDX	ET100066	2	23	0	3	150	1
R2INDX	ET100066	3	24	0	1	-88	1
R2INDX	ET100067	1	30	-88	-88	-88	88
R2INDX	ET100068	1	30	-88	-88	-88	88
R2INDX	ET100069	1	24	0	1	1500	1
R2INDX	ET100069	2	23	0	1	1600	1
R2INDX	ET100070	1	30	-88	-88	-88	88
R2INDX	ET100071	1	1	0	4	150	80
R2INDX	ET100074	1	30	-88	-88	-88	88
R2INDX	ET100075	1	22	0	12	1200	80
R2INDX	ET100076	1	15	0	11	80	2
R2INDX	ET100077	1	1	0	4	194	80
R2INDX	ET100078	1	30	0	7	-77	1
R2INDX	ET100079	1	19	0	2	28	2
R2INDX	ET100079	2	15	0	1	50	2
R2INDX	ET100079	3	30	0	1	40	2
R2INDX	ET100080	1	30	-88	-88	-88	88
R2INDX	ET100082	1	20	0	4	240	1
R2INDX	ET100082	2	16	1	0	88	90
R2INDX	ET100083	1	30	-88	-88	-88	88
R2INDX	ET100084	1	16	1	0	-88	90
R2INDX	ET100084	2	20	0	3	-77	1
R2INDX	ET100085	1	15	0	2	540	1
R2INDX	ET100085	2	19	0	2	20	1
R2INDX	ET100086	1	30	0	2	8	2
R2INDX	ET100087	1	15	0	4	80	5
R2INDX	ET100088	1	30	-88	-88	-88	88
R2INDX	ET100090	1	15	0	90	20000	80
R2INDX	ET100090	2	23	0	53	15000	80
R2INDX	ET100092	1	30	-88	-88	-88	88
R2INDX	ET100093	1	15	0	1	80	2
R2INDX	ET100093	2	19	0	3	180	2
R2INDX	ET100094	1	30	1	0	-88	90
R2INDX	ET100094	2	20	0	5	1500	2
R2INDX	ET100096	1	30	-88	-88	-88	88
R2INDX	ET100097	1	30	-88	-88	-88	88
R2INDX	ET100099	1	22	8	0	-88	90
R2INDX	ET110001	1	30	0	8	16	1
R2INDX	ET110002	1	30	-88	-88	-88	88
R2INDX	ET110003	1	1	0	68	600	1
R2INDX	ET110004	1	1	0	2	30	1
R2INDX	ET110004	2	4	0	1	90	1
R2INDX	ET110005	1	13	0	6	300	1
R2INDX	ET110006	1	1	0	14	360	1
R2INDX	ET110007	1	30	0	1	5	1
R2INDX	ET110008	1	30	0	3	18	3
R2INDX	ET110009	1	1	0	6	100	80
R2INDX	ET110011	1	1	0	6	182	1
R2INDX	ET110012	1	1	0	4	95	80
R2INDX	ET110012	2	4	0	2	85	1
R2INDX	ET110013	1	30	0	5	2500	80
R2INDX	ET110014	1	1	0	15	200	1
R2INDX	ET110015	1	1	0	15	200	1
R2INDX	ET110016	1	1	0	12	325	80
R2INDX	ET110017	1	1	0	15	200	1
R2INDX	ET110019	1	1	0	4	60	80
R2INDX	ET110019	2	4	0	4	100	1
R2INDX	ET110020	1	1	0	6	80	80
R2INDX	ET110021	1	1	0	16	250	80
R2INDX	ET110022	1	1	0	8	270	1
R2INDX	ET110023	1	1	0	12	90	80
R2INDX	ET110024	1	1	0	13	145	1
R2INDX	ET110025	1	1	0	12	226	1
R2INDX	ET110025	2	3	0	1	450	1
R2INDX	ET110026	1	1	0	19	450	1
R2INDX	ET110027	1	1	0	3	40	80
R2INDX	ET110027	2	4	2	0	-88	90
R2INDX	ET110028	1	30	-88	-88	-88	88
R2INDX	ET110029	1	30	-88	-88	-88	88
R2INDX	ET110030	1	1	0	11	200	80
R2INDX	ET110031	1	1	0	12	400	1
R2INDX	ET110032	1	1	0	8	220	3
R2INDX	ET110033	1	30	-88	-88	-88	88
R2INDX	ET110034	1	1	0	12	195	80
R2INDX	ET110035	1	22	0	2	30	1
R2INDX	ET110036	1	30	-88	-88	-88	88
R2INDX	ET110037	1	1	0	2	20	80
R2INDX	ET110037	2	4	0	2	70	1
R2INDX	ET110038	1	1	0	7	130	80
R2INDX	ET110039	1	1	0	20	200	1
R2INDX	ET110041	1	13	0	3	170	1
R2INDX	ET110042	1	1	0	1	90	1
R2INDX	ET110043	1	1	0	16	250	80
R2INDX	ET110045	1	30	-88	-88	-88	88
R2INDX	ET110046	1	15	0	8	200	2
R2INDX	ET110047	1	1	0	15	150	1
R2INDX	ET110048	1	1	0	7	84	80
R2INDX	ET110049	1	13	0	2	140	2
R2INDX	ET110051	1	1	0	32	250	1
R2INDX	ET110052	1	1	0	13	108	80
R2INDX	ET110053	1	1	0	8	110	16
R2INDX	ET110054	1	1	0	8	120	1
R2INDX	ET110054	2	8	0	1	-77	1
R2INDX	ET110055	1	1	0	23	450	80
R2INDX	ET110056	1	1	0	4	70	80
R2INDX	ET110056	2	4	0	2	60	2
R2INDX	ET110057	1	13	0	4	140	1
R2INDX	ET110058	1	16	1	0	-77	90
R2INDX	ET110059	1	13	0	5	260	80
R2INDX	ET110060	1	30	-88	-88	-88	88
R2INDX	ET110061	1	1	2	15	150	1
R2INDX	ET110063	1	1	0	5	45	3
R2INDX	ET110064	1	1	0	9	300	1
R2INDX	ET110065	1	1	0	6	80	80
R2INDX	ET110066	1	1	3	9	95	80
R2INDX	ET110067	1	30	-88	-88	-88	88
R2INDX	ET110068	1	13	4	6	75	1
R2INDX	ET110069	1	1	0	4	70	80
R2INDX	ET110069	2	4	0	2	50	1
R2INDX	ET110070	1	1	1	6	106	80
R2INDX	ET110071	1	1	0	19	315	80
R2INDX	ET110072	1	1	0	15	209	1
R2INDX	ET110073	1	1	0	9	130	1
R2INDX	ET110075	1	1	0	14	200	80
R2INDX	ET110076	1	30	-88	-88	-88	88
R2INDX	ET110077	1	1	0	4	75	80
R2INDX	ET110077	2	4	0	1	20	1
R2INDX	ET110078	1	1	0	9	120	80
R2INDX	ET110079	1	1	0	6	134	80
R2INDX	ET110080	1	1	0	7	110	80
R2INDX	ET110081	1	1	0	11	285	1
R2INDX	ET110082	1	1	0	9	120	1
R2INDX	ET110083	1	1	0	9	100	80
R2INDX	ET110084	1	13	0	3	80	1
R2INDX	ET110086	1	1	4	0	-88	90
R2INDX	ET110088	1	1	0	14	220	1
R2INDX	ET110088	2	8	0	2	35	1
R2INDX	ET110089	1	1	2	15	150	1
R2INDX	ET110091	1	1	0	4	60	80
R2INDX	ET110091	2	4	0	2	55	1
R2INDX	ET110092	1	1	0	12	190	1
R2INDX	ET110093	1	1	0	6	100	80
R2INDX	ET110094	1	1	0	6	120	80
R2INDX	ET110094	2	4	0	2	95	1
R2INDX	ET110096	1	1	0	17	390	80
R2INDX	ET110098	1	1	0	4	140	1
R2INDX	ET110098	2	4	0	1	90	1
R2INDX	ET110100	1	1	0	12	463	1
R2INDX	ET120001	1	1	0	5	45	1
R2INDX	ET120001	2	4	1	0	-88	88
R2INDX	ET120002	1	1	0	4	16	80
R2INDX	ET120004	1	1	0	4	80	80
R2INDX	ET120005	1	1	0	5	38	80
R2INDX	ET120005	2	4	0	1	12	80
R2INDX	ET120006	1	1	0	5	75	1
R2INDX	ET120006	2	4	0	1	20	1
R2INDX	ET120007	1	1	0	4	10	1
R2INDX	ET120007	2	4	0	1	5	1
R2INDX	ET120008	1	1	0	4	140	80
R2INDX	ET120008	2	4	0	1	10	1
R2INDX	ET120009	1	1	0	4	300	1
R2INDX	ET120009	2	6	1	0	-88	88
R2INDX	ET120010	1	4	0	3	150	80
R2INDX	ET120010	2	1	0	7	300	80
R2INDX	ET120010	3	6	0	2	20	80
R2INDX	ET120011	1	1	0	2	200	1
R2INDX	ET120011	2	6	1	0	-88	90
R2INDX	ET120012	1	1	1	2	47	1
R2INDX	ET120014	1	1	0	9	50	80
R2INDX	ET120014	2	4	0	1	8	80
R2INDX	ET120015	1	1	0	5	200	1
R2INDX	ET120015	2	4	0	1	30	1
R2INDX	ET120015	3	39	0	1	3	2
R2INDX	ET120016	1	4	0	1	40	80
R2INDX	ET120016	2	1	0	5	230	80
R2INDX	ET120016	3	6	0	1	7	80
R2INDX	ET120017	1	23	0	5	15	2
R2INDX	ET120018	1	1	0	2	7	1
R2INDX	ET120019	1	1	0	5	45	80
R2INDX	ET120019	2	4	0	1	200	80
R2INDX	ET120020	1	2	0	1	600	1
R2INDX	ET120021	1	1	0	4	60	1
R2INDX	ET120021	2	6	1	0	-88	88
R2INDX	ET120021	3	4	0	1	20	1
R2INDX	ET120023	1	1	0	4	-77	1
R2INDX	ET120023	2	4	0	1	177	1
R2INDX	ET120023	3	8	0	3	-77	1
R2INDX	ET120024	1	1	0	4	40	80
R2INDX	ET120024	2	4	0	1	15	80
R2INDX	ET120025	1	1	0	6	30	8
R2INDX	ET120025	2	4	0	2	50	8
R2INDX	ET120025	3	6	0	2	50	8
R2INDX	ET120026	1	1	0	8	500	80
R2INDX	ET120026	2	4	0	1	50	80
R2INDX	ET120026	3	6	0	2	10	80
R2INDX	ET120027	1	1	0	14	491	80
R2INDX	ET120027	2	4	0	2	32	80
R2INDX	ET120028	1	1	0	5	29	1
R2INDX	ET120028	2	4	0	1	5	1
R2INDX	ET120029	1	1	0	5	171	2
R2INDX	ET120029	2	4	0	1	12	2
R2INDX	ET120031	1	1	0	5	19	18
R2INDX	ET120031	2	4	0	1	10	18
R2INDX	ET120032	1	1	0	5	300	1
R2INDX	ET120032	2	4	0	1	10	1
R2INDX	ET120033	1	1	0	5	70	1
R2INDX	ET120034	1	4	0	1	60	1
R2INDX	ET120034	2	1	0	15	400	80
R2INDX	ET120034	3	6	0	2	12	1
R2INDX	ET120035	1	1	0	6	65	1
R2INDX	ET120035	2	4	0	2	210	1
R2INDX	ET120036	1	1	0	6	280	1
R2INDX	ET120036	2	4	0	1	20	1
R2INDX	ET120037	1	1	2	5	15	1
R2INDX	ET120037	2	6	0	1	12	1
R2INDX	ET120038	1	1	0	2	25	80
R2INDX	ET120038	2	4	0	1	20	80
R2INDX	ET120039	1	1	0	4	55	1
R2INDX	ET120039	2	4	0	1	50	1
R2INDX	ET120040	1	1	4	1	5	1
R2INDX	ET120040	2	4	1	0	-88	88
R2INDX	ET120041	1	4	0	1	70	1
R2INDX	ET120041	2	1	0	8	60	80
R2INDX	ET120042	1	1	0	6	340	16
R2INDX	ET120042	2	4	0	1	30	16
R2INDX	ET120043	1	1	0	7	160	80
R2INDX	ET120043	2	4	0	1	15	1
R2INDX	ET120044	1	1	0	2	10	1
R2INDX	ET120044	2	4	0	4	118	1
R2INDX	ET120045	1	1	0	4	50	1
R2INDX	ET120045	2	4	0	1	10	1
R2INDX	ET120046	1	1	0	6	46	80
R2INDX	ET120046	2	4	2	2	100	80
R2INDX	ET120047	1	4	0	2	100	1
R2INDX	ET120047	2	1	0	5	108	1
R2INDX	ET120048	1	1	0	3	215	1
R2INDX	ET120048	2	4	0	1	10	1
R2INDX	ET120049	1	1	0	2	10	1
R2INDX	ET120049	2	4	0	1	6	1
R2INDX	ET120050	1	1	0	4	225	80
R2INDX	ET120051	1	1	2	2	13	80
R2INDX	ET120051	2	4	0	1	10	80
R2INDX	ET120052	1	2	0	1	600	1
R2INDX	ET120053	1	1	3	2	13	80
R2INDX	ET120054	1	4	0	1	70	80
R2INDX	ET120054	2	1	0	4	52	80
R2INDX	ET120054	3	6	0	2	14	80
R2INDX	ET120055	1	1	0	7	224	1
R2INDX	ET120055	2	4	0	1	3	1
R2INDX	ET120056	1	1	0	8	400	80
R2INDX	ET120056	2	4	0	1	80	1
R2INDX	ET120056	3	6	0	1	6	1
R2INDX	ET120057	1	1	0	2	15	80
R2INDX	ET120057	2	4	0	1	30	80
R2INDX	ET120058	1	1	3	3	30	80
R2INDX	ET120059	1	1	88	15	97	1
R2INDX	ET120059	2	3	88	1	300	1
R2INDX	ET120059	3	4	88	2	16	1
R2INDX	ET120060	1	1	5	5	25	1
R2INDX	ET120061	1	1	0	4	50	1
R2INDX	ET120061	2	4	0	1	20	1
R2INDX	ET120062	1	1	0	6	85	80
R2INDX	ET120062	2	4	0	1	65	80
R2INDX	ET120062	3	6	0	1	6	80
R2INDX	ET120063	1	1	1	3	50	1
R2INDX	ET120063	2	6	0	1	7	1
R2INDX	ET120063	3	4	0	1	20	1
R2INDX	ET120065	1	1	0	7	390	80
R2INDX	ET120065	2	4	0	1	5	80
R2INDX	ET120066	1	13	0	7	38.5	1
R2INDX	ET120067	1	1	0	6	50	1
R2INDX	ET120067	2	4	0	1	20	1
R2INDX	ET120068	1	15	0	15	40	1
R2INDX	ET120068	2	23	0	8	70	1
R2INDX	ET120069	1	1	0	5	60	1
R2INDX	ET120069	2	4	0	1	5	1
R2INDX	ET120070	1	1	0	4	150	1
R2INDX	ET120071	1	1	0	2	25	1
R2INDX	ET120071	2	4	0	1	15	1
R2INDX	ET120072	1	1	6	2	20	1
R2INDX	ET120073	1	1	2	1	10	80
R2INDX	ET120073	2	4	1	0	-88	88
R2INDX	ET120074	1	1	0	3	30	1
R2INDX	ET120074	2	4	0	1	5	1
R2INDX	ET120075	1	1	0	1	5	1
R2INDX	ET120076	1	1	0	2	40	1
R2INDX	ET120076	2	4	0	1	20	1
R2INDX	ET120077	1	1	0	4	29	1
R2INDX	ET120077	2	4	0	1	20	1
R2INDX	ET120078	1	30	0	2	12	2
R2INDX	ET120079	1	1	0	3	20	1
R2INDX	ET120081	1	1	0	3	15	80
R2INDX	ET120081	2	4	0	1	3	80
R2INDX	ET120082	1	1	0	2	30	1
R2INDX	ET120083	1	4	0	1	50	80
R2INDX	ET120083	2	1	0	11	416	80
R2INDX	ET120083	3	6	0	1	7	80
R2INDX	ET120084	1	1	0	3	28	1
R2INDX	ET120084	2	4	0	1	100	1
R2INDX	ET120085	1	1	0	5	21	80
R2INDX	ET120085	2	4	0	1	2	80
R2INDX	ET120086	1	1	0	4	30	80
R2INDX	ET120087	1	1	0	6	150	1
R2INDX	ET120087	2	4	0	2	60	1
R2INDX	ET120088	1	1	0	5	50	80
R2INDX	ET120088	2	4	0	1	80	80
R2INDX	ET120088	3	6	0	1	10	80
R2INDX	ET120090	1	4	0	1	70	80
R2INDX	ET120090	2	1	0	4	305	80
R2INDX	ET120090	3	6	0	1	5	80
R2INDX	ET120091	1	1	0	10	80	80
R2INDX	ET120091	2	4	0	2	240	80
R2INDX	ET120092	1	1	0	1	4	1
R2INDX	ET120093	1	1	0	4	35	1
R2INDX	ET120093	2	4	0	1	10	1
R2INDX	ET120093	3	6	0	1	5	1
R2INDX	ET120094	1	30	0	6	6	2
R2INDX	ET120095	1	1	0	5	25	2
R2INDX	ET120095	2	4	0	1	20	2
R2INDX	ET120096	1	1	0	5	40	1
R2INDX	ET120096	2	4	0	1	15	1
R2INDX	ET120097	1	1	4	1	1.5	90
R2INDX	ET120097	2	4	1	0	-88	88
R2INDX	ET120097	3	39	1	1	4	1
R2INDX	ET120098	1	1	0	5	122	1
R2INDX	ET120098	2	4	0	1	5	1
R2INDX	ET120099	1	1	3	2	15	1
R2INDX	ET120099	2	6	1	0	-88	90
R2INDX	ET120099	3	4	1	0	-88	90
R2INDX	ET120100	1	1	0	4	50	1
R2INDX	ET120100	2	4	0	1	3	1
R2INDX	ET130001	1	23	0	10	1500	1
R2INDX	ET130003	1	15	-88	3	55	2
R2INDX	ET130004	1	15	88	2	0	2
R2INDX	ET130005	1	14	1	0	-88	90
R2INDX	ET130007	1	15	0	32	153	2
R2INDX	ET130008	1	23	0	2	3	1
R2INDX	ET130009	1	21	0	1	1100	1
R2INDX	ET130009	2	30	0	2	60	1
R2INDX	ET130013	1	1	2	7	70	80
R2INDX	ET130013	2	4	0	1	15	80
R2INDX	ET130015	1	20	2	0	8	90
R2INDX	ET130016	1	23	0	150	375	1
R2INDX	ET130016	2	24	0	1	450	1
R2INDX	ET130017	1	9	0	8	1005	1
R2INDX	ET130018	1	15	0	22	28.5	1
R2INDX	ET130018	2	23	50	0	2000	90
R2INDX	ET130021	1	23	0	3	230	1
R2INDX	ET130024	1	21	0	2	2000	1
R2INDX	ET130025	1	9	0	4	320	1
R2INDX	ET130025	2	30	0	1	25	1
R2INDX	ET130027	1	1	0	8	80	1
R2INDX	ET130028	1	24	0	1	-88	88
R2INDX	ET130028	2	25	0	1	180	1
R2INDX	ET130029	1	4	3	3	68	1
R2INDX	ET130030	1	1	0	6	80	1
R2INDX	ET130031	1	30	0	4	140	80
R2INDX	ET130035	1	30	0	1	40000	1
R2INDX	ET130035	2	23	1	0	-88	90
R2INDX	ET130036	1	1	0	4	60	1
R2INDX	ET130039	1	1	0	6	40	1
R2INDX	ET130040	1	2	0	1	100	2
R2INDX	ET130041	1	23	0	4	15	80
R2INDX	ET130042	1	21	0	1	1500	1
R2INDX	ET130042	2	23	0	3	120	1
R2INDX	ET130043	1	23	0	2	2	1
R2INDX	ET130043	2	20	0	1	20	90
R2INDX	ET130043	3	15	1	2	14	90
R2INDX	ET130044	1	13	0	22	6365	1
R2INDX	ET130045	1	13	1	3	70	1
R2INDX	ET130046	1	13	0	5	5120	1
R2INDX	ET130047	1	1	0	7	60	80
R2INDX	ET130047	2	4	0	1	15	80
R2INDX	ET130048	1	22	4	10	200	1
R2INDX	ET130049	1	30	0	10	20	80
R2INDX	ET130051	1	11	0	6	250	80
R2INDX	ET130052	1	13	4	5	146	1
R2INDX	ET130053	1	1	0	2	15	1
R2INDX	ET130055	1	13	5	5	130	1
R2INDX	ET130057	1	1	4	3	6	1
R2INDX	ET130058	1	22	4	4	48	1
R2INDX	ET130059	1	1	0	10	30	2
R2INDX	ET130060	1	4	0	1	12	80
R2INDX	ET130060	2	1	0	5	30	80
R2INDX	ET130062	1	30	0	5	15	80
R2INDX	ET130063	1	1	0	4	60	1
R2INDX	ET130063	2	4	0	1	35	1
R2INDX	ET130065	1	1	0	4	100	19
R2INDX	ET130065	2	4	0	1	100	19
R2INDX	ET130070	1	23	0	51	2550	1
R2INDX	ET130071	1	25	0	1	25000	1
R2INDX	ET130072	1	9	0	4	120	1
R2INDX	ET130072	2	30	0	1	-77	1
R2INDX	ET130073	1	15	3	3	19	2
R2INDX	ET130076	1	15	0	13	110	80
R2INDX	ET130081	1	1	0	5	180	1
R2INDX	ET130082	1	1	0	6	14.5	1
R2INDX	ET130082	2	4	0	1	3	1
R2INDX	ET130083	1	1	0	8	44	1
R2INDX	ET130083	2	4	0	1	8	1
R2INDX	ET130084	1	1	0	6	30	1
R2INDX	ET130085	1	14	0	1	700	1
R2INDX	ET130086	1	23	0	4	80	80
R2INDX	ET130087	1	20	0	2	5	1
R2INDX	ET130088	1	22	4	12	120	1
R2INDX	ET130090	1	4	0	3	38	1
R2INDX	ET130091	1	23	0	6	12	1
R2INDX	ET130092	1	30	0	5	30	1
R2INDX	ET130093	1	1	0	6	120	1
R2INDX	ET130094	1	2	1	0	-88	90
R2INDX	ET130095	1	13	0	14	98	1
R2INDX	ET130096	1	30	0	8	8	1
R2INDX	ET130097	1	21	0	2	1000	1
R2INDX	ET130098	1	30	0	1	4	1
R2INDX	ET130100	1	1	0	4	100	1
R2INDX	ET140002	1	30	0	2	1700	2
R2INDX	ET140002	2	39	0	3	7	2
R2INDX	ET140003	1	23	0	1	3000	1
R2INDX	ET140005	1	30	-88	-88	-88	88
R2INDX	ET140006	1	30	-88	-88	-88	88
R2INDX	ET140007	1	30	-88	-88	-88	88
R2INDX	ET140008	1	13	0	-77	-77	1
R2INDX	ET140009	1	13	0	5	-77	1
R2INDX	ET140010	1	30	-88	-88	-88	88
R2INDX	ET140018	1	30	-88	-88	-88	88
R2INDX	ET140020	1	15	0	6	150	3
R2INDX	ET140022	1	13	0	10	100	1
R2INDX	ET140023	1	30	-88	-88	-88	88
R2INDX	ET140024	1	16	1	0	-88	88
R2INDX	ET140025	1	30	-88	-88	-88	88
R2INDX	ET140026	1	30	-88	-88	-88	88
R2INDX	ET140028	1	13	0	10	100	2
R2INDX	ET140028	2	25	0	1	400	2
R2INDX	ET140029	1	13	0	9	148	17
R2INDX	ET140030	1	30	-88	-88	-88	88
R2INDX	ET140031	1	23	0	6	14	2
R2INDX	ET140032	1	30	-88	-88	-88	88
R2INDX	ET140033	1	30	-88	-88	-88	88
R2INDX	ET140034	1	30	-88	-88	-88	88
R2INDX	ET140035	1	27	0	3	-77	1
R2INDX	ET140036	1	30	-77	-88	-88	88
R2INDX	ET140037	1	30	-88	-88	-88	88
R2INDX	ET140038	1	30	-88	-88	-88	88
R2INDX	ET140039	1	30	-88	-88	-88	88
R2INDX	ET140040	1	30	-88	-88	-88	88
R2INDX	ET140041	1	30	-88	-88	-88	88
R2INDX	ET140042	1	30	-88	-88	-88	88
R2INDX	ET140044	1	30	0	2	4500	1
R2INDX	ET140045	1	30	-88	-88	-88	88
R2INDX	ET140046	1	30	-88	-88	-88	88
R2INDX	ET140047	1	30	-88	-88	-88	88
R2INDX	ET140048	1	30	-88	-88	-88	88
R2INDX	ET140049	1	30	0	5	42060	1
R2INDX	ET140052	1	30	-88	-88	-88	88
R2INDX	ET140053	1	23	0	25	160	1
R2INDX	ET140054	1	15	0	10	50	1
R2INDX	ET140055	1	23	0	5	1180	2
R2INDX	ET140057	1	23	0	5	30	2
R2INDX	ET140058	1	30	-88	-88	-88	88
R2INDX	ET140059	1	15	0	1	30000	1
R2INDX	ET140060	1	27	0	7	-77	1
R2INDX	ET140061	1	30	-88	-88	-88	88
R2INDX	ET140062	1	30	-88	-88	-88	88
R2INDX	ET140063	1	17	0	10	200	1
R2INDX	ET140064	1	27	0	13	150000	1
R2INDX	ET140065	1	23	0	3	400	1
R2INDX	ET140065	2	25	0	1	250	1
R2INDX	ET140066	1	2	0	2	4000	1
R2INDX	ET140066	2	30	0	2	1600	1
R2INDX	ET140067	1	13	0	5	600	1
R2INDX	ET140068	1	30	-88	-88	-88	88
R2INDX	ET140069	1	30	-88	-88	-88	88
R2INDX	ET140071	1	15	0	5	50	2
R2INDX	ET140073	1	30	-88	-88	-88	88
R2INDX	ET140074	1	30	-88	-88	-88	88
R2INDX	ET140076	1	30	-88	-88	-88	88
R2INDX	ET140077	1	30	-88	-88	-88	88
R2INDX	ET140078	1	15	0	4	350	2
R2INDX	ET140079	1	30	-88	-88	-88	88
R2INDX	ET140080	1	30	-88	-88	-88	88
R2INDX	ET140081	1	30	-88	-88	-88	88
R2INDX	ET140083	1	15	0	5	60	2
R2INDX	ET140086	1	13	0	3	75	1
R2INDX	ET140087	1	30	-88	-88	-88	88
R2INDX	ET140090	1	17	-77	0	-88	77
R2INDX	ET140092	1	27	0	3	-77	1
R2INDX	ET140093	1	27	0	2	12000	1
R2INDX	ET140094	1	13	0	3	30	1
R2INDX	ET140095	1	30	-88	-88	-88	88
R2INDX	ET140096	1	23	0	51	625	1
R2INDX	ET140097	1	30	-88	-88	-88	88
R2INDX	ET140098	1	13	0	4	80	1
R2INDX	ET140099	1	13	0	7	250	1
R2INDX	ET150001	1	1	0	8	40	1
R2INDX	ET150002	1	1	0	4	15	1
R2INDX	ET150003	1	1	0	5	46	1
R2INDX	ET150004	1	1	0	3	17	1
R2INDX	ET150005	1	1	0	11	77	1
R2INDX	ET150006	1	1	0	4	85	1
R2INDX	ET150007	1	1	0	2	28	1
R2INDX	ET150008	1	1	0	6	50	1
R2INDX	ET150010	1	1	0	9	36	1
R2INDX	ET150011	1	1	0	4	40	1
R2INDX	ET150012	1	1	0	9	90	1
R2INDX	ET150014	1	1	0	5	20	1
R2INDX	ET150015	1	1	0	6	24	1
R2INDX	ET150016	1	1	0	5	60	1
R2INDX	ET150017	1	1	0	11	110	1
R2INDX	ET150018	1	1	0	6	28	1
R2INDX	ET150019	1	1	0	5	55	1
R2INDX	ET150020	1	1	0	10	100	1
R2INDX	ET150021	1	1	0	9	35	1
R2INDX	ET150022	1	1	0	4	25	1
R2INDX	ET150023	1	1	0	13	112.5	1
R2INDX	ET150024	1	1	0	7	41	1
R2INDX	ET150025	1	1	0	4	65	1
R2INDX	ET150026	1	1	0	9	54	1
R2INDX	ET150027	1	1	0	4	50	1
R2INDX	ET150028	1	1	0	11	33	1
R2INDX	ET150029	1	1	0	4	30	1
R2INDX	ET150030	1	1	0	6	40	1
R2INDX	ET150031	1	1	0	4	25	1
R2INDX	ET150032	1	1	0	11	133	1
R2INDX	ET150033	1	1	0	4	24	1
R2INDX	ET150034	1	1	0	7	14	1
R2INDX	ET150035	1	1	0	5	29	1
R2INDX	ET150036	1	1	0	5	45	1
R2INDX	ET150037	1	1	0	5	36	1
R2INDX	ET150038	1	1	0	4	45	1
R2INDX	ET150039	1	1	0	6	15	1
R2INDX	ET150040	1	1	0	5	18	1
R2INDX	ET150041	1	1	0	3	49	80
R2INDX	ET150042	1	1	0	4	55	1
R2INDX	ET150043	1	1	0	12	67	1
R2INDX	ET150044	1	1	0	2	15	1
R2INDX	ET150045	1	1	0	12	60	1
R2INDX	ET150046	1	1	0	6	54	1
R2INDX	ET150047	1	13	0	10	200	2
R2INDX	ET150048	1	1	0	10	100	1
R2INDX	ET150050	1	1	0	6	70	1
R2INDX	ET150051	1	1	0	11	39	1
R2INDX	ET150052	1	1	0	8	32	2
R2INDX	ET150053	1	1	0	6	55	1
R2INDX	ET150054	1	1	0	7	70	1
R2INDX	ET150055	1	30	-88	-88	-88	88
R2INDX	ET150056	1	1	0	6	70	1
R2INDX	ET150057	1	13	0	11	300	1
R2INDX	ET150058	1	30	-88	-88	-88	88
R2INDX	ET150059	1	1	0	2	25	1
R2INDX	ET150060	1	1	0	4	35	1
R2INDX	ET150061	1	30	-88	-88	-88	88
R2INDX	ET150062	1	1	0	6	70	1
R2INDX	ET150063	1	23	0	3	45	80
R2INDX	ET150064	1	1	0	8	70	1
R2INDX	ET150065	1	1	0	11	100	80
R2INDX	ET150066	1	1	0	4	38	1
R2INDX	ET150067	1	1	0	10	43	2
R2INDX	ET150068	1	1	0	9	135	1
R2INDX	ET150069	1	1	0	7	70	1
R2INDX	ET150070	1	1	0	5	60	1
R2INDX	ET150071	1	1	0	6	100	16
R2INDX	ET150072	1	1	0	4	70	1
R2INDX	ET150074	1	1	0	10	100	1
R2INDX	ET150075	1	16	1	0	-88	88
R2INDX	ET150076	1	1	0	4	50	1
R2INDX	ET150077	1	1	0	6	70	1
R2INDX	ET150078	1	1	0	4	55	1
R2INDX	ET150079	1	1	0	6	32	1
R2INDX	ET150080	1	1	0	5	25	1
R2INDX	ET150081	1	1	0	4	45	1
R2INDX	ET150082	1	1	0	5	50	1
R2INDX	ET150083	1	1	0	6	49	1
R2INDX	ET150084	1	1	0	6	51	1
R2INDX	ET150085	1	1	0	6	60	1
R2INDX	ET150086	1	1	0	13	58	1
R2INDX	ET150087	1	1	0	3	52	1
R2INDX	ET150088	1	1	0	5	85	1
R2INDX	ET150089	1	1	0	3	47	1
R2INDX	ET150090	1	1	0	4	39	1
R2INDX	ET150091	1	1	0	8	36	1
R2INDX	ET150092	1	1	0	5	50	1
R2INDX	ET150093	1	1	0	4	80	1
R2INDX	ET150094	1	1	0	4	15	1
R2INDX	ET150095	1	1	0	5	50	1
R2INDX	ET150096	1	1	0	9	90	1
R2INDX	ET150097	1	1	0	7	43	1
R2INDX	ET150098	1	1	0	5	25	1
R2INDX	ET150099	1	1	0	9	90	1
R2INDX	ET150100	1	1	0	7	50	1
R2INDX	ET160001	1	1	0	8	70	1
R2INDX	ET160001	2	4	0	1	50	1
R2INDX	ET160001	3	3	1	0	-88	90
R2INDX	ET160002	1	1	0	1	7	1
R2INDX	ET160003	1	1	0	4	12	1
R2INDX	ET160004	1	24	0	1	1500	1
R2INDX	ET160004	2	23	0	1	2000	1
R2INDX	ET160005	1	1	1	9	50	1
R2INDX	ET160005	2	4	0	1	14	1
R2INDX	ET160005	3	3	1	0	-88	90
R2INDX	ET160006	1	1	0	2	47	1
R2INDX	ET160007	1	4	0	1	3	6
R2INDX	ET160007	2	1	0	4	60	6
R2INDX	ET160008	1	1	0	7	36	1
R2INDX	ET160008	2	4	0	1	12	1
R2INDX	ET160008	3	3	1	0	-88	90
R2INDX	ET160009	1	4	0	5	27	1
R2INDX	ET160009	2	1	0	1	5	1
R2INDX	ET160009	3	3	1	0	-88	90
R2INDX	ET160010	1	1	2	5	106	1
R2INDX	ET160010	2	4	0	1	18	1
R2INDX	ET160011	1	1	2	6	50	80
R2INDX	ET160012	1	1	3	6	80	2
R2INDX	ET160013	1	1	-77	5	50	1
R2INDX	ET160013	2	4	1	-77	-88	88
R2INDX	ET160014	1	4	0	4	24	1
R2INDX	ET160014	2	3	1	0	-88	90
R2INDX	ET160014	3	1	0	6	29	1
R2INDX	ET160015	1	1	0	3	43	1
R2INDX	ET160015	2	4	1	0	-88	90
R2INDX	ET160015	3	3	1	0	-88	90
R2INDX	ET160016	1	1	0	3	6	1
R2INDX	ET160016	2	4	0	1	12	1
R2INDX	ET160017	1	4	1	0	-88	90
R2INDX	ET160017	2	1	0	2	100	1
R2INDX	ET160017	3	8	1	2	150	1
R2INDX	ET160018	3	4	0	1	25	1
R2INDX	ET160019	1	4	4	5	-77	1
R2INDX	ET160019	2	1	3	6	15	1
R2INDX	ET160020	1	4	0	1	10	1
R2INDX	ET160020	2	1	0	1	10	1
R2INDX	ET160021	1	1	0	5	200	1
R2INDX	ET160021	2	4	0	1	7	1
R2INDX	ET160022	1	1	0	2	30	1
R2INDX	ET160022	2	4	0	1	23	1
R2INDX	ET160023	1	4	0	1	7	1
R2INDX	ET160023	2	1	0	4	20	1
R2INDX	ET160023	3	8	0	2	9	1
R2INDX	ET160024	1	1	0	12	116	1
R2INDX	ET160024	2	4	0	1	60	1
R2INDX	ET160025	1	1	0	5	14	1
R2INDX	ET160025	2	4	0	1	20	1
R2INDX	ET160026	1	4	1	2	30	1
R2INDX	ET160027	1	1	0	1	2	1
R2INDX	ET160027	2	4	0	1	10	1
R2INDX	ET160028	1	1	0	4	25	2
R2INDX	ET160029	1	1	0	5	50	80
R2INDX	ET160030	1	4	0	1	60	1
R2INDX	ET160030	2	1	0	4	70	1
R2INDX	ET160031	1	1	2	4	70	80
R2INDX	ET160031	2	4	0	1	30	80
R2INDX	ET160031	3	3	1	0	-88	90
R2INDX	ET160033	1	1	0	1	6	1
R2INDX	ET160033	2	4	0	1	7	1
R2INDX	ET160033	3	8	0	1	5	1
R2INDX	ET160034	1	1	0	4	70	1
R2INDX	ET160034	2	4	0	1	30	1
R2INDX	ET160035	1	30	0	2	-88	1
R2INDX	ET160035	2	4	0	1	20	1
R2INDX	ET160036	1	1	1	2	50	1
R2INDX	ET160036	2	4	1	1	17	1
R2INDX	ET160037	1	4	0	1	30	1
R2INDX	ET160037	2	3	1	0	-88	90
R2INDX	ET160037	3	1	0	15	114	1
R2INDX	ET160038	1	1	0	6	60	1
R2INDX	ET160039	1	1	0	2	45	1
R2INDX	ET160040	1	1	0	1	-77	2
R2INDX	ET160041	1	1	6	5	35	80
R2INDX	ET160042	1	30	1	1	650	1
R2INDX	ET160042	2	1	0	3	46	1
R2INDX	ET160042	3	4	0	1	100	1
R2INDX	ET160043	1	1	0	5	120	1
R2INDX	ET160043	2	4	0	1	25	1
R2INDX	ET160044	1	4	1	0	-88	90
R2INDX	ET160044	2	8	1	3	30	1
R2INDX	ET160044	3	1	0	5	120	1
R2INDX	ET160044	4	6	0	3	45	1
R2INDX	ET160045	1	1	0	5	30	80
R2INDX	ET160046	1	1	0	1	20	2
R2INDX	ET160047	1	4	0	1	50	1
R2INDX	ET160047	2	1	0	3	70	1
R2INDX	ET160047	3	8	0	5	50	1
R2INDX	ET160048	1	30	0	2	-77	1
R2INDX	ET160048	2	30	1	1	1400	1
R2INDX	ET160048	3	4	0	1	50	1
R2INDX	ET160049	1	4	0	1	25	2
R2INDX	ET160050	1	1	0	3	41	1
R2INDX	ET160050	2	4	0	1	100	88
R2INDX	ET160051	1	1	0	4	30	1
R2INDX	ET160052	1	1	0	2	30	1
R2INDX	ET160052	2	8	0	10	200	2
R2INDX	ET160052	3	4	0	1	15	1
R2INDX	ET160053	1	1	0	5	70	1
R2INDX	ET160053	2	4	0	1	40	1
R2INDX	ET160054	1	1	3	12	260	80
R2INDX	ET160055	1	1	0	4	25	1
R2INDX	ET160055	2	4	0	1	10	1
R2INDX	ET160056	1	1	0	4	30	1
R2INDX	ET160056	2	4	0	1	10	1
R2INDX	ET160057	1	1	0	6	75	2
R2INDX	ET160057	2	8	0	4	60	2
R2INDX	ET160058	1	4	0	1	15	1
R2INDX	ET160058	2	1	0	5	150	1
R2INDX	ET160058	3	8	0	2	15	1
R2INDX	ET160059	1	1	0	2	10	1
R2INDX	ET160059	2	8	0	1	20	1
R2INDX	ET160060	1	1	0	6	71	1
R2INDX	ET160060	2	4	2	0	-88	90
R2INDX	ET160061	1	1	0	12	163	1
R2INDX	ET160063	1	1	0	5	15	1
R2INDX	ET160063	2	4	0	1	25	1
R2INDX	ET160064	1	1	0	1	12	1
R2INDX	ET160064	2	4	0	1	20	1
R2INDX	ET160065	1	1	0	4	52	2
R2INDX	ET160066	1	1	0	3	7	1
R2INDX	ET160067	1	1	0	2	13	2
R2INDX	ET160067	2	8	0	1	15	2
R2INDX	ET160068	1	1	0	7	50	1
R2INDX	ET160069	1	1	3	3	38	1
R2INDX	ET160069	2	4	1	1	15	1
R2INDX	ET160070	1	4	1	0	-77	90
R2INDX	ET160070	2	1	0	8	100	2
R2INDX	ET160070	3	77	4	4	60	2
R2INDX	ET160071	1	1	0	2	7	1
R2INDX	ET160071	2	4	0	2	15	1
R2INDX	ET160072	1	1	0	4	75	1
R2INDX	ET160072	2	4	0	1	20	1
R2INDX	ET160072	3	3	0	1	600	1
R2INDX	ET160073	1	1	0	3	4	1
R2INDX	ET160073	2	4	0	1	3	1
R2INDX	ET160073	3	99	0	1	5	1
R2INDX	ET160074	1	8	0	1	-77	1
R2INDX	ET160074	2	4	0	1	50	1
R2INDX	ET160074	3	1	0	5	60	1
R2INDX	ET160075	1	13	1	0	-77	90
R2INDX	ET160076	1	1	0	5	40	80
R2INDX	ET160076	2	4	0	2	15	1
R2INDX	ET160076	3	8	0	3	100	1
R2INDX	ET160077	1	4	0	1	80	1
R2INDX	ET160077	2	1	0	4	60	1
R2INDX	ET160078	1	1	0	4	40	2
R2INDX	ET160078	2	77	0	3	30	2
R2INDX	ET160078	3	4	1	0	-77	90
R2INDX	ET160079	1	1	3	7	44	80
R2INDX	ET160080	1	4	0	2	25	1
R2INDX	ET160080	2	1	0	7	113	1
R2INDX	ET160081	1	4	0	1	25	1
R2INDX	ET160081	2	1	0	7	117	1
R2INDX	ET160082	1	17	0	30	130	1
R2INDX	ET160083	1	1	0	4	115	1
R2INDX	ET160083	2	4	0	1	12	1
R2INDX	ET160083	3	3	1	0	-88	90
R2INDX	ET160084	1	4	0	1	40	1
R2INDX	ET160084	2	1	0	5	120	1
R2INDX	ET160084	3	99	0	7	80	1
R2INDX	ET160085	1	1	0	2	60	80
R2INDX	ET160086	1	1	0	9	237	1
R2INDX	ET160087	1	1	0	4	35	1
R2INDX	ET160087	2	4	0	1	5	1
R2INDX	ET160087	3	77	0	4	9	1
R2INDX	ET160088	1	1	0	3	17	1
R2INDX	ET160088	2	4	0	1	15	1
R2INDX	ET160089	1	4	0	2	24	1
R2INDX	ET160089	2	1	0	9	150	1
R2INDX	ET160090	1	1	0	8	100	1
R2INDX	ET160091	1	1	0	12	80	1
R2INDX	ET160092	1	1	0	2	17	1
R2INDX	ET160092	2	99	0	1	10	1
R2INDX	ET160092	3	3	0	1	15	1
R2INDX	ET160093	1	1	0	3	53	1
R2INDX	ET160093	2	4	0	1	18	1
R2INDX	ET160093	3	99	0	3	24	1
R2INDX	ET160094	1	1	4	5	60	80
R2INDX	ET160095	1	1	0	1	5	1
R2INDX	ET160096	1	1	0	3	60	1
R2INDX	ET160096	2	4	0	1	20	1
R2INDX	ET160096	3	99	0	3	30	1
R2INDX	ET160097	1	4	0	2	12	1
R2INDX	ET160097	2	1	0	4	60	1
R2INDX	ET160098	1	8	1	2	-88	1
R2INDX	ET160098	2	5	0	1	150	1
R2INDX	ET160098	3	1	0	8	91	1
R2INDX	ET160099	1	1	0	3	40	1
R2INDX	ET160099	2	4	0	1	10	1
R2INDX	ET160099	3	77	0	2	20	1
R2INDX	ET160100	1	4	1	0	12	90
R2INDX	ET160100	2	1	0	3	23	1
R2INDX	ET170001	1	23	0	5	125	2
R2INDX	ET170002	1	1	0	7	45	1
R2INDX	ET170002	2	4	0	1	105	1
R2INDX	ET170003	1	1	0	1	180	1
R2INDX	ET170003	2	4	0	7	60	0
R2INDX	ET170004	1	1	0	4	45	80
R2INDX	ET170004	2	4	0	2	170	80
R2INDX	ET170005	1	4	-88	5	200	1
R2INDX	ET170005	2	1	-88	4	60	1
R2INDX	ET170006	1	4	-88	4	200	1
R2INDX	ET170006	2	1	-88	4	90	1
R2INDX	ET170007	1	1	-88	3	15	0
R2INDX	ET170007	2	4	-88	5	250	0
R2INDX	ET170008	1	1	0	7	110	80
R2INDX	ET170008	2	4	0	1	130	80
R2INDX	ET170008	3	8	0	4	65	80
R2INDX	ET170009	1	1	0	3	24	80
R2INDX	ET170009	2	4	0	2	160	80
R2INDX	ET170010	1	1	0	4	50	2
R2INDX	ET170010	2	4	0	2	300	2
R2INDX	ET170011	1	1	0	4	60	80
R2INDX	ET170011	2	4	0	1	150	80
R2INDX	ET170012	1	1	0	3	36	80
R2INDX	ET170012	2	4	0	1	120	80
R2INDX	ET170013	1	4	-88	6	200	2
R2INDX	ET170013	2	1	-88	4	60	2
R2INDX	ET170015	1	1	0	3	40	80
R2INDX	ET170015	2	4	0	1	150	80
R2INDX	ET170016	1	1	0	3	40	88
R2INDX	ET170016	2	4	0	1	100	88
R2INDX	ET170017	1	1	0	5	55	1
R2INDX	ET170017	2	4	0	1	130	1
R2INDX	ET170018	1	1	0	3	40	80
R2INDX	ET170018	2	4	0	2	200	80
R2INDX	ET170019	1	1	0	6	54	1
R2INDX	ET170019	2	4	0	1	124	1
R2INDX	ET170020	1	4	0	1	90	80
R2INDX	ET170020	2	1	0	4	30	80
R2INDX	ET170021	1	1	0	4	54	1
R2INDX	ET170021	2	4	0	1	125	1
R2INDX	ET170022	1	4	-88	5	200	1
R2INDX	ET170022	2	1	-88	4	80	1
R2INDX	ET170023	1	1	0	6	40	0
R2INDX	ET170023	2	4	0	1	200	0
R2INDX	ET170024	1	13	0	8	220	1
R2INDX	ET170025	1	1	-88	1	5	3
R2INDX	ET170025	2	4	-88	3	100	3
R2INDX	ET170026	1	4	0	1	95	1
R2INDX	ET170027	1	1	-88	4	20	80
R2INDX	ET170027	2	4	-88	10	350	80
R2INDX	ET170028	1	4	0	1	240	80
R2INDX	ET170028	2	1	1	6	40	80
R2INDX	ET170029	1	1	0	3	40	80
R2INDX	ET170029	2	4	0	2	150	80
R2INDX	ET170030	1	4	0	1	130	80
R2INDX	ET170030	2	1	0	4	30	1
R2INDX	ET170031	1	1	0	4	32	1
R2INDX	ET170031	2	4	0	1	110	1
R2INDX	ET170032	1	1	0	4	48	1
R2INDX	ET170032	2	4	0	1	115	1
R2INDX	ET170033	1	1	0	5	32	1
R2INDX	ET170033	2	4	0	1	105	1
R2INDX	ET170034	1	4	0	1	160	1
R2INDX	ET170034	2	1	0	4	35	1
R2INDX	ET170035	1	1	1	0	-88	1
R2INDX	ET170036	1	1	0	2	35	1
R2INDX	ET170037	1	1	-88	3	15	80
R2INDX	ET170037	2	4	-88	3	150	80
R2INDX	ET170038	1	4	-88	5	200	80
R2INDX	ET170038	2	1	-88	4	60	80
R2INDX	ET170039	1	1	0	4	30	80
R2INDX	ET170039	2	4	0	1	100	80
R2INDX	ET170040	1	1	3	0	-88	88
R2INDX	ET170041	1	4	-88	5	250	1
R2INDX	ET170041	2	2	-88	4	80	1
R2INDX	ET170042	1	4	0	1	125	1
R2INDX	ET170042	2	1	0	6	60	1
R2INDX	ET170043	1	4	0	2	280	1
R2INDX	ET170043	2	1	1	9	110	1
R2INDX	ET170045	1	1	0	6	50	80
R2INDX	ET170045	2	4	0	1	150	80
R2INDX	ET170046	1	4	0	5	200	1
R2INDX	ET170046	2	1	0	6	80	1
R2INDX	ET170047	1	4	0	1	120	80
R2INDX	ET170047	2	1	0	4	40	80
R2INDX	ET170048	1	1	-88	2	10	80
R2INDX	ET170048	2	4	-88	4	150	80
R2INDX	ET170049	1	1	0	5	20	80
R2INDX	ET170049	2	4	0	6	330	80
R2INDX	ET170050	1	1	-88	2	14	80
R2INDX	ET170050	2	4	-88	3	180	80
R2INDX	ET170051	1	1	0	3	18	80
R2INDX	ET170051	2	4	0	5	250	80
R2INDX	ET170052	1	1	0	3	25	80
R2INDX	ET170052	2	4	0	2	160	80
R2INDX	ET170053	1	4	0	1	120	80
R2INDX	ET170053	2	1	0	4	35	80
R2INDX	ET170054	1	4	-88	3	90	1
R2INDX	ET170054	2	1	-88	6	200	1
R2INDX	ET170056	1	1	7	0	-77	90
R2INDX	ET170056	2	4	1	0	-77	90
R2INDX	ET170057	1	1	0	3	50	80
R2INDX	ET170057	2	4	0	1	150	80
R2INDX	ET170058	1	4	0	1	140	80
R2INDX	ET170058	2	1	0	2	8	80
R2INDX	ET170059	1	1	0	8	220	80
R2INDX	ET170059	2	4	0	2	280	80
R2INDX	ET170059	3	8	2	5	75	80
R2INDX	ET170060	1	1	2	0	0	3
R2INDX	ET170062	1	4	-88	5	200	0
R2INDX	ET170062	2	1	-88	6	150	0
R2INDX	ET170064	1	1	0	5	45	1
R2INDX	ET170064	2	4	0	1	150	1
R2INDX	ET170065	1	1	0	5	58	80
R2INDX	ET170065	2	4	0	2	240	80
R2INDX	ET170065	3	8	2	4	80	80
R2INDX	ET170066	1	4	0	6	250	1
R2INDX	ET170066	2	1	0	5	100	1
R2INDX	ET170067	1	4	0	2	60	1
R2INDX	ET170067	2	1	0	6	200	1
R2INDX	ET170069	1	4	0	1	140	80
R2INDX	ET170069	2	1	0	4	20	0
R2INDX	ET170070	1	4	-88	6	250	1
R2INDX	ET170070	2	1	-88	4	100	1
R2INDX	ET170071	1	4	0	5	200	80
R2INDX	ET170071	2	1	0	2	10	80
R2INDX	ET170072	1	1	0	1	5	2
R2INDX	ET170073	1	1	1	0	-88	88
R2INDX	ET170074	1	1	0	2	30	1
R2INDX	ET170074	2	4	0	1	130	1
R2INDX	ET170075	1	4	0	1	130	80
R2INDX	ET170075	2	1	0	4	20	80
R2INDX	ET170076	1	30	0	1	1000	80
R2INDX	ET170077	1	1	0	2	30	80
R2INDX	ET170077	2	4	0	1	45	80
R2INDX	ET170078	1	1	0	4	36	1
R2INDX	ET170078	2	4	0	1	120	1
R2INDX	ET170079	1	1	0	8	70	80
R2INDX	ET170079	2	4	0	1	150	80
R2INDX	ET170080	1	1	0	13	190	80
R2INDX	ET170080	2	4	0	1	145	80
R2INDX	ET170081	1	4	0	6	300	80
R2INDX	ET170081	2	1	0	2	10	80
R2INDX	ET170082	1	1	0	1	150	1
R2INDX	ET170082	2	4	0	7	80	1
R2INDX	ET170083	1	4	0	1	140	80
R2INDX	ET170083	2	1	0	3	20	80
R2INDX	ET170084	1	1	0	4	44	1
R2INDX	ET170084	2	4	0	1	115	1
R2INDX	ET170085	1	4	0	4	150	80
R2INDX	ET170085	2	1	0	1	5	80
R2INDX	ET170086	1	1	0	2	25	80
R2INDX	ET170086	2	4	0	1	80	80
R2INDX	ET170087	1	1	0	12	180	80
R2INDX	ET170087	2	4	0	1	150	80
R2INDX	ET170087	3	8	0	6	-77	80
R2INDX	ET170088	1	4	0	5	200	1
R2INDX	ET170088	2	1	0	4	60	1
R2INDX	ET170089	1	4	0	5	200	1
R2INDX	ET170089	2	1	0	4	80	1
R2INDX	ET170090	1	1	0	3	21	1
R2INDX	ET170090	2	4	0	1	110	1
R2INDX	ET170091	1	1	0	1	8	1
R2INDX	ET170092	1	4	0	1	180	1
R2INDX	ET170092	2	1	0	10	66	1
R2INDX	ET170093	1	1	0	5	100	80
R2INDX	ET170093	2	4	0	2	300	80
R2INDX	ET170094	1	1	0	2	12	1
R2INDX	ET170095	1	4	0	5	200	80
R2INDX	ET170095	2	1	0	2	8	80
R2INDX	ET170096	1	4	0	2	260	1
R2INDX	ET170096	2	1	0	7	80	0
R2INDX	ET170097	1	1	0	4	60	80
R2INDX	ET170097	2	4	0	3	100	80
R2INDX	ET170098	1	4	0	2	240	80
R2INDX	ET170098	2	1	0	16	180	80
R2INDX	ET170098	3	8	0	-77	-77	80
R2INDX	ET170099	1	1	0	3	50	1
R2INDX	ET170100	1	4	0	1	115	80
R2INDX	ET170100	2	1	0	4	25	0
R2INDX	ET180001	1	1	1	1	120	1
R2INDX	ET180001	2	4	2	2	240	1
R2INDX	ET180002	1	1	0	2	50	80
R2INDX	ET180002	2	4	0	1	150	80
R2INDX	ET180003	1	1	1	0	-88	88
R2INDX	ET180004	1	1	2	2	20	1
R2INDX	ET180005	1	1	0	2	240	80
R2INDX	ET180006	1	4	0	1	80	2
R2INDX	ET180006	2	1	0	6	68	2
R2INDX	ET180007	1	4	0	2	300	1
R2INDX	ET180007	2	1	0	6	40	1
R2INDX	ET180008	1	4	1	0	-88	88
R2INDX	ET180008	2	1	0	2	24	2
R2INDX	ET180009	1	4	0	1	150	1
R2INDX	ET180009	2	1	0	1	30	1
R2INDX	ET180010	1	1	0	1	30	2
R2INDX	ET180010	2	4	0	1	130	2
R2INDX	ET180011	1	1	0	2	30	80
R2INDX	ET180011	2	4	0	2	350	80
R2INDX	ET180012	1	1	0	4	50	80
R2INDX	ET180012	2	4	0	1	25	80
R2INDX	ET180013	1	4	0	2	300	2
R2INDX	ET180013	2	1	0	2	20	2
R2INDX	ET180014	1	1	0	3	40	2
R2INDX	ET180014	2	4	0	2	120	2
R2INDX	ET180015	2	13	0	1	100	1
R2INDX	ET180016	1	4	0	1	80	1
R2INDX	ET180016	2	1	0	10	60	1
R2INDX	ET180017	1	4	0	2	260	1
R2INDX	ET180017	2	1	0	2	14	1
R2INDX	ET180018	1	1	0	4	50	80
R2INDX	ET180018	2	4	0	2	80	80
R2INDX	ET180019	1	4	0	1	200	1
R2INDX	ET180019	2	1	0	3	21	1
R2INDX	ET180020	1	1	0	10	-77	80
R2INDX	ET180020	2	4	0	1	-77	80
R2INDX	ET180021	1	4	1	1	150	1
R2INDX	ET180021	2	1	4	4	28	1
R2INDX	ET180022	1	4	0	2	260	80
R2INDX	ET180023	1	4	0	1	100	80
R2INDX	ET180023	2	1	0	6	80	80
R2INDX	ET180024	1	1	0	1	400	1
R2INDX	ET180025	1	1	0	3	45	80
R2INDX	ET180025	2	4	0	2	60	80
R2INDX	ET180026	1	1	0	12	200	80
R2INDX	ET180027	1	4	0	2	287	1
R2INDX	ET180027	2	1	0	10	85	1
R2INDX	ET180028	1	4	0	1	250	1
R2INDX	ET180028	2	1	0	5	100	80
R2INDX	ET180029	1	1	0	4	40	80
R2INDX	ET180029	2	4	0	1	250	80
R2INDX	ET180031	1	1	0	7	80	1
R2INDX	ET180031	2	4	0	1	40	1
R2INDX	ET180032	1	1	0	2	200	80
R2INDX	ET180032	2	4	0	2	-77	80
R2INDX	ET180033	1	1	0	1	4	1
R2INDX	ET180034	1	4	1	0	-88	90
R2INDX	ET180034	2	1	0	4	40	80
R2INDX	ET180035	1	4	0	2	210	1
R2INDX	ET180035	2	1	0	4	40	1
R2INDX	ET180036	1	1	0	2	30	80
R2INDX	ET180036	2	4	0	2	250	80
R2INDX	ET180038	1	4	0	1	180	1
R2INDX	ET180038	2	1	0	3	20	1
R2INDX	ET180039	1	1	0	2	20	80
R2INDX	ET180039	2	4	0	1	120	80
R2INDX	ET180040	1	1	0	7	120	1
R2INDX	ET180040	2	4	0	2	60	1
R2INDX	ET180041	1	4	0	1	100	2
R2INDX	ET180041	2	1	0	4	25	2
R2INDX	ET180042	1	1	0	5	80	1
R2INDX	ET180042	2	4	0	1	30	1
R2INDX	ET180043	1	1	2	0	-88	88
R2INDX	ET180044	1	4	0	1	100	80
R2INDX	ET180044	2	1	0	6	80	80
R2INDX	ET180045	1	4	0	1	250	80
R2INDX	ET180045	2	1	0	7	51	80
R2INDX	ET180045	3	5	0	1	4050	80
R2INDX	ET180046	1	4	0	1	120	80
R2INDX	ET180046	2	1	0	4	36	80
R2INDX	ET180047	1	1	0	6	90	80
R2INDX	ET180047	2	4	0	4	120	80
R2INDX	ET180048	1	1	0	1	60	1
R2INDX	ET180048	2	4	0	1	140	1
R2INDX	ET180050	1	1	0	5	150	1
R2INDX	ET180051	1	1	0	8	100	80
R2INDX	ET180051	2	4	0	2	80	80
R2INDX	ET180052	1	4	0	1	150	1
R2INDX	ET180052	2	1	0	5	30	1
R2INDX	ET180053	1	4	0	2	400	1
R2INDX	ET180053	2	1	0	7	80	1
R2INDX	ET180053	3	5	0	1	5000	1
R2INDX	ET180054	1	1	1	0	-88	88
R2INDX	ET180055	1	4	0	2	150	1
R2INDX	ET180055	2	1	0	6	100	1
R2INDX	ET180056	1	4	0	1	80	1
R2INDX	ET180056	2	1	0	4	45	1
R2INDX	ET180057	1	4	0	1	100	1
R2INDX	ET180057	2	1	0	7	50	1
R2INDX	ET180058	1	4	0	1	120	1
R2INDX	ET180058	2	1	0	3	21	1
R2INDX	ET180059	1	4	0	2	280	1
R2INDX	ET180059	2	1	0	4	24	1
R2INDX	ET180060	1	4	0	1	170	80
R2INDX	ET180060	2	1	0	8	105	80
R2INDX	ET180061	1	1	2	0	-88	90
R2INDX	ET180062	1	1	0	3	60	1
R2INDX	ET180062	2	4	0	2	80	1
R2INDX	ET180063	1	4	0	1	100	1
R2INDX	ET180063	2	1	0	4	29	1
R2INDX	ET180064	1	1	0	8	100	1
R2INDX	ET180064	2	4	0	2	100	1
R2INDX	ET180065	1	4	1	1	150	1
R2INDX	ET180065	2	1	1	1	120	1
R2INDX	ET180066	1	4	0	2	200	1
R2INDX	ET180066	2	1	3	1	120	1
R2INDX	ET180067	1	1	0	4	-77	1
R2INDX	ET180068	1	4	0	1	150	80
R2INDX	ET180068	2	1	0	5	20	80
R2INDX	ET180069	1	13	0	1	60	1
R2INDX	ET180070	1	4	0	1	100	1
R2INDX	ET180070	2	1	0	1	40	1
R2INDX	ET180071	1	1	0	10	150	80
R2INDX	ET180071	2	4	0	1	50	1
R2INDX	ET180072	1	1	0	2	30	80
R2INDX	ET180072	2	4	0	2	160	80
R2INDX	ET180073	1	4	0	2	200	1
R2INDX	ET180073	2	1	0	3	50	1
R2INDX	ET180074	1	4	0	1	80	1
R2INDX	ET180074	2	1	0	4	60	1
R2INDX	ET180075	1	1	0	14	150	1
R2INDX	ET180075	2	4	0	2	30	1
R2INDX	ET180076	1	1	0	2	8	1
R2INDX	ET180077	1	30	0	10	20	1
R2INDX	ET180079	1	13	0	3	120	1
R2INDX	ET180080	1	4	0	1	120	80
R2INDX	ET180080	2	1	0	5	15	80
R2INDX	ET180081	1	1	0	6	70	1
R2INDX	ET180081	2	4	0	1	40	1
R2INDX	ET180082	1	1	0	5	90	80
R2INDX	ET180082	2	4	0	2	100	80
R2INDX	ET180083	1	4	0	1	80	1
R2INDX	ET180083	2	1	0	8	60	1
R2INDX	ET180084	1	1	0	2	30	1
R2INDX	ET180085	1	1	0	3	21	80
R2INDX	ET180085	2	4	1	0	-88	88
R2INDX	ET180086	1	4	0	1	85	1
R2INDX	ET180086	2	1	0	10	26	1
R2INDX	ET180087	1	4	0	1	100	1
R2INDX	ET180087	2	1	0	2	14	1
R2INDX	ET180088	1	1	0	3	50	80
R2INDX	ET180088	2	4	0	2	200	80
R2INDX	ET180089	1	4	0	1	100	3
R2INDX	ET180089	2	1	0	4	28	3
R2INDX	ET180090	1	4	0	1	100	1
R2INDX	ET180090	2	1	3	2	6	1
R2INDX	ET180091	1	4	0	5	80	1
R2INDX	ET180091	2	1	0	1	40	1
R2INDX	ET180092	1	13	0	11	300	1
R2INDX	ET180093	1	4	1	0	-88	88
R2INDX	ET180093	2	1	0	1	7	2
R2INDX	ET180094	1	1	0	5	120	1
R2INDX	ET180094	2	4	0	1	40	1
R2INDX	ET180095	1	1	1	0	-88	88
R2INDX	ET180096	1	4	0	1	180	80
R2INDX	ET180096	2	1	0	1	6	80
R2INDX	ET180097	1	4	0	1	100	80
R2INDX	ET180097	2	1	0	2	12	80
R2INDX	ET180100	1	1	0	2	20	5
R2INDX	ET190001	1	4	0	1	250	1
R2INDX	ET190001	2	1	0	4	74	1
R2INDX	ET190002	1	1	1	0	-88	90
R2INDX	ET190003	1	1	1	0	15	88
R2INDX	ET190004	1	15	0	5	300	2
R2INDX	ET190005	1	25	0	2	240000	80
R2INDX	ET190006	1	1	1	0	-88	88
R2INDX	ET190008	1	1	2	0	-88	88
R2INDX	ET190009	1	1	1	0	-88	88
R2INDX	ET190010	1	23	1	0	-88	88
R2INDX	ET190010	2	24	0	1	180	1
R2INDX	ET190011	1	1	1	0	-88	90
R2INDX	ET190012	1	1	1	0	-77	88
R2INDX	ET190014	1	1	0	2	40	80
R2INDX	ET190015	1	15	0	26	219	1
R2INDX	ET190016	1	1	2	0	-88	88
R2INDX	ET190018	1	15	0	43	660	2
R2INDX	ET190019	1	1	2	0	-88	88
R2INDX	ET190020	1	1	2	0	-88	88
R2INDX	ET190021	1	21	0	2	3200	1
R2INDX	ET190022	1	1	1	0	-77	88
R2INDX	ET190023	1	1	2	0	-88	88
R2INDX	ET190024	1	1	1	0	-88	88
R2INDX	ET190027	1	4	0	1	200	1
R2INDX	ET190027	2	1	0	1	120	1
R2INDX	ET190028	1	15	2	2	50	1
R2INDX	ET190029	1	16	1	0	-88	90
R2INDX	ET190031	1	16	1	0	-77	90
R2INDX	ET190032	1	10	0	5	7000	2
R2INDX	ET190033	1	13	0	2	20	1
R2INDX	ET190035	1	23	0	1	1500	90
R2INDX	ET190036	1	13	0	2	40	1
R2INDX	ET190037	1	1	2	6	-88	88
R2INDX	ET190038	1	1	1	0	-77	90
R2INDX	ET190039	1	15	0	77	9000	80
R2INDX	ET190040	1	1	1	0	-88	88
R2INDX	ET190041	1	15	0	17	72	1
R2INDX	ET190042	1	1	2	0	-88	77
R2INDX	ET190045	1	23	0	1	30	2
R2INDX	ET190046	1	21	0	1	3000	1
R2INDX	ET190047	1	30	0	2	4	1
R2INDX	ET190048	1	21	1	0	-88	88
R2INDX	ET190049	1	1	1	0	-88	88
R2INDX	ET190050	1	13	0	8	42000	5
R2INDX	ET190051	1	1	0	2	37	80
R2INDX	ET190052	1	15	0	50	395	2
R2INDX	ET190053	1	15	0	1	200	2
R2INDX	ET190054	1	15	0	34	310	1
R2INDX	ET190055	1	15	0	16	76	2
R2INDX	ET190056	1	30	0	4	12	1
R2INDX	ET190057	1	23	0	4	1200	1
R2INDX	ET190058	1	1	2	0	-88	88
R2INDX	ET190059	1	1	1	0	-88	88
R2INDX	ET190060	1	15	0	34	450	2
R2INDX	ET190061	1	15	0	8	121	2
R2INDX	ET190062	1	10	0	8	2500	1
R2INDX	ET190063	1	23	0	4	2500	1
R2INDX	ET190064	1	15	0	15	200	1
R2INDX	ET190065	1	15	0	20	120	4
R2INDX	ET190066	1	12	3	0	-88	88
R2INDX	ET190067	1	1	0	2	20	1
R2INDX	ET190068	1	1	1	0	-88	88
R2INDX	ET190069	1	1	2	0	-88	88
R2INDX	ET190070	1	1	4	0	-88	88
R2INDX	ET190071	1	30	0	2	1	1
R2INDX	ET190072	1	1	1	0	-88	88
R2INDX	ET190073	1	15	9	25	520	2
R2INDX	ET190074	1	15	0	40	6810	3
R2INDX	ET190076	1	1	1	0	-88	88
R2INDX	ET190079	1	15	0	32	230	4
R2INDX	ET190080	1	1	1	0	-88	88
R2INDX	ET190082	1	15	0	14	200	1
R2INDX	ET190083	1	13	0	15	200	1
R2INDX	ET190084	1	1	1	0	-88	88
R2INDX	ET190087	1	30	0	5	30	2
R2INDX	ET190089	1	1	0	1	15	1
R2INDX	ET190090	1	13	0	1	300	1
R2INDX	ET190091	1	14	0	5	-88	1
R2INDX	ET190091	2	30	0	5	60	1
R2INDX	ET190092	1	1	2	1	15	80
R2INDX	ET190093	1	4	1	0	-88	88
R2INDX	ET190093	2	1	0	1	10	1
R2INDX	ET190094	1	30	0	1	80000	1
R2INDX	ET190095	1	24	0	1	500	80
R2INDX	ET190096	1	1	1	0	-88	88
R2INDX	ET190097	1	15	0	1	300	8
R2INDX	ET190098	1	4	0	1	60	1
R2INDX	ET190098	2	1	0	1	8	1
R2INDX	ET190099	1	30	-77	1	7	2
R2INDX	ET190100	1	21	0	1	1000	1
R2INDX	ET200001	1	16	2	0	-88	88
R2INDX	ET200002	1	1	0	8	200	2
R2INDX	ET200002	2	4	0	1	200	80
R2INDX	ET200003	1	1	0	5	250	80
R2INDX	ET200004	1	4	0	2	100	1
R2INDX	ET200004	2	1	0	2	14	1
R2INDX	ET200005	1	1	0	8	80	80
R2INDX	ET200005	2	4	0	2	200	80
R2INDX	ET200007	1	23	0	12	7000	2
R2INDX	ET200008	1	1	0	3	-77	80
R2INDX	ET200009	1	11	1	0	-88	88
R2INDX	ET200011	1	1	0	4	45	80
R2INDX	ET200011	2	4	0	1	100	80
R2INDX	ET200012	1	1	0	2	100	80
R2INDX	ET200012	2	4	0	1	80	80
R2INDX	ET200013	1	23	0	3	380	1
R2INDX	ET200014	1	4	0	1	-77	1
R2INDX	ET200014	2	1	0	10	-77	1
R2INDX	ET200015	1	1	1	0	-88	88
R2INDX	ET200016	1	1	2	0	-88	88
R2INDX	ET200018	1	1	0	1	40	1
R2INDX	ET200018	2	4	0	3	200	1
R2INDX	ET200019	1	4	0	6	250	80
R2INDX	ET200019	2	1	0	2	20	80
R2INDX	ET200020	1	1	0	6	250	80
R2INDX	ET200020	2	4	0	2	30	80
R2INDX	ET200021	1	1	2	13	165	2
R2INDX	ET200021	2	4	1	1	140	2
R2INDX	ET200021	3	8	4	6	75	2
R2INDX	ET200022	1	4	0	4	260	80
R2INDX	ET200022	2	1	0	3	80	80
R2INDX	ET200024	1	4	0	1	80	1
R2INDX	ET200024	2	1	0	5	-77	1
R2INDX	ET200025	1	1	1	0	-88	88
R2INDX	ET200026	1	1	0	4	60	80
R2INDX	ET200027	1	15	0	4	45	1
R2INDX	ET200027	2	4	0	1	86	1
R2INDX	ET200028	1	1	0	3	50	1
R2INDX	ET200029	1	1	0	8	100	80
R2INDX	ET200029	2	4	0	6	300	80
R2INDX	ET200030	1	1	1	0	-88	88
R2INDX	ET200031	1	1	2	0	-88	88
R2INDX	ET200033	1	1	0	2	50	1
R2INDX	ET200035	1	1	0	17	380	80
R2INDX	ET200035	2	4	0	2	120	80
R2INDX	ET200035	3	5	0	1	3800	80
R2INDX	ET200036	1	1	0	8	-77	80
R2INDX	ET200036	2	4	0	2	90	80
R2INDX	ET200037	1	1	1	0	-77	88
R2INDX	ET200038	1	1	0	3	34	80
R2INDX	ET200038	2	4	0	1	102	80
R2INDX	ET200039	1	1	0	2	30	1
R2INDX	ET200041	1	1	1	0	-88	88
R2INDX	ET200042	1	1	0	4	90	1
R2INDX	ET200042	2	4	0	1	70	80
R2INDX	ET200044	1	1	0	6	200	1
R2INDX	ET200045	1	1	0	9	-77	80
R2INDX	ET200045	2	4	0	2	280	80
R2INDX	ET200045	3	8	0	-77	-88	80
R2INDX	ET200046	1	4	0	2	200	80
R2INDX	ET200046	2	1	0	6	30	80
R2INDX	ET200047	1	1	0	2	16	1
R2INDX	ET200047	2	4	0	1	140	1
R2INDX	ET200048	1	1	0	10	50	80
R2INDX	ET200048	2	4	0	1	100	80
R2INDX	ET200049	1	1	0	9	120	80
R2INDX	ET200049	2	4	0	1	135	80
R2INDX	ET200049	3	8	0	-77	-77	88
R2INDX	ET200050	1	1	0	6	42	1
R2INDX	ET200050	2	4	0	1	125	1
R2INDX	ET200051	1	1	0	3	15	1
R2INDX	ET200051	2	4	0	2	140	1
R2INDX	ET200052	1	4	0	2	90	80
R2INDX	ET200052	2	1	0	4	22	80
R2INDX	ET200053	1	1	0	5	40	80
R2INDX	ET200053	2	4	0	2	140	80
R2INDX	ET200054	1	1	0	3	32	1
R2INDX	ET200054	2	4	0	2	200	1
R2INDX	ET200055	1	4	0	1	170	80
R2INDX	ET200055	2	1	0	7	115	80
R2INDX	ET200056	1	1	0	6	250	80
R2INDX	ET200057	1	4	0	5	200	80
R2INDX	ET200057	2	1	0	8	80	80
R2INDX	ET200058	1	1	0	6	80	80
R2INDX	ET200058	2	4	0	2	200	80
R2INDX	ET200059	1	4	0	5	80	80
R2INDX	ET200059	2	1	0	4	20	80
R2INDX	ET200060	1	1	2	0	-88	88
R2INDX	ET200061	1	1	0	2	40	80
R2INDX	ET200061	2	4	0	1	145	80
R2INDX	ET200062	1	1	0	10	90	80
R2INDX	ET200062	2	4	0	2	250	80
R2INDX	ET200063	1	1	1	0	-88	88
R2INDX	ET200064	1	1	0	6	35	1
R2INDX	ET200064	2	2	0	2	110	1
R2INDX	ET200066	1	1	1	0	-88	88
R2INDX	ET200067	1	1	0	4	30	1
R2INDX	ET200067	2	4	0	1	100	1
R2INDX	ET200068	1	4	0	1	120	80
R2INDX	ET200068	2	1	0	6	35	80
R2INDX	ET200069	1	1	0	4	55	1
R2INDX	ET200069	2	4	0	1	135	1
R2INDX	ET200070	1	1	0	5	40	1
R2INDX	ET200070	2	4	0	1	180	1
R2INDX	ET200071	1	1	3	0	-88	88
R2INDX	ET200072	1	1	1	0	4	1
R2INDX	ET200073	1	4	0	5	150	80
R2INDX	ET200074	1	4	0	1	160	80
R2INDX	ET200074	2	1	0	11	-77	80
R2INDX	ET200075	1	1	2	1	15	1
R2INDX	ET200076	1	1	0	6	200	1
R2INDX	ET200076	2	2	0	4	60	1
R2INDX	ET200077	1	13	0	6	150	1
R2INDX	ET200078	1	30	0	-77	-77	88
R2INDX	ET200079	1	1	2	0	-88	88
R2INDX	ET200080	1	1	0	3	65	1
R2INDX	ET200080	2	4	0	1	92	1
R2INDX	ET200081	1	1	2	0	-88	80
R2INDX	ET200081	2	4	0	1	40	1
R2INDX	ET200082	1	1	0	6	100	2
R2INDX	ET200082	2	4	0	2	200	88
R2INDX	ET200083	1	1	0	3	30	80
R2INDX	ET200084	1	13	0	-77	300	1
R2INDX	ET200084	2	8	0	5	45	80
R2INDX	ET200085	1	4	0	1	80	1
R2INDX	ET200085	2	1	0	8	29	1
R2INDX	ET200086	1	1	0	2	20	1
R2INDX	ET200086	2	4	0	1	50	1
R2INDX	ET200087	1	1	0	4	48	80
R2INDX	ET200087	2	4	0	1	135	80
R2INDX	ET200087	3	8	0	13	-77	80
R2INDX	ET200088	1	4	0	1	110	80
R2INDX	ET200088	2	1	0	-77	-77	80
R2INDX	ET200089	1	1	0	4	28	80
R2INDX	ET200089	2	5	0	2	60	80
R2INDX	ET200090	1	4	2	2	200	80
R2INDX	ET200090	2	1	12	12	90	80
R2INDX	ET200091	1	1	0	3	24	80
R2INDX	ET200091	2	4	0	2	150	80
R2INDX	ET200092	1	1	0	4	40	1
R2INDX	ET200092	2	4	0	1	160	80
R2INDX	ET200093	1	1	0	5	50	80
R2INDX	ET200093	2	4	0	2	250	80
R2INDX	ET200094	1	1	-77	4	-77	80
R2INDX	ET200094	2	4	-77	1	-77	80
R2INDX	ET200094	3	8	-77	-77	-77	80
R2INDX	ET200095	1	1	0	5	150	1
R2INDX	ET200095	2	5	0	1	600	1
R2INDX	ET200096	1	1	0	6	120	80
R2INDX	ET200097	1	23	0	1	300	80
R2INDX	ET200098	1	1	10	10	70	1
R2INDX	ET200098	2	4	2	3	100	1
R2INDX	ET200098	3	30	1	1	1983	1
R2INDX	ET200099	1	1	0	5	45	1
R2INDX	ET200099	2	4	0	1	81	1
R2INDX	ET200100	1	1	0	5	105	80
R2INDX	ET200100	2	4	0	1	150	80
