CHILDCODE	HHDCIDR4	MADDECR4	WHOPRVR4
11001	1	0	3
11001	2	0	3
11001	3	1	1
11001	4	0	3
11001	5	0	3
11001	6	0	3
11002	1	1	6
11002	2	1	6
11002	3	1	6
11002	4	1	6
11002	5	1	6
11002	6	1	1
11003	1	1	3
11003	2	1	3
11003	3	1	3
11003	4	1	3
11003	5	1	3
11003	6	1	3
11004	1	1	3
11004	2	0	3
11004	3	1	1
11004	4	1	7
11004	5	1	1
11004	6	1	7
11005	1	1	3
11005	2	1	7
11005	3	1	3
11005	4	1	3
11005	5	1	3
11005	6	1	3
11006	1	0	2
11006	2	0	2
11006	3	0	2
11006	4	0	2
11006	5	0	2
11006	6	0	2
11007	1	1	3
11007	2	1	1
11007	3	1	1
11007	4	1	3
11007	5	1	3
11007	6	1	3
11008	1	0	3
11008	2	0	3
11008	3	1	3
11008	4	0	3
11008	5	0	3
11008	6	0	3
11009	1	0	3
11009	2	0	3
11009	3	0	3
11009	4	0	3
11009	5	0	3
11009	6	0	3
11010	1	0	3
11010	2	0	3
11010	3	1	1
11010	4	1	3
11010	5	1	1
11010	6	1	1
11011	1	0	3
11011	2	1	7
11011	3	1	7
11011	4	1	1
11011	5	1	1
11011	6	1	7
11012	1	1	3
11012	2	0	2
11012	3	0	3
11012	4	0	3
11012	5	1	3
11012	6	0	3
11013	1	0	3
11013	2	0	4
11013	3	1	7
11013	4	0	7
11013	5	1	7
11013	6	1	7
11014	1	1	3
11014	2	1	3
11014	3	1	3
11014	4	1	3
11014	5	1	3
11014	6	1	3
11015	1	1	2
11015	2	1	1
11015	3	1	1
11015	4	1	2
11015	5	1	1
11015	6	1	1
11016	1	1	3
11016	2	0	3
11016	3	0	3
11016	4	0	3
11016	5	0	3
11016	6	0	3
11018	1	1	3
11018	2	1	8
11018	3	1	7
11018	4	1	7
11018	5	1	1
11018	6	1	1
11019	1	1	7
11019	2	1	3
11019	3	1	7
11019	4	1	7
11019	5	1	7
11019	6	1	7
11021	1	1	1
11021	2	1	1
11021	3	1	1
11021	4	1	1
11021	5	1	1
11021	6	1	1
11022	1	1	4
11022	2	1	4
11022	3	1	7
11022	4	0	88
11022	5	1	7
11022	6	1	7
11023	1	0	3
11023	2	1	3
11023	3	0	3
11023	4	0	3
11023	5	1	3
11023	6	1	3
11024	1	0	4
11024	2	1	8
11024	3	1	6
11024	4	1	6
11024	5	1	6
11024	6	1	6
11025	1	1	7
11025	2	1	7
11025	3	1	7
11025	4	1	7
11025	5	1	1
11025	6	1	1
11026	1	1	7
11026	2	1	7
11026	3	1	3
11026	4	1	3
11026	5	1	1
11026	6	0	3
11027	1	0	3
11027	2	1	1
11027	3	1	1
11027	4	1	3
11027	5	1	3
11027	6	0	3
11029	1	1	7
11029	2	1	3
11029	3	1	7
11029	4	1	88
11029	5	1	1
11029	6	1	7
11030	1	1	3
11030	2	0	3
11030	3	1	3
11030	4	0	3
11030	5	1	3
11030	6	1	3
11031	1	1	7
11031	2	1	7
11031	3	1	7
11031	4	1	7
11031	5	1	1
11031	6	1	1
11032	1	1	3
11032	2	0	3
11032	3	1	3
11032	4	1	7
11032	5	1	7
11032	6	1	7
11034	1	1	3
11034	2	0	3
11034	3	1	7
11034	4	0	88
11034	5	1	7
11034	6	1	7
11035	1	1	7
11035	2	1	7
11035	3	1	7
11035	4	1	1
11035	5	1	1
11035	6	1	7
11036	1	0	3
11036	2	1	3
11036	3	1	3
11036	4	0	3
11036	5	1	1
11036	6	0	3
11037	1	0	3
11037	2	1	3
11037	3	1	3
11037	4	1	3
11037	5	1	1
11037	6	1	3
11038	1	1	2
11038	2	1	2
11038	3	1	2
11038	4	1	2
11038	5	1	2
11038	6	1	2
11039	1	1	7
11039	2	1	7
11039	3	1	1
11039	4	1	1
11039	5	1	1
11039	6	1	7
11040	1	1	3
11040	2	0	3
11040	3	1	7
11040	4	1	7
11040	5	1	7
11040	6	1	7
11041	1	1	7
11041	2	1	7
11041	3	1	7
11041	4	1	7
11041	5	1	7
11041	6	1	7
11042	1	1	7
11042	2	1	3
11042	3	1	7
11042	4	1	3
11042	5	1	7
11042	6	1	7
11043	1	0	3
11043	2	1	3
11043	3	1	3
11043	4	0	3
11043	5	1	1
11043	6	0	3
11044	1	0	2
11044	2	1	2
11044	3	0	2
11044	4	0	2
11044	5	1	2
11044	6	0	2
11045	1	0	8
11045	2	1	8
11045	3	1	8
11045	4	1	1
11045	5	1	8
11045	6	1	1
11046	1	0	3
11046	2	1	7
11046	3	1	7
11046	4	1	7
11046	5	1	7
11046	6	1	7
11047	1	1	3
11047	2	1	3
11047	3	1	3
11047	4	1	3
11047	5	1	3
11047	6	1	3
11048	1	1	2
11048	2	1	2
11048	3	1	2
11048	4	1	2
11048	5	1	2
11048	6	1	1
11049	1	0	3
11049	2	0	3
11049	3	1	1
11049	4	1	1
11049	5	1	1
11049	6	1	3
11050	1	0	4
11050	2	1	4
11050	3	1	4
11050	4	0	4
11050	5	1	4
11050	6	1	4
21001	1	1	3
21001	2	1	3
21001	3	1	3
21001	4	1	3
21001	5	1	1
21001	6	1	3
21002	1	1	3
21002	2	1	3
21002	3	1	3
21002	4	1	2
21002	5	1	1
21002	6	1	3
21003	1	1	7
21003	2	1	7
21003	3	1	1
21003	4	1	1
21003	5	1	1
21003	6	1	1
21004	1	0	3
21004	2	1	7
21004	3	1	1
21004	4	0	7
21004	5	1	3
21004	6	1	3
21005	1	0	3
21005	2	0	3
21005	3	0	3
21005	4	0	3
21005	5	0	3
21005	6	0	3
21006	1	0	3
21006	2	0	3
21006	3	1	7
21006	4	0	3
21006	5	1	7
21006	6	1	7
21007	1	0	3
21007	2	1	3
21007	3	1	1
21007	4	1	1
21007	5	1	3
21007	6	1	3
21008	1	0	3
21008	2	0	3
21008	3	0	3
21008	4	0	3
21008	5	0	3
21008	6	0	3
21009	1	0	4
21009	2	1	8
21009	3	1	8
21009	4	1	1
21009	5	1	1
21009	6	1	8
21010	1	1	3
21010	2	1	1
21010	3	1	1
21010	4	1	3
21010	5	1	1
21010	6	1	1
21011	1	0	3
21011	2	1	1
21011	3	1	1
21011	4	0	3
21011	5	0	3
21011	6	1	3
21012	1	0	3
21012	2	1	3
21012	3	0	3
21012	4	0	7
21012	5	0	3
21012	6	0	3
21013	1	1	3
21013	2	1	1
21013	3	0	3
21013	4	1	3
21013	5	1	1
21013	6	0	3
21014	1	1	8
21014	2	1	8
21014	3	1	1
21014	4	1	1
21014	5	1	1
21014	6	1	1
21015	1	1	3
21015	2	0	3
21015	3	1	1
21015	4	1	3
21015	5	1	1
21015	6	1	3
21016	1	1	3
21016	2	1	7
21016	3	1	1
21016	4	1	1
21016	5	1	1
21016	6	0	88
21017	1	1	3
21017	2	0	3
21017	3	1	1
21017	4	1	7
21017	5	1	1
21017	6	1	7
21018	1	0	3
21018	2	1	3
21018	3	1	1
21018	4	0	3
21018	5	1	3
21018	6	1	1
21019	1	0	7
21019	2	1	1
21019	3	1	1
21019	4	0	1
21019	5	1	3
21019	6	0	3
21020	1	0	3
21020	2	1	1
21020	3	1	1
21020	4	0	3
21020	5	1	3
21020	6	0	3
21021	1	0	3
21021	2	1	7
21021	3	1	1
21021	4	1	7
21021	5	1	7
21021	6	1	1
21022	1	0	3
21022	2	1	1
21022	3	1	1
21022	4	0	3
21022	5	0	3
21022	6	0	7
21023	1	0	3
21023	2	1	7
21023	3	1	7
21023	4	1	1
21023	5	1	1
21023	6	0	88
21024	1	0	3
21024	2	0	3
21024	3	0	3
21024	4	0	3
21024	5	0	3
21024	6	0	3
21025	1	1	3
21025	2	0	3
21025	3	1	1
21025	4	1	7
21025	5	1	3
21025	6	1	3
21026	1	0	3
21026	2	1	7
21026	3	1	7
21026	4	1	7
21026	5	1	1
21026	6	1	7
21027	1	0	3
21027	2	0	3
21027	3	1	1
21027	4	0	3
21027	5	0	3
21027	6	0	3
21028	1	1	2
21028	2	1	3
21028	3	1	1
21028	4	0	3
21028	5	1	7
21028	6	0	3
21029	1	1	3
21029	2	0	3
21029	3	1	3
21029	4	0	3
21029	5	1	3
21029	6	1	3
21030	1	1	3
21030	2	1	7
21030	3	1	1
21030	4	1	1
21030	5	1	1
21030	6	1	1
21031	1	0	3
21031	2	1	3
21031	3	0	3
21031	4	0	3
21031	5	1	1
21031	6	0	3
21032	1	1	7
21032	2	0	3
21032	3	1	7
21032	4	1	3
21032	5	1	1
21032	6	1	7
21033	1	0	6
21033	2	1	2
21033	3	0	2
21033	4	0	6
21033	5	1	1
21033	6	1	1
21034	1	0	2
21034	2	1	6
21034	3	0	3
21034	4	1	6
21034	5	1	6
21034	6	1	6
21035	1	1	4
21035	2	1	4
21035	3	1	1
21035	4	1	4
21035	5	1	6
21035	6	1	6
21036	1	1	3
21036	2	1	7
21036	3	1	1
21036	4	1	7
21036	5	1	1
21036	6	1	7
21037	1	1	7
21037	2	1	7
21037	3	1	1
21037	4	1	7
21037	5	1	1
21037	6	1	1
21038	1	1	8
21038	2	1	7
21038	3	1	1
21038	4	1	1
21038	5	1	1
21038	6	1	1
21039	1	0	3
21039	2	1	1
21039	3	1	1
21039	4	1	3
21039	5	1	1
21039	6	0	7
21040	1	0	3
21040	2	1	3
21040	3	1	3
21040	4	1	3
21040	5	1	3
21040	6	0	3
21042	1	0	2
21042	2	0	2
21042	3	0	2
21042	4	0	2
21042	5	0	2
21042	6	0	2
21043	1	1	3
21043	2	1	3
21043	3	1	1
21043	4	1	1
21043	5	1	1
21043	6	1	1
21044	1	1	7
21044	2	1	3
21044	3	1	1
21044	4	1	7
21044	5	1	7
21044	6	1	7
21045	1	1	6
21045	2	1	6
21045	3	1	6
21045	4	1	6
21045	5	1	6
21045	6	1	6
21046	1	0	3
21046	2	1	1
21046	3	1	1
21046	4	0	3
21046	5	0	3
21046	6	0	3
21047	1	0	3
21047	2	1	7
21047	3	1	1
21047	4	0	3
21047	5	1	1
21047	6	1	1
21048	1	1	2
21048	2	1	1
21048	3	1	1
21048	4	1	1
21048	5	1	1
21048	6	1	2
21049	1	1	3
21049	2	0	3
21049	3	0	3
21049	4	1	3
21049	5	1	3
21049	6	0	3
21050	1	0	3
21050	2	0	7
21050	3	1	1
21050	4	1	1
21050	5	1	1
21050	6	0	88
31002	1	1	3
31002	2	1	3
31002	3	1	1
31002	4	1	3
31002	5	1	3
31002	6	1	1
31004	1	1	3
31004	2	0	3
31004	3	1	1
31004	4	1	7
31004	5	1	1
31004	6	1	7
31005	1	1	7
31005	2	1	7
31005	3	1	7
31005	4	0	3
31005	5	1	7
31005	6	0	3
31006	1	1	7
31006	2	1	7
31006	3	1	7
31006	4	1	7
31006	5	1	7
31006	6	1	7
31007	1	1	3
31007	2	0	3
31007	3	1	7
31007	4	1	7
31007	5	1	7
31007	6	1	7
31009	1	0	4
31009	2	0	4
31009	3	1	8
31009	4	0	4
31009	5	1	4
31009	6	0	4
31010	1	1	3
31010	2	1	7
31010	3	1	7
31010	4	0	3
31010	5	1	7
31010	6	1	7
31011	1	1	7
31011	2	1	7
31011	3	1	7
31011	4	1	7
31011	5	1	7
31011	6	1	7
31012	1	0	3
31012	2	1	7
31012	3	1	7
31012	4	1	7
31012	5	1	3
31012	6	0	88
31013	1	1	3
31013	2	1	3
31013	3	1	7
31013	4	1	7
31013	5	1	7
31013	6	1	7
31014	1	1	3
31014	2	1	3
31014	3	1	7
31014	4	1	7
31014	5	1	7
31014	6	1	7
31015	1	1	7
31015	2	1	7
31015	3	1	7
31015	4	1	7
31015	5	1	7
31015	6	1	7
31016	1	0	3
31016	2	0	3
31016	3	1	3
31016	4	1	7
31016	5	1	7
31016	6	1	7
31018	1	0	3
31018	2	0	3
31018	3	1	7
31018	4	1	7
31018	5	1	7
31018	6	1	7
31019	1	0	3
31019	2	1	7
31019	3	1	7
31019	4	1	7
31019	5	1	7
31019	6	0	7
31020	1	1	3
31020	2	1	7
31020	3	1	1
31020	4	1	1
31020	5	1	1
31020	6	1	1
31022	1	0	7
31022	2	1	7
31022	3	1	7
31022	4	1	7
31022	5	1	7
31022	6	0	3
31023	1	0	3
31023	2	0	3
31023	3	1	7
31023	4	0	3
31023	5	1	7
31023	6	1	1
31024	1	1	3
31024	2	1	7
31024	3	1	7
31024	4	1	7
31024	5	1	7
31024	6	1	7
31025	1	0	3
31025	2	1	7
31025	3	1	7
31025	4	0	3
31025	5	1	7
31025	6	0	3
31026	1	1	7
31026	2	1	7
31026	3	1	7
31026	4	1	7
31026	5	1	7
31026	6	0	3
31027	1	0	3
31027	2	1	3
31027	3	1	1
31027	4	1	7
31027	5	1	7
31027	6	1	7
31028	1	0	3
31028	2	0	3
31028	3	1	7
31028	4	0	3
31028	5	1	7
31028	6	1	7
31029	1	1	7
31029	2	1	7
31029	3	1	7
31029	4	1	7
31029	5	1	7
31029	6	0	3
31030	1	1	7
31030	2	1	7
31030	3	1	7
31030	4	1	7
31030	5	1	7
31030	6	1	7
31031	1	0	3
31031	2	1	3
31031	3	1	7
31031	4	1	7
31031	5	1	7
31031	6	1	7
31032	1	0	8
31032	2	0	8
31032	3	0	8
31032	4	0	8
31032	5	1	1
31032	6	1	1
31033	1	1	3
31033	2	0	3
31033	3	1	1
31033	4	0	3
31033	5	1	1
31033	6	1	1
31034	1	0	3
31034	2	0	3
31034	3	1	7
31034	4	1	3
31034	5	1	7
31034	6	1	7
31035	1	1	7
31035	2	1	7
31035	3	1	7
31035	4	1	7
31035	5	1	7
31035	6	1	7
31036	1	1	7
31036	2	1	7
31036	3	1	7
31036	4	1	7
31036	5	1	7
31036	6	1	7
31038	1	0	3
31038	2	0	3
31038	3	1	7
31038	4	0	3
31038	5	1	7
31038	6	1	7
31039	1	0	7
31039	2	1	7
31039	3	1	7
31039	4	0	7
31039	5	1	7
31039	6	0	7
31040	1	0	3
31040	2	0	3
31040	3	1	7
31040	4	1	7
31040	5	1	7
31040	6	1	7
31041	1	1	3
31041	2	1	3
31041	3	1	1
31041	4	0	3
31041	5	1	1
31041	6	0	3
31042	1	0	3
31042	2	0	3
31042	3	1	7
31042	4	1	7
31042	5	1	7
31042	6	1	7
31043	1	1	7
31043	2	0	3
31043	3	1	7
31043	4	1	7
31043	5	1	7
31043	6	1	7
31047	1	1	1
31047	2	1	1
31047	3	1	7
31047	4	0	3
31047	5	1	1
31047	6	1	1
31048	1	0	3
31048	2	1	7
31048	3	1	7
31048	4	1	7
31048	5	1	7
31048	6	0	3
31049	1	1	7
31049	2	1	7
31049	3	1	7
31049	4	0	3
31049	5	1	7
31049	6	1	7
31050	1	1	8
31050	2	1	1
31050	3	1	8
31050	4	1	8
31050	5	1	8
31050	6	1	8
41001	1	1	3
41001	2	1	3
41001	3	1	1
41001	4	1	1
41001	5	1	1
41001	6	1	3
41002	1	1	7
41002	2	0	3
41002	3	1	1
41002	4	1	7
41002	5	1	1
41002	6	1	7
41003	1	1	2
41003	2	1	2
41003	3	1	2
41003	4	1	2
41003	5	1	2
41003	6	1	2
41004	1	1	3
41004	2	1	3
41004	3	1	3
41004	4	1	3
41004	5	1	3
41004	6	1	3
41005	1	0	3
41005	2	1	3
41005	3	1	3
41005	4	0	3
41005	5	1	1
41005	6	1	1
41006	1	0	3
41006	2	1	1
41006	3	1	1
41006	4	1	3
41006	5	1	1
41006	6	1	3
41007	1	0	3
41007	2	1	1
41007	3	1	1
41007	4	1	3
41007	5	1	3
41007	6	1	3
41009	1	1	7
41009	2	1	7
41009	3	1	7
41009	4	1	7
41009	5	1	7
41009	6	1	7
41010	1	1	2
41010	2	1	3
41010	3	1	3
41010	4	0	3
41010	5	1	7
41010	6	0	3
41011	1	1	6
41011	2	1	1
41011	3	1	6
41011	4	1	2
41011	5	1	1
41011	6	1	1
41012	1	1	3
41012	2	0	3
41012	3	1	3
41012	4	1	3
41012	5	0	1
41012	6	0	3
41013	1	1	7
41013	2	0	3
41013	3	1	1
41013	4	1	7
41013	5	1	7
41013	6	0	7
41014	1	1	7
41014	2	1	7
41014	3	1	7
41014	4	1	7
41014	5	1	1
41014	6	1	1
41015	1	1	3
41015	2	1	3
41015	3	1	3
41015	4	1	3
41015	5	1	3
41015	6	1	4
41016	1	0	3
41016	2	1	1
41016	3	0	3
41016	4	0	3
41016	5	1	1
41016	6	1	3
41017	1	1	7
41017	2	0	3
41017	3	1	7
41017	4	1	7
41017	5	1	1
41017	6	1	7
41018	1	0	3
41018	2	1	1
41018	3	1	3
41018	4	0	3
41018	5	1	1
41018	6	1	3
41019	1	1	3
41019	2	1	1
41019	3	1	1
41019	4	1	3
41019	5	1	1
41019	6	1	3
41020	1	0	4
41020	2	0	4
41020	3	0	4
41020	4	0	4
41020	5	0	4
41020	6	0	4
41021	1	1	7
41021	2	1	7
41021	3	1	7
41021	4	1	1
41021	5	1	1
41021	6	1	7
41022	1	1	7
41022	2	0	3
41022	3	1	7
41022	4	1	7
41022	5	1	7
41022	6	1	7
41023	1	1	7
41023	2	1	7
41023	3	1	3
41023	4	1	7
41023	5	1	1
41023	6	1	7
41024	1	0	3
41024	2	0	3
41024	3	1	3
41024	4	1	3
41024	5	1	3
41024	6	1	3
41025	1	1	7
41025	2	1	7
41025	3	1	7
41025	4	1	7
41025	5	1	1
41025	6	1	1
41026	1	0	3
41026	2	1	3
41026	3	0	3
41026	4	0	3
41026	5	1	1
41026	6	1	3
41027	1	1	3
41027	2	1	3
41027	3	1	3
41027	4	1	3
41027	5	1	3
41027	6	1	3
41028	1	0	3
41028	2	1	7
41028	3	1	7
41028	4	1	7
41028	5	1	1
41028	6	1	7
41029	1	0	3
41029	2	0	3
41029	3	0	3
41029	4	0	7
41029	5	0	1
41029	6	0	3
41030	1	1	8
41030	2	1	8
41030	3	1	8
41030	4	1	8
41030	5	1	1
41030	6	1	8
41031	1	1	3
41031	2	1	3
41031	3	1	3
41031	4	1	3
41031	5	1	3
41031	6	1	3
41032	1	1	3
41032	2	1	2
41032	3	1	3
41032	4	1	3
41032	5	1	3
41032	6	1	3
41033	1	1	7
41033	2	1	7
41033	3	1	7
41033	4	1	7
41033	5	1	7
41033	6	1	7
41034	1	1	3
41034	2	0	3
41034	3	1	3
41034	4	1	3
41034	5	1	7
41034	6	1	7
41035	1	1	3
41035	2	1	7
41035	3	1	7
41035	4	1	7
41035	5	1	7
41035	6	1	7
41036	1	0	2
41036	2	1	8
41036	3	1	1
41036	4	0	2
41036	5	1	2
41036	6	0	6
41037	1	1	7
41037	2	1	7
41037	3	1	7
41037	4	1	7
41037	5	1	1
41037	6	1	7
41039	1	1	2
41039	2	0	2
41039	3	0	2
41039	4	0	2
41039	5	1	3
41039	6	0	2
41040	1	0	3
41040	2	1	3
41040	3	1	1
41040	4	1	1
41040	5	1	1
41040	6	1	3
41041	1	1	7
41041	2	0	3
41041	3	1	7
41041	4	1	7
41041	5	1	1
41041	6	1	1
41042	1	0	3
41042	2	1	7
41042	3	1	7
41042	4	0	3
41042	5	1	1
41042	6	0	3
41043	1	1	3
41043	2	0	2
41043	3	1	3
41043	4	0	3
41043	5	1	7
41043	6	0	3
41044	1	0	3
41044	2	0	3
41044	3	1	3
41044	4	0	3
41044	5	1	3
41044	6	1	3
41045	1	0	2
41045	2	1	2
41045	3	1	2
41045	4	1	2
41045	5	1	6
41045	6	1	2
41046	1	1	3
41046	2	1	1
41046	3	1	1
41046	4	1	3
41046	5	1	1
41046	6	1	1
41047	1	0	3
41047	2	1	3
41047	3	1	3
41047	4	1	3
41047	5	1	3
41047	6	1	3
41048	1	0	3
41048	2	1	7
41048	3	1	3
41048	4	1	1
41048	5	1	1
41048	6	1	1
41049	1	1	7
41049	2	1	7
41049	3	1	7
41049	4	1	7
41049	5	1	1
41049	6	1	7
41050	1	0	4
41050	2	1	4
41050	3	1	2
41050	4	1	4
41050	5	1	2
41050	6	1	2
51001	1	1	3
51001	2	1	3
51001	3	1	7
51001	4	1	3
51001	5	1	7
51001	6	0	3
51002	1	0	3
51002	2	0	3
51002	3	0	3
51002	4	0	3
51002	5	1	7
51002	6	1	6
51003	1	1	7
51003	2	1	7
51003	3	1	7
51003	4	0	3
51003	5	1	7
51003	6	1	3
51004	1	1	3
51004	2	1	3
51004	3	1	1
51004	4	1	3
51004	5	1	3
51004	6	1	1
51005	1	1	3
51005	2	0	3
51005	3	1	1
51005	4	1	7
51005	5	1	1
51005	6	1	1
51006	1	1	7
51006	2	0	3
51006	3	1	7
51006	4	0	3
51006	5	1	7
51006	6	1	7
51007	1	0	3
51007	2	0	3
51007	3	1	7
51007	4	1	7
51007	5	1	7
51007	6	0	3
51008	1	1	3
51008	2	0	3
51008	3	1	9
51008	4	1	7
51008	5	1	7
51008	6	1	1
51009	1	1	7
51009	2	0	3
51009	3	1	8
51009	4	1	7
51009	5	1	7
51009	6	1	7
51010	1	1	3
51010	2	1	3
51010	3	1	1
51010	4	1	7
51010	5	1	1
51010	6	1	7
51011	1	1	3
51011	2	0	3
51011	3	1	1
51011	4	1	7
51011	5	1	7
51011	6	1	7
51012	1	1	6
51012	2	1	6
51012	3	1	6
51012	4	1	6
51012	5	1	6
51012	6	1	6
51013	1	1	7
51013	2	1	3
51013	3	1	7
51013	4	1	7
51013	5	1	7
51013	6	1	7
51014	1	1	3
51014	2	0	3
51014	3	0	3
51014	4	1	1
51014	5	1	1
51014	6	0	3
51015	1	1	7
51015	2	0	3
51015	3	0	3
51015	4	1	1
51015	5	1	1
51015	6	1	1
51016	1	1	3
51016	2	0	3
51016	3	1	1
51016	4	1	7
51016	5	1	7
51016	6	1	7
51018	1	1	7
51018	2	1	7
51018	3	1	7
51018	4	0	3
51018	5	1	7
51018	6	1	7
51019	1	1	7
51019	2	1	7
51019	3	1	1
51019	4	1	7
51019	5	1	7
51019	6	1	7
51020	1	1	7
51020	2	1	7
51020	3	1	7
51020	4	1	1
51020	5	1	1
51020	6	1	7
51021	1	1	7
51021	2	1	7
51021	3	1	9
51021	4	1	7
51021	5	1	7
51021	6	0	7
51022	1	0	3
51022	2	1	7
51022	3	1	3
51022	4	1	3
51022	5	1	3
51022	6	0	3
51023	1	1	7
51023	2	1	7
51023	3	1	7
51023	4	1	7
51023	5	1	7
51023	6	1	7
51024	1	0	4
51024	2	0	4
51024	3	1	8
51024	4	1	1
51024	5	1	8
51024	6	1	8
51025	1	0	3
51025	2	0	3
51025	3	1	7
51025	4	1	7
51025	5	1	3
51025	6	0	3
51026	1	0	3
51026	2	0	3
51026	3	0	3
51026	4	0	3
51026	5	0	3
51026	6	0	3
51027	1	1	7
51027	2	1	7
51027	3	1	7
51027	4	0	3
51027	5	1	7
51027	6	1	7
51028	1	1	8
51028	2	0	3
51028	3	1	1
51028	4	1	8
51028	5	1	1
51028	6	1	1
51029	1	0	3
51029	2	1	3
51029	3	1	1
51029	4	0	3
51029	5	1	7
51029	6	1	1
51030	1	0	2
51030	2	0	2
51030	3	1	6
51030	4	1	6
51030	5	1	6
51030	6	1	6
51031	1	1	3
51031	2	1	3
51031	3	1	1
51031	4	1	3
51031	5	1	1
51031	6	1	7
51032	1	0	3
51032	2	0	3
51032	3	1	1
51032	4	1	7
51032	5	1	7
51032	6	1	1
51033	1	1	7
51033	2	0	3
51033	3	1	7
51033	4	1	7
51033	5	1	7
51033	6	1	7
51034	1	1	6
51034	2	1	6
51034	3	1	6
51034	4	1	6
51034	5	1	6
51034	6	1	6
51035	1	0	3
51035	2	0	3
51035	3	1	7
51035	4	0	3
51035	5	0	3
51035	6	0	3
51036	1	1	7
51036	2	1	7
51036	3	1	7
51036	4	1	7
51036	5	1	7
51036	6	1	7
51037	1	1	3
51037	2	1	3
51037	3	1	1
51037	4	1	7
51037	5	1	7
51037	6	1	1
51038	1	0	3
51038	2	1	7
51038	3	1	1
51038	4	1	7
51038	5	1	1
51038	6	1	7
51039	1	0	3
51039	2	0	3
51039	3	1	3
51039	4	1	3
51039	5	1	3
51039	6	0	1
51040	1	0	3
51040	2	0	3
51040	3	0	3
51040	4	1	7
51040	5	1	7
51040	6	1	7
51041	1	0	4
51041	2	1	7
51041	3	1	8
51041	4	1	7
51041	5	1	8
51041	6	1	7
51042	1	1	4
51042	2	0	4
51042	3	1	4
51042	4	1	7
51042	5	1	7
51042	6	1	7
51043	1	1	3
51043	2	0	3
51043	3	1	1
51043	4	1	7
51043	5	1	7
51043	6	1	7
51044	1	1	7
51044	2	1	7
51044	3	1	7
51044	4	1	7
51044	5	1	7
51044	6	1	7
51045	1	1	3
51045	2	0	3
51045	3	1	2
51045	4	1	3
51045	5	1	1
51045	6	1	7
51046	1	1	7
51046	2	1	3
51046	3	1	1
51046	4	1	7
51046	5	1	1
51046	6	1	1
51047	1	0	3
51047	2	1	7
51047	3	0	3
51047	4	1	7
51047	5	1	1
51047	6	1	7
51048	1	1	3
51048	2	0	3
51048	3	1	3
51048	4	1	7
51048	5	1	7
51048	6	1	7
51049	1	1	3
51049	2	0	3
51049	3	1	7
51049	4	1	7
51049	5	1	7
51049	6	1	7
51050	1	1	3
51050	2	1	1
51050	3	0	3
51050	4	1	3
51050	5	1	3
51050	6	1	7
61001	1	0	3
61001	2	0	3
61001	3	1	1
61001	4	1	7
61001	5	1	1
61001	6	1	7
61002	1	0	3
61002	2	0	3
61002	3	1	1
61002	4	1	7
61002	5	1	7
61002	6	1	3
61003	1	0	3
61003	2	0	3
61003	3	0	3
61003	4	0	3
61003	5	1	7
61003	6	1	7
61004	1	0	3
61004	2	1	7
61004	3	1	1
61004	4	1	7
61004	5	1	7
61004	6	1	7
61005	1	1	7
61005	2	0	3
61005	3	1	7
61005	4	1	7
61005	5	1	7
61005	6	1	1
61006	1	0	3
61006	2	1	1
61006	3	1	1
61006	4	1	1
61006	5	0	1
61006	6	0	2
61007	1	1	3
61007	2	1	3
61007	3	1	3
61007	4	1	3
61007	5	1	3
61007	6	0	88
61008	1	0	3
61008	2	0	3
61008	3	1	7
61008	4	1	7
61008	5	1	1
61008	6	0	3
61009	1	0	3
61009	2	0	3
61009	3	0	3
61009	4	1	7
61009	5	0	3
61009	6	1	7
61010	1	0	4
61010	2	0	3
61010	3	0	3
61010	4	0	4
61010	5	0	4
61010	6	0	4
61011	1	0	8
61011	2	1	8
61011	3	1	8
61011	4	0	8
61011	5	1	2
61011	6	0	8
61012	1	0	2
61012	2	0	2
61012	3	0	6
61012	4	0	2
61012	5	1	6
61012	6	1	6
61013	1	0	8
61013	2	1	1
61013	3	1	1
61013	4	1	1
61013	5	1	6
61013	6	1	6
61014	1	0	3
61014	2	1	3
61014	3	1	7
61014	4	1	7
61014	5	1	3
61014	6	0	3
61015	1	0	3
61015	2	0	3
61015	3	0	3
61015	4	0	3
61015	5	1	3
61015	6	0	3
61016	1	1	3
61016	2	0	3
61016	3	1	7
61016	4	1	7
61016	5	1	7
61016	6	1	7
61017	1	0	3
61017	2	0	3
61017	3	1	1
61017	4	0	4
61017	5	1	1
61017	6	0	3
61018	1	0	4
61018	2	1	3
61018	3	1	1
61018	4	0	3
61018	5	1	3
61018	6	0	3
61019	1	0	3
61019	2	0	3
61019	3	1	7
61019	4	0	7
61019	5	1	7
61019	6	1	3
61020	1	0	3
61020	2	0	3
61020	3	1	1
61020	4	1	3
61020	5	1	1
61020	6	1	3
61021	1	0	3
61021	2	1	3
61021	3	1	1
61021	4	0	3
61021	5	1	3
61021	6	0	3
61022	1	0	2
61022	2	1	6
61022	3	0	2
61022	4	1	6
61022	5	1	6
61022	6	1	6
61023	1	1	3
61023	2	0	3
61023	3	1	1
61023	4	1	3
61023	5	1	7
61023	6	1	7
61024	1	0	3
61024	2	1	7
61024	3	1	7
61024	4	1	7
61024	5	1	7
61024	6	0	3
61025	1	0	3
61025	2	1	7
61025	3	1	7
61025	4	1	7
61025	5	1	7
61025	6	0	3
61026	1	0	8
61026	2	1	1
61026	3	1	1
61026	4	1	8
61026	5	1	1
61026	6	0	8
61027	1	1	7
61027	2	1	7
61027	3	1	7
61027	4	1	7
61027	5	1	7
61027	6	0	7
61028	1	0	3
61028	2	1	1
61028	3	1	1
61028	4	1	1
61028	5	1	3
61028	6	0	3
61029	1	1	7
61029	2	0	3
61029	3	1	1
61029	4	1	7
61029	5	1	7
61029	6	1	7
61030	1	1	8
61030	2	1	2
61030	3	1	6
61030	4	1	6
61030	5	1	6
61030	6	1	8
61031	1	0	3
61031	2	0	3
61031	3	0	3
61031	4	0	3
61031	5	0	3
61031	6	0	3
61032	1	1	6
61032	2	1	6
61032	3	1	2
61032	4	1	2
61032	5	1	6
61032	6	1	6
61033	1	0	3
61033	2	0	3
61033	3	1	7
61033	4	1	7
61033	5	1	3
61033	6	1	7
61034	1	0	3
61034	2	1	7
61034	3	1	7
61034	4	1	7
61034	5	1	7
61034	6	0	3
61035	1	0	3
61035	2	0	3
61035	3	1	7
61035	4	0	7
61035	5	0	7
61035	6	0	7
61036	1	1	6
61036	2	1	6
61036	3	1	6
61036	4	1	6
61036	5	1	6
61036	6	1	6
61037	1	1	8
61037	2	1	4
61037	3	1	8
61037	4	1	8
61037	5	1	8
61037	6	1	8
61038	1	0	3
61038	2	1	3
61038	3	1	7
61038	4	0	3
61038	5	1	7
61038	6	0	3
61039	1	0	3
61039	2	0	3
61039	3	1	7
61039	4	0	3
61039	5	1	7
61039	6	1	7
61040	1	1	2
61040	2	1	1
61040	3	1	1
61040	4	0	6
61040	5	1	6
61040	6	1	1
61041	1	0	3
61041	2	1	7
61041	3	1	7
61041	4	0	7
61041	5	1	7
61041	6	0	88
61042	1	0	4
61042	2	0	4
61042	3	1	8
61042	4	1	8
61042	5	1	1
61042	6	1	8
61043	1	0	3
61043	2	1	3
61043	3	1	1
61043	4	0	3
61043	5	1	3
61043	6	0	3
61044	1	1	3
61044	2	1	1
61044	3	1	1
61044	4	1	1
61044	5	1	3
61044	6	0	3
61045	1	1	7
61045	2	1	7
61045	3	1	7
61045	4	1	7
61045	5	1	6
61045	6	1	7
61046	1	1	3
61046	2	1	3
61046	3	1	3
61046	4	1	7
61046	5	1	7
61046	6	1	7
61047	1	0	3
61047	2	1	7
61047	3	0	88
61047	4	1	3
61047	5	1	7
61047	6	0	3
61048	1	0	3
61048	2	0	3
61048	3	1	7
61048	4	1	7
61048	5	1	7
61048	6	1	7
61049	1	0	3
61049	2	1	3
61049	3	1	1
61049	4	0	3
61049	5	1	3
61049	6	0	3
61050	1	0	3
61050	2	1	7
61050	3	1	7
61050	4	1	7
61050	5	1	7
61050	6	0	7
71001	1	1	3
71001	2	0	3
71001	3	1	3
71001	4	1	3
71001	5	1	1
71001	6	1	1
71002	1	0	3
71002	2	1	1
71002	3	1	1
71002	4	1	3
71002	5	1	3
71002	6	1	3
71003	1	0	2
71003	2	1	6
71003	3	1	1
71003	4	1	1
71003	5	1	6
71003	6	1	6
71004	1	0	2
71004	2	0	2
71004	3	1	6
71004	4	0	2
71004	5	1	6
71004	6	1	6
71005	1	1	3
71005	2	0	3
71005	3	1	1
71005	4	1	3
71005	5	1	7
71005	6	1	7
71006	1	0	2
71006	2	0	2
71006	3	1	7
71006	4	0	3
71006	5	1	6
71006	6	0	2
71007	1	0	3
71007	2	0	3
71007	3	1	3
71007	4	0	3
71007	5	1	3
71007	6	0	3
71008	1	0	3
71008	2	1	7
71008	3	1	7
71008	4	0	3
71008	5	1	7
71008	6	0	88
71009	1	0	3
71009	2	1	7
71009	3	1	7
71009	4	1	7
71009	5	1	1
71009	6	1	7
71010	1	0	3
71010	2	0	3
71010	3	0	3
71010	4	0	88
71010	5	1	7
71010	6	0	3
71011	1	0	3
71011	2	0	3
71011	3	1	1
71011	4	0	3
71011	5	1	7
71011	6	0	7
71012	1	0	4
71012	2	1	8
71012	3	1	1
71012	4	0	2
71012	5	1	1
71012	6	0	4
71013	1	1	3
71013	2	0	3
71013	3	1	7
71013	4	1	7
71013	5	1	7
71013	6	1	7
71014	1	0	3
71014	2	1	7
71014	3	1	3
71014	4	0	3
71014	5	1	3
71014	6	0	88
71015	1	0	3
71015	2	1	3
71015	3	0	3
71015	4	1	3
71015	5	1	7
71015	6	1	3
71016	1	1	2
71016	2	1	1
71016	3	0	3
71016	4	0	4
71016	5	1	6
71016	6	1	6
71017	1	1	4
71017	2	1	8
71017	3	1	1
71017	4	1	6
71017	5	0	2
71017	6	1	1
71018	1	0	2
71018	2	1	6
71018	3	1	6
71018	4	0	2
71018	5	1	6
71018	6	1	1
71019	1	0	2
71019	2	1	2
71019	3	1	6
71019	4	1	6
71019	5	1	6
71019	6	1	6
71020	1	1	7
71020	2	1	7
71020	3	1	7
71020	4	0	3
71020	5	1	7
71020	6	0	88
71021	1	1	3
71021	2	0	3
71021	3	1	1
71021	4	1	7
71021	5	1	1
71021	6	0	3
71022	1	0	3
71022	2	0	3
71022	3	0	3
71022	4	0	3
71022	5	1	7
71022	6	1	3
71023	1	1	3
71023	2	0	3
71023	3	1	7
71023	4	1	7
71023	5	1	7
71023	6	1	7
71024	1	0	3
71024	2	0	7
71024	3	0	3
71024	4	0	3
71024	5	1	7
71024	6	1	7
71025	1	0	4
71025	2	0	3
71025	3	1	7
71025	4	1	7
71025	5	1	3
71025	6	1	7
71026	1	0	3
71026	2	1	3
71026	3	1	3
71026	4	1	3
71026	5	0	3
71026	6	1	3
71027	1	0	4
71027	2	0	3
71027	3	1	7
71027	4	0	3
71027	5	1	3
71027	6	0	4
71028	1	1	7
71028	2	1	1
71028	3	1	7
71028	4	1	1
71028	5	1	1
71028	6	1	7
71030	1	0	3
71030	2	0	3
71030	3	1	3
71030	4	1	3
71030	5	1	3
71030	6	1	3
71031	1	1	3
71031	2	0	3
71031	3	1	1
71031	4	1	7
71031	5	1	7
71031	6	1	7
71032	1	0	3
71032	2	0	2
71032	3	1	3
71032	4	0	3
71032	5	1	6
71032	6	1	7
71033	1	1	7
71033	2	0	3
71033	3	1	1
71033	4	1	7
71033	5	1	7
71033	6	1	7
71034	1	1	3
71034	2	1	3
71034	3	1	7
71034	4	1	7
71034	5	1	7
71034	6	1	7
71035	1	0	3
71035	2	0	3
71035	3	0	3
71035	4	0	3
71035	5	1	7
71035	6	0	3
71036	1	0	3
71036	2	1	3
71036	3	1	1
71036	4	0	6
71036	5	1	8
71036	6	0	3
71038	1	1	3
71038	2	0	3
71038	3	1	7
71038	4	1	7
71038	5	1	7
71038	6	1	3
71039	1	1	6
71039	2	1	6
71039	3	1	1
71039	4	0	1
71039	5	1	6
71039	6	1	6
71040	1	0	3
71040	2	1	3
71040	3	1	1
71040	4	1	3
71040	5	1	3
71040	6	0	88
71041	1	1	6
71041	2	1	1
71041	3	1	1
71041	4	1	6
71041	5	1	1
71041	6	1	1
71042	1	1	3
71042	2	1	7
71042	3	1	7
71042	4	1	7
71042	5	1	7
71042	6	0	3
71043	1	1	7
71043	2	1	7
71043	3	1	7
71043	4	1	7
71043	5	1	7
71043	6	1	7
71044	1	0	3
71044	2	0	3
71044	3	1	7
71044	4	0	3
71044	5	1	7
71044	6	1	3
71045	1	0	3
71045	2	1	7
71045	3	1	7
71045	4	1	7
71045	5	1	7
71045	6	1	7
71046	1	1	7
71046	2	0	3
71046	3	1	1
71046	4	1	7
71046	5	1	7
71046	6	1	1
71047	1	1	3
71047	2	1	3
71047	3	1	1
71047	4	1	1
71047	5	1	3
71047	6	1	1
71048	1	1	3
71048	2	0	3
71048	3	1	1
71048	4	1	3
71048	5	1	3
71048	6	0	3
71049	1	1	3
71049	2	0	3
71049	3	1	1
71049	4	1	3
71049	5	1	1
71049	6	1	3
71050	1	0	3
71050	2	0	3
71050	3	1	7
71050	4	0	3
71050	5	1	7
71050	6	1	3
81001	1	0	3
81001	2	0	3
81001	3	0	3
81001	4	0	3
81001	5	1	3
81001	6	1	1
81002	1	0	3
81002	2	0	3
81002	3	0	3
81002	4	0	3
81002	5	1	3
81002	6	1	1
81003	1	0	4
81003	2	1	6
81003	3	0	4
81003	4	0	4
81003	5	0	2
81003	6	0	2
81004	1	0	3
81004	2	0	3
81004	3	1	1
81004	4	0	3
81004	5	1	3
81004	6	1	3
81006	1	0	3
81006	2	0	3
81006	3	0	3
81006	4	0	3
81006	5	1	3
81006	6	1	3
81007	1	0	3
81007	2	0	3
81007	3	0	3
81007	4	0	3
81007	5	1	1
81007	6	1	1
81008	1	0	3
81008	2	1	3
81008	3	1	7
81008	4	1	7
81008	5	0	7
81008	6	0	3
81009	1	0	3
81009	2	0	3
81009	3	1	3
81009	4	0	3
81009	5	1	1
81009	6	1	1
81010	1	0	3
81010	2	1	3
81010	3	1	3
81010	4	1	3
81010	5	0	3
81010	6	0	3
81011	1	1	8
81011	2	1	8
81011	3	0	6
81011	4	0	8
81011	5	0	8
81011	6	0	8
81012	1	0	3
81012	2	0	3
81012	3	0	3
81012	4	0	3
81012	5	0	3
81012	6	1	1
81013	1	0	3
81013	2	1	3
81013	3	0	3
81013	4	0	3
81013	5	0	3
81013	6	0	7
81014	1	0	2
81014	2	1	6
81014	3	0	2
81014	4	1	6
81014	5	1	6
81014	6	0	6
81015	1	0	3
81015	2	1	7
81015	3	0	3
81015	4	0	3
81015	5	0	3
81015	6	0	3
81016	1	0	8
81016	2	0	8
81016	3	0	6
81016	4	0	8
81016	5	0	6
81016	6	0	8
81017	1	1	8
81017	2	1	6
81017	3	1	8
81017	4	1	6
81017	5	0	8
81017	6	1	8
81018	1	0	3
81018	2	0	3
81018	3	0	3
81018	4	1	3
81018	5	1	1
81018	6	1	1
81019	1	0	2
81019	2	0	2
81019	3	0	2
81019	4	0	2
81019	5	0	2
81019	6	0	2
81020	1	1	8
81020	2	1	8
81020	3	0	8
81020	4	1	8
81020	5	1	8
81020	6	0	8
81021	1	0	3
81021	2	1	7
81021	3	0	3
81021	4	1	7
81021	5	0	3
81021	6	0	7
81022	1	0	3
81022	2	1	3
81022	3	1	1
81022	4	1	3
81022	5	1	3
81022	6	0	3
81023	1	0	4
81023	2	1	6
81023	3	0	4
81023	4	0	4
81023	5	0	4
81023	6	0	4
81025	1	0	2
81025	2	1	6
81025	3	0	2
81025	4	0	2
81025	5	0	2
81025	6	0	2
81027	1	1	3
81027	2	0	3
81027	3	1	3
81027	4	1	3
81027	5	1	3
81027	6	0	3
81028	1	1	6
81028	2	1	1
81028	3	0	8
81028	4	1	6
81028	5	1	6
81028	6	1	8
81029	1	0	2
81029	2	1	1
81029	3	1	2
81029	4	1	2
81029	5	1	2
81029	6	0	2
81030	1	1	2
81030	2	1	6
81030	3	1	6
81030	4	1	8
81030	5	1	6
81030	6	1	6
81031	1	0	2
81031	2	1	6
81031	3	0	2
81031	4	0	2
81031	5	0	2
81031	6	0	2
81032	1	0	3
81032	2	1	7
81032	3	0	7
81032	4	1	1
81032	5	0	7
81032	6	0	7
81033	1	0	3
81033	2	0	3
81033	3	1	4
81033	4	0	3
81033	5	1	1
81033	6	1	1
81034	1	0	3
81034	2	1	3
81034	3	1	1
81034	4	0	3
81034	5	1	3
81034	6	1	3
81035	1	0	3
81035	2	0	3
81035	3	0	3
81035	4	0	3
81035	5	1	3
81035	6	1	3
81036	1	1	7
81036	2	1	7
81036	3	1	7
81036	4	1	1
81036	5	1	7
81036	6	1	1
81037	1	1	8
81037	2	1	6
81037	3	1	6
81037	4	1	6
81037	5	1	8
81037	6	0	8
81038	1	0	4
81038	2	0	4
81038	3	1	3
81038	4	1	3
81038	5	1	3
81038	6	0	4
81039	1	0	3
81039	2	0	3
81039	3	0	3
81039	4	0	3
81039	5	0	3
81039	6	0	3
81040	1	0	3
81040	2	0	3
81040	3	0	3
81040	4	0	3
81040	5	1	3
81040	6	1	3
81041	1	1	3
81041	2	1	3
81041	3	1	3
81041	4	0	3
81041	5	1	3
81041	6	0	3
81042	1	1	6
81042	2	1	1
81042	3	1	6
81042	4	1	6
81042	5	1	6
81042	6	1	4
81043	1	0	3
81043	2	0	3
81043	3	1	3
81043	4	0	3
81043	5	1	3
81043	6	0	3
81044	1	1	7
81044	2	1	7
81044	3	1	7
81044	4	1	7
81044	5	1	7
81044	6	1	7
81045	1	0	2
81045	2	1	2
81045	3	1	2
81045	4	1	2
81045	5	1	2
81045	6	1	2
81046	1	0	3
81046	2	0	3
81046	3	0	3
81046	4	0	3
81046	5	0	3
81046	6	0	3
81047	1	1	6
81047	2	1	6
81047	3	0	2
81047	4	1	6
81047	5	1	6
81047	6	0	2
81048	1	0	3
81048	2	0	3
81048	3	1	1
81048	4	0	3
81048	5	1	1
81048	6	1	1
81049	1	1	7
81049	2	1	7
81049	3	1	7
81049	4	1	7
81049	5	1	7
81049	6	0	3
81050	1	0	3
81050	2	1	3
81050	3	1	3
81050	4	1	3
81050	5	1	7
81050	6	1	3
91001	1	1	3
91001	2	0	3
91001	3	1	3
91001	4	1	3
91001	5	1	3
91001	6	1	3
91002	1	0	3
91002	2	0	3
91002	3	1	7
91002	4	0	3
91002	5	1	3
91002	6	0	3
91003	1	0	4
91003	2	1	3
91003	3	1	7
91003	4	1	7
91003	5	0	4
91003	6	0	4
91004	1	0	3
91004	2	1	3
91004	3	0	3
91004	4	0	3
91004	5	1	1
91004	6	1	1
91005	1	0	3
91005	2	0	3
91005	3	1	1
91005	4	0	3
91005	5	0	3
91005	6	0	3
91006	1	0	3
91006	2	1	3
91006	3	0	3
91006	4	0	3
91006	5	1	1
91006	6	0	3
91007	1	1	6
91007	2	1	6
91007	3	0	6
91007	4	0	2
91007	5	0	2
91007	6	0	2
91008	1	1	2
91008	2	1	1
91008	3	0	2
91008	4	0	6
91008	5	0	2
91008	6	0	2
91009	1	0	3
91009	2	0	3
91009	3	1	3
91009	4	0	3
91009	5	1	1
91009	6	1	1
91010	1	0	3
91010	2	1	3
91010	3	1	7
91010	4	1	7
91010	5	1	3
91010	6	0	7
91012	1	1	3
91012	2	1	1
91012	3	1	1
91012	4	1	3
91012	5	1	1
91012	6	1	1
91013	1	0	3
91013	2	1	3
91013	3	1	1
91013	4	1	3
91013	5	1	3
91013	6	0	3
91014	1	0	2
91014	2	1	8
91014	3	0	3
91014	4	0	6
91014	5	1	2
91014	6	0	6
91015	1	0	2
91015	2	1	6
91015	3	0	3
91015	4	0	2
91015	5	1	2
91015	6	0	2
91016	1	0	6
91016	2	1	8
91016	3	0	7
91016	4	0	2
91016	5	1	2
91016	6	0	2
91017	1	1	7
91017	2	1	7
91017	3	1	7
91017	4	0	3
91017	5	0	3
91017	6	0	3
91018	1	1	8
91018	2	1	8
91018	3	0	6
91018	4	1	8
91018	5	0	8
91018	6	0	8
91019	1	0	8
91019	2	1	8
91019	3	0	8
91019	4	0	8
91019	5	0	8
91019	6	0	8
91020	1	1	3
91020	2	1	3
91020	3	1	3
91020	4	0	3
91020	5	1	1
91020	6	1	1
91021	1	0	3
91021	2	0	4
91021	3	1	3
91021	4	1	3
91021	5	1	1
91021	6	0	3
91022	1	0	4
91022	2	1	8
91022	3	0	2
91022	4	1	6
91022	5	0	6
91022	6	1	6
91023	1	0	3
91023	2	0	3
91023	3	0	3
91023	4	0	3
91023	5	0	3
91023	6	0	3
91025	1	0	3
91025	2	0	3
91025	3	0	3
91025	4	0	3
91025	5	0	3
91025	6	0	3
91026	1	0	4
91026	2	0	8
91026	3	1	1
91026	4	1	2
91026	5	0	6
91026	6	0	6
91027	1	0	2
91027	2	1	6
91027	3	0	2
91027	4	0	4
91027	5	0	2
91027	6	0	2
91028	1	1	3
91028	2	1	3
91028	3	1	3
91028	4	1	3
91028	5	1	3
91028	6	1	3
91029	1	1	8
91029	2	1	8
91029	3	0	1
91029	4	1	1
91029	5	0	8
91029	6	0	8
91030	1	1	3
91030	2	1	3
91030	3	1	3
91030	4	1	3
91030	5	1	3
91030	6	0	3
91033	1	0	3
91033	2	1	3
91033	3	0	3
91033	4	0	7
91033	5	0	7
91033	6	1	7
91034	1	0	3
91034	2	1	3
91034	3	1	3
91034	4	1	3
91034	5	1	3
91034	6	0	3
91036	1	1	3
91036	2	1	4
91036	3	1	3
91036	4	1	4
91036	5	1	4
91036	6	0	3
91037	1	0	3
91037	2	0	3
91037	3	1	3
91037	4	1	7
91037	5	1	1
91037	6	0	3
91039	1	0	3
91039	2	0	3
91039	3	1	1
91039	4	0	3
91039	5	1	1
91039	6	1	1
91040	1	0	2
91040	2	1	2
91040	3	0	2
91040	4	0	2
91040	5	0	2
91040	6	0	2
91041	1	0	4
91041	2	1	3
91041	3	1	1
91041	4	0	4
91041	5	0	3
91041	6	0	4
91042	1	0	2
91042	2	0	4
91042	3	0	2
91042	4	0	2
91042	5	0	2
91042	6	0	2
91043	1	0	3
91043	2	0	3
91043	3	1	3
91043	4	1	3
91043	5	1	3
91043	6	0	3
91044	1	0	3
91044	2	0	4
91044	3	1	7
91044	4	1	3
91044	5	1	3
91044	6	1	3
91045	1	0	3
91045	2	0	3
91045	3	1	1
91045	4	1	1
91045	5	1	1
91045	6	0	3
91046	1	0	4
91046	2	1	8
91046	3	0	2
91046	4	0	6
91046	5	0	2
91046	6	0	2
91047	1	0	3
91047	2	0	3
91047	3	1	3
91047	4	0	3
91047	5	1	3
91047	6	0	3
91049	1	1	4
91049	2	1	1
91049	3	1	4
91049	4	0	4
91049	5	1	4
91049	6	1	4
91050	1	1	3
91050	2	1	3
91050	3	1	3
91050	4	1	3
91050	5	1	1
91050	6	1	3
101001	1	1	3
101001	2	1	3
101001	3	1	3
101001	4	1	3
101001	5	1	3
101001	6	0	3
101003	1	1	3
101003	2	1	3
101003	3	1	3
101003	4	1	3
101003	5	1	3
101003	6	1	3
101004	1	1	7
101004	2	1	7
101004	3	1	7
101004	4	1	7
101004	5	1	7
101004	6	1	7
101005	1	0	3
101005	2	0	3
101005	3	0	3
101005	4	0	3
101005	5	0	3
101005	6	0	3
101006	1	0	3
101006	2	0	3
101006	3	0	3
101006	4	0	3
101006	5	1	1
101006	6	1	1
101008	1	0	3
101008	2	1	3
101008	3	1	3
101008	4	0	3
101008	5	0	1
101008	6	0	3
101009	1	1	3
101009	2	1	3
101009	3	1	1
101009	4	1	3
101009	5	1	3
101009	6	1	3
101011	1	1	3
101011	2	1	3
101011	3	1	3
101011	4	1	3
101011	5	1	3
101011	6	1	3
101012	1	0	3
101012	2	1	3
101012	3	1	1
101012	4	0	3
101012	5	1	1
101012	6	0	3
101013	1	0	3
101013	2	0	3
101013	3	1	1
101013	4	0	3
101013	5	1	7
101013	6	1	3
101017	1	1	3
101017	2	1	3
101017	3	1	3
101017	4	0	3
101017	5	1	3
101017	6	0	3
101018	1	1	3
101018	2	1	3
101018	3	1	3
101018	4	1	3
101018	5	1	3
101018	6	0	3
101019	1	0	3
101019	2	0	3
101019	3	0	3
101019	4	1	3
101019	5	1	1
101019	6	1	1
101020	1	1	6
101020	2	1	6
101020	3	1	6
101020	4	1	6
101020	5	1	6
101020	6	1	6
101021	1	0	3
101021	2	0	3
101021	3	0	3
101021	4	0	3
101021	5	1	1
101021	6	1	1
101022	1	0	3
101022	2	0	3
101022	3	0	3
101022	4	1	3
101022	5	1	1
101022	6	1	1
101023	1	0	3
101023	2	0	3
101023	3	0	3
101023	4	0	3
101023	5	1	1
101023	6	1	1
101024	1	1	3
101024	2	1	3
101024	3	1	3
101024	4	1	3
101024	5	1	3
101024	6	0	3
101025	1	0	3
101025	2	1	3
101025	3	1	3
101025	4	1	3
101025	5	1	3
101025	6	0	3
101026	1	0	3
101026	2	1	2
101026	3	0	3
101026	4	0	3
101026	5	0	3
101026	6	0	3
101027	1	1	3
101027	2	1	3
101027	3	1	1
101027	4	1	3
101027	5	0	3
101027	6	0	3
101028	1	1	3
101028	2	1	7
101028	3	1	7
101028	4	1	7
101028	5	1	7
101028	6	1	7
101030	1	1	3
101030	2	0	3
101030	3	0	3
101030	4	1	1
101030	5	0	3
101030	6	0	3
101031	1	0	7
101031	2	1	7
101031	3	1	7
101031	4	0	7
101031	5	0	7
101031	6	0	7
101032	1	1	8
101032	2	1	8
101032	3	0	6
101032	4	0	8
101032	5	0	6
101032	6	1	8
101033	1	1	6
101033	2	1	1
101033	3	1	1
101033	4	1	3
101033	5	1	2
101033	6	0	2
101034	1	1	3
101034	2	1	3
101034	3	1	7
101034	4	1	3
101034	5	1	3
101034	6	0	7
101035	1	1	3
101035	2	1	7
101035	3	1	1
101035	4	1	7
101035	5	1	1
101035	6	1	1
101037	1	0	3
101037	2	0	3
101037	3	0	3
101037	4	0	3
101037	5	1	1
101037	6	1	1
101038	1	1	3
101038	2	1	3
101038	3	1	1
101038	4	1	1
101038	5	1	3
101038	6	1	3
101039	1	0	2
101039	2	1	6
101039	3	0	2
101039	4	0	2
101039	5	0	2
101039	6	0	2
101040	1	0	8
101040	2	1	7
101040	3	0	7
101040	4	1	7
101040	5	0	7
101040	6	1	7
101041	1	1	3
101041	2	1	3
101041	3	1	3
101041	4	1	3
101041	5	1	3
101041	6	0	3
101042	1	1	3
101042	2	0	3
101042	3	1	3
101042	4	1	3
101042	5	1	3
101042	6	0	4
101043	1	0	3
101043	2	0	3
101043	3	0	3
101043	4	0	3
101043	5	1	3
101043	6	1	3
101044	1	0	3
101044	2	0	3
101044	3	1	1
101044	4	0	3
101044	5	1	1
101044	6	1	1
101045	1	1	3
101045	2	1	3
101045	3	1	7
101045	4	1	7
101045	5	1	7
101045	6	0	7
101046	1	1	6
101046	2	1	6
101046	3	0	6
101046	4	0	6
101046	5	0	6
101046	6	0	6
101047	1	1	3
101047	2	1	3
101047	3	1	3
101047	4	1	1
101047	5	1	3
101047	6	1	3
101048	1	1	3
101048	2	1	7
101048	3	1	3
101048	4	1	3
101048	5	1	3
101048	6	1	3
101049	1	0	3
101049	2	0	3
101049	3	1	3
101049	4	0	3
101049	5	1	3
101049	6	1	3
101050	1	0	3
101050	2	0	3
101050	3	1	3
101050	4	0	3
101050	5	1	1
101050	6	1	1
111001	1	1	3
111001	2	0	3
111001	3	1	1
111001	4	1	3
111001	5	1	1
111001	6	1	1
111002	1	1	7
111002	2	1	7
111002	3	1	1
111002	4	1	7
111002	5	1	1
111002	6	1	7
111003	1	1	3
111003	2	1	3
111003	3	1	1
111003	4	1	7
111003	5	1	1
111003	6	1	1
111004	1	1	7
111004	2	0	3
111004	3	0	3
111004	4	0	3
111004	5	1	1
111004	6	1	7
111005	1	0	4
111005	2	0	4
111005	3	1	4
111005	4	1	4
111005	5	1	1
111005	6	1	1
111006	1	0	4
111006	2	0	4
111006	3	0	4
111006	4	0	4
111006	5	0	3
111006	6	0	5
111007	1	0	3
111007	2	0	3
111007	3	0	3
111007	4	0	3
111007	5	1	3
111007	6	0	3
111008	1	1	3
111008	2	0	2
111008	3	1	3
111008	4	1	3
111008	5	1	1
111008	6	1	1
111009	1	0	4
111009	2	0	4
111009	3	1	3
111009	4	1	3
111009	5	1	3
111009	6	1	3
111010	1	1	7
111010	2	0	7
111010	3	1	1
111010	4	0	3
111010	5	1	7
111010	6	1	7
111011	1	0	2
111011	2	0	4
111011	3	0	1
111011	4	0	2
111011	5	1	2
111011	6	1	2
111012	1	0	3
111012	2	0	3
111012	3	0	3
111012	4	0	3
111012	5	0	3
111012	6	0	3
111013	1	0	3
111013	2	0	3
111013	3	1	7
111013	4	0	88
111013	5	1	7
111013	6	0	88
111014	1	0	4
111014	2	0	4
111014	3	1	1
111014	4	1	3
111014	5	1	1
111014	6	1	1
111015	1	1	7
111015	2	1	7
111015	3	1	1
111015	4	1	7
111015	5	1	7
111015	6	1	1
111016	1	1	6
111016	2	1	6
111016	3	1	6
111016	4	1	6
111016	5	1	6
111016	6	1	6
111017	1	0	3
111017	2	0	3
111017	3	1	1
111017	4	1	1
111017	5	1	1
111017	6	1	3
111018	1	1	3
111018	2	0	7
111018	3	1	1
111018	4	1	7
111018	5	0	7
111018	6	0	7
111019	1	0	4
111019	2	1	1
111019	3	0	4
111019	4	0	4
111019	5	0	3
111019	6	0	4
111020	1	1	3
111020	2	1	3
111020	3	1	3
111020	4	1	3
111020	5	1	1
111020	6	1	3
111021	1	0	4
111021	2	0	4
111021	3	0	4
111021	4	0	4
111021	5	1	6
111021	6	0	5
111022	1	0	4
111022	2	0	4
111022	3	1	7
111022	4	1	6
111022	5	1	6
111022	6	0	4
111023	1	1	3
111023	2	0	3
111023	3	1	8
111023	4	1	3
111023	5	1	3
111023	6	1	3
111024	1	1	7
111024	2	0	3
111024	3	1	1
111024	4	1	7
111024	5	1	7
111024	6	1	1
111025	1	0	4
111025	2	0	4
111025	3	1	6
111025	4	1	6
111025	5	0	6
111025	6	0	4
111026	1	1	3
111026	2	1	7
111026	3	1	3
111026	4	1	3
111026	5	1	1
111026	6	1	1
111027	1	0	88
111027	2	0	88
111027	3	1	7
111027	4	0	88
111027	5	1	6
111027	6	0	88
111028	1	0	4
111028	2	0	4
111028	3	0	77
111028	4	0	4
111028	5	1	1
111028	6	0	5
111029	1	0	3
111029	2	1	7
111029	3	1	7
111029	4	1	7
111029	5	1	1
111029	6	1	7
111030	1	1	3
111030	2	0	3
111030	3	1	1
111030	4	1	7
111030	5	1	1
111030	6	1	1
111031	1	0	3
111031	2	0	3
111031	3	1	3
111031	4	0	3
111031	5	0	3
111031	6	0	3
111032	1	0	4
111032	2	1	4
111032	3	1	6
111032	4	0	4
111032	5	1	6
111032	6	0	5
111033	1	1	7
111033	2	0	3
111033	3	0	3
111033	4	1	7
111033	5	1	1
111033	6	0	9
111034	1	0	8
111034	2	1	8
111034	3	1	1
111034	4	1	1
111034	5	1	8
111034	6	0	8
111035	1	0	4
111035	2	1	4
111035	3	0	4
111035	4	0	3
111035	5	1	8
111035	6	0	5
111036	1	1	7
111036	2	0	3
111036	3	1	7
111036	4	1	3
111036	5	1	1
111036	6	1	1
111038	1	0	3
111038	2	0	3
111038	3	0	3
111038	4	0	3
111038	5	1	3
111038	6	0	3
111039	1	1	3
111039	2	1	3
111039	3	1	3
111039	4	1	3
111039	5	1	3
111039	6	1	1
111040	1	1	7
111040	2	1	3
111040	3	1	1
111040	4	1	3
111040	5	1	3
111040	6	0	1
111041	1	0	4
111041	2	1	1
111041	3	1	2
111041	4	0	4
111041	5	1	6
111041	6	0	4
111044	1	0	3
111044	2	0	3
111044	3	0	3
111044	4	0	3
111044	5	1	7
111044	6	0	3
111045	1	1	3
111045	2	0	3
111045	3	1	1
111045	4	1	7
111045	5	1	1
111045	6	1	1
111046	1	0	8
111046	2	0	8
111046	3	1	7
111046	4	0	8
111046	5	0	8
111046	6	0	7
111047	1	1	3
111047	2	0	3
111047	3	1	7
111047	4	1	3
111047	5	1	1
111047	6	1	1
111048	1	0	3
111048	2	0	3
111048	3	1	7
111048	4	0	3
111048	5	1	3
111048	6	0	3
111049	1	1	3
111049	2	1	3
111049	3	1	3
111049	4	1	3
111049	5	1	1
111049	6	1	1
111050	1	0	4
111050	2	1	3
111050	3	0	88
111050	4	0	4
111050	5	0	4
111050	6	0	4
111051	1	1	7
111051	2	0	3
111051	3	1	7
111051	4	0	3
111051	5	1	7
111051	6	0	3
111053	1	1	3
111053	2	1	3
111053	3	1	3
111053	4	1	3
111053	5	1	3
111053	6	1	1
111054	1	0	4
111054	2	1	8
111054	3	1	1
111054	4	0	1
111054	5	1	8
111054	6	0	8
111055	1	0	3
111055	2	1	1
111055	3	1	3
111055	4	1	1
111055	5	1	1
111055	6	0	3
111056	1	0	3
111056	2	0	7
111056	3	1	7
111056	4	1	7
111056	5	1	7
111056	6	0	7
111057	1	0	6
111057	2	1	6
111057	3	1	6
111057	4	1	6
111057	5	1	6
111057	6	1	6
121001	1	0	3
121001	2	0	3
121001	3	1	3
121001	4	0	3
121001	5	1	3
121001	6	1	3
121002	1	1	3
121002	2	1	3
121002	3	1	1
121002	4	1	1
121002	5	1	3
121002	6	1	1
121003	1	0	4
121003	2	1	4
121003	3	0	4
121003	4	1	6
121003	5	1	6
121003	6	0	2
121004	1	0	3
121004	2	0	3
121004	3	1	7
121004	4	0	3
121004	5	1	7
121004	6	0	3
121005	1	0	3
121005	2	1	3
121005	3	1	7
121005	4	1	7
121005	5	1	7
121005	6	1	7
121006	1	0	2
121006	2	1	6
121006	3	0	3
121006	4	1	6
121006	5	0	2
121006	6	0	2
121007	1	1	7
121007	2	1	7
121007	3	1	7
121007	4	1	7
121007	5	1	7
121007	6	0	7
121008	1	1	7
121008	2	0	3
121008	3	1	7
121008	4	1	7
121008	5	1	7
121008	6	1	7
121009	1	0	3
121009	2	0	3
121009	3	1	7
121009	4	1	7
121009	5	1	7
121009	6	0	7
121010	1	1	3
121010	2	0	3
121010	3	1	1
121010	4	1	3
121010	5	1	1
121010	6	1	1
121011	1	0	3
121011	2	0	3
121011	3	0	3
121011	4	1	1
121011	5	1	3
121011	6	0	3
121012	1	0	3
121012	2	0	3
121012	3	1	7
121012	4	0	3
121012	5	0	3
121012	6	0	3
121013	1	0	3
121013	2	0	3
121013	3	0	3
121013	4	0	3
121013	5	0	3
121013	6	0	3
121014	1	1	3
121014	2	1	3
121014	3	1	1
121014	4	1	3
121014	5	1	3
121014	6	1	3
121015	1	1	7
121015	2	0	3
121015	3	1	7
121015	4	1	7
121015	5	1	7
121015	6	1	7
121016	1	0	3
121016	2	0	3
121016	3	1	3
121016	4	1	3
121016	5	1	3
121016	6	1	3
121017	1	0	3
121017	2	0	4
121017	3	1	3
121017	4	1	7
121017	5	0	3
121017	6	0	3
121018	1	0	3
121018	2	0	3
121018	3	1	1
121018	4	1	7
121018	5	1	7
121018	6	1	1
121019	1	1	3
121019	2	0	3
121019	3	1	3
121019	4	1	3
121019	5	1	1
121019	6	0	1
121020	1	1	3
121020	2	1	7
121020	3	1	7
121020	4	1	1
121020	5	1	1
121020	6	1	7
121021	1	1	3
121021	2	0	3
121021	3	1	7
121021	4	0	3
121021	5	1	3
121021	6	1	3
121022	1	1	3
121022	2	0	3
121022	3	1	7
121022	4	1	7
121022	5	0	3
121022	6	0	3
121023	1	1	3
121023	2	0	3
121023	3	1	1
121023	4	1	3
121023	5	1	7
121023	6	1	1
121024	1	0	2
121024	2	1	6
121024	3	0	3
121024	4	1	6
121024	5	1	6
121024	6	0	2
121025	1	1	3
121025	2	1	3
121025	3	1	3
121025	4	0	3
121025	5	1	3
121025	6	1	3
121026	1	0	3
121026	2	0	3
121026	3	1	7
121026	4	0	3
121026	5	1	7
121026	6	0	3
121027	1	0	3
121027	2	0	3
121027	3	1	1
121027	4	1	1
121027	5	1	1
121027	6	1	1
121028	1	0	3
121028	2	0	3
121028	3	1	7
121028	4	0	3
121028	5	0	3
121028	6	0	3
121029	1	1	3
121029	2	0	3
121029	3	1	7
121029	4	1	7
121029	5	0	1
121029	6	1	3
121030	1	0	4
121030	2	0	4
121030	3	0	4
121030	4	0	4
121030	5	1	6
121030	6	0	4
121031	1	0	2
121031	2	1	6
121031	3	1	6
121031	4	1	6
121031	5	1	6
121031	6	0	2
121032	1	0	3
121032	2	0	3
121032	3	0	3
121032	4	0	3
121032	5	1	7
121032	6	0	3
121033	1	0	3
121033	2	0	3
121033	3	1	3
121033	4	1	3
121033	5	0	3
121033	6	0	3
121034	1	0	3
121034	2	1	3
121034	3	1	1
121034	4	1	1
121034	5	1	1
121034	6	1	1
121035	1	0	3
121035	2	1	7
121035	3	0	3
121035	4	0	3
121035	5	1	7
121035	6	1	3
121036	1	0	3
121036	2	0	3
121036	3	1	7
121036	4	1	7
121036	5	1	3
121036	6	0	3
121037	1	0	3
121037	2	1	3
121037	3	0	3
121037	4	0	3
121037	5	1	7
121037	6	0	3
121038	1	0	3
121038	2	0	3
121038	3	1	7
121038	4	0	3
121038	5	1	7
121038	6	0	3
121039	1	0	3
121039	2	1	3
121039	3	1	1
121039	4	1	1
121039	5	1	1
121039	6	1	1
121040	1	0	3
121040	2	1	3
121040	3	0	3
121040	4	0	3
121040	5	1	6
121040	6	0	3
121041	1	1	3
121041	2	1	3
121041	3	1	1
121041	4	1	7
121041	5	1	1
121041	6	1	7
121042	1	1	1
121042	2	0	3
121042	3	1	1
121042	4	1	1
121042	5	1	1
121042	6	1	1
121043	1	0	7
121043	2	0	7
121043	3	1	3
121043	4	0	7
121043	5	1	3
121043	6	1	1
121044	1	1	3
121044	2	0	3
121044	3	1	3
121044	4	1	3
121044	5	1	3
121044	6	1	3
121045	1	0	4
121045	2	0	2
121045	3	1	6
121045	4	1	6
121045	5	0	4
121045	6	0	2
121046	1	0	2
121046	2	0	2
121046	3	0	2
121046	4	1	6
121046	5	0	2
121046	6	1	6
121047	1	0	4
121047	2	1	6
121047	3	1	7
121047	4	1	6
121047	5	1	6
121047	6	0	6
121048	1	0	3
121048	2	1	7
121048	3	0	3
121048	4	0	3
121048	5	1	7
121048	6	0	3
121049	1	1	3
121049	2	0	3
121049	3	1	1
121049	4	1	7
121049	5	1	3
121049	6	0	3
121050	1	0	3
121050	2	0	3
121050	3	0	3
121050	4	0	3
121050	5	0	3
121050	6	0	3
131001	1	0	8
131001	2	1	7
131001	3	1	8
131001	4	1	7
131001	5	1	8
131001	6	1	8
131002	1	0	3
131002	2	0	3
131002	3	0	3
131002	4	1	3
131002	5	1	3
131002	6	0	3
131003	1	1	3
131003	2	0	3
131003	3	1	3
131003	4	1	7
131003	5	1	1
131003	6	1	1
131004	1	1	6
131004	2	1	6
131004	3	1	6
131004	4	1	6
131004	5	1	6
131004	6	1	5
131005	1	0	3
131005	2	0	3
131005	3	1	4
131005	4	1	3
131005	5	1	3
131005	6	1	3
131006	1	1	7
131006	2	0	3
131006	3	1	7
131006	4	1	7
131006	5	1	7
131006	6	0	3
131008	1	1	7
131008	2	1	7
131008	3	1	7
131008	4	1	7
131008	5	1	7
131008	6	1	7
131009	1	0	8
131009	2	1	6
131009	3	1	6
131009	4	1	6
131009	5	1	6
131009	6	1	7
131010	1	0	3
131010	2	0	3
131010	3	1	1
131010	4	0	3
131010	5	1	3
131010	6	0	3
131011	1	1	3
131011	2	0	3
131011	3	1	3
131011	4	1	3
131011	5	1	7
131011	6	1	3
131012	1	0	3
131012	2	0	3
131012	3	1	7
131012	4	1	7
131012	5	1	7
131012	6	1	7
131013	1	1	3
131013	2	0	3
131013	3	1	7
131013	4	1	7
131013	5	1	3
131013	6	1	3
131014	1	1	3
131014	2	0	3
131014	3	1	7
131014	4	1	3
131014	5	0	3
131014	6	0	3
131015	1	0	3
131015	2	0	3
131015	3	0	3
131015	4	1	3
131015	5	1	1
131015	6	0	3
131016	1	0	3
131016	2	1	7
131016	3	1	7
131016	4	0	3
131016	5	0	3
131016	6	0	3
131017	1	1	3
131017	2	0	3
131017	3	1	3
131017	4	1	3
131017	5	1	1
131017	6	1	1
131018	1	1	3
131018	2	1	7
131018	3	0	3
131018	4	1	7
131018	5	1	3
131018	6	1	3
131019	1	1	3
131019	2	0	3
131019	3	1	7
131019	4	1	3
131019	5	1	3
131019	6	1	3
131020	1	1	3
131020	2	0	3
131020	3	1	3
131020	4	1	3
131020	5	0	1
131020	6	1	3
131021	1	1	8
131021	2	1	8
131021	3	1	7
131021	4	1	6
131021	5	1	6
131021	6	0	2
131022	1	1	7
131022	2	0	3
131022	3	1	1
131022	4	1	1
131022	5	1	7
131022	6	1	7
131023	1	1	3
131023	2	0	3
131023	3	1	3
131023	4	1	1
131023	5	1	1
131023	6	1	1
131024	1	0	4
131024	2	0	4
131024	3	0	4
131024	4	1	6
131024	5	1	4
131024	6	0	4
131025	1	0	3
131025	2	0	3
131025	3	0	3
131025	4	1	3
131025	5	1	1
131025	6	1	1
131026	1	0	3
131026	2	0	3
131026	3	0	3
131026	4	1	7
131026	5	0	3
131026	6	0	3
131027	1	1	3
131027	2	1	3
131027	3	1	3
131027	4	0	3
131027	5	0	3
131027	6	0	3
131028	1	1	3
131028	2	0	3
131028	3	1	3
131028	4	1	3
131028	5	1	3
131028	6	1	3
131029	1	0	3
131029	2	0	3
131029	3	1	1
131029	4	1	1
131029	5	1	1
131029	6	1	1
131030	1	1	3
131030	2	0	3
131030	3	1	7
131030	4	1	3
131030	5	0	1
131030	6	1	3
131031	1	1	3
131031	2	1	3
131031	3	1	1
131031	4	1	3
131031	5	1	1
131031	6	1	1
131032	1	0	3
131032	2	0	3
131032	3	1	3
131032	4	0	3
131032	5	0	3
131032	6	0	3
131034	1	1	3
131034	2	0	3
131034	3	1	3
131034	4	1	3
131034	5	1	3
131034	6	1	3
131035	1	0	3
131035	2	0	3
131035	3	0	3
131035	4	1	7
131035	5	1	1
131035	6	0	3
131036	1	1	8
131036	2	1	8
131036	3	1	8
131036	4	1	8
131036	5	1	8
131036	6	1	8
131037	1	1	3
131037	2	0	3
131037	3	0	3
131037	4	1	3
131037	5	1	3
131037	6	0	3
131038	1	0	3
131038	2	1	3
131038	3	1	7
131038	4	1	3
131038	5	1	1
131038	6	1	1
131039	1	1	8
131039	2	1	8
131039	3	1	8
131039	4	1	8
131039	5	1	6
131039	6	1	8
131040	1	0	3
131040	2	0	3
131040	3	1	7
131040	4	1	7
131040	5	1	7
131040	6	1	7
131041	1	0	2
131041	2	1	6
131041	3	0	3
131041	4	1	6
131041	5	1	6
131041	6	0	2
131042	1	1	3
131042	2	0	3
131042	3	1	7
131042	4	1	7
131042	5	1	7
131042	6	0	3
131043	1	1	7
131043	2	0	3
131043	3	1	7
131043	4	1	3
131043	5	1	1
131043	6	1	1
131044	1	1	3
131044	2	0	3
131044	3	1	7
131044	4	0	3
131044	5	1	3
131044	6	1	3
131045	1	0	3
131045	2	1	3
131045	3	0	3
131045	4	0	3
131045	5	0	7
131045	6	0	3
131046	1	1	3
131046	2	1	3
131046	3	1	1
131046	4	1	3
131046	5	1	1
131046	6	1	1
131047	1	1	6
131047	2	1	6
131047	3	1	6
131047	4	1	6
131047	5	1	6
131047	6	1	6
131048	1	0	3
131048	2	0	3
131048	3	1	7
131048	4	1	7
131048	5	1	7
131048	6	0	3
131049	1	1	3
131049	2	0	3
131049	3	1	3
131049	4	1	3
131049	5	1	3
131049	6	1	3
131050	1	0	3
131050	2	0	3
131050	3	0	7
131050	4	1	7
131050	5	1	7
131050	6	0	3
141001	1	0	4
141001	2	0	4
141001	3	0	4
141001	4	1	4
141001	5	0	4
141001	6	0	4
141002	1	1	3
141002	2	1	3
141002	3	1	3
141002	4	1	3
141002	5	1	3
141002	6	0	3
141003	1	1	3
141003	2	1	3
141003	3	1	1
141003	4	1	3
141003	5	0	3
141003	6	0	3
141004	1	0	4
141004	2	1	3
141004	3	1	1
141004	4	1	3
141004	5	1	3
141004	6	1	3
141005	1	1	4
141005	2	0	3
141005	3	1	4
141005	4	1	1
141005	5	1	1
141005	6	1	4
141006	1	1	7
141006	2	1	7
141006	3	1	1
141006	4	1	7
141006	5	1	7
141006	6	1	7
141007	1	1	3
141007	2	1	7
141007	3	1	7
141007	4	1	7
141007	5	1	7
141007	6	1	7
141008	1	1	3
141008	2	1	3
141008	3	1	7
141008	4	1	1
141008	5	1	7
141008	6	1	7
141009	1	0	3
141009	2	1	3
141009	3	1	1
141009	4	1	3
141009	5	1	3
141009	6	0	3
141010	1	0	3
141010	2	1	3
141010	3	1	1
141010	4	0	3
141010	5	1	1
141010	6	0	3
141011	1	1	7
141011	2	0	3
141011	3	1	7
141011	4	1	7
141011	5	1	7
141011	6	1	7
141012	1	0	3
141012	2	1	3
141012	3	1	1
141012	4	1	3
141012	5	1	3
141012	6	0	3
141013	1	0	3
141013	2	1	3
141013	3	1	3
141013	4	1	3
141013	5	1	3
141013	6	1	3
141014	1	1	3
141014	2	0	3
141014	3	1	1
141014	4	1	7
141014	5	1	1
141014	6	1	7
141015	1	0	2
141015	2	0	2
141015	3	0	2
141015	4	0	2
141015	5	0	2
141015	6	0	2
141016	1	0	4
141016	2	0	4
141016	3	0	2
141016	4	1	4
141016	5	0	2
141016	6	0	2
141017	1	1	3
141017	2	1	3
141017	3	0	3
141017	4	1	3
141017	5	1	3
141017	6	0	3
141018	1	0	4
141018	2	1	4
141018	3	1	1
141018	4	1	4
141018	5	1	4
141018	6	1	4
141020	1	1	3
141020	2	0	3
141020	3	1	1
141020	4	1	7
141020	5	1	1
141020	6	1	1
141021	1	0	3
141021	2	1	3
141021	3	1	1
141021	4	1	7
141021	5	1	1
141021	6	1	1
141022	1	1	7
141022	2	1	7
141022	3	1	1
141022	4	1	7
141022	5	1	7
141022	6	1	7
141023	1	1	3
141023	2	1	3
141023	3	1	3
141023	4	1	3
141023	5	1	3
141023	6	1	3
141024	1	1	3
141024	2	0	3
141024	3	1	7
141024	4	1	1
141024	5	1	1
141024	6	1	7
141025	1	1	3
141025	2	1	3
141025	3	1	3
141025	4	1	1
141025	5	1	7
141025	6	1	3
141026	1	1	3
141026	2	1	7
141026	3	1	7
141026	4	1	7
141026	5	1	3
141026	6	1	3
141027	1	1	3
141027	2	0	3
141027	3	1	3
141027	4	1	3
141027	5	1	1
141027	6	0	3
141028	1	0	3
141028	2	0	3
141028	3	1	1
141028	4	1	1
141028	5	1	3
141028	6	1	3
141029	1	0	3
141029	2	0	3
141029	3	1	3
141029	4	1	3
141029	5	1	7
141029	6	0	3
141030	1	1	3
141030	2	0	3
141030	3	1	3
141030	4	1	1
141030	5	1	1
141030	6	1	1
141031	1	0	4
141031	2	1	4
141031	3	1	1
141031	4	1	1
141031	5	1	2
141031	6	0	2
141032	1	1	7
141032	2	0	3
141032	3	1	7
141032	4	1	7
141032	5	1	7
141032	6	0	3
141033	1	1	3
141033	2	1	3
141033	3	1	1
141033	4	1	1
141033	5	1	3
141033	6	1	3
141034	1	1	3
141034	2	0	3
141034	3	1	7
141034	4	1	1
141034	5	1	7
141034	6	1	7
141035	1	1	8
141035	2	1	3
141035	3	1	1
141035	4	1	3
141035	5	1	3
141035	6	1	3
141036	1	1	3
141036	2	1	3
141036	3	1	1
141036	4	1	7
141036	5	1	1
141036	6	1	1
141037	1	0	3
141037	2	0	3
141037	3	0	3
141037	4	0	3
141037	5	1	7
141037	6	0	3
141038	1	1	1
141038	2	1	3
141038	3	1	3
141038	4	1	1
141038	5	1	1
141038	6	1	1
141040	1	0	3
141040	2	0	3
141040	3	1	1
141040	4	1	1
141040	5	1	1
141040	6	1	1
141041	1	1	7
141041	2	0	3
141041	3	1	7
141041	4	1	1
141041	5	1	1
141041	6	1	1
141042	1	0	3
141042	2	1	3
141042	3	1	1
141042	4	0	3
141042	5	1	3
141042	6	0	3
141043	1	1	3
141043	2	1	3
141043	3	1	1
141043	4	1	1
141043	5	1	1
141043	6	1	3
141044	1	1	3
141044	2	0	3
141044	3	1	1
141044	4	1	1
141044	5	1	7
141044	6	1	7
141045	1	0	3
141045	2	0	3
141045	3	0	3
141045	4	0	3
141045	5	1	7
141045	6	0	3
141046	1	1	3
141046	2	0	3
141046	3	1	7
141046	4	1	1
141046	5	1	7
141046	6	1	7
141047	1	1	3
141047	2	1	3
141047	3	1	1
141047	4	1	1
141047	5	1	1
141047	6	0	3
141048	1	1	3
141048	2	1	3
141048	3	1	1
141048	4	1	1
141048	5	1	1
141048	6	1	3
141049	1	0	3
141049	2	1	3
141049	3	1	1
141049	4	1	3
141049	5	1	3
141049	6	1	3
141050	1	0	3
141050	2	1	3
141050	3	1	1
141050	4	0	3
141050	5	1	1
141050	6	0	3
151001	1	0	3
151001	2	0	3
151001	3	0	3
151001	4	1	3
151001	5	1	3
151001	6	0	3
151002	1	1	3
151002	2	1	3
151002	3	1	1
151002	4	1	1
151002	5	1	1
151002	6	0	3
151003	1	1	3
151003	2	1	3
151003	3	1	3
151003	4	1	3
151003	5	1	1
151003	6	1	3
151004	1	0	4
151004	2	1	5
151004	3	1	3
151004	4	0	5
151004	5	1	4
151004	6	1	4
151005	1	0	4
151005	2	1	1
151005	3	1	3
151005	4	0	4
151005	5	1	3
151005	6	1	3
151006	1	1	7
151006	2	1	7
151006	3	1	1
151006	4	1	1
151006	5	1	1
151006	6	1	1
151007	1	1	4
151007	2	1	6
151007	3	1	2
151007	4	1	2
151007	5	1	2
151007	6	1	2
151008	1	0	3
151008	2	0	3
151008	3	1	7
151008	4	0	3
151008	5	1	7
151008	6	0	3
151009	1	0	2
151009	2	1	6
151009	3	0	2
151009	4	0	2
151009	5	0	2
151009	6	0	2
151010	1	0	3
151010	2	0	3
151010	3	1	1
151010	4	1	3
151010	5	1	3
151010	6	1	3
151011	1	1	7
151011	2	0	3
151011	3	1	7
151011	4	1	1
151011	5	1	7
151011	6	1	1
151012	1	0	3
151012	2	0	3
151012	3	1	7
151012	4	0	3
151012	5	0	3
151012	6	0	3
151013	1	0	3
151013	2	0	3
151013	3	1	3
151013	4	1	7
151013	5	1	3
151013	6	0	3
151014	1	1	2
151014	2	1	2
151014	3	0	2
151014	4	0	2
151014	5	1	2
151014	6	1	2
151015	1	1	3
151015	2	0	3
151015	3	1	1
151015	4	1	1
151015	5	1	1
151015	6	1	1
151016	1	0	3
151016	2	0	3
151016	3	1	1
151016	4	1	3
151016	5	1	3
151016	6	0	3
151017	1	0	3
151017	2	0	3
151017	3	0	3
151017	4	1	3
151017	5	1	3
151017	6	0	3
151018	1	1	2
151018	2	1	1
151018	3	1	2
151018	4	1	2
151018	5	1	1
151018	6	0	2
151019	1	1	3
151019	2	1	3
151019	3	1	1
151019	4	1	3
151019	5	1	1
151019	6	1	3
151020	1	1	3
151020	2	0	3
151020	3	1	1
151020	4	1	7
151020	5	1	7
151020	6	1	7
151021	1	1	3
151021	2	1	3
151021	3	1	3
151021	4	1	3
151021	5	1	1
151021	6	1	1
151022	1	0	3
151022	2	0	3
151022	3	1	1
151022	4	1	3
151022	5	1	3
151022	6	1	7
151023	1	0	3
151023	2	1	1
151023	3	1	1
151023	4	1	1
151023	5	1	1
151023	6	0	3
151024	1	1	7
151024	2	1	7
151024	3	1	1
151024	4	1	7
151024	5	1	7
151024	6	1	7
151025	1	1	7
151025	2	1	7
151025	3	1	7
151025	4	1	7
151025	5	1	1
151025	6	1	1
151026	1	1	3
151026	2	1	3
151026	3	1	1
151026	4	1	1
151026	5	1	1
151026	6	1	3
151027	1	0	2
151027	2	1	2
151027	3	0	3
151027	4	0	2
151027	5	0	2
151027	6	0	2
151028	1	0	2
151028	2	0	2
151028	3	0	2
151028	4	1	2
151028	5	0	2
151028	6	0	2
151029	1	0	3
151029	2	1	3
151029	3	1	1
151029	4	1	3
151029	5	1	3
151029	6	1	3
151030	1	1	6
151030	2	1	6
151030	3	1	1
151030	4	1	6
151030	5	1	6
151030	6	1	6
151031	1	0	3
151031	2	0	3
151031	3	1	1
151031	4	1	1
151031	5	1	1
151031	6	0	3
151032	1	1	3
151032	2	1	3
151032	3	1	1
151032	4	1	3
151032	5	1	3
151032	6	0	3
151033	1	0	3
151033	2	1	3
151033	3	1	3
151033	4	1	3
151033	5	1	7
151033	6	1	3
151034	1	1	2
151034	2	1	2
151034	3	0	2
151034	4	1	2
151034	5	1	2
151034	6	1	2
151035	1	1	3
151035	2	0	3
151035	3	1	1
151035	4	1	1
151035	5	1	3
151035	6	1	7
151036	1	1	7
151036	2	1	1
151036	3	0	3
151036	4	0	3
151036	5	1	7
151036	6	0	7
151037	1	1	3
151037	2	0	3
151037	3	1	1
151037	4	1	3
151037	5	1	3
151037	6	1	3
151038	1	0	3
151038	2	1	3
151038	3	1	1
151038	4	1	3
151038	5	1	1
151038	6	0	3
151039	1	1	3
151039	2	0	3
151039	3	1	7
151039	4	1	1
151039	5	1	7
151039	6	1	7
151040	1	1	3
151040	2	1	3
151040	3	1	1
151040	4	1	1
151040	5	1	1
151040	6	0	3
151041	1	0	3
151041	2	0	3
151041	3	0	3
151041	4	0	3
151041	5	0	3
151041	6	0	3
151042	1	1	3
151042	2	0	3
151042	3	1	1
151042	4	1	1
151042	5	1	7
151042	6	1	7
151043	1	1	1
151043	2	1	1
151043	3	1	1
151043	4	1	1
151043	5	1	1
151043	6	1	1
151044	1	1	7
151044	2	1	7
151044	3	1	7
151044	4	1	7
151044	5	1	7
151044	6	1	7
151045	1	0	3
151045	2	1	3
151045	3	1	1
151045	4	1	3
151045	5	1	3
151045	6	1	3
151046	1	0	3
151046	2	0	3
151046	3	1	1
151046	4	0	4
151046	5	1	1
151046	6	1	1
151047	1	1	1
151047	2	1	3
151047	3	1	3
151047	4	1	3
151047	5	1	3
151047	6	0	3
151048	1	1	7
151048	2	1	3
151048	3	1	7
151048	4	1	7
151048	5	1	7
151048	6	1	7
151049	1	1	7
151049	2	1	7
151049	3	1	1
151049	4	1	1
151049	5	1	1
151049	6	1	7
161001	1	0	3
161001	2	0	3
161001	3	1	1
161001	4	1	3
161001	5	0	3
161001	6	0	3
161002	1	1	7
161002	2	1	7
161002	3	1	7
161002	4	1	7
161002	5	1	7
161002	6	1	7
161003	1	0	2
161003	2	1	6
161003	3	0	2
161003	4	1	6
161003	5	0	2
161003	6	0	2
161004	1	1	2
161004	2	1	6
161004	3	0	1
161004	4	1	2
161004	5	1	2
161004	6	1	2
161005	1	0	3
161005	2	1	3
161005	3	1	1
161005	4	1	3
161005	5	1	3
161005	6	0	3
161006	1	0	3
161006	2	1	3
161006	3	0	3
161006	4	1	3
161006	5	1	3
161006	6	1	3
161007	1	1	3
161007	2	0	3
161007	3	1	1
161007	4	1	3
161007	5	1	1
161007	6	0	3
161008	1	1	7
161008	2	1	7
161008	3	1	1
161008	4	1	7
161008	5	1	1
161008	6	1	1
161009	1	1	3
161009	2	1	1
161009	3	1	1
161009	4	1	3
161009	5	1	1
161009	6	1	3
161010	1	1	3
161010	2	0	3
161010	3	1	1
161010	4	1	7
161010	5	1	1
161010	6	1	7
161011	1	0	3
161011	2	1	7
161011	3	0	3
161011	4	0	3
161011	5	0	3
161011	6	0	3
161012	1	0	2
161012	2	1	2
161012	3	0	2
161012	4	1	2
161012	5	1	2
161012	6	1	2
161013	1	1	3
161013	2	1	3
161013	3	1	1
161013	4	1	3
161013	5	1	1
161013	6	1	3
161014	1	0	3
161014	2	1	3
161014	3	1	3
161014	4	1	3
161014	5	1	3
161014	6	1	3
161015	1	0	3
161015	2	1	3
161015	3	1	1
161015	4	1	3
161015	5	1	3
161015	6	0	3
161016	1	1	3
161016	2	1	3
161016	3	1	1
161016	4	1	3
161016	5	1	1
161016	6	1	3
161017	1	1	3
161017	2	0	3
161017	3	1	1
161017	4	1	1
161017	5	1	1
161017	6	0	3
161018	1	0	3
161018	2	1	1
161018	3	0	3
161018	4	1	2
161018	5	1	2
161018	6	1	2
161019	1	1	7
161019	2	1	7
161019	3	1	7
161019	4	1	7
161019	5	1	7
161019	6	1	7
161020	1	1	6
161020	2	1	1
161020	3	1	6
161020	4	0	2
161020	5	1	6
161020	6	1	1
161021	1	1	3
161021	2	0	3
161021	3	1	7
161021	4	1	7
161021	5	1	7
161021	6	1	7
161022	1	1	2
161022	2	1	1
161022	3	0	88
161022	4	1	2
161022	5	1	2
161022	6	1	1
161023	1	0	3
161023	2	0	3
161023	3	0	3
161023	4	0	3
161023	5	0	3
161023	6	0	3
161024	1	0	2
161024	2	1	2
161024	3	0	2
161024	4	0	8
161024	5	1	2
161024	6	0	2
161025	1	0	1
161025	2	1	3
161025	3	1	1
161025	4	1	1
161025	5	1	3
161025	6	1	3
161026	1	1	2
161026	2	1	2
161026	3	0	2
161026	4	1	2
161026	5	1	2
161026	6	1	2
161027	1	1	3
161027	2	1	3
161027	3	1	1
161027	4	1	1
161027	5	1	3
161027	6	0	3
161028	1	0	3
161028	2	0	3
161028	3	1	1
161028	4	0	3
161028	5	1	1
161028	6	1	1
161029	1	1	3
161029	2	1	3
161029	3	1	1
161029	4	0	3
161029	5	1	1
161029	6	1	1
161030	1	0	4
161030	2	0	4
161030	3	1	1
161030	4	0	4
161030	5	0	4
161030	6	1	1
161031	1	0	3
161031	2	1	3
161031	3	1	3
161031	4	1	3
161031	5	1	3
161031	6	1	3
161032	1	0	2
161032	2	0	7
161032	3	1	2
161032	4	1	2
161032	5	1	2
161032	6	1	2
161033	1	0	3
161033	2	1	3
161033	3	1	1
161033	4	1	3
161033	5	1	1
161033	6	0	3
161034	1	1	2
161034	2	1	2
161034	3	0	2
161034	4	1	2
161034	5	0	2
161034	6	0	2
161035	1	1	2
161035	2	1	6
161035	3	0	2
161035	4	1	2
161035	5	1	6
161035	6	1	6
161036	1	0	7
161036	2	1	7
161036	3	0	3
161036	4	1	7
161036	5	0	3
161036	6	0	3
161037	1	1	2
161037	2	1	1
161037	3	1	2
161037	4	1	2
161037	5	1	2
161037	6	1	1
161038	1	1	7
161038	2	0	3
161038	3	1	1
161038	4	1	1
161038	5	1	1
161038	6	1	1
161039	1	1	3
161039	2	1	3
161039	3	1	1
161039	4	1	3
161039	5	1	7
161039	6	0	3
161040	1	1	7
161040	2	1	7
161040	3	1	7
161040	4	1	7
161040	5	1	7
161040	6	1	7
161041	1	1	3
161041	2	1	3
161041	3	1	3
161041	4	0	3
161041	5	1	3
161041	6	1	3
161042	1	1	3
161042	2	0	3
161042	3	1	3
161042	4	0	3
161042	5	1	1
161042	6	0	3
161043	1	1	7
161043	2	1	7
161043	3	1	1
161043	4	1	7
161043	5	0	3
161043	6	0	3
161044	1	0	3
161044	2	1	3
161044	3	1	1
161044	4	1	3
161044	5	1	1
161044	6	0	3
161045	1	0	3
161045	2	1	7
161045	3	0	3
161045	4	0	3
161045	5	0	3
161045	6	0	3
161046	1	0	3
161046	2	0	3
161046	3	0	3
161046	4	0	3
161046	5	0	3
161046	6	0	3
161047	1	1	3
161047	2	1	1
161047	3	1	8
161047	4	1	4
161047	5	1	1
161047	6	0	3
161048	1	0	3
161048	2	0	3
161048	3	1	7
161048	4	0	3
161048	5	0	3
161048	6	0	3
161049	1	0	3
161049	2	0	3
161049	3	1	1
161049	4	1	3
161049	5	1	3
161049	6	1	1
161050	1	1	3
161050	2	1	3
161050	3	1	3
161050	4	1	3
161050	5	1	3
161050	6	1	3
171002	1	1	4
171002	2	1	4
171002	3	1	6
171002	4	1	4
171002	5	1	6
171002	6	1	6
171003	1	0	3
171003	2	1	1
171003	3	1	7
171003	4	1	7
171003	5	1	7
171003	6	0	1
171004	1	0	2
171004	2	1	6
171004	3	1	6
171004	4	0	2
171004	5	1	4
171004	6	1	2
171005	1	1	3
171005	2	0	3
171005	3	0	3
171005	4	1	3
171005	5	1	1
171005	6	1	3
171006	1	0	3
171006	2	1	7
171006	3	1	3
171006	4	0	4
171006	5	0	3
171006	6	0	3
171007	1	0	3
171007	2	1	1
171007	3	1	3
171007	4	1	1
171007	5	1	7
171007	6	0	3
171008	1	0	3
171008	2	1	3
171008	3	1	1
171008	4	0	3
171008	5	1	3
171008	6	0	3
171009	1	1	3
171009	2	1	7
171009	3	0	3
171009	4	1	3
171009	5	1	3
171009	6	0	3
171010	1	0	3
171010	2	1	1
171010	3	1	1
171010	4	1	3
171010	5	1	3
171010	6	0	88
171011	1	1	3
171011	2	0	3
171011	3	1	1
171011	4	1	3
171011	5	1	3
171011	6	1	3
171012	1	1	3
171012	2	0	3
171012	3	0	3
171012	4	1	3
171012	5	1	3
171012	6	0	3
171013	1	1	2
171013	2	1	1
171013	3	0	88
171013	4	1	2
171013	5	1	4
171013	6	0	88
171014	1	0	3
171014	2	1	3
171014	3	1	3
171014	4	0	3
171014	5	1	3
171014	6	0	3
171015	1	1	6
171015	2	1	6
171015	3	1	6
171015	4	1	6
171015	5	1	6
171015	6	1	6
171016	1	0	4
171016	2	1	3
171016	3	1	1
171016	4	1	3
171016	5	1	3
171016	6	0	4
171017	1	0	3
171017	2	0	3
171017	3	0	3
171017	4	0	3
171017	5	0	3
171017	6	0	3
171018	1	1	7
171018	2	1	7
171018	3	1	3
171018	4	1	7
171018	5	1	3
171018	6	1	3
171019	1	1	7
171019	2	0	3
171019	3	1	1
171019	4	1	3
171019	5	1	3
171019	6	0	3
171020	1	0	3
171020	2	1	3
171020	3	1	3
171020	4	0	3
171020	5	1	1
171020	6	1	3
171021	1	1	3
171021	2	1	3
171021	3	1	1
171021	4	1	3
171021	5	1	3
171021	6	1	3
171022	1	1	3
171022	2	1	3
171022	3	1	3
171022	4	1	3
171022	5	0	3
171022	6	0	3
171023	1	1	1
171023	2	1	7
171023	3	1	1
171023	4	1	1
171023	5	1	3
171023	6	1	3
171024	1	0	4
171024	2	1	3
171024	3	0	3
171024	4	0	3
171024	5	1	3
171024	6	0	3
171025	1	0	3
171025	2	0	3
171025	3	1	1
171025	4	1	1
171025	5	1	3
171025	6	1	4
171026	1	1	3
171026	2	1	3
171026	3	0	3
171026	4	0	88
171026	5	1	1
171026	6	1	1
171027	1	0	3
171027	2	0	3
171027	3	1	3
171027	4	1	1
171027	5	1	1
171027	6	0	3
171028	1	0	3
171028	2	0	1
171028	3	1	3
171028	4	1	1
171028	5	1	1
171028	6	0	3
171029	1	0	4
171029	2	1	4
171029	3	1	8
171029	4	0	4
171029	5	1	4
171029	6	1	4
171031	1	1	3
171031	2	0	3
171031	3	1	1
171031	4	1	7
171031	5	1	1
171031	6	1	1
171032	1	1	4
171032	2	1	4
171032	3	0	4
171032	4	1	4
171032	5	1	4
171032	6	0	4
171033	1	1	4
171033	2	1	1
171033	3	0	4
171033	4	0	4
171033	5	1	1
171033	6	1	2
171035	1	0	3
171035	2	1	1
171035	3	1	1
171035	4	1	3
171035	5	1	1
171035	6	1	3
171036	1	1	3
171036	2	1	3
171036	3	1	3
171036	4	1	3
171036	5	1	3
171036	6	1	3
171037	1	0	3
171037	2	1	3
171037	3	1	3
171037	4	1	3
171037	5	1	3
171037	6	0	3
171038	1	1	4
171038	2	1	4
171038	3	1	6
171038	4	1	2
171038	5	1	4
171038	6	1	4
171039	1	1	4
171039	2	1	6
171039	3	1	6
171039	4	1	4
171039	5	1	6
171039	6	1	6
171040	1	1	4
171040	2	1	4
171040	3	0	4
171040	4	0	4
171040	5	1	6
171040	6	1	6
171041	1	0	4
171041	2	1	1
171041	3	1	6
171041	4	1	6
171041	5	1	6
171041	6	1	6
171042	1	1	3
171042	2	0	3
171042	3	1	8
171042	4	1	3
171042	5	1	3
171042	6	1	8
171043	1	0	3
171043	2	1	7
171043	3	1	1
171043	4	1	1
171043	5	1	1
171043	6	0	3
171045	1	0	3
171045	2	0	3
171045	3	1	3
171045	4	0	3
171045	5	1	3
171045	6	0	3
171046	1	0	3
171046	2	1	7
171046	3	0	3
171046	4	0	3
171046	5	1	3
171046	6	0	3
171047	1	0	8
171047	2	1	3
171047	3	1	1
171047	4	1	8
171047	5	1	1
171047	6	0	1
171048	1	0	3
171048	2	0	3
171048	3	1	1
171048	4	1	1
171048	5	0	1
171048	6	0	1
171049	1	0	4
171049	2	1	6
171049	3	0	4
171049	4	0	4
171049	5	1	2
171049	6	1	4
171050	1	0	3
171050	2	1	3
171050	3	1	4
171050	4	0	3
171050	5	1	3
171050	6	0	3
181001	1	0	3
181001	2	1	7
181001	3	1	1
181001	4	0	3
181001	5	1	3
181001	6	0	7
181002	1	1	4
181002	2	1	1
181002	3	0	4
181002	4	1	6
181002	5	1	6
181002	6	1	6
181003	1	0	3
181003	2	1	3
181003	3	1	1
181003	4	0	3
181003	5	1	3
181003	6	0	3
181004	1	1	1
181004	2	0	3
181004	3	1	1
181004	4	1	1
181004	5	1	1
181004	6	1	3
181005	1	1	3
181005	2	1	3
181005	3	1	1
181005	4	1	3
181005	5	1	3
181005	6	1	3
181006	1	0	8
181006	2	1	8
181006	3	1	3
181006	4	0	2
181006	5	1	6
181006	6	0	6
181007	1	1	3
181007	2	1	3
181007	3	1	7
181007	4	1	3
181007	5	1	7
181007	6	1	7
181008	1	1	3
181008	2	0	3
181008	3	1	1
181008	4	1	1
181008	5	1	1
181008	6	1	3
181009	1	1	3
181009	2	1	3
181009	3	1	1
181009	4	0	88
181009	5	1	3
181009	6	0	3
181010	1	0	4
181010	2	1	4
181010	3	1	4
181010	4	0	4
181010	5	1	4
181010	6	1	4
181011	1	1	3
181011	2	1	3
181011	3	1	1
181011	4	1	1
181011	5	1	1
181011	6	1	7
181012	1	0	3
181012	2	0	3
181012	3	1	1
181012	4	1	1
181012	5	1	1
181012	6	0	3
181013	1	1	3
181013	2	1	1
181013	3	1	1
181013	4	1	1
181013	5	1	1
181013	6	1	1
181014	1	0	3
181014	2	1	7
181014	3	1	1
181014	4	0	1
181014	5	0	1
181014	6	0	3
181015	1	1	6
181015	2	1	6
181015	3	1	6
181015	4	1	6
181015	5	1	6
181015	6	1	6
181016	1	1	6
181016	2	1	6
181016	3	1	6
181016	4	1	6
181016	5	1	6
181016	6	1	6
181017	1	0	3
181017	2	0	3
181017	3	1	3
181017	4	1	3
181017	5	1	3
181017	6	0	3
181018	1	1	2
181018	2	1	2
181018	3	1	2
181018	4	1	2
181018	5	1	2
181018	6	0	2
181019	1	1	4
181019	2	0	4
181019	3	0	2
181019	4	0	4
181019	5	1	2
181019	6	0	2
181020	1	1	3
181020	2	1	3
181020	3	1	1
181020	4	1	3
181020	5	1	3
181020	6	1	3
181021	1	0	3
181021	2	0	3
181021	3	1	3
181021	4	0	3
181021	5	1	7
181021	6	1	7
181023	1	0	3
181023	2	0	3
181023	3	1	4
181023	4	0	3
181023	5	1	3
181023	6	0	3
181024	1	0	3
181024	2	1	1
181024	3	1	1
181024	4	1	1
181024	5	1	1
181024	6	1	1
181025	1	0	3
181025	2	1	4
181025	3	1	1
181025	4	0	1
181025	5	1	1
181025	6	0	88
181026	1	0	3
181026	2	0	3
181026	3	0	3
181026	4	1	3
181026	5	1	3
181026	6	0	88
181027	1	0	3
181027	2	1	1
181027	3	1	2
181027	4	0	3
181027	5	1	2
181027	6	0	2
181028	1	1	7
181028	2	1	7
181028	3	1	3
181028	4	1	1
181028	5	1	3
181028	6	1	3
181029	1	1	3
181029	2	0	3
181029	3	0	3
181029	4	1	1
181029	5	1	7
181029	6	0	88
181030	1	1	3
181030	2	1	7
181030	3	1	3
181030	4	1	3
181030	5	0	1
181030	6	0	88
181031	1	0	3
181031	2	1	3
181031	3	1	3
181031	4	0	3
181031	5	1	3
181031	6	0	88
181032	1	0	3
181032	2	0	3
181032	3	0	3
181032	4	0	3
181032	5	1	3
181032	6	0	88
181033	1	1	3
181033	2	1	7
181033	3	1	7
181033	4	1	7
181033	5	1	3
181033	6	0	88
181035	1	0	3
181035	2	0	4
181035	3	0	3
181035	4	0	1
181035	5	0	1
181035	6	0	1
181036	1	1	1
181036	2	1	1
181036	3	1	1
181036	4	1	1
181036	5	1	1
181036	6	1	3
181037	1	1	6
181037	2	1	6
181037	3	0	6
181037	4	1	6
181037	5	1	6
181037	6	0	6
181038	1	0	4
181038	2	1	4
181038	3	0	4
181038	4	0	4
181038	5	1	4
181038	6	0	4
181039	1	1	3
181039	2	1	1
181039	3	1	1
181039	4	1	3
181039	5	1	3
181039	6	1	3
181040	1	0	4
181040	2	1	1
181040	3	0	2
181040	4	0	2
181040	5	1	4
181040	6	1	4
181041	1	1	3
181041	2	1	3
181041	3	1	3
181041	4	1	3
181041	5	1	3
181041	6	1	3
181042	1	0	3
181042	2	1	1
181042	3	0	3
181042	4	0	1
181042	5	1	1
181042	6	0	88
181043	1	1	2
181043	2	1	1
181043	3	0	2
181043	4	1	6
181043	5	1	4
181043	6	0	6
181044	1	0	4
181044	2	0	4
181044	3	0	4
181044	4	0	4
181044	5	0	4
181044	6	0	4
181045	1	1	3
181045	2	1	3
181045	3	1	1
181045	4	1	1
181045	5	1	3
181045	6	1	7
181046	1	1	3
181046	2	1	1
181046	3	1	1
181046	4	1	3
181046	5	1	3
181046	6	1	3
181047	1	1	3
181047	2	1	3
181047	3	1	3
181047	4	1	3
181047	5	1	3
181047	6	1	3
181048	1	0	4
181048	2	1	3
181048	3	1	1
181048	4	0	4
181048	5	1	1
181048	6	0	3
181049	1	0	3
181049	2	1	1
181049	3	1	7
181049	4	1	7
181049	5	1	3
181049	6	0	3
181050	1	0	3
181050	2	1	3
181050	3	1	3
181050	4	1	1
181050	5	1	3
181050	6	0	3
191001	1	1	4
191001	2	1	1
191001	3	1	2
191001	4	1	1
191001	5	1	6
191001	6	1	2
191002	1	0	3
191002	2	1	1
191002	3	1	1
191002	4	1	7
191002	5	1	7
191002	6	0	3
191003	1	1	7
191003	2	1	3
191003	3	1	1
191003	4	1	1
191003	5	1	1
191003	6	1	7
191004	1	0	3
191004	2	0	4
191004	3	1	1
191004	4	1	7
191004	5	1	7
191004	6	1	3
191005	1	0	3
191005	2	0	3
191005	3	1	1
191005	4	1	7
191005	5	1	3
191005	6	1	3
191006	1	0	4
191006	2	0	4
191006	3	0	4
191006	4	0	4
191006	5	0	3
191006	6	0	4
191007	1	0	3
191007	2	0	3
191007	3	0	4
191007	4	0	3
191007	5	1	4
191007	6	1	4
191008	1	0	3
191008	2	0	3
191008	3	1	3
191008	4	1	3
191008	5	1	1
191008	6	0	88
191010	1	0	4
191010	2	1	6
191010	3	1	2
191010	4	0	4
191010	5	1	4
191010	6	1	2
191011	1	1	8
191011	2	1	8
191011	3	1	8
191011	4	1	8
191011	5	1	1
191011	6	0	88
191012	1	1	7
191012	2	1	3
191012	3	1	1
191012	4	1	7
191012	5	1	7
191012	6	1	7
191013	1	1	4
191013	2	1	3
191013	3	1	1
191013	4	1	7
191013	5	1	1
191013	6	1	7
191014	1	1	3
191014	2	1	3
191014	3	1	1
191014	4	1	3
191014	5	1	3
191014	6	1	3
191015	1	0	3
191015	2	1	3
191015	3	1	3
191015	4	1	3
191015	5	1	3
191015	6	0	88
191016	1	1	3
191016	2	1	1
191016	3	1	1
191016	4	1	7
191016	5	1	1
191016	6	1	7
191017	1	0	3
191017	2	0	3
191017	3	0	3
191017	4	1	3
191017	5	0	1
191017	6	0	88
191018	1	1	1
191018	2	1	1
191018	3	1	1
191018	4	1	1
191018	5	1	7
191018	6	1	7
191019	1	0	4
191019	2	1	4
191019	3	0	4
191019	4	1	4
191019	5	1	4
191019	6	0	4
191020	1	0	3
191020	2	1	7
191020	3	0	3
191020	4	1	3
191020	5	1	3
191020	6	0	88
191021	1	1	3
191021	2	0	3
191021	3	1	1
191021	4	1	1
191021	5	1	3
191021	6	1	3
191022	1	0	4
191022	2	1	6
191022	3	1	2
191022	4	1	6
191022	5	1	6
191022	6	1	2
191023	1	1	4
191023	2	1	4
191023	3	1	4
191023	4	1	3
191023	5	1	3
191023	6	0	88
191024	1	1	4
191024	2	1	2
191024	3	1	1
191024	4	1	2
191024	5	1	4
191024	6	0	88
191025	1	1	4
191025	2	1	6
191025	3	1	2
191025	4	1	6
191025	5	1	6
191025	6	1	6
191026	1	1	3
191026	2	1	3
191026	3	1	1
191026	4	1	3
191026	5	1	3
191026	6	1	3
191027	1	1	3
191027	2	1	3
191027	3	1	7
191027	4	1	7
191027	5	1	3
191027	6	1	3
191028	1	0	3
191028	2	0	3
191028	3	1	3
191028	4	1	1
191028	5	1	3
191028	6	1	3
191029	1	0	8
191029	2	1	8
191029	3	1	6
191029	4	1	8
191029	5	1	8
191029	6	1	8
191030	1	0	3
191030	2	1	3
191030	3	1	3
191030	4	1	3
191030	5	1	3
191030	6	1	3
191031	1	1	3
191031	2	1	3
191031	3	1	1
191031	4	1	7
191031	5	1	7
191031	6	1	7
191032	1	0	3
191032	2	0	3
191032	3	1	7
191032	4	0	88
191032	5	1	3
191032	6	0	88
191033	1	1	3
191033	2	1	3
191033	3	1	1
191033	4	1	3
191033	5	1	3
191033	6	1	3
191034	1	0	3
191034	2	0	3
191034	3	1	7
191034	4	0	3
191034	5	1	3
191034	6	0	3
191035	1	0	3
191035	2	0	3
191035	3	1	3
191035	4	0	1
191035	5	1	1
191035	6	1	1
191036	1	1	3
191036	2	1	3
191036	3	1	1
191036	4	1	3
191036	5	1	7
191036	6	1	3
191037	1	1	3
191037	2	1	7
191037	3	1	1
191037	4	1	1
191037	5	1	1
191037	6	0	88
191038	1	1	7
191038	2	1	3
191038	3	0	1
191038	4	1	7
191038	5	1	1
191038	6	1	3
191039	1	1	3
191039	2	0	3
191039	3	1	3
191039	4	0	88
191039	5	1	3
191039	6	0	88
191040	1	0	4
191040	2	1	8
191040	3	0	4
191040	4	0	4
191040	5	0	2
191040	6	1	2
191041	1	1	6
191041	2	1	6
191041	3	1	2
191041	4	1	6
191041	5	1	2
191041	6	1	2
191042	1	0	4
191042	2	1	4
191042	3	1	2
191042	4	0	4
191042	5	1	2
191042	6	1	2
191043	1	0	3
191043	2	0	3
191043	3	1	8
191043	4	0	88
191043	5	1	3
191043	6	0	7
191044	1	1	3
191044	2	0	3
191044	3	1	1
191044	4	0	3
191044	5	1	3
191044	6	0	88
191045	1	1	7
191045	2	1	7
191045	3	1	1
191045	4	0	88
191045	5	1	7
191045	6	0	88
191046	1	0	4
191046	2	0	4
191046	3	0	2
191046	4	0	4
191046	5	1	2
191046	6	0	2
191047	1	1	4
191047	2	1	3
191047	3	1	4
191047	4	1	4
191047	5	1	4
191047	6	1	4
191048	1	0	4
191048	2	0	4
191048	3	0	4
191048	4	0	4
191048	5	0	4
191048	6	0	4
191049	1	1	4
191049	2	1	3
191049	3	1	1
191049	4	1	7
191049	5	1	4
191049	6	1	4
191050	1	1	2
191050	2	1	6
191050	3	1	2
191050	4	1	2
191050	5	1	2
191050	6	1	2
201001	1	0	3
201001	2	0	3
201001	3	1	7
201001	4	0	7
201001	5	0	3
201001	6	0	1
201002	1	1	3
201002	2	1	3
201002	3	1	3
201002	4	1	7
201002	5	1	3
201002	6	1	1
201003	1	1	3
201003	2	1	3
201003	3	1	1
201003	4	1	3
201003	5	1	3
201003	6	1	3
201004	1	1	3
201004	2	0	3
201004	3	0	3
201004	4	1	3
201004	5	0	3
201004	6	0	3
201005	1	0	2
201005	2	0	2
201005	3	0	3
201005	4	0	3
201005	5	1	3
201005	6	1	3
201006	1	1	3
201006	2	1	7
201006	3	1	7
201006	4	1	7
201006	5	1	7
201006	6	1	7
201007	1	1	4
201007	2	1	4
201007	3	1	4
201007	4	1	4
201007	5	1	4
201007	6	1	4
201008	1	1	7
201008	2	0	3
201008	3	1	7
201008	4	0	3
201008	5	1	3
201008	6	0	3
201009	1	1	3
201009	2	0	3
201009	3	1	1
201009	4	1	3
201009	5	1	3
201009	6	1	3
201010	1	1	7
201010	2	0	3
201010	3	1	7
201010	4	1	7
201010	5	1	7
201010	6	0	3
201011	1	1	3
201011	2	0	3
201011	3	1	3
201011	4	0	3
201011	5	1	3
201011	6	1	1
201012	1	1	3
201012	2	1	3
201012	3	1	3
201012	4	1	3
201012	5	1	3
201012	6	1	3
201013	1	0	3
201013	2	0	3
201013	3	0	3
201013	4	0	3
201013	5	1	1
201013	6	0	3
201014	1	0	4
201014	2	0	4
201014	3	0	4
201014	4	0	4
201014	5	1	3
201014	6	1	3
201015	1	0	3
201015	2	0	3
201015	3	1	3
201015	4	0	3
201015	5	1	3
201015	6	1	3
201016	1	1	3
201016	2	0	3
201016	3	0	3
201016	4	0	3
201016	5	0	3
201016	6	0	3
201017	1	0	3
201017	2	0	3
201017	3	1	4
201017	4	1	4
201017	5	1	4
201017	6	1	4
201018	1	0	3
201018	2	0	3
201018	3	0	3
201018	4	0	3
201018	5	0	3
201018	6	0	3
201019	1	0	4
201019	2	0	4
201019	3	1	1
201019	4	1	8
201019	5	1	8
201019	6	1	8
201020	1	0	88
201020	2	1	3
201020	3	1	3
201020	4	0	3
201020	5	1	3
201020	6	1	1
201021	1	1	3
201021	2	1	7
201021	3	1	3
201021	4	1	7
201021	5	1	1
201021	6	1	3
201022	1	0	88
201022	2	1	3
201022	3	1	1
201022	4	1	3
201022	5	1	3
201022	6	1	1
201023	1	1	3
201023	2	0	3
201023	3	0	3
201023	4	1	1
201023	5	1	1
201023	6	0	3
201024	1	1	4
201024	2	1	4
201024	3	1	2
201024	4	1	2
201024	5	1	4
201024	6	1	4
201025	1	1	3
201025	2	0	3
201025	3	1	7
201025	4	1	3
201025	5	0	3
201025	6	0	3
201026	1	0	3
201026	2	1	3
201026	3	1	3
201026	4	1	3
201026	5	1	3
201026	6	1	3
201027	1	0	3
201027	2	0	3
201027	3	0	1
201027	4	0	3
201027	5	0	3
201027	6	0	3
201028	1	0	4
201028	2	0	4
201028	3	1	3
201028	4	1	3
201028	5	1	3
201028	6	1	3
201029	1	1	7
201029	2	0	3
201029	3	1	7
201029	4	0	3
201029	5	0	9
201029	6	0	3
201030	1	0	4
201030	2	0	4
201030	3	1	3
201030	4	1	3
201030	5	1	3
201030	6	1	3
201032	1	1	3
201032	2	0	3
201032	3	0	3
201032	4	1	7
201032	5	1	1
201032	6	0	3
201033	1	1	3
201033	2	0	3
201033	3	0	3
201033	4	1	7
201033	5	0	7
201033	6	0	7
201034	1	1	3
201034	2	0	3
201034	3	0	3
201034	4	1	7
201034	5	1	1
201034	6	0	1
201036	1	0	4
201036	2	0	4
201036	3	1	3
201036	4	1	3
201036	5	1	3
201036	6	1	3
201037	1	0	3
201037	2	0	3
201037	3	1	1
201037	4	1	1
201037	5	1	1
201037	6	0	3
201038	1	1	3
201038	2	0	3
201038	3	1	1
201038	4	1	1
201038	5	0	1
201038	6	0	7
201039	1	1	3
201039	2	0	3
201039	3	1	1
201039	4	0	3
201039	5	1	3
201039	6	0	3
201040	1	0	3
201040	2	1	1
201040	3	1	1
201040	4	1	3
201040	5	1	3
201040	6	1	3
201041	1	1	3
201041	2	1	7
201041	3	1	1
201041	4	1	1
201041	5	1	3
201041	6	0	3
201042	1	0	4
201042	2	0	4
201042	3	1	3
201042	4	1	3
201042	5	1	3
201042	6	1	3
201044	1	1	3
201044	2	1	3
201044	3	1	1
201044	4	1	3
201044	5	0	1
201044	6	0	1
201045	1	0	2
201045	2	0	2
201045	3	1	6
201045	4	1	2
201045	5	1	2
201045	6	1	2
201046	1	0	4
201046	2	0	4
201046	3	1	3
201046	4	1	3
201046	5	1	3
201046	6	1	3
201047	1	0	3
201047	2	0	3
201047	3	1	1
201047	4	1	1
201047	5	0	3
201047	6	1	3
201048	1	0	3
201048	2	0	3
201048	3	1	1
201048	4	1	1
201048	5	1	1
201048	6	1	1
201049	1	1	7
201049	2	1	6
201049	3	1	1
201049	4	1	6
201049	5	1	1
201049	6	0	7
201050	1	0	4
201050	2	0	4
201050	3	1	3
201050	4	1	3
201050	5	1	3
201050	6	1	3
201051	1	0	3
201051	2	0	3
201051	3	1	1
201051	4	0	3
201051	5	1	1
201051	6	0	3
