CHILDCODE	IMEVIDR4	RKEVR4	LOSS10R4	LOSS11R4	LOSS12R4	LOSS13R4	RESEVR41	RESEVR42	RESEVR43
11001	1	47	 	 	 	2	2	17	88
11001	2	88	 	 	 	 	 	 	 
11001	3	88	 	 	 	 	 	 	 
11002	1	47	 	 	 	2	2	17	16
11002	2	88	 	 	 	 	 	 	 
11002	3	88	 	 	 	 	 	 	 
11003	1	47	 	 	 	2	2	17	9
11003	2	88	 	 	 	 	 	 	 
11003	3	88	 	 	 	 	 	 	 
11004	1	88	 	 	 	 	 	 	 
11004	2	88	 	 	 	 	 	 	 
11004	3	88	 	 	 	 	 	 	 
11005	1	47	 	 	 	2	2	17	88
11005	2	42	 	 	2	 	9	17	88
11005	3	88	 	 	 	 	 	 	 
11006	1	47	 	 	 	2	2	17	88
11006	2	88	 	 	 	 	 	 	 
11006	3	88	 	 	 	 	 	 	 
11007	1	47	 	 	 	3	2	9	16
11007	2	88	 	 	 	 	 	 	 
11007	3	88	 	 	 	 	 	 	 
11008	1	16	 	 	4	 	17	2	88
11008	2	42	 	 	2	 	2	88	 
11008	3	47	 	 	 	2	2	88	 
11009	1	47	 	 	 	2	2	88	 
11009	2	88	 	 	 	 	 	 	 
11009	3	88	 	 	 	 	 	 	 
11010	1	47	 	 	 	3	9	10	17
11010	2	88	 	 	 	 	 	 	 
11010	3	88	 	 	 	 	 	 	 
11011	1	47	 	 	 	2	17	16	7
11011	2	88	 	 	 	 	 	 	 
11011	3	88	 	 	 	 	 	 	 
11012	1	39	 	 	 	2	17	88	 
11012	2	88	 	 	 	 	 	 	 
11012	3	88	 	 	 	 	 	 	 
11013	1	38	 	 	 	2	17	16	88
11013	2	88	 	 	 	 	 	 	 
11013	3	88	 	 	 	 	 	 	 
11014	1	47	 	 	 	2	2	17	88
11014	2	88	 	 	 	 	 	 	 
11014	3	88	 	 	 	 	 	 	 
11015	1	47	 	 	 	2	17	2	88
11015	2	88	 	 	 	 	 	 	 
11015	3	88	 	 	 	 	 	 	 
11016	1	36	 	 	1	 	7	88	 
11016	2	47	 	 	 	2	2	17	88
11016	3	88	 	 	 	 	 	 	 
11018	1	47	 	 	2	 	2	17	20
11018	2	88	 	 	 	 	 	 	 
11018	3	88	 	 	 	 	 	 	 
11019	1	88	 	 	 	 	 	 	 
11019	2	88	 	 	 	 	 	 	 
11019	3	88	 	 	 	 	 	 	 
11021	1	36	 	 	2	 	2	1	88
11021	2	47	 	 	 	2	1	2	88
11021	3	88	 	 	 	 	 	 	 
11022	1	36	1	 	 	 	7	88	 
11022	2	88	 	 	 	 	 	 	 
11022	3	88	 	 	 	 	 	 	 
11023	1	47	 	 	 	2	2	9	18
11023	2	88	 	 	 	 	 	 	 
11023	3	88	 	 	 	 	 	 	 
11024	1	47	 	 	 	2	2	88	 
11024	2	88	 	 	 	 	 	 	 
11024	3	88	 	 	 	 	 	 	 
11025	1	42	 	 	 	2	17	16	88
11025	2	47	 	 	 	2	2	17	16
11025	3	88	 	 	 	 	 	 	 
11026	1	47	 	 	 	2	17	2	88
11026	2	88	 	 	 	 	 	 	 
11026	3	88	 	 	 	 	 	 	 
11027	1	88	 	 	 	 	 	 	 
11027	2	88	 	 	 	 	 	 	 
11027	3	88	 	 	 	 	 	 	 
11029	1	88	 	 	 	 	 	 	 
11029	2	88	 	 	 	 	 	 	 
11029	3	88	 	 	 	 	 	 	 
11030	1	36	2	 	 	 	17	9	88
11030	2	47	 	 	 	2	2	17	88
11030	3	88	 	 	 	 	 	 	 
11031	1	47	 	 	 	2	2	17	88
11031	2	88	 	 	 	 	 	 	 
11031	3	88	 	 	 	 	 	 	 
11032	1	47	 	 	 	3	2	88	 
11032	2	88	 	 	 	 	 	 	 
11032	3	88	 	 	 	 	 	 	 
11034	1	38	 	 	 	3	17	88	 
11034	2	88	 	 	 	 	 	 	 
11034	3	88	 	 	 	 	 	 	 
11035	1	47	 	 	 	2	17	2	88
11035	2	88	 	 	 	 	 	 	 
11035	3	88	 	 	 	 	 	 	 
11036	1	47	 	 	 	3	2	88	 
11036	2	88	 	 	 	 	 	 	 
11036	3	88	 	 	 	 	 	 	 
11037	1	47	 	 	 	2	2	17	9
11037	2	88	 	 	 	 	 	 	 
11037	3	88	 	 	 	 	 	 	 
11038	1	16	 	 	 	2	2	16	88
11038	2	47	 	 	 	2	2	16	88
11038	3	88	 	 	 	 	 	 	 
11039	1	47	 	 	 	2	17	2	88
11039	2	88	 	 	 	 	 	 	 
11039	3	88	 	 	 	 	 	 	 
11040	1	88	 	 	 	 	 	 	 
11040	2	88	 	 	 	 	 	 	 
11040	3	88	 	 	 	 	 	 	 
11041	1	47	 	 	 	2	17	2	88
11041	2	88	 	 	 	 	 	 	 
11041	3	88	 	 	 	 	 	 	 
11042	1	88	 	 	 	 	 	 	 
11042	2	88	 	 	 	 	 	 	 
11042	3	88	 	 	 	 	 	 	 
11043	1	47	 	 	 	2	17	88	 
11043	2	88	 	 	 	 	 	 	 
11043	3	88	 	 	 	 	 	 	 
11044	1	47	 	 	 	3	2	88	 
11044	2	88	 	 	 	 	 	 	 
11044	3	88	 	 	 	 	 	 	 
11045	1	47	 	 	 	3	17	88	 
11045	2	88	 	 	 	 	 	 	 
11045	3	88	 	 	 	 	 	 	 
11046	1	47	 	 	 	2	2	88	 
11046	2	88	 	 	 	 	 	 	 
11046	3	88	 	 	 	 	 	 	 
11047	1	39	 	 	 	2	2	17	88
11047	2	47	 	 	 	3	2	17	88
11047	3	88	 	 	 	 	 	 	 
11048	1	25	 	4	 	 	9	88	 
11048	2	47	 	 	 	2	2	9	88
11048	3	88	 	 	 	 	 	 	 
11049	1	47	 	 	 	2	2	88	 
11049	2	88	 	 	 	 	 	 	 
11049	3	88	 	 	 	 	 	 	 
11050	1	47	 	 	 	2	8	2	9
11050	2	88	 	 	 	 	 	 	 
11050	3	88	 	 	 	 	 	 	 
21001	1	37	 	 	2	 	9	2	88
21001	2	47	 	 	 	2	2	88	 
21001	3	88	 	 	 	 	 	 	 
21002	1	13	 	 	1	 	2	88	 
21002	2	28	 	2	 	 	1	2	88
21002	3	88	 	 	 	 	 	 	 
21003	1	47	 	 	2	 	2	18	88
21003	2	88	 	 	 	 	 	 	 
21003	3	88	 	 	 	 	 	 	 
21004	1	47	 	 	 	1	2	88	 
21004	2	88	 	 	 	 	 	 	 
21004	3	88	 	 	 	 	 	 	 
21005	1	25	 	 	2	 	17	2	88
21005	2	29	 	 	2	 	17	88	 
21005	3	47	 	 	 	2	17	2	88
21006	1	38	 	 	2	 	9	16	2
21006	2	47	 	 	 	1	2	88	 
21006	3	88	 	 	 	 	 	 	 
21007	1	25	 	 	 	2	9	8	88
21007	2	47	 	 	 	3	2	88	 
21007	3	88	 	 	 	 	 	 	 
21008	1	47	 	 	 	2	17	88	 
21008	2	88	 	 	 	 	 	 	 
21008	3	88	 	 	 	 	 	 	 
21009	1	34	 	 	2	 	12	17	18
21009	2	47	 	 	2	 	2	17	18
21009	3	88	 	 	 	 	 	 	 
21010	1	42	 	2	3	 	2	1	88
21010	2	47	 	 	 	2	2	88	 
21010	3	88	 	 	 	 	 	 	 
21011	1	12	 	 	 	3	7	88	 
21011	2	88	 	 	 	 	 	 	 
21011	3	88	 	 	 	 	 	 	 
21012	1	47	 	 	 	2	2	88	 
21012	2	88	 	 	 	 	 	 	 
21012	3	88	 	 	 	 	 	 	 
21013	1	24	 	 	 	2	9	18	88
21013	2	14	 	 	3	 	8	11	17
21013	3	31	 	 	4	 	16	11	88
21014	1	35	 	 	3	 	2	18	88
21014	2	47	 	 	2	 	2	17	18
21014	3	88	 	 	 	 	 	 	 
21015	1	47	 	 	 	1	2	88	 
21015	2	88	 	 	 	 	 	 	 
21015	3	88	 	 	 	 	 	 	 
21016	1	47	 	 	 	3	2	18	88
21016	2	88	 	 	 	 	 	 	 
21016	3	88	 	 	 	 	 	 	 
21017	1	25	 	 	2	 	16	88	 
21017	2	47	 	 	 	1	2	88	 
21017	3	88	 	 	 	 	 	 	 
21018	1	47	2	 	 	2	2	88	 
21018	2	88	 	 	 	 	 	 	 
21018	3	88	 	 	 	 	 	 	 
21019	1	37	4	4	4	4	10	1	22
21019	2	47	 	 	 	4	1	9	22
21019	3	42	 	 	 	4	1	2	9
21020	1	29	 	 	2	 	8	88	 
21020	2	37	 	 	 	2	17	88	 
21020	3	12	 	 	 	2	17	88	 
21021	1	34	 	 	 	4	2	17	18
21021	2	47	 	 	2	 	2	7	88
21021	3	88	 	 	 	 	 	 	 
21022	1	47	 	 	3	2	2	88	 
21022	2	88	 	 	 	 	 	 	 
21022	3	88	 	 	 	 	 	 	 
21023	1	47	 	 	 	3	2	18	88
21023	2	88	 	 	 	 	 	 	 
21023	3	88	 	 	 	 	 	 	 
21024	1	47	 	 	 	2	2	17	88
21024	2	88	 	 	 	 	 	 	 
21024	3	88	 	 	 	 	 	 	 
21025	1	47	 	 	 	1	17	88	 
21025	2	88	 	 	 	 	 	 	 
21025	3	88	 	 	 	 	 	 	 
21026	1	24	 	3	 	 	16	88	 
21026	2	47	 	 	 	2	2	88	 
21026	3	88	 	 	 	 	 	 	 
21027	1	47	 	 	 	2	17	88	 
21027	2	36	2	 	 	 	17	88	 
21027	3	88	 	 	 	 	 	 	 
21028	1	47	 	 	 	2	2	17	88
21028	2	88	 	 	 	 	 	 	 
21028	3	88	 	 	 	 	 	 	 
21029	1	29	 	 	4	 	2	9	88
21029	2	47	 	 	 	2	2	17	88
21029	3	88	 	 	 	 	 	 	 
21030	1	47	 	 	2	 	2	18	88
21030	2	88	 	 	 	 	 	 	 
21030	3	88	 	 	 	 	 	 	 
21031	1	14	 	 	 	2	2	9	88
21031	2	29	 	 	2	 	2	9	88
21031	3	47	 	 	 	2	2	88	 
21032	1	25	 	 	 	2	2	16	88
21032	2	38	 	 	 	2	16	88	 
21032	3	47	 	 	 	1	2	88	 
21033	1	47	 	 	 	2	2	88	 
21033	2	88	 	 	 	 	 	 	 
21033	3	88	 	 	 	 	 	 	 
21034	1	47	 	 	2	2	2	9	18
21034	2	88	 	 	 	 	 	 	 
21034	3	88	 	 	 	 	 	 	 
21035	1	13	 	 	4	 	10	88	 
21035	2	25	 	 	2	 	10	88	 
21035	3	14	 	3	 	 	9	88	 
21036	1	47	 	 	2	 	2	17	88
21036	2	88	 	 	 	 	 	 	 
21036	3	88	 	 	 	 	 	 	 
21037	1	47	 	 	 	2	2	88	 
21037	2	88	 	 	 	 	 	 	 
21037	3	88	 	 	 	 	 	 	 
21038	1	34	2	 	 	 	2	10	18
21038	2	47	 	 	2	 	2	17	88
21038	3	88	 	 	 	 	 	 	 
21039	1	47	 	 	 	3	2	88	 
21039	2	36	 	3	 	 	9	17	88
21039	3	88	 	 	 	 	 	 	 
21040	1	47	 	 	 	2	17	88	 
21040	2	88	 	 	 	 	 	 	 
21040	3	88	 	 	 	 	 	 	 
21042	1	47	 	 	 	2	2	88	 
21042	2	88	 	 	 	 	 	 	 
21042	3	88	 	 	 	 	 	 	 
21043	1	47	 	 	 	2	2	88	 
21043	2	88	 	 	 	 	 	 	 
21043	3	88	 	 	 	 	 	 	 
21044	1	45	 	2	 	 	16	21	88
21044	2	47	 	 	 	2	2	88	 
21044	3	88	 	 	 	 	 	 	 
21045	1	47	 	 	3	 	2	17	18
21045	2	88	 	 	 	 	 	 	 
21045	3	88	 	 	 	 	 	 	 
21046	1	47	 	 	 	2	2	88	 
21046	2	88	 	 	 	 	 	 	 
21046	3	88	 	 	 	 	 	 	 
21047	1	47	 	 	2	2	2	88	 
21047	2	88	 	 	 	 	 	 	 
21047	3	88	 	 	 	 	 	 	 
21048	1	12	 	 	 	2	9	8	18
21048	2	88	 	 	 	 	 	 	 
21048	3	88	 	 	 	 	 	 	 
21049	1	47	 	 	 	2	2	1	88
21049	2	88	 	 	 	 	 	 	 
21049	3	88	 	 	 	 	 	 	 
21050	1	47	 	 	2	 	2	18	7
21050	2	88	 	 	 	 	 	 	 
21050	3	88	 	 	 	 	 	 	 
31002	1	42	2	 	 	 	17	88	 
31002	2	39	 	2	 	 	19	88	 
31002	3	88	 	 	 	 	 	 	 
31004	1	13	 	 	 	4	16	88	 
31004	2	88	 	 	 	 	 	 	 
31004	3	88	 	 	 	 	 	 	 
31005	1	88	 	 	 	 	 	 	 
31005	2	88	 	 	 	 	 	 	 
31005	3	88	 	 	 	 	 	 	 
31006	1	36	 	 	2	 	2	16	7
31006	2	42	 	 	 	2	2	18	7
31006	3	47	 	 	 	2	2	7	88
31007	1	88	 	 	 	 	 	 	 
31007	2	88	 	 	 	 	 	 	 
31007	3	88	 	 	 	 	 	 	 
31009	1	88	 	 	 	 	 	 	 
31009	2	88	 	 	 	 	 	 	 
31009	3	88	 	 	 	 	 	 	 
31010	1	88	 	 	 	 	 	 	 
31010	2	88	 	 	 	 	 	 	 
31010	3	88	 	 	 	 	 	 	 
31011	1	47	 	 	 	2	2	88	 
31011	2	88	 	 	 	 	 	 	 
31011	3	88	 	 	 	 	 	 	 
31012	1	42	 	 	4	 	21	16	88
31012	2	88	 	 	 	 	 	 	 
31012	3	88	 	 	 	 	 	 	 
31013	1	38	2	 	 	 	17	88	 
31013	2	88	 	 	 	 	 	 	 
31013	3	88	 	 	 	 	 	 	 
31014	1	37	 	3	 	 	9	88	 
31014	2	47	 	 	2	2	2	88	 
31014	3	88	 	 	 	 	 	 	 
31015	1	34	 	 	 	3	2	9	88
31015	2	47	 	 	2	2	2	88	 
31015	3	88	 	 	 	 	 	 	 
31016	1	47	 	 	 	2	2	88	 
31016	2	88	 	 	 	 	 	 	 
31016	3	88	 	 	 	 	 	 	 
31018	1	42	 	 	 	4	21	88	 
31018	2	38	2	 	 	 	18	88	 
31018	3	88	 	 	 	 	 	 	 
31019	1	42	2	2	2	2	2	88	 
31019	2	47	 	 	2	2	2	88	 
31019	3	88	 	 	 	 	 	 	 
31020	1	37	 	3	 	 	7	88	 
31020	2	88	 	 	 	 	 	 	 
31020	3	88	 	 	 	 	 	 	 
31022	1	38	 	2	 	 	16	9	88
31022	2	88	 	 	 	 	 	 	 
31022	3	88	 	 	 	 	 	 	 
31023	1	45	 	 	4	 	16	18	88
31023	2	47	 	 	 	2	2	7	88
31023	3	88	 	 	 	 	 	 	 
31024	1	47	 	 	 	2	2	88	 
31024	2	88	 	 	 	 	 	 	 
31024	3	88	 	 	 	 	 	 	 
31025	1	47	 	2	3	3	18	16	88
31025	2	88	 	 	 	 	 	 	 
31025	3	88	 	 	 	 	 	 	 
31026	1	88	 	 	 	 	 	 	 
31026	2	88	 	 	 	 	 	 	 
31026	3	88	 	 	 	 	 	 	 
31027	1	47	 	 	 	2	2	7	88
31027	2	88	 	 	 	 	 	 	 
31027	3	88	 	 	 	 	 	 	 
31028	1	45	2	 	 	 	17	88	 
31028	2	88	 	 	 	 	 	 	 
31028	3	88	 	 	 	 	 	 	 
31029	1	40	 	 	 	1	88	 	 
31029	2	88	 	 	 	 	 	 	 
31029	3	88	 	 	 	 	 	 	 
31030	1	34	 	 	3	 	9	16	18
31030	2	47	 	 	 	2	2	18	7
31030	3	88	 	 	 	 	 	 	 
31031	1	35	 	79	 	 	17	88	 
31031	2	45	 	 	 	2	17	88	 
31031	3	88	 	 	 	 	 	 	 
31032	1	35	 	 	3	 	9	16	88
31032	2	88	 	 	 	 	 	 	 
31032	3	88	 	 	 	 	 	 	 
31033	1	39	 	 	 	3	16	88	 
31033	2	88	 	 	 	 	 	 	 
31033	3	88	 	 	 	 	 	 	 
31034	1	38	 	 	 	2	9	88	 
31034	2	47	 	 	 	2	2	88	 
31034	3	88	 	 	 	 	 	 	 
31035	1	47	 	 	 	2	2	88	 
31035	2	88	 	 	 	 	 	 	 
31035	3	88	 	 	 	 	 	 	 
31036	1	42	 	2	2	2	2	16	88
31036	2	47	 	 	2	2	2	7	88
31036	3	88	 	 	 	 	 	 	 
31038	1	37	2	2	 	 	21	16	88
31038	2	42	 	2	3	3	18	21	16
31038	3	88	 	 	 	 	 	 	 
31039	1	45	 	 	4	 	19	88	 
31039	2	88	 	 	 	 	 	 	 
31039	3	88	 	 	 	 	 	 	 
31040	1	42	 	 	4	4	16	88	 
31040	2	47	 	 	 	2	7	88	 
31040	3	88	 	 	 	 	 	 	 
31041	1	42	 	 	2	4	10	9	88
31041	2	88	 	 	 	 	 	 	 
31041	3	88	 	 	 	 	 	 	 
31042	1	42	 	 	2	2	17	88	 
31042	2	47	 	 	 	2	2	88	 
31042	3	88	 	 	 	 	 	 	 
31043	1	29	 	 	4	4	21	79	88
31043	2	42	 	 	2	 	16	88	 
31043	3	38	 	 	2	 	16	88	 
31047	1	45	 	 	 	3	2	88	 
31047	2	88	 	 	 	 	 	 	 
31047	3	88	 	 	 	 	 	 	 
31048	1	88	 	 	 	 	 	 	 
31048	2	88	 	 	 	 	 	 	 
31048	3	88	 	 	 	 	 	 	 
31049	1	88	 	 	 	 	 	 	 
31049	2	88	 	 	 	 	 	 	 
31049	3	88	 	 	 	 	 	 	 
31050	1	88	 	 	 	 	 	 	 
31050	2	88	 	 	 	 	 	 	 
31050	3	88	 	 	 	 	 	 	 
41001	1	47	 	 	 	2	2	16	88
41001	2	88	 	 	 	 	 	 	 
41001	3	88	 	 	 	 	 	 	 
41002	1	47	 	 	2	2	2	22	18
41002	2	88	 	 	 	 	 	 	 
41002	3	88	 	 	 	 	 	 	 
41003	1	47	 	 	 	2	2	17	88
41003	2	88	 	 	 	 	 	 	 
41003	3	88	 	 	 	 	 	 	 
41004	1	34	 	 	4	 	2	17	18
41004	2	47	 	 	 	2	2	17	88
41004	3	88	 	 	 	 	 	 	 
41005	1	47	 	 	2	2	2	88	 
41005	2	88	 	 	 	 	 	 	 
41005	3	88	 	 	 	 	 	 	 
41006	1	47	 	 	 	3	8	88	 
41006	2	88	 	 	 	 	 	 	 
41006	3	88	 	 	 	 	 	 	 
41007	1	29	 	 	 	3	2	8	88
41007	2	47	 	 	 	2	18	88	 
41007	3	88	 	 	 	 	 	 	 
41009	1	47	 	 	 	2	9	2	88
41009	2	88	 	 	 	 	 	 	 
41009	3	88	 	 	 	 	 	 	 
41010	1	41	 	 	 	3	9	2	88
41010	2	47	 	 	 	3	2	88	 
41010	3	88	 	 	 	 	 	 	 
41011	1	28	 	 	2	 	8	18	88
41011	2	47	 	 	 	3	2	9	88
41011	3	88	 	 	 	 	 	 	 
41012	1	47	 	 	 	2	2	88	 
41012	2	88	 	 	 	 	 	 	 
41012	3	88	 	 	 	 	 	 	 
41013	1	39	 	2	 	 	21	2	88
41013	2	88	 	 	 	 	 	 	 
41013	3	88	 	 	 	 	 	 	 
41014	1	47	 	 	 	2	2	17	88
41014	2	88	 	 	 	 	 	 	 
41014	3	88	 	 	 	 	 	 	 
41015	1	47	 	 	 	2	2	88	 
41015	2	88	 	 	 	 	 	 	 
41015	3	88	 	 	 	 	 	 	 
41016	1	47	 	 	 	2	2	88	 
41016	2	88	 	 	 	 	 	 	 
41016	3	88	 	 	 	 	 	 	 
41017	1	13	 	 	3	 	18	6	16
41017	2	47	 	 	 	2	2	18	17
41017	3	88	 	 	 	 	 	 	 
41018	1	47	 	 	 	3	2	10	88
41018	2	29	 	 	2	2	2	12	16
41018	3	88	 	 	 	 	 	 	 
41019	1	47	 	 	 	2	16	88	 
41019	2	88	 	 	 	 	 	 	 
41019	3	88	 	 	 	 	 	 	 
41020	1	36	 	 	2	 	2	17	88
41020	2	47	 	 	 	2	2	9	88
41020	3	88	 	 	 	 	 	 	 
41021	1	47	 	 	 	2	17	2	16
41021	2	88	 	 	 	 	 	 	 
41021	3	88	 	 	 	 	 	 	 
41022	1	13	 	 	2	 	17	18	88
41022	2	47	 	 	 	2	2	88	 
41022	3	88	 	 	 	 	 	 	 
41023	1	47	 	 	2	2	2	17	18
41023	2	88	 	 	 	 	 	 	 
41023	3	88	 	 	 	 	 	 	 
41024	1	47	 	 	 	2	2	88	 
41024	2	88	 	 	 	 	 	 	 
41024	3	88	 	 	 	 	 	 	 
41025	1	47	 	 	 	2	17	16	88
41025	2	88	 	 	 	 	 	 	 
41025	3	88	 	 	 	 	 	 	 
41026	1	29	 	 	2	 	2	18	22
41026	2	47	 	 	2	3	2	88	 
41026	3	88	 	 	 	 	 	 	 
41027	1	47	 	 	 	2	2	88	 
41027	2	88	 	 	 	 	 	 	 
41027	3	88	 	 	 	 	 	 	 
41028	1	47	 	 	 	2	17	16	88
41028	2	88	 	 	 	 	 	 	 
41028	3	88	 	 	 	 	 	 	 
41029	1	47	 	 	 	2	2	88	 
41029	2	88	 	 	 	 	 	 	 
41029	3	88	 	 	 	 	 	 	 
41030	1	88	 	 	 	 	 	 	 
41030	2	88	 	 	 	 	 	 	 
41030	3	88	 	 	 	 	 	 	 
41031	1	47	 	 	 	2	2	88	 
41031	2	88	 	 	 	 	 	 	 
41031	3	88	 	 	 	 	 	 	 
41032	1	34	 	 	4	 	2	17	9
41032	2	47	 	 	 	2	2	17	88
41032	3	88	 	 	 	 	 	 	 
41033	1	34	 	3	 	 	17	16	88
41033	2	47	 	 	 	2	17	2	88
41033	3	88	 	 	 	 	 	 	 
41034	1	88	 	 	 	 	 	 	 
41034	2	88	 	 	 	 	 	 	 
41034	3	88	 	 	 	 	 	 	 
41035	1	39	 	 	 	2	16	17	88
41035	2	47	 	 	 	2	17	16	88
41035	3	88	 	 	 	 	 	 	 
41036	1	47	 	 	2	2	1	6	16
41036	2	88	 	 	 	 	 	 	 
41036	3	88	 	 	 	 	 	 	 
41037	1	47	 	 	 	2	2	6	88
41037	2	88	 	 	 	 	 	 	 
41037	3	88	 	 	 	 	 	 	 
41039	1	47	 	 	 	2	2	88	 
41039	2	88	 	 	 	 	 	 	 
41039	3	88	 	 	 	 	 	 	 
41040	1	47	 	 	 	2	9	2	88
41040	2	88	 	 	 	 	 	 	 
41040	3	88	 	 	 	 	 	 	 
41041	1	42	 	 	2	 	16	17	88
41041	2	47	 	 	3	2	2	17	88
41041	3	36	1	 	 	 	17	88	 
41042	1	39	 	 	2	 	17	88	 
41042	2	47	 	 	 	2	2	88	 
41042	3	88	 	 	 	 	 	 	 
41043	1	47	 	 	 	2	2	88	 
41043	2	88	 	 	 	 	 	 	 
41043	3	88	 	 	 	 	 	 	 
41044	1	42	 	 	2	2	9	17	88
41044	2	47	 	 	3	3	2	88	 
41044	3	88	 	 	 	 	 	 	 
41045	1	47	 	 	 	2	2	88	 
41045	2	88	 	 	 	 	 	 	 
41045	3	88	 	 	 	 	 	 	 
41046	1	37	 	 	 	3	9	10	88
41046	2	47	 	 	3	3	2	88	 
41046	3	88	 	 	 	 	 	 	 
41047	1	47	 	 	 	2	2	88	 
41047	2	88	 	 	 	 	 	 	 
41047	3	88	 	 	 	 	 	 	 
41048	1	37	 	 	2	 	16	88	 
41048	2	47	 	2	2	2	24	27	88
41048	3	25	 	 	2	 	2	6	88
41049	1	47	 	 	 	2	17	16	88
41049	2	88	 	 	 	 	 	 	 
41049	3	88	 	 	 	 	 	 	 
41050	1	47	 	 	3	3	17	88	 
41050	2	88	 	 	 	 	 	 	 
41050	3	88	 	 	 	 	 	 	 
51001	1	25	2	 	 	2	16	88	 
51001	2	29	 	 	 	2	2	18	88
51001	3	88	 	 	 	 	 	 	 
51002	1	14	 	 	3	 	16	18	7
51002	2	25	 	 	2	 	21	17	22
51002	3	42	 	 	 	2	18	2	88
51003	1	47	 	 	 	2	22	18	88
51003	2	88	 	 	 	 	 	 	 
51003	3	88	 	 	 	 	 	 	 
51004	1	37	 	 	2	 	16	88	 
51004	2	88	 	 	 	 	 	 	 
51004	3	88	 	 	 	 	 	 	 
51005	1	47	 	 	2	2	2	88	 
51005	2	88	 	 	 	 	 	 	 
51005	3	88	 	 	 	 	 	 	 
51006	1	37	 	 	3	 	16	18	88
51006	2	38	 	 	 	2	16	18	7
51006	3	88	 	 	 	 	 	 	 
51007	1	37	 	 	 	3	16	21	7
51007	2	29	 	 	 	2	7	88	 
51007	3	38	 	 	2	2	17	16	7
51008	1	25	 	4	3	 	10	16	88
51008	2	38	 	 	2	 	16	88	 
51008	3	28	 	 	2	 	10	18	88
51009	1	37	 	 	 	4	17	9	88
51009	2	25	 	2	 	 	10	18	88
51009	3	88	 	 	 	 	 	 	 
51010	1	39	 	4	 	 	16	88	 
51010	2	37	 	 	2	 	17	88	 
51010	3	88	 	 	 	 	 	 	 
51011	1	36	 	 	3	 	17	16	88
51011	2	88	 	 	 	 	 	 	 
51011	3	88	 	 	 	 	 	 	 
51012	1	29	 	2	 	 	9	88	 
51012	2	47	 	 	2	2	2	88	 
51012	3	88	 	 	 	 	 	 	 
51013	1	38	 	 	3	 	16	18	88
51013	2	39	 	 	2	 	16	88	 
51013	3	24	 	 	2	 	18	88	 
51014	1	38	2	3	2	2	16	6	2
51014	2	47	 	 	 	2	2	16	7
51014	3	88	 	 	 	 	 	 	 
51015	1	37	 	 	3	2	16	88	 
51015	2	88	 	 	 	 	 	 	 
51015	3	88	 	 	 	 	 	 	 
51016	1	24	 	 	2	 	16	88	 
51016	2	38	 	 	 	2	16	88	 
51016	3	88	 	 	 	 	 	 	 
51018	1	45	2	 	 	 	16	88	 
51018	2	88	 	 	 	 	 	 	 
51018	3	88	 	 	 	 	 	 	 
51019	1	88	 	 	 	 	 	 	 
51019	2	88	 	 	 	 	 	 	 
51019	3	88	 	 	 	 	 	 	 
51020	1	39	 	 	 	4	9	88	 
51020	2	88	 	 	 	 	 	 	 
51020	3	88	 	 	 	 	 	 	 
51021	1	45	 	 	 	4	8	10	16
51021	2	37	 	 	3	4	2	16	7
51021	3	38	 	3	3	 	16	2	7
51022	1	25	 	 	 	2	2	88	 
51022	2	88	 	 	 	 	 	 	 
51022	3	88	 	 	 	 	 	 	 
51023	1	38	 	 	 	2	16	88	 
51023	2	47	 	 	 	2	2	88	 
51023	3	88	 	 	 	 	 	 	 
51024	1	47	 	 	 	2	2	88	 
51024	2	88	 	 	 	 	 	 	 
51024	3	88	 	 	 	 	 	 	 
51025	1	88	 	 	 	 	 	 	 
51025	2	88	 	 	 	 	 	 	 
51025	3	88	 	 	 	 	 	 	 
51026	1	37	 	 	2	 	16	17	7
51026	2	38	 	 	2	 	16	18	21
51026	3	47	 	 	 	2	2	18	7
51027	1	39	 	 	2	 	2	16	7
51027	2	41	2	 	 	 	16	18	21
51027	3	47	 	 	 	2	2	7	88
51028	1	37	 	2	 	 	16	18	88
51028	2	39	2	 	 	 	16	88	 
51028	3	88	 	 	 	 	 	 	 
51029	1	32	 	 	 	4	9	88	 
51029	2	42	 	 	4	 	9	18	88
51029	3	88	 	 	 	 	 	 	 
51030	1	36	3	 	 	 	1	88	 
51030	2	88	 	 	 	 	 	 	 
51030	3	88	 	 	 	 	 	 	 
51031	1	37	 	 	 	4	16	18	88
51031	2	29	 	 	4	 	21	88	 
51031	3	88	 	 	 	 	 	 	 
51032	1	45	 	 	 	4	21	16	88
51032	2	38	 	4	 	 	16	88	 
51032	3	88	 	 	 	 	 	 	 
51033	1	38	3	 	 	 	16	21	20
51033	2	14	3	 	 	 	7	88	 
51033	3	42	3	3	3	 	16	21	2
51034	1	41	 	 	 	2	9	88	 
51034	2	47	 	 	 	2	2	88	 
51034	3	88	 	 	 	 	 	 	 
51035	1	38	 	2	 	 	16	18	7
51035	2	47	 	 	 	2	2	7	88
51035	3	88	 	 	 	 	 	 	 
51036	1	37	 	 	 	3	16	88	 
51036	2	88	 	 	 	 	 	 	 
51036	3	88	 	 	 	 	 	 	 
51037	1	42	 	 	4	 	23	88	 
51037	2	14	 	4	 	 	17	9	88
51037	3	88	 	 	 	 	 	 	 
51038	1	34	 	 	 	2	16	88	 
51038	2	88	 	 	 	 	 	 	 
51038	3	88	 	 	 	 	 	 	 
51039	1	88	 	 	 	 	 	 	 
51039	2	88	 	 	 	 	 	 	 
51039	3	88	 	 	 	 	 	 	 
51040	1	37	 	 	 	2	9	88	 
51040	2	47	 	 	2	2	2	88	 
51040	3	88	 	 	 	 	 	 	 
51041	1	36	 	 	2	 	16	18	88
51041	2	25	 	2	 	2	18	88	 
51041	3	29	 	 	 	2	18	88	 
51042	1	45	 	 	4	 	9	16	88
51042	2	88	 	 	 	 	 	 	 
51042	3	88	 	 	 	 	 	 	 
51043	1	37	 	 	 	2	16	88	 
51043	2	42	 	 	2	3	18	16	88
51043	3	38	 	 	2	 	16	88	 
51044	1	42	 	 	 	2	9	88	 
51044	2	47	 	 	2	2	2	88	 
51044	3	88	 	 	 	 	 	 	 
51045	1	88	 	 	 	 	 	 	 
51045	2	88	 	 	 	 	 	 	 
51045	3	88	 	 	 	 	 	 	 
51046	1	37	 	 	3	 	16	18	88
51046	2	25	 	 	 	2	10	18	88
51046	3	88	 	 	 	 	 	 	 
51047	1	37	 	2	2	2	6	2	88
51047	2	88	 	 	 	 	 	 	 
51047	3	88	 	 	 	 	 	 	 
51048	1	25	 	3	 	 	10	16	88
51048	2	39	 	 	2	 	16	18	88
51048	3	41	 	 	 	2	17	16	88
51049	1	25	 	 	3	 	10	17	88
51049	2	88	 	 	 	 	 	 	 
51049	3	88	 	 	 	 	 	 	 
51050	1	34	4	 	 	 	8	18	88
51050	2	38	 	 	 	4	8	18	88
51050	3	88	 	 	 	 	 	 	 
61001	1	36	 	 	4	 	18	16	88
61001	2	29	 	 	4	 	10	18	88
61001	3	31	 	 	3	 	16	88	 
61002	1	29	 	4	 	 	16	10	88
61002	2	31	 	 	3	 	16	88	 
61002	3	12	 	 	3	 	2	88	 
61003	1	14	 	 	4	 	19	88	 
61003	2	29	 	 	2	 	19	9	22
61003	3	13	 	 	 	2	19	88	 
61004	1	45	 	4	 	 	27	88	 
61004	2	88	 	 	 	 	 	 	 
61004	3	88	 	 	 	 	 	 	 
61005	1	29	 	 	2	 	9	88	 
61005	2	14	 	2	 	 	10	88	 
61005	3	47	 	 	 	2	2	88	 
61006	1	39	 	 	 	2	7	88	 
61006	2	88	 	 	 	 	 	 	 
61006	3	88	 	 	 	 	 	 	 
61007	1	47	 	 	2	2	88	 	 
61007	2	88	 	 	 	 	 	 	 
61007	3	88	 	 	 	 	 	 	 
61008	1	45	 	 	 	1	18	19	88
61008	2	88	 	 	 	 	 	 	 
61008	3	88	 	 	 	 	 	 	 
61009	1	42	 	2	2	2	19	16	17
61009	2	41	 	2	 	2	16	2	18
61009	3	24	 	 	 	2	18	16	88
61010	1	14	 	 	4	3	7	88	 
61010	2	37	 	2	2	2	16	21	88
61010	3	41	 	 	2	 	16	17	88
61011	1	45	 	3	 	 	16	2	18
61011	2	47	 	 	 	2	18	2	7
61011	3	88	 	 	 	 	 	 	 
61012	1	39	 	4	 	 	16	7	88
61012	2	45	 	 	 	2	16	18	88
61012	3	88	 	 	 	 	 	 	 
61013	1	14	 	 	4	 	16	18	88
61013	2	41	 	 	 	3	20	88	 
61013	3	88	 	 	 	 	 	 	 
61014	1	39	 	 	2	 	16	88	 
61014	2	88	 	 	 	 	 	 	 
61014	3	88	 	 	 	 	 	 	 
61015	1	25	 	4	 	 	10	16	88
61015	2	24	3	 	2	 	16	18	88
61015	3	36	 	 	3	 	16	88	 
61016	1	25	 	4	 	 	10	16	88
61016	2	24	3	 	2	 	16	18	88
61016	3	88	 	 	 	 	 	 	 
61017	1	25	 	 	4	 	1	7	88
61017	2	88	 	 	 	 	 	 	 
61017	3	88	 	 	 	 	 	 	 
61018	1	25	 	3	2	 	1	88	 
61018	2	88	 	 	 	 	 	 	 
61018	3	88	 	 	 	 	 	 	 
61019	1	29	 	 	2	 	9	88	 
61019	2	47	 	 	 	2	2	88	 
61019	3	88	 	 	 	 	 	 	 
61020	1	42	 	 	4	 	16	2	88
61020	2	88	 	 	 	 	 	 	 
61020	3	88	 	 	 	 	 	 	 
61021	1	14	 	 	4	 	21	16	88
61021	2	37	4	 	 	 	18	2	88
61021	3	88	 	 	 	 	 	 	 
61022	1	47	 	 	3	3	2	88	 
61022	2	88	 	 	 	 	 	 	 
61022	3	88	 	 	 	 	 	 	 
61023	1	37	 	4	 	 	9	17	88
61023	2	36	 	 	 	2	18	2	88
61023	3	88	 	 	 	 	 	 	 
61024	1	36	4	4	 	 	16	19	88
61024	2	29	2	 	 	 	16	88	 
61024	3	88	 	 	 	 	 	 	 
61025	1	47	 	 	 	2	2	88	 
61025	2	88	 	 	 	 	 	 	 
61025	3	88	 	 	 	 	 	 	 
61026	1	36	 	 	4	 	7	88	 
61026	2	88	 	 	 	 	 	 	 
61026	3	88	 	 	 	 	 	 	 
61027	1	38	 	 	 	2	7	88	 
61027	2	88	 	 	 	 	 	 	 
61027	3	88	 	 	 	 	 	 	 
61028	1	45	4	 	 	 	19	88	 
61028	2	47	 	 	2	 	2	88	 
61028	3	88	 	 	 	 	 	 	 
61029	1	25	 	 	3	 	10	16	88
61029	2	24	 	 	 	2	16	88	 
61029	3	28	 	2	 	 	18	88	 
61030	1	39	 	 	4	 	21	16	88
61030	2	29	 	2	 	 	2	18	88
61030	3	88	 	 	 	 	 	 	 
61031	1	25	 	 	4	 	21	16	88
61031	2	41	 	3	 	2	18	16	17
61031	3	38	 	 	 	3	2	18	16
61032	1	14	 	 	2	 	9	88	 
61032	2	29	 	 	2	 	13	88	 
61032	3	47	 	 	 	2	2	88	 
61033	1	36	 	 	 	4	2	16	88
61033	2	25	 	 	2	 	21	2	88
61033	3	41	 	2	 	 	16	17	18
61034	1	47	 	 	 	2	18	88	 
61034	2	88	 	 	 	 	 	 	 
61034	3	88	 	 	 	 	 	 	 
61035	1	25	4	 	2	 	10	16	88
61035	2	38	 	 	 	3	16	88	 
61035	3	24	 	2	 	 	18	88	 
61036	1	25	 	2	2	2	18	16	2
61036	2	41	2	 	2	 	2	16	17
61036	3	47	 	 	 	2	18	17	2
61037	1	24	 	 	2	 	7	88	 
61037	2	38	 	2	 	 	16	88	 
61037	3	16	 	 	 	2	18	7	88
61038	1	29	2	 	 	2	18	88	 
61038	2	88	 	 	 	 	 	 	 
61038	3	88	 	 	 	 	 	 	 
61039	1	39	 	3	 	 	9	88	 
61039	2	47	 	 	2	2	2	88	 
61039	3	88	 	 	 	 	 	 	 
61040	1	45	 	 	4	 	17	88	 
61040	2	88	 	 	 	 	 	 	 
61040	3	88	 	 	 	 	 	 	 
61041	1	29	3	2	 	 	2	88	 
61041	2	88	 	 	 	 	 	 	 
61041	3	88	 	 	 	 	 	 	 
61042	1	39	4	 	 	 	16	88	 
61042	2	88	 	 	 	 	 	 	 
61042	3	88	 	 	 	 	 	 	 
61043	1	14	 	4	 	 	7	88	 
61043	2	88	 	 	 	 	 	 	 
61043	3	88	 	 	 	 	 	 	 
61044	1	36	 	2	 	 	16	18	88
61044	2	88	 	 	 	 	 	 	 
61044	3	88	 	 	 	 	 	 	 
61045	1	38	 	 	3	 	6	10	2
61045	2	39	 	 	3	 	6	2	12
61045	3	88	 	 	 	 	 	 	 
61046	1	45	 	4	 	 	16	6	88
61046	2	36	 	 	 	2	2	88	 
61046	3	88	 	 	 	 	 	 	 
61047	1	25	2	 	 	2	2	88	 
61047	2	31	2	 	 	 	16	88	 
61047	3	29	2	 	 	 	17	19	88
61048	1	38	 	 	 	2	9	88	 
61048	2	47	 	 	 	2	19	88	 
61048	3	88	 	 	 	 	 	 	 
61049	1	38	 	 	 	4	17	18	88
61049	2	88	 	 	 	 	 	 	 
61049	3	88	 	 	 	 	 	 	 
61050	1	45	 	 	2	 	2	16	88
61050	2	47	 	 	2	2	19	2	88
61050	3	29	2	 	 	 	2	88	 
71001	1	12	 	 	2	2	16	18	2
71001	2	42	 	 	4	4	2	16	21
71001	3	25	 	3	 	 	10	2	16
71002	1	42	 	2	 	 	18	88	 
71002	2	88	 	 	 	 	 	 	 
71002	3	88	 	 	 	 	 	 	 
71003	1	32	 	 	4	 	16	18	7
71003	2	88	 	 	 	 	 	 	 
71003	3	88	 	 	 	 	 	 	 
71004	1	47	 	 	3	4	2	88	 
71004	2	45	 	 	 	4	18	88	 
71004	3	88	 	 	 	 	 	 	 
71005	1	25	 	 	4	 	9	16	7
71005	2	39	 	 	3	 	16	7	88
71005	3	24	 	2	 	 	9	18	7
71006	1	29	 	 	3	 	9	18	88
71006	2	47	 	 	3	4	2	88	 
71006	3	88	 	 	 	 	 	 	 
71007	1	47	 	 	3	2	2	88	 
71007	2	88	 	 	 	 	 	 	 
71007	3	88	 	 	 	 	 	 	 
71008	1	29	 	2	 	 	10	2	88
71008	2	88	 	 	 	 	 	 	 
71008	3	88	 	 	 	 	 	 	 
71009	1	88	 	 	 	 	 	 	 
71009	2	88	 	 	 	 	 	 	 
71009	3	88	 	 	 	 	 	 	 
71010	1	25	4	 	 	 	10	9	7
71010	2	42	 	 	3	 	16	7	88
71010	3	24	 	2	 	 	7	88	 
71011	1	45	4	 	 	 	16	6	88
71011	2	24	 	 	2	2	16	9	88
71011	3	32	 	 	 	2	18	88	 
71012	1	88	 	 	 	 	 	 	 
71012	2	88	 	 	 	 	 	 	 
71012	3	88	 	 	 	 	 	 	 
71013	1	25	 	4	 	 	16	13	7
71013	2	24	 	 	3	 	18	7	88
71013	3	38	 	 	2	 	16	7	88
71014	1	35	4	 	 	 	16	88	 
71014	2	88	 	 	 	 	 	 	 
71014	3	88	 	 	 	 	 	 	 
71015	1	29	 	 	4	 	2	88	 
71015	2	32	 	 	 	1	7	88	 
71015	3	38	 	 	4	 	16	88	 
71016	1	25	 	3	 	 	2	9	18
71016	2	12	 	 	2	2	9	17	16
71016	3	13	 	 	3	3	2	21	18
71017	1	39	2	 	 	 	6	9	18
71017	2	28	 	2	 	 	2	21	16
71017	3	47	 	 	 	2	2	18	16
71018	1	25	 	3	 	 	2	21	6
71018	2	14	 	4	 	 	16	18	88
71018	3	45	 	 	 	2	18	16	2
71019	1	45	 	1	 	 	7	88	 
71019	2	88	 	 	 	 	 	 	 
71019	3	88	 	 	 	 	 	 	 
71020	1	25	4	 	 	 	10	18	7
71020	2	28	 	 	 	4	16	18	7
71020	3	47	 	 	 	1	2	88	 
71021	1	47	 	 	 	2	6	18	16
71021	2	45	 	 	2	 	18	2	6
71021	3	88	 	 	 	 	 	 	 
71022	1	34	 	 	4	 	25	88	 
71022	2	47	 	 	 	2	2	88	 
71022	3	88	 	 	 	 	 	 	 
71023	1	16	 	 	 	3	9	16	7
71023	2	42	 	 	 	2	18	2	7
71023	3	88	 	 	 	 	 	 	 
71024	1	29	 	4	 	 	16	9	7
71024	2	47	 	 	 	1	2	18	7
71024	3	88	 	 	 	 	 	 	 
71025	1	29	 	 	 	4	2	16	88
71025	2	25	 	 	2	 	18	88	 
71025	3	88	 	 	 	 	 	 	 
71026	1	29	4	4	 	 	6	9	88
71026	2	24	 	 	3	 	2	88	 
71026	3	13	 	 	4	 	9	88	 
71027	1	25	 	3	 	 	9	10	88
71027	2	14	2	 	 	 	2	18	17
71027	3	12	 	 	2	2	9	7	88
71028	1	38	 	 	 	2	18	88	 
71028	2	88	 	 	 	 	 	 	 
71028	3	88	 	 	 	 	 	 	 
71030	1	32	4	 	 	 	9	88	 
71030	2	38	 	 	4	 	9	88	 
71030	3	47	 	 	3	 	2	88	 
71031	1	88	 	 	 	 	 	 	 
71031	2	88	 	 	 	 	 	 	 
71031	3	88	 	 	 	 	 	 	 
71032	1	16	 	 	4	4	2	19	9
71032	2	14	 	4	 	2	2	9	16
71032	3	41	 	 	2	 	9	2	88
71033	1	24	 	3	 	 	10	9	88
71033	2	25	2	 	 	 	9	7	88
71033	3	47	 	 	 	1	2	7	88
71034	1	25	 	4	 	 	10	16	88
71034	2	24	2	 	 	 	10	9	88
71034	3	47	 	 	 	1	2	7	88
71035	1	25	4	 	 	 	16	9	7
71035	2	24	 	3	 	 	10	16	7
71035	3	47	 	 	 	1	2	18	7
71036	1	39	 	 	 	4	16	17	88
71036	2	29	 	 	3	 	18	88	 
71036	3	24	 	1	 	 	6	88	 
71038	1	25	 	 	3	 	10	16	88
71038	2	24	 	2	 	 	16	88	 
71038	3	14	 	 	 	2	7	88	 
71039	1	14	3	4	2	2	7	88	 
71039	2	30	 	 	2	 	1	7	88
71039	3	88	 	 	 	 	 	 	 
71040	1	47	 	 	3	3	16	88	 
71040	2	88	 	 	 	 	 	 	 
71040	3	88	 	 	 	 	 	 	 
71041	1	45	 	2	 	 	16	88	 
71041	2	41	 	 	2	 	9	88	 
71041	3	88	 	 	 	 	 	 	 
71042	1	47	 	 	 	2	2	88	 
71042	2	88	 	 	 	 	 	 	 
71042	3	88	 	 	 	 	 	 	 
71043	1	29	 	2	 	 	2	6	88
71043	2	12	 	 	2	2	2	9	88
71043	3	37	 	2	 	 	17	18	88
71044	1	24	4	 	 	 	10	6	88
71044	2	39	 	2	 	 	6	7	88
71044	3	28	 	 	2	 	6	88	 
71045	1	88	 	 	 	 	 	 	 
71045	2	88	 	 	 	 	 	 	 
71045	3	88	 	 	 	 	 	 	 
71046	1	28	 	 	4	 	17	88	 
71046	2	25	 	4	 	 	10	17	88
71046	3	88	 	 	 	 	 	 	 
71047	1	42	 	 	2	 	18	16	88
71047	2	88	 	 	 	 	 	 	 
71047	3	88	 	 	 	 	 	 	 
71048	1	88	 	 	 	 	 	 	 
71048	2	88	 	 	 	 	 	 	 
71048	3	88	 	 	 	 	 	 	 
71049	1	12	 	2	2	 	17	88	 
71049	2	88	 	 	 	 	 	 	 
71049	3	88	 	 	 	 	 	 	 
71050	1	45	 	 	4	 	9	88	 
71050	2	47	 	 	 	1	2	88	 
71050	3	88	 	 	 	 	 	 	 
81001	1	47	3	2	2	2	2	88	 
81001	2	88	 	 	 	 	 	 	 
81001	3	88	 	 	 	 	 	 	 
81002	1	47	2	2	2	2	2	88	 
81002	2	88	 	 	 	 	 	 	 
81002	3	88	 	 	 	 	 	 	 
81003	1	88	 	 	 	 	 	 	 
81003	2	88	 	 	 	 	 	 	 
81003	3	88	 	 	 	 	 	 	 
81004	1	88	 	 	 	 	 	 	 
81004	2	88	 	 	 	 	 	 	 
81004	3	88	 	 	 	 	 	 	 
81006	1	88	 	 	 	 	 	 	 
81006	2	88	 	 	 	 	 	 	 
81006	3	88	 	 	 	 	 	 	 
81007	1	47	4	4	4	4	2	88	 
81007	2	88	 	 	 	 	 	 	 
81007	3	88	 	 	 	 	 	 	 
81008	1	29	 	 	4	 	9	88	 
81008	2	88	 	 	 	 	 	 	 
81008	3	88	 	 	 	 	 	 	 
81009	1	88	 	 	 	 	 	 	 
81009	2	88	 	 	 	 	 	 	 
81009	3	88	 	 	 	 	 	 	 
81010	1	39	2	 	 	 	2	88	 
81010	2	88	 	 	 	 	 	 	 
81010	3	88	 	 	 	 	 	 	 
81011	1	88	 	 	 	 	 	 	 
81011	2	88	 	 	 	 	 	 	 
81011	3	88	 	 	 	 	 	 	 
81012	1	47	2	2	2	2	2	88	 
81012	2	88	 	 	 	 	 	 	 
81012	3	88	 	 	 	 	 	 	 
81013	1	39	 	 	 	4	16	88	 
81013	2	38	 	 	 	2	7	88	 
81013	3	88	 	 	 	 	 	 	 
81014	1	39	 	 	2	 	16	88	 
81014	2	88	 	 	 	 	 	 	 
81014	3	88	 	 	 	 	 	 	 
81015	1	38	 	 	 	2	9	88	 
81015	2	88	 	 	 	 	 	 	 
81015	3	88	 	 	 	 	 	 	 
81016	1	88	 	 	 	 	 	 	 
81016	2	88	 	 	 	 	 	 	 
81016	3	88	 	 	 	 	 	 	 
81017	1	29	2	 	 	 	12	22	88
81017	2	88	 	 	 	 	 	 	 
81017	3	88	 	 	 	 	 	 	 
81018	1	37	 	 	4	4	2	88	 
81018	2	88	 	 	 	 	 	 	 
81018	3	88	 	 	 	 	 	 	 
81019	1	39	 	 	3	 	8	88	 
81019	2	88	 	 	 	 	 	 	 
81019	3	88	 	 	 	 	 	 	 
81020	1	29	 	4	3	 	16	9	88
81020	2	88	 	 	 	 	 	 	 
81020	3	88	 	 	 	 	 	 	 
81021	1	88	 	 	 	 	 	 	 
81021	2	88	 	 	 	 	 	 	 
81021	3	88	 	 	 	 	 	 	 
81022	1	88	 	 	 	 	 	 	 
81022	2	88	 	 	 	 	 	 	 
81022	3	88	 	 	 	 	 	 	 
81023	1	39	4	 	 	 	9	88	 
81023	2	88	 	 	 	 	 	 	 
81023	3	88	 	 	 	 	 	 	 
81025	1	41	 	 	 	2	2	21	6
81025	2	88	 	 	 	 	 	 	 
81025	3	88	 	 	 	 	 	 	 
81027	1	14	2	 	 	 	7	88	 
81027	2	88	 	 	 	 	 	 	 
81027	3	88	 	 	 	 	 	 	 
81028	1	36	 	 	 	1	88	 	 
81028	2	88	 	 	 	 	 	 	 
81028	3	88	 	 	 	 	 	 	 
81029	1	32	2	 	 	 	2	88	 
81029	2	88	 	 	 	 	 	 	 
81029	3	88	 	 	 	 	 	 	 
81030	1	29	 	4	 	 	8	88	 
81030	2	88	 	 	 	 	 	 	 
81030	3	88	 	 	 	 	 	 	 
81031	1	88	 	 	 	 	 	 	 
81031	2	88	 	 	 	 	 	 	 
81031	3	88	 	 	 	 	 	 	 
81032	1	31	 	 	 	3	22	17	88
81032	2	88	 	 	 	 	 	 	 
81032	3	88	 	 	 	 	 	 	 
81033	1	88	 	 	 	 	 	 	 
81033	2	88	 	 	 	 	 	 	 
81033	3	88	 	 	 	 	 	 	 
81034	1	88	 	 	 	 	 	 	 
81034	2	88	 	 	 	 	 	 	 
81034	3	88	 	 	 	 	 	 	 
81035	1	88	 	 	 	 	 	 	 
81035	2	88	 	 	 	 	 	 	 
81035	3	88	 	 	 	 	 	 	 
81036	1	35	 	 	1	 	88	 	 
81036	2	88	 	 	 	 	 	 	 
81036	3	88	 	 	 	 	 	 	 
81037	1	29	 	 	4	 	16	88	 
81037	2	88	 	 	 	 	 	 	 
81037	3	88	 	 	 	 	 	 	 
81038	1	39	 	2	 	 	2	18	88
81038	2	29	3	 	 	 	2	88	 
81038	3	14	 	 	2	 	7	88	 
81039	1	29	 	 	4	 	9	16	88
81039	2	88	 	 	 	 	 	 	 
81039	3	88	 	 	 	 	 	 	 
81040	1	29	 	 	4	 	8	88	 
81040	2	88	 	 	 	 	 	 	 
81040	3	88	 	 	 	 	 	 	 
81041	1	47	 	 	2	2	2	88	 
81041	2	88	 	 	 	 	 	 	 
81041	3	88	 	 	 	 	 	 	 
81042	1	47	 	 	 	2	2	1	88
81042	2	88	 	 	 	 	 	 	 
81042	3	88	 	 	 	 	 	 	 
81043	1	14	 	 	2	 	7	88	 
81043	2	29	 	 	2	 	2	18	88
81043	3	88	 	 	 	 	 	 	 
81044	1	29	 	3	 	 	7	88	 
81044	2	88	 	 	 	 	 	 	 
81044	3	88	 	 	 	 	 	 	 
81045	1	88	 	 	 	 	 	 	 
81045	2	88	 	 	 	 	 	 	 
81045	3	88	 	 	 	 	 	 	 
81046	1	34	 	 	 	4	9	88	 
81046	2	38	 	 	3	 	9	88	 
81046	3	24	 	 	3	 	8	88	 
81047	1	35	 	 	 	4	21	9	88
81047	2	45	 	 	3	 	8	88	 
81047	3	88	 	 	 	 	 	 	 
81048	1	88	 	 	 	 	 	 	 
81048	2	88	 	 	 	 	 	 	 
81048	3	88	 	 	 	 	 	 	 
81049	1	29	 	 	4	 	7	88	 
81049	2	88	 	 	 	 	 	 	 
81049	3	88	 	 	 	 	 	 	 
81050	1	88	 	 	 	 	 	 	 
81050	2	88	 	 	 	 	 	 	 
81050	3	88	 	 	 	 	 	 	 
91001	1	88	 	 	 	 	 	 	 
91001	2	88	 	 	 	 	 	 	 
91001	3	88	 	 	 	 	 	 	 
91002	1	88	 	 	 	 	 	 	 
91002	2	88	 	 	 	 	 	 	 
91002	3	88	 	 	 	 	 	 	 
91003	1	25	 	4	 	 	9	7	88
91003	2	88	 	 	 	 	 	 	 
91003	3	88	 	 	 	 	 	 	 
91004	1	88	 	 	 	 	 	 	 
91004	2	88	 	 	 	 	 	 	 
91004	3	88	 	 	 	 	 	 	 
91005	1	14	 	 	4	 	18	88	 
91005	2	29	 	 	2	 	2	18	88
91005	3	88	 	 	 	 	 	 	 
91006	1	47	 	 	2	2	2	88	 
91006	2	24	 	 	2	 	18	25	88
91006	3	88	 	 	 	 	 	 	 
91007	1	24	 	 	2	2	1	2	9
91007	2	29	2	3	 	 	1	2	18
91007	3	47	 	 	 	3	1	2	22
91008	1	88	 	 	 	 	 	 	 
91008	2	88	 	 	 	 	 	 	 
91008	3	88	 	 	 	 	 	 	 
91009	1	37	 	 	 	4	9	88	 
91009	2	24	 	2	 	 	2	7	88
91009	3	88	 	 	 	 	 	 	 
91010	1	14	 	 	3	 	2	17	7
91010	2	24	 	3	2	3	1	2	7
91010	3	47	 	 	3	2	2	1	7
91012	1	24	 	3	 	 	2	7	88
91012	2	88	 	 	 	 	 	 	 
91012	3	88	 	 	 	 	 	 	 
91013	1	13	 	 	2	 	2	88	 
91013	2	88	 	 	 	 	 	 	 
91013	3	88	 	 	 	 	 	 	 
91014	1	39	 	3	 	 	9	88	 
91014	2	88	 	 	 	 	 	 	 
91014	3	88	 	 	 	 	 	 	 
91015	1	24	 	1	3	3	2	17	7
91015	2	30	 	 	2	 	18	2	7
91015	3	47	 	 	3	3	18	2	20
91016	1	36	 	 	3	 	2	88	 
91016	2	88	 	 	 	 	 	 	 
91016	3	88	 	 	 	 	 	 	 
91017	1	47	 	 	2	 	7	88	 
91017	2	88	 	 	 	 	 	 	 
91017	3	88	 	 	 	 	 	 	 
91018	1	14	 	 	 	4	18	88	 
91018	2	88	 	 	 	 	 	 	 
91018	3	88	 	 	 	 	 	 	 
91019	1	39	 	 	 	4	17	9	88
91019	2	29	4	 	 	 	8	88	 
91019	3	88	 	 	 	 	 	 	 
91020	1	29	 	4	 	 	9	7	88
91020	2	38	 	 	 	3	18	88	 
91020	3	47	3	3	3	3	2	7	88
91021	1	88	 	 	 	 	 	 	 
91021	2	88	 	 	 	 	 	 	 
91021	3	88	 	 	 	 	 	 	 
91022	1	88	 	 	 	 	 	 	 
91022	2	88	 	 	 	 	 	 	 
91022	3	88	 	 	 	 	 	 	 
91023	1	42	 	 	2	 	18	9	7
91023	2	47	 	 	 	2	2	9	7
91023	3	88	 	 	 	 	 	 	 
91025	1	39	 	 	4	 	11	88	 
91025	2	88	 	 	 	 	 	 	 
91025	3	88	 	 	 	 	 	 	 
91026	1	13	 	4	 	 	9	88	 
91026	2	24	2	 	 	 	6	9	88
91026	3	47	4	 	 	4	1	2	6
91027	1	88	 	 	 	 	 	 	 
91027	2	88	 	 	 	 	 	 	 
91027	3	88	 	 	 	 	 	 	 
91028	1	14	 	 	2	 	7	88	 
91028	2	88	 	 	 	 	 	 	 
91028	3	88	 	 	 	 	 	 	 
91029	1	29	2	 	 	 	2	18	6
91029	2	47	 	 	 	3	2	9	7
91029	3	88	 	 	 	 	 	 	 
91030	1	88	 	 	 	 	 	 	 
91030	2	88	 	 	 	 	 	 	 
91030	3	88	 	 	 	 	 	 	 
91033	1	36	 	 	1	 	88	 	 
91033	2	88	 	 	 	 	 	 	 
91033	3	88	 	 	 	 	 	 	 
91034	1	47	 	 	2	2	2	18	88
91034	2	88	 	 	 	 	 	 	 
91034	3	88	 	 	 	 	 	 	 
91036	1	34	4	 	 	 	2	88	 
91036	2	88	 	 	 	 	 	 	 
91036	3	88	 	 	 	 	 	 	 
91037	1	36	2	 	 	 	9	7	88
91037	2	88	 	 	 	 	 	 	 
91037	3	88	 	 	 	 	 	 	 
91039	1	14	 	 	 	4	9	7	88
91039	2	88	 	 	 	 	 	 	 
91039	3	88	 	 	 	 	 	 	 
91040	1	88	 	 	 	 	 	 	 
91040	2	88	 	 	 	 	 	 	 
91040	3	88	 	 	 	 	 	 	 
91041	1	29	 	 	4	 	19	88	 
91041	2	88	 	 	 	 	 	 	 
91041	3	88	 	 	 	 	 	 	 
91042	1	14	 	2	 	 	2	88	 
91042	2	88	 	 	 	 	 	 	 
91042	3	88	 	 	 	 	 	 	 
91043	1	37	 	 	2	 	2	88	 
91043	2	88	 	 	 	 	 	 	 
91043	3	88	 	 	 	 	 	 	 
91044	1	88	 	 	 	 	 	 	 
91044	2	88	 	 	 	 	 	 	 
91044	3	88	 	 	 	 	 	 	 
91045	1	88	 	 	 	 	 	 	 
91045	2	88	 	 	 	 	 	 	 
91045	3	88	 	 	 	 	 	 	 
91046	1	29	 	 	 	4	9	88	 
91046	2	88	 	 	 	 	 	 	 
91046	3	88	 	 	 	 	 	 	 
91047	1	24	 	 	2	 	2	88	 
91047	2	47	 	 	2	 	2	20	88
91047	3	88	 	 	 	 	 	 	 
91049	1	88	 	 	 	 	 	 	 
91049	2	88	 	 	 	 	 	 	 
91049	3	88	 	 	 	 	 	 	 
91050	1	88	 	 	 	 	 	 	 
91050	2	88	 	 	 	 	 	 	 
91050	3	88	 	 	 	 	 	 	 
101001	1	37	 	 	2	 	2	88	 
101001	2	39	 	 	 	2	2	88	 
101001	3	88	 	 	 	 	 	 	 
101003	1	88	 	 	 	 	 	 	 
101003	2	88	 	 	 	 	 	 	 
101003	3	88	 	 	 	 	 	 	 
101004	1	88	 	 	 	 	 	 	 
101004	2	88	 	 	 	 	 	 	 
101004	3	88	 	 	 	 	 	 	 
101005	1	88	 	 	 	 	 	 	 
101005	2	88	 	 	 	 	 	 	 
101005	3	88	 	 	 	 	 	 	 
101006	1	88	 	 	 	 	 	 	 
101006	2	88	 	 	 	 	 	 	 
101006	3	88	 	 	 	 	 	 	 
101008	1	88	 	 	 	 	 	 	 
101008	2	88	 	 	 	 	 	 	 
101008	3	88	 	 	 	 	 	 	 
101009	1	45	 	 	 	4	16	9	17
101009	2	88	 	 	 	 	 	 	 
101009	3	88	 	 	 	 	 	 	 
101011	1	88	 	 	 	 	 	 	 
101011	2	88	 	 	 	 	 	 	 
101011	3	88	 	 	 	 	 	 	 
101012	1	88	 	 	 	 	 	 	 
101012	2	88	 	 	 	 	 	 	 
101012	3	88	 	 	 	 	 	 	 
101013	1	88	 	 	 	 	 	 	 
101013	2	88	 	 	 	 	 	 	 
101013	3	88	 	 	 	 	 	 	 
101017	1	88	 	 	 	 	 	 	 
101017	2	88	 	 	 	 	 	 	 
101017	3	88	 	 	 	 	 	 	 
101018	1	88	 	 	 	 	 	 	 
101018	2	88	 	 	 	 	 	 	 
101018	3	88	 	 	 	 	 	 	 
101019	1	88	 	 	 	 	 	 	 
101019	2	88	 	 	 	 	 	 	 
101019	3	88	 	 	 	 	 	 	 
101020	1	39	 	 	 	2	9	21	88
101020	2	88	 	 	 	 	 	 	 
101020	3	88	 	 	 	 	 	 	 
101021	1	88	 	 	 	 	 	 	 
101021	2	88	 	 	 	 	 	 	 
101021	3	88	 	 	 	 	 	 	 
101022	1	88	 	 	 	 	 	 	 
101022	2	88	 	 	 	 	 	 	 
101022	3	88	 	 	 	 	 	 	 
101023	1	88	 	 	 	 	 	 	 
101023	2	88	 	 	 	 	 	 	 
101023	3	88	 	 	 	 	 	 	 
101024	1	14	 	 	 	4	9	16	88
101024	2	39	 	 	2	 	88	 	 
101024	3	88	 	 	 	 	 	 	 
101025	1	38	 	 	 	2	18	88	 
101025	2	88	 	 	 	 	 	 	 
101025	3	88	 	 	 	 	 	 	 
101026	1	37	1	 	 	 	10	7	88
101026	2	88	 	 	 	 	 	 	 
101026	3	88	 	 	 	 	 	 	 
101027	1	88	 	 	 	 	 	 	 
101027	2	88	 	 	 	 	 	 	 
101027	3	88	 	 	 	 	 	 	 
101028	1	36	 	 	 	4	16	88	 
101028	2	88	 	 	 	 	 	 	 
101028	3	88	 	 	 	 	 	 	 
101030	1	88	 	 	 	 	 	 	 
101030	2	88	 	 	 	 	 	 	 
101030	3	88	 	 	 	 	 	 	 
101031	1	10	 	 	4	 	16	88	 
101031	2	88	 	 	 	 	 	 	 
101031	3	88	 	 	 	 	 	 	 
101032	1	88	 	 	 	 	 	 	 
101032	2	88	 	 	 	 	 	 	 
101032	3	88	 	 	 	 	 	 	 
101033	1	88	 	 	 	 	 	 	 
101033	2	88	 	 	 	 	 	 	 
101033	3	88	 	 	 	 	 	 	 
101034	1	88	 	 	 	 	 	 	 
101034	2	88	 	 	 	 	 	 	 
101034	3	88	 	 	 	 	 	 	 
101035	1	38	 	 	2	 	2	88	 
101035	2	88	 	 	 	 	 	 	 
101035	3	88	 	 	 	 	 	 	 
101037	1	88	 	 	 	 	 	 	 
101037	2	88	 	 	 	 	 	 	 
101037	3	88	 	 	 	 	 	 	 
101038	1	88	 	 	 	 	 	 	 
101038	2	88	 	 	 	 	 	 	 
101038	3	88	 	 	 	 	 	 	 
101039	1	45	 	4	 	 	2	18	88
101039	2	39	 	2	 	 	2	88	 
101039	3	88	 	 	 	 	 	 	 
101040	1	88	 	 	 	 	 	 	 
101040	2	88	 	 	 	 	 	 	 
101040	3	88	 	 	 	 	 	 	 
101041	1	88	 	 	 	 	 	 	 
101041	2	88	 	 	 	 	 	 	 
101041	3	88	 	 	 	 	 	 	 
101042	1	38	 	 	 	2	7	88	 
101042	2	88	 	 	 	 	 	 	 
101042	3	88	 	 	 	 	 	 	 
101043	1	88	 	 	 	 	 	 	 
101043	2	88	 	 	 	 	 	 	 
101043	3	88	 	 	 	 	 	 	 
101044	1	88	 	 	 	 	 	 	 
101044	2	88	 	 	 	 	 	 	 
101044	3	88	 	 	 	 	 	 	 
101045	1	34	 	 	 	4	2	88	 
101045	2	37	 	 	2	4	2	18	88
101045	3	88	 	 	 	 	 	 	 
101046	1	88	 	 	 	 	 	 	 
101046	2	88	 	 	 	 	 	 	 
101046	3	88	 	 	 	 	 	 	 
101047	1	37	 	4	 	 	9	15	2
101047	2	88	 	 	 	 	 	 	 
101047	3	88	 	 	 	 	 	 	 
101048	1	88	 	 	 	 	 	 	 
101048	2	88	 	 	 	 	 	 	 
101048	3	88	 	 	 	 	 	 	 
101049	1	37	4	 	 	 	9	88	 
101049	2	88	 	 	 	 	 	 	 
101049	3	88	 	 	 	 	 	 	 
101050	1	88	 	 	 	 	 	 	 
101050	2	88	 	 	 	 	 	 	 
101050	3	88	 	 	 	 	 	 	 
111001	1	24	 	 	3	2	2	6	8
111001	2	47	 	 	2	2	2	9	8
111001	3	88	 	 	 	 	 	 	 
111002	1	25	 	 	 	2	2	8	17
111002	2	13	 	 	 	3	9	17	2
111002	3	12	 	 	2	2	17	16	2
111003	1	88	 	 	 	 	 	 	 
111003	2	88	 	 	 	 	 	 	 
111003	3	88	 	 	 	 	 	 	 
111004	1	47	 	 	3	3	2	1	18
111004	2	88	 	 	 	 	 	 	 
111004	3	88	 	 	 	 	 	 	 
111005	1	24	 	 	4	 	9	16	17
111005	2	47	 	 	2	3	2	16	17
111005	3	88	 	 	 	 	 	 	 
111006	1	24	 	 	 	2	17	11	9
111006	2	47	 	 	2	2	2	6	9
111006	3	88	 	 	 	 	 	 	 
111007	1	47	 	 	 	2	2	9	88
111007	2	28	 	 	2	 	16	88	 
111007	3	29	 	 	2	 	16	18	88
111008	1	12	 	 	2	2	6	12	2
111008	2	47	 	 	3	2	6	18	2
111008	3	88	 	 	 	 	 	 	 
111009	1	14	 	 	 	4	17	9	16
111009	2	13	 	2	 	 	21	20	17
111009	3	47	1	 	 	 	2	17	18
111010	1	12	2	2	3	4	2	12	88
111010	2	47	2	1	2	3	15	8	88
111010	3	24	 	3	4	 	18	22	88
111011	1	88	 	 	 	 	 	 	 
111011	2	88	 	 	 	 	 	 	 
111011	3	88	 	 	 	 	 	 	 
111012	1	88	 	 	 	 	 	 	 
111012	2	88	 	 	 	 	 	 	 
111012	3	88	 	 	 	 	 	 	 
111013	1	12	 	 	2	 	9	10	7
111013	2	47	 	 	2	 	17	16	7
111013	3	24	 	 	2	 	16	18	7
111014	1	12	 	 	3	 	2	17	18
111014	2	47	 	 	 	2	1	2	88
111014	3	88	 	 	 	 	 	 	 
111015	1	12	 	 	2	2	2	9	77
111015	2	35	 	 	4	 	12	8	18
111015	3	88	 	 	 	 	 	 	 
111016	1	47	 	 	2	2	17	2	18
111016	2	88	 	 	 	 	 	 	 
111016	3	88	 	 	 	 	 	 	 
111017	1	45	4	 	 	 	9	16	20
111017	2	1	3	 	 	 	17	8	16
111017	3	37	4	 	 	 	9	2	17
111018	1	13	 	 	 	3	2	17	9
111018	2	24	3	 	 	 	2	9	88
111018	3	47	 	 	 	2	2	88	 
111019	1	24	4	4	 	 	11	17	18
111019	2	47	 	 	2	2	22	2	88
111019	3	12	3	3	3	 	10	17	16
111020	1	24	 	4	4	 	12	6	17
111020	2	12	 	 	4	 	12	27	6
111020	3	47	 	 	2	2	2	27	6
111021	1	12	 	 	 	2	2	9	88
111021	2	47	 	 	2	2	2	16	18
111021	3	88	 	 	 	 	 	 	 
111022	1	29	 	1	1	 	16	88	 
111022	2	88	 	 	 	 	 	 	 
111022	3	88	 	 	 	 	 	 	 
111023	1	24	 	 	4	 	2	18	17
111023	2	47	 	 	 	2	2	17	88
111023	3	88	 	 	 	 	 	 	 
111024	1	24	 	 	3	 	2	18	16
111024	2	14	 	 	2	 	2	6	16
111024	3	47	 	 	 	2	2	17	18
111025	1	47	 	 	2	2	2	16	88
111025	2	29	 	 	2	 	2	9	18
111025	3	88	 	 	 	 	 	 	 
111026	1	47	 	 	2	 	2	16	88
111026	2	14	 	 	 	3	9	2	88
111026	3	29	 	 	2	 	2	10	11
111027	1	88	 	 	 	 	 	 	 
111027	2	88	 	 	 	 	 	 	 
111027	3	88	 	 	 	 	 	 	 
111028	1	29	 	 	 	4	16	18	24
111028	2	47	 	 	2	2	2	6	17
111028	3	14	 	 	 	3	2	18	22
111029	1	47	 	 	 	2	2	18	17
111029	2	28	 	 	2	 	2	10	18
111029	3	29	 	 	2	 	2	16	10
111030	1	47	 	 	 	2	2	9	18
111030	2	88	 	 	 	 	 	 	 
111030	3	88	 	 	 	 	 	 	 
111031	1	47	 	 	 	2	2	18	8
111031	2	88	 	 	 	 	 	 	 
111031	3	88	 	 	 	 	 	 	 
111032	1	24	 	 	 	2	17	2	6
111032	2	88	 	 	 	 	 	 	 
111032	3	88	 	 	 	 	 	 	 
111033	1	24	2	2	3	 	18	15	22
111033	2	28	3	3	 	 	24	88	 
111033	3	47	 	 	2	1	2	18	88
111034	1	12	3	3	3	 	2	16	18
111034	2	24	 	3	4	 	16	12	22
111034	3	29	 	 	4	 	16	10	18
111035	1	24	4	4	 	 	2	15	18
111035	2	37	 	4	 	 	27	16	15
111035	3	47	 	 	2	2	2	9	88
111036	1	28	 	 	 	2	2	10	8
111036	2	47	 	 	 	2	2	8	18
111036	3	88	 	 	 	 	 	 	 
111038	1	24	 	 	4	 	2	10	22
111038	2	47	 	 	2	 	2	17	88
111038	3	88	 	 	 	 	 	 	 
111039	1	28	4	 	 	 	16	17	8
111039	2	13	 	 	 	2	17	20	21
111039	3	47	 	 	 	1	2	17	22
111040	1	28	4	 	 	 	10	17	88
111040	2	13	 	3	 	 	17	16	21
111040	3	39	 	 	 	3	17	20	88
111041	1	24	 	4	 	 	6	18	16
111041	2	47	 	 	2	2	2	6	18
111041	3	88	 	 	 	 	 	 	 
111044	1	88	 	 	 	 	 	 	 
111044	2	88	 	 	 	 	 	 	 
111044	3	88	 	 	 	 	 	 	 
111045	1	47	 	 	2	2	2	88	 
111045	2	88	 	 	 	 	 	 	 
111045	3	88	 	 	 	 	 	 	 
111046	1	47	 	 	 	2	17	18	88
111046	2	88	 	 	 	 	 	 	 
111046	3	88	 	 	 	 	 	 	 
111047	1	24	 	3	3	 	10	2	18
111047	2	47	 	 	 	2	2	18	9
111047	3	28	 	 	2	 	2	9	6
111048	1	24	 	 	4	 	2	15	10
111048	2	12	 	 	3	 	2	10	16
111048	3	88	 	 	 	 	 	 	 
111049	1	28	 	 	4	 	17	2	9
111049	2	88	 	 	 	 	 	 	 
111049	3	88	 	 	 	 	 	 	 
111050	1	24	2	2	2	4	2	13	16
111050	2	12	 	 	2	4	16	21	2
111050	3	13	 	 	2	4	2	88	 
111051	1	12	2	2	2	2	17	16	2
111051	2	47	 	 	2	2	2	9	88
111051	3	24	 	 	4	 	8	9	18
111053	1	1	 	 	3	 	2	8	9
111053	2	24	 	3	 	 	2	8	5
111053	3	25	3	 	 	 	2	5	8
111054	1	47	 	 	2	2	2	17	16
111054	2	88	 	 	 	 	 	 	 
111054	3	88	 	 	 	 	 	 	 
111055	1	38	 	 	4	4	17	16	88
111055	2	24	 	 	3	2	17	2	18
111055	3	88	 	 	 	 	 	 	 
111056	1	47	 	 	2	3	2	16	18
111056	2	88	 	 	 	 	 	 	 
111056	3	88	 	 	 	 	 	 	 
111057	1	29	 	 	2	 	5	88	 
111057	2	88	 	 	 	 	 	 	 
111057	3	88	 	 	 	 	 	 	 
121001	1	39	 	 	 	4	17	88	 
121001	2	88	 	 	 	 	 	 	 
121001	3	88	 	 	 	 	 	 	 
121002	1	14	 	2	2	3	9	13	2
121002	2	31	 	 	2	2	9	13	2
121002	3	47	 	 	 	2	2	9	8
121003	1	29	 	 	 	4	2	10	18
121003	2	47	 	 	 	2	2	17	16
121003	3	88	 	 	 	 	 	 	 
121004	1	29	4	4	 	 	13	16	23
121004	2	24	4	4	 	 	16	13	88
121004	3	47	 	 	2	2	2	17	88
121005	1	47	 	 	2	3	2	16	88
121005	2	88	 	 	 	 	 	 	 
121005	3	88	 	 	 	 	 	 	 
121006	1	47	 	 	 	2	2	18	88
121006	2	41	 	 	 	2	2	18	88
121006	3	88	 	 	 	 	 	 	 
121007	1	29	 	 	2	 	9	88	 
121007	2	88	 	 	 	 	 	 	 
121007	3	88	 	 	 	 	 	 	 
121008	1	47	 	 	2	2	2	17	88
121008	2	88	 	 	 	 	 	 	 
121008	3	88	 	 	 	 	 	 	 
121009	1	39	 	 	2	 	9	2	18
121009	2	47	 	 	 	2	2	18	88
121009	3	88	 	 	 	 	 	 	 
121010	1	47	 	 	 	2	2	17	16
121010	2	88	 	 	 	 	 	 	 
121010	3	88	 	 	 	 	 	 	 
121011	1	47	 	 	2	2	2	88	 
121011	2	88	 	 	 	 	 	 	 
121011	3	88	 	 	 	 	 	 	 
121012	1	29	 	 	2	2	5	88	 
121012	2	88	 	 	 	 	 	 	 
121012	3	88	 	 	 	 	 	 	 
121013	1	88	 	 	 	 	 	 	 
121013	2	88	 	 	 	 	 	 	 
121013	3	88	 	 	 	 	 	 	 
121014	1	37	 	 	4	2	9	17	88
121014	2	47	 	 	2	2	2	16	88
121014	3	24	 	 	4	 	9	16	17
121015	1	13	 	 	 	4	2	16	17
121015	2	12	 	 	2	2	2	16	88
121015	3	28	 	 	 	4	2	17	16
121016	1	23	3	3	3	3	9	8	18
121016	2	47	 	 	 	2	2	18	9
121016	3	88	 	 	 	 	 	 	 
121017	1	12	 	 	2	2	2	17	18
121017	2	28	 	 	2	 	2	17	18
121017	3	29	 	 	2	 	2	10	88
121018	1	47	 	 	 	2	17	2	9
121018	2	88	 	 	 	 	 	 	 
121018	3	88	 	 	 	 	 	 	 
121019	1	10	 	3	 	 	2	6	12
121019	2	47	 	 	 	2	2	15	18
121019	3	88	 	 	 	 	 	 	 
121020	1	47	 	 	 	2	2	18	16
121020	2	29	 	 	2	 	2	10	16
121020	3	37	2	 	 	 	2	16	18
121021	1	24	4	 	3	3	9	11	16
121021	2	37	4	 	 	 	9	11	88
121021	3	47	 	 	2	2	2	9	88
121022	1	47	 	 	2	2	2	88	 
121022	2	88	 	 	 	 	 	 	 
121022	3	88	 	 	 	 	 	 	 
121023	1	29	4	4	 	 	9	11	16
121023	2	37	 	 	 	4	16	13	9
121023	3	24	 	 	3	4	9	16	2
121024	1	25	 	 	 	4	17	20	22
121024	2	13	 	 	4	4	18	9	2
121024	3	24	 	 	3	3	17	21	22
121025	1	38	 	 	 	3	23	2	18
121025	2	47	 	 	2	2	2	18	9
121025	3	88	 	 	 	 	 	 	 
121026	1	29	 	 	2	 	6	88	 
121026	2	24	 	 	2	 	18	88	 
121026	3	88	 	 	 	 	 	 	 
121027	1	39	3	3	4	4	9	13	16
121027	2	24	 	2	2	 	17	16	9
121027	3	47	 	 	 	2	2	17	88
121028	1	47	 	 	 	2	2	18	88
121028	2	29	 	 	2	 	2	18	10
121028	3	28	 	 	2	 	2	16	88
121029	1	24	4	4	4	 	16	6	9
121029	2	47	 	 	 	2	2	88	 
121029	3	14	 	 	 	2	7	88	 
121030	1	47	 	 	 	2	2	18	88
121030	2	14	 	 	 	2	2	16	18
121030	3	29	 	 	2	 	2	10	20
121031	1	38	 	 	 	2	11	88	 
121031	2	88	 	 	 	 	 	 	 
121031	3	88	 	 	 	 	 	 	 
121032	1	29	 	 	3	3	10	9	8
121032	2	47	 	 	 	2	2	9	18
121032	3	88	 	 	 	 	 	 	 
121033	1	24	 	 	2	2	2	6	15
121033	2	47	 	 	2	2	2	16	18
121033	3	88	 	 	 	 	 	 	 
121034	1	47	 	 	 	2	2	9	8
121034	2	16	 	3	 	 	9	16	18
121034	3	88	 	 	 	 	 	 	 
121035	1	38	4	4	4	4	16	17	18
121035	2	24	 	 	 	4	9	16	2
121035	3	47	 	 	 	2	2	88	 
121036	1	13	 	 	2	 	18	2	16
121036	2	47	 	 	 	2	2	16	18
121036	3	29	 	 	2	 	2	10	16
121037	1	47	 	 	 	2	2	9	88
121037	2	24	 	 	 	3	16	9	12
121037	3	88	 	 	 	 	 	 	 
121038	1	14	 	3	 	 	5	16	18
121038	2	29	 	 	3	 	10	16	18
121038	3	47	 	 	 	2	2	18	9
121039	1	29	 	 	4	 	2	6	20
121039	2	39	 	 	 	4	9	11	6
121039	3	37	3	 	 	 	2	9	16
121040	1	47	 	 	 	2	22	18	20
121040	2	14	 	 	2	 	2	20	18
121040	3	88	 	 	 	 	 	 	 
121041	1	14	 	 	3	 	13	9	8
121041	2	24	 	 	 	3	9	6	18
121041	3	47	 	 	2	 	2	9	18
121042	1	47	 	 	2	2	2	21	16
121042	2	24	 	 	 	4	9	6	2
121042	3	88	 	 	 	 	 	 	 
121043	1	24	 	 	2	 	2	18	9
121043	2	47	 	 	 	2	22	18	9
121043	3	88	 	 	 	 	 	 	 
121044	1	47	 	 	 	2	2	16	18
121044	2	29	 	 	2	 	2	22	9
121044	3	88	 	 	 	 	 	 	 
121045	1	47	 	 	 	2	2	18	88
121045	2	88	 	 	 	 	 	 	 
121045	3	88	 	 	 	 	 	 	 
121046	1	47	 	 	 	2	2	18	17
121046	2	88	 	 	 	 	 	 	 
121046	3	88	 	 	 	 	 	 	 
121047	1	47	 	 	2	2	17	2	18
121047	2	24	 	 	2	2	2	17	88
121047	3	88	 	 	 	 	 	 	 
121048	1	37	2	 	 	 	9	16	8
121048	2	47	 	 	2	2	2	9	18
121048	3	88	 	 	 	 	 	 	 
121049	1	29	 	 	4	 	9	10	16
121049	2	24	 	3	3	3	17	16	2
121049	3	47	 	 	 	2	2	88	 
121050	1	29	 	 	4	 	17	10	21
121050	2	13	 	 	4	2	9	22	18
121050	3	23	 	2	 	 	8	9	17
131001	1	24	4	4	 	 	9	11	12
131001	2	47	 	 	2	2	2	17	9
131001	3	88	 	 	 	 	 	 	 
131002	1	47	 	 	 	2	9	18	17
131002	2	88	 	 	 	 	 	 	 
131002	3	88	 	 	 	 	 	 	 
131003	1	24	 	 	4	4	2	12	17
131003	2	47	 	 	 	2	2	18	17
131003	3	88	 	 	 	 	 	 	 
131004	1	47	 	 	 	2	17	7	88
131004	2	88	 	 	 	 	 	 	 
131004	3	88	 	 	 	 	 	 	 
131005	1	29	 	4	4	 	17	10	21
131005	2	24	 	2	2	2	16	9	18
131005	3	47	 	2	2	2	17	2	18
131006	1	14	 	4	 	 	16	17	18
131006	2	39	 	 	2	 	9	11	16
131006	3	47	 	 	 	2	2	17	88
131008	1	39	 	 	3	 	17	16	9
131008	2	47	 	 	 	2	2	9	88
131008	3	88	 	 	 	 	 	 	 
131009	1	47	 	 	 	2	9	17	88
131009	2	88	 	 	 	 	 	 	 
131009	3	88	 	 	 	 	 	 	 
131010	1	29	 	 	4	2	17	16	10
131010	2	47	 	 	2	2	2	17	16
131010	3	88	 	 	 	 	 	 	 
131011	1	28	 	 	3	3	10	2	8
131011	2	47	 	 	 	2	2	18	9
131011	3	88	 	 	 	 	 	 	 
131012	1	47	 	 	2	1	2	17	88
131012	2	88	 	 	 	 	 	 	 
131012	3	88	 	 	 	 	 	 	 
131013	1	38	3	 	 	 	17	16	18
131013	2	47	 	 	 	2	2	9	18
131013	3	88	 	 	 	 	 	 	 
131014	1	29	 	 	2	2	9	88	 
131014	2	88	 	 	 	 	 	 	 
131014	3	88	 	 	 	 	 	 	 
131015	1	24	 	 	3	3	2	10	12
131015	2	42	 	 	 	2	2	12	16
131015	3	47	 	 	 	2	13	2	17
131016	1	47	 	 	 	2	17	88	 
131016	2	88	 	 	 	 	 	 	 
131016	3	88	 	 	 	 	 	 	 
131017	1	47	 	 	 	2	9	18	88
131017	2	88	 	 	 	 	 	 	 
131017	3	88	 	 	 	 	 	 	 
131018	1	47	 	 	3	2	2	12	18
131018	2	88	 	 	 	 	 	 	 
131018	3	88	 	 	 	 	 	 	 
131019	1	39	4	 	 	 	2	6	9
131019	2	28	 	 	2	 	10	12	18
131019	3	47	 	 	 	2	2	8	18
131020	1	24	 	 	4	 	6	10	18
131020	2	47	 	 	2	2	2	12	16
131020	3	88	 	 	 	 	 	 	 
131021	1	24	4	4	 	 	9	16	18
131021	2	47	 	 	 	2	2	17	88
131021	3	14	2	 	 	 	16	17	2
131022	1	36	 	 	2	 	12	11	6
131022	2	29	 	 	3	 	10	8	18
131022	3	88	 	 	 	 	 	 	 
131023	1	29	 	4	4	4	10	20	2
131023	2	14	 	 	 	2	17	20	2
131023	3	88	 	 	 	 	 	 	 
131024	1	39	 	 	3	 	9	16	8
131024	2	29	 	 	3	3	10	9	18
131024	3	47	 	 	 	2	9	18	8
131025	1	38	 	 	 	4	16	8	9
131025	2	24	 	 	2	 	8	2	9
131025	3	47	 	 	 	2	2	8	9
131026	1	14	 	 	4	4	17	9	2
131026	2	31	 	 	3	 	9	18	16
131026	3	24	 	 	 	2	16	17	2
131027	1	45	 	 	 	4	9	21	16
131027	2	38	 	 	3	 	9	17	18
131027	3	37	 	 	3	 	17	2	9
131028	1	29	 	 	2	2	9	88	 
131028	2	88	 	 	 	 	 	 	 
131028	3	88	 	 	 	 	 	 	 
131029	1	14	 	 	 	3	9	18	20
131029	2	29	 	 	 	2	18	2	9
131029	3	38	 	 	 	2	17	9	16
131030	1	29	 	 	3	3	9	18	16
131030	2	47	 	 	 	2	2	9	18
131030	3	88	 	 	 	 	 	 	 
131031	1	12	 	 	 	2	2	6	18
131031	2	88	 	 	 	 	 	 	 
131031	3	88	 	 	 	 	 	 	 
131032	1	24	 	 	3	 	9	16	18
131032	2	29	3	3	3	3	16	17	2
131032	3	47	 	 	2	 	2	17	9
131034	1	14	 	 	4	4	2	18	16
131034	2	47	 	 	 	2	2	17	88
131034	3	88	 	 	 	 	 	 	 
131035	1	24	 	 	 	4	2	10	18
131035	2	47	 	 	 	2	2	17	88
131035	3	88	 	 	 	 	 	 	 
131036	1	47	 	 	 	2	2	17	18
131036	2	88	 	 	 	 	 	 	 
131036	3	88	 	 	 	 	 	 	 
131037	1	24	 	2	2	 	18	17	15
131037	2	88	 	 	 	 	 	 	 
131037	3	88	 	 	 	 	 	 	 
131038	1	39	 	 	2	 	2	6	9
131038	2	47	 	 	 	2	1	9	18
131038	3	88	 	 	 	 	 	 	 
131039	1	29	3	3	3	3	10	13	16
131039	2	24	3	4	 	 	16	10	18
131039	3	47	 	 	2	 	2	17	88
131040	1	29	 	 	1	2	17	88	 
131040	2	88	 	 	 	 	 	 	 
131040	3	88	 	 	 	 	 	 	 
131041	1	41	 	 	 	3	9	16	18
131041	2	47	 	 	2	2	2	9	18
131041	3	88	 	 	 	 	 	 	 
131042	1	24	 	 	4	 	9	16	18
131042	2	38	 	 	3	3	9	16	18
131042	3	47	 	 	2	2	2	17	88
131043	1	29	 	 	2	 	10	88	 
131043	2	88	 	 	 	 	 	 	 
131043	3	88	 	 	 	 	 	 	 
131044	1	24	 	 	 	2	17	24	88
131044	2	12	 	 	2	2	24	2	88
131044	3	88	 	 	 	 	 	 	 
131045	1	29	 	 	 	4	2	9	88
131045	2	13	 	 	 	2	8	10	88
131045	3	47	 	 	2	 	2	9	88
131046	1	29	 	3	 	 	9	10	8
131046	2	47	 	 	 	2	2	18	9
131046	3	88	 	 	 	 	 	 	 
131047	1	24	3	 	 	 	9	16	2
131047	2	47	 	 	2	 	2	17	88
131047	3	88	 	 	 	 	 	 	 
131048	1	29	 	 	2	2	18	88	 
131048	2	39	 	 	2	 	9	88	 
131048	3	88	 	 	 	 	 	 	 
131049	1	38	 	4	 	 	16	11	18
131049	2	47	 	 	 	2	2	17	88
131049	3	88	 	 	 	 	 	 	 
131050	1	37	 	 	 	3	2	9	16
131050	2	47	 	 	 	2	2	18	9
131050	3	88	 	 	 	 	 	 	 
141001	1	47	 	 	 	2	2	88	 
141001	2	88	 	 	 	 	 	 	 
141001	3	88	 	 	 	 	 	 	 
141002	1	47	 	 	 	1	2	7	88
141002	2	88	 	 	 	 	 	 	 
141002	3	88	 	 	 	 	 	 	 
141003	1	39	 	 	 	2	17	88	 
141003	2	88	 	 	 	 	 	 	 
141003	3	88	 	 	 	 	 	 	 
141004	1	47	 	 	 	1	2	7	88
141004	2	88	 	 	 	 	 	 	 
141004	3	88	 	 	 	 	 	 	 
141005	1	38	 	 	 	3	16	17	9
141005	2	88	 	 	 	 	 	 	 
141005	3	88	 	 	 	 	 	 	 
141006	1	37	 	2	 	 	17	88	 
141006	2	88	 	 	 	 	 	 	 
141006	3	88	 	 	 	 	 	 	 
141007	1	37	 	 	2	 	9	88	 
141007	2	88	 	 	 	 	 	 	 
141007	3	88	 	 	 	 	 	 	 
141008	1	45	4	 	4	 	16	17	9
141008	2	88	 	 	 	 	 	 	 
141008	3	88	 	 	 	 	 	 	 
141009	1	88	 	 	 	 	 	 	 
141009	2	88	 	 	 	 	 	 	 
141009	3	88	 	 	 	 	 	 	 
141010	1	38	 	 	 	2	1	2	88
141010	2	88	 	 	 	 	 	 	 
141010	3	88	 	 	 	 	 	 	 
141011	1	88	 	 	 	 	 	 	 
141011	2	88	 	 	 	 	 	 	 
141011	3	88	 	 	 	 	 	 	 
141012	1	47	 	 	 	2	2	9	88
141012	2	88	 	 	 	 	 	 	 
141012	3	88	 	 	 	 	 	 	 
141013	1	39	 	 	2	 	2	9	7
141013	2	47	 	 	1	1	2	7	88
141013	3	88	 	 	 	 	 	 	 
141014	1	37	 	2	2	 	17	16	88
141014	2	88	 	 	 	 	 	 	 
141014	3	88	 	 	 	 	 	 	 
141015	1	47	 	 	2	2	2	7	88
141015	2	88	 	 	 	 	 	 	 
141015	3	88	 	 	 	 	 	 	 
141016	1	88	 	 	 	 	 	 	 
141016	2	88	 	 	 	 	 	 	 
141016	3	88	 	 	 	 	 	 	 
141017	1	34	 	2	 	 	2	9	88
141017	2	88	 	 	 	 	 	 	 
141017	3	88	 	 	 	 	 	 	 
141018	1	88	 	 	 	 	 	 	 
141018	2	88	 	 	 	 	 	 	 
141018	3	88	 	 	 	 	 	 	 
141020	1	45	 	 	 	4	9	17	88
141020	2	88	 	 	 	 	 	 	 
141020	3	88	 	 	 	 	 	 	 
141021	1	88	 	 	 	 	 	 	 
141021	2	88	 	 	 	 	 	 	 
141021	3	88	 	 	 	 	 	 	 
141022	1	45	 	 	2	 	9	88	 
141022	2	88	 	 	 	 	 	 	 
141022	3	88	 	 	 	 	 	 	 
141023	1	39	 	 	 	2	2	7	88
141023	2	47	 	 	 	1	2	7	88
141023	3	88	 	 	 	 	 	 	 
141024	1	88	 	 	 	 	 	 	 
141024	2	88	 	 	 	 	 	 	 
141024	3	88	 	 	 	 	 	 	 
141025	1	39	 	2	 	 	17	88	 
141025	2	88	 	 	 	 	 	 	 
141025	3	88	 	 	 	 	 	 	 
141026	1	47	 	 	 	1	2	7	88
141026	2	88	 	 	 	 	 	 	 
141026	3	88	 	 	 	 	 	 	 
141027	1	36	 	 	2	 	1	9	88
141027	2	88	 	 	 	 	 	 	 
141027	3	88	 	 	 	 	 	 	 
141028	1	88	 	 	 	 	 	 	 
141028	2	88	 	 	 	 	 	 	 
141028	3	88	 	 	 	 	 	 	 
141029	1	47	 	 	 	1	7	88	 
141029	2	88	 	 	 	 	 	 	 
141029	3	88	 	 	 	 	 	 	 
141030	1	88	 	 	 	 	 	 	 
141030	2	88	 	 	 	 	 	 	 
141030	3	88	 	 	 	 	 	 	 
141031	1	88	 	 	 	 	 	 	 
141031	2	88	 	 	 	 	 	 	 
141031	3	88	 	 	 	 	 	 	 
141032	1	88	 	 	 	 	 	 	 
141032	2	88	 	 	 	 	 	 	 
141032	3	88	 	 	 	 	 	 	 
141033	1	88	 	 	 	 	 	 	 
141033	2	88	 	 	 	 	 	 	 
141033	3	88	 	 	 	 	 	 	 
141034	1	45	 	4	 	 	16	17	18
141034	2	47	 	 	2	2	2	18	88
141034	3	88	 	 	 	 	 	 	 
141035	1	88	 	 	 	 	 	 	 
141035	2	88	 	 	 	 	 	 	 
141035	3	88	 	 	 	 	 	 	 
141036	1	37	 	2	 	 	16	88	 
141036	2	88	 	 	 	 	 	 	 
141036	3	88	 	 	 	 	 	 	 
141037	1	34	2	 	 	 	18	9	88
141037	2	88	 	 	 	 	 	 	 
141037	3	88	 	 	 	 	 	 	 
141038	1	34	 	2	 	 	2	9	88
141038	2	36	 	 	2	 	9	88	 
141038	3	88	 	 	 	 	 	 	 
141040	1	39	 	 	4	 	16	9	17
141040	2	38	 	 	 	3	16	9	18
141040	3	47	 	 	2	2	2	18	88
141041	1	39	 	 	 	2	16	17	88
141041	2	38	 	 	2	 	17	16	88
141041	3	88	 	 	 	 	 	 	 
141042	1	47	 	 	1	1	2	7	88
141042	2	88	 	 	 	 	 	 	 
141042	3	88	 	 	 	 	 	 	 
141043	1	88	 	 	 	 	 	 	 
141043	2	88	 	 	 	 	 	 	 
141043	3	88	 	 	 	 	 	 	 
141044	1	37	 	 	 	2	16	88	 
141044	2	38	 	 	 	2	16	88	 
141044	3	88	 	 	 	 	 	 	 
141045	1	88	 	 	 	 	 	 	 
141045	2	88	 	 	 	 	 	 	 
141045	3	88	 	 	 	 	 	 	 
141046	1	36	 	 	 	3	17	16	88
141046	2	88	 	 	 	 	 	 	 
141046	3	88	 	 	 	 	 	 	 
141047	1	45	 	 	 	2	2	1	88
141047	2	88	 	 	 	 	 	 	 
141047	3	88	 	 	 	 	 	 	 
141048	1	47	 	 	 	2	1	9	88
141048	2	88	 	 	 	 	 	 	 
141048	3	88	 	 	 	 	 	 	 
141049	1	88	 	 	 	 	 	 	 
141049	2	88	 	 	 	 	 	 	 
141049	3	88	 	 	 	 	 	 	 
141050	1	88	 	 	 	 	 	 	 
141050	2	88	 	 	 	 	 	 	 
141050	3	88	 	 	 	 	 	 	 
151001	1	29	4	3	 	 	10	17	88
151001	2	88	 	 	 	 	 	 	 
151001	3	88	 	 	 	 	 	 	 
151002	1	34	 	2	 	 	2	22	88
151002	2	88	 	 	 	 	 	 	 
151002	3	88	 	 	 	 	 	 	 
151003	1	12	 	 	 	2	2	22	88
151003	2	47	 	 	 	2	2	9	88
151003	3	88	 	 	 	 	 	 	 
151004	1	25	 	3	 	 	2	9	7
151004	2	29	 	2	 	 	2	7	88
151004	3	47	 	 	2	2	2	7	88
151005	1	27	 	 	3	 	10	8	12
151005	2	29	 	 	3	 	8	7	88
151005	3	47	 	 	 	2	2	7	88
151006	1	37	2	2	2	2	2	88	 
151006	2	45	 	 	4	 	9	22	88
151006	3	88	 	 	 	 	 	 	 
151007	1	39	 	 	3	 	21	18	9
151007	2	41	 	2	 	 	9	7	88
151007	3	47	 	2	2	2	2	7	88
151008	1	29	 	2	 	 	9	88	 
151008	2	88	 	 	 	 	 	 	 
151008	3	88	 	 	 	 	 	 	 
151009	1	88	 	 	 	 	 	 	 
151009	2	88	 	 	 	 	 	 	 
151009	3	88	 	 	 	 	 	 	 
151010	1	42	 	 	4	3	16	17	88
151010	2	38	 	 	3	 	16	88	 
151010	3	88	 	 	 	 	 	 	 
151011	1	25	 	 	4	 	9	2	22
151011	2	47	 	 	3	2	2	7	88
151011	3	88	 	 	 	 	 	 	 
151012	1	29	 	 	2	 	9	88	 
151012	2	88	 	 	 	 	 	 	 
151012	3	88	 	 	 	 	 	 	 
151013	1	29	 	 	4	 	16	18	88
151013	2	47	 	 	 	2	7	88	 
151013	3	88	 	 	 	 	 	 	 
151014	1	39	 	 	2	 	8	88	 
151014	2	47	 	 	2	2	2	7	88
151014	3	88	 	 	 	 	 	 	 
151015	1	25	 	4	4	 	20	2	88
151015	2	29	 	3	3	 	20	2	88
151015	3	88	 	 	 	 	 	 	 
151016	1	88	 	 	 	 	 	 	 
151016	2	88	 	 	 	 	 	 	 
151016	3	88	 	 	 	 	 	 	 
151017	1	29	 	 	4	 	16	18	88
151017	2	39	 	 	 	2	16	88	 
151017	3	88	 	 	 	 	 	 	 
151018	1	88	 	 	 	 	 	 	 
151018	2	88	 	 	 	 	 	 	 
151018	3	88	 	 	 	 	 	 	 
151019	1	12	 	 	 	2	2	18	88
151019	2	47	 	 	 	2	2	22	88
151019	3	88	 	 	 	 	 	 	 
151020	1	38	3	 	 	 	16	9	88
151020	2	47	 	 	2	2	2	88	 
151020	3	88	 	 	 	 	 	 	 
151021	1	28	 	4	 	 	16	18	2
151021	2	47	 	 	2	2	2	88	 
151021	3	88	 	 	 	 	 	 	 
151022	1	47	 	 	 	2	2	22	88
151022	2	88	 	 	 	 	 	 	 
151022	3	88	 	 	 	 	 	 	 
151023	1	88	 	 	 	 	 	 	 
151023	2	88	 	 	 	 	 	 	 
151023	3	88	 	 	 	 	 	 	 
151024	1	28	 	 	3	 	9	18	88
151024	2	47	 	 	2	2	2	22	88
151024	3	88	 	 	 	 	 	 	 
151025	1	34	 	4	 	 	20	27	2
151025	2	25	 	 	3	 	2	88	 
151025	3	88	 	 	 	 	 	 	 
151026	1	47	 	 	 	2	2	9	88
151026	2	88	 	 	 	 	 	 	 
151026	3	88	 	 	 	 	 	 	 
151027	1	88	 	 	 	 	 	 	 
151027	2	88	 	 	 	 	 	 	 
151027	3	88	 	 	 	 	 	 	 
151028	1	39	 	2	 	 	23	9	88
151028	2	88	 	 	 	 	 	 	 
151028	3	88	 	 	 	 	 	 	 
151029	1	23	 	3	 	 	16	88	 
151029	2	14	 	3	 	 	7	88	 
151029	3	88	 	 	 	 	 	 	 
151030	1	88	 	 	 	 	 	 	 
151030	2	88	 	 	 	 	 	 	 
151030	3	88	 	 	 	 	 	 	 
151031	1	47	 	 	 	2	2	22	88
151031	2	88	 	 	 	 	 	 	 
151031	3	88	 	 	 	 	 	 	 
151032	1	47	 	 	 	2	2	22	88
151032	2	88	 	 	 	 	 	 	 
151032	3	88	 	 	 	 	 	 	 
151033	1	88	 	 	 	 	 	 	 
151033	2	88	 	 	 	 	 	 	 
151033	3	88	 	 	 	 	 	 	 
151034	1	12	 	 	 	1	2	7	88
151034	2	88	 	 	 	 	 	 	 
151034	3	88	 	 	 	 	 	 	 
151035	1	29	 	 	3	 	2	7	88
151035	2	47	 	 	 	2	2	7	88
151035	3	88	 	 	 	 	 	 	 
151036	1	29	 	2	 	 	9	10	88
151036	2	88	 	 	 	 	 	 	 
151036	3	88	 	 	 	 	 	 	 
151037	1	47	 	 	 	2	2	6	88
151037	2	88	 	 	 	 	 	 	 
151037	3	88	 	 	 	 	 	 	 
151038	1	47	 	 	 	2	2	17	88
151038	2	88	 	 	 	 	 	 	 
151038	3	88	 	 	 	 	 	 	 
151039	1	25	 	3	4	 	16	2	88
151039	2	12	 	 	2	2	16	88	 
151039	3	88	 	 	 	 	 	 	 
151040	1	88	 	 	 	 	 	 	 
151040	2	88	 	 	 	 	 	 	 
151040	3	88	 	 	 	 	 	 	 
151041	1	29	 	2	2	 	9	8	22
151041	2	88	 	 	 	 	 	 	 
151041	3	88	 	 	 	 	 	 	 
151042	1	25	 	 	2	 	16	88	 
151042	2	47	 	 	2	2	2	88	 
151042	3	88	 	 	 	 	 	 	 
151043	1	36	 	4	 	 	16	9	88
151043	2	47	 	 	2	2	2	88	 
151043	3	88	 	 	 	 	 	 	 
151044	1	88	 	 	 	 	 	 	 
151044	2	88	 	 	 	 	 	 	 
151044	3	88	 	 	 	 	 	 	 
151045	1	29	 	4	 	 	17	18	21
151045	2	37	 	 	3	3	20	16	88
151045	3	88	 	 	 	 	 	 	 
151046	1	37	 	 	2	 	8	88	 
151046	2	88	 	 	 	 	 	 	 
151046	3	88	 	 	 	 	 	 	 
151047	1	47	 	 	 	2	2	22	88
151047	2	88	 	 	 	 	 	 	 
151047	3	88	 	 	 	 	 	 	 
151048	1	29	4	4	 	 	16	18	2
151048	2	47	 	 	2	2	2	88	 
151048	3	88	 	 	 	 	 	 	 
151049	1	34	 	 	4	 	16	9	88
151049	2	88	 	 	 	 	 	 	 
151049	3	88	 	 	 	 	 	 	 
161001	1	47	 	 	2	2	2	88	 
161001	2	88	 	 	 	 	 	 	 
161001	3	88	 	 	 	 	 	 	 
161002	1	12	 	 	 	1	2	18	88
161002	2	88	 	 	 	 	 	 	 
161002	3	88	 	 	 	 	 	 	 
161003	1	88	 	 	 	 	 	 	 
161003	2	88	 	 	 	 	 	 	 
161003	3	88	 	 	 	 	 	 	 
161004	1	88	 	 	 	 	 	 	 
161004	2	88	 	 	 	 	 	 	 
161004	3	88	 	 	 	 	 	 	 
161005	1	42	 	4	4	 	16	18	88
161005	2	88	 	 	 	 	 	 	 
161005	3	88	 	 	 	 	 	 	 
161006	1	16	 	 	 	2	18	88	 
161006	2	39	 	2	 	 	17	88	 
161006	3	47	 	 	2	2	18	2	88
161007	1	47	 	 	2	2	2	22	9
161007	2	88	 	 	 	 	 	 	 
161007	3	88	 	 	 	 	 	 	 
161008	1	14	 	4	 	 	13	2	88
161008	2	38	 	 	2	 	20	13	88
161008	3	88	 	 	 	 	 	 	 
161009	1	47	 	 	 	2	2	9	88
161009	2	13	 	 	2	 	2	88	 
161009	3	88	 	 	 	 	 	 	 
161010	1	39	 	 	 	2	9	2	88
161010	2	47	 	 	2	2	2	22	88
161010	3	88	 	 	 	 	 	 	 
161011	1	36	2	 	 	 	18	2	88
161011	2	12	 	 	 	2	2	88	 
161011	3	88	 	 	 	 	 	 	 
161012	1	47	 	 	2	2	2	7	88
161012	2	88	 	 	 	 	 	 	 
161012	3	88	 	 	 	 	 	 	 
161013	1	13	 	 	1	1	2	9	88
161013	2	47	 	 	 	2	2	9	88
161013	3	88	 	 	 	 	 	 	 
161014	1	47	 	 	 	1	2	88	 
161014	2	88	 	 	 	 	 	 	 
161014	3	88	 	 	 	 	 	 	 
161015	1	29	 	2	 	 	16	18	88
161015	2	88	 	 	 	 	 	 	 
161015	3	88	 	 	 	 	 	 	 
161016	1	14	 	 	2	 	2	88	 
161016	2	88	 	 	 	 	 	 	 
161016	3	88	 	 	 	 	 	 	 
161017	1	47	 	 	 	2	2	88	 
161017	2	88	 	 	 	 	 	 	 
161017	3	88	 	 	 	 	 	 	 
161018	1	88	 	 	 	 	 	 	 
161018	2	88	 	 	 	 	 	 	 
161018	3	88	 	 	 	 	 	 	 
161019	1	29	 	4	 	 	18	2	88
161019	2	88	 	 	 	 	 	 	 
161019	3	88	 	 	 	 	 	 	 
161020	1	47	 	 	2	2	2	18	88
161020	2	88	 	 	 	 	 	 	 
161020	3	88	 	 	 	 	 	 	 
161021	1	45	 	 	4	 	9	20	88
161021	2	25	 	3	 	 	7	88	 
161021	3	14	 	 	3	 	7	88	 
161022	1	29	 	 	2	 	7	88	 
161022	2	41	3	 	 	 	7	88	 
161022	3	47	 	 	3	3	2	7	88
161023	1	36	 	 	 	2	16	88	 
161023	2	88	 	 	 	 	 	 	 
161023	3	88	 	 	 	 	 	 	 
161024	1	47	 	 	 	1	2	88	 
161024	2	88	 	 	 	 	 	 	 
161024	3	88	 	 	 	 	 	 	 
161025	1	14	 	3	 	 	9	2	88
161025	2	88	 	 	 	 	 	 	 
161025	3	88	 	 	 	 	 	 	 
161026	1	88	 	 	 	 	 	 	 
161026	2	88	 	 	 	 	 	 	 
161026	3	88	 	 	 	 	 	 	 
161027	1	25	 	 	2	 	2	88	 
161027	2	29	 	 	2	 	2	7	88
161027	3	47	 	 	1	3	2	88	 
161028	1	88	 	 	 	 	 	 	 
161028	2	88	 	 	 	 	 	 	 
161028	3	88	 	 	 	 	 	 	 
161029	1	14	 	 	2	2	9	2	88
161029	2	88	 	 	 	 	 	 	 
161029	3	88	 	 	 	 	 	 	 
161030	1	29	4	 	 	 	1	7	88
161030	2	28	2	2	 	 	2	88	 
161030	3	47	 	 	3	3	2	88	 
161031	1	88	 	 	 	 	 	 	 
161031	2	88	 	 	 	 	 	 	 
161031	3	88	 	 	 	 	 	 	 
161032	1	88	 	 	 	 	 	 	 
161032	2	88	 	 	 	 	 	 	 
161032	3	88	 	 	 	 	 	 	 
161033	1	13	 	 	2	 	2	22	88
161033	2	47	 	 	 	2	2	22	88
161033	3	88	 	 	 	 	 	 	 
161034	1	29	 	3	 	 	18	88	 
161034	2	88	 	 	 	 	 	 	 
161034	3	88	 	 	 	 	 	 	 
161035	1	47	 	 	1	1	2	7	88
161035	2	88	 	 	 	 	 	 	 
161035	3	88	 	 	 	 	 	 	 
161036	1	13	 	2	 	 	2	9	88
161036	2	29	 	3	 	 	18	9	88
161036	3	14	 	 	 	2	7	88	 
161037	1	47	 	 	2	2	2	9	88
161037	2	88	 	 	 	 	 	 	 
161037	3	88	 	 	 	 	 	 	 
161038	1	45	 	 	4	 	9	2	17
161038	2	88	 	 	 	 	 	 	 
161038	3	88	 	 	 	 	 	 	 
161039	1	47	 	 	2	2	88	 	 
161039	2	88	 	 	 	 	 	 	 
161039	3	88	 	 	 	 	 	 	 
161040	1	47	 	 	2	2	2	22	88
161040	2	88	 	 	 	 	 	 	 
161040	3	88	 	 	 	 	 	 	 
161041	1	23	 	 	4	 	22	88	 
161041	2	29	 	 	2	 	2	88	 
161041	3	47	 	 	 	2	2	88	 
161042	1	47	 	 	 	2	2	18	88
161042	2	39	 	 	2	 	2	22	88
161042	3	88	 	 	 	 	 	 	 
161043	1	47	 	 	1	2	2	88	 
161043	2	88	 	 	 	 	 	 	 
161043	3	88	 	 	 	 	 	 	 
161044	1	34	 	 	 	2	12	22	88
161044	2	47	 	 	2	2	2	12	22
161044	3	88	 	 	 	 	 	 	 
161045	1	45	2	 	 	 	20	88	 
161045	2	88	 	 	 	 	 	 	 
161045	3	88	 	 	 	 	 	 	 
161046	1	29	 	 	2	 	17	2	88
161046	2	14	 	2	 	 	7	88	 
161046	3	47	 	 	 	1	2	7	88
161047	1	47	 	 	 	2	2	88	 
161047	2	88	 	 	 	 	 	 	 
161047	3	88	 	 	 	 	 	 	 
161048	1	88	 	 	 	 	 	 	 
161048	2	88	 	 	 	 	 	 	 
161048	3	88	 	 	 	 	 	 	 
161049	1	14	 	 	 	2	7	88	 
161049	2	88	 	 	 	 	 	 	 
161049	3	88	 	 	 	 	 	 	 
161050	1	45	4	 	 	 	16	2	18
161050	2	38	 	 	3	 	18	2	88
161050	3	88	 	 	 	 	 	 	 
171002	1	39	 	 	4	3	2	16	88
171002	2	41	 	 	3	 	2	18	88
171002	3	88	 	 	 	 	 	 	 
171003	1	45	 	 	2	 	2	16	88
171003	2	88	 	 	 	 	 	 	 
171003	3	88	 	 	 	 	 	 	 
171004	1	41	 	 	 	4	16	2	88
171004	2	47	 	 	 	3	2	1	18
171004	3	88	 	 	 	 	 	 	 
171005	1	88	 	 	 	 	 	 	 
171005	2	88	 	 	 	 	 	 	 
171005	3	88	 	 	 	 	 	 	 
171006	1	40	 	 	4	 	16	88	 
171006	2	34	 	3	 	 	15	12	88
171006	3	29	 	 	3	 	7	88	 
171007	1	14	 	2	 	 	5	88	 
171007	2	29	 	2	3	 	16	20	88
171007	3	47	 	 	 	77	2	88	 
171008	1	29	 	 	4	 	16	88	 
171008	2	1	 	 	2	 	7	88	 
171008	3	23	 	 	2	2	11	88	 
171009	1	37	 	4	4	 	2	18	88
171009	2	88	 	 	 	 	 	 	 
171009	3	88	 	 	 	 	 	 	 
171010	1	36	 	2	 	 	7	88	 
171010	2	14	 	2	 	 	10	88	 
171010	3	88	 	 	 	 	 	 	 
171011	1	88	 	 	 	 	 	 	 
171011	2	88	 	 	 	 	 	 	 
171011	3	88	 	 	 	 	 	 	 
171012	1	47	 	 	4	4	1	18	88
171012	2	29	 	 	3	3	2	12	88
171012	3	45	 	 	2	 	9	88	 
171013	1	45	 	 	3	 	16	18	88
171013	2	29	 	 	4	 	16	18	88
171013	3	88	 	 	 	 	 	 	 
171014	1	29	 	 	4	 	16	88	 
171014	2	23	 	 	2	 	16	88	 
171014	3	1	 	 	2	 	7	88	 
171015	1	47	 	 	 	3	2	18	88
171015	2	88	 	 	 	 	 	 	 
171015	3	88	 	 	 	 	 	 	 
171016	1	41	 	 	 	2	17	18	88
171016	2	47	 	 	 	2	2	88	 
171016	3	88	 	 	 	 	 	 	 
171017	1	37	 	 	3	2	16	88	 
171017	2	29	 	4	4	 	16	10	88
171017	3	38	 	 	2	2	16	88	 
171018	1	88	 	 	 	 	 	 	 
171018	2	88	 	 	 	 	 	 	 
171018	3	88	 	 	 	 	 	 	 
171019	1	36	 	 	4	 	17	21	88
171019	2	40	 	 	2	 	16	88	 
171019	3	1	 	 	2	 	8	88	 
171020	1	29	 	 	3	 	2	88	 
171020	2	12	 	 	2	2	2	18	88
171020	3	41	 	 	 	3	10	18	88
171021	1	32	 	 	 	2	17	88	 
171021	2	88	 	 	 	 	 	 	 
171021	3	88	 	 	 	 	 	 	 
171022	1	1	3	2	2	1	8	16	88
171022	2	29	 	2	 	3	18	88	 
171022	3	23	2	2	2	 	8	21	88
171023	1	37	 	 	2	 	20	7	88
171023	2	88	 	 	 	 	 	 	 
171023	3	88	 	 	 	 	 	 	 
171024	1	47	 	 	2	 	2	88	 
171024	2	88	 	 	 	 	 	 	 
171024	3	88	 	 	 	 	 	 	 
171025	1	29	 	 	4	 	2	16	18
171025	2	45	 	 	3	 	16	88	 
171025	3	88	 	 	 	 	 	 	 
171026	1	88	 	 	 	 	 	 	 
171026	2	88	 	 	 	 	 	 	 
171026	3	88	 	 	 	 	 	 	 
171027	1	1	 	 	 	3	9	18	88
171027	2	88	 	 	 	 	 	 	 
171027	3	88	 	 	 	 	 	 	 
171028	1	34	 	 	4	 	8	9	88
171028	2	28	 	 	2	2	7	88	 
171028	3	88	 	 	 	 	 	 	 
171029	1	29	4	 	4	4	18	9	16
171029	2	88	 	 	 	 	 	 	 
171029	3	88	 	 	 	 	 	 	 
171031	1	34	 	4	 	 	9	88	 
171031	2	88	 	 	 	 	 	 	 
171031	3	88	 	 	 	 	 	 	 
171032	1	88	 	 	 	 	 	 	 
171032	2	88	 	 	 	 	 	 	 
171032	3	88	 	 	 	 	 	 	 
171033	1	45	4	 	 	 	17	16	18
171033	2	29	 	2	4	 	2	16	18
171033	3	88	 	 	 	 	 	 	 
171035	1	39	3	3	3	3	9	88	 
171035	2	88	 	 	 	 	 	 	 
171035	3	88	 	 	 	 	 	 	 
171036	1	38	 	 	4	3	9	16	18
171036	2	47	 	 	3	3	1	2	88
171036	3	88	 	 	 	 	 	 	 
171037	1	47	 	3	2	2	2	6	88
171037	2	88	 	 	 	 	 	 	 
171037	3	88	 	 	 	 	 	 	 
171038	1	31	 	4	 	 	20	88	 
171038	2	29	 	 	4	 	21	16	88
171038	3	39	 	 	3	 	16	88	 
171039	1	36	 	 	 	4	9	16	17
171039	2	88	 	 	 	 	 	 	 
171039	3	88	 	 	 	 	 	 	 
171040	1	29	 	 	4	 	9	88	 
171040	2	39	 	 	3	 	9	88	 
171040	3	88	 	 	 	 	 	 	 
171041	1	36	 	 	2	 	9	88	 
171041	2	88	 	 	 	 	 	 	 
171041	3	88	 	 	 	 	 	 	 
171042	1	45	 	 	 	4	16	9	18
171042	2	36	 	 	 	2	2	16	88
171042	3	88	 	 	 	 	 	 	 
171043	1	29	 	2	 	 	18	88	 
171043	2	88	 	 	 	 	 	 	 
171043	3	88	 	 	 	 	 	 	 
171045	1	29	 	 	2	 	16	88	 
171045	2	10	 	 	 	2	16	88	 
171045	3	47	 	 	 	2	7	88	 
171046	1	27	 	 	4	 	16	88	 
171046	2	37	 	 	3	 	12	88	 
171046	3	88	 	 	 	 	 	 	 
171047	1	47	 	3	2	 	6	15	18
171047	2	12	 	2	2	 	16	24	88
171047	3	28	 	 	3	 	6	20	88
171048	1	14	 	2	2	 	18	88	 
171048	2	88	 	 	 	 	 	 	 
171048	3	88	 	 	 	 	 	 	 
171049	1	29	 	 	3	 	9	88	 
171049	2	88	 	 	 	 	 	 	 
171049	3	88	 	 	 	 	 	 	 
171050	1	29	 	 	2	 	7	88	 
171050	2	14	 	 	2	 	7	88	 
171050	3	47	 	 	2	 	2	88	 
181001	1	88	 	 	 	 	 	 	 
181001	2	88	 	 	 	 	 	 	 
181001	3	88	 	 	 	 	 	 	 
181002	1	39	 	 	4	4	2	16	20
181002	2	29	 	4	4	 	16	2	88
181002	3	14	 	 	 	4	16	88	 
181003	1	47	 	 	 	2	2	88	 
181003	2	88	 	 	 	 	 	 	 
181003	3	88	 	 	 	 	 	 	 
181004	1	39	 	 	 	4	16	18	88
181004	2	29	 	 	3	 	2	9	88
181004	3	14	 	 	2	 	7	88	 
181005	1	45	 	 	 	4	16	2	88
181005	2	23	 	 	3	 	2	9	16
181005	3	88	 	 	 	 	 	 	 
181006	1	47	 	 	2	2	2	6	88
181006	2	88	 	 	 	 	 	 	 
181006	3	88	 	 	 	 	 	 	 
181007	1	14	4	 	4	 	16	88	 
181007	2	38	3	2	2	2	2	16	88
181007	3	29	4	 	4	 	18	2	88
181008	1	88	 	 	 	 	 	 	 
181008	2	88	 	 	 	 	 	 	 
181008	3	88	 	 	 	 	 	 	 
181009	1	37	 	2	 	 	9	10	88
181009	2	39	 	 	3	 	9	88	 
181009	3	88	 	 	 	 	 	 	 
181010	1	29	 	 	3	 	2	17	88
181010	2	88	 	 	 	 	 	 	 
181010	3	88	 	 	 	 	 	 	 
181011	1	29	 	 	4	3	16	9	18
181011	2	88	 	 	 	 	 	 	 
181011	3	88	 	 	 	 	 	 	 
181012	1	16	4	 	 	 	2	18	88
181012	2	88	 	 	 	 	 	 	 
181012	3	88	 	 	 	 	 	 	 
181013	1	29	 	3	 	 	9	18	88
181013	2	88	 	 	 	 	 	 	 
181013	3	88	 	 	 	 	 	 	 
181014	1	88	 	 	 	 	 	 	 
181014	2	88	 	 	 	 	 	 	 
181014	3	88	 	 	 	 	 	 	 
181015	1	39	 	 	 	4	9	16	2
181015	2	88	 	 	 	 	 	 	 
181015	3	88	 	 	 	 	 	 	 
181016	1	36	 	 	2	 	9	18	88
181016	2	88	 	 	 	 	 	 	 
181016	3	88	 	 	 	 	 	 	 
181017	1	39	1	1	 	 	7	88	 
181017	2	47	 	 	2	 	18	2	88
181017	3	88	 	 	 	 	 	 	 
181018	1	45	 	1	 	 	7	88	 
181018	2	36	 	 	 	1	7	88	 
181018	3	88	 	 	 	 	 	 	 
181019	1	29	 	 	4	4	16	9	18
181019	2	39	 	 	 	4	16	21	2
181019	3	88	 	 	 	 	 	 	 
181020	1	36	 	 	 	4	16	9	2
181020	2	29	 	 	3	2	17	2	18
181020	3	88	 	 	 	 	 	 	 
181021	1	13	3	3	4	 	16	12	18
181021	2	42	 	 	 	4	16	88	 
181021	3	29	 	 	2	 	10	88	 
181023	1	23	 	2	 	 	7	88	 
181023	2	88	 	 	 	 	 	 	 
181023	3	88	 	 	 	 	 	 	 
181024	1	47	 	 	 	2	18	88	 
181024	2	88	 	 	 	 	 	 	 
181024	3	88	 	 	 	 	 	 	 
181025	1	88	 	 	 	 	 	 	 
181025	2	88	 	 	 	 	 	 	 
181025	3	88	 	 	 	 	 	 	 
181026	1	40	 	 	4	 	16	18	88
181026	2	88	 	 	 	 	 	 	 
181026	3	88	 	 	 	 	 	 	 
181027	1	14	 	 	 	2	7	88	 
181027	2	1	 	 	 	2	7	88	 
181027	3	29	 	 	2	 	16	88	 
181028	1	29	 	 	2	 	18	88	 
181028	2	88	 	 	 	 	 	 	 
181028	3	88	 	 	 	 	 	 	 
181029	1	88	 	 	 	 	 	 	 
181029	2	88	 	 	 	 	 	 	 
181029	3	88	 	 	 	 	 	 	 
181030	1	88	 	 	 	 	 	 	 
181030	2	88	 	 	 	 	 	 	 
181030	3	88	 	 	 	 	 	 	 
181031	1	45	 	 	 	1	7	88	 
181031	2	88	 	 	 	 	 	 	 
181031	3	88	 	 	 	 	 	 	 
181032	1	14	 	 	 	4	16	18	88
181032	2	88	 	 	 	 	 	 	 
181032	3	88	 	 	 	 	 	 	 
181033	1	38	2	2	2	 	16	6	88
181033	2	88	 	 	 	 	 	 	 
181033	3	88	 	 	 	 	 	 	 
181035	1	35	 	 	1	 	7	88	 
181035	2	88	 	 	 	 	 	 	 
181035	3	88	 	 	 	 	 	 	 
181036	1	29	 	 	4	4	2	15	16
181036	2	88	 	 	 	 	 	 	 
181036	3	88	 	 	 	 	 	 	 
181037	1	29	 	3	4	 	2	18	9
181037	2	88	 	 	 	 	 	 	 
181037	3	88	 	 	 	 	 	 	 
181038	1	14	 	 	 	4	18	17	16
181038	2	29	 	4	 	 	16	18	2
181038	3	88	 	 	 	 	 	 	 
181039	1	14	 	 	 	4	2	18	88
181039	2	88	 	 	 	 	 	 	 
181039	3	88	 	 	 	 	 	 	 
181040	1	14	 	 	 	4	9	16	88
181040	2	29	 	4	 	 	16	88	 
181040	3	88	 	 	 	 	 	 	 
181041	1	29	 	 	2	 	7	88	 
181041	2	47	 	 	 	2	2	88	 
181041	3	88	 	 	 	 	 	 	 
181042	1	36	 	1	 	 	7	88	 
181042	2	88	 	 	 	 	 	 	 
181042	3	88	 	 	 	 	 	 	 
181043	1	47	 	 	2	2	1	4	88
181043	2	88	 	 	 	 	 	 	 
181043	3	88	 	 	 	 	 	 	 
181044	1	32	 	 	 	2	7	88	 
181044	2	47	 	 	 	2	2	88	 
181044	3	88	 	 	 	 	 	 	 
181045	1	36	4	 	 	 	2	16	18
181045	2	47	 	 	3	4	2	18	22
181045	3	88	 	 	 	 	 	 	 
181046	1	47	 	 	4	4	2	18	88
181046	2	88	 	 	 	 	 	 	 
181046	3	88	 	 	 	 	 	 	 
181047	1	45	4	 	 	 	23	18	16
181047	2	38	 	 	4	 	6	16	13
181047	3	36	 	3	 	 	9	16	18
181048	1	29	3	 	4	 	12	10	88
181048	2	39	 	 	3	 	17	88	 
181048	3	88	 	 	 	 	 	 	 
181049	1	30	 	 	2	 	8	9	88
181049	2	88	 	 	 	 	 	 	 
181049	3	88	 	 	 	 	 	 	 
181050	1	38	 	 	 	4	16	9	21
181050	2	47	 	 	4	4	2	1	88
181050	3	88	 	 	 	 	 	 	 
191001	1	47	 	 	 	4	2	18	88
191001	2	88	 	 	 	 	 	 	 
191001	3	88	 	 	 	 	 	 	 
191002	1	29	2	2	 	 	8	9	88
191002	2	88	 	 	 	 	 	 	 
191002	3	88	 	 	 	 	 	 	 
191003	1	34	 	4	 	 	16	2	18
191003	2	47	 	 	3	4	2	1	88
191003	3	24	 	 	4	 	16	18	88
191004	1	88	 	 	 	 	 	 	 
191004	2	88	 	 	 	 	 	 	 
191004	3	88	 	 	 	 	 	 	 
191005	1	29	 	4	4	 	16	18	2
191005	2	88	 	 	 	 	 	 	 
191005	3	88	 	 	 	 	 	 	 
191006	1	24	 	 	4	4	16	2	18
191006	2	45	 	4	4	 	16	21	88
191006	3	88	 	 	 	 	 	 	 
191007	1	45	 	 	4	 	16	18	88
191007	2	88	 	 	 	 	 	 	 
191007	3	88	 	 	 	 	 	 	 
191008	1	88	 	 	 	 	 	 	 
191008	2	88	 	 	 	 	 	 	 
191008	3	88	 	 	 	 	 	 	 
191010	1	88	 	 	 	 	 	 	 
191010	2	88	 	 	 	 	 	 	 
191010	3	88	 	 	 	 	 	 	 
191011	1	36	2	 	 	 	9	88	 
191011	2	88	 	 	 	 	 	 	 
191011	3	88	 	 	 	 	 	 	 
191012	1	14	 	 	4	4	2	20	88
191012	2	29	 	 	4	 	2	16	18
191012	3	88	 	 	 	 	 	 	 
191013	1	36	 	4	4	 	16	9	18
191013	2	88	 	 	 	 	 	 	 
191013	3	88	 	 	 	 	 	 	 
191014	1	29	 	 	2	 	16	22	88
191014	2	1	 	 	 	2	7	88	 
191014	3	47	 	 	 	2	2	88	 
191015	1	29	 	 	2	 	10	88	 
191015	2	13	 	 	3	 	7	88	 
191015	3	47	 	 	 	2	2	88	 
191016	1	88	 	 	 	 	 	 	 
191016	2	88	 	 	 	 	 	 	 
191016	3	88	 	 	 	 	 	 	 
191017	1	37	 	2	3	4	16	27	88
191017	2	29	 	 	2	 	16	88	 
191017	3	88	 	 	 	 	 	 	 
191018	1	88	 	 	 	 	 	 	 
191018	2	88	 	 	 	 	 	 	 
191018	3	88	 	 	 	 	 	 	 
191019	1	45	 	 	 	2	9	17	88
191019	2	47	 	 	 	2	2	88	 
191019	3	88	 	 	 	 	 	 	 
191020	1	88	 	 	 	 	 	 	 
191020	2	88	 	 	 	 	 	 	 
191020	3	88	 	 	 	 	 	 	 
191021	1	25	4	 	 	 	10	8	16
191021	2	29	 	3	3	4	18	9	12
191021	3	88	 	 	 	 	 	 	 
191022	1	39	 	 	4	 	16	2	88
191022	2	29	4	 	 	 	16	9	88
191022	3	41	 	3	 	 	9	16	18
191023	1	23	 	 	2	 	16	88	 
191023	2	88	 	 	 	 	 	 	 
191023	3	88	 	 	 	 	 	 	 
191024	1	88	 	 	 	 	 	 	 
191024	2	88	 	 	 	 	 	 	 
191024	3	88	 	 	 	 	 	 	 
191025	1	36	 	 	 	3	16	9	18
191025	2	39	 	 	2	 	2	9	18
191025	3	41	 	 	3	 	2	18	88
191026	1	25	 	 	 	2	10	88	 
191026	2	47	 	 	 	2	2	88	 
191026	3	88	 	 	 	 	 	 	 
191027	1	14	2	 	 	 	17	88	 
191027	2	88	 	 	 	 	 	 	 
191027	3	88	 	 	 	 	 	 	 
191028	1	38	 	 	2	 	9	88	 
191028	2	88	 	 	 	 	 	 	 
191028	3	88	 	 	 	 	 	 	 
191029	1	24	3	3	 	 	17	18	88
191029	2	39	 	2	 	 	17	88	 
191029	3	45	 	 	 	2	9	17	88
191030	1	37	4	 	 	 	2	16	9
191030	2	24	3	4	3	 	2	16	88
191030	3	38	 	 	3	 	2	17	16
191031	1	29	 	 	3	4	16	2	18
191031	2	88	 	 	 	 	 	 	 
191031	3	88	 	 	 	 	 	 	 
191032	1	38	 	3	 	 	16	18	88
191032	2	88	 	 	 	 	 	 	 
191032	3	88	 	 	 	 	 	 	 
191033	1	39	 	 	 	3	16	4	18
191033	2	88	 	 	 	 	 	 	 
191033	3	88	 	 	 	 	 	 	 
191034	1	38	 	 	 	4	16	17	18
191034	2	45	 	 	 	3	2	9	88
191034	3	29	 	 	4	 	9	16	88
191035	1	37	2	 	 	2	9	16	88
191035	2	45	 	 	 	4	16	18	88
191035	3	88	 	 	 	 	 	 	 
191036	1	45	 	 	 	4	16	18	6
191036	2	29	 	 	3	 	2	6	9
191036	3	88	 	 	 	 	 	 	 
191037	1	39	 	 	2	 	16	88	 
191037	2	88	 	 	 	 	 	 	 
191037	3	88	 	 	 	 	 	 	 
191038	1	88	 	 	 	 	 	 	 
191038	2	88	 	 	 	 	 	 	 
191038	3	88	 	 	 	 	 	 	 
191039	1	88	 	 	 	 	 	 	 
191039	2	88	 	 	 	 	 	 	 
191039	3	88	 	 	 	 	 	 	 
191040	1	24	 	4	4	 	10	16	20
191040	2	39	 	 	3	 	17	20	88
191040	3	29	3	 	 	 	2	20	88
191041	1	36	4	 	 	 	20	21	88
191041	2	88	 	 	 	 	 	 	 
191041	3	88	 	 	 	 	 	 	 
191042	1	47	 	 	 	2	2	88	 
191042	2	88	 	 	 	 	 	 	 
191042	3	88	 	 	 	 	 	 	 
191043	1	37	 	 	2	 	16	88	 
191043	2	45	 	 	3	 	16	18	88
191043	3	88	 	 	 	 	 	 	 
191044	1	38	 	2	 	 	17	88	 
191044	2	88	 	 	 	 	 	 	 
191044	3	88	 	 	 	 	 	 	 
191045	1	32	 	 	 	2	17	88	 
191045	2	88	 	 	 	 	 	 	 
191045	3	88	 	 	 	 	 	 	 
191046	1	29	 	2	2	 	10	88	 
191046	2	36	 	 	 	2	9	18	88
191046	3	39	 	 	 	2	16	18	17
191047	1	34	 	 	 	4	2	16	20
191047	2	13	 	 	 	4	2	18	88
191047	3	39	 	4	3	3	2	18	20
191048	1	29	 	 	4	 	2	16	88
191048	2	39	 	 	3	 	2	18	88
191048	3	13	2	3	3	 	1	2	18
191049	1	38	 	 	 	3	16	9	18
191049	2	47	 	 	4	4	2	1	18
191049	3	88	 	 	 	 	 	 	 
191050	1	39	 	 	 	3	16	18	88
191050	2	88	 	 	 	 	 	 	 
191050	3	88	 	 	 	 	 	 	 
201001	1	1	 	 	2	 	7	88	 
201001	2	16	2	 	 	 	2	88	 
201001	3	47	 	 	2	2	2	88	 
201002	1	38	2	2	4	3	2	15	21
201002	2	47	 	 	 	2	2	88	 
201002	3	88	 	 	 	 	 	 	 
201003	1	16	 	 	 	3	22	88	 
201003	2	88	 	 	 	 	 	 	 
201003	3	88	 	 	 	 	 	 	 
201004	1	88	 	 	 	 	 	 	 
201004	2	88	 	 	 	 	 	 	 
201004	3	88	 	 	 	 	 	 	 
201005	1	88	 	 	 	 	 	 	 
201005	2	88	 	 	 	 	 	 	 
201005	3	88	 	 	 	 	 	 	 
201006	1	12	 	2	2	79	2	18	88
201006	2	45	 	 	3	 	13	21	7
201006	3	88	 	 	 	 	 	 	 
201007	1	88	 	 	 	 	 	 	 
201007	2	88	 	 	 	 	 	 	 
201007	3	88	 	 	 	 	 	 	 
201008	1	47	 	2	2	2	2	18	88
201008	2	88	 	 	 	 	 	 	 
201008	3	88	 	 	 	 	 	 	 
201009	1	37	 	 	3	 	21	88	 
201009	2	88	 	 	 	 	 	 	 
201009	3	88	 	 	 	 	 	 	 
201010	1	45	 	3	 	 	2	23	19
201010	2	47	 	 	2	2	2	17	18
201010	3	88	 	 	 	 	 	 	 
201011	1	88	 	 	 	 	 	 	 
201011	2	88	 	 	 	 	 	 	 
201011	3	88	 	 	 	 	 	 	 
201012	1	88	 	 	 	 	 	 	 
201012	2	88	 	 	 	 	 	 	 
201012	3	88	 	 	 	 	 	 	 
201013	1	37	 	 	2	 	21	88	 
201013	2	16	 	 	2	 	2	88	 
201013	3	47	 	 	2	2	2	7	88
201014	1	16	 	2	 	 	2	16	88
201014	2	47	 	 	 	2	2	88	 
201014	3	45	 	2	 	 	16	88	 
201015	1	88	 	 	 	 	 	 	 
201015	2	88	 	 	 	 	 	 	 
201015	3	88	 	 	 	 	 	 	 
201016	1	36	 	2	 	 	16	21	88
201016	2	38	 	2	2	2	16	88	 
201016	3	16	 	 	2	 	7	22	88
201017	1	88	 	 	 	 	 	 	 
201017	2	88	 	 	 	 	 	 	 
201017	3	88	 	 	 	 	 	 	 
201018	1	88	 	 	 	 	 	 	 
201018	2	88	 	 	 	 	 	 	 
201018	3	88	 	 	 	 	 	 	 
201019	1	88	 	 	 	 	 	 	 
201019	2	88	 	 	 	 	 	 	 
201019	3	88	 	 	 	 	 	 	 
201020	1	39	 	 	 	2	17	7	88
201020	2	47	 	 	 	2	2	7	88
201020	3	12	 	 	 	1	7	88	 
201021	1	37	 	4	 	 	16	17	2
201021	2	47	 	 	 	2	2	7	88
201021	3	88	 	 	 	 	 	 	 
201022	1	16	 	 	2	 	2	13	88
201022	2	88	 	 	 	 	 	 	 
201022	3	88	 	 	 	 	 	 	 
201023	1	47	 	 	2	2	2	88	 
201023	2	88	 	 	 	 	 	 	 
201023	3	88	 	 	 	 	 	 	 
201024	1	88	 	 	 	 	 	 	 
201024	2	88	 	 	 	 	 	 	 
201024	3	88	 	 	 	 	 	 	 
201025	1	47	 	 	 	2	2	18	88
201025	2	88	 	 	 	 	 	 	 
201025	3	88	 	 	 	 	 	 	 
201026	1	45	 	2	 	 	7	88	 
201026	2	88	 	 	 	 	 	 	 
201026	3	88	 	 	 	 	 	 	 
201027	1	37	 	 	 	2	13	22	12
201027	2	47	 	 	 	2	2	12	18
201027	3	88	 	 	 	 	 	 	 
201028	1	88	 	 	 	 	 	 	 
201028	2	88	 	 	 	 	 	 	 
201028	3	88	 	 	 	 	 	 	 
201029	1	47	 	 	 	2	2	18	88
201029	2	37	 	 	4	 	18	21	88
201029	3	88	 	 	 	 	 	 	 
201030	1	88	 	 	 	 	 	 	 
201030	2	88	 	 	 	 	 	 	 
201030	3	88	 	 	 	 	 	 	 
201032	1	47	 	 	 	2	2	7	88
201032	2	88	 	 	 	 	 	 	 
201032	3	88	 	 	 	 	 	 	 
201033	1	12	 	 	 	1	7	88	 
201033	2	47	 	 	 	2	7	88	 
201033	3	88	 	 	 	 	 	 	 
201034	1	16	 	 	 	2	2	7	88
201034	2	47	 	 	 	 	 	 	 
201034	3	88	 	 	 	 	 	 	 
201036	1	88	 	 	 	 	 	 	 
201036	2	88	 	 	 	 	 	 	 
201036	3	88	 	 	 	 	 	 	 
201037	1	47	 	 	 	2	2	9	7
201037	2	88	 	 	 	 	 	 	 
201037	3	88	 	 	 	 	 	 	 
201038	1	37	 	4	 	 	2	16	17
201038	2	16	 	 	 	4	2	17	7
201038	3	47	 	 	 	2	2	7	88
201039	1	47	 	 	 	2	2	17	88
201039	2	88	 	 	 	 	 	 	 
201039	3	88	 	 	 	 	 	 	 
201040	1	16	 	3	 	 	2	88	 
201040	2	38	 	3	 	 	16	88	 
201040	3	88	 	 	 	 	 	 	 
201041	1	38	 	 	2	2	2	12	18
201041	2	47	 	 	 	2	2	18	7
201041	3	88	 	 	 	 	 	 	 
201042	1	37	 	 	3	 	2	16	7
201042	2	16	 	 	2	 	2	7	88
201042	3	12	 	 	 	2	7	88	 
201044	1	36	3	 	 	 	2	12	18
201044	2	47	 	 	 	2	2	12	18
201044	3	88	 	 	 	 	 	 	 
201045	1	88	 	 	 	 	 	 	 
201045	2	88	 	 	 	 	 	 	 
201045	3	88	 	 	 	 	 	 	 
201046	1	45	 	 	2	 	2	88	 
201046	2	88	 	 	 	 	 	 	 
201046	3	88	 	 	 	 	 	 	 
201047	1	88	 	 	 	 	 	 	 
201047	2	88	 	 	 	 	 	 	 
201047	3	88	 	 	 	 	 	 	 
201048	1	47	 	 	 	2	2	12	18
201048	2	88	 	 	 	 	 	 	 
201048	3	88	 	 	 	 	 	 	 
201049	1	38	 	 	2	 	2	88	 
201049	2	88	 	 	 	 	 	 	 
201049	3	88	 	 	 	 	 	 	 
201050	1	88	 	 	 	 	 	 	 
201050	2	88	 	 	 	 	 	 	 
201050	3	88	 	 	 	 	 	 	 
201051	1	47	 	 	 	3	2	12	18
201051	2	88	 	 	 	 	 	 	 
201051	3	88	 	 	 	 	 	 	 
