CHILDID	PLOT	LAREA	LOWN	LUSE
ET030066	1	-9999	4	7
ET040001	1	2500	4	7
ET040002	1	5000	4	1
ET040004	1	250	4	4
ET040009	1	5000	3	1
ET040009	2	7500	3	1
ET040010	1	5000	3	1
ET040012	1	5000	4	1
ET040013	1	5000	4	1
ET040014	1	5000	4	1
ET040015	1	7500	4	1
ET040016	1	5000	4	1
ET040024	1	5000	4	1
ET040025	1	5000	3	1
ET040027	1	5000	4	1
ET040028	1	5000	4	1
ET040035	1	5000	4	1
ET040035	2	2500	4	1
ET040037	1	1250	4	1
ET040040	1	2500	4	4
ET040041	1	2500	3	1
ET040041	2	2500	3	1
ET040044	1	150	4	4
ET040046	1	7500	3	1
ET040047	1	5000	3	1
ET040049	1	7500	4	1
ET040057	1	7500	4	1
ET040058	1	5000	4	1
ET040059	1	10000	4	1
ET040063	1	2500	4	1
ET040065	1	5000	4	1
ET040068	1	5000	4	1
ET040069	1	100	1	4
ET040070	1	5000	4	1
ET040071	1	5000	4	1
ET040072	1	5000	4	1
ET040073	1	5000	3	1
ET040078	1	10000	1	1
ET040080	1	5000	4	1
ET040081	1	2500	4	1
ET040084	1	5000	3	1
ET040084	2	2500	3	1
ET040085	1	5000	4	1
ET040089	1	5000	3	1
ET040089	2	2500	3	1
ET040090	1	5000	4	1
ET040091	1	1250	4	1
ET040096	1	5000	4	1
ET050001	1	5000	3	1
ET050001	2	3750	3	1
ET050002	1	10000	4	1
ET050003	1	15000	4	1
ET050004	1	10000	4	1
ET050004	2	5000	4	1
ET050004	3	20000	4	1
ET050004	4	10000	4	1
ET050004	5	7500	4	1
ET050005	1	10000	4	1
ET050005	2	10000	4	1
ET050006	1	7500	4	1
ET050007	1	5000	4	1
ET050007	2	5000	3	1
ET050009	1	10000	4	1
ET050009	2	5000	4	1
ET050009	3	5000	3	1
ET050009	4	5000	3	1
ET050009	5	2500	3	1
ET050009	6	2500	3	1
ET050010	1	7500	4	1
ET050010	2	5000	4	1
ET050010	3	5000	4	1
ET050011	1	5000	4	1
ET050012	1	10000	4	1
ET050013	1	7500	4	1
ET050013	2	5000	4	1
ET050013	3	10000	4	1
ET050013	4	5000	3	1
ET050014	1	5000	3	1
ET050014	3	7500	3	1
ET050015	1	10000	4	1
ET050015	2	15000	3	1
ET050015	3	15000	4	1
ET050016	1	10000	4	1
ET050016	2	15000	4	1
ET050017	1	-9999	4	1
ET050018	1	7500	4	1
ET050019	1	2500	3	1
ET050019	2	2500	3	1
ET050019	3	2500	3	1
ET050020	1	7500	4	1
ET050020	2	5000	4	1
ET050020	3	5000	3	1
ET050020	4	2500	3	1
ET050020	5	2500	3	1
ET050021	1	7500	4	1
ET050022	1	2500	4	1
ET050022	2	2500	4	1
ET050023	1	2500	4	1
ET050023	2	5000	3	1
ET050024	1	7500	4	1
ET050026	1	20000	4	1
ET050026	2	30000	4	1
ET050026	3	10000	3	1
ET050026	4	10000	3	1
ET050027	1	7500	4	1
ET050027	2	7500	4	1
ET050027	3	5000	4	1
ET050028	1	5000	4	1
ET050028	2	5000	4	1
ET050028	3	2500	3	1
ET050028	4	2500	3	1
ET050029	1	10000	4	1
ET050029	2	20000	4	1
ET050037	1	5000	4	1
ET050037	2	5000	4	1
ET050038	1	7500	4	1
ET050038	2	7500	3	1
ET050038	3	5000	4	1
ET050038	4	5000	4	1
ET050038	5	2500	4	1
ET050038	6	2500	4	1
ET050039	1	12500	3	1
ET050039	2	5000	3	1
ET050039	3	2500	3	1
ET050039	4	2500	3	1
ET050040	1	5000	4	1
ET050040	2	5000	3	1
ET050040	3	2500	4	1
ET050041	1	7500	4	1
ET050042	1	10000	4	1
ET050042	2	7500	4	1
ET050042	3	2500	4	1
ET050044	1	12500	4	1
ET050044	2	5000	4	1
ET050045	1	5000	4	1
ET050045	2	5000	4	1
ET050045	3	5000	4	1
ET050046	1	10000	4	1
ET050047	1	5000	4	1
ET050048	1	7500	4	1
ET050049	1	2500	4	1
ET050049	2	2500	4	1
ET050050	1	2500	4	1
ET050051	1	3750	4	1
ET050051	2	2500	4	1
ET050052	1	2500	4	1
ET050052	2	1250	4	1
ET050056	1	7500	4	1
ET050056	2	5000	4	1
ET050056	3	3750	4	1
ET050058	1	10000	4	1
ET050059	1	10000	4	1
ET050059	2	7500	4	1
ET050059	3	5000	4	1
ET050059	4	2500	4	1
ET050060	1	15000	4	1
ET050060	2	5000	3	1
ET050060	3	5000	3	1
ET050061	1	7500	4	8
ET050061	2	5000	4	8
ET050062	1	5000	3	1
ET050065	1	1250	4	1
ET050065	2	2500	4	1
ET050066	1	5000	4	1
ET050067	1	5000	4	1
ET050067	2	5000	4	1
ET050067	3	5000	4	1
ET050067	4	5000	4	1
ET050068	1	10000	4	1
ET050068	2	5000	4	1
ET050071	1	5000	4	1
ET050072	1	10000	4	1
ET050073	1	2500	4	1
ET050073	2	2500	4	1
ET050073	3	2500	3	1
ET050074	1	5000	4	1
ET050076	1	10000	4	1
ET050076	2	5000	4	1
ET050076	3	7500	4	1
ET050078	1	10000	4	1
ET050078	2	7500	4	1
ET050078	3	5000	4	1
ET050079	1	5000	4	1
ET050079	2	10000	4	1
ET050079	3	5000	3	1
ET050079	4	7500	3	1
ET050080	1	20000	4	1
ET050080	2	30000	4	1
ET050080	3	20000	3	1
ET050081	1	7500	3	1
ET050082	1	5000	4	1
ET050082	2	2500	4	1
ET050082	3	2500	3	1
ET050084	1	5000	4	1
ET050085	1	15000	4	1
ET050086	1	2500	3	1
ET050087	1	5000	4	1
ET050087	2	5000	4	1
ET050087	3	7500	4	1
ET050088	1	2500	4	1
ET050088	2	2500	4	1
ET050089	1	30000	3	1
ET050089	2	20000	3	1
ET050089	3	20000	4	1
ET050089	4	30000	3	1
ET050090	1	7500	4	1
ET050090	2	5000	4	1
ET050090	3	10000	3	1
ET050091	1	10000	4	1
ET050091	2	10000	4	1
ET050091	3	12500	4	1
ET050091	4	7500	3	1
ET050091	5	10000	3	1
ET050092	1	7500	4	1
ET050092	2	5000	4	1
ET050092	3	2500	4	1
ET050092	4	7500	3	1
ET050093	1	2500	4	1
ET050093	2	2500	4	1
ET050093	3	2500	4	2
ET050094	1	10000	4	1
ET050095	1	7500	4	1
ET050096	1	5000	4	1
ET050096	2	10000	3	1
ET050097	1	5000	4	1
ET050097	2	5000	4	1
ET050097	3	7500	3	1
ET050098	1	10000	3	1
ET050098	2	7500	4	1
ET050098	3	10000	3	1
ET050098	4	5000	4	1
ET050099	1	12500	3	1
ET050099	2	7500	4	1
ET050099	3	5000	4	1
ET050099	4	2500	4	1
ET050100	1	30000	4	1
ET050100	2	40000	4	1
ET050100	3	30000	4	1
ET060001	1	5000	4	1
ET060001	2	2500	3	1
ET060001	3	2500	4	1
ET060001	4	2500	4	6
ET060001	5	1250	3	1
ET060002	1	5000	3	1
ET060002	2	1250	4	2
ET060002	3	2500	4	1
ET060002	4	2500	4	1
ET060002	5	2500	4	1
ET060003	1	5000	4	1
ET060003	2	750	4	6
ET060003	3	2500	4	1
ET060003	4	2500	4	1
ET060003	5	250	4	1
ET060004	1	3750	3	1
ET060004	2	5000	4	1
ET060004	3	2500	4	1
ET060004	4	1250	3	1
ET060004	5	1250	4	1
ET060004	6	1250	4	1
ET060005	1	5000	3	1
ET060005	2	3250	4	1
ET060005	3	5000	4	1
ET060006	1	3750	4	1
ET060006	2	2500	3	1
ET060006	3	2500	4	1
ET060006	4	5000	3	1
ET060007	1	2500	4	1
ET060007	2	5000	4	1
ET060007	3	2500	4	2
ET060008	1	2500	3	1
ET060008	2	7500	4	1
ET060009	1	5000	4	1
ET060009	2	2500	4	1
ET060009	3	2500	4	1
ET060009	4	2500	4	2
ET060011	1	5000	4	1
ET060011	2	2500	4	1
ET060011	3	2500	4	1
ET060011	4	1250	4	1
ET060011	5	1250	4	1
ET060011	6	1250	3	1
ET060012	1	3750	4	1
ET060012	2	3750	4	1
ET060013	1	2500	4	1
ET060013	2	2500	3	1
ET060013	3	1250	4	1
ET060014	1	2500	4	1
ET060014	2	5000	4	1
ET060014	3	2500	4	1
ET060014	4	2500	4	1
ET060015	1	5000	4	1
ET060015	2	2500	4	1
ET060015	3	3750	4	1
ET060016	1	5000	4	1
ET060016	2	5000	4	1
ET060016	3	5000	3	1
ET060016	4	2500	3	1
ET060017	1	2500	4	1
ET060017	2	5000	4	1
ET060017	3	5000	4	1
ET060017	4	2500	3	1
ET060017	5	2500	3	1
ET060018	1	5000	4	1
ET060018	2	2500	4	1
ET060018	3	2500	4	1
ET060018	4	5000	4	1
ET060018	8	2500	3	2
ET060019	1	3750	3	1
ET060019	2	1250	3	1
ET060020	1	5750	4	1
ET060020	2	5000	3	1
ET060020	3	2500	4	1
ET060020	4	2500	4	1
ET060020	5	2000	4	1
ET060020	6	250	4	1
ET060021	1	2500	4	1
ET060021	2	2500	4	1
ET060021	3	5000	2	1
ET060022	1	2500	4	1
ET060022	2	2500	4	1
ET060022	3	2500	4	1
ET060022	4	2500	4	1
ET060022	5	2500	4	1
ET060023	1	5000	4	1
ET060023	2	2500	3	1
ET060024	1	2500	4	1
ET060024	2	2500	4	2
ET060024	3	2500	4	1
ET060024	4	2500	4	1
ET060024	5	5000	3	1
ET060024	6	5000	3	1
ET060025	1	5000	4	1
ET060025	2	2500	4	1
ET060025	3	2500	4	1
ET060025	4	2500	4	1
ET060026	1	5000	4	1
ET060026	2	5000	4	1
ET060026	3	2500	3	1
ET060026	4	2500	3	1
ET060027	1	2500	4	2
ET060027	2	5000	4	1
ET060027	3	5000	3	1
ET060027	4	5000	3	1
ET060027	5	5000	3	1
ET060028	1	2500	3	1
ET060028	2	5000	4	1
ET060028	3	5000	4	1
ET060028	4	2500	4	1
ET060028	5	5000	4	1
ET060028	6	2500	4	1
ET060029	1	5000	4	1
ET060029	2	5000	4	1
ET060029	3	2500	4	1
ET060030	1	5000	4	1
ET060030	2	2500	4	1
ET060030	3	2500	3	1
ET060030	4	2500	3	1
ET060030	5	1250	4	1
ET060030	6	1250	4	1
ET060031	1	2500	3	1
ET060031	2	2500	4	1
ET060031	3	2500	4	1
ET060031	4	2500	4	1
ET060031	5	2500	4	1
ET060032	1	10000	3	1
ET060032	2	2500	4	1
ET060033	1	750	4	1
ET060033	2	2500	4	1
ET060033	3	2500	4	1
ET060033	4	1250	4	2
ET060033	5	1250	4	1
ET060033	6	2500	3	1
ET060033	7	750	4	1
ET060034	1	5000	3	1
ET060034	2	5000	4	1
ET060034	3	5000	4	1
ET060035	1	2500	4	1
ET060035	2	2500	4	1
ET060035	3	2500	4	1
ET060035	4	2500	4	1
ET060035	5	2500	4	1
ET060035	6	2500	4	1
ET060036	1	2500	3	1
ET060036	2	2500	3	1
ET060036	3	2500	3	1
ET060037	1	2500	4	1
ET060037	2	2500	4	1
ET060037	3	2500	4	1
ET060037	4	2500	4	1
ET060038	1	1250	4	1
ET060038	2	4000	4	1
ET060038	3	2500	4	1
ET060038	4	1250	4	1
ET060038	5	1250	4	2
ET060038	6	1250	3	1
ET060039	1	7500	3	1
ET060039	2	2500	4	1
ET060039	3	2500	4	1
ET060040	1	2500	3	1
ET060040	2	1250	4	1
ET060041	1	10000	2	1
ET060041	2	5000	2	1
ET060041	3	7500	1	1
ET060042	1	2500	4	1
ET060042	2	2500	4	1
ET060042	3	2500	4	1
ET060042	4	2500	3	1
ET060042	5	2500	3	1
ET060043	1	2500	4	1
ET060043	2	2500	4	1
ET060044	1	5000	4	1
ET060044	2	5000	4	1
ET060044	3	1250	4	2
ET060045	1	4500	4	1
ET060045	2	3750	4	1
ET060045	3	2500	4	1
ET060045	4	1250	4	1
ET060046	1	3750	4	1
ET060046	2	3750	4	1
ET060046	3	2500	4	1
ET060046	5	5000	3	2
ET060046	6	5000	3	2
ET060047	1	5000	3	1
ET060047	2	2500	4	1
ET060047	3	1250	3	1
ET060047	4	750	3	1
ET060048	1	5000	3	1
ET060048	2	5000	3	1
ET060049	1	7500	4	1
ET060049	2	2500	4	1
ET060049	3	2500	4	1
ET060050	1	7500	4	1
ET060050	2	2500	4	1
ET060050	3	7500	4	1
ET060050	4	2500	3	1
ET060050	5	7500	3	1
ET060051	1	3750	4	1
ET060051	2	3750	4	1
ET060051	3	2500	3	1
ET060052	1	5000	4	1
ET060052	2	5000	4	1
ET060052	3	5000	4	1
ET060053	1	5000	4	1
ET060053	2	5000	4	1
ET060054	1	5000	4	1
ET060054	2	2500	4	1
ET060054	3	2500	4	1
ET060054	4	2500	3	1
ET060054	5	5000	3	1
ET060055	1	5000	3	1
ET060055	2	1250	3	1
ET060055	3	5000	3	1
ET060055	4	2500	3	1
ET060055	5	2500	4	1
ET060055	6	2500	4	1
ET060055	7	2500	4	1
ET060056	1	5000	4	1
ET060056	2	2500	4	1
ET060056	3	3750	4	1
ET060056	4	1250	4	1
ET060056	5	5000	4	1
ET060056	6	2500	4	1
ET060056	7	5000	3	1
ET060056	8	3750	3	1
ET060057	1	1250	4	1
ET060057	2	1250	4	1
ET060057	3	2500	4	1
ET060057	4	2500	4	1
ET060057	5	1250	4	1
ET060057	6	1250	4	1
ET060057	7	2500	3	1
ET060057	8	1250	4	2
ET060058	1	5000	4	1
ET060058	2	5000	3	1
ET060058	3	2500	4	1
ET060059	1	2500	3	1
ET060059	2	5000	4	1
ET060059	3	2500	3	1
ET060060	1	5000	4	1
ET060060	2	10000	4	1
ET060060	3	1250	4	1
ET060060	4	2500	4	1
ET060060	5	2500	4	1
ET060060	6	2500	4	1
ET060060	7	1250	4	2
ET060061	1	2500	4	8
ET060061	2	2500	4	8
ET060061	3	2500	4	8
ET060061	4	2500	4	8
ET060061	5	2500	4	8
ET060061	6	2500	4	1
ET060062	1	2500	3	1
ET060062	2	2500	3	1
ET060062	3	3750	3	1
ET060062	4	2500	1	1
ET060062	5	2500	3	1
ET060062	6	2500	3	1
ET060062	7	3750	3	1
ET060062	8	2000	3	1
ET060063	1	2500	4	2
ET060063	2	2500	4	1
ET060063	3	2500	4	1
ET060063	4	2500	4	1
ET060063	5	2500	2	1
ET060064	1	3750	4	1
ET060064	2	3750	4	1
ET060064	3	2500	4	1
ET060064	4	1250	4	1
ET060064	5	1250	4	2
ET060064	6	750	4	1
ET060065	1	2500	4	1
ET060065	2	2500	4	1
ET060065	3	1250	4	1
ET060065	4	1250	3	1
ET060065	5	1250	3	1
ET060066	1	2500	4	8
ET060066	2	2500	4	1
ET060066	3	2500	4	1
ET060066	4	5000	4	1
ET060067	1	3750	3	1
ET060067	2	2500	3	1
ET060067	3	2500	3	1
ET060067	4	1250	3	1
ET060067	5	1250	3	2
ET060068	1	2500	4	1
ET060068	2	2500	4	1
ET060068	3	2500	4	1
ET060068	4	2500	4	1
ET060068	5	2500	4	1
ET060069	1	7500	4	1
ET060069	2	2500	4	1
ET060069	3	5000	4	1
ET060069	4	5000	3	1
ET060070	1	5000	4	1
ET060070	2	2500	4	1
ET060070	3	2500	4	1
ET060071	1	7500	4	1
ET060071	2	2500	4	1
ET060071	3	2500	1	1
ET060071	4	3750	3	1
ET060072	1	2500	4	1
ET060072	2	2500	4	1
ET060072	3	2500	4	1
ET060072	4	2500	3	1
ET060073	1	2500	4	8
ET060073	2	2500	4	8
ET060073	3	2500	4	8
ET060073	4	2500	4	8
ET060074	1	5000	5	1
ET060074	2	3750	5	1
ET060074	3	2500	5	1
ET060074	4	2500	4	1
ET060074	5	1250	4	1
ET060074	6	750	4	1
ET060075	1	5000	4	1
ET060075	2	3750	4	1
ET060075	3	2500	4	1
ET060075	4	12500	3	1
ET060075	5	2500	4	1
ET060075	6	2500	4	1
ET060075	7	5000	4	1
ET060075	8	2500	4	1
ET060076	1	2500	3	1
ET060076	2	2500	4	1
ET060076	3	2500	4	1
ET060077	1	5000	4	1
ET060077	2	5000	4	1
ET060077	3	2500	4	1
ET060079	1	2500	3	1
ET060079	2	5000	4	2
ET060079	3	2500	3	1
ET060079	4	5000	4	1
ET060079	5	2500	3	1
ET060079	6	7500	4	1
ET060079	7	1250	4	1
ET060080	1	5000	4	1
ET060080	2	5000	4	1
ET060080	3	5000	3	1
ET060080	4	1250	4	1
ET060080	5	-9999	2	2
ET060081	1	3750	4	1
ET060081	2	1250	4	1
ET060081	3	1250	4	2
ET060081	4	3750	4	1
ET060082	1	3750	4	1
ET060082	2	1250	4	1
ET060082	3	1250	4	1
ET060082	4	1250	4	1
ET060082	5	1250	4	1
ET060082	6	1250	4	2
ET060082	7	750	4	1
ET060083	1	5000	4	1
ET060083	2	2500	4	1
ET060083	3	1250	4	1
ET060083	4	1250	4	1
ET060084	1	5000	4	1
ET060084	2	5000	4	1
ET060085	1	3750	4	1
ET060085	2	5000	4	1
ET060085	3	2500	4	1
ET060085	4	1250	4	1
ET060085	5	1250	4	1
ET060085	6	5000	3	1
ET060085	7	2500	3	1
ET060085	8	25000	4	1
ET060086	1	5000	3	6
ET060086	2	2500	3	6
ET060086	3	750	4	1
ET060087	1	5000	4	1
ET060087	2	2500	3	1
ET060087	3	2500	3	1
ET060087	4	3750	4	1
ET060088	1	2500	4	1
ET060088	2	2500	4	1
ET060088	3	2500	4	1
ET060088	4	2500	4	1
ET060089	1	5000	4	1
ET060089	2	2500	4	1
ET060089	3	2500	4	1
ET060089	4	2500	3	1
ET060089	5	1250	4	1
ET060090	1	2500	4	1
ET060090	2	2500	4	1
ET060090	3	2500	4	1
ET060090	4	1250	3	1
ET060091	1	2500	4	1
ET060091	2	2500	4	1
ET060091	3	2500	4	1
ET060091	4	2500	4	1
ET060091	5	2500	4	1
ET060092	1	2500	4	1
ET060092	2	2500	4	1
ET060092	3	1250	4	1
ET060092	4	1250	4	2
ET060093	1	5000	4	1
ET060093	2	2500	4	1
ET060094	1	2500	4	1
ET060094	2	6250	4	6
ET060094	3	6250	4	6
ET060095	1	5000	4	1
ET060095	2	2500	4	1
ET060095	3	2500	4	1
ET060096	1	2500	4	8
ET060096	2	2500	4	1
ET060096	3	5000	4	8
ET060096	4	2500	4	1
ET060097	1	2500	4	1
ET060097	2	2500	4	1
ET060097	3	2500	4	1
ET060097	4	2500	4	1
ET060098	1	2500	4	1
ET060098	2	2500	4	1
ET060098	3	7500	4	1
ET060098	4	2500	4	1
ET060099	1	2500	4	8
ET060099	2	2500	4	8
ET060100	1	2500	4	1
ET060100	2	2500	4	1
ET060100	3	2500	4	1
ET060100	4	2500	4	1
ET070001	1	2500	4	1
ET070001	2	2500	4	1
ET070002	1	2500	4	1
ET070002	2	2500	4	1
ET070002	3	2500	4	1
ET070002	4	2500	4	1
ET070003	1	10000	4	1
ET070003	2	2500	4	1
ET070003	3	2500	4	1
ET070004	1	5000	4	1
ET070004	2	3750	4	1
ET070004	3	2500	4	1
ET070005	1	7500	4	1
ET070005	2	5000	4	1
ET070006	1	2500	4	1
ET070006	2	2500	4	1
ET070007	1	2500	4	1
ET070007	2	2500	4	1
ET070008	1	7500	4	1
ET070008	2	5000	4	1
ET070008	3	2500	4	1
ET070009	1	5000	4	1
ET070009	2	2500	4	1
ET070010	1	2500	4	1
ET070010	2	2500	4	1
ET070010	3	1250	4	1
ET070011	1	7500	4	1
ET070011	2	5000	4	1
ET070011	3	1250	4	1
ET070012	1	2500	3	1
ET070012	2	1250	3	1
ET070013	1	5000	4	1
ET070013	2	2500	4	1
ET070014	1	2500	4	1
ET070014	2	2500	4	1
ET070015	1	3750	4	1
ET070015	2	2500	4	1
ET070015	3	2500	4	1
ET070016	1	7500	4	1
ET070016	2	5000	4	1
ET070016	3	3750	4	1
ET070017	1	5000	4	1
ET070017	2	3750	4	1
ET070017	3	2500	4	1
ET070018	1	6250	4	1
ET070018	2	3750	4	1
ET070018	3	3750	4	1
ET070019	1	5000	4	1
ET070019	2	2500	4	1
ET070020	1	2500	4	1
ET070020	2	2500	4	1
ET070020	3	2500	4	1
ET070020	4	2500	4	1
ET070021	1	2500	4	1
ET070021	2	2500	4	1
ET070021	3	2500	4	1
ET070022	1	5000	4	1
ET070022	2	2500	4	1
ET070022	3	2500	4	1
ET070023	1	2500	4	1
ET070023	2	2500	4	1
ET070023	3	2500	4	1
ET070024	1	3750	4	1
ET070024	2	2500	4	1
ET070025	1	2500	4	1
ET070025	2	2500	4	1
ET070026	1	2500	4	1
ET070026	2	2500	4	1
ET070030	1	7500	4	1
ET070030	2	2500	4	1
ET070030	3	2500	4	1
ET070030	4	2500	1	1
ET070030	5	1250	1	1
ET070031	1	5000	3	1
ET070031	2	2500	3	1
ET070031	3	2500	3	1
ET070032	1	3750	4	1
ET070032	2	2500	4	1
ET070032	3	2500	3	1
ET070033	1	2500	4	1
ET070033	2	2500	4	1
ET070033	3	2500	4	1
ET070034	1	2500	4	1
ET070034	2	2500	4	1
ET070034	3	2500	3	1
ET070034	4	2500	3	1
ET070035	1	15000	3	1
ET070035	2	5000	4	1
ET070035	3	5000	4	1
ET070035	4	5000	3	1
ET070035	5	2500	4	1
ET070035	6	2500	4	1
ET070035	7	1750	4	1
ET070035	8	1750	4	1
ET070036	1	7500	4	1
ET070036	2	5000	4	1
ET070037	1	2500	4	3
ET070037	2	2500	4	1
ET070038	1	7500	4	1
ET070038	2	5000	4	1
ET070038	3	2500	4	1
ET070039	1	3750	4	1
ET070039	2	2500	4	1
ET070039	3	2500	4	3
ET070039	4	2500	4	1
ET070040	1	2500	4	1
ET070040	2	2500	4	1
ET070041	1	7500	4	1
ET070041	2	5000	4	1
ET070041	3	2500	4	1
ET070042	1	5000	3	1
ET070042	2	5000	4	1
ET070042	3	2500	3	1
ET070042	4	2500	4	1
ET070043	1	5000	4	1
ET070043	2	3750	4	1
ET070043	3	3750	3	1
ET070043	4	2500	3	1
ET070044	1	5000	4	1
ET070044	2	2500	4	1
ET070044	3	2500	3	1
ET070045	1	5000	4	1
ET070045	2	2500	4	1
ET070045	3	2500	3	1
ET070046	1	10000	4	1
ET070046	2	1250	4	1
ET070047	1	5000	4	1
ET070047	2	1250	4	1
ET070047	3	1250	4	1
ET070048	1	10000	4	1
ET070048	2	2500	4	1
ET070048	3	1250	4	1
ET070049	1	7500	4	1
ET070049	2	3750	4	1
ET070049	3	2500	4	1
ET070050	1	7500	4	1
ET070050	2	5000	4	1
ET070050	3	3750	4	1
ET070050	4	2500	3	1
ET070051	1	7500	4	1
ET070051	2	5000	4	1
ET070051	3	2500	4	1
ET070052	1	2500	3	1
ET070052	2	2500	3	1
ET070053	1	5000	4	1
ET070053	2	2500	4	1
ET070053	3	2500	4	1
ET070054	1	7500	4	1
ET070054	2	5000	4	1
ET070054	3	2500	4	1
ET070055	1	5000	4	1
ET070055	2	2500	4	1
ET070055	3	1250	4	1
ET070056	1	5000	4	1
ET070056	2	3000	4	1
ET070056	3	1500	4	1
ET070056	4	250	4	1
ET070057	1	5000	4	1
ET070057	2	2500	1	1
ET070058	1	2500	4	1
ET070058	2	2500	4	1
ET070058	3	2500	3	1
ET070059	1	7500	4	1
ET070059	2	2500	4	1
ET070059	3	2500	4	1
ET070060	1	2500	4	1
ET070060	2	2500	4	1
ET070060	3	2500	3	1
ET070061	1	7500	4	1
ET070061	2	10000	4	1
ET070062	1	2500	4	1
ET070062	2	2500	4	1
ET070063	1	2500	4	1
ET070063	2	625	4	1
ET070063	3	2500	3	1
ET070064	1	5000	4	1
ET070064	2	2500	4	1
ET070064	3	2500	4	1
ET070065	1	5000	4	1
ET070065	2	5000	4	1
ET070065	3	2500	4	1
ET070065	4	2500	3	1
ET070066	1	10000	4	1
ET070066	2	7500	4	1
ET070066	3	5000	4	1
ET070066	4	5000	3	1
ET070067	1	7500	4	1
ET070067	2	5000	4	1
ET070068	1	7500	4	1
ET070068	2	3750	4	1
ET070069	1	5000	4	1
ET070069	2	2500	4	1
ET070069	3	2500	3	1
ET070070	1	2500	4	1
ET070070	2	2500	4	1
ET070071	1	5000	4	1
ET070071	2	1250	4	1
ET070071	3	1250	3	1
ET070071	4	1250	3	1
ET070072	1	2500	4	1
ET070072	2	1250	4	1
ET070073	1	5000	3	1
ET070074	1	7500	4	1
ET070074	2	2500	4	1
ET070074	3	1250	4	1
ET070074	4	3750	3	1
ET070075	1	5000	3	1
ET070075	2	3750	3	1
ET070075	3	2500	3	1
ET070075	4	2500	3	1
ET070076	1	5000	4	1
ET070076	2	2500	4	1
ET070076	3	2500	4	1
ET070076	4	1250	3	1
ET070077	1	2500	3	1
ET070079	1	5000	4	1
ET070079	2	2500	4	1
ET070079	3	1250	4	1
ET070080	1	2500	4	1
ET070080	2	2500	4	1
ET070080	3	2500	1	1
ET070081	1	7500	4	1
ET070081	2	2500	4	1
ET070081	3	2500	4	1
ET070081	4	2500	4	1
ET070082	1	5000	4	1
ET070083	1	5000	4	1
ET070083	2	2500	4	1
ET070083	3	2500	4	1
ET070083	4	1250	4	2
ET070084	1	5000	4	1
ET070084	2	5000	4	1
ET070084	3	2500	4	1
ET070084	4	2500	4	1
ET070084	5	2500	4	1
ET070084	6	2500	4	1
ET070085	1	2500	4	1
ET070085	2	2500	4	1
ET070086	1	5000	4	1
ET070086	2	2500	4	1
ET070086	3	2500	4	1
ET070086	4	2500	4	1
ET070086	5	1250	4	2
ET070086	6	1250	4	2
ET070087	1	2500	3	1
ET070087	2	2500	3	1
ET070088	1	7500	4	1
ET070088	2	2500	4	2
ET070088	3	2500	4	2
ET070088	4	2500	4	1
ET070088	5	2500	1	1
ET070088	6	2500	1	1
ET070089	1	5000	4	1
ET070089	2	2500	4	1
ET070089	3	2500	4	1
ET070089	4	2500	4	1
ET070090	1	2500	4	1
ET070090	2	2500	4	1
ET070090	3	2500	1	1
ET070090	4	2500	1	1
ET070091	1	2500	4	1
ET070091	2	2500	4	1
ET070091	3	2500	4	1
ET070091	4	2500	4	1
ET070093	1	5000	4	1
ET070093	2	5000	4	1
ET070093	3	2500	4	1
ET070094	1	3750	4	1
ET070094	2	2500	4	1
ET070096	1	5000	2	1
ET070096	2	5000	3	1
ET070096	3	1250	2	1
ET070097	1	5000	4	1
ET070097	2	2500	4	1
ET070097	3	3750	4	1
ET070097	4	2500	4	2
ET070097	5	1250	4	2
ET070098	1	3750	4	1
ET070098	2	3750	4	1
ET070098	3	1250	4	1
ET070098	4	1250	4	1
ET070098	5	1250	4	3
ET070099	1	5000	4	1
ET070099	2	5000	4	1
ET070099	3	2500	1	1
ET070099	4	2500	1	1
ET070100	1	6250	4	1
ET070100	2	5000	4	1
ET070100	3	2500	1	1
ET070100	4	2500	1	1
ET070100	5	2500	4	1
ET080001	1	10000	4	1
ET080002	1	10000	4	1
ET080003	1	5000	4	1
ET080003	2	2500	4	1
ET080005	1	10000	4	1
ET080006	1	10000	4	1
ET080006	2	10000	4	1
ET080007	1	20000	4	1
ET080008	1	2500	1	1
ET080008	2	2500	4	1
ET080008	3	2500	4	1
ET080009	1	2500	4	1
ET080009	2	2500	4	1
ET080009	3	2500	4	1
ET080009	4	2500	4	1
ET080010	1	5000	3	1
ET080011	1	10000	4	1
ET080012	1	5000	4	1
ET080014	1	5000	4	1
ET080016	1	2500	4	1
ET080017	1	10000	4	1
ET080018	1	10000	4	1
ET080019	1	10000	4	1
ET080019	2	5000	4	1
ET080019	3	5000	4	1
ET080020	1	17500	4	1
ET080020	2	2500	4	1
ET080020	3	7500	4	1
ET080021	1	5000	4	1
ET080022	1	10000	4	1
ET080024	1	2500	4	1
ET080024	2	2500	4	1
ET080024	3	2500	4	1
ET080026	1	7500	4	1
ET080027	1	5000	4	1
ET080027	2	5000	4	1
ET080027	3	2500	4	1
ET080027	4	2500	4	1
ET080028	1	5000	4	1
ET080031	1	2500	4	1
ET080031	2	2500	4	1
ET080031	3	2500	4	1
ET080031	4	2500	4	1
ET080032	1	2500	1	1
ET080032	2	2500	1	1
ET080033	1	10000	4	1
ET080034	1	5000	4	1
ET080034	2	2500	4	1
ET080035	1	30000	4	1
ET080036	1	10000	1	1
ET080037	1	30000	4	1
ET080038	1	2500	4	1
ET080039	1	5000	4	1
ET080040	1	2500	1	1
ET080040	2	2500	1	1
ET080040	3	2500	1	1
ET080041	1	5000	4	1
ET080041	2	5000	4	1
ET080042	1	5000	4	1
ET080043	1	10000	4	1
ET080044	1	5000	1	1
ET080045	1	2500	4	1
ET080045	2	2500	4	1
ET080045	3	2500	4	1
ET080048	1	2500	1	1
ET080049	1	40000	4	1
ET080051	1	2500	1	1
ET080051	2	2500	1	1
ET080052	1	2500	4	1
ET080052	2	2500	4	1
ET080052	3	2500	4	1
ET080052	4	2500	4	1
ET080052	5	2500	4	1
ET080053	1	2500	4	1
ET080053	2	2500	4	1
ET080053	3	2500	4	1
ET080053	4	2500	4	1
ET080053	5	2500	4	1
ET080053	6	2500	4	1
ET080056	1	5000	4	1
ET080056	2	2500	4	1
ET080056	3	2500	4	1
ET080057	1	5000	4	1
ET080057	2	2500	4	1
ET080058	1	10000	1	1
ET080059	1	2500	4	1
ET080060	1	2500	4	1
ET080060	2	2500	4	1
ET080060	3	2500	4	1
ET080060	4	2500	4	1
ET080060	5	2500	4	1
ET080061	1	5000	4	1
ET080061	2	5000	4	1
ET080063	1	5000	4	1
ET080063	2	2500	4	1
ET080064	1	5000	4	1
ET080065	1	2500	4	1
ET080065	2	2500	4	1
ET080067	1	2500	1	1
ET080067	2	2500	1	1
ET080068	1	20000	4	1
ET080069	1	5000	4	1
ET080069	2	5000	1	1
ET080069	3	7500	3	1
ET080072	1	500	4	1
ET080073	1	2500	4	1
ET080073	2	2500	4	1
ET080074	1	2500	4	1
ET080074	2	2500	4	1
ET080074	3	2500	4	1
ET080074	4	2500	4	1
ET080074	5	2500	4	1
ET080075	1	5000	4	1
ET080077	1	10000	4	1
ET080079	1	2500	1	1
ET080079	2	2500	1	1
ET080080	1	1500	4	1
ET080081	1	10000	4	1
ET080082	1	2500	4	1
ET080082	2	2500	4	1
ET080084	1	2500	2	1
ET080084	2	2500	2	1
ET080085	1	2500	1	1
ET080085	2	2500	1	1
ET080086	1	2500	4	1
ET080086	2	2500	4	1
ET080086	3	2500	4	1
ET080087	1	10000	1	1
ET080088	1	20000	4	1
ET080089	1	10000	4	1
ET080090	1	2500	2	1
ET080091	1	2500	4	1
ET080091	2	2500	4	1
ET080092	1	2500	4	1
ET080093	1	2500	4	1
ET080093	2	2500	1	1
ET080094	1	5000	4	1
ET080094	2	2500	4	1
ET080094	3	2500	4	1
ET080095	1	20000	1	1
ET080097	1	10000	4	1
ET080098	1	2500	1	1
ET080099	1	5000	4	1
ET090001	1	2500	4	1
ET090001	2	10000	3	1
ET090002	1	15000	1	1
ET090003	1	15000	4	1
ET090004	1	5000	1	1
ET090004	2	5000	3	1
ET090004	3	27500	4	1
ET090005	1	10000	4	1
ET090005	2	17500	1	1
ET090006	1	10000	4	1
ET090007	1	12500	4	1
ET090008	1	30000	4	1
ET090009	1	40000	4	1
ET090010	1	10000	4	1
ET090011	1	15000	4	1
ET090012	1	5000	4	1
ET090012	2	12500	1	1
ET090013	1	12500	4	1
ET090014	1	20000	4	1
ET090015	1	5000	4	1
ET090015	2	20000	1	1
ET090016	1	2500	4	1
ET090016	2	15000	1	1
ET090017	1	30000	4	1
ET090018	1	10000	4	1
ET090019	1	12500	1	1
ET090020	1	5000	4	1
ET090022	1	20000	1	1
ET090023	1	15000	1	1
ET090025	1	20000	4	1
ET090026	1	2500	4	1
ET090026	2	6250	1	1
ET090026	3	10000	3	1
ET090027	1	17500	4	1
ET090027	2	6250	1	1
ET090028	1	22500	4	1
ET090028	2	7500	1	1
ET090029	1	12500	4	1
ET090030	1	15000	4	1
ET090031	1	30000	4	1
ET090032	1	20000	4	1
ET090032	2	15000	3	1
ET090033	1	20000	2	1
ET090033	2	20000	3	1
ET090034	1	20000	4	4
ET090035	1	10000	4	1
ET090035	2	5000	1	1
ET090036	1	12500	4	1
ET090036	2	2500	1	1
ET090037	1	30000	4	1
ET090038	1	30000	4	1
ET090039	1	5000	4	1
ET090039	2	5000	1	1
ET090040	1	30000	4	1
ET090041	1	10000	1	1
ET090042	1	10000	1	1
ET090043	1	20000	1	1
ET090044	1	20000	4	1
ET090045	1	15000	4	1
ET090046	1	15000	4	1
ET090047	1	17500	4	1
ET090048	1	15000	4	1
ET090049	1	10000	4	6
ET090049	2	12500	4	1
ET090050	1	7500	1	1
ET090051	1	35000	1	1
ET090052	1	25000	4	1
ET090053	1	25000	4	1
ET090054	1	20000	4	1
ET090055	1	25000	4	1
ET090056	1	15000	4	1
ET090057	1	15000	1	1
ET090058	1	12500	1	1
ET090059	1	5000	3	1
ET090060	1	30000	4	1
ET090061	1	15000	4	1
ET090062	1	15000	4	1
ET090063	1	15000	1	1
ET090064	1	30000	4	1
ET090065	1	5000	1	1
ET090067	1	12500	1	1
ET090067	2	17500	3	1
ET090068	1	5000	4	1
ET090068	2	12500	1	1
ET090068	3	5000	1	1
ET090069	1	15000	4	1
ET090070	1	15000	4	1
ET090071	1	15000	4	1
ET090072	1	10000	1	1
ET090072	2	5000	3	1
ET090073	1	12500	1	1
ET090074	1	2500	1	1
ET090074	2	20000	3	1
ET090075	1	10000	4	1
ET090075	2	5000	1	1
ET090075	3	5000	3	1
ET090076	1	15000	4	1
ET090077	1	15000	4	1
ET090077	2	10000	4	1
ET090078	1	25000	4	1
ET090078	2	5000	4	2
ET090078	3	8750	1	1
ET090079	1	20000	4	1
ET090079	2	10000	1	1
ET090080	1	5000	4	1
ET090081	1	5000	2	1
ET090081	2	5000	2	1
ET090082	1	20000	4	1
ET090083	1	10000	4	1
ET090084	1	12500	2	1
ET090084	2	2500	4	1
ET090085	1	15000	4	1
ET090086	1	20000	4	1
ET090087	1	10000	4	1
ET090087	2	5000	3	1
ET090088	1	10000	4	1
ET090088	2	12500	2	1
ET090089	1	5000	2	1
ET090089	2	15000	1	1
ET090090	1	10000	2	1
ET090090	2	5000	1	1
ET090091	1	35000	4	1
ET090091	2	12500	1	1
ET090092	1	15000	3	1
ET090092	2	5000	1	1
ET090093	1	7500	4	1
ET090093	2	7500	3	1
ET090094	1	7500	4	1
ET090094	2	10000	2	1
ET090095	1	10000	4	1
ET090095	2	10000	1	1
ET090096	1	10000	4	1
ET090096	2	5000	1	1
ET090098	1	10000	4	1
ET100005	1	20000	1	1
ET100020	1	20000	3	1
ET100023	1	5000	3	1
ET100028	1	6250	1	1
ET100030	1	5000	4	1
ET100032	1	35000	1	1
ET100041	1	2500	4	4
ET100041	2	5000	3	1
ET100064	1	2500	3	1
ET100065	1	5000	4	1
ET100069	1	2500	4	1
ET100079	1	5000	3	1
ET110001	1	5000	4	1
ET110001	2	5000	4	1
ET110001	3	2500	4	1
ET110002	1	10000	4	1
ET110003	1	5000	4	1
ET110003	2	7500	4	1
ET110003	3	2500	4	1
ET110003	4	2500	4	1
ET110004	1	5000	4	1
ET110004	2	7500	4	1
ET110004	3	2500	4	2
ET110005	1	2500	4	1
ET110005	2	2500	4	1
ET110005	3	2500	4	1
ET110006	1	7500	4	1
ET110006	2	5000	4	1
ET110006	3	2500	4	1
ET110006	4	2500	4	1
ET110008	1	10000	1	1
ET110008	2	10000	4	1
ET110009	1	5000	4	1
ET110009	2	5000	1	1
ET110011	1	5000	4	1
ET110011	2	2500	4	1
ET110011	3	2500	4	1
ET110011	4	2500	4	1
ET110011	5	2500	4	1
ET110011	6	2500	4	1
ET110011	7	2500	4	1
ET110012	1	2500	4	1
ET110013	1	2500	4	1
ET110014	1	7500	1	1
ET110014	2	3750	1	1
ET110014	3	3750	1	1
ET110014	4	3750	1	1
ET110014	5	2500	1	1
ET110014	6	2500	1	1
ET110014	7	1250	1	1
ET110014	8	1250	1	1
ET110015	1	10000	4	1
ET110015	2	10000	4	1
ET110016	1	3750	4	1
ET110016	2	3750	4	1
ET110017	1	6250	4	1
ET110017	2	5000	4	1
ET110017	3	2500	4	1
ET110019	1	7500	4	1
ET110019	2	5000	4	1
ET110019	3	5000	4	1
ET110019	4	5000	4	1
ET110020	1	5000	4	1
ET110020	2	2500	5	1
ET110022	1	7500	4	1
ET110022	2	5000	4	1
ET110025	1	10000	4	1
ET110026	1	5000	4	1
ET110026	2	5000	4	1
ET110026	3	7500	4	1
ET110026	4	7500	4	1
ET110027	1	10000	4	1
ET110027	2	5000	4	1
ET110027	3	12500	4	1
ET110029	1	2500	4	1
ET110029	2	2500	4	1
ET110030	1	5000	4	1
ET110030	2	5000	3	1
ET110030	3	2500	4	1
ET110030	4	2500	4	1
ET110030	5	2500	3	1
ET110031	1	7500	4	1
ET110031	2	5000	4	1
ET110032	1	2500	1	1
ET110032	2	2500	1	1
ET110032	3	2500	1	1
ET110032	4	2500	1	1
ET110033	1	2500	4	1
ET110033	2	2500	4	1
ET110033	3	2500	4	1
ET110033	4	2500	4	1
ET110033	5	2500	4	1
ET110033	6	2500	4	1
ET110034	1	7500	4	1
ET110034	2	5000	4	1
ET110034	3	2500	4	1
ET110035	1	5000	4	1
ET110035	2	2500	4	1
ET110035	3	2500	4	1
ET110037	1	10000	4	1
ET110037	2	2500	4	1
ET110037	3	2500	4	1
ET110037	4	2500	4	1
ET110038	1	5000	1	1
ET110038	2	2500	1	1
ET110039	1	2500	2	1
ET110039	2	2500	2	1
ET110039	3	2500	2	6
ET110042	1	10000	4	1
ET110043	1	5000	4	1
ET110043	2	2500	1	1
ET110045	1	-9999	4	1
ET110047	1	2500	4	1
ET110047	2	2500	4	1
ET110047	3	5000	1	1
ET110047	4	5000	1	1
ET110048	1	5000	4	1
ET110048	2	5000	4	1
ET110048	3	5000	1	1
ET110049	1	5000	4	6
ET110049	2	5000	4	6
ET110051	1	5000	1	1
ET110051	2	2500	1	1
ET110051	3	2500	1	1
ET110051	4	2500	1	1
ET110051	5	2500	1	1
ET110052	1	7500	4	1
ET110052	2	2500	4	1
ET110052	3	2500	4	1
ET110052	4	2500	4	1
ET110053	1	2500	4	1
ET110054	1	10000	4	1
ET110055	1	10000	4	1
ET110055	2	15000	4	1
ET110055	3	5000	4	1
ET110056	1	2500	3	1
ET110056	2	2500	3	1
ET110056	3	2500	3	1
ET110056	4	2500	3	1
ET110057	1	2500	4	6
ET110058	1	5000	5	1
ET110060	1	30000	4	1
ET110061	1	7500	4	1
ET110064	1	5000	4	1
ET110064	2	5000	4	1
ET110064	3	5000	4	1
ET110064	4	2500	4	1
ET110064	5	2500	4	1
ET110064	6	2500	1	1
ET110065	1	10000	4	1
ET110065	2	2500	2	2
ET110066	1	2500	4	1
ET110066	2	5000	4	1
ET110066	3	2500	4	1
ET110067	1	2500	1	1
ET110069	1	10000	4	1
ET110069	2	5000	4	1
ET110069	3	2500	4	1
ET110070	1	10000	4	1
ET110070	2	5000	4	1
ET110071	1	20000	4	1
ET110071	2	10000	1	1
ET110072	1	2500	4	1
ET110073	1	7500	3	1
ET110073	2	2500	4	1
ET110073	3	2500	4	1
ET110074	1	2500	3	1
ET110074	2	2500	3	1
ET110074	3	2500	3	1
ET110075	1	7500	4	1
ET110077	1	5000	4	1
ET110077	2	5000	4	1
ET110077	3	5000	2	1
ET110078	1	20000	4	1
ET110079	1	15000	4	1
ET110080	1	5000	4	1
ET110080	2	5000	4	1
ET110081	1	5000	4	1
ET110081	2	2500	4	1
ET110082	1	20000	4	1
ET110083	1	10000	4	1
ET110085	1	2500	4	1
ET110085	2	2500	4	1
ET110086	1	7500	4	1
ET110086	2	5000	4	1
ET110086	3	2500	4	1
ET110087	1	25000	4	1
ET110088	1	7500	4	1
ET110089	1	2500	4	1
ET110089	2	2500	4	1
ET110090	1	10000	4	1
ET110091	1	20000	4	1
ET110092	1	7500	4	1
ET110092	2	5000	4	1
ET110092	3	2500	4	1
ET110092	4	2500	4	1
ET110093	1	7500	4	1
ET110093	2	5000	4	1
ET110094	1	2500	1	1
ET110094	2	2500	1	1
ET110094	3	2500	1	1
ET110094	4	2500	1	1
ET110097	1	15000	4	1
ET110098	1	2500	4	1
ET110098	2	2500	4	1
ET110098	3	2500	4	1
ET110098	4	2500	4	1
ET110098	5	5000	4	1
ET110099	1	10000	4	1
ET110100	1	17500	4	1
ET120001	1	625	4	1
ET120002	1	625	2	1
ET120002	2	625	3	1
ET120002	3	625	2	3
ET120003	1	2500	2	1
ET120003	2	1875	2	1
ET120003	3	1250	4	1
ET120004	1	7500	3	1
ET120004	2	1250	4	1
ET120005	1	6250	4	1
ET120005	2	625	4	3
ET120006	1	2500	1	1
ET120006	2	2500	4	1
ET120006	3	2500	4	1
ET120006	4	2500	4	1
ET120006	5	2500	4	1
ET120006	6	625	4	2
ET120006	7	625	4	3
ET120007	1	2500	4	1
ET120007	2	1250	4	1
ET120007	3	1250	4	1
ET120008	1	17500	1	1
ET120008	2	5000	1	1
ET120008	3	3750	1	1
ET120008	4	2500	3	1
ET120008	5	1250	4	1
ET120008	6	625	4	1
ET120008	7	125	4	1
ET120009	1	2500	4	1
ET120009	2	2500	3	1
ET120010	1	5000	4	1
ET120010	2	2500	3	1
ET120010	3	2500	4	1
ET120011	1	5000	4	1
ET120011	2	2500	4	1
ET120011	3	1250	4	1
ET120011	4	1250	4	1
ET120011	5	625	4	1
ET120012	1	2500	4	1
ET120012	2	2500	4	1
ET120012	3	2500	4	1
ET120012	4	1250	4	1
ET120012	5	1250	4	1
ET120012	6	1250	4	1
ET120014	1	7500	3	1
ET120014	2	2500	4	1
ET120014	3	625	4	2
ET120015	1	2500	4	1
ET120015	2	5000	3	1
ET120015	3	2500	4	1
ET120016	1	5000	4	1
ET120016	2	2500	4	1
ET120016	3	2500	4	1
ET120016	4	2500	4	1
ET120017	1	2500	4	1
ET120017	2	2500	4	1
ET120017	3	1250	4	1
ET120018	1	5000	1	1
ET120018	2	5000	1	1
ET120018	3	5000	1	1
ET120018	4	3750	4	1
ET120018	5	2500	4	1
ET120018	6	1250	4	2
ET120018	7	1250	4	3
ET120019	1	5000	1	1
ET120021	1	5000	4	1
ET120022	1	1875	4	1
ET120022	2	5000	4	1
ET120023	1	2500	4	1
ET120023	2	2500	4	1
ET120023	3	2500	3	1
ET120023	4	2500	3	1
ET120024	1	5000	4	1
ET120024	2	625	4	2
ET120025	1	2500	4	1
ET120025	2	2500	4	1
ET120026	1	2500	4	1
ET120026	2	2500	4	1
ET120026	3	2500	3	1
ET120026	4	2500	3	1
ET120027	1	5000	1	1
ET120027	2	2500	1	1
ET120027	3	2500	4	1
ET120027	4	2500	4	2
ET120027	5	625	4	1
ET120028	1	2500	4	1
ET120028	2	1250	4	1
ET120028	3	625	4	1
ET120028	4	625	4	1
ET120028	5	625	4	2
ET120029	1	7500	1	1
ET120029	2	2500	4	1
ET120029	3	1250	4	1
ET120029	4	1250	4	2
ET120030	1	2500	4	1
ET120030	2	2500	4	1
ET120030	3	2500	4	1
ET120030	4	2500	3	1
ET120030	5	2500	3	1
ET120031	1	2500	4	1
ET120031	2	2500	4	1
ET120031	3	2500	4	1
ET120032	1	5000	4	1
ET120032	2	2500	4	1
ET120032	3	5000	3	1
ET120033	1	2500	4	1
ET120033	2	625	4	1
ET120034	1	7500	4	1
ET120034	2	2500	1	1
ET120034	3	1250	4	3
ET120034	4	625	4	2
ET120035	1	5000	4	1
ET120035	2	3750	4	1
ET120035	3	2500	1	1
ET120035	4	2500	4	3
ET120035	5	1250	4	2
ET120035	6	625	4	1
ET120036	1	5000	4	1
ET120036	2	2500	4	1
ET120036	3	2500	4	1
ET120036	4	2500	4	1
ET120037	1	2500	4	1
ET120038	1	7500	3	1
ET120038	2	2500	4	1
ET120039	1	2500	4	1
ET120039	2	2500	4	1
ET120039	3	2500	4	1
ET120039	4	625	4	1
ET120040	1	2500	4	1
ET120040	2	2500	4	1
ET120040	3	2500	1	1
ET120041	1	2500	4	1
ET120042	1	7500	4	1
ET120042	2	5000	1	1
ET120042	3	3750	4	1
ET120042	4	2500	2	1
ET120042	5	625	4	3
ET120043	1	2500	4	1
ET120043	2	2500	4	1
ET120043	3	2500	4	1
ET120043	4	2500	3	1
ET120043	5	625	4	1
ET120044	1	2500	4	1
ET120044	2	5000	3	1
ET120045	1	5000	3	1
ET120045	2	2500	4	1
ET120046	1	15000	4	1
ET120046	2	5000	1	1
ET120046	3	2500	4	1
ET120046	4	1250	4	3
ET120047	1	2500	4	1
ET120047	2	2500	4	1
ET120047	3	2500	4	1
ET120047	4	2500	4	1
ET120047	5	2500	4	1
ET120047	6	2500	4	1
ET120048	1	5000	4	1
ET120048	2	3750	4	1
ET120048	3	2500	4	1
ET120048	4	1250	4	3
ET120049	1	5000	4	1
ET120049	2	3750	4	1
ET120049	3	2500	4	1
ET120049	4	250	4	1
ET120050	1	2500	4	1
ET120050	2	5000	4	1
ET120050	3	625	4	1
ET120050	4	312.5	4	1
ET120051	1	5000	4	1
ET120051	2	5000	4	1
ET120051	3	1250	4	3
ET120052	1	3750	4	1
ET120053	1	2500	2	1
ET120053	2	2500	2	1
ET120054	1	5000	4	1
ET120054	2	2500	4	1
ET120054	3	1250	4	1
ET120054	4	2500	4	1
ET120055	1	5000	2	1
ET120055	2	2500	2	1
ET120055	3	2500	2	1
ET120056	1	6250	4	1
ET120057	1	1250	4	1
ET120057	2	2500	4	6
ET120057	3	2500	4	6
ET120058	1	2500	4	1
ET120059	1	2500	4	1
ET120059	2	3750	4	1
ET120059	3	1250	4	1
ET120059	4	2500	4	1
ET120060	1	2500	4	1
ET120060	2	2500	3	1
ET120061	1	10000	4	1
ET120061	2	1250	2	1
ET120061	3	625	3	1
ET120062	1	2500	4	1
ET120062	2	3750	4	1
ET120062	3	833	4	3
ET120063	1	5000	4	1
ET120063	2	2500	4	1
ET120063	3	250	4	3
ET120064	1	2500	4	1
ET120064	2	1250	4	1
ET120065	1	7500	4	1
ET120065	2	2500	4	1
ET120066	1	2500	4	1
ET120066	2	5000	3	1
ET120067	1	2500	4	1
ET120067	2	625	4	2
ET120069	1	2500	4	1
ET120070	1	3750	4	1
ET120070	2	625	4	1
ET120071	1	2500	4	1
ET120071	2	2500	4	1
ET120072	1	5000	4	1
ET120072	2	250	4	3
ET120073	1	5000	4	1
ET120073	2	5000	4	1
ET120073	3	2500	4	1
ET120073	4	2500	4	1
ET120073	5	1250	4	1
ET120074	1	5000	2	1
ET120074	2	2500	4	1
ET120074	3	2500	4	1
ET120075	1	3750	4	1
ET120076	1	1250	4	1
ET120076	2	250	4	2
ET120077	1	2500	4	1
ET120077	2	1250	4	1
ET120077	3	2500	4	1
ET120078	1	5000	3	1
ET120079	1	2500	4	1
ET120079	2	2500	4	1
ET120080	1	2500	4	1
ET120080	2	1250	4	1
ET120081	1	2500	4	1
ET120081	2	2500	4	1
ET120081	3	5000	4	1
ET120081	4	5000	4	1
ET120082	1	2500	1	7
ET120083	1	2500	4	1
ET120083	2	2500	4	1
ET120083	3	2500	4	1
ET120083	4	2500	4	1
ET120083	5	2500	3	1
ET120083	6	2500	3	1
ET120084	1	5000	2	1
ET120084	2	2500	2	1
ET120084	3	1250	1	1
ET120084	4	2500	2	1
ET120085	1	5000	4	1
ET120085	2	2500	4	1
ET120086	1	2500	4	1
ET120086	2	2500	1	1
ET120086	3	1250	4	1
ET120086	4	250	4	1
ET120086	5	125	4	1
ET120087	1	5000	4	1
ET120087	2	2500	4	1
ET120087	3	2500	4	1
ET120087	4	250	4	1
ET120087	5	125	4	1
ET120087	6	125	4	1
ET120088	1	5000	4	1
ET120088	2	1250	4	1
ET120088	3	2500	1	1
ET120088	4	125	4	1
ET120089	1	2500	4	1
ET120089	2	2500	4	1
ET120089	3	2500	4	1
ET120090	1	5000	4	1
ET120090	2	2500	4	1
ET120090	3	2500	4	1
ET120090	4	2500	4	1
ET120091	1	5000	4	1
ET120091	2	2500	1	2
ET120091	3	5000	4	1
ET120091	4	1250	4	1
ET120092	1	2500	4	1
ET120092	2	2500	4	1
ET120092	3	2500	4	1
ET120092	4	5000	4	2
ET120093	1	2500	4	1
ET120093	2	2500	4	1
ET120093	3	2500	4	1
ET120093	4	5000	4	2
ET120094	1	6250	4	1
ET120095	1	5000	4	1
ET120095	2	5000	4	1
ET120095	3	7500	4	1
ET120095	4	2500	4	2
ET120096	1	2500	4	1
ET120096	2	2500	4	1
ET120097	1	5000	4	1
ET120098	1	1250	4	1
ET120098	2	2500	4	1
ET120099	1	2500	4	1
ET120099	2	5000	4	1
ET120099	3	2500	4	1
ET120099	4	2500	4	1
ET120099	5	2500	4	1
ET120100	1	5000	4	1
ET120100	2	2500	4	1
ET130003	1	7500	4	1
ET130020	1	1250	3	1
ET130024	1	1250	4	1
ET130027	1	5000	1	1
ET130027	2	2500	1	1
ET130029	1	5000	4	1
ET130030	1	6250	4	1
ET130031	1	7500	4	1
ET130032	1	1250	1	1
ET130034	1	2500	4	2
ET130036	1	1250	1	1
ET130037	1	7500	1	1
ET130039	1	3750	4	1
ET130049	1	2500	4	1
ET130050	1	2500	1	1
ET130059	1	5000	4	1
ET130060	1	7500	4	1
ET130061	1	5000	1	1
ET130062	1	2500	4	1
ET130063	1	5000	4	1
ET130063	2	5000	3	1
ET130076	1	2500	4	1
ET130077	1	5000	4	1
ET130078	1	5000	4	1
ET130079	1	1250	4	1
ET130081	1	2500	4	1
ET130084	1	7500	4	1
ET130089	1	2500	4	1
ET130090	1	7500	4	1
ET130093	1	2500	4	1
ET130093	2	2500	4	2
ET130095	1	5000	1	1
ET130100	1	12500	4	1
ET140011	1	7500	4	1
ET140011	2	7500	4	1
ET140012	1	-9999	3	1
ET140012	2	-9999	3	1
ET140016	1	200	4	4
ET140066	1	5000	4	1
ET140073	1	350	4	4
ET150001	1	2500	4	1
ET150002	1	2500	4	1
ET150002	2	2500	4	1
ET150003	1	1250	4	1
ET150003	2	1250	4	1
ET150004	1	1250	4	1
ET150004	2	1250	4	1
ET150005	1	1250	4	1
ET150005	2	1250	4	1
ET150005	3	1250	4	1
ET150006	1	2500	4	1
ET150006	2	2500	4	1
ET150006	3	1250	4	3
ET150007	1	12500	4	1
ET150008	1	7250	4	1
ET150009	1	2500	4	1
ET150009	2	2500	4	1
ET150010	1	10000	4	1
ET150011	1	5000	4	1
ET150012	1	5000	4	1
ET150013	1	2500	4	1
ET150013	2	2500	4	1
ET150014	1	7500	4	1
ET150015	1	2500	4	1
ET150016	1	1250	4	1
ET150017	1	5000	4	1
ET150018	1	2500	4	1
ET150019	1	2500	4	1
ET150020	1	2500	4	1
ET150020	2	2500	4	1
ET150020	3	1250	4	3
ET150021	1	2500	4	1
ET150021	2	2500	4	1
ET150022	1	2500	4	1
ET150023	1	5000	4	1
ET150023	2	2500	4	1
ET150024	1	5000	4	1
ET150025	1	2500	4	1
ET150025	2	2500	4	1
ET150026	1	5000	4	1
ET150027	1	5000	4	1
ET150028	1	5000	4	1
ET150029	1	7500	4	1
ET150030	1	2500	4	1
ET150031	1	2500	4	1
ET150032	1	2500	4	1
ET150032	2	2500	4	1
ET150033	1	12500	4	1
ET150034	1	10000	4	1
ET150035	1	2500	3	1
ET150035	2	2500	4	1
ET150036	1	2500	4	1
ET150037	1	1250	4	1
ET150037	2	2500	4	1
ET150038	1	5000	4	1
ET150039	1	5000	4	1
ET150040	1	5000	4	1
ET150041	1	2500	4	1
ET150042	1	7500	4	1
ET150043	1	2500	4	1
ET150043	2	1250	4	1
ET150044	1	1250	4	2
ET150045	1	2500	4	1
ET150046	1	2500	4	1
ET150047	1	5000	4	1
ET150047	2	2500	4	1
ET150048	1	5000	4	1
ET150048	2	2500	4	1
ET150048	3	2500	4	1
ET150048	4	1250	4	3
ET150049	1	2500	4	1
ET150049	2	2500	4	1
ET150050	1	5000	4	1
ET150050	2	2500	4	1
ET150051	1	2500	4	1
ET150052	1	7500	4	1
ET150053	1	5000	4	1
ET150054	1	5000	4	1
ET150055	1	7500	4	1
ET150055	2	3750	4	1
ET150055	3	1250	4	3
ET150056	1	5000	4	1
ET150056	2	5000	4	2
ET150056	3	1250	4	1
ET150057	1	1250	4	1
ET150057	2	2500	4	1
ET150058	1	2500	4	1
ET150058	2	1250	4	1
ET150058	3	1250	4	2
ET150060	1	3750	4	1
ET150060	2	2500	4	1
ET150060	3	1250	4	1
ET150061	1	5000	4	1
ET150061	2	12500	4	3
ET150061	3	5000	4	1
ET150062	1	5000	4	1
ET150063	1	7500	4	1
ET150063	2	1250	4	3
ET150063	3	1250	4	1
ET150064	1	5000	4	1
ET150064	2	5000	4	1
ET150065	1	5000	4	1
ET150065	2	2500	4	1
ET150066	1	1250	4	1
ET150066	2	1250	4	1
ET150067	1	5000	4	1
ET150067	2	1250	1	1
ET150068	1	2500	4	1
ET150069	1	2500	4	1
ET150070	1	7500	4	1
ET150070	2	2500	4	2
ET150070	3	2500	3	1
ET150071	1	5000	4	1
ET150072	1	2500	4	1
ET150072	2	1250	4	1
ET150073	1	2500	4	1
ET150074	1	3750	3	1
ET150074	2	1250	3	1
ET150075	1	5000	4	1
ET150075	2	2500	4	1
ET150076	1	2500	4	1
ET150077	1	2500	4	1
ET150077	2	2500	4	1
ET150077	3	1250	1	1
ET150078	1	6250	4	1
ET150079	1	1250	4	1
ET150079	2	2500	1	1
ET150080	1	5000	4	1
ET150081	1	5000	4	1
ET150082	1	5000	4	1
ET150082	2	1250	4	3
ET150083	1	2500	4	1
ET150084	1	2500	4	1
ET150084	2	5000	4	1
ET150085	1	1250	4	1
ET150086	1	2500	4	1
ET150087	1	2500	4	1
ET150088	1	5000	4	1
ET150089	1	5000	4	1
ET150090	1	5000	4	1
ET150090	2	5000	4	1
ET150091	1	5000	4	1
ET150091	2	5000	4	1
ET150092	1	2500	4	1
ET150092	2	2500	4	1
ET150093	1	2500	4	1
ET150093	2	5000	3	1
ET150093	3	1250	3	1
ET150094	1	5000	4	1
ET150094	2	2500	4	3
ET150095	1	5000	4	1
ET150095	2	1250	4	1
ET150096	1	2500	4	1
ET150096	2	2500	4	1
ET150097	1	5000	4	1
ET150097	2	7500	4	1
ET150098	1	5000	3	1
ET150098	2	5000	4	1
ET150099	1	2500	4	1
ET150100	1	1250	4	1
ET160001	1	7500	4	1
ET160001	2	3750	3	1
ET160002	1	2500	4	1
ET160002	2	5000	4	1
ET160003	1	2500	4	1
ET160003	2	2500	4	1
ET160003	3	2500	3	1
ET160004	1	3750	1	1
ET160004	2	5000	4	1
ET160004	3	1250	4	3
ET160005	1	3750	4	1
ET160005	2	5000	1	1
ET160006	1	2500	4	1
ET160007	1	2500	4	1
ET160008	1	2500	4	1
ET160008	2	2500	4	1
ET160008	3	2500	3	1
ET160009	1	2500	4	1
ET160009	2	5000	4	1
ET160010	1	5000	4	1
ET160010	2	2500	3	1
ET160011	1	5000	4	1
ET160011	2	2500	3	1
ET160011	3	2500	1	1
ET160012	1	2500	4	1
ET160012	2	5000	3	1
ET160013	1	2500	1	1
ET160013	2	2500	4	1
ET160013	3	2500	4	1
ET160014	1	5000	4	1
ET160014	2	2500	4	1
ET160015	1	5000	4	1
ET160015	2	2500	4	1
ET160017	1	3750	4	1
ET160017	2	2500	4	1
ET160018	1	5000	4	1
ET160018	2	3750	4	3
ET160019	1	2500	4	1
ET160021	1	2500	4	1
ET160021	2	2500	3	1
ET160022	1	2500	4	1
ET160022	2	2500	1	1
ET160023	1	2500	4	1
ET160023	2	2500	3	1
ET160024	1	5000	4	1
ET160025	1	2500	4	1
ET160026	1	2500	4	1
ET160027	1	2500	4	1
ET160027	2	2500	3	1
ET160028	1	1250	4	1
ET160028	2	5000	4	1
ET160029	1	2500	4	1
ET160029	2	2500	4	1
ET160030	1	5000	4	1
ET160030	2	2500	4	1
ET160031	1	5000	3	1
ET160031	2	5000	4	1
ET160032	1	5000	4	1
ET160033	1	2500	3	1
ET160034	1	2500	4	1
ET160034	2	2500	4	1
ET160035	1	2500	4	1
ET160035	2	2500	4	1
ET160036	1	3750	4	1
ET160037	1	2500	4	1
ET160037	2	2500	4	1
ET160038	1	5000	4	1
ET160038	2	2500	4	1
ET160039	1	5000	4	1
ET160039	2	5000	3	1
ET160040	1	2500	4	1
ET160040	2	5000	4	1
ET160041	1	2500	4	1
ET160042	1	2500	4	1
ET160043	1	5000	1	1
ET160043	2	2500	4	1
ET160044	1	5000	4	1
ET160044	2	5000	4	1
ET160045	1	2500	4	1
ET160047	1	2500	4	1
ET160047	2	10000	4	1
ET160048	1	5000	4	1
ET160048	2	5000	3	1
ET160049	1	5000	1	1
ET160049	2	2500	2	1
ET160050	1	5000	4	1
ET160050	2	2500	4	1
ET160051	1	5000	4	1
ET160051	2	2500	4	1
ET160052	1	2500	4	1
ET160052	2	5000	4	1
ET160052	3	2500	3	1
ET160053	1	5000	4	1
ET160053	2	5000	4	1
ET160054	1	2500	4	1
ET160054	2	5000	4	1
ET160054	3	5000	4	1
ET160055	1	2500	4	7
ET160057	1	5000	4	1
ET160057	2	5000	3	1
ET160058	1	5000	4	1
ET160059	1	2500	4	1
ET160059	2	5000	3	1
ET160060	1	2500	4	1
ET160061	1	7500	3	1
ET160061	2	3750	1	1
ET160064	1	5000	4	1
ET160065	1	2500	4	1
ET160066	1	2500	4	1
ET160066	2	2500	4	1
ET160066	3	2500	4	1
ET160068	1	2500	4	1
ET160068	2	2500	4	1
ET160068	3	2500	4	1
ET160068	4	2500	4	1
ET160069	1	5000	4	1
ET160069	2	5000	4	1
ET160070	1	10000	3	1
ET160071	1	2500	4	1
ET160071	2	2500	4	1
ET160072	1	2500	4	1
ET160072	2	2500	4	1
ET160072	3	2500	4	1
ET160073	1	10000	4	1
ET160074	1	5000	4	1
ET160075	1	5000	4	1
ET160076	1	2500	4	1
ET160076	2	7500	1	1
ET160077	1	2500	4	1
ET160077	2	2500	4	1
ET160078	1	5000	4	1
ET160079	1	5000	4	1
ET160079	2	2500	4	1
ET160080	1	5000	4	1
ET160080	2	7500	4	1
ET160081	1	2500	4	1
ET160082	1	5000	4	1
ET160083	1	5000	4	1
ET160083	2	2500	4	1
ET160084	1	2500	4	1
ET160084	2	2500	3	1
ET160085	1	2500	4	1
ET160086	1	5000	4	1
ET160086	2	5000	4	1
ET160086	3	2500	4	1
ET160087	1	7500	4	1
ET160088	1	10000	4	1
ET160089	1	2500	4	1
ET160089	2	2500	4	1
ET160089	3	5000	1	1
ET160090	1	2500	4	1
ET160090	2	2500	4	1
ET160090	3	2500	4	1
ET160091	1	5000	4	1
ET160091	2	5000	1	1
ET160092	1	2500	4	1
ET160092	2	2500	4	1
ET160093	1	5000	4	1
ET160093	2	5000	4	1
ET160094	1	5000	4	1
ET160094	2	2500	4	1
ET160095	1	2500	4	1
ET160096	1	5000	4	1
ET160097	1	2500	4	1
ET160097	2	7500	4	1
ET160097	3	2500	4	1
ET160097	4	2500	4	1
ET160098	1	5000	4	1
ET160098	2	2500	4	1
ET160098	3	2500	3	1
ET160099	1	5000	4	1
ET170002	1	7500	4	1
ET170003	1	2500	4	1
ET170003	2	2500	4	1
ET170003	3	2500	4	1
ET170004	1	5000	4	1
ET170004	2	5000	4	1
ET170004	3	5000	4	1
ET170005	1	7500	4	1
ET170006	1	5000	4	1
ET170006	2	2500	4	1
ET170007	1	5000	2	1
ET170007	2	5000	2	1
ET170008	1	7500	4	1
ET170008	2	5000	4	1
ET170008	3	5000	4	1
ET170009	1	5000	4	1
ET170009	2	5000	4	1
ET170010	1	7500	4	1
ET170010	2	5000	4	1
ET170010	3	5000	4	1
ET170011	1	7500	4	1
ET170011	2	7500	4	1
ET170011	3	2500	4	1
ET170011	4	2500	3	1
ET170011	5	2500	3	1
ET170012	1	2500	4	1
ET170012	2	2500	4	1
ET170012	3	2500	4	1
ET170013	1	3750	4	1
ET170013	2	2500	4	1
ET170013	3	2500	4	1
ET170014	1	5000	4	1
ET170014	2	5000	4	1
ET170014	3	5000	4	1
ET170015	1	5000	4	1
ET170015	2	5000	4	1
ET170015	3	5000	4	1
ET170016	1	7500	4	1
ET170016	2	5000	4	1
ET170016	3	1250	4	1
ET170017	1	5000	4	1
ET170017	2	5000	4	1
ET170017	3	5000	4	1
ET170018	1	5000	4	1
ET170018	2	5000	4	1
ET170018	3	5000	4	1
ET170019	1	7500	4	1
ET170020	1	5000	4	1
ET170020	2	3750	4	1
ET170020	3	2500	4	1
ET170021	1	2500	4	1
ET170021	2	2500	4	1
ET170021	3	2500	4	1
ET170022	1	5000	4	1
ET170022	2	5000	4	1
ET170022	3	5000	4	1
ET170022	4	5000	4	1
ET170023	1	5000	4	1
ET170023	2	5000	4	1
ET170023	3	5000	4	1
ET170024	1	2500	4	1
ET170024	2	2500	4	1
ET170025	1	5000	4	1
ET170025	2	5000	4	1
ET170025	3	2500	4	1
ET170026	1	5000	4	1
ET170026	2	5000	4	1
ET170026	3	2500	4	1
ET170027	1	7500	4	1
ET170027	2	6250	4	1
ET170027	3	5000	4	1
ET170028	1	2500	4	1
ET170028	2	2500	4	1
ET170028	3	2500	4	1
ET170029	1	5000	4	1
ET170029	2	5000	4	1
ET170029	3	5000	4	1
ET170030	1	5000	4	1
ET170030	2	5000	4	1
ET170030	3	5000	4	1
ET170031	1	5000	4	1
ET170031	2	2500	4	1
ET170032	1	2500	4	1
ET170032	2	2500	4	1
ET170032	3	2500	4	1
ET170033	1	5000	4	1
ET170033	2	5000	4	1
ET170033	3	5000	4	1
ET170034	1	2500	4	1
ET170034	2	2500	4	1
ET170035	1	5000	4	1
ET170037	1	2500	4	1
ET170037	2	5000	4	1
ET170038	1	5000	4	1
ET170038	2	5000	4	1
ET170038	3	5000	4	1
ET170039	1	6250	4	1
ET170039	2	6250	4	1
ET170039	3	5000	4	1
ET170040	1	5000	4	1
ET170040	2	2500	4	1
ET170040	3	2500	4	1
ET170041	1	5000	4	1
ET170041	2	5000	4	1
ET170041	3	2500	4	1
ET170041	4	5000	1	1
ET170042	1	7500	4	1
ET170042	2	5000	4	1
ET170042	3	3750	4	1
ET170043	1	7500	4	1
ET170043	2	5000	4	1
ET170043	3	5000	4	1
ET170044	1	7500	4	1
ET170044	2	7500	4	1
ET170044	3	7500	4	1
ET170044	4	625	4	1
ET170045	1	6250	4	1
ET170045	2	5000	4	1
ET170045	3	3750	4	1
ET170046	1	3750	4	1
ET170046	2	2500	4	1
ET170046	3	2500	4	1
ET170047	1	5000	4	1
ET170047	2	5000	4	1
ET170047	3	5000	4	1
ET170048	1	3750	4	1
ET170048	2	2500	4	1
ET170048	3	2500	4	1
ET170049	1	5000	4	1
ET170050	1	5000	4	1
ET170050	2	5000	4	1
ET170050	3	5000	4	1
ET170051	1	2500	4	1
ET170051	2	2500	4	1
ET170051	3	2500	4	1
ET170053	1	5000	4	1
ET170053	2	2500	4	1
ET170053	3	7500	1	1
ET170054	1	5000	1	1
ET170054	2	2500	4	1
ET170054	3	2500	4	1
ET170054	4	2500	4	1
ET170055	1	10000	4	1
ET170055	2	7500	4	1
ET170055	3	5000	4	1
ET170057	1	5000	4	1
ET170057	2	3750	4	1
ET170057	3	3750	4	1
ET170058	1	5000	4	1
ET170058	2	5000	4	1
ET170058	3	5000	4	1
ET170059	1	5000	4	1
ET170059	2	3750	4	1
ET170059	3	2500	4	1
ET170060	1	10000	4	1
ET170060	2	7500	4	1
ET170060	3	2500	4	1
ET170060	4	2500	4	1
ET170061	1	10000	3	1
ET170061	2	7500	3	1
ET170061	3	3750	3	1
ET170062	1	5000	4	1
ET170062	2	5000	4	1
ET170062	3	5000	4	1
ET170063	1	2500	3	1
ET170063	2	2500	3	1
ET170063	3	2500	3	1
ET170064	1	7500	4	1
ET170064	2	7500	4	1
ET170064	3	5000	4	1
ET170065	1	2500	4	1
ET170065	2	2500	4	1
ET170065	3	2500	4	1
ET170066	1	6750	4	1
ET170066	2	3750	4	1
ET170067	1	2500	3	1
ET170067	2	2500	3	1
ET170068	1	2500	4	1
ET170068	2	5000	4	1
ET170068	3	5000	4	1
ET170069	1	5000	4	1
ET170069	2	3750	4	1
ET170069	3	3750	4	1
ET170070	1	5000	3	1
ET170070	2	2500	3	1
ET170070	3	2500	3	1
ET170071	1	7500	4	1
ET170071	2	5000	4	1
ET170071	3	2500	4	1
ET170072	1	2500	4	1
ET170072	2	2500	4	1
ET170073	1	5000	3	1
ET170073	2	5000	3	1
ET170073	3	5000	3	1
ET170074	1	7550	3	1
ET170074	2	5000	4	1
ET170075	1	2500	4	1
ET170075	2	2500	4	1
ET170076	1	5000	4	1
ET170076	2	2500	4	1
ET170076	3	1250	4	1
ET170077	1	5000	3	1
ET170077	2	5000	3	1
ET170078	1	10000	4	1
ET170078	2	5000	4	1
ET170078	3	2500	4	1
ET170079	1	7550	4	1
ET170079	2	5000	4	1
ET170080	1	2500	4	1
ET170080	2	2500	4	1
ET170080	3	625	4	1
ET170081	1	2500	4	1
ET170081	2	2500	4	1
ET170081	3	2500	4	1
ET170082	1	2500	4	1
ET170082	2	2500	4	1
ET170082	3	2500	4	1
ET170083	1	5000	4	1
ET170083	2	2500	4	1
ET170084	1	5000	4	1
ET170084	2	2500	4	1
ET170084	3	2500	4	1
ET170084	4	2500	4	1
ET170085	1	2500	4	1
ET170085	2	5000	4	1
ET170085	3	2500	4	1
ET170086	1	5000	4	1
ET170086	2	2500	4	1
ET170087	1	2500	4	1
ET170087	2	2500	4	1
ET170087	3	2500	4	1
ET170088	1	2500	4	1
ET170088	2	2500	4	1
ET170088	3	2500	4	1
ET170089	1	2500	4	1
ET170089	2	2500	4	1
ET170090	1	7500	4	1
ET170090	2	5000	4	1
ET170090	3	5000	4	1
ET170091	1	2500	4	1
ET170091	2	2500	4	1
ET170092	1	7500	4	1
ET170092	2	5000	4	1
ET170092	3	5000	4	1
ET170092	4	5000	3	1
ET170093	1	7500	4	1
ET170093	2	5000	4	1
ET170093	3	2500	4	1
ET170095	1	2500	4	1
ET170095	2	2500	4	1
ET170096	1	5000	4	1
ET170096	2	5000	4	1
ET170096	3	5000	4	1
ET170097	1	7500	4	1
ET170097	2	10000	3	1
ET170098	1	10000	4	1
ET170098	2	5000	4	1
ET170098	3	2500	4	1
ET170098	4	2500	4	1
ET170099	1	5000	4	1
ET170099	2	5000	4	1
ET170099	3	5000	4	1
ET170100	1	5000	4	1
ET170100	2	5000	4	1
ET170100	3	5000	4	1
ET180001	1	2500	4	1
ET180001	2	3750	4	1
ET180002	1	2500	3	1
ET180002	2	2500	3	1
ET180002	3	2500	3	1
ET180002	4	2500	3	1
ET180004	1	3750	4	1
ET180004	2	2500	4	1
ET180004	3	1250	4	1
ET180005	1	1250	4	1
ET180005	2	1250	4	1
ET180005	3	1250	4	1
ET180005	4	625	4	1
ET180005	5	625	4	1
ET180006	1	3750	4	1
ET180006	2	3750	4	1
ET180007	1	2500	4	1
ET180007	2	1250	4	1
ET180008	1	2500	3	1
ET180008	2	2500	3	1
ET180008	3	625	4	1
ET180009	1	750	3	1
ET180009	2	2500	3	1
ET180009	3	1250	3	1
ET180010	1	2500	3	1
ET180010	2	2500	3	1
ET180010	3	1250	3	1
ET180011	1	2500	4	1
ET180011	2	1250	4	1
ET180011	3	1250	4	1
ET180012	1	2500	4	1
ET180012	2	2500	4	1
ET180014	1	3750	4	1
ET180014	2	3750	4	1
ET180015	1	3750	4	1
ET180015	2	3750	4	1
ET180016	1	3750	4	1
ET180016	2	1875	4	1
ET180017	1	1500	4	1
ET180017	2	1500	4	1
ET180018	1	2500	4	1
ET180018	2	2500	4	1
ET180019	1	1875	4	1
ET180019	2	1875	4	1
ET180020	1	1250	4	1
ET180021	1	1875	4	1
ET180021	2	1875	4	1
ET180022	1	7500	4	1
ET180024	1	1875	4	1
ET180024	2	1875	4	1
ET180026	1	3750	4	1
ET180026	2	7500	4	1
ET180027	1	7500	4	1
ET180029	1	1875	4	1
ET180029	2	1875	4	1
ET180030	1	3750	4	1
ET180030	2	3750	4	1
ET180031	1	3750	2	1
ET180032	1	1250	4	1
ET180032	2	500	4	1
ET180033	1	1250	4	1
ET180033	2	3750	4	1
ET180034	1	1250	4	1
ET180034	2	3750	4	1
ET180035	1	2500	4	1
ET180035	2	2500	4	1
ET180035	3	1250	4	1
ET180036	1	2500	4	1
ET180036	2	2500	4	1
ET180037	1	1250	4	1
ET180037	2	1250	4	1
ET180038	1	3750	5	7
ET180038	2	2500	5	1
ET180038	3	2500	5	1
ET180039	1	2500	4	1
ET180039	2	2500	4	1
ET180039	3	2500	4	1
ET180039	4	2500	4	1
ET180040	1	2500	4	1
ET180040	2	2500	4	1
ET180041	1	3750	4	1
ET180042	1	2500	4	1
ET180042	2	2500	4	1
ET180042	3	3750	4	1
ET180043	1	2500	4	1
ET180044	1	2945	4	1
ET180044	2	2945	4	1
ET180045	1	7500	4	1
ET180045	2	7500	4	1
ET180046	1	3750	4	1
ET180046	2	3750	4	1
ET180046	3	3750	4	1
ET180047	1	2500	4	1
ET180048	1	2500	1	1
ET180049	1	625	4	1
ET180050	1	5000	4	1
ET180050	2	2500	4	1
ET180050	3	1250	4	1
ET180051	1	7500	4	1
ET180051	2	3750	4	1
ET180051	3	5000	4	1
ET180052	1	2500	4	1
ET180052	2	1250	4	1
ET180053	1	5000	4	1
ET180055	1	5000	4	1
ET180055	2	5000	4	1
ET180056	1	3750	1	1
ET180057	1	7500	4	1
ET180057	2	7500	4	1
ET180058	1	5000	4	1
ET180058	2	2500	4	1
ET180058	3	2500	4	1
ET180059	1	2500	4	1
ET180059	2	2500	4	1
ET180059	3	1250	4	1
ET180059	4	1250	4	1
ET180059	5	1250	4	1
ET180059	6	1875	4	1
ET180059	7	1250	4	1
ET180059	8	1250	4	1
ET180060	1	7500	4	1
ET180060	2	5000	4	1
ET180060	3	1250	4	1
ET180061	1	1250	5	1
ET180062	1	2500	4	1
ET180062	2	1250	4	1
ET180062	3	1250	4	1
ET180064	1	10000	4	1
ET180064	2	7500	4	1
ET180065	1	5000	4	1
ET180065	2	2500	4	1
ET180066	1	2500	4	1
ET180066	2	2500	4	1
ET180066	3	2500	4	1
ET180067	1	2500	4	1
ET180067	2	2500	4	1
ET180067	3	5000	4	1
ET180068	1	2500	4	1
ET180068	2	2500	4	1
ET180071	1	5000	4	1
ET180071	2	2500	4	1
ET180071	3	5000	4	1
ET180072	1	3750	4	1
ET180073	1	5000	4	1
ET180073	2	3750	4	1
ET180074	1	2500	4	1
ET180074	2	7500	4	1
ET180075	1	3750	4	1
ET180075	2	2500	4	1
ET180077	1	7500	4	1
ET180078	1	2500	4	1
ET180078	2	2500	4	1
ET180078	3	5000	4	1
ET180080	1	7500	4	1
ET180080	2	5000	4	1
ET180080	3	5000	4	1
ET180080	4	5000	4	1
ET180082	1	5000	4	1
ET180082	2	5000	4	1
ET180083	1	2500	4	1
ET180083	2	2500	4	1
ET180087	1	3750	4	1
ET180088	1	7500	4	1
ET180090	1	7500	4	1
ET180091	1	7500	4	1
ET180092	1	2500	4	1
ET180093	1	2500	4	1
ET180093	2	2500	4	1
ET180093	3	2500	4	1
ET180093	4	5000	4	1
ET180094	1	7500	4	1
ET180094	2	5000	4	1
ET180094	3	3750	4	1
ET180096	1	3750	4	1
ET180097	1	2500	4	1
ET180097	2	5000	4	1
ET180100	1	1250	2	1
ET190005	1	10000	3	1
ET190010	1	5000	4	1
ET190015	1	1250	4	1
ET190018	1	2500	4	1
ET190022	1	1250	4	1
ET190023	1	5000	4	1
ET190024	1	5000	4	1
ET190025	1	5000	4	1
ET190026	1	1250	4	1
ET190027	1	7500	4	1
ET190028	1	2500	4	1
ET190030	1	2500	4	1
ET190031	1	10000	4	1
ET190031	2	120	4	6
ET190033	1	2500	4	1
ET190034	1	5000	4	1
ET190041	1	355	4	1
ET190043	1	2500	4	1
ET190044	1	1200	4	1
ET190055	1	5000	4	1
ET190063	1	2500	4	1
ET190069	1	5000	4	1
ET190074	1	2500	4	1
ET190074	2	2500	4	1
ET190077	1	2500	4	1
ET190077	2	2500	4	1
ET190077	3	2500	4	1
ET190077	4	2500	4	1
ET190079	1	1250	4	1
ET190087	1	1250	4	1
ET190091	1	5000	4	1
ET190093	1	2500	4	1
ET190096	1	5000	4	7
ET190100	1	2500	4	1
ET200002	1	5000	4	1
ET200003	1	7500	4	1
ET200004	1	3750	4	1
ET200004	2	1250	4	1
ET200005	1	5000	2	1
ET200009	1	2500	4	1
ET200009	2	2500	4	1
ET200009	3	2500	4	1
ET200011	1	7500	4	1
ET200011	2	5000	4	1
ET200011	3	2500	4	1
ET200012	1	2500	4	1
ET200012	2	2500	4	1
ET200013	1	5000	3	1
ET200013	2	2500	3	1
ET200014	1	2500	4	1
ET200015	1	825	4	1
ET200016	1	7500	4	1
ET200017	1	5000	4	1
ET200017	2	5000	4	1
ET200018	1	1250	4	1
ET200018	2	1250	4	1
ET200019	1	7500	4	1
ET200020	1	10000	4	1
ET200021	1	7500	4	1
ET200022	1	7500	4	1
ET200022	2	2500	3	1
ET200023	1	7500	4	1
ET200024	1	7500	4	1
ET200025	1	2500	4	1
ET200026	1	2500	3	1
ET200028	1	7500	4	1
ET200029	1	5000	4	1
ET200029	2	2500	4	1
ET200030	1	3750	4	1
ET200031	1	2500	4	1
ET200031	2	2500	4	1
ET200033	1	2500	4	1
ET200033	2	2500	4	1
ET200034	1	5000	4	1
ET200035	1	5000	4	1
ET200036	1	10000	4	1
ET200037	1	5000	4	1
ET200037	2	5000	4	1
ET200037	3	5000	4	2
ET200037	4	2500	4	1
ET200037	5	2500	4	1
ET200037	6	1250	4	1
ET200038	1	5000	4	1
ET200038	2	2500	4	1
ET200038	3	2500	4	1
ET200039	1	5000	5	1
ET200040	1	2500	4	1
ET200040	2	2500	4	1
ET200040	3	1250	4	1
ET200041	1	2500	4	1
ET200041	2	1250	4	1
ET200042	1	2500	4	1
ET200042	2	2500	4	1
ET200042	3	2500	4	1
ET200043	1	2500	4	1
ET200045	1	5000	4	1
ET200046	1	3750	4	1
ET200047	1	2500	4	1
ET200047	2	2500	4	1
ET200047	3	2500	4	1
ET200048	1	5000	4	1
ET200049	1	7500	3	1
ET200050	1	5000	4	1
ET200050	2	2500	3	1
ET200051	1	5000	4	1
ET200051	2	3750	4	1
ET200051	3	1250	4	1
ET200052	1	3750	4	1
ET200052	2	1250	4	1
ET200053	1	3250	1	1
ET200053	2	3250	3	1
ET200053	3	1250	4	1
ET200054	1	2500	4	1
ET200054	2	2500	4	1
ET200054	3	1250	4	1
ET200055	1	5000	4	1
ET200055	2	5000	4	1
ET200056	1	2500	4	1
ET200056	2	2500	4	1
ET200056	3	1250	4	1
ET200057	1	5000	4	1
ET200058	1	1250	4	1
ET200059	1	2500	4	1
ET200059	2	2500	3	1
ET200060	1	2500	4	1
ET200060	2	2500	3	1
ET200061	1	5000	4	1
ET200062	1	5000	4	1
ET200062	2	5000	4	1
ET200064	1	2500	4	1
ET200064	2	1250	4	1
ET200065	1	2500	4	1
ET200066	1	2500	4	1
ET200067	1	2500	4	1
ET200069	1	2500	4	1
ET200069	2	2500	4	1
ET200070	1	1250	4	1
ET200070	2	1250	4	1
ET200071	1	5000	4	1
ET200071	2	2500	4	1
ET200071	3	1250	4	1
ET200072	1	2500	3	1
ET200073	1	2500	4	1
ET200073	2	2500	4	1
ET200074	1	5000	3	1
ET200074	2	2500	4	7
ET200075	1	5000	4	1
ET200075	2	5000	4	1
ET200076	1	5000	4	1
ET200076	2	2500	4	1
ET200077	1	2500	4	1
ET200077	2	1250	4	1
ET200078	1	5000	4	1
ET200080	1	2500	1	1
ET200080	2	2500	1	1
ET200080	3	2500	1	1
ET200080	4	2500	1	1
ET200081	1	2500	4	1
ET200081	2	2500	4	1
ET200082	1	7500	4	1
ET200082	2	5000	4	1
ET200082	3	1250	4	1
ET200083	1	2500	3	1
ET200084	1	5000	4	1
ET200085	1	5000	3	1
ET200087	1	8500	4	1
ET200088	1	1250	4	1
ET200088	2	2500	4	1
ET200089	1	5000	4	1
ET200090	1	2500	4	1
ET200090	2	2500	4	1
ET200090	3	5000	4	1
ET200090	4	5000	4	1
ET200090	5	2500	4	1
ET200091	1	5000	4	1
ET200092	1	7500	4	1
ET200093	1	2500	4	1
ET200094	1	10000	4	1
ET200095	1	7500	4	1
ET200096	1	2500	4	1
ET200098	1	2500	4	1
ET200098	2	3750	4	1
ET200098	3	5000	4	1
ET200098	4	1250	4	1
ET200099	1	5000	4	1
ET200100	1	5000	4	1
