PLACEID	SCPRIDR4	PRBLCTLY
202	1	1
202	2	1
202	3	0
202	4	1
202	5	0
202	6	1
202	7	1
202	8	1
202	9	1
202	10	0
202	11	0
302	1	1
302	2	1
302	3	1
302	4	0
302	5	0
302	6	0
302	7	0
302	8	1
302	9	0
302	10	1
302	11	0
304	1	0
304	2	0
304	3	0
304	4	0
304	5	0
304	6	0
304	7	0
304	8	0
304	9	0
304	10	0
304	11	0
305	1	0
305	2	0
305	3	0
305	4	0
305	5	0
305	6	0
305	7	0
305	8	1
305	9	0
305	10	0
305	11	0
309	1	0
309	2	0
309	3	0
309	4	0
309	5	0
309	6	0
309	7	0
309	8	0
309	9	0
309	10	1
309	11	0
310	1	0
310	2	0
310	3	0
310	4	0
310	5	0
310	6	0
310	7	0
310	8	1
310	9	0
310	10	1
310	11	0
311	1	0
311	2	0
311	3	0
311	4	0
311	5	0
311	6	0
311	7	0
311	8	0
311	9	0
311	10	0
311	11	0
312	1	0
312	2	0
312	3	0
312	4	0
312	5	0
312	6	0
312	7	0
312	8	0
312	9	0
312	10	0
312	11	0
313	1	0
313	2	0
313	3	0
313	4	0
313	5	0
313	6	0
313	7	0
313	8	0
313	9	0
313	10	0
313	11	0
314	1	0
314	2	0
314	3	0
314	4	0
314	5	0
314	6	0
314	7	0
314	8	1
314	9	0
314	10	0
314	11	0
401	1	1
401	2	1
401	3	0
401	4	0
401	5	0
401	6	0
401	7	0
401	8	1
401	9	0
401	10	1
401	11	0
402	1	0
402	2	0
402	3	0
402	4	0
402	5	0
402	6	0
402	7	0
402	8	0
402	9	0
402	10	1
402	11	0
404	1	0
404	2	0
404	3	0
404	4	0
404	5	0
404	6	0
404	7	0
404	8	1
404	9	0
404	10	0
404	11	0
405	1	1
405	2	0
405	3	0
405	4	0
405	5	0
405	6	0
405	7	0
405	8	0
405	9	0
405	10	1
405	11	0
406	1	0
406	2	0
406	3	0
406	4	0
406	5	0
406	6	0
406	7	0
406	8	0
406	9	0
406	10	1
406	11	1
407	1	0
407	2	1
407	3	0
407	4	0
407	5	0
407	6	0
407	7	0
407	8	0
407	9	0
407	10	0
407	11	0
408	1	0
408	2	0
408	3	0
408	4	0
408	5	0
408	6	0
408	7	0
408	8	0
408	9	0
408	10	0
408	11	0
502	1	0
502	2	0
502	3	0
502	4	0
502	5	0
502	6	0
502	7	0
502	8	0
502	9	0
502	10	0
502	11	0
503	1	1
503	2	0
503	3	0
503	4	0
503	5	0
503	6	0
503	7	0
503	8	0
503	9	0
503	10	0
503	11	0
505	1	0
505	2	0
505	3	0
505	4	0
505	5	0
505	6	0
505	7	0
505	8	0
505	9	0
505	10	1
505	11	1
506	1	1
506	2	1
506	3	0
506	4	0
506	5	0
506	6	0
506	7	0
506	8	0
506	9	0
506	10	1
506	11	1
601	1	0
601	2	1
601	3	0
601	4	0
601	5	0
601	6	0
601	7	0
601	8	1
601	9	0
601	10	0
601	11	0
701	1	1
701	2	0
701	3	0
701	4	1
701	5	0
701	6	0
701	7	1
701	8	1
701	9	0
701	10	0
701	11	0
702	1	1
702	2	0
702	3	0
702	4	0
702	5	0
702	6	0
702	7	1
702	8	1
702	9	0
702	10	1
702	11	0
703	1	1
703	2	0
703	3	0
703	4	0
703	5	0
703	6	0
703	7	1
703	8	0
703	9	1
703	10	1
703	11	0
707	1	1
707	2	0
707	3	0
707	4	0
707	5	0
707	6	0
707	7	0
707	8	1
707	9	0
707	10	1
707	11	0
708	1	1
708	2	0
708	3	0
708	4	0
708	5	0
708	6	1
708	7	1
708	8	1
708	9	0
708	10	1
708	11	0
709	1	1
709	2	0
709	3	1
709	4	0
709	5	0
709	6	1
709	7	1
709	8	1
709	9	0
709	10	1
709	11	0
710	1	1
710	2	0
710	3	1
710	4	1
710	5	0
710	6	0
710	7	0
710	8	1
710	9	0
710	10	1
710	11	0
711	1	1
711	2	1
711	3	0
711	4	0
711	5	0
711	6	0
711	7	0
711	8	1
711	9	0
711	10	1
711	11	1
712	1	1
712	2	0
712	3	0
712	4	0
712	5	0
712	6	0
712	7	0
712	8	0
712	9	1
712	10	1
712	11	0
713	1	1
713	2	0
713	3	0
713	4	1
713	5	0
713	6	1
713	7	1
713	8	1
713	9	1
713	10	1
713	11	0
714	1	1
714	2	0
714	3	1
714	4	1
714	5	0
714	6	1
714	7	1
714	8	1
714	9	0
714	10	1
714	11	0
715	1	1
715	2	0
715	3	0
715	4	0
715	5	0
715	6	1
715	7	1
715	8	1
715	9	0
715	10	1
715	11	0
716	1	1
716	2	0
716	3	0
716	4	0
716	5	0
716	6	1
716	7	1
716	8	1
716	9	1
716	10	1
716	11	0
717	1	1
717	2	0
717	3	0
717	4	0
717	5	0
717	6	0
717	7	1
717	8	1
717	9	1
717	10	1
717	11	0
718	1	1
718	2	0
718	3	0
718	4	1
718	5	0
718	6	1
718	7	1
718	8	1
718	9	0
718	10	1
718	11	0
719	1	1
719	2	0
719	3	0
719	4	1
719	5	0
719	6	0
719	7	1
719	8	1
719	9	0
719	10	1
719	11	0
801	1	1
801	2	0
801	3	0
801	4	0
801	5	0
801	6	0
801	7	0
801	8	1
801	9	1
801	10	1
801	11	0
802	1	1
802	2	0
802	3	0
802	4	1
802	5	0
802	6	1
802	7	1
802	8	1
802	9	1
802	10	1
802	11	0
803	1	1
803	2	0
803	3	0
803	4	1
803	5	0
803	6	1
803	7	1
803	8	1
803	9	0
803	10	1
803	11	0
804	1	1
804	2	0
804	3	0
804	4	1
804	5	0
804	6	1
804	7	1
804	8	1
804	9	1
804	10	1
804	11	0
901	1	0
901	2	1
901	3	0
901	4	0
901	5	0
901	6	0
901	7	0
901	8	1
901	9	0
901	10	1
901	11	0
1103	1	1
1103	2	1
1103	3	0
1103	4	0
1103	5	0
1103	6	0
1103	7	0
1103	8	0
1103	9	0
1103	10	0
1103	11	0
1201	1	1
1201	2	0
1201	3	0
1201	4	0
1201	5	0
1201	6	0
1201	7	0
1201	8	0
1201	9	0
1201	10	0
1201	11	0
1202	1	1
1202	2	0
1202	3	0
1202	4	0
1202	5	0
1202	6	1
1202	7	1
1202	8	1
1202	9	0
1202	10	0
1202	11	0
1203	1	1
1203	2	0
1203	3	0
1203	4	0
1203	5	0
1203	6	0
1203	7	0
1203	8	0
1203	9	0
1203	10	0
1203	11	0
1204	1	1
1204	2	0
1204	3	0
1204	4	1
1204	5	0
1204	6	1
1204	7	1
1204	8	1
1204	9	0
1204	10	0
1204	11	0
1205	1	1
1205	2	0
1205	3	0
1205	4	1
1205	5	0
1205	6	1
1205	7	1
1205	8	1
1205	9	0
1205	10	0
1205	11	0
1206	1	1
1206	2	0
1206	3	0
1206	4	1
1206	5	0
1206	6	0
1206	7	1
1206	8	1
1206	9	0
1206	10	1
1206	11	0
1207	1	1
1207	2	0
1207	3	0
1207	4	1
1207	5	0
1207	6	0
1207	7	0
1207	8	0
1207	9	0
1207	10	0
1207	11	0
1208	1	1
1208	2	0
1208	3	0
1208	4	0
1208	5	0
1208	6	1
1208	7	1
1208	8	1
1208	9	0
1208	10	1
1208	11	0
1209	1	1
1209	2	0
1209	3	0
1209	4	1
1209	5	0
1209	6	1
1209	7	1
1209	8	1
1209	9	0
1209	10	0
1209	11	0
1210	1	1
1210	2	0
1210	3	0
1210	4	0
1210	5	0
1210	6	0
1210	7	0
1210	8	0
1210	9	0
1210	10	0
1210	11	0
1211	1	1
1211	2	0
1211	3	0
1211	4	1
1211	5	0
1211	6	1
1211	7	1
1211	8	1
1211	9	0
1211	10	0
1211	11	0
1212	1	1
1212	2	0
1212	3	0
1212	4	1
1212	5	0
1212	6	0
1212	7	1
1212	8	0
1212	9	0
1212	10	0
1212	11	0
1213	1	1
1213	2	0
1213	3	0
1213	4	1
1213	5	0
1213	6	0
1213	7	1
1213	8	1
1213	9	1
1213	10	0
1213	11	0
1215	1	1
1215	2	0
1215	3	0
1215	4	0
1215	5	0
1215	6	1
1215	7	1
1215	8	0
1215	9	0
1215	10	0
1215	11	0
1216	1	1
1216	2	0
1216	3	0
1216	4	0
1216	5	0
1216	6	0
1216	7	1
1216	8	1
1216	9	0
1216	10	0
1216	11	0
1217	1	1
1217	2	0
1217	3	0
1217	4	1
1217	5	0
1217	6	1
1217	7	1
1217	8	1
1217	9	1
1217	10	0
1217	11	0
1218	1	1
1218	2	0
1218	3	0
1218	4	0
1218	5	0
1218	6	0
1218	7	0
1218	8	0
1218	9	0
1218	10	0
1218	11	0
1219	1	1
1219	2	0
1219	3	0
1219	4	0
1219	5	0
1219	6	1
1219	7	1
1219	8	0
1219	9	0
1219	10	0
1219	11	0
1220	1	1
1220	2	0
1220	3	0
1220	4	0
1220	5	0
1220	6	0
1220	7	0
1220	8	1
1220	9	0
1220	10	0
1220	11	0
1221	1	1
1221	2	0
1221	3	1
1221	4	1
1221	5	0
1221	6	1
1221	7	1
1221	8	1
1221	9	1
1221	10	0
1221	11	0
1222	1	1
1222	2	0
1222	3	0
1222	4	1
1222	5	0
1222	6	1
1222	7	1
1222	8	0
1222	9	0
1222	10	0
1222	11	0
1223	1	1
1223	2	0
1223	3	0
1223	4	1
1223	5	0
1223	6	0
1223	7	1
1223	8	0
1223	9	0
1223	10	0
1223	11	0
1224	1	1
1224	2	0
1224	3	0
1224	4	1
1224	5	0
1224	6	0
1224	7	1
1224	8	1
1224	9	0
1224	10	0
1224	11	0
1225	1	1
1225	2	0
1225	3	0
1225	4	0
1225	5	0
1225	6	1
1225	7	1
1225	8	1
1225	9	0
1225	10	1
1225	11	0
1226	1	1
1226	2	0
1226	3	0
1226	4	0
1226	5	0
1226	6	0
1226	7	0
1226	8	1
1226	9	0
1226	10	0
1226	11	0
1227	1	1
1227	2	0
1227	3	0
1227	4	1
1227	5	0
1227	6	1
1227	7	1
1227	8	1
1227	9	1
1227	10	0
1227	11	0
1228	1	1
1228	2	0
1228	3	1
1228	4	1
1228	5	1
1228	6	1
1228	7	1
1228	8	1
1228	9	1
1228	10	0
1228	11	0
1301	1	1
1301	2	0
1301	3	1
1301	4	1
1301	5	0
1301	6	1
1301	7	1
1301	8	1
1301	9	0
1301	10	1
1301	11	1
1303	1	0
1303	2	0
1303	3	0
1303	4	0
1303	5	0
1303	6	0
1303	7	0
1303	8	1
1303	9	0
1303	10	1
1303	11	0
1304	1	1
1304	2	0
1304	3	1
1304	4	1
1304	5	1
1304	6	1
1304	7	1
1304	8	1
1304	9	0
1304	10	0
1304	11	0
1305	1	1
1305	2	0
1305	3	0
1305	4	0
1305	5	0
1305	6	0
1305	7	1
1305	8	1
1305	9	0
1305	10	0
1305	11	0
1306	1	1
1306	2	0
1306	3	0
1306	4	0
1306	5	0
1306	6	0
1306	7	0
1306	8	0
1306	9	0
1306	10	0
1306	11	0
1307	1	1
1307	2	0
1307	3	1
1307	4	1
1307	5	1
1307	6	1
1307	7	1
1307	8	1
1307	9	1
1307	10	0
1307	11	0
1401	1	1
1401	2	0
1401	3	1
1401	4	1
1401	5	1
1401	6	1
1401	7	1
1401	8	1
1401	9	1
1401	10	0
1401	11	0
1402	1	1
1402	2	0
1402	3	0
1402	4	0
1402	5	0
1402	6	0
1402	7	0
1402	8	1
1402	9	0
1402	10	0
1402	11	0
1403	1	1
1403	2	0
1403	3	0
1403	4	0
1403	5	0
1403	6	1
1403	7	1
1403	8	1
1403	9	1
1403	10	1
1403	11	1
1404	1	1
1404	2	0
1404	3	1
1404	4	1
1404	5	0
1404	6	1
1404	7	1
1404	8	1
1404	9	1
1404	10	0
1404	11	0
1405	1	1
1405	2	0
1405	3	1
1405	4	1
1405	5	0
1405	6	1
1405	7	1
1405	8	1
1405	9	0
1405	10	0
1405	11	0
1406	1	1
1406	2	0
1406	3	0
1406	4	1
1406	5	0
1406	6	0
1406	7	1
1406	8	1
1406	9	0
1406	10	0
1406	11	0
1407	1	1
1407	2	0
1407	3	1
1407	4	1
1407	5	0
1407	6	0
1407	7	0
1407	8	0
1407	9	0
1407	10	0
1407	11	0
1408	1	1
1408	2	0
1408	3	0
1408	4	0
1408	5	0
1408	6	1
1408	7	1
1408	8	0
1408	9	0
1408	10	0
1408	11	0
1409	1	1
1409	2	0
1409	3	0
1409	4	0
1409	5	0
1409	6	1
1409	7	1
1409	8	1
1409	9	0
1409	10	0
1409	11	0
1501	1	1
1501	2	1
1501	3	0
1501	4	0
1501	5	0
1501	6	0
1501	7	0
1501	8	0
1501	9	0
1501	10	0
1501	11	0
1502	1	1
1502	2	0
1502	3	0
1502	4	0
1502	5	0
1502	6	0
1502	7	0
1502	8	0
1502	9	0
1502	10	1
1502	11	0
1503	1	1
1503	2	0
1503	3	0
1503	4	0
1503	5	0
1503	6	0
1503	7	0
1503	8	0
1503	9	0
1503	10	0
1503	11	0
1504	1	1
1504	2	0
1504	3	0
1504	4	0
1504	5	0
1504	6	1
1504	7	1
1504	8	1
1504	9	0
1504	10	1
1504	11	0
1505	1	0
1505	2	0
1505	3	0
1505	4	0
1505	5	0
1505	6	0
1505	7	0
1505	8	0
1505	9	0
1505	10	0
1505	11	0
1507	1	0
1507	2	1
1507	3	0
1507	4	0
1507	5	0
1507	6	0
1507	7	0
1507	8	0
1507	9	0
1507	10	0
1507	11	0
1508	1	1
1508	2	0
1508	3	0
1508	4	0
1508	5	1
1508	6	0
1508	7	0
1508	8	1
1508	9	0
1508	10	0
1508	11	0
1509	1	1
1509	2	1
1509	3	0
1509	4	1
1509	5	1
1509	6	1
1509	7	1
1509	8	1
1509	9	1
1509	10	1
1509	11	0
1510	1	1
1510	2	0
1510	3	0
1510	4	0
1510	5	0
1510	6	0
1510	7	0
1510	8	1
1510	9	0
1510	10	0
1510	11	0
1601	1	1
1601	2	1
1601	3	0
1601	4	0
1601	5	0
1601	6	0
1601	7	0
1601	8	1
1601	9	0
1601	10	0
1601	11	0
1603	1	0
1603	2	0
1603	3	0
1603	4	0
1603	5	0
1603	6	0
1603	7	0
1603	8	0
1603	9	0
1603	10	0
1603	11	0
1604	1	1
1604	2	0
1604	3	0
1604	4	0
1604	5	0
1604	6	0
1604	7	0
1604	8	0
1604	9	0
1604	10	0
1604	11	0
1701	1	1
1701	2	1
1701	3	0
1701	4	0
1701	5	1
1701	6	0
1701	7	0
1701	8	1
1701	9	0
1701	10	0
1701	11	0
1702	1	0
1702	2	0
1702	3	0
1702	4	0
1702	5	0
1702	6	0
1702	7	0
1702	8	1
1702	9	0
1702	10	0
1702	11	0
1703	1	0
1703	2	0
1703	3	0
1703	4	0
1703	5	0
1703	6	0
1703	7	0
1703	8	0
1703	9	0
1703	10	0
1703	11	0
1801	1	1
1801	2	0
1801	3	0
1801	4	0
1801	5	0
1801	6	0
1801	7	0
1801	8	1
1801	9	0
1801	10	0
1801	11	0
1802	1	0
1802	2	0
1802	3	0
1802	4	0
1802	5	0
1802	6	0
1802	7	0
1802	8	0
1802	9	0
1802	10	0
1802	11	0
2002	1	1
2002	2	0
2002	3	0
2002	4	0
2002	5	0
2002	6	0
2002	7	0
2002	8	1
2002	9	0
2002	10	0
2002	11	0
2004	1	1
2004	2	0
2004	3	1
2004	4	1
2004	5	1
2004	6	1
2004	7	1
2004	8	1
2004	9	1
2004	10	0
2004	11	0
2005	1	1
2005	2	0
2005	3	1
2005	4	1
2005	5	0
2005	6	1
2005	7	1
2005	8	1
2005	9	1
2005	10	0
2005	11	0
2006	1	1
2006	2	0
2006	3	0
2006	4	0
2006	5	0
2006	6	0
2006	7	0
2006	8	0
2006	9	0
2006	10	0
2006	11	0
2007	1	1
2007	2	0
2007	3	0
2007	4	0
2007	5	0
2007	6	0
2007	7	0
2007	8	1
2007	9	0
2007	10	0
2007	11	0
2008	1	1
2008	2	0
2008	3	0
2008	4	0
2008	5	0
2008	6	0
2008	7	0
2008	8	0
2008	9	0
2008	10	0
2008	11	0
2009	1	1
2009	2	0
2009	3	0
2009	4	1
2009	5	0
2009	6	0
2009	7	1
2009	8	1
2009	9	0
2009	10	0
2009	11	0
2010	1	1
2010	2	0
2010	3	0
2010	4	0
2010	5	0
2010	6	0
2010	7	0
2010	8	1
2010	9	0
2010	10	0
2010	11	0
2011	1	1
2011	2	0
2011	3	0
2011	4	0
2011	5	0
2011	6	0
2011	7	0
2011	8	1
2011	9	0
2011	10	0
2011	11	0
2012	1	1
2012	2	0
2012	3	1
2012	4	1
2012	5	0
2012	6	0
2012	7	0
2012	8	1
2012	9	0
2012	10	0
2012	11	0
2014	1	1
2014	2	0
2014	3	0
2014	4	0
2014	5	0
2014	6	0
2014	7	0
2014	8	0
2014	9	0
2014	10	0
2014	11	0
2015	1	0
2015	2	0
2015	3	0
2015	4	0
2015	5	0
2015	6	0
2015	7	0
2015	8	0
2015	9	0
2015	10	0
2015	11	0
2016	1	0
2016	2	0
2016	3	0
2016	4	0
2016	5	0
2016	6	0
2016	7	0
2016	8	0
2016	9	0
2016	10	0
2016	11	0
2017	1	1
2017	2	0
2017	3	1
2017	4	0
2017	5	0
2017	6	1
2017	7	1
2017	8	1
2017	9	0
2017	10	0
2017	11	0
2018	1	1
2018	2	0
2018	3	0
2018	4	0
2018	5	0
2018	6	0
2018	7	0
2018	8	1
2018	9	0
2018	10	0
2018	11	0
2019	1	1
2019	2	0
2019	3	0
2019	4	0
2019	5	0
2019	6	0
2019	7	0
2019	8	0
2019	9	1
2019	10	0
2019	11	0
2020	1	1
2020	2	0
2020	3	0
2020	4	1
2020	5	0
2020	6	0
2020	7	0
2020	8	0
2020	9	0
2020	10	0
2020	11	0
2021	1	1
2021	2	0
2021	3	0
2021	4	0
2021	5	0
2021	6	0
2021	7	0
2021	8	1
2021	9	0
2021	10	0
2021	11	0
8003	1	0
8003	2	0
8003	3	0
8003	4	1
8003	5	0
8003	6	0
8003	7	1
8003	8	0
8003	9	0
8003	10	0
8003	11	0
8004	1	1
8004	2	1
8004	3	1
8004	4	1
8004	5	1
8004	6	1
8004	7	1
8004	8	1
8004	9	1
8004	10	1
8004	11	0
8005	1	1
8005	2	1
8005	3	0
8005	4	0
8005	5	0
8005	6	0
8005	7	0
8005	8	0
8005	9	0
8005	10	1
8005	11	1
8007	1	1
8007	2	0
8007	3	0
8007	4	0
8007	5	0
8007	6	0
8007	7	0
8007	8	0
8007	9	0
8007	10	0
8007	11	0
8008	1	1
8008	2	1
8008	3	0
8008	4	0
8008	5	0
8008	6	0
8008	7	0
8008	8	1
8008	9	0
8008	10	1
8008	11	0
8012	1	1
8012	2	0
8012	3	0
8012	4	1
8012	5	0
8012	6	1
8012	7	1
8012	8	1
8012	9	1
8012	10	1
8012	11	0
8014	1	1
8014	2	0
8014	3	0
8014	4	0
8014	5	0
8014	6	0
8014	7	0
8014	8	1
8014	9	0
8014	10	0
8014	11	0
8016	1	1
8016	2	1
8016	3	1
8016	4	1
8016	5	0
8016	6	1
8016	7	1
8016	8	1
8016	9	1
8016	10	0
8016	11	0
8018	1	1
8018	2	1
8018	3	1
8018	4	0
8018	5	0
8018	6	0
8018	7	0
8018	8	1
8018	9	1
8018	10	0
8018	11	0
8020	1	1
8020	2	0
8020	3	0
8020	4	0
8020	5	0
8020	6	0
8020	7	1
8020	8	1
8020	9	0
8020	10	0
8020	11	0
8025	1	1
8025	2	0
8025	3	1
8025	4	0
8025	5	0
8025	6	1
8025	7	1
8025	8	1
8025	9	1
8025	10	0
8025	11	0
8026	1	1
8026	2	1
8026	3	1
8026	4	1
8026	5	1
8026	6	1
8026	7	1
8026	8	1
8026	9	0
8026	10	1
8026	11	0
8029	1	1
8029	2	1
8029	3	0
8029	4	0
8029	5	0
8029	6	0
8029	7	0
8029	8	1
8029	9	0
8029	10	0
8029	11	0
8032	1	0
8032	2	1
8032	3	0
8032	4	0
8032	5	0
8032	6	0
8032	7	0
8032	8	1
8032	9	1
8032	10	0
8032	11	0
8034	1	0
8034	2	0
8034	3	0
8034	4	0
8034	5	0
8034	6	0
8034	7	0
8034	8	0
8034	9	0
8034	10	0
8034	11	0
8037	1	0
8037	2	0
8037	3	0
8037	4	0
8037	5	0
8037	6	0
8037	7	0
8037	8	1
8037	9	0
8037	10	1
8037	11	0
8038	1	1
8038	2	1
8038	3	1
8038	4	1
8038	5	0
8038	6	1
8038	7	1
8038	8	1
8038	9	0
8038	10	0
8038	11	0
8039	1	1
8039	2	1
8039	3	1
8039	4	1
8039	5	1
8039	6	1
8039	7	1
8039	8	1
8039	9	1
8039	10	0
8039	11	0
8040	1	0
8040	2	0
8040	3	0
8040	4	0
8040	5	0
8040	6	0
8040	7	0
8040	8	0
8040	9	0
8040	10	1
8040	11	0
8041	1	1
8041	2	1
8041	3	0
8041	4	0
8041	5	0
8041	6	0
8041	7	0
8041	8	1
8041	9	1
8041	10	1
8041	11	0
8046	1	1
8046	2	0
8046	3	0
8046	4	0
8046	5	0
8046	6	1
8046	7	1
8046	8	0
8046	9	0
8046	10	1
8046	11	1
8048	1	0
8048	2	0
8048	3	0
8048	4	0
8048	5	0
8048	6	0
8048	7	0
8048	8	0
8048	9	0
8048	10	0
8048	11	0
8059	1	1
8059	2	0
8059	3	1
8059	4	0
8059	5	0
8059	6	1
8059	7	1
8059	8	1
8059	9	0
8059	10	0
8059	11	0
8060	1	1
8060	2	0
8060	3	0
8060	4	0
8060	5	0
8060	6	0
8060	7	0
8060	8	0
8060	9	0
8060	10	0
8060	11	0
8062	1	1
8062	2	1
8062	3	0
8062	4	1
8062	5	0
8062	6	0
8062	7	1
8062	8	1
8062	9	0
8062	10	1
8062	11	0
8064	1	1
8064	2	0
8064	3	0
8064	4	0
8064	5	0
8064	6	0
8064	7	0
8064	8	1
8064	9	1
8064	10	1
8064	11	1
8066	1	1
8066	2	1
8066	3	0
8066	4	0
8066	5	0
8066	6	0
8066	7	0
8066	8	0
8066	9	0
8066	10	0
8066	11	0
8067	1	1
8067	2	0
8067	3	1
8067	4	1
8067	5	0
8067	6	1
8067	7	1
8067	8	1
8067	9	0
8067	10	1
8067	11	1
8069	1	1
8069	2	0
8069	3	1
8069	4	1
8069	5	1
8069	6	1
8069	7	1
8069	8	1
8069	9	1
8069	10	1
8069	11	0
8070	1	1
8070	2	0
8070	3	0
8070	4	0
8070	5	0
8070	6	0
8070	7	0
8070	8	0
8070	9	0
8070	10	1
8070	11	0
8071	1	1
8071	2	0
8071	3	0
8071	4	0
8071	5	1
8071	6	0
8071	7	0
8071	8	1
8071	9	1
8071	10	0
8071	11	0
8072	1	0
8072	2	0
8072	3	0
8072	4	0
8072	5	0
8072	6	0
8072	7	0
8072	8	1
8072	9	0
8072	10	0
8072	11	0
8083	1	1
8083	2	0
8083	3	1
8083	4	1
8083	5	0
8083	6	1
8083	7	1
8083	8	1
8083	9	0
8083	10	1
8083	11	1
8084	1	1
8084	2	0
8084	3	0
8084	4	0
8084	5	0
8084	6	0
8084	7	1
8084	8	0
8084	9	1
8084	10	0
8084	11	0
8085	1	0
8085	2	0
8085	3	0
8085	4	0
8085	5	0
8085	6	0
8085	7	0
8085	8	0
8085	9	0
8085	10	0
8085	11	0
8086	1	1
8086	2	1
8086	3	0
8086	4	1
8086	5	1
8086	6	1
8086	7	1
8086	8	1
8086	9	1
8086	10	1
8086	11	1
8088	1	1
8088	2	0
8088	3	0
8088	4	0
8088	5	0
8088	6	0
8088	7	0
8088	8	0
8088	9	0
8088	10	1
8088	11	0
8090	1	1
8090	2	0
8090	3	0
8090	4	1
8090	5	0
8090	6	1
8090	7	1
8090	8	1
8090	9	1
8090	10	1
8090	11	0
8091	1	1
8091	2	0
8091	3	0
8091	4	1
8091	5	1
8091	6	1
8091	7	1
8091	8	1
8091	9	0
8091	10	0
8091	11	0
8092	1	1
8092	2	0
8092	3	0
8092	4	1
8092	5	0
8092	6	1
8092	7	1
8092	8	1
8092	9	0
8092	10	1
8092	11	0
8094	1	1
8094	2	0
8094	3	0
8094	4	0
8094	5	0
8094	6	1
8094	7	1
8094	8	1
8094	9	1
8094	10	0
8094	11	0
8097	1	1
8097	2	0
8097	3	0
8097	4	1
8097	5	0
8097	6	1
8097	7	1
8097	8	1
8097	9	1
8097	10	0
8097	11	0
8098	1	1
8098	2	0
8098	3	1
8098	4	1
8098	5	0
8098	6	1
8098	7	1
8098	8	1
8098	9	1
8098	10	1
8098	11	1
8099	1	1
8099	2	0
8099	3	1
8099	4	1
8099	5	0
8099	6	1
8099	7	1
8099	8	1
8099	9	1
8099	10	1
8099	11	0
8107	1	1
8107	2	0
8107	3	0
8107	4	1
8107	5	0
8107	6	0
8107	7	0
8107	8	0
8107	9	0
8107	10	0
8107	11	0
8108	1	1
8108	2	0
8108	3	0
8108	4	1
8108	5	0
8108	6	1
8108	7	0
8108	8	0
8108	9	0
8108	10	1
8108	11	1
8109	1	1
8109	2	0
8109	3	1
8109	4	1
8109	5	1
8109	6	1
8109	7	1
8109	8	1
8109	9	1
8109	10	1
8109	11	0
8110	1	1
8110	2	0
8110	3	1
8110	4	0
8110	5	0
8110	6	0
8110	7	0
8110	8	0
8110	9	0
8110	10	1
8110	11	1
8111	1	1
8111	2	0
8111	3	0
8111	4	1
8111	5	1
8111	6	1
8111	7	1
8111	8	0
8111	9	1
8111	10	0
8111	11	0
8112	1	1
8112	2	0
8112	3	0
8112	4	0
8112	5	0
8112	6	0
8112	7	0
8112	8	1
8112	9	0
8112	10	0
8112	11	0
8114	1	1
8114	2	0
8114	3	0
8114	4	1
8114	5	0
8114	6	0
8114	7	1
8114	8	1
8114	9	1
8114	10	1
8114	11	1
8115	1	1
8115	2	0
8115	3	0
8115	4	1
8115	5	0
8115	6	1
8115	7	1
8115	8	0
8115	9	0
8115	10	1
8115	11	1
8123	1	1
8123	2	0
8123	3	0
8123	4	1
8123	5	0
8123	6	1
8123	7	1
8123	8	1
8123	9	0
8123	10	1
8123	11	0
8124	1	1
8124	2	0
8124	3	0
8124	4	0
8124	5	0
8124	6	0
8124	7	1
8124	8	0
8124	9	0
8124	10	0
8124	11	0
8125	1	1
8125	2	0
8125	3	0
8125	4	0
8125	5	0
8125	6	0
8125	7	0
8125	8	0
8125	9	0
8125	10	0
8125	11	0
8126	1	1
8126	2	0
8126	3	0
8126	4	1
8126	5	0
8126	6	1
8126	7	1
8126	8	1
8126	9	0
8126	10	0
8126	11	0
8127	1	1
8127	2	0
8127	3	0
8127	4	0
8127	5	0
8127	6	1
8127	7	1
8127	8	1
8127	9	0
8127	10	0
8127	11	0
8128	1	1
8128	2	0
8128	3	0
8128	4	0
8128	5	0
8128	6	0
8128	7	0
8128	8	1
8128	9	0
8128	10	0
8128	11	0
8129	1	1
8129	2	1
8129	3	0
8129	4	0
8129	5	0
8129	6	0
8129	7	0
8129	8	0
8129	9	0
8129	10	0
8129	11	0
8130	1	1
8130	2	0
8130	3	0
8130	4	1
8130	5	0
8130	6	0
8130	7	0
8130	8	1
8130	9	0
8130	10	0
8130	11	0
8135	1	1
8135	2	0
8135	3	0
8135	4	0
8135	5	0
8135	6	0
8135	7	0
8135	8	0
8135	9	0
8135	10	0
8135	11	0
8138	1	0
8138	2	0
8138	3	0
8138	4	0
8138	5	0
8138	6	0
8138	7	0
8138	8	1
8138	9	0
8138	10	0
8138	11	0
8140	1	0
8140	2	0
8140	3	0
8140	4	0
8140	5	0
8140	6	0
8140	7	0
8140	8	0
8140	9	0
8140	10	1
8140	11	0
8141	1	1
8141	2	1
8141	3	1
8141	4	1
8141	5	1
8141	6	1
8141	7	1
8141	8	1
8141	9	1
8141	10	1
8141	11	1
8142	1	0
8142	2	1
8142	3	0
8142	4	0
8142	5	0
8142	6	0
8142	7	0
8142	8	1
8142	9	1
8142	10	0
8142	11	0
8143	1	1
8143	2	1
8143	3	1
8143	4	0
8143	5	0
8143	6	0
8143	7	0
8143	8	1
8143	9	1
8143	10	1
8143	11	1
8144	1	1
8144	2	0
8144	3	0
8144	4	0
8144	5	0
8144	6	0
8144	7	0
8144	8	0
8144	9	0
8144	10	0
8144	11	0
8145	1	1
8145	2	1
8145	3	1
8145	4	1
8145	5	1
8145	6	1
8145	7	1
8145	8	1
8145	9	1
8145	10	1
8145	11	1
8146	1	1
8146	2	1
8146	3	1
8146	4	1
8146	5	0
8146	6	1
8146	7	1
8146	8	1
8146	9	1
8146	10	1
8146	11	0
8147	1	1
8147	2	0
8147	3	0
8147	4	0
8147	5	0
8147	6	0
8147	7	0
8147	8	0
8147	9	0
8147	10	0
8147	11	0
8148	1	0
8148	2	1
8148	3	0
8148	4	1
8148	5	1
8148	6	0
8148	7	1
8148	8	1
8148	9	1
8148	10	0
8148	11	0
8151	1	1
8151	2	1
8151	3	0
8151	4	1
8151	5	0
8151	6	0
8151	7	0
8151	8	1
8151	9	0
8151	10	0
8151	11	0
8152	1	0
8152	2	0
8152	3	0
8152	4	0
8152	5	0
8152	6	0
8152	7	0
8152	8	0
8152	9	0
8152	10	0
8152	11	0
8160	1	1
8160	2	1
8160	3	0
8160	4	0
8160	5	0
8160	6	0
8160	7	0
8160	8	0
8160	9	0
8160	10	0
8160	11	0
8161	1	1
8161	2	1
8161	3	1
8161	4	1
8161	5	0
8161	6	0
8161	7	1
8161	8	1
8161	9	1
8161	10	1
8161	11	1
8162	1	0
8162	2	0
8162	3	0
8162	4	0
8162	5	0
8162	6	0
8162	7	0
8162	8	1
8162	9	0
8162	10	0
8162	11	0
8163	1	0
8163	2	0
8163	3	0
8163	4	0
8163	5	0
8163	6	0
8163	7	0
8163	8	0
8163	9	0
8163	10	0
8163	11	0
8166	1	1
8166	2	1
8166	3	1
8166	4	0
8166	5	0
8166	6	1
8166	7	1
8166	8	1
8166	9	1
8166	10	1
8166	11	1
8168	1	1
8168	2	0
8168	3	1
8168	4	0
8168	5	0
8168	6	0
8168	7	0
8168	8	1
8168	9	1
8168	10	1
8168	11	0
8169	1	0
8169	2	0
8169	3	0
8169	4	0
8169	5	0
8169	6	0
8169	7	0
8169	8	0
8169	9	0
8169	10	0
8169	11	0
8170	1	0
8170	2	0
8170	3	0
8170	4	0
8170	5	0
8170	6	0
8170	7	0
8170	8	0
8170	9	0
8170	10	0
8170	11	0
8171	1	1
8171	2	1
8171	3	0
8171	4	0
8171	5	0
8171	6	0
8171	7	0
8171	8	1
8171	9	0
8171	10	1
8171	11	0
8172	1	1
8172	2	1
8172	3	0
8172	4	0
8172	5	0
8172	6	0
8172	7	0
8172	8	1
8172	9	1
8172	10	1
8172	11	0
8175	1	0
8175	2	0
8175	3	0
8175	4	0
8175	5	0
8175	6	0
8175	7	0
8175	8	0
8175	9	0
8175	10	1
8175	11	0
8177	1	0
8177	2	0
8177	3	0
8177	4	0
8177	5	0
8177	6	0
8177	7	0
8177	8	0
8177	9	0
8177	10	1
8177	11	0
8180	1	1
8180	2	1
8180	3	0
8180	4	0
8180	5	0
8180	6	0
8180	7	0
8180	8	0
8180	9	0
8180	10	0
8180	11	0
8181	1	1
8181	2	1
8181	3	0
8181	4	1
8181	5	0
8181	6	0
8181	7	1
8181	8	0
8181	9	0
8181	10	1
8181	11	1
8182	1	1
8182	2	0
8182	3	1
8182	4	1
8182	5	0
8182	6	1
8182	7	1
8182	8	1
8182	9	0
8182	10	1
8182	11	0
8184	1	1
8184	2	0
8184	3	0
8184	4	0
8184	5	0
8184	6	0
8184	7	0
8184	8	0
8184	9	0
8184	10	0
8184	11	0
8185	1	1
8185	2	0
8185	3	0
8185	4	0
8185	5	0
8185	6	0
8185	7	0
8185	8	1
8185	9	0
8185	10	0
8185	11	0
8186	1	0
8186	2	1
8186	3	0
8186	4	0
8186	5	0
8186	6	0
8186	7	0
8186	8	1
8186	9	0
8186	10	1
8186	11	0
8188	1	1
8188	2	0
8188	3	0
8188	4	1
8188	5	0
8188	6	1
8188	7	1
8188	8	1
8188	9	0
8188	10	1
8188	11	0
8189	1	1
8189	2	0
8189	3	1
8189	4	0
8189	5	0
8189	6	1
8189	7	1
8189	8	1
8189	9	1
8189	10	1
8189	11	0
8192	1	1
8192	2	0
8192	3	0
8192	4	1
8192	5	0
8192	6	1
8192	7	1
8192	8	1
8192	9	1
8192	10	1
8192	11	0
8193	1	1
8193	2	0
8193	3	1
8193	4	1
8193	5	0
8193	6	1
8193	7	1
8193	8	1
8193	9	0
8193	10	0
8193	11	0
8198	1	0
8198	2	0
8198	3	0
8198	4	0
8198	5	0
8198	6	0
8198	7	0
8198	8	1
8198	9	0
8198	10	0
8198	11	0
8199	1	0
8199	2	0
8199	3	0
8199	4	0
8199	5	0
8199	6	0
8199	7	1
8199	8	1
8199	9	0
8199	10	1
8199	11	0
8201	1	0
8201	2	1
8201	3	0
8201	4	0
8201	5	0
8201	6	0
8201	7	0
8201	8	0
8201	9	0
8201	10	0
8201	11	0
8202	1	1
8202	2	1
8202	3	1
8202	4	1
8202	5	0
8202	6	0
8202	7	0
8202	8	1
8202	9	0
8202	10	1
8202	11	0
8203	1	1
8203	2	1
8203	3	0
8203	4	0
8203	5	0
8203	6	0
8203	7	0
8203	8	1
8203	9	0
8203	10	0
8203	11	0
8204	1	1
8204	2	1
8204	3	0
8204	4	0
8204	5	0
8204	6	0
8204	7	0
8204	8	0
8204	9	1
8204	10	0
8204	11	0
8205	1	0
8205	2	0
8205	3	0
8205	4	0
8205	5	0
8205	6	0
8205	7	0
8205	8	1
8205	9	0
8205	10	1
8205	11	1
8206	1	1
8206	2	1
8206	3	0
8206	4	0
8206	5	0
8206	6	0
8206	7	0
8206	8	1
8206	9	0
8206	10	1
8206	11	1
8207	1	0
8207	2	0
8207	3	0
8207	4	0
8207	5	0
8207	6	0
8207	7	0
8207	8	1
8207	9	0
8207	10	1
8207	11	1
8209	1	0
8209	2	0
8209	3	0
8209	4	0
8209	5	0
8209	6	0
8209	7	0
8209	8	0
8209	9	0
8209	10	0
8209	11	0
8210	1	1
8210	2	0
8210	3	0
8210	4	0
8210	5	0
8210	6	0
8210	7	0
8210	8	0
8210	9	0
8210	10	0
8210	11	0
8211	1	1
8211	2	0
8211	3	0
8211	4	0
8211	5	0
8211	6	0
8211	7	0
8211	8	0
8211	9	0
8211	10	0
8211	11	0
8212	1	1
8212	2	0
8212	3	0
8212	4	1
8212	5	0
8212	6	0
8212	7	1
8212	8	1
8212	9	1
8212	10	0
8212	11	0
8213	1	0
8213	2	0
8213	3	0
8213	4	0
8213	5	0
8213	6	0
8213	7	0
8213	8	0
8213	9	0
8213	10	0
8213	11	0
8215	1	1
8215	2	1
8215	3	1
8215	4	1
8215	5	0
8215	6	0
8215	7	0
8215	8	1
8215	9	1
8215	10	0
8215	11	0
8216	1	1
8216	2	0
8216	3	0
8216	4	1
8216	5	0
8216	6	1
8216	7	1
8216	8	1
8216	9	1
8216	10	0
8216	11	0
8217	1	1
8217	2	0
8217	3	0
8217	4	1
8217	5	0
8217	6	0
8217	7	1
8217	8	1
8217	9	0
8217	10	1
8217	11	0
8219	1	0
8219	2	0
8219	3	0
8219	4	0
8219	5	0
8219	6	0
8219	7	0
8219	8	0
8219	9	0
8219	10	1
8219	11	0
8220	1	1
8220	2	1
8220	3	0
8220	4	0
8220	5	0
8220	6	0
8220	7	0
8220	8	1
8220	9	0
8220	10	1
8220	11	0
8223	1	1
8223	2	0
8223	3	0
8223	4	0
8223	5	0
8223	6	0
8223	7	0
8223	8	1
8223	9	0
8223	10	0
8223	11	0
8226	1	1
8226	2	0
8226	3	0
8226	4	0
8226	5	0
8226	6	1
8226	7	1
8226	8	1
8226	9	0
8226	10	0
8226	11	0
8227	1	1
8227	2	0
8227	3	0
8227	4	1
8227	5	0
8227	6	0
8227	7	0
8227	8	1
8227	9	1
8227	10	0
8227	11	0
8228	1	1
8228	2	1
8228	3	1
8228	4	0
8228	5	0
8228	6	0
8228	7	0
8228	8	0
8228	9	0
8228	10	0
8228	11	0
8232	1	1
8232	2	1
8232	3	1
8232	4	1
8232	5	1
8232	6	1
8232	7	0
8232	8	1
8232	9	1
8232	10	0
8232	11	0
8236	1	1
8236	2	1
8236	3	0
8236	4	0
8236	5	0
8236	6	0
8236	7	0
8236	8	1
8236	9	0
8236	10	0
8236	11	0
8237	1	1
8237	2	0
8237	3	0
8237	4	0
8237	5	0
8237	6	0
8237	7	0
8237	8	1
8237	9	1
8237	10	0
8237	11	0
8239	1	1
8239	2	1
8239	3	0
8239	4	0
8239	5	0
8239	6	0
8239	7	0
8239	8	1
8239	9	0
8239	10	1
8239	11	0
8248	1	1
8248	2	1
8248	3	0
8248	4	0
8248	5	0
8248	6	0
8248	7	0
8248	8	1
8248	9	0
8248	10	1
8248	11	0
8250	1	0
8250	2	0
8250	3	0
8250	4	0
8250	5	0
8250	6	0
8250	7	0
8250	8	0
8250	9	0
8250	10	0
8250	11	0
8251	1	1
8251	2	0
8251	3	0
8251	4	0
8251	5	1
8251	6	0
8251	7	0
8251	8	1
8251	9	1
8251	10	0
8251	11	0
8254	1	1
8254	2	0
8254	3	0
8254	4	0
8254	5	0
8254	6	1
8254	7	1
8254	8	1
8254	9	0
8254	10	0
8254	11	0
8255	1	1
8255	2	0
8255	3	0
8255	4	0
8255	5	0
8255	6	1
8255	7	1
8255	8	1
8255	9	0
8255	10	0
8255	11	0
8257	1	1
8257	2	0
8257	3	1
8257	4	1
8257	5	0
8257	6	1
8257	7	1
8257	8	0
8257	9	0
8257	10	0
8257	11	0
8258	1	1
8258	2	0
8258	3	0
8258	4	0
8258	5	0
8258	6	1
8258	7	1
8258	8	1
8258	9	0
8258	10	0
8258	11	0
8259	1	1
8259	2	0
8259	3	0
8259	4	0
8259	5	0
8259	6	0
8259	7	0
8259	8	0
8259	9	0
8259	10	0
8259	11	0
8260	1	1
8260	2	0
8260	3	0
8260	4	0
8260	5	0
8260	6	0
8260	7	1
8260	8	1
8260	9	0
8260	10	0
8260	11	0
8261	1	1
8261	2	0
8261	3	1
8261	4	1
8261	5	0
8261	6	1
8261	7	1
8261	8	1
8261	9	1
8261	10	0
8261	11	0
8264	1	1
8264	2	1
8264	3	0
8264	4	0
8264	5	0
8264	6	0
8264	7	0
8264	8	1
8264	9	0
8264	10	1
8264	11	0
8267	1	1
8267	2	0
8267	3	1
8267	4	1
8267	5	0
8267	6	1
8267	7	1
8267	8	1
8267	9	1
8267	10	1
8267	11	1
8269	1	1
8269	2	0
8269	3	0
8269	4	0
8269	5	0
8269	6	1
8269	7	1
8269	8	1
8269	9	1
8269	10	1
8269	11	0
8273	1	1
8273	2	0
8273	3	0
8273	4	1
8273	5	0
8273	6	0
8273	7	0
8273	8	0
8273	9	1
8273	10	0
8273	11	0
8274	1	1
8274	2	0
8274	3	0
8274	4	1
8274	5	0
8274	6	1
8274	7	1
8274	8	1
8274	9	1
8274	10	0
8274	11	0
8275	1	1
8275	2	0
8275	3	1
8275	4	0
8275	5	0
8275	6	0
8275	7	0
8275	8	0
8275	9	0
8275	10	0
8275	11	0
8276	1	1
8276	2	0
8276	3	0
8276	4	0
8276	5	0
8276	6	0
8276	7	1
8276	8	0
8276	9	0
8276	10	1
8276	11	0
8277	1	1
8277	2	1
8277	3	1
8277	4	1
8277	5	0
8277	6	1
8277	7	1
8277	8	0
8277	9	1
8277	10	1
8277	11	1
8279	1	0
8279	2	0
8279	3	0
8279	4	0
8279	5	0
8279	6	0
8279	7	0
8279	8	0
8279	9	0
8279	10	1
8279	11	0
8281	1	1
8281	2	0
8281	3	0
8281	4	0
8281	5	0
8281	6	0
8281	7	1
8281	8	1
8281	9	0
8281	10	0
8281	11	0
8285	1	1
8285	2	0
8285	3	0
8285	4	1
8285	5	0
8285	6	1
8285	7	1
8285	8	1
8285	9	0
8285	10	1
8285	11	0
8286	1	1
8286	2	0
8286	3	1
8286	4	1
8286	5	0
8286	6	1
8286	7	1
8286	8	1
8286	9	0
8286	10	1
8286	11	0
8287	1	1
8287	2	0
8287	3	0
8287	4	1
8287	5	0
8287	6	0
8287	7	1
8287	8	0
8287	9	0
8287	10	1
8287	11	0
8290	1	1
8290	2	0
8290	3	0
8290	4	0
8290	5	0
8290	6	1
8290	7	1
8290	8	1
8290	9	0
8290	10	0
8290	11	0
8297	1	1
8297	2	0
8297	3	1
8297	4	1
8297	5	0
8297	6	1
8297	7	1
8297	8	1
8297	9	1
8297	10	1
8297	11	1
8298	1	1
8298	2	0
8298	3	1
8298	4	1
8298	5	1
8298	6	1
8298	7	1
8298	8	1
8298	9	0
8298	10	1
8298	11	1
8302	1	1
8302	2	0
8302	3	1
8302	4	1
8302	5	0
8302	6	1
8302	7	1
8302	8	0
8302	9	0
8302	10	1
8302	11	0
8304	1	1
8304	2	0
8304	3	0
8304	4	0
8304	5	0
8304	6	0
8304	7	0
8304	8	0
8304	9	0
8304	10	0
8304	11	0
8305	1	1
8305	2	0
8305	3	0
8305	4	1
8305	5	0
8305	6	1
8305	7	1
8305	8	0
8305	9	0
8305	10	0
8305	11	0
8306	1	1
8306	2	0
8306	3	1
8306	4	1
8306	5	1
8306	6	1
8306	7	1
8306	8	1
8306	9	0
8306	10	0
8306	11	0
8307	1	1
8307	2	0
8307	3	0
8307	4	0
8307	5	0
8307	6	1
8307	7	1
8307	8	1
8307	9	0
8307	10	0
8307	11	0
8310	1	1
8310	2	0
8310	3	0
8310	4	1
8310	5	0
8310	6	0
8310	7	0
8310	8	0
8310	9	0
8310	10	1
8310	11	0
8311	1	1
8311	2	0
8311	3	0
8311	4	0
8311	5	0
8311	6	1
8311	7	1
8311	8	1
8311	9	0
8311	10	0
8311	11	0
8316	1	1
8316	2	1
8316	3	1
8316	4	1
8316	5	1
8316	6	0
8316	7	1
8316	8	1
8316	9	1
8316	10	1
8316	11	1
8317	1	1
8317	2	1
8317	3	1
8317	4	0
8317	5	0
8317	6	0
8317	7	0
8317	8	0
8317	9	0
8317	10	1
8317	11	1
8318	1	1
8318	2	0
8318	3	0
8318	4	0
8318	5	0
8318	6	0
8318	7	0
8318	8	0
8318	9	0
8318	10	0
8318	11	0
8319	1	1
8319	2	0
8319	3	0
8319	4	0
8319	5	0
8319	6	0
8319	7	0
8319	8	0
8319	9	0
8319	10	0
8319	11	0
8320	1	1
8320	2	0
8320	3	0
8320	4	0
8320	5	0
8320	6	0
8320	7	0
8320	8	0
8320	9	0
8320	10	0
8320	11	0
8321	1	1
8321	2	0
8321	3	1
8321	4	0
8321	5	0
8321	6	1
8321	7	1
8321	8	1
8321	9	0
8321	10	1
8321	11	1
8322	1	1
8322	2	0
8322	3	1
8322	4	1
8322	5	0
8322	6	1
8322	7	1
8322	8	1
8322	9	1
8322	10	0
8322	11	0
8323	1	1
8323	2	0
8323	3	0
8323	4	0
8323	5	0
8323	6	0
8323	7	0
8323	8	1
8323	9	0
8323	10	0
8323	11	0
8325	1	1
8325	2	0
8325	3	0
8325	4	0
8325	5	0
8325	6	0
8325	7	0
8325	8	0
8325	9	0
8325	10	0
8325	11	0
8327	1	1
8327	2	0
8327	3	0
8327	4	1
8327	5	1
8327	6	1
8327	7	1
8327	8	0
8327	9	1
8327	10	0
8327	11	0
8328	1	1
8328	2	1
8328	3	0
8328	4	0
8328	5	0
8328	6	0
8328	7	0
8328	8	0
8328	9	1
8328	10	0
8328	11	0
8333	1	1
8333	2	0
8333	3	0
8333	4	0
8333	5	0
8333	6	0
8333	7	0
8333	8	1
8333	9	0
8333	10	0
8333	11	0
8334	1	1
8334	2	0
8334	3	0
8334	4	0
8334	5	0
8334	6	0
8334	7	0
8334	8	1
8334	9	0
8334	10	1
8334	11	0
8336	1	0
8336	2	0
8336	3	0
8336	4	0
8336	5	0
8336	6	0
8336	7	0
8336	8	0
8336	9	0
8336	10	0
8336	11	0
8337	1	0
8337	2	0
8337	3	0
8337	4	0
8337	5	0
8337	6	0
8337	7	0
8337	8	0
8337	9	0
8337	10	0
8337	11	0
8340	1	0
8340	2	0
8340	3	0
8340	4	1
8340	5	0
8340	6	0
8340	7	0
8340	8	0
8340	9	0
8340	10	0
8340	11	0
8341	1	1
8341	2	0
8341	3	0
8341	4	0
8341	5	0
8341	6	0
8341	7	0
8341	8	0
8341	9	0
8341	10	0
8341	11	0
8342	1	1
8342	2	1
8342	3	0
8342	4	0
8342	5	0
8342	6	0
8342	7	0
8342	8	0
8342	9	1
8342	10	1
8342	11	1
8343	1	1
8343	2	1
8343	3	1
8343	4	0
8343	5	0
8343	6	0
8343	7	0
8343	8	1
8343	9	1
8343	10	1
8343	11	1
8345	1	1
8345	2	0
8345	3	0
8345	4	0
8345	5	0
8345	6	0
8345	7	0
8345	8	0
8345	9	0
8345	10	0
8345	11	0
8348	1	0
8348	2	0
8348	3	0
8348	4	0
8348	5	0
8348	6	0
8348	7	0
8348	8	0
8348	9	0
8348	10	0
8348	11	0
8349	1	1
8349	2	1
8349	3	0
8349	4	0
8349	5	0
8349	6	0
8349	7	0
8349	8	1
8349	9	0
8349	10	1
8349	11	0
8350	1	1
8350	2	1
8350	3	0
8350	4	0
8350	5	0
8350	6	0
8350	7	0
8350	8	1
8350	9	1
8350	10	1
8350	11	0
8353	1	1
8353	2	0
8353	3	0
8353	4	1
8353	5	0
8353	6	0
8353	7	0
8353	8	1
8353	9	0
8353	10	0
8353	11	0
8357	1	1
8357	2	1
8357	3	0
8357	4	0
8357	5	0
8357	6	0
8357	7	0
8357	8	0
8357	9	0
8357	10	1
8357	11	0
8358	1	0
8358	2	1
8358	3	0
8358	4	0
8358	5	0
8358	6	0
8358	7	0
8358	8	0
8358	9	0
8358	10	0
8358	11	0
8360	1	1
8360	2	1
8360	3	1
8360	4	1
8360	5	0
8360	6	1
8360	7	1
8360	8	1
8360	9	1
8360	10	1
8360	11	0
8362	1	1
8362	2	0
8362	3	0
8362	4	0
8362	5	0
8362	6	0
8362	7	0
8362	8	0
8362	9	0
8362	10	1
8362	11	0
8364	1	1
8364	2	0
8364	3	0
8364	4	0
8364	5	0
8364	6	0
8364	7	0
8364	8	0
8364	9	0
8364	10	0
8364	11	0
8365	1	1
8365	2	0
8365	3	1
8365	4	1
8365	5	0
8365	6	1
8365	7	1
8365	8	0
8365	9	0
8365	10	1
8365	11	1
8366	1	1
8366	2	0
8366	3	1
8366	4	1
8366	5	1
8366	6	1
8366	7	1
8366	8	1
8366	9	1
8366	10	1
8366	11	0
8367	1	1
8367	2	0
8367	3	0
8367	4	1
8367	5	0
8367	6	1
8367	7	1
8367	8	1
8367	9	0
8367	10	0
8367	11	0
8368	1	1
8368	2	0
8368	3	1
8368	4	1
8368	5	0
8368	6	1
8368	7	1
8368	8	1
8368	9	1
8368	10	0
8368	11	0
8369	1	0
8369	2	0
8369	3	0
8369	4	0
8369	5	0
8369	6	0
8369	7	1
8369	8	0
8369	9	0
8369	10	0
8369	11	0
8370	1	1
8370	2	0
8370	3	1
8370	4	1
8370	5	0
8370	6	1
8370	7	1
8370	8	1
8370	9	1
8370	10	1
8370	11	1
8371	1	1
8371	2	0
8371	3	1
8371	4	1
8371	5	0
8371	6	1
8371	7	1
8371	8	1
8371	9	1
8371	10	1
8371	11	0
8372	1	0
8372	2	0
8372	3	0
8372	4	0
8372	5	0
8372	6	0
8372	7	0
8372	8	1
8372	9	0
8372	10	1
8372	11	0
8373	1	1
8373	2	0
8373	3	0
8373	4	0
8373	5	0
8373	6	0
8373	7	1
8373	8	1
8373	9	1
8373	10	1
8373	11	0
8374	1	1
8374	2	0
8374	3	0
8374	4	1
8374	5	0
8374	6	1
8374	7	1
8374	8	0
8374	9	1
8374	10	0
8374	11	0
8375	1	1
8375	2	0
8375	3	0
8375	4	0
8375	5	0
8375	6	1
8375	7	1
8375	8	1
8375	9	0
8375	10	1
8375	11	0
8376	1	1
8376	2	0
8376	3	1
8376	4	1
8376	5	0
8376	6	1
8376	7	1
8376	8	1
8376	9	0
8376	10	0
8376	11	0
8377	1	1
8377	2	0
8377	3	0
8377	4	0
8377	5	0
8377	6	0
8377	7	0
8377	8	0
8377	9	0
8377	10	0
8377	11	0
8378	1	1
8378	2	0
8378	3	0
8378	4	1
8378	5	0
8378	6	1
8378	7	1
8378	8	1
8378	9	0
8378	10	0
8378	11	0
8379	1	1
8379	2	0
8379	3	0
8379	4	0
8379	5	0
8379	6	1
8379	7	1
8379	8	0
8379	9	0
8379	10	0
8379	11	0
8380	1	0
8380	2	0
8380	3	0
8380	4	1
8380	5	0
8380	6	0
8380	7	0
8380	8	0
8380	9	0
8380	10	0
8380	11	0
8381	1	1
8381	2	1
8381	3	1
8381	4	1
8381	5	0
8381	6	1
8381	7	1
8381	8	0
8381	9	1
8381	10	1
8381	11	1
8382	1	1
8382	2	1
8382	3	0
8382	4	0
8382	5	0
8382	6	0
8382	7	0
8382	8	1
8382	9	0
8382	10	0
8382	11	0
8383	1	1
8383	2	0
8383	3	0
8383	4	0
8383	5	0
8383	6	0
8383	7	0
8383	8	0
8383	9	0
8383	10	0
8383	11	0
8384	1	1
8384	2	0
8384	3	1
8384	4	0
8384	5	0
8384	6	1
8384	7	1
8384	8	1
8384	9	0
8384	10	0
8384	11	0
8385	1	1
8385	2	0
8385	3	0
8385	4	0
8385	5	0
8385	6	1
8385	7	1
8385	8	1
8385	9	0
8385	10	0
8385	11	0
8386	1	1
8386	2	0
8386	3	0
8386	4	0
8386	5	0
8386	6	0
8386	7	1
8386	8	1
8386	9	0
8386	10	0
8386	11	0
8387	1	1
8387	2	0
8387	3	1
8387	4	1
8387	5	0
8387	6	1
8387	7	1
8387	8	1
8387	9	0
8387	10	1
8387	11	0
8388	1	0
8388	2	0
8388	3	0
8388	4	0
8388	5	0
8388	6	0
8388	7	1
8388	8	0
8388	9	0
8388	10	0
8388	11	0
8389	1	1
8389	2	0
8389	3	0
8389	4	1
8389	5	1
8389	6	1
8389	7	1
8389	8	1
8389	9	1
8389	10	1
8389	11	1
8390	1	1
8390	2	0
8390	3	0
8390	4	1
8390	5	0
8390	6	0
8390	7	0
8390	8	1
8390	9	1
8390	10	1
8390	11	1
8391	1	0
8391	2	0
8391	3	0
8391	4	0
8391	5	0
8391	6	0
8391	7	1
8391	8	0
8391	9	0
8391	10	0
8391	11	0
8392	1	1
8392	2	0
8392	3	0
8392	4	1
8392	5	0
8392	6	0
8392	7	1
8392	8	0
8392	9	0
8392	10	0
8392	11	1
8393	1	1
8393	2	0
8393	3	0
8393	4	1
8393	5	0
8393	6	1
8393	7	1
8393	8	1
8393	9	0
8393	10	0
8393	11	1
8394	1	1
8394	2	0
8394	3	0
8394	4	1
8394	5	0
8394	6	1
8394	7	1
8394	8	1
8394	9	1
8394	10	0
8394	11	0
8395	1	1
8395	2	0
8395	3	0
8395	4	0
8395	5	0
8395	6	0
8395	7	1
8395	8	1
8395	9	0
8395	10	0
8395	11	0
8396	1	1
8396	2	0
8396	3	1
8396	4	1
8396	5	0
8396	6	1
8396	7	1
8396	8	1
8396	9	0
8396	10	0
8396	11	0
8397	1	1
8397	2	0
8397	3	0
8397	4	0
8397	5	0
8397	6	0
8397	7	0
8397	8	0
8397	9	0
8397	10	0
8397	11	0
8398	1	0
8398	2	0
8398	3	0
8398	4	0
8398	5	0
8398	6	0
8398	7	0
8398	8	0
8398	9	0
8398	10	0
8398	11	0
8399	1	1
8399	2	0
8399	3	0
8399	4	1
8399	5	0
8399	6	1
8399	7	1
8399	8	1
8399	9	0
8399	10	1
8399	11	0
8402	1	1
8402	2	1
8402	3	1
8402	4	1
8402	5	0
8402	6	1
8402	7	1
8402	8	1
8402	9	1
8402	10	1
8402	11	1
8403	1	1
8403	2	1
8403	3	0
8403	4	0
8403	5	0
8403	6	0
8403	7	0
8403	8	1
8403	9	0
8403	10	0
8403	11	0
8404	1	0
8404	2	0
8404	3	0
8404	4	0
8404	5	0
8404	6	0
8404	7	0
8404	8	0
8404	9	0
8404	10	0
8404	11	0
8405	1	1
8405	2	0
8405	3	0
8405	4	0
8405	5	0
8405	6	0
8405	7	0
8405	8	0
8405	9	0
8405	10	1
8405	11	0
8406	1	1
8406	2	0
8406	3	0
8406	4	0
8406	5	0
8406	6	0
8406	7	0
8406	8	0
8406	9	0
8406	10	0
8406	11	0
8407	1	0
8407	2	0
8407	3	0
8407	4	0
8407	5	0
8407	6	0
8407	7	0
8407	8	1
8407	9	0
8407	10	0
8407	11	0
8408	1	1
8408	2	0
8408	3	0
8408	4	1
8408	5	0
8408	6	0
8408	7	0
8408	8	0
8408	9	0
8408	10	0
8408	11	0
8409	1	0
8409	2	0
8409	3	0
8409	4	0
8409	5	0
8409	6	0
8409	7	0
8409	8	0
8409	9	0
8409	10	1
8409	11	0
8410	1	1
8410	2	0
8410	3	1
8410	4	1
8410	5	0
8410	6	1
8410	7	1
8410	8	1
8410	9	1
8410	10	1
8410	11	1
8411	1	1
8411	2	0
8411	3	0
8411	4	1
8411	5	0
8411	6	1
8411	7	1
8411	8	0
8411	9	1
8411	10	0
8411	11	0
8412	1	1
8412	2	0
8412	3	0
8412	4	0
8412	5	0
8412	6	0
8412	7	1
8412	8	1
8412	9	0
8412	10	1
8412	11	0
8413	1	1
8413	2	0
8413	3	0
8413	4	0
8413	5	0
8413	6	0
8413	7	0
8413	8	0
8413	9	0
8413	10	0
8413	11	0
8414	1	1
8414	2	0
8414	3	0
8414	4	0
8414	5	0
8414	6	1
8414	7	1
8414	8	1
8414	9	0
8414	10	0
8414	11	0
8415	1	0
8415	2	0
8415	3	0
8415	4	0
8415	5	0
8415	6	0
8415	7	0
8415	8	1
8415	9	0
8415	10	0
8415	11	0
8416	1	1
8416	2	1
8416	3	0
8416	4	0
8416	5	0
8416	6	0
8416	7	0
8416	8	1
8416	9	0
8416	10	0
8416	11	0
8417	1	1
8417	2	0
8417	3	0
8417	4	0
8417	5	0
8417	6	0
8417	7	0
8417	8	0
8417	9	0
8417	10	0
8417	11	0
8418	1	0
8418	2	0
8418	3	0
8418	4	0
8418	5	0
8418	6	0
8418	7	0
8418	8	1
8418	9	0
8418	10	0
8418	11	0
8419	1	1
8419	2	0
8419	3	0
8419	4	0
8419	5	0
8419	6	0
8419	7	0
8419	8	0
8419	9	0
8419	10	0
8419	11	0
8420	1	1
8420	2	1
8420	3	0
8420	4	0
8420	5	0
8420	6	0
8420	7	0
8420	8	1
8420	9	0
8420	10	1
8420	11	0
8421	1	0
8421	2	1
8421	3	0
8421	4	0
8421	5	0
8421	6	0
8421	7	0
8421	8	0
8421	9	0
8421	10	0
8421	11	1
8422	1	1
8422	2	1
8422	3	1
8422	4	1
8422	5	0
8422	6	1
8422	7	1
8422	8	1
8422	9	1
8422	10	0
8422	11	0
8423	1	1
8423	2	0
8423	3	0
8423	4	0
8423	5	0
8423	6	0
8423	7	0
8423	8	0
8423	9	0
8423	10	0
8423	11	0
8424	1	1
8424	2	0
8424	3	1
8424	4	0
8424	5	0
8424	6	1
8424	7	1
8424	8	1
8424	9	1
8424	10	1
8424	11	1
8425	1	1
8425	2	1
8425	3	0
8425	4	0
8425	5	0
8425	6	0
8425	7	0
8425	8	0
8425	9	0
8425	10	0
8425	11	0
8426	1	1
8426	2	1
8426	3	0
8426	4	0
8426	5	0
8426	6	0
8426	7	0
8426	8	1
8426	9	0
8426	10	0
8426	11	0
8427	1	0
8427	2	0
8427	3	0
8427	4	0
8427	5	0
8427	6	0
8427	7	0
8427	8	1
8427	9	0
8427	10	1
8427	11	0
8428	1	1
8428	2	0
8428	3	0
8428	4	0
8428	5	0
8428	6	0
8428	7	0
8428	8	0
8428	9	0
8428	10	1
8428	11	0
8429	1	0
8429	2	0
8429	3	0
8429	4	0
8429	5	0
8429	6	0
8429	7	0
8429	8	0
8429	9	0
8429	10	0
8429	11	0
8430	1	1
8430	2	0
8430	3	0
8430	4	0
8430	5	1
8430	6	0
8430	7	0
8430	8	0
8430	9	0
8430	10	0
8430	11	0
8431	1	1
8431	2	0
8431	3	0
8431	4	1
8431	5	0
8431	6	0
8431	7	0
8431	8	0
8431	9	0
8431	10	0
8431	11	0
8432	1	1
8432	2	0
8432	3	0
8432	4	0
8432	5	0
8432	6	0
8432	7	0
8432	8	0
8432	9	0
8432	10	0
8432	11	0
8433	1	0
8433	2	0
8433	3	0
8433	4	0
8433	5	0
8433	6	0
8433	7	0
8433	8	1
8433	9	0
8433	10	0
8433	11	0
8434	1	1
8434	2	0
8434	3	0
8434	4	0
8434	5	0
8434	6	1
8434	7	0
8434	8	0
8434	9	0
8434	10	0
8434	11	0
8435	1	1
8435	2	0
8435	3	0
8435	4	1
8435	5	1
8435	6	1
8435	7	1
8435	8	1
8435	9	1
8435	10	0
8435	11	0
8436	1	1
8436	2	0
8436	3	0
8436	4	1
8436	5	0
8436	6	1
8436	7	1
8436	8	0
8436	9	0
8436	10	0
8436	11	0
8437	1	1
8437	2	1
8437	3	0
8437	4	1
8437	5	0
8437	6	1
8437	7	1
8437	8	1
8437	9	0
8437	10	1
8437	11	1
8438	1	1
8438	2	0
8438	3	0
8438	4	1
8438	5	1
8438	6	1
8438	7	1
8438	8	1
8438	9	0
8438	10	1
8438	11	1
8439	1	1
8439	2	0
8439	3	0
8439	4	0
8439	5	0
8439	6	1
8439	7	1
8439	8	1
8439	9	0
8439	10	1
8439	11	1
8440	1	1
8440	2	0
8440	3	0
8440	4	0
8440	5	0
8440	6	0
8440	7	0
8440	8	0
8440	9	0
8440	10	0
8440	11	0
8441	1	1
8441	2	0
8441	3	0
8441	4	0
8441	5	0
8441	6	0
8441	7	0
8441	8	0
8441	9	0
8441	10	0
8441	11	0
8442	1	1
8442	2	0
8442	3	0
8442	4	1
8442	5	0
8442	6	1
8442	7	1
8442	8	1
8442	9	1
8442	10	0
8442	11	0
8443	1	1
8443	2	0
8443	3	1
8443	4	1
8443	5	0
8443	6	1
8443	7	1
8443	8	1
8443	9	1
8443	10	0
8443	11	0
8444	1	1
8444	2	0
8444	3	0
8444	4	0
8444	5	0
8444	6	1
8444	7	1
8444	8	0
8444	9	0
8444	10	0
8444	11	0
8445	1	1
8445	2	0
8445	3	0
8445	4	1
8445	5	0
8445	6	1
8445	7	1
8445	8	1
8445	9	0
8445	10	0
8445	11	0
8447	1	1
8447	2	0
8447	3	0
8447	4	0
8447	5	0
8447	6	1
8447	7	1
8447	8	1
8447	9	1
8447	10	0
8447	11	0
8448	1	1
8448	2	0
8448	3	0
8448	4	1
8448	5	0
8448	6	1
8448	7	1
8448	8	1
8448	9	1
8448	10	1
8448	11	0
8449	1	1
8449	2	0
8449	3	0
8449	4	1
8449	5	0
8449	6	1
8449	7	1
8449	8	1
8449	9	0
8449	10	0
8449	11	0
8501	1	1
8501	2	0
8501	3	0
8501	4	0
8501	5	0
8501	6	0
8501	7	1
8501	8	1
8501	9	1
8501	10	1
8501	11	0
8502	1	1
8502	2	0
8502	3	1
8502	4	0
8502	5	0
8502	6	1
8502	7	1
8502	8	1
8502	9	1
8502	10	1
8502	11	1
8503	1	1
8503	2	0
8503	3	0
8503	4	1
8503	5	0
8503	6	1
8503	7	0
8503	8	1
8503	9	1
8503	10	0
8503	11	0
8504	1	1
8504	2	0
8504	3	0
8504	4	0
8504	5	0
8504	6	1
8504	7	1
8504	8	1
8504	9	0
8504	10	1
8504	11	0
8505	1	1
8505	2	0
8505	3	1
8505	4	1
8505	5	0
8505	6	1
8505	7	1
8505	8	1
8505	9	1
8505	10	0
8505	11	0
8506	1	1
8506	2	0
8506	3	0
8506	4	0
8506	5	0
8506	6	0
8506	7	0
8506	8	1
8506	9	0
8506	10	0
8506	11	0
8507	1	0
8507	2	0
8507	3	0
8507	4	0
8507	5	0
8507	6	0
8507	7	0
8507	8	1
8507	9	1
8507	10	0
8507	11	0
8508	1	0
8508	2	0
8508	3	0
8508	4	0
8508	5	0
8508	6	0
8508	7	0
8508	8	1
8508	9	0
8508	10	1
8508	11	0
8509	1	1
8509	2	0
8509	3	1
8509	4	0
8509	5	1
8509	6	1
8509	7	1
8509	8	1
8509	9	0
8509	10	0
8509	11	0
8510	1	0
8510	2	0
8510	3	0
8510	4	1
8510	5	0
8510	6	0
8510	7	0
8510	8	0
8510	9	0
8510	10	0
8510	11	0
8511	1	1
8511	2	0
8511	3	1
8511	4	1
8511	5	0
8511	6	1
8511	7	1
8511	8	1
8511	9	1
8511	10	1
8511	11	0
8512	1	1
8512	2	0
8512	3	0
8512	4	0
8512	5	0
8512	6	0
8512	7	0
8512	8	1
8512	9	0
8512	10	0
8512	11	0
8513	1	1
8513	2	1
8513	3	0
8513	4	1
8513	5	0
8513	6	0
8513	7	0
8513	8	1
8513	9	1
8513	10	0
8513	11	0
8514	1	1
8514	2	0
8514	3	0
8514	4	1
8514	5	0
8514	6	1
8514	7	1
8514	8	1
8514	9	1
8514	10	1
8514	11	0
8515	1	1
8515	2	0
8515	3	0
8515	4	0
8515	5	0
8515	6	1
8515	7	1
8515	8	1
8515	9	0
8515	10	1
8515	11	0
8516	1	1
8516	2	1
8516	3	0
8516	4	0
8516	5	1
8516	6	0
8516	7	0
8516	8	1
8516	9	1
8516	10	0
8516	11	0
8517	1	0
8517	2	0
8517	3	0
8517	4	0
8517	5	0
8517	6	0
8517	7	0
8517	8	0
8517	9	0
8517	10	0
8517	11	0
8518	1	1
8518	2	0
8518	3	0
8518	4	1
8518	5	0
8518	6	0
8518	7	0
8518	8	1
8518	9	0
8518	10	0
8518	11	0
8519	1	1
8519	2	0
8519	3	1
8519	4	1
8519	5	0
8519	6	0
8519	7	0
8519	8	1
8519	9	0
8519	10	0
8519	11	0
8520	1	1
8520	2	0
8520	3	0
8520	4	1
8520	5	0
8520	6	1
8520	7	1
8520	8	1
8520	9	1
8520	10	0
8520	11	0
8521	1	1
8521	2	0
8521	3	0
8521	4	1
8521	5	1
8521	6	1
8521	7	1
8521	8	1
8521	9	1
8521	10	0
8521	11	0
8522	1	1
8522	2	1
8522	3	0
8522	4	0
8522	5	0
8522	6	0
8522	7	0
8522	8	1
8522	9	0
8522	10	0
8522	11	0
8523	1	0
8523	2	0
8523	3	0
8523	4	0
8523	5	0
8523	6	0
8523	7	0
8523	8	1
8523	9	0
8523	10	0
8523	11	0
8601	1	1
8601	2	0
8601	3	0
8601	4	1
8601	5	0
8601	6	1
8601	7	1
8601	8	1
8601	9	0
8601	10	0
8601	11	0
8602	1	0
8602	2	1
8602	3	0
8602	4	0
8602	5	0
8602	6	0
8602	7	0
8602	8	0
8602	9	0
8602	10	1
8602	11	0
8603	1	1
8603	2	0
8603	3	0
8603	4	0
8603	5	0
8603	6	0
8603	7	0
8603	8	1
8603	9	0
8603	10	0
8603	11	0
8604	1	1
8604	2	0
8604	3	0
8604	4	1
8604	5	0
8604	6	0
8604	7	0
8604	8	0
8604	9	0
8604	10	0
8604	11	0
8605	1	0
8605	2	0
8605	3	1
8605	4	1
8605	5	0
8605	6	1
8605	7	0
8605	8	1
8605	9	1
8605	10	0
8605	11	0
8606	1	0
8606	2	0
8606	3	0
8606	4	0
8606	5	0
8606	6	0
8606	7	0
8606	8	1
8606	9	1
8606	10	0
8606	11	0
8607	1	0
8607	2	0
8607	3	0
8607	4	0
8607	5	0
8607	6	0
8607	7	0
8607	8	0
8607	9	0
8607	10	0
8607	11	0
8608	1	1
8608	2	0
8608	3	1
8608	4	0
8608	5	0
8608	6	1
8608	7	1
8608	8	1
8608	9	0
8608	10	0
8608	11	0
8609	1	1
8609	2	0
8609	3	0
8609	4	0
8609	5	0
8609	6	0
8609	7	1
8609	8	1
8609	9	0
8609	10	0
8609	11	0
8610	1	1
8610	2	0
8610	3	0
8610	4	0
8610	5	0
8610	6	0
8610	7	0
8610	8	0
8610	9	0
8610	10	0
8610	11	0
8611	1	0
8611	2	0
8611	3	0
8611	4	0
8611	5	0
8611	6	0
8611	7	0
8611	8	0
8611	9	0
8611	10	0
8611	11	0
8612	1	1
8612	2	0
8612	3	0
8612	4	1
8612	5	0
8612	6	1
8612	7	1
8612	8	1
8612	9	0
8612	10	0
8612	11	0
8613	1	1
8613	2	0
8613	3	1
8613	4	1
8613	5	0
8613	6	1
8613	7	1
8613	8	1
8613	9	1
8613	10	0
8613	11	0
8614	1	1
8614	2	0
8614	3	0
8614	4	1
8614	5	0
8614	6	0
8614	7	1
8614	8	1
8614	9	0
8614	10	0
8614	11	0
8615	1	1
8615	2	0
8615	3	0
8615	4	0
8615	5	0
8615	6	0
8615	7	0
8615	8	1
8615	9	1
8615	10	1
8615	11	0
8616	1	1
8616	2	0
8616	3	0
8616	4	1
8616	5	0
8616	6	1
8616	7	1
8616	8	1
8616	9	1
8616	10	0
8616	11	0
8617	1	0
8617	2	0
8617	3	0
8617	4	0
8617	5	0
8617	6	0
8617	7	0
8617	8	0
8617	9	0
8617	10	0
8617	11	0
8618	1	1
8618	2	1
8618	3	0
8618	4	1
8618	5	0
8618	6	0
8618	7	0
8618	8	0
8618	9	1
8618	10	0
8618	11	0
8619	1	0
8619	2	1
8619	3	0
8619	4	0
8619	5	1
8619	6	0
8619	7	0
8619	8	0
8619	9	0
8619	10	0
8619	11	0
8620	1	1
8620	2	0
8620	3	0
8620	4	0
8620	5	0
8620	6	0
8620	7	0
8620	8	0
8620	9	0
8620	10	0
8620	11	0
8621	1	1
8621	2	0
8621	3	1
8621	4	1
8621	5	0
8621	6	1
8621	7	1
8621	8	1
8621	9	1
8621	10	0
8621	11	0
8622	1	1
8622	2	1
8622	3	0
8622	4	1
8622	5	0
8622	6	0
8622	7	1
8622	8	1
8622	9	0
8622	10	0
8622	11	0
8623	1	1
8623	2	0
8623	3	0
8623	4	0
8623	5	1
8623	6	0
8623	7	0
8623	8	0
8623	9	0
8623	10	0
8623	11	0
8624	1	1
8624	2	0
8624	3	0
8624	4	0
8624	5	0
8624	6	0
8624	7	0
8624	8	0
8624	9	0
8624	10	0
8624	11	0
8625	1	1
8625	2	0
8625	3	0
8625	4	0
8625	5	0
8625	6	0
8625	7	0
8625	8	0
8625	9	0
8625	10	0
8625	11	0
8626	1	0
8626	2	0
8626	3	1
8626	4	1
8626	5	0
8626	6	1
8626	7	1
8626	8	1
8626	9	1
8626	10	0
8626	11	0
8627	1	1
8627	2	1
8627	3	0
8627	4	0
8627	5	0
8627	6	0
8627	7	0
8627	8	0
8627	9	0
8627	10	0
8627	11	0
8628	1	1
8628	2	0
8628	3	0
8628	4	1
8628	5	1
8628	6	0
8628	7	0
8628	8	1
8628	9	0
8628	10	0
8628	11	0
8629	1	0
8629	2	0
8629	3	0
8629	4	0
8629	5	0
8629	6	1
8629	7	1
8629	8	0
8629	9	0
8629	10	0
8629	11	0
8630	1	1
8630	2	0
8630	3	1
8630	4	1
8630	5	0
8630	6	1
8630	7	1
8630	8	1
8630	9	1
8630	10	0
8630	11	0
8631	1	1
8631	2	0
8631	3	0
8631	4	0
8631	5	0
8631	6	0
8631	7	0
8631	8	0
8631	9	0
8631	10	0
8631	11	0
8632	1	1
8632	2	0
8632	3	1
8632	4	0
8632	5	0
8632	6	1
8632	7	1
8632	8	1
8632	9	1
8632	10	0
8632	11	0
8633	1	1
8633	2	0
8633	3	0
8633	4	0
8633	5	0
8633	6	0
8633	7	0
8633	8	1
8633	9	0
8633	10	0
8633	11	0
8634	1	0
8634	2	1
8634	3	0
8634	4	0
8634	5	0
8634	6	0
8634	7	0
8634	8	1
8634	9	0
8634	10	0
8634	11	0
8635	1	1
8635	2	0
8635	3	0
8635	4	1
8635	5	0
8635	6	0
8635	7	0
8635	8	1
8635	9	0
8635	10	0
8635	11	0
8636	1	1
8636	2	1
8636	3	0
8636	4	0
8636	5	1
8636	6	0
8636	7	0
8636	8	1
8636	9	0
8636	10	0
8636	11	0
8637	1	0
8637	2	0
8637	3	0
8637	4	0
8637	5	0
8637	6	0
8637	7	0
8637	8	0
8637	9	0
8637	10	0
8637	11	0
8638	1	1
8638	2	1
8638	3	0
8638	4	0
8638	5	0
8638	6	0
8638	7	0
8638	8	1
8638	9	0
8638	10	0
8638	11	0
8639	1	1
8639	2	0
8639	3	0
8639	4	0
8639	5	0
8639	6	0
8639	7	0
8639	8	0
8639	9	0
8639	10	0
8639	11	0
8640	1	1
8640	2	1
8640	3	0
8640	4	0
8640	5	0
8640	6	0
8640	7	0
8640	8	1
8640	9	1
8640	10	0
8640	11	0
8641	1	1
8641	2	0
8641	3	0
8641	4	0
8641	5	0
8641	6	0
8641	7	0
8641	8	0
8641	9	0
8641	10	0
8641	11	0
8642	1	1
8642	2	0
8642	3	0
8642	4	0
8642	5	0
8642	6	1
8642	7	1
8642	8	1
8642	9	0
8642	10	0
8642	11	0
8643	1	1
8643	2	0
8643	3	0
8643	4	1
8643	5	0
8643	6	1
8643	7	1
8643	8	0
8643	9	0
8643	10	0
8643	11	0
