PLACEID	TYWKIDR4	TYPEMALE	TYPEFMLE	TYPECHLD
202	1	-11	-11	-11
202	2	50	-11	-11
202	3	-11	-11	-11
202	4	-11	-11	-11
202	5	 	 	-11
202	6	 	 	-11
202	7	 	 	-11
202	8	 	 	-11
202	9	30	-11	-11
202	10	-88	-88	-88
202	11	 	 	-88
202	12	 	 	-88
302	1	-11	-11	-11
302	2	-11	-11	-11
302	3	30	-11	-11
302	4	-11	-11	-11
302	5	 	 	-11
302	6	 	 	-11
302	7	 	 	-11
302	8	 	 	-11
302	9	-11	10	-11
302	10	-11	10	-11
302	11	 	 	-88
302	12	 	 	-88
304	1	-11	-11	-11
304	2	-11	-11	-11
304	3	25	-11	-11
304	4	-11	-11	-11
304	5	 	 	-11
304	6	 	 	-11
304	7	 	 	-11
304	8	 	 	-11
304	9	-88	-88	-88
304	10	-88	-88	-88
304	11	 	 	-88
304	12	 	 	-88
305	1	-11	-11	-11
305	2	-11	-11	-11
305	3	40	-11	-11
305	4	-11	-11	-11
305	5	 	 	-11
305	6	 	 	-11
305	7	 	 	-11
305	8	 	 	-11
305	9	-88	-88	-88
305	10	-88	-88	-88
305	11	 	 	-88
305	12	 	 	-88
309	1	-11	10	-11
309	2	-11	-11	-11
309	3	25	-11	-11
309	4	-11	-11	-11
309	5	 	 	-11
309	6	 	 	-11
309	7	 	 	-11
309	8	 	 	-11
309	9	-88	-88	-88
309	10	-88	-88	-88
309	11	 	 	-88
309	12	 	 	-88
310	1	-11	-11	-11
310	2	-11	-11	-11
310	3	-22	-22	-11
310	4	-11	-11	-11
310	5	 	 	-11
310	6	 	 	-11
310	7	 	 	-11
310	8	 	 	-11
310	9	-88	-88	-88
310	10	-88	-88	-88
310	11	 	 	-88
310	12	 	 	-88
311	1	-11	-11	-11
311	2	70	-11	-11
311	3	-22	-11	-11
311	4	-11	-11	-11
311	5	 	 	-11
311	6	 	 	-11
311	7	 	 	-11
311	8	 	 	-11
311	9	-11	30	-11
311	10	-11	40	-11
311	11	 	 	-88
311	12	 	 	-88
312	1	-11	-11	-11
312	2	-11	-11	-111
312	3	20	-11	-11
312	4	-11	-11	-11
312	5	 	 	-11
312	6	 	 	-11
312	7	 	 	-11
312	8	 	 	-11
312	9	-88	-88	-88
312	10	-88	-88	-88
312	11	 	 	-88
312	12	 	 	-88
313	1	-11	-11	-11
313	2	-11	-11	-11
313	3	20	-11	-11
313	4	-11	-11	-11
313	5	 	 	-11
313	6	 	 	-11
313	7	 	 	-11
313	8	 	 	-11
313	9	-88	-88	-88
313	10	-88	-88	-88
313	11	 	 	-88
313	12	 	 	-88
314	1	-11	-11	-11
314	2	-11	-11	-11
314	3	-11	-11	-11
314	4	-11	-11	-11
314	5	 	 	-11
314	6	 	 	-11
314	7	 	 	-11
314	8	 	 	-11
314	9	-88	-88	-88
314	10	-88	-88	-88
314	11	 	 	-88
314	12	 	 	-88
401	1	-11	-11	-11
401	2	-11	-11	-11
401	3	-11	-11	-11
401	4	-11	-11	-11
401	5	 	 	-11
401	6	 	 	-11
401	7	 	 	-11
401	8	 	 	-11
401	9	-88	-88	-88
401	10	-88	-88	-88
401	11	 	 	-88
401	12	 	 	-88
402	1	-11	-11	-11
402	2	-11	-11	-11
402	3	30	-11	-11
402	4	-11	-11	-11
402	5	 	 	-11
402	6	 	 	-11
402	7	 	 	-11
402	8	 	 	-11
402	9	-88	-88	-88
402	10	-88	-88	-88
402	11	 	 	-88
402	12	 	 	-88
404	1	-11	-11	-11
404	2	-11	-11	-11
404	3	-11	-11	-11
404	4	-11	-11	-11
404	5	 	 	-11
404	6	 	 	-11
404	7	 	 	-11
404	8	 	 	-77
404	9	-88	-88	-88
404	10	-88	-88	-88
404	11	 	 	-88
404	12	 	 	-88
405	1	-11	20	-11
405	2	-11	-11	-11
405	3	40	-11	-11
405	4	-11	-11	-11
405	5	 	 	-11
405	6	 	 	-11
405	7	 	 	-11
405	8	 	 	-11
405	9	-88	-88	-88
405	10	-88	-88	-88
405	11	 	 	-88
405	12	 	 	-88
406	1	-11	20	-11
406	2	-11	-11	-11
406	3	-11	-11	-11
406	4	-11	-11	-11
406	5	 	 	-11
406	6	 	 	-11
406	7	 	 	-11
406	8	 	 	-11
406	9	-88	-88	-88
406	10	-88	-88	-88
406	11	 	 	-88
406	12	 	 	-88
407	1	-11	-11	-11
407	2	-11	-11	-11
407	3	-11	-11	-11
407	4	-11	-11	-11
407	5	 	 	-11
407	6	 	 	-11
407	7	 	 	-11
407	8	 	 	-11
407	9	-88	-88	-88
407	10	-88	-88	-88
407	11	 	 	-88
407	12	 	 	-88
408	1	-11	5	-11
408	2	-11	-11	-11
408	3	45	-11	-11
408	4	-11	-11	-11
408	5	 	 	-11
408	6	 	 	-11
408	7	 	 	-11
408	8	 	 	-11
408	9	-88	-88	-88
408	10	-88	-88	-88
408	11	 	 	-88
408	12	 	 	-88
502	1	-11	-11	-11
502	2	-11	-11	-11
502	3	-11	-11	-11
502	4	-11	-11	-11
502	5	 	 	-11
502	6	 	 	-11
502	7	 	 	-11
502	8	 	 	-11
502	9	-88	-88	-88
502	10	-88	-88	-88
502	11	 	 	-88
502	12	 	 	-88
503	1	-11	-11	-11
503	2	-11	-11	-11
503	3	-11	-11	-11
503	4	-11	-11	-11
503	5	 	 	-11
503	6	 	 	-11
503	7	 	 	-11
503	8	 	 	-11
503	9	-88	-88	-88
503	10	-88	-88	-88
503	11	 	 	-88
503	12	 	 	-88
505	1	-11	-11	-11
505	2	-11	-11	-11
505	3	-11	-11	-11
505	4	-11	-11	-11
505	5	 	 	-11
505	6	 	 	-11
505	7	 	 	-11
505	8	 	 	-11
505	9	-88	-88	-88
505	10	-88	-88	-88
505	11	 	 	-88
505	12	 	 	-88
506	1	-11	-11	-11
506	2	-11	-11	-11
506	3	25	-11	-11
506	4	-11	-11	-11
506	5	 	 	-11
506	6	 	 	-11
506	7	 	 	-11
506	8	 	 	-11
506	9	-88	-88	-88
506	10	-88	-88	-88
506	11	 	 	-88
506	12	 	 	-88
601	1	-11	-11	-11
601	2	-11	-11	-11
601	3	40	-11	-11
601	4	-11	-11	-11
601	5	 	 	-11
601	6	 	 	-11
601	7	 	 	-11
601	8	 	 	-11
601	9	-11	-11	3
601	10	50	-11	-11
601	11	 	 	-88
601	12	 	 	-88
701	1	-11	20	-11
701	2	25	-11	-11
701	3	30	-11	-11
701	4	40	25	-11
701	5	 	 	-11
701	6	 	 	-11
701	7	 	 	-11
701	8	 	 	-11
701	9	-88	-88	-88
701	10	-88	-88	-88
701	11	 	 	-88
701	12	 	 	-88
702	1	-11	-11	-11
702	2	35	30	-11
702	3	40	-11	-11
702	4	30	25	-11
702	5	 	 	-11
702	6	 	 	-11
702	7	 	 	-11
702	8	 	 	-11
702	9	-88	-88	-88
702	10	-88	-88	-88
702	11	 	 	-88
702	12	 	 	-88
703	1	-11	16	-11
703	2	-11	-11	-11
703	3	35	-11	-11
703	4	-11	-11	-11
703	5	 	 	-11
703	6	 	 	-11
703	7	 	 	-11
703	8	 	 	-11
703	9	-88	-88	-88
703	10	-88	-88	-88
703	11	 	 	-88
703	12	 	 	-88
707	1	-11	12	-11
707	2	20	-11	-11
707	3	25	-11	-11
707	4	-11	-11	-11
707	5	 	 	-11
707	6	 	 	10
707	7	 	 	10
707	8	 	 	-11
707	9	25	-11	-11
707	10	15	-11	-11
707	11	 	 	-88
707	12	 	 	-88
708	1	-11	15	-11
708	2	25	-11	-11
708	3	30	-11	-11
708	4	-11	-11	-11
708	5	 	 	-11
708	6	 	 	-11
708	7	 	 	-11
708	8	 	 	-11
708	9	-88	-88	-88
708	10	-88	-88	-88
708	11	 	 	-88
708	12	 	 	-88
709	1	-11	10	-11
709	2	25	-11	-11
709	3	30	-11	-11
709	4	-11	-11	-11
709	5	 	 	-11
709	6	 	 	-11
709	7	 	 	-11
709	8	 	 	-11
709	9	20	20	-11
709	10	-88	-88	-88
709	11	 	 	-88
709	12	 	 	-88
710	1	-11	20	-11
710	2	30	-11	-11
710	3	30	-11	-11
710	4	30	25	-11
710	5	 	 	-11
710	6	 	 	15
710	7	 	 	-11
710	8	 	 	10
710	9	-88	-88	-88
710	10	-88	-88	-88
710	11	 	 	-88
710	12	 	 	-88
711	1	-11	15	-11
711	2	-11	-11	-11
711	3	35	-11	-11
711	4	-11	-77	-11
711	5	 	 	-11
711	6	 	 	-11
711	7	 	 	-11
711	8	 	 	-11
711	9	-88	-88	-88
711	10	-88	-88	-88
711	11	 	 	-88
711	12	 	 	-88
712	1	-11	-11	-11
712	2	-11	-11	-11
712	3	-11	-11	-11
712	4	-11	-11	-11
712	5	 	 	-11
712	6	 	 	-11
712	7	 	 	-11
712	8	 	 	-11
712	9	-88	-88	-88
712	10	-88	-88	-88
712	11	 	 	-88
712	12	 	 	-88
713	1	-11	15	-11
713	2	25	-11	-11
713	3	25	-11	-11
713	4	-11	-11	-11
713	5	 	 	-11
713	6	 	 	-11
713	7	 	 	-11
713	8	 	 	-11
713	9	-88	-88	-88
713	10	-88	-88	-88
713	11	 	 	-88
713	12	 	 	-88
714	1	-11	30	-11
714	2	25	-11	-11
714	3	40	-11	-11
714	4	-11	-11	-11
714	5	 	 	-11
714	6	 	 	-11
714	7	 	 	-11
714	8	 	 	10
714	9	-88	-88	-88
714	10	-88	-88	-88
714	11	 	 	-88
714	12	 	 	-88
715	1	-11	-11	-11
715	2	30	-11	-11
715	3	35	-11	-11
715	4	-11	-11	-11
715	5	 	 	-11
715	6	 	 	-11
715	7	 	 	-11
715	8	 	 	-11
715	9	-88	-88	-88
715	10	-88	-88	-88
715	11	 	 	-88
715	12	 	 	-88
716	1	-1188	15	-11
716	2	25	-11	-11
716	3	25	-11	-11
716	4	-11	-11	-11
716	5	 	 	-11
716	6	 	 	-11
716	7	 	 	-11
716	8	 	 	-11
716	9	-88	-88	-88
716	10	-88	-88	-88
716	11	 	 	-88
716	12	 	 	-88
717	1	-11	-11	-11
717	2	-11	-11	-11
717	3	-11	-11	-11
717	4	-11	-11	-11
717	5	 	 	-11
717	6	 	 	-11
717	7	 	 	-11
717	8	 	 	-11
717	9	-88	-88	-88
717	10	-88	-88	-88
717	11	 	 	-88
717	12	 	 	-88
718	1	-11	20	-11
718	2	-11	-11	-11
718	3	30	-11	-11
718	4	-11	-11	-11
718	5	 	 	-11
718	6	 	 	-11
718	7	 	 	-11
718	8	 	 	-11
718	9	-88	-88	-88
718	10	-88	-88	-88
718	11	 	 	-88
718	12	 	 	-88
719	1	-11	15	-11
719	2	30	-11	-11
719	3	40	-11	-11
719	4	30	-11	-11
719	5	 	 	-11
719	6	 	 	-11
719	7	 	 	-11
719	8	 	 	10
719	9	-88	-88	-88
719	10	-88	-88	-88
719	11	 	 	-88
719	12	 	 	-88
801	1	-11	20	-11
801	2	25	-11	-11
801	3	35	-11	-11
801	4	-11	-11	-11
801	5	 	 	-11
801	6	 	 	15
801	7	 	 	-11
801	8	 	 	10
801	9	35	30	-11
801	10	20	-11	-11
801	11	 	 	-88
801	12	 	 	-88
802	1	-11	25	-11
802	2	30	-11	-11
802	3	40	-11	-11
802	4	-11	-11	-11
802	5	 	 	-11
802	6	 	 	10
802	7	 	 	15
802	8	 	 	10
802	9	-88	-88	-88
802	10	-88	-88	-88
802	11	 	 	-88
802	12	 	 	-88
803	1	-11	25	-11
803	2	30	-11	-11
803	3	40	-11	-11
803	4	-11	-11	-11
803	5	 	 	10
803	6	 	 	-11
803	7	 	 	15
803	8	 	 	15
803	9	-88	-88	-88
803	10	-88	-88	-88
803	11	 	 	-88
803	12	 	 	-88
804	1	-11	20	-11
804	2	30	-11	-11
804	3	50	-11	-11
804	4	40	30	-11
804	5	 	 	-11
804	6	 	 	-11
804	7	 	 	-11
804	8	 	 	-11
804	9	35	-11	-11
804	10	40	-11	-11
804	11	 	 	-88
804	12	 	 	-88
901	1	-11	20	-11
901	2	25	-11	-11
901	3	35	-11	-11
901	4	25	25	-11
901	5	 	 	-11
901	6	 	 	-11
901	7	 	 	-11
901	8	 	 	-11
901	9	40	-11	-11
901	10	-88	-88	-88
901	11	 	 	-88
901	12	 	 	-88
1103	1	-88	-88	-88
1103	2	-88	-88	-88
1103	3	25	-22	-22
1103	4	-88	-88	-88
1103	5	 	 	-88
1103	6	 	 	-88
1103	7	 	 	-88
1103	8	 	 	-88
1103	9	-88	-88	-88
1103	10	-88	-88	-88
1103	11	 	 	-88
1103	12	 	 	-88
1201	1	-11	20	-11
1201	2	-11	-11	-11
1201	3	30	-11	-11
1201	4	-11	-11	-11
1201	5	 	 	-11
1201	6	 	 	-11
1201	7	 	 	-11
1201	8	 	 	-11
1201	9	15	15	-11
1201	10	25	-11	-11
1201	11	 	 	-88
1201	12	 	 	-88
1202	1	-11	20	-11
1202	2	40	-11	-11
1202	3	50	-11	-11
1202	4	-11	-11	-11
1202	5	 	 	-11
1202	6	 	 	-11
1202	7	 	 	-11
1202	8	 	 	-11
1202	9	20	-11	-11
1202	10	15	15	-11
1202	11	 	 	-88
1202	12	 	 	-88
1203	1	-11	30	-11
1203	2	-11	-11	-11
1203	3	50	-11	-11
1203	4	-11	-11	-11
1203	5	 	 	-11
1203	6	 	 	-11
1203	7	 	 	-11
1203	8	 	 	-11
1203	9	-88	-88	-88
1203	10	-88	-88	-88
1203	11	 	 	-88
1203	12	 	 	-88
1204	1	-11	30	-11
1204	2	50	-11	-11
1204	3	60	-11	-11
1204	4	-11	-11	-11
1204	5	 	 	-11
1204	6	 	 	-11
1204	7	 	 	-11
1204	8	 	 	30
1204	9	40	40	-11
1204	10	-88	-88	-88
1204	11	 	 	-88
1204	12	 	 	-88
1205	1	-11	30	-11
1205	2	30	30	-11
1205	3	60	-11	-11
1205	4	-11	-11	-11
1205	5	 	 	-11
1205	6	 	 	-11
1205	7	 	 	-11
1205	8	 	 	15
1205	9	40	-11	-11
1205	10	-88	-88	-88
1205	11	 	 	-88
1205	12	 	 	-88
1206	1	-11	40	-11
1206	2	35	35	-11
1206	3	50	-11	-11
1206	4	40	40	-11
1206	5	 	 	-11
1206	6	 	 	-11
1206	7	 	 	-11
1206	8	 	 	-11
1206	9	70	-11	-11
1206	10	70	-11	-11
1206	11	 	 	-88
1206	12	 	 	-88
1207	1	-11	-11	-11
1207	2	-11	-11	-11
1207	3	-11	-11	-11
1207	4	-11	-11	-11
1207	5	 	 	-11
1207	6	 	 	-11
1207	7	 	 	-11
1207	8	 	 	-11
1207	9	-88	-88	-88
1207	10	-88	-88	-88
1207	11	 	 	-88
1207	12	 	 	-88
1208	1	-11	30	-11
1208	2	30	-11	-11
1208	3	40	-11	-11
1208	4	-11	-11	-11
1208	5	 	 	-11
1208	6	 	 	-11
1208	7	 	 	-11
1208	8	 	 	-11
1208	9	40	-11	-11
1208	10	40	-11	-11
1208	11	 	 	-88
1208	12	 	 	-88
1209	1	-11	-11	-11
1209	2	30	-11	-11
1209	3	50	-11	-11
1209	4	-11	-11	-11
1209	5	 	 	-11
1209	6	 	 	-11
1209	7	 	 	-11
1209	8	 	 	-11
1209	9	-88	-88	-88
1209	10	-88	-88	-88
1209	11	 	 	-88
1209	12	 	 	-88
1210	1	-11	-11	-11
1210	2	-11	-11	-11
1210	3	40	-11	-11
1210	4	-11	-11	-11
1210	5	 	 	-11
1210	6	 	 	-11
1210	7	 	 	-11
1210	8	 	 	-11
1210	9	40	-11	-11
1210	10	-88	-88	-88
1210	11	 	 	-88
1210	12	 	 	-88
1211	1	-11	30	-11
1211	2	40	-11	-11
1211	3	50	-11	-11
1211	4	-11	-11	-11
1211	5	 	 	-11
1211	6	 	 	-11
1211	7	 	 	-11
1211	8	 	 	-11
1211	9	20	20	-11
1211	10	-88	-88	-88
1211	11	 	 	-88
1211	12	 	 	-88
1212	1	-11	-11	-11
1212	2	35	-11	-11
1212	3	70	-11	-11
1212	4	50	-11	-11
1212	5	 	 	-11
1212	6	 	 	-11
1212	7	 	 	-11
1212	8	 	 	-11
1212	9	-88	-88	-88
1212	10	-88	-88	-88
1212	11	 	 	-88
1212	12	 	 	-88
1213	1	-11	-11	-11
1213	2	40	-11	-11
1213	3	50	-11	-11
1213	4	-11	-11	-11
1213	5	 	 	-11
1213	6	 	 	-11
1213	7	 	 	-11
1213	8	 	 	-11
1213	9	-88	-88	-88
1213	10	-88	-88	-88
1213	11	 	 	-88
1213	12	 	 	-88
1215	1	-11	-11	-11
1215	2	40	40	-11
1215	3	50	-11	-11
1215	4	-11	-11	-11
1215	5	 	 	-11
1215	6	 	 	-11
1215	7	 	 	-11
1215	8	 	 	-11
1215	9	-88	-88	-88
1215	10	-88	-88	-88
1215	11	 	 	-88
1215	12	 	 	-88
1216	1	-11	-11	-11
1216	2	30	-11	-11
1216	3	50	-11	-11
1216	4	-11	-11	-11
1216	5	 	 	-11
1216	6	 	 	-11
1216	7	 	 	-11
1216	8	 	 	-11
1216	9	-88	-88	-88
1216	10	-88	-88	-88
1216	11	 	 	-88
1216	12	 	 	-88
1217	1	-11	-11	-11
1217	2	20	20	-11
1217	3	50	-11	-11
1217	4	-11	-11	-11
1217	5	 	 	-11
1217	6	 	 	15
1217	7	 	 	-11
1217	8	 	 	15
1217	9	40	-11	-11
1217	10	-88	-88	-88
1217	11	 	 	-88
1217	12	 	 	-88
1218	1	-11	-11	-11
1218	2	-11	-11	-11
1218	3	50	-11	-11
1218	4	-11	-11	-11
1218	5	 	 	-11
1218	6	 	 	-11
1218	7	 	 	-11
1218	8	 	 	-11
1218	9	-88	-88	-88
1218	10	-88	-88	-88
1218	11	 	 	-88
1218	12	 	 	-88
1219	1	-11	-11	-11
1219	2	50	-11	-11
1219	3	60	-11	-11
1219	4	-11	-11	-11
1219	5	 	 	-11
1219	6	 	 	-11
1219	7	 	 	-11
1219	8	 	 	-11
1219	9	30	-11	30
1219	10	-88	-88	-88
1219	11	 	 	-88
1219	12	 	 	-88
1220	1	-11	20	-11
1220	2	20	20	-11
1220	3	50	-11	-11
1220	4	-11	-11	-11
1220	5	 	 	-11
1220	6	 	 	-11
1220	7	 	 	-11
1220	8	 	 	-11
1220	9	-88	-88	-88
1220	10	-88	-88	-8
1220	11	 	 	-88
1220	12	 	 	-88
1221	1	-11	-11	-11
1221	2	30	-11	-11
1221	3	60	-11	-11
1221	4	-11	-11	-11
1221	5	 	 	-11
1221	6	 	 	-11
1221	7	 	 	-11
1221	8	 	 	-11
1221	9	-88	-88	-88
1221	10	-88	-88	-88
1221	11	 	 	-88
1221	12	 	 	-88
1222	1	-11	-11	-11
1222	2	30	-11	-11
1222	3	50	-11	-11
1222	4	-11	-11	-11
1222	5	 	 	-11
1222	6	 	 	-11
1222	7	 	 	-11
1222	8	 	 	-11
1222	9	-88	-88	-88
1222	10	-88	-88	-88
1222	11	 	 	-88
1222	12	 	 	-88
1223	1	-11	20	-11
1223	2	30	-11	-11
1223	3	40	-11	-11
1223	4	-11	-11	-11
1223	5	 	 	-11
1223	6	 	 	-11
1223	7	 	 	-11
1223	8	 	 	-11
1223	9	-88	-88	-88
1223	10	-88	-88	-88
1223	11	 	 	-88
1223	12	 	 	-88
1224	1	-11	-11	-11
1224	2	40	-11	-11
1224	3	50	-11	-11
1224	4	-11	-11	-11
1224	5	 	 	-11
1224	6	 	 	-11
1224	7	 	 	-11
1224	8	 	 	-11
1224	9	60	-11	-11
1224	10	-88	-88	-88
1224	11	 	 	-88
1224	12	 	 	-88
1225	1	-11	20	-11
1225	2	-11	-11	-11
1225	3	40	-11	-11
1225	4	-11	-11	-11
1225	5	 	 	-11
1225	6	 	 	-11
1225	7	 	 	-11
1225	8	 	 	-11
1225	9	-88	-88	-88
1225	10	-88	-88	-88
1225	11	 	 	-88
1225	12	 	 	-88
1226	1	-11	-11	-11
1226	2	-11	-11	-11
1226	3	50	-11	-11
1226	4	-88	-88	-88
1226	5	 	 	-88
1226	6	 	 	-88
1226	7	 	 	-88
1226	8	 	 	-88
1226	9	-88	-88	-88
1226	10	-88	-88	-88
1226	11	 	 	-88
1226	12	 	 	-88
1227	1	-11	30	-11
1227	2	30	30	-11
1227	3	50	-11	-11
1227	4	-88	-88	-88
1227	5	 	 	-88
1227	6	 	 	-88
1227	7	 	 	-88
1227	8	 	 	-88
1227	9	-88	-88	-88
1227	10	-88	-88	-88
1227	11	 	 	-88
1227	12	 	 	-88
1228	1	-11	25	-11
1228	2	30	30	-11
1228	3	60	-11	-11
1228	4	30	30	-11
1228	5	 	 	-88
1228	6	 	 	-88
1228	7	 	 	-88
1228	8	 	 	-88
1228	9	-88	-88	-88
1228	10	-88	-88	-88
1228	11	 	 	-88
1228	12	 	 	-88
1301	1	-11	30	-11
1301	2	30	-11	-11
1301	3	40	-11	-11
1301	4	40	30	-11
1301	5	 	 	-11
1301	6	 	 	-11
1301	7	 	 	-11
1301	8	 	 	15
1301	9	35	-11	-11
1301	10	-88	-88	-88
1301	11	 	 	-88
1301	12	 	 	-88
1303	1	-11	21	-11
1303	2	-11	-11	-11
1303	3	60	-11	-11
1303	4	-11	-11	-11
1303	5	 	 	-11
1303	6	 	 	10
1303	7	 	 	-11
1303	8	 	 	15
1303	9	-88	-88	-88
1303	10	-88	-88	-88
1303	11	 	 	-88
1303	12	 	 	-88
1304	1	-11	25	-11
1304	2	30	-11	-11
1304	3	50	-11	-11
1304	4	40	30	-11
1304	5	 	 	-11
1304	6	 	 	-11
1304	7	 	 	-11
1304	8	 	 	-11
1304	9	-88	-88	-88
1304	10	-88	-88	-88
1304	11	 	 	-88
1304	12	 	 	-88
1305	1	-11	30	-11
1305	2	-11	-11	-11
1305	3	50	-11	-11
1305	4	-11	-11	-11
1305	5	 	 	-11
1305	6	 	 	-11
1305	7	 	 	-11
1305	8	 	 	-11
1305	9	-88	-88	-88
1305	10	-88	-88	-88
1305	11	 	 	-88
1305	12	 	 	-88
1306	1	-11	-11	-11
1306	2	-11	-11	-11
1306	3	50	-11	-11
1306	4	-88	-88	-88
1306	5	 	 	-88
1306	6	 	 	-88
1306	7	 	 	-88
1306	8	 	 	-88
1306	9	-88	-88	-88
1306	10	-88	-88	-88
1306	11	 	 	-88
1306	12	 	 	-88
1307	1	-11	-11	-11
1307	2	30	30	-11
1307	3	60	-11	-11
1307	4	-88	-88	-88
1307	5	 	 	20
1307	6	 	 	15
1307	7	 	 	-88
1307	8	 	 	18
1307	9	70	70	-11
1307	10	30	30	-11
1307	11	 	 	-88
1307	12	 	 	-88
1401	1	-11	30	-11
1401	2	50	40	-11
1401	3	70	-11	-11
1401	4	40	35	-11
1401	5	 	 	-11
1401	6	 	 	-11
1401	7	 	 	30
1401	8	 	 	20
1401	9	-88	-88	-88
1401	10	-88	-88	-88
1401	11	 	 	-88
1401	12	 	 	-88
1402	1	-11	30	-7
1402	2	-11	-11	-11
1402	3	50	-11	-11
1402	4	-11	-11	-11
1402	5	 	 	-11
1402	6	 	 	-11
1402	7	 	 	-11
1402	8	 	 	-11
1402	9	-88	-88	-88
1402	10	-88	-88	-88
1402	11	 	 	-88
1402	12	 	 	-88
1403	1	-11	20	-11
1403	2	25	-11	-11
1403	3	40	-11	-11
1403	4	35	-11	-11
1403	5	 	 	-11
1403	6	 	 	-11
1403	7	 	 	-11
1403	8	 	 	20
1403	9	-88	-88	-88
1403	10	-88	-88	-88
1403	11	 	 	-88
1403	12	 	 	-88
1404	1	-11	20	10
1404	2	25	-11	-11
1404	3	40	-11	-11
1404	4	-11	-11	-11
1404	5	 	 	20
1404	6	 	 	20
1404	7	 	 	-11
1404	8	 	 	20
1404	9	-11	20	10
1404	10	-88	-88	-88
1404	11	 	 	-88
1404	12	 	 	-88
1405	1	-11	30	-11
1405	2	40	40	-11
1405	3	50	-11	-11
1405	4	-11	-11	-11
1405	5	 	 	-11
1405	6	 	 	-11
1405	7	 	 	-11
1405	8	 	 	-11
1405	9	-88	-88	-88
1405	10	-88	-88	-88
1405	11	 	 	-88
1405	12	 	 	-88
1406	1	-11	40	-11
1406	2	-11	-11	-11
1406	3	50	-11	-11
1406	4	-11	-11	-11
1406	5	 	 	-11
1406	6	 	 	-11
1406	7	 	 	-11
1406	8	 	 	-11
1406	9	-88	-88	-88
1406	10	-88	-88	-88
1406	11	 	 	-88
1406	12	 	 	-88
1407	1	-11	20	-11
1407	2	20	-11	-11
1407	3	40	-11	-11
1407	4	30	-77	-77
1407	5	 	 	-77
1407	6	 	 	-77
1407	7	 	 	-77
1407	8	 	 	25
1407	9	-88	-88	-88
1407	10	-88	-88	-88
1407	11	 	 	-88
1407	12	 	 	-88
1408	1	-11	-11	-11
1408	2	-11	-11	-11
1408	3	40	-11	-11
1408	4	-11	-11	-11
1408	5	 	 	-11
1408	6	 	 	-11
1408	7	 	 	-11
1408	8	 	 	-11
1408	9	-88	-88	-88
1408	10	-88	-88	-88
1408	11	 	 	-88
1408	12	 	 	-88
1409	1	-11	30	-11
1409	2	35	-11	-11
1409	3	40	-11	-11
1409	4	-11	-11	-11
1409	5	 	 	-11
1409	6	 	 	-11
1409	7	 	 	-11
1409	8	 	 	-11
1409	9	-88	-88	-88
1409	10	-88	-88	-88
1409	11	 	 	-88
1409	12	 	 	-88
1501	1	-11	10	-11
1501	2	-11	-11	-11
1501	3	-11	-11	-11
1501	4	-11	-11	-11
1501	5	 	 	-11
1501	6	 	 	-11
1501	7	 	 	-11
1501	8	 	 	-11
1501	9	-88	-88	-88
1501	10	-88	-88	-88
1501	11	 	 	-88
1501	12	 	 	-88
1502	1	-11	-11	-11
1502	2	-11	-11	-11
1502	3	40	-11	-11
1502	4	-11	-11	-11
1502	5	 	 	-11
1502	6	 	 	-11
1502	7	 	 	-11
1502	8	 	 	-11
1502	9	-88	-88	-88
1502	10	-88	-88	-88
1502	11	 	 	-88
1502	12	 	 	-88
1503	1	-11	10	-11
1503	2	-11	-11	-11
1503	3	50	-11	-11
1503	4	-11	-11	-11
1503	5	 	 	-11
1503	6	 	 	-11
1503	7	 	 	-11
1503	8	 	 	-11
1503	9	-88	-88	-88
1503	10	-88	-88	-88
1503	11	 	 	-88
1503	12	 	 	-88
1504	1	-11	-11	-11
1504	2	-11	-11	-11
1504	3	60	-11	-11
1504	4	-11	-11	-11
1504	5	 	 	-11
1504	6	 	 	-11
1504	7	 	 	-11
1504	8	 	 	-11
1504	9	-88	-88	-88
1504	10	-88	-88	-88
1504	11	 	 	-88
1504	12	 	 	-88
1505	1	-11	-11	-11
1505	2	-11	-11	-11
1505	3	-30	-11	-11
1505	4	-11	-11	-11
1505	5	 	 	-11
1505	6	 	 	-11
1505	7	 	 	-11
1505	8	 	 	-11
1505	9	-88	-88	-88
1505	10	-88	-88	-88
1505	11	 	 	-88
1505	12	 	 	-88
1507	1	-11	-11	-11
1507	2	-11	-11	-11
1507	3	-11	-11	-11
1507	4	-11	-11	-11
1507	5	 	 	-11
1507	6	 	 	-11
1507	7	 	 	-11
1507	8	 	 	-1
1507	9	-88	-88	-88
1507	10	-88	-88	-88
1507	11	 	 	-88
1507	12	 	 	-88
1508	1	-11	-11	-11
1508	2	-11	-11	-11
1508	3	30	-11	-11
1508	4	-11	-11	-11
1508	5	 	 	-11
1508	6	 	 	-11
1508	7	 	 	-11
1508	8	 	 	-11
1508	9	-88	-88	-88
1508	10	-88	-88	-88
1508	11	 	 	-88
1508	12	 	 	-88
1509	1	-11	25	-11
1509	2	30	-11	-11
1509	3	40	-11	-11
1509	4	-11	-11	-11
1509	5	 	 	-11
1509	6	 	 	-11
1509	7	 	 	-11
1509	8	 	 	-11
1509	9	-88	-88	-88
1509	10	-88	-88	-88
1509	11	 	 	-88
1509	12	 	 	-88
1510	1	-11	-11	-11
1510	2	-11	-11	-11
1510	3	30	-11	-11
1510	4	-11	-11	-11
1510	5	 	 	-11
1510	6	 	 	-11
1510	7	 	 	-11
1510	8	 	 	-11
1510	9	-88	-88	-88
1510	10	-88	-88	-88
1510	11	 	 	-88
1510	12	 	 	-88
1601	1	-11	1	-11
1601	2	25	-11	-11
1601	3	30	-11	-11
1601	4	-88	-88	-88
1601	5	 	 	-88
1601	6	 	 	-88
1601	7	 	 	-88
1601	8	 	 	-88
1601	9	-88	-88	-88
1601	10	-88	-88	-88
1601	11	 	 	-88
1601	12	 	 	-88
1603	1	-11	-11	-11
1603	2	-11	-11	-11
1603	3	-11	-11	-11
1603	4	-11	-11	-11
1603	5	 	 	-11
1603	6	 	 	-11
1603	7	 	 	-11
1603	8	 	 	-11
1603	9	-88	-88	-88
1603	10	-88	-88	-88
1603	11	 	 	-88
1603	12	 	 	-88
1604	1	-11	-11	-11
1604	2	-11	-11	-11
1604	3	22,5	22,5	-11
1604	4	-11	-11	-11
1604	5	 	 	-11
1604	6	 	 	-11
1604	7	 	 	-11
1604	8	 	 	-11
1604	9	-88	-88	-88
1604	10	-88	-88	-88
1604	11	 	 	-88
1604	12	 	 	-88
1701	1	-11	-10	-11
1701	2	-11	-11	-11
1701	3	35	-11	-11
1701	4	-11	-11	-11
1701	5	 	 	-11
1701	6	 	 	-11
1701	7	 	 	-11
1701	8	 	 	-11
1701	9	-88	-88	-88
1701	10	-88	-88	-88
1701	11	 	 	-88
1701	12	 	 	-88
1702	1	-11	-11	-11
1702	2	-88	-88	-88
1702	3	-88	-88	-88
1702	4	-88	-88	-88
1702	5	 	 	-88
1702	6	 	 	-88
1702	7	 	 	-88
1702	8	 	 	-88
1702	9	-88	-88	-88
1702	10	-88	-88	-88
1702	11	 	 	-88
1702	12	 	 	-88
1703	1	-11	-11	-11
1703	2	-11	-11	-11
1703	3	30	-11	-11
1703	4	-11	-11	-11
1703	5	 	 	-11
1703	6	 	 	-11
1703	7	 	 	-11
1703	8	 	 	-11
1703	9	-88	-88	-88
1703	10	-88	-88	-88
1703	11	 	 	-88
1703	12	 	 	-88
1801	1	-11	20	-11
1801	2	-11	-11	-11
1801	3	35	-11	-11
1801	4	-11	-11	-11
1801	5	 	 	-11
1801	6	 	 	-11
1801	7	 	 	-11
1801	8	 	 	-11
1801	9	-88	-88	-88
1801	10	-88	-88	-88
1801	11	 	 	-88
1801	12	 	 	-88
1802	1	-11	-11	-11
1802	2	30	-11	-11
1802	3	40	-11	-11
1802	4	-11	-11	-11
1802	5	 	 	-11
1802	6	 	 	-11
1802	7	 	 	-11
1802	8	 	 	-11
1802	9	-88	-88	-88
1802	10	-88	-88	-88
1802	11	 	 	-88
1802	12	 	 	-88
2002	1	-11	20	-11
2002	2	30	25	-11
2002	3	30	-11	-11
2002	4	-11	-11	-11
2002	5	 	 	-11
2002	6	 	 	-11
2002	7	 	 	-11
2002	8	 	 	-11
2002	9	30	25	15
2002	10	-88	-88	-88
2002	11	 	 	-88
2002	12	 	 	-88
2004	1	-11	36	-11
2004	2	30	25	-11
2004	3	45	-11	-11
2004	4	-11	-11	-11
2004	5	 	 	-11
2004	6	 	 	-11
2004	7	 	 	-11
2004	8	 	 	-11
2004	9	25	25	-11
2004	10	-11	20	-11
2004	11	 	 	-88
2004	12	 	 	-88
2005	1	-77	20	-77
2005	2	25	25	-77
2005	3	40	-77	-77
2005	4	-77	-77	-77
2005	5	 	 	15
2005	6	 	 	10
2005	7	 	 	10
2005	8	 	 	15
2005	9	-88	-88	-88
2005	10	-88	-88	-88
2005	11	 	 	-88
2005	12	 	 	-88
2006	1	-77	25	15
2006	2	-77	20	-11
2006	3	40	-11	-11
2006	4	-11	-11	-11
2006	5	 	 	-11
2006	6	 	 	-11
2006	7	 	 	-11
2006	8	 	 	10
2006	9	-88	-88	-88
2006	10	-88	-88	-88
2006	11	 	 	-88
2006	12	 	 	-88
2007	1	-11	30	-11
2007	2	-11	-11	-11
2007	3	40	-11	-11
2007	4	-11	-11	-11
2007	5	 	 	-11
2007	6	 	 	-11
2007	7	 	 	-11
2007	8	 	 	-11
2007	9	-88	-88	-88
2007	10	-88	-88	-88
2007	11	 	 	-88
2007	12	 	 	-88
2008	1	-11	-11	-11
2008	2	-11	-11	-11
2008	3	40	-11	-11
2008	4	40	-11	-11
2008	5	 	 	-11
2008	6	 	 	-11
2008	7	 	 	-11
2008	8	 	 	-11
2008	9	30	30	-88
2008	10	-88	-88	-88
2008	11	 	 	-88
2008	12	 	 	-88
2009	1	-11	20	-11
2009	2	40	40	-11
2009	3	4	-11	-11
2009	4	-88	-88	-88
2009	5	 	 	-88
2009	6	 	 	-88
2009	7	 	 	-88
2009	8	 	 	-88
2009	9	-88	-88	-88
2009	10	-88	-88	-88
2009	11	 	 	-88
2009	12	 	 	-88
2010	1	-11	30	-11
2010	2	50	50	-11
2010	3	40	-11	-11
2010	4	-11	-11	-11
2010	5	 	 	-11
2010	6	 	 	-11
2010	7	 	 	-11
2010	8	 	 	-11
2010	9	-88	-88	-88
2010	10	-88	-88	-88
2010	11	 	 	-88
2010	12	 	 	-88
2011	1	-11	25	-11
2011	2	40	40	-11
2011	3	45	-11	-11
2011	4	30	30	-11
2011	5	 	 	-11
2011	6	 	 	-11
2011	7	 	 	-11
2011	8	 	 	-11
2011	9	-11	-11	-11
2011	10	-11	-11	-11
2011	11	 	 	-11
2011	12	 	 	-11
2012	1	-11	30	-11
2012	2	-11	-11	-11
2012	3	45	-11	-11
2012	4	-11	-11	-11
2012	5	 	 	-11
2012	6	 	 	-11
2012	7	 	 	-11
2012	8	 	 	-11
2012	9	-88	-88	-11
2012	10	-88	-88	-88
2012	11	 	 	-88
2012	12	 	 	-88
2014	1	-11	-11	-11
2014	2	-11	-11	-11
2014	3	40	-11	-11
2014	4	-11	-11	-11
2014	5	 	 	-11
2014	6	 	 	-11
2014	7	 	 	-11
2014	8	 	 	-11
2014	9	-88	-88	-88
2014	10	-88	-88	-88
2014	11	 	 	-88
2014	12	 	 	-88
2015	1	-11	35	-11
2015	2	-11	-11	-11
2015	3	50	-11	-11
2015	4	-11	-11	-11
2015	5	 	 	-11
2015	6	 	 	-11
2015	7	 	 	-11
2015	8	 	 	-11
2015	9	-88	-88	-88
2015	10	-88	-88	-88
2015	11	 	 	-88
2015	12	 	 	-88
2016	1	-11	-11	-11
2016	2	-11	-11	-11
2016	3	-11	-11	-11
2016	4	-11	-11	-11
2016	5	 	 	-11
2016	6	 	 	-11
2016	7	 	 	-11
2016	8	 	 	-11
2016	9	35	35	10
2016	10	-88	-88	-88
2016	11	 	 	-88
2016	12	 	 	-88
2017	1	-11	30	-11
2017	2	30	25	-11
2017	3	50	-11	-11
2017	4	-11	-11	-11
2017	5	 	 	-11
2017	6	 	 	-11
2017	7	 	 	-11
2017	8	 	 	-11
2017	9	-88	-88	-88
2017	10	-88	-88	-88
2017	11	 	 	-88
2017	12	 	 	-88
2018	1	-11	30	-11
2018	2	40	40	-11
2018	3	40	-11	-11
2018	4	35	30	-11
2018	5	 	 	-11
2018	6	 	 	-11
2018	7	 	 	-11
2018	8	 	 	-11
2018	9	-88	-88	-88
2018	10	-88	-88	-88
2018	11	 	 	-88
2018	12	 	 	-88
2019	1	-1188	-11	-11
2019	2	-11	-11	-11
2019	3	40	40	30
2019	4	-11	-11	-11
2019	5	 	 	-11
2019	6	 	 	-11
2019	7	 	 	-11
2019	8	 	 	-11
2019	9	40	35	-77
2019	10	-88	-88	-88
2019	11	 	 	-88
2019	12	 	 	-88
2020	1	-11	-11	-11
2020	2	-11	-11	-11
2020	3	30	-11	-11
2020	4	-11	-11	-11
2020	5	 	 	-11
2020	6	 	 	-11
2020	7	 	 	-11
2020	8	 	 	-11
2020	9	-88	-88	-88
2020	10	-88	-88	-88
2020	11	 	 	-88
2020	12	 	 	-88
2021	1	-11	20	-11
2021	2	-11	-11	-11
2021	3	40	-11	-11
2021	4	-11	-11	-11
2021	5	 	 	-11
2021	6	 	 	-11
2021	7	 	 	-11
2021	8	 	 	-11
2021	9	-88	-88	-88
2021	10	-88	-88	-88
2021	11	 	 	-88
2021	12	 	 	-88
8003	1	-11	-77	-11
8003	2	-77	-11	-11
8003	3	40	-11	-11
8003	4	-11	-11	-11
8003	5	 	 	-11
8003	6	 	 	-11
8003	7	 	 	-11
8003	8	 	 	-11
8003	9	-88	-88	-88
8003	10	-88	-88	-88
8003	11	 	 	-88
8003	12	 	 	-88
8004	1	-11	8	-11
8004	2	25	20	-11
8004	3	40	-11	-11
8004	4	35	30	-11
8004	5	 	 	10
8004	6	 	 	10
8004	7	 	 	15
8004	8	 	 	15
8004	9	-88	-88	-88
8004	10	-88	-88	-88
8004	11	 	 	-88
8004	12	 	 	-88
8005	1	-11	-11	-11
8005	2	-11	-11	-11
8005	3	50	-11	-11
8005	4	-11	-11	-11
8005	5	 	 	-11
8005	6	 	 	-11
8005	7	 	 	-11
8005	8	 	 	-11
8005	9	-88	-88	-88
8005	10	-88	-88	-88
8005	11	 	 	-88
8005	12	 	 	-88
8007	1	-11	-11	-11
8007	2	-11	-11	-11
8007	3	50	-11	-11
8007	4	-11	-11	-11
8007	5	 	 	-11
8007	6	 	 	-11
8007	7	 	 	-11
8007	8	 	 	-11
8007	9	-88	-88	-88
8007	10	-88	-88	-88
8007	11	 	 	-88
8007	12	 	 	-88
8008	1	-11	-11	-11
8008	2	-11	-11	-11
8008	3	20	-11	-11
8008	4	-11	-11	-11
8008	5	 	 	-11
8008	6	 	 	-11
8008	7	 	 	-11
8008	8	 	 	-11
8008	9	-88	-88	-88
8008	10	-88	-88	-88
8008	11	 	 	-88
8008	12	 	 	-88
8012	1	-11	20	-11
8012	2	25	-11	-11
8012	3	60	-11	-11
8012	4	25	25	-11
8012	5	 	 	10
8012	6	 	 	10
8012	7	 	 	10
8012	8	 	 	10
8012	9	50	-11	-11
8012	10	30	-11	-11
8012	11	 	 	-88
8012	12	 	 	-88
8014	1	-11	5	-11
8014	2	30	-11	-11
8014	3	40	-11	-11
8014	4	-11	-11	-11
8014	5	 	 	-11
8014	6	 	 	-11
8014	7	 	 	-11
8014	8	 	 	-11
8014	9	-11	40	-11
8014	10	-88	-88	-88
8014	11	 	 	-88
8014	12	 	 	-88
8016	1	-11	25	-11
8016	2	30	30	-11
8016	3	60	-11	-11
8016	4	-11	-11	-11
8016	5	 	 	15
8016	6	 	 	15
8016	7	 	 	-11
8016	8	 	 	-11
8016	9	-88	-88	-88
8016	10	-88	-88	-88
8016	11	 	 	-88
8016	12	 	 	-88
8018	1	-11	20	-11
8018	2	40	-11	-11
8018	3	50	-11	-11
8018	4	-11	-11	-11
8018	5	 	 	-11
8018	6	 	 	-11
8018	7	 	 	-11
8018	8	 	 	-11
8018	9	-88	-88	-88
8018	10	-88	-88	-88
8018	11	 	 	-88
8018	12	 	 	-88
8020	1	-11	-11	-11
8020	2	40	40	-11
8020	3	50	-11	-11
8020	4	-11	-11	-11
8020	5	 	 	-11
8020	6	 	 	-11
8020	7	 	 	-11
8020	8	 	 	-11
8020	9	-88	-88	-88
8020	10	-88	-88	-88
8020	11	 	 	-88
8020	12	 	 	-88
8025	1	-11	20	-11
8025	2	-11	-11	-11
8025	3	40	-11	-11
8025	4	-11	-11	-11
8025	5	 	 	-11
8025	6	 	 	-11
8025	7	 	 	-11
8025	8	 	 	-11
8025	9	-88	-88	-88
8025	10	-88	-88	-88
8025	11	 	 	-88
8025	12	 	 	-88
8026	1	-11	20	-11
8026	2	-11	-11	-11
8026	3	60	60	30
8026	4	-11	-11	-11
8026	5	 	 	-11
8026	6	 	 	-11
8026	7	 	 	-11
8026	8	 	 	-11
8026	9	-88	-88	-88
8026	10	-88	-88	-88
8026	11	 	 	-88
8026	12	 	 	-88
8029	1	-11	-11	-11
8029	2	-11	-11	-11
8029	3	25	-11	-11
8029	4	-11	-11	-11
8029	5	 	 	-11
8029	6	 	 	-11
8029	7	 	 	-11
8029	8	 	 	-11
8029	9	-88	-88	-88
8029	10	-88	-88	-88
8029	11	 	 	-88
8029	12	 	 	-88
8032	1	-11	20	-11
8032	2	25	25	25
8032	3	30	-11	15
8032	4	20	20	20
8032	5	 	 	-11
8032	6	 	 	20
8032	7	 	 	10
8032	8	 	 	5
8032	9	-88	-88	-88
8032	10	-88	-88	-88
8032	11	 	 	-88
8032	12	 	 	-88
8034	1	-11	15	-11
8034	2	-11	-11	-11
8034	3	25	-11	-11
8034	4	-11	-11	-11
8034	5	 	 	-11
8034	6	 	 	-11
8034	7	 	 	-11
8034	8	 	 	-11
8034	9	-88	-88	-88
8034	10	-88	-88	-88
8034	11	 	 	-88
8034	12	 	 	-88
8037	1	-11	12	-11
8037	2	-11	-11	-11
8037	3	3	-11	-11
8037	4	-11	-11	-11
8037	5	 	 	-11
8037	6	 	 	-11
8037	7	 	 	-11
8037	8	 	 	-11
8037	9	-88	-88	-88
8037	10	-88	-88	-88
8037	11	 	 	-88
8037	12	 	 	-88
8038	1	-11	30	-11
8038	2	30	-11	-11
8038	3	40	-11	-11
8038	4	-11	-11	-11
8038	5	 	 	-11
8038	6	 	 	-11
8038	7	 	 	-11
8038	8	 	 	-11
8038	9	-88	-88	-88
8038	10	-88	-88	-88
8038	11	 	 	-88
8038	12	 	 	-88
8039	1	-11	10	-11
8039	2	25	-11	-11
8039	3	40	-11	-11
8039	4	-11	-11	-11
8039	5	 	 	10
8039	6	 	 	-11
8039	7	 	 	-11
8039	8	 	 	7
8039	9	-88	-88	-88
8039	10	-88	-88	-88
8039	11	 	 	-88
8039	12	 	 	-88
8040	1	-11	10	-11
8040	2	20	-11	-11
8040	3	40	-11	-11
8040	4	-11	-11	-11
8040	5	 	 	-11
8040	6	 	 	-11
8040	7	 	 	-11
8040	8	 	 	-11
8040	9	-88	-88	-88
8040	10	-88	-88	-88
8040	11	 	 	-88
8040	12	 	 	-88
8041	1	-11	-11	-11
8041	2	-11	-11	-11
8041	3	20	-11	-11
8041	4	-11	-11	-11
8041	5	 	 	-11
8041	6	 	 	-11
8041	7	 	 	-11
8041	8	 	 	-11
8041	9	-88	-88	-88
8041	10	-88	-88	-88
8041	11	 	 	-88
8041	12	 	 	-88
8046	1	-11	20	-11
8046	2	30	-11	-11
8046	3	35	-11	-11
8046	4	-11	-11	-11
8046	5	 	 	-11
8046	6	 	 	-11
8046	7	 	 	-11
8046	8	 	 	-11
8046	9	-88	-88	-88
8046	10	-88	-88	-88
8046	11	 	 	-88
8046	12	 	 	-88
8048	1	-11	-11	-11
8048	2	-11	-11	-11
8048	3	40	-11	-11
8048	4	-11	-11	-11
8048	5	 	 	-11
8048	6	 	 	-11
8048	7	 	 	-11
8048	8	 	 	-11
8048	9	15	15	10
8048	10	-88	-88	-88
8048	11	 	 	-88
8048	12	 	 	-88
8059	1	-11	20	-11
8059	2	-11	-11	-11
8059	3	50	-11	-11
8059	4	-11	-11	-11
8059	5	 	 	-11
8059	6	 	 	-11
8059	7	 	 	-11
8059	8	 	 	-11
8059	9	30	30	-11
8059	10	60	60	-11
8059	11	 	 	-88
8059	12	 	 	-88
8060	1	-11	-11	-11
8060	2	-11	-11	-11
8060	3	37	-11	11
8060	4	-11	-11	-11
8060	5	 	 	-11
8060	6	 	 	-11
8060	7	 	 	-11
8060	8	 	 	-11
8060	9	-88	-88	-88
8060	10	-88	-88	-88
8060	11	 	 	-88
8060	12	 	 	-88
8062	1	-11	15	-11
8062	2	40	-11	-11
8062	3	50	-11	-11
8062	4	-11	-11	-11
8062	5	 	 	-11
8062	6	 	 	-11
8062	7	 	 	-11
8062	8	 	 	-11
8062	9	-88	-88	-88
8062	10	-88	-88	-88
8062	11	 	 	-88
8062	12	 	 	-88
8064	1	-11	30	30
8064	2	45	40	-11
8064	3	50	50	-11
8064	4	-11	-11	-11
8064	5	 	 	-11
8064	6	 	 	-11
8064	7	 	 	-11
8064	8	 	 	-11
8064	9	-88	-88	-88
8064	10	-88	-88	-88
8064	11	 	 	-88
8064	12	 	 	-88
8066	1	-11	-11	-11
8066	2	-11	-11	-11
8066	3	-11	-11	-11
8066	4	-11	-11	-11
8066	5	 	 	-11
8066	6	 	 	-11
8066	7	 	 	-11
8066	8	 	 	-11
8066	9	-88	-88	-88
8066	10	-88	-88	-88
8066	11	 	 	-88
8066	12	 	 	-88
8067	1	-11	15	-11
8067	2	30	-11	-11
8067	3	35	-11	-11
8067	4	35	35	-11
8067	5	 	 	10
8067	6	 	 	10
8067	7	 	 	20
8067	8	 	 	5
8067	9	-88	-88	-88
8067	10	-88	-88	-88
8067	11	 	 	-88
8067	12	 	 	-88
8069	1	-11	-11	-11
8069	2	-11	-11	-11
8069	3	-11	-11	-11
8069	4	-11	-11	-11
8069	5	 	 	-11
8069	6	 	 	-11
8069	7	 	 	-11
8069	8	 	 	-11
8069	9	-88	-88	-88
8069	10	-88	-88	-88
8069	11	 	 	-88
8069	12	 	 	-88
8070	1	-11	-11	-11
8070	2	-11	-11	-11
8070	3	40	-11	-11
8070	4	-11	-11	-11
8070	5	 	 	-11
8070	6	 	 	-11
8070	7	 	 	-11
8070	8	 	 	-11
8070	9	-88	-88	-88
8070	10	-88	-88	-88
8070	11	 	 	-88
8070	12	 	 	-88
8071	1	-11	-11	-11
8071	2	-11	-11	-11
8071	3	-11	-11	-11
8071	4	-11	-11	-11
8071	5	 	 	-11
8071	6	 	 	-11
8071	7	 	 	-11
8071	8	 	 	-11
8071	9	-88	-88	-88
8071	10	-88	-88	-88
8071	11	 	 	-88
8071	12	 	 	-88
8072	1	-11	-11	-11
8072	2	-11	-11	-11
8072	3	-11	-11	-11
8072	4	-11	-11	-11
8072	5	 	 	-11
8072	6	 	 	-11
8072	7	 	 	-11
8072	8	 	 	-11
8072	9	-88	-88	-88
8072	10	-88	-88	-88
8072	11	 	 	-88
8072	12	 	 	-88
8083	1	-11	15	-11
8083	2	20	-11	-11
8083	3	20	-11	-11
8083	4	20	-11	-11
8083	5	 	 	-11
8083	6	 	 	-11
8083	7	 	 	-11
8083	8	 	 	-11
8083	9	20	-11	-11
8083	10	20	-11	-11
8083	11	 	 	-88
8083	12	 	 	-88
8084	1	-11	-11	-11
8084	2	-11	-11	-11
8084	3	30	-11	-11
8084	4	35	-11	-11
8084	5	 	 	-11
8084	6	 	 	-11
8084	7	 	 	-11
8084	8	 	 	-11
8084	9	-88	-88	-88
8084	10	-88	-88	-88
8084	11	 	 	-88
8084	12	 	 	-88
8085	1	-11	20	-11
8085	2	30	-11	-11
8085	3	30	-11	-11
8085	4	18	-11	-11
8085	5	 	 	-11
8085	6	 	 	11
8085	7	 	 	-11
8085	8	 	 	-11
8085	9	30	-11	-11
8085	10	-88	-88	-88
8085	11	 	 	-88
8085	12	 	 	-88
8086	1	-11	15	-11
8086	2	-11	-11	-11
8086	3	30	-11	-11
8086	4	25	25	-11
8086	5	 	 	-11
8086	6	 	 	-11
8086	7	 	 	-11
8086	8	 	 	-11
8086	9	-88	-88	-88
8086	10	-88	-88	-88
8086	11	 	 	-88
8086	12	 	 	-88
8088	1	-11	20	-11
8088	2	-11	-11	-11
8088	3	25	-11	-11
8088	4	-11	-11	-11
8088	5	 	 	-11
8088	6	 	 	-11
8088	7	 	 	-11
8088	8	 	 	-11
8088	9	-11	-11	-11
8088	10	-11	-11	-11
8088	11	 	 	-88
8088	12	 	 	-88
8090	1	-11	30	-11
8090	2	30	30	-11
8090	3	60	-11	-11
8090	4	40	30	-11
8090	5	 	 	10
8090	6	 	 	15
8090	7	 	 	30
8090	8	 	 	15
8090	9	-88	-88	-88
8090	10	-88	-88	-88
8090	11	 	 	-88
8090	12	 	 	-88
8091	1	-11	25	-11
8091	2	30	25	-11
8091	3	40	-11	-11
8091	4	-11	-11	-11
8091	5	 	 	-11
8091	6	 	 	-11
8091	7	 	 	15
8091	8	 	 	10
8091	9	-88	-88	-88
8091	10	-88	-88	-88
8091	11	 	 	-88
8091	12	 	 	-88
8092	1	-11	-11	-11
8092	2	30	-11	-11
8092	3	60	-11	-11
8092	4	-11	-11	-11
8092	5	 	 	15
8092	6	 	 	-11
8092	7	 	 	-11
8092	8	 	 	-11
8092	9	-88	-88	-88
8092	10	-88	-88	-88
8092	11	 	 	-88
8092	12	 	 	-88
8094	1	-11	-11	-11
8094	2	40	40	-11
8094	3	50	-11	-11
8094	4	-11	-11	-11
8094	5	 	 	-11
8094	6	 	 	-11
8094	7	 	 	-11
8094	8	 	 	-11
8094	9	-88	-88	-88
8094	10	-88	-88	-88
8094	11	 	 	-88
8094	12	 	 	-88
8097	1	-11	-11	-11
8097	2	35	35	-11
8097	3	50	-11	-11
8097	4	-11	-11	-11
8097	5	 	 	-11
8097	6	 	 	-11
8097	7	 	 	-11
8097	8	 	 	-11
8097	9	-88	-88	-88
8097	10	-88	-88	-88
8097	11	 	 	-88
8097	12	 	 	-88
8098	1	-11	-11	-11
8098	2	40	-11	-11
8098	3	50	-11	-11
8098	4	40	40	-11
8098	5	 	 	20
8098	6	 	 	25
8098	7	 	 	25
8098	8	 	 	-11
8098	9	40	40	-11
8098	10	40	40	-11
8098	11	 	 	-88
8098	12	 	 	-88
8099	1	-11	25	-11
8099	2	40	30	-11
8099	3	60	-11	-11
8099	4	40	40	-11
8099	5	 	 	-11
8099	6	 	 	-11
8099	7	 	 	-11
8099	8	 	 	-11
8099	9	-11	30	-11
8099	10	-30	30	-11
8099	11	 	 	-88
8099	12	 	 	-88
8107	1	-11	-11	-11
8107	2	-11	-11	-11
8107	3	50	-11	-11
8107	4	-11	-11	-11
8107	5	 	 	-11
8107	6	 	 	-11
8107	7	 	 	-11
8107	8	 	 	-11
8107	9	-88	-88	-88
8107	10	-88	-88	-88
8107	11	 	 	-88
8107	12	 	 	-88
8108	1	-11	30	-11
8108	2	-40	-11	-11
8108	3	40	-11	-11
8108	4	-11	-11	-11
8108	5	 	 	11
8108	6	 	 	-11
8108	7	 	 	-11
8108	8	 	 	-11
8108	9	60	50	-11
8108	10	-88	-88	-88
8108	11	 	 	-88
8108	12	 	 	-88
8109	1	-11	30	-11
8109	2	30	-11	-11
8109	3	45	-11	-11
8109	4	35	30	-11
8109	5	 	 	-11
8109	6	 	 	-11
8109	7	 	 	-11
8109	8	 	 	-11
8109	9	-88	-88	-88
8109	10	-88	-88	-88
8109	11	 	 	-88
8109	12	 	 	-88
8110	1	-11	-11	-11
8110	2	30	-11	-11
8110	3	70	-11	-11
8110	4	-11	-11	-11
8110	5	 	 	-11
8110	6	 	 	25
8110	7	 	 	-11
8110	8	 	 	-11
8110	9	-88	-88	-88
8110	10	-88	-88	-88
8110	11	 	 	-88
8110	12	 	 	-88
8111	1	-11	30	-11
8111	2	40	-11	-11
8111	3	-50	50	-11
8111	4	60	60	-11
8111	5	 	 	-11
8111	6	 	 	-11
8111	7	 	 	-11
8111	8	 	 	10
8111	9	-88	-88	-88
8111	10	-88	-88	-88
8111	11	 	 	-88
8111	12	 	 	-88
8112	1	-11	30	-11
8112	2	-11	-11	-11
8112	3	40	-11	-11
8112	4	-11	-11	-11
8112	5	 	 	-11
8112	6	 	 	-11
8112	7	 	 	-11
8112	8	 	 	-11
8112	9	-88	-88	-88
8112	10	-88	-88	-88
8112	11	 	 	-88
8112	12	 	 	-88
8114	1	-11	20	-11
8114	2	30	-11	-11
8114	3	35	-11	-11
8114	4	-11	-11	-11
8114	5	 	 	-11
8114	6	 	 	-11
8114	7	 	 	-11
8114	8	 	 	-11
8114	9	30	40	-11
8114	10	30	-11	-11
8114	11	 	 	-88
8114	12	 	 	-88
8115	1	-11	-11	-11
8115	2	30	-11	-11
8115	3	35	-11	-11
8115	4	-11	-11	-11
8115	5	 	 	-11
8115	6	 	 	-11
8115	7	 	 	-11
8115	8	 	 	-11
8115	9	-88	-88	-88
8115	10	-88	-88	-88
8115	11	 	 	-88
8115	12	 	 	-88
8123	1	-11	20	-11
8123	2	20	20	-11
8123	3	35	30	-11
8123	4	30	30	-11
8123	5	 	 	-11
8123	6	 	 	-11
8123	7	 	 	-11
8123	8	 	 	-11
8123	9	-88	-88	-88
8123	10	-88	-88	-88
8123	11	 	 	-88
8123	12	 	 	-88
8124	1	-77	-77	-77
8124	2	-11	-11	-11
8124	3	45	-11	-11
8124	4	-11	-11	-11
8124	5	 	 	-11
8124	6	 	 	-11
8124	7	 	 	-11
8124	8	 	 	-11
8124	9	30	26	-11
8124	10	-88	-88	-88
8124	11	 	 	-88
8124	12	 	 	-88
8125	1	-11	-11	-11
8125	2	-11	-11	-11
8125	3	60	-11	-11
8125	4	-11	-11	-11
8125	5	 	 	-11
8125	6	 	 	-11
8125	7	 	 	-11
8125	8	 	 	-11
8125	9	-88	-88	-88
8125	10	-88	-88	-88
8125	11	 	 	-88
8125	12	 	 	-88
8126	1	-11	-11	-11
8126	2	35	30	-11
8126	3	50	-11	-11
8126	4	-11	-11	-11
8126	5	 	 	-11
8126	6	 	 	-11
8126	7	 	 	-11
8126	8	 	 	-11
8126	9	-88	-88	-88
8126	10	-88	-88	-88
8126	11	 	 	-88
8126	12	 	 	-88
8127	1	-11	25	-11
8127	2	30	-11	-11
8127	3	50	-11	-11
8127	4	-77	-11	-11
8127	5	 	 	-11
8127	6	 	 	-11
8127	7	 	 	-11
8127	8	 	 	-11
8127	9	-88	-88	-88
8127	10	-88	-88	-88
8127	11	 	 	-88
8127	12	 	 	-88
8128	1	-11	-11	-11
8128	2	-11	-11	-11
8128	3	-11	-11	-11
8128	4	-11	-11	-11
8128	5	 	 	-11
8128	6	 	 	-11
8128	7	 	 	-11
8128	8	 	 	-11
8128	9	-88	-88	-88
8128	10	-88	-88	-88
8128	11	 	 	-88
8128	12	 	 	-88
8129	1	-11	-11	-11
8129	2	-11	-11	-11
8129	3	60	-11	-11
8129	4	-11	-11	-11
8129	5	 	 	-11
8129	6	 	 	-11
8129	7	 	 	-11
8129	8	 	 	-11
8129	9	-88	-88	-88
8129	10	-88	-88	-88
8129	11	 	 	-88
8129	12	 	 	-88
8130	1	10	10	-11
8130	2	-11	-11	-11
8130	3	45	-11	-11
8130	4	-11	-11	-11
8130	5	 	 	-11
8130	6	 	 	-11
8130	7	 	 	-11
8130	8	 	 	-11
8130	9	-88	-88	-88
8130	10	-88	-88	-88
8130	11	 	 	-88
8130	12	 	 	-88
8135	1	-11	-11	-11
8135	2	-11	-11	-11
8135	3	-11	-11	-11
8135	4	-11	-11	-11
8135	5	 	 	-11
8135	6	 	 	-11
8135	7	 	 	-11
8135	8	 	 	-11
8135	9	-88	-88	-88
8135	10	-88	-88	-88
8135	11	 	 	-88
8135	12	 	 	-88
8138	1	-11	-11	-11
8138	2	45	-11	-11
8138	3	45	-11	-11
8138	4	35	20	25
8138	5	 	 	-11
8138	6	 	 	-11
8138	7	 	 	-11
8138	8	 	 	-11
8138	9	-88	-88	-88
8138	10	-88	-88	-88
8138	11	 	 	-88
8138	12	 	 	-88
8140	1	-11	25	-11
8140	2	50	-11	-11
8140	3	40	40	40
8140	4	50	50	-11
8140	5	 	 	-11
8140	6	 	 	-11
8140	7	 	 	-11
8140	8	 	 	-11
8140	9	-88	-88	-88
8140	10	-88	-88	-88
8140	11	 	 	-88
8140	12	 	 	-88
8141	1	-11	20	-11
8141	2	40	40	-11
8141	3	40	-11	-11
8141	4	40	40	-11
8141	5	 	 	-11
8141	6	 	 	10
8141	7	 	 	-11
8141	8	 	 	10
8141	9	50	-11	-11
8141	10	-88	-88	-88
8141	11	 	 	-88
8141	12	 	 	-88
8142	1	-11	-11	-11
8142	2	-11	-11	-11
8142	3	30	-11	-11
8142	4	-11	-11	-11
8142	5	 	 	-11
8142	6	 	 	-11
8142	7	 	 	-11
8142	8	 	 	-11
8142	9	-88	-88	-88
8142	10	-88	-88	-88
8142	11	 	 	-88
8142	12	 	 	-88
8143	1	-11	20	-11
8143	2	30	-11	-11
8143	3	25	-11	-11
8143	4	-11	-11	-11
8143	5	 	 	-11
8143	6	 	 	-11
8143	7	 	 	-11
8143	8	 	 	-11
8143	9	30	-11	-11
8143	10	-88	-88	-88
8143	11	 	 	-88
8143	12	 	 	-88
8144	1	-11	20	-11
8144	2	25	-11	-11
8144	3	55	-11	-11
8144	4	-11	-11	-11
8144	5	 	 	-11
8144	6	 	 	-11
8144	7	 	 	-11
8144	8	 	 	-11
8144	9	60	-11	-11
8144	10	-88	-88	-88
8144	11	 	 	-88
8144	12	 	 	-88
8145	1	-11	20	-11
8145	2	25	-11	-11
8145	3	50	50	-11
8145	4	30	30	-11
8145	5	 	 	-11
8145	6	 	 	-11
8145	7	 	 	-11
8145	8	 	 	-11
8145	9	40	-11	-11
8145	10	-88	-88	-88
8145	11	 	 	-88
8145	12	 	 	-88
8146	1	10	10	-11
8146	2	20	20	-11
8146	3	40	-11	-11
8146	4	-11	-11	-11
8146	5	 	 	5
8146	6	 	 	5
8146	7	 	 	10
8146	8	 	 	5
8146	9	-88	-88	-88
8146	10	-88	-88	-88
8146	11	 	 	-88
8146	12	 	 	-88
8147	1	-11	-11	-11
8147	2	-11	-11	-11
8147	3	50	-11	-11
8147	4	-11	-11	-11
8147	5	 	 	-11
8147	6	 	 	-11
8147	7	 	 	-11
8147	8	 	 	-11
8147	9	-88	-88	-11
8147	10	-88	-88	-88
8147	11	 	 	-88
8147	12	 	 	-88
8148	1	-11	-11	-11
8148	2	35	30	-11
8148	3	33	-11	-11
8148	4	-11	-11	-11
8148	5	 	 	-11
8148	6	 	 	-11
8148	7	 	 	-11
8148	8	 	 	-11
8148	9	-88	-88	-88
8148	10	-88	-88	-88
8148	11	 	 	-88
8148	12	 	 	-88
8151	1	-11	20	-11
8151	2	-11	-11	-11
8151	3	46	46	-11
8151	4	-11	-11	-11
8151	5	 	 	-11
8151	6	 	 	15
8151	7	 	 	-11
8151	8	 	 	-11
8151	9	-88	-88	-88
8151	10	-88	-88	-88
8151	11	 	 	-88
8151	12	 	 	-88
8152	1	-11	-11	-11
8152	2	-11	-11	-11
8152	3	-11	-11	-11
8152	4	-11	-11	-11
8152	5	 	 	-11
8152	6	 	 	-11
8152	7	 	 	-11
8152	8	 	 	-11
8152	9	-88	-88	-88
8152	10	-88	-88	-88
8152	11	 	 	-88
8152	12	 	 	-88
8160	1	-11	12	-11
8160	2	-11	-11	-11
8160	3	25	-11	10
8160	4	-11	-11	-11
8160	5	 	 	-11
8160	6	 	 	-11
8160	7	 	 	-11
8160	8	 	 	-11
8160	9	-88	-88	-88
8160	10	-88	-88	-88
8160	11	 	 	-88
8160	12	 	 	-88
8161	1	-11	20	-11
8161	2	40	-11	-11
8161	3	40	-11	-11
8161	4	30	30	-11
8161	5	 	 	-11
8161	6	 	 	-11
8161	7	 	 	-11
8161	8	 	 	-11
8161	9	20	20	-11
8161	10	20	20	-11
8161	11	 	 	-88
8161	12	 	 	-88
8162	1	-11	-11	-11
8162	2	-11	-11	-11
8162	3	30	-11	-11
8162	4	-11	-11	-11
8162	5	 	 	-11
8162	6	 	 	-11
8162	7	 	 	-11
8162	8	 	 	-11
8162	9	30	-11	-11
8162	10	-88	-88	-88
8162	11	 	 	-88
8162	12	 	 	-88
8163	1	-11	-11	-11
8163	2	20	-11	-11
8163	3	-11	-11	-11
8163	4	-11	-11	-11
8163	5	 	 	-11
8163	6	 	 	-11
8163	7	 	 	-11
8163	8	 	 	-11
8163	9	-88	-88	-88
8163	10	-88	-88	-88
8163	11	 	 	-88
8163	12	 	 	-88
8166	1	-11	25	-11
8166	2	30	-11	-11
8166	3	45	-11	-11
8166	4	30	30	-11
8166	5	 	 	-11
8166	6	 	 	-11
8166	7	 	 	25
8166	8	 	 	25
8166	9	-88	-88	-88
8166	10	-88	-88	-88
8166	11	 	 	-88
8166	12	 	 	-88
8168	1	-11	20	-11
8168	2	20	-11	-11
8168	3	20	-11	-11
8168	4	-11	-11	-11
8168	5	 	 	-11
8168	6	 	 	-11
8168	7	 	 	-11
8168	8	 	 	-11
8168	9	20	-11	-11
8168	10	-88	-88	-88
8168	11	 	 	-88
8168	12	 	 	-88
8169	1	-11	-11	-11
8169	2	-11	-11	-11
8169	3	-11	-11	-11
8169	4	-11	-11	-11
8169	5	 	 	-11
8169	6	 	 	-11
8169	7	 	 	-11
8169	8	 	 	-11
8169	9	-88	-88	-88
8169	10	-88	-88	-88
8169	11	 	 	-88
8169	12	 	 	-88
8170	1	-11	8	-11
8170	2	-11	-11	-11
8170	3	40	-11	-11
8170	4	-11	-11	-11
8170	5	 	 	-11
8170	6	 	 	-11
8170	7	 	 	-11
8170	8	 	 	-11
8170	9	50	50	-11
8170	10	30	30	-11
8170	11	 	 	-88
8170	12	 	 	-88
8171	1	-11	-11	-11
8171	2	-11	-11	-11
8171	3	50	-11	-11
8171	4	-11	-11	-11
8171	5	 	 	-11
8171	6	 	 	-11
8171	7	 	 	-11
8171	8	 	 	-11
8171	9	20	-11	-11
8171	10	-88	-88	-88
8171	11	 	 	-88
8171	12	 	 	-88
8172	1	-11	-11	-11
8172	2	-11	-11	-11
8172	3	30	-11	-11
8172	4	-11	-11	-11
8172	5	 	 	-11
8172	6	 	 	-11
8172	7	 	 	-11
8172	8	 	 	-11
8172	9	29	-11	-11
8172	10	-88	-88	-88
8172	11	 	 	-88
8172	12	 	 	-88
8175	1	-11	-11	-11
8175	2	-11	-11	-11
8175	3	40	-11	-11
8175	4	-11	-11	-11
8175	5	 	 	-11
8175	6	 	 	-11
8175	7	 	 	-11
8175	8	 	 	-11
8175	9	-88	-88	-88
8175	10	-88	-88	-88
8175	11	 	 	-88
8175	12	 	 	-88
8177	1	-11	40	-11
8177	2	-11	-11	-11
8177	3	40	-11	-11
8177	4	-11	-11	-11
8177	5	 	 	-11
8177	6	 	 	-11
8177	7	 	 	-11
8177	8	 	 	-11
8177	9	-88	-88	-88
8177	10	-88	-88	-88
8177	11	 	 	-88
8177	12	 	 	-88
8180	1	-11	10	-11
8180	2	15	15	-11
8180	3	50	-11	-11
8180	4	20	20	-11
8180	5	 	 	-11
8180	6	 	 	-11
8180	7	 	 	-11
8180	8	 	 	10
8180	9	20	-11	-11
8180	10	-88	-88	-88
8180	11	 	 	-88
8180	12	 	 	-88
8181	1	-11	-11	-11
8181	2	-11	-11	-11
8181	3	35	-11	-11
8181	4	-11	-11	-11
8181	5	 	 	-11
8181	6	 	 	-11
8181	7	 	 	-11
8181	8	 	 	-11
8181	9	-88	-88	-88
8181	10	-88	-88	-88
8181	11	 	 	-88
8181	12	 	 	-88
8182	1	-11	25	-11
8182	2	25	25	-11
8182	3	60	60	-11
8182	4	-11	-11	-11
8182	5	 	 	25
8182	6	 	 	-11
8182	7	 	 	10
8182	8	 	 	10
8182	9	-88	-88	-88
8182	10	-88	-88	-88
8182	11	 	 	-88
8182	12	 	 	-88
8184	1	-11	20	-11
8184	2	-11	-11	-11
8184	3	30	-11	-11
8184	4	-11	-11	-11
8184	5	 	 	-11
8184	6	 	 	-11
8184	7	 	 	-11
8184	8	 	 	-11
8184	9	30	-11	30
8184	10	-88	-88	-88
8184	11	 	 	-88
8184	12	 	 	-88
8185	1	-11	-11	-11
8185	2	56	-11	-11
8185	3	56	-11	-11
8185	4	-11	-11	-11
8185	5	 	 	-11
8185	6	 	 	-11
8185	7	 	 	-11
8185	8	 	 	-11
8185	9	56	-11	-11
8185	10	-88	-88	-88
8185	11	 	 	-88
8185	12	 	 	-88
8186	1	-11	-11	-11
8186	2	-11	-11	-11
8186	3	35	-11	-11
8186	4	-11	-11	-11
8186	5	 	 	-11
8186	6	 	 	-11
8186	7	 	 	-11
8186	8	 	 	-11
8186	9	-88	-88	-88
8186	10	-88	-88	-88
8186	11	 	 	-88
8186	12	 	 	-88
8188	1	-11	25	-11
8188	2	35	-11	-11
8188	3	40	-11	-11
8188	4	-11	-11	-11
8188	5	 	 	-11
8188	6	 	 	-11
8188	7	 	 	-11
8188	8	 	 	-11
8188	9	30	-11	-11
8188	10	40	-11	-11
8188	11	 	 	-88
8188	12	 	 	-88
8189	1	-11	20	-11
8189	2	25	-11	-11
8189	3	30	-11	-11
8189	4	25	25	-11
8189	5	 	 	-11
8189	6	 	 	-11
8189	7	 	 	-11
8189	8	 	 	8
8189	9	-88	-88	-88
8189	10	-88	-88	-88
8189	11	 	 	-88
8189	12	 	 	-88
8192	1	-11	-11	-11
8192	2	-11	-11	-11
8192	3	20	-11	-11
8192	4	20	-11	-11
8192	5	 	 	15
8192	6	 	 	15
8192	7	 	 	25
8192	8	 	 	10
8192	9	-88	-88	-88
8192	10	-88	-88	-88
8192	11	 	 	-88
8192	12	 	 	-88
8193	1	-11	10	-11
8193	2	20	-11	-11
8193	3	40	-11	-11
8193	4	17	-11	-11
8193	5	 	 	10
8193	6	 	 	10
8193	7	 	 	15
8193	8	 	 	10
8193	9	-88	-88	-88
8193	10	-88	-88	-88
8193	11	 	 	-88
8193	12	 	 	-88
8198	1	-11	-11	-11
8198	2	-11	-11	-11
8198	3	20	-11	-11
8198	4	-11	-11	-11
8198	5	 	 	-11
8198	6	 	 	-11
8198	7	 	 	-11
8198	8	 	 	-11
8198	9	-88	-88	-88
8198	10	-88	-88	-88
8198	11	 	 	-88
8198	12	 	 	-88
8199	1	-11	20	-11
8199	2	20	-11	-11
8199	3	30	-11	-11
8199	4	-11	-11	-11
8199	5	 	 	-11
8199	6	 	 	-11
8199	7	 	 	20
8199	8	 	 	-11
8199	9	-11	-11	20
8199	10	30	-11	-11
8199	11	 	 	-88
8199	12	 	 	-88
8201	1	-11	10	-11
8201	2	-11	-11	-11
8201	3	15	-11	-11
8201	4	-11	-11	-11
8201	5	 	 	-11
8201	6	 	 	-11
8201	7	 	 	-11
8201	8	 	 	-11
8201	9	-88	-88	-88
8201	10	-88	-88	-88
8201	11	 	 	-88
8201	12	 	 	-88
8202	1	-11	20	-11
8202	2	30	-11	-11
8202	3	60	-11	-11
8202	4	30	30	-11
8202	5	 	 	-11
8202	6	 	 	-11
8202	7	 	 	-11
8202	8	 	 	-11
8202	9	25	-11	-11
8202	10	-88	-88	-88
8202	11	 	 	-88
8202	12	 	 	-88
8203	1	-11	25	-11
8203	2	-11	-11	-11
8203	3	40	-11	-11
8203	4	-11	-11	-11
8203	5	 	 	-11
8203	6	 	 	-11
8203	7	 	 	-11
8203	8	 	 	-11
8203	9	-88	-88	-88
8203	10	-88	-88	-88
8203	11	 	 	-88
8203	12	 	 	-88
8204	1	11	10	-11
8204	2	20	-11	-11
8204	3	35	-11	-11
8204	4	-11	-11	-11
8204	5	 	 	-11
8204	6	 	 	-11
8204	7	 	 	-11
8204	8	 	 	-11
8204	9	-88	-88	-88
8204	10	-88	-88	-88
8204	11	 	 	-88
8204	12	 	 	-88
8205	1	-11	10	-11
8205	2	-11	-11	-11
8205	3	50	-11	-11
8205	4	-11	-11	-11
8205	5	 	 	-11
8205	6	 	 	-11
8205	7	 	 	-11
8205	8	 	 	-11
8205	9	-88	-88	-88
8205	10	-88	-88	-88
8205	11	 	 	-88
8205	12	 	 	-88
8206	1	-11	10	-11
8206	2	30	-11	-11
8206	3	30	-11	-11
8206	4	-11	-11	-11
8206	5	 	 	-11
8206	6	 	 	-11
8206	7	 	 	-11
8206	8	 	 	-11
8206	9	-88	-88	-88
8206	10	-88	-88	-88
8206	11	 	 	-88
8206	12	 	 	-88
8207	1	-11	15	-11
8207	2	-11	-11	-11
8207	3	30	25	-11
8207	4	-11	-11	-11
8207	5	 	 	-11
8207	6	 	 	-11
8207	7	 	 	-11
8207	8	 	 	-11
8207	9	-88	-88	-88
8207	10	-88	-88	-88
8207	11	 	 	-88
8207	12	 	 	-88
8209	1	-11	-11	-11
8209	2	-11	-11	-11
8209	3	-11	-11	-11
8209	4	-11	-11	-11
8209	5	 	 	-11
8209	6	 	 	-11
8209	7	 	 	-11
8209	8	 	 	-11
8209	9	-88	-88	-88
8209	10	-88	-88	-88
8209	11	 	 	-88
8209	12	 	 	-88
8210	1	-11	-11	-11
8210	2	-11	-11	-11
8210	3	45	-11	-11
8210	4	-11	-11	-11
8210	5	 	 	-11
8210	6	 	 	-11
8210	7	 	 	-11
8210	8	 	 	-11
8210	9	-88	-88	-88
8210	10	-88	-88	-88
8210	11	 	 	-88
8210	12	 	 	-88
8211	1	-11	10	-11
8211	2	20	15	-11
8211	3	25	-11	-11
8211	4	-11	-11	-11
8211	5	 	 	-11
8211	6	 	 	-11
8211	7	 	 	-11
8211	8	 	 	-11
8211	9	-11	-11	5
8211	10	-88	-88	-88
8211	11	 	 	-88
8211	12	 	 	-88
8212	1	-11	10	-11
8212	2	-11	-11	-11
8212	3	30	-11	-11
8212	4	-11	-11	-11
8212	5	 	 	-11
8212	6	 	 	-11
8212	7	 	 	-11
8212	8	 	 	-11
8212	9	-88	-88	-88
8212	10	-88	-88	-88
8212	11	 	 	-88
8212	12	 	 	-88
8213	1	-11	-11	-11
8213	2	-11	-11	-11
8213	3	-11	-11	-11
8213	4	-11	-11	-11
8213	5	 	 	-11
8213	6	 	 	-11
8213	7	 	 	-11
8213	8	 	 	-11
8213	9	-88	-88	-88
8213	10	-88	-88	-88
8213	11	 	 	-88
8213	12	 	 	-88
8215	1	-11	20	-11
8215	2	-11	-11	-11
8215	3	20	-11	-11
8215	4	-11	-11	-11
8215	5	 	 	-11
8215	6	 	 	-11
8215	7	 	 	-11
8215	8	 	 	-11
8215	9	-88	-88	-88
8215	10	-88	-88	-88
8215	11	 	 	-88
8215	12	 	 	-88
8216	1	-11	-25	-11
8216	2	10	15	-11
8216	3	60	-11	-11
8216	4	25	25	-11
8216	5	 	 	-11
8216	6	 	 	-11
8216	7	 	 	-11
8216	8	 	 	-11
8216	9	30	-11	-11
8216	10	50	-11	-11
8216	11	 	 	-88
8216	12	 	 	-88
8217	1	-11	15	-11
8217	2	25	-11	-11
8217	3	40	-11	-11
8217	4	-11	-11	-11
8217	5	 	 	6
8217	6	 	 	5
8217	7	 	 	10
8217	8	 	 	4
8217	9	-88	-88	-88
8217	10	-88	-88	-88
8217	11	 	 	-88
8217	12	 	 	-88
8219	1	-11	30	-11
8219	2	-11	-11	-11
8219	3	60	-11	-11
8219	4	-11	-11	-11
8219	5	 	 	-11
8219	6	 	 	-11
8219	7	 	 	-11
8219	8	 	 	-11
8219	9	-88	-88	-88
8219	10	-88	-88	-88
8219	11	 	 	-88
8219	12	 	 	-88
8220	1	-11	20	-11
8220	2	-11	-11	-11
8220	3	35	-11	-11
8220	4	-11	-11	-11
8220	5	 	 	-11
8220	6	 	 	-11
8220	7	 	 	-11
8220	8	 	 	-11
8220	9	-88	-88	-88
8220	10	-88	-88	-88
8220	11	 	 	-88
8220	12	 	 	-88
8223	1	-11	30	-11
8223	2	-11	-11	-11
8223	3	60	-11	-11
8223	4	-11	-11	-11
8223	5	 	 	-11
8223	6	 	 	-11
8223	7	 	 	-11
8223	8	 	 	-11
8223	9	-88	-88	-88
8223	10	-88	-88	-88
8223	11	 	 	-88
8223	12	 	 	-88
8226	1	-11	30	-11
8226	2	-11	-11	-11
8226	3	60	-11	-11
8226	4	-11	-11	-11
8226	5	 	 	-11
8226	6	 	 	-11
8226	7	 	 	-11
8226	8	 	 	-11
8226	9	-88	-88	-88
8226	10	-88	-88	-88
8226	11	 	 	-88
8226	12	 	 	-88
8227	1	-11	30	-11
8227	2	-11	-11	-11
8227	3	70	-11	-11
8227	4	-11	-11	-11
8227	5	 	 	-11
8227	6	 	 	-11
8227	7	 	 	-11
8227	8	 	 	-11
8227	9	-88	-88	-88
8227	10	-88	-88	-88
8227	11	 	 	-88
8227	12	 	 	-88
8228	1	25	-11	-11
8228	2	40	-11	-11
8228	3	-11	-11	-11
8228	4	-88	-88	-88
8228	5	 	 	-88
8228	6	 	 	-88
8228	7	 	 	-88
8228	8	 	 	-88
8228	9	-88	-88	-88
8228	10	-88	-88	-88
8228	11	 	 	-88
8228	12	 	 	-88
8232	1	-11	10	-11
8232	2	40	-11	-11
8232	3	80	-11	-11
8232	4	-11	-11	-11
8232	5	 	 	-11
8232	6	 	 	-11
8232	7	 	 	-11
8232	8	 	 	-11
8232	9	-88	-88	-88
8232	10	-88	-88	-88
8232	11	 	 	-88
8232	12	 	 	-88
8236	1	-11	-11	-11
8236	2	-11	-11	-11
8236	3	-11	-11	-11
8236	4	-11	-11	-11
8236	5	 	 	-11
8236	6	 	 	-11
8236	7	 	 	-11
8236	8	 	 	-11
8236	9	-88	-88	-88
8236	10	-88	-88	-88
8236	11	 	 	-88
8236	12	 	 	-88
8237	1	15	15	10
8237	2	50	25	15
8237	3	25	15	10
8237	4	-11	-11	-11
8237	5	 	 	-11
8237	6	 	 	-11
8237	7	 	 	-11
8237	8	 	 	-11
8237	9	-88	-88	-88
8237	10	-88	-88	-88
8237	11	 	 	-88
8237	12	 	 	-88
8239	1	-11	20	-11
8239	2	-11	-11	-11
8239	3	30	-11	-11
8239	4	-11	-11	-11
8239	5	 	 	-11
8239	6	 	 	-11
8239	7	 	 	-11
8239	8	 	 	-11
8239	9	-88	-88	-88
8239	10	-88	-88	-88
8239	11	 	 	-88
8239	12	 	 	-88
8248	1	-11	20	-11
8248	2	-11	-11	-11
8248	3	30	-11	-11
8248	4	-11	-11	-11
8248	5	 	 	-11
8248	6	 	 	-11
8248	7	 	 	-11
8248	8	 	 	-11
8248	9	-88	-88	-88
8248	10	-88	-88	88
8248	11	 	 	-88
8248	12	 	 	-88
8250	1	-11	10	-11
8250	2	-11	-11	-11
8250	3	25	-11	-11
8250	4	-11	-11	-11
8250	5	 	 	-11
8250	6	 	 	-11
8250	7	 	 	-11
8250	8	 	 	-11
8250	9	-88	-88	-88
8250	10	-88	-88	-88
8250	11	 	 	-88
8250	12	 	 	-88
8251	1	-11	-11	-11
8251	2	-11	-11	-11
8251	3	-11	-11	-11
8251	4	-11	-11	-11
8251	5	 	 	-11
8251	6	 	 	-11
8251	7	 	 	-11
8251	8	 	 	-11
8251	9	-88	-88	-88
8251	10	-88	-88	-88
8251	11	 	 	-88
8251	12	 	 	-88
8254	1	-11	-11	-11
8254	2	-11	-11	-11
8254	3	50	-11	-11
8254	4	-11	-11	-11
8254	5	 	 	-11
8254	6	 	 	-11
8254	7	 	 	-11
8254	8	 	 	-11
8254	9	35	35	-11
8254	10	35	35	-11
8254	11	 	 	-88
8254	12	 	 	-88
8255	1	-11	40	-11
8255	2	40	40	-11
8255	3	60	-11	-11
8255	4	-88	-88	-88
8255	5	 	 	-11
8255	6	 	 	-11
8255	7	 	 	-11
8255	8	 	 	-11
8255	9	-88	-88	-88
8255	10	-88	-88	-88
8255	11	 	 	-88
8255	12	 	 	-88
8257	1	-88	-88	-88
8257	2	-88	-88	-88
8257	3	50	-11	-11
8257	4	-88	-11	-88
8257	5	 	 	-88
8257	6	 	 	-88
8257	7	 	 	-88
8257	8	 	 	-88
8257	9	-88	-88	-88
8257	10	-88	-88	-88
8257	11	 	 	-88
8257	12	 	 	-88
8258	1	-11	-11	-11
8258	2	-11	-11	-11
8258	3	60	-11	-11
8258	4	-11	-11	-11
8258	5	 	 	-11
8258	6	 	 	-11
8258	7	 	 	-11
8258	8	 	 	-11
8258	9	-88	-88	-88
8258	10	-88	-88	-88
8258	11	 	 	-88
8258	12	 	 	-88
8259	1	-11	25	-11
8259	2	-11	-11	-11
8259	3	50	-11	-11
8259	4	-11	-11	-11
8259	5	 	 	-11
8259	6	 	 	-11
8259	7	 	 	-11
8259	8	 	 	-11
8259	9	-11	-11	10
8259	10	-11	-11	15
8259	11	 	 	-11
8259	12	 	 	-11
8260	1	-11	25	-11
8260	2	-11	-11	-11
8260	3	40	-11	-11
8260	4	-11	-11	-11
8260	5	 	 	-11
8260	6	 	 	-11
8260	7	 	 	-11
8260	8	 	 	-11
8260	9	-88	-88	-88
8260	10	-88	-88	-88
8260	11	 	 	-88
8260	12	 	 	-88
8261	1	-11	20	-11
8261	2	25	-11	-11
8261	3	70	-11	-11
8261	4	-11	-11	-11
8261	5	 	 	-11
8261	6	 	 	-11
8261	7	 	 	-11
8261	8	 	 	-11
8261	9	-88	-88	-88
8261	10	-88	-88	-88
8261	11	 	 	-88
8261	12	 	 	-88
8264	1	-11	15	10
8264	2	30	20	-11
8264	3	40	-11	-11
8264	4	25	25	-11
8264	5	 	 	15
8264	6	 	 	15
8264	7	 	 	-11
8264	8	 	 	-11
8264	9	-88	-88	-88
8264	10	-88	-88	-88
8264	11	 	 	-88
8264	12	 	 	-88
8267	1	-11	20	-11
8267	2	25	-11	-11
8267	3	40	-11	-11
8267	4	30	25	-11
8267	5	 	 	-11
8267	6	 	 	-11
8267	7	 	 	-11
8267	8	 	 	-11
8267	9	-88	-88	-88
8267	10	-88	-88	-88
8267	11	 	 	-88
8267	12	 	 	-88
8269	1	-11	15	-11
8269	2	30	-11	-11
8269	3	40	-11	-11
8269	4	30	25	-11
8269	5	 	 	-11
8269	6	 	 	20
8269	7	 	 	-11
8269	8	 	 	10
8269	9	25	20	-11
8269	10	-88	-88	-88
8269	11	 	 	-88
8269	12	 	 	-88
8273	1	-11	18	-11
8273	2	25	-11	-11
8273	3	25	-11	-11
8273	4	25	-11	-11
8273	5	 	 	-11
8273	6	 	 	-11
8273	7	 	 	-11
8273	8	 	 	-11
8273	9	-88	-88	-88
8273	10	-88	-88	-88
8273	11	 	 	-88
8273	12	 	 	-88
8274	1	-11	-11	-11
8274	2	-11	-11	-11
8274	3	50	-11	-11
8274	4	-11	-11	-11
8274	5	 	 	-11
8274	6	 	 	-11
8274	7	 	 	-11
8274	8	 	 	-11
8274	9	-88	-88	-88
8274	10	-88	-88	-88
8274	11	 	 	-88
8274	12	 	 	-88
8275	1	-11	-11	-11
8275	2	25	-11	-11
8275	3	35	-11	-11
8275	4	-11	-11	-11
8275	5	 	 	-11
8275	6	 	 	-11
8275	7	 	 	-11
8275	8	 	 	-11
8275	9	-88	-88	-88
8275	10	-88	-88	-88
8275	11	 	 	-88
8275	12	 	 	-88
8276	1	-11	24	-11
8276	2	20	-11	-11
8276	3	25	-11	-11
8276	4	25	-11	-11
8276	5	 	 	-11
8276	6	 	 	-11
8276	7	 	 	-11
8276	8	 	 	-11
8276	9	30	-11	-11
8276	10	25	-11	-11
8276	11	 	 	-88
8276	12	 	 	-88
8277	1	-11	12	-11
8277	2	-11	-11	-11
8277	3	25	-11	-11
8277	4	-11	-11	-11
8277	5	 	 	-11
8277	6	 	 	-11
8277	7	 	 	-11
8277	8	 	 	-11
8277	9	30	30	-11
8277	10	-88	-88	-88
8277	11	 	 	-88
8277	12	 	 	-88
8279	1	-11	-11	-11
8279	2	-11	-11	-11
8279	3	-11	-11	-11
8279	4	-11	-11	-11
8279	5	 	 	-11
8279	6	 	 	-11
8279	7	 	 	-11
8279	8	 	 	-11
8279	9	-88	-88	-88
8279	10	-88	-88	-88
8279	11	 	 	-88
8279	12	 	 	-88
8281	1	-11	-11	-11
8281	2	-11	-11	-11
8281	3	50	-11	-11
8281	4	-11	-11	-11
8281	5	 	 	-11
8281	6	 	 	-11
8281	7	 	 	-11
8281	8	 	 	-11
8281	9	-88	-88	-88
8281	10	-88	-88	-88
8281	11	 	 	-88
8281	12	 	 	-88
8285	1	-11	20	-11
8285	2	30	-11	-11
8285	3	50	-11	-11
8285	4	-11	-11	-11
8285	5	 	 	-11
8285	6	 	 	-11
8285	7	 	 	-11
8285	8	 	 	-11
8285	9	-88	-88	-88
8285	10	-88	-88	-88
8285	11	 	 	-88
8285	12	 	 	-88
8286	1	-11	25	-11
8286	2	30	25	-11
8286	3	40	-11	-11
8286	4	40	30	-11
8286	5	 	 	-11
8286	6	 	 	-11
8286	7	 	 	-11
8286	8	 	 	-11
8286	9	-88	-88	-88
8286	10	-88	-88	-88
8286	11	 	 	-88
8286	12	 	 	-88
8287	1	-11	-77	-11
8287	2	40	-11	-11
8287	3	50	-11	-11
8287	4	-11	-11	-11
8287	5	 	 	-11
8287	6	 	 	-11
8287	7	 	 	-11
8287	8	 	 	-11
8287	9	25	-11	-11
8287	10	-88	-88	-88
8287	11	 	 	-88
8287	12	 	 	-88
8290	1	-11	-11	-11
8290	2	-11	-11	-11
8290	3	50	-11	-11
8290	4	-88	-88	-88
8290	5	 	 	-88
8290	6	 	 	-88
8290	7	 	 	-88
8290	8	 	 	-88
8290	9	-88	-88	-88
8290	10	-88	-88	-88
8290	11	 	 	-88
8290	12	 	 	-88
8297	1	-11	-11	-11
8297	2	60	-11	-11
8297	3	80	-11	-11
8297	4	-11	-11	-11
8297	5	 	 	-11
8297	6	 	 	20
8297	7	 	 	-11
8297	8	 	 	10
8297	9	25	25	-11
8297	10	25	25	-11
8297	11	 	 	-88
8297	12	 	 	-88
8298	1	-11	20	-11
8298	2	30	-11	-11
8298	3	30	-11	-11
8298	4	40	30	-11
8298	5	 	 	15
8298	6	 	 	20
8298	7	 	 	20
8298	8	 	 	15
8298	9	40	-11	-11
8298	10	-88	-88	-88
8298	11	 	 	-88
8298	12	 	 	-88
8302	1	-11	20	-11
8302	2	40	-11	-11
8302	3	50	-11	-11
8302	4	-11	-11	-11
8302	5	 	 	-11
8302	6	 	 	-11
8302	7	 	 	45
8302	8	 	 	-11
8302	9	20	20	-11
8302	10	-88	-88	-88
8302	11	 	 	-88
8302	12	 	 	-88
8304	1	-11	30	-11
8304	2	20	-11	-11
8304	3	-11	-11	-11
8304	4	25	25	-11
8304	5	 	 	-11
8304	6	 	 	-11
8304	7	 	 	-11
8304	8	 	 	-11
8304	9	-88	-88	-88
8304	10	-88	-88	-88
8304	11	 	 	-88
8304	12	 	 	-88
8305	1	-11	20	-11
8305	2	-11	-11	-11
8305	3	50	-11	-11
8305	4	-11	-11	-11
8305	5	 	 	-11
8305	6	 	 	-11
8305	7	 	 	-11
8305	8	 	 	-11
8305	9	-88	-88	-88
8305	10	-88	-88	-88
8305	11	 	 	-88
8305	12	 	 	-88
8306	1	-11	20	-11
8306	2	40	-11	-11
8306	3	50	-11	-11
8306	4	40	40	-11
8306	5	 	 	-11
8306	6	 	 	-11
8306	7	 	 	-11
8306	8	 	 	-11
8306	9	-88	-88	-88
8306	10	-88	-88	-88
8306	11	 	 	-88
8306	12	 	 	-88
8307	1	-11	-11	-11
8307	2	-11	-11	-11
8307	3	60	-11	-11
8307	4	-11	-11	-11
8307	5	 	 	-11
8307	6	 	 	-11
8307	7	 	 	-11
8307	8	 	 	-11
8307	9	-88	-88	-88
8307	10	-88	-88	-88
8307	11	 	 	-88
8307	12	 	 	-88
8310	1	-11	-11	-11
8310	2	50	-11	-11
8310	3	50	-11	-11
8310	4	-11	-11	-11
8310	5	 	 	-11
8310	6	 	 	-11
8310	7	 	 	30
8310	8	 	 	-11
8310	9	-88	-88	-88
8310	10	-88	-88	-88
8310	11	 	 	-88
8310	12	 	 	-88
8311	1	-11	-11	-11
8311	2	-11	-11	-11
8311	3	70	-11	-11
8311	4	-11	-11	-11
8311	5	 	 	-11
8311	6	 	 	-11
8311	7	 	 	-11
8311	8	 	 	-11
8311	9	-88	-88	-88
8311	10	-88	-88	-88
8311	11	 	 	-88
8311	12	 	 	-88
8316	1	-11	30	-11
8316	2	30	30	-11
8316	3	32	-11	-11
8316	4	35	35	-11
8316	5	 	 	10
8316	6	 	 	25
8316	7	 	 	20
8316	8	 	 	15
8316	9	50	50	-11
8316	10	28	28	-11
8316	11	 	 	-88
8316	12	 	 	-88
8317	1	-11	-11	-11
8317	2	-11	-11	-11
8317	3	70	-11	-11
8317	4	-11	-11	-11
8317	5	 	 	-11
8317	6	 	 	-11
8317	7	 	 	-11
8317	8	 	 	-11
8317	9	-88	-88	-88
8317	10	-88	-88	-88
8317	11	 	 	-88
8317	12	 	 	-88
8318	1	-11	20	-11
8318	2	20	-11	-11
8318	3	60	-11	-11
8318	4	-11	-11	-11
8318	5	 	 	-11
8318	6	 	 	-11
8318	7	 	 	-11
8318	8	 	 	-11
8318	9	-88	-88	-88
8318	10	-88	-88	-88
8318	11	 	 	-88
8318	12	 	 	-88
8319	1	-11	20	-11
8319	2	40	-11	-11
8319	3	80	-11	-11
8319	4	60	-11	-11
8319	5	 	 	-11
8319	6	 	 	-11
8319	7	 	 	-11
8319	8	 	 	-11
8319	9	-88	-88	-88
8319	10	-88	-88	-88
8319	11	 	 	-88
8319	12	 	 	-88
8320	1	-11	30	-11
8320	2	-11	-11	-11
8320	3	60	-11	-11
8320	4	-11	-11	-11
8320	5	 	 	-11
8320	6	 	 	-11
8320	7	 	 	-11
8320	8	 	 	-11
8320	9	-88	-88	-88
8320	10	-88	-88	-88
8320	11	 	 	-88
8320	12	 	 	-88
8321	1	-11	20	-11
8321	2	20	-11	-11
8321	3	60	-11	-11
8321	4	30	-11	-11
8321	5	 	 	-11
8321	6	 	 	-11
8321	7	 	 	20
8321	8	 	 	20
8321	9	20	-11	-11
8321	10	20	-11	-11
8321	11	 	 	-88
8321	12	 	 	-88
8322	1	-11	20	-11
8322	2	40	-11	-11
8322	3	45	-11	-11
8322	4	20	-11	-11
8322	5	 	 	8
8322	6	 	 	10
8322	7	 	 	10
8322	8	 	 	8
8322	9	-11	15	-11
8322	10	30	-11	-11
8322	11	 	 	-88
8322	12	 	 	-88
8323	1	-11	-11	-11
8323	2	30	-11	-11
8323	3	40	-11	-11
8323	4	-11	-11	-11
8323	5	 	 	-11
8323	6	 	 	-11
8323	7	 	 	-11
8323	8	 	 	-11
8323	9	60	-11	-11
8323	10	-88	-88	-88
8323	11	 	 	-88
8323	12	 	 	-88
8325	1	-11	10	-11
8325	2	40	-11	-11
8325	3	40	-11	-11
8325	4	-11	-11	-11
8325	5	 	 	-11
8325	6	 	 	-11
8325	7	 	 	-11
8325	8	 	 	-11
8325	9	-88	-88	-88
8325	10	-88	-88	-88
8325	11	 	 	-88
8325	12	 	 	-88
8327	1	-11	20	-11
8327	2	25	-11	10
8327	3	40	-11	-11
8327	4	25	25	-11
8327	5	 	 	-11
8327	6	 	 	-11
8327	7	 	 	-11
8327	8	 	 	10
8327	9	-88	-88	-88
8327	10	-88	-88	-88
8327	11	 	 	-88
8327	12	 	 	-88
8328	1	-11	-11	-11
8328	2	30	-11	-11
8328	3	30	20	-11
8328	4	-11	-11	-11
8328	5	 	 	-11
8328	6	 	 	-11
8328	7	 	 	-11
8328	8	 	 	-11
8328	9	50	-11	-11
8328	10	50	-11	-11
8328	11	 	 	-88
8328	12	 	 	-88
8333	1	-11	-11	-11
8333	2	-11	-11	-11
8333	3	-11	-11	-11
8333	4	-11	-11	-11
8333	5	 	 	-11
8333	6	 	 	-11
8333	7	 	 	-11
8333	8	 	 	-11
8333	9	-88	-88	-88
8333	10	-88	-88	-88
8333	11	 	 	-88
8333	12	 	 	-88
8334	1	-11	-11	-11
8334	2	-11	-11	-11
8334	3	20	-11	-11
8334	4	-11	-11	-11
8334	5	 	 	-11
8334	6	 	 	-11
8334	7	 	 	-11
8334	8	 	 	-11
8334	9	-88	-88	-88
8334	10	-88	-88	-88
8334	11	 	 	-88
8334	12	 	 	-88
8336	1	-11	-11	-11
8336	2	-11	-11	-11
8336	3	-11	-11	-11
8336	4	-11	-11	-11
8336	5	 	 	-11
8336	6	 	 	-11
8336	7	 	 	-11
8336	8	 	 	-11
8336	9	-88	-88	-88
8336	10	-88	-88	-88
8336	11	 	 	-88
8336	12	 	 	-88
8337	1	-11	-11	-11
8337	2	-11	-11	-11
8337	3	-11	-11	-11
8337	4	-11	-11	-11
8337	5	 	 	-11
8337	6	 	 	-11
8337	7	 	 	-11
8337	8	 	 	-11
8337	9	-88	-88	-88
8337	10	-88	-88	-88
8337	11	 	 	-88
8337	12	 	 	-88
8340	1	-11	-11	-11
8340	2	-11	-11	-11
8340	3	25	-11	-11
8340	4	-11	-11	-11
8340	5	 	 	-11
8340	6	 	 	-11
8340	7	 	 	-11
8340	8	 	 	-11
8340	9	-88	-88	-88
8340	10	-88	-88	-88
8340	11	 	 	-88
8340	12	 	 	-88
8341	1	-11	10	-11
8341	2	-11	-11	-11
8341	3	30	-11	-11
8341	4	-11	-11	-11
8341	5	 	 	-11
8341	6	 	 	-11
8341	7	 	 	-11
8341	8	 	 	-11
8341	9	40	-11	-11
8341	10	-88	-88	-88
8341	11	 	 	-88
8341	12	 	 	-88
8342	1	-11	-11	-11
8342	2	25	-11	-11
8342	3	30	-11	-11
8342	4	-11	-11	-11
8342	5	 	 	-11
8342	6	 	 	-11
8342	7	 	 	-11
8342	8	 	 	-11
8342	9	-88	-88	-88
8342	10	-88	-88	-88
8342	11	 	 	-88
8342	12	 	 	-88
8343	1	-11	20	-11
8343	2	30	-11	-11
8343	3	45	-11	-11
8343	4	40	40	-11
8343	5	 	 	-11
8343	6	 	 	-11
8343	7	 	 	-11
8343	8	 	 	-11
8343	9	-88	-88	-88
8343	10	-88	-88	-88
8343	11	 	 	-88
8343	12	 	 	-88
8345	1	-11	-11	-11
8345	2	-11	-11	-11
8345	3	-11	-11	-11
8345	4	-11	-11	-11
8345	5	 	 	-11
8345	6	 	 	-11
8345	7	 	 	-11
8345	8	 	 	-11
8345	9	-88	-88	-88
8345	10	-88	-88	-88
8345	11	 	 	-88
8345	12	 	 	-88
8348	1	-11	-11	-11
8348	2	30	-11	-11
8348	3	-11	-11	-11
8348	4	-11	-11	-11
8348	5	 	 	-11
8348	6	 	 	-11
8348	7	 	 	-11
8348	8	 	 	-11
8348	9	-88	-88	-88
8348	10	-88	-88	-88
8348	11	 	 	-88
8348	12	 	 	-88
8349	1	-11	30	-11
8349	2	30	-11	-11
8349	3	30	-11	-11
8349	4	-11	-11	-11
8349	5	 	 	-11
8349	6	 	 	-11
8349	7	 	 	-11
8349	8	 	 	-11
8349	9	-88	-88	-88
8349	10	-88	-88	-88
8349	11	 	 	-88
8349	12	 	 	-88
8350	1	-11	20	-11
8350	2	20	-11	-11
8350	3	30	-11	-11
8350	4	-11	-11	-11
8350	5	 	 	-11
8350	6	 	 	-11
8350	7	 	 	-11
8350	8	 	 	-11
8350	9	25	-11	-11
8350	10	-88	-88	-88
8350	11	 	 	-88
8350	12	 	 	-88
8353	1	-11	10	-11
8353	2	-11	-11	-11
8353	3	50	-11	-11
8353	4	40	-11	-11
8353	5	 	 	-11
8353	6	 	 	-11
8353	7	 	 	-11
8353	8	 	 	-11
8353	9	-88	-88	-88
8353	10	-88	-88	-88
8353	11	 	 	-88
8353	12	 	 	-88
8357	1	-11	30	-11
8357	2	-11	-11	-11
8357	3	50	-11	-11
8357	4	35	30	-11
8357	5	 	 	-11
8357	6	 	 	-11
8357	7	 	 	-11
8357	8	 	 	-11
8357	9	20	-11	-11
8357	10	-88	-88	-88
8357	11	 	 	-88
8357	12	 	 	-88
8358	1	-11	-11	-11
8358	2	-11	-11	-11
8358	3	70	-11	-11
8358	4	-11	-11	-11
8358	5	 	 	-11
8358	6	 	 	-11
8358	7	 	 	-11
8358	8	 	 	-11
8358	9	-88	-88	-88
8358	10	-88	-88	-88
8358	11	 	 	-88
8358	12	 	 	-88
8360	1	-11	25	-88
8360	2	25	25	-88
8360	3	60	60	-88
8360	4	-11	-11	-88
8360	5	 	 	25
8360	6	 	 	-11
8360	7	 	 	15
8360	8	 	 	15
8360	9	-88	-88	-88
8360	10	-88	-88	-88
8360	11	 	 	-88
8360	12	 	 	-88
8362	1	-11	5	-11
8362	2	-11	-11	-11
8362	3	-11	-11	-11
8362	4	-11	-11	-11
8362	5	 	 	-11
8362	6	 	 	-11
8362	7	 	 	-11
8362	8	 	 	-11
8362	9	-11	-11	5
8362	10	-11	-11	-11
8362	11	 	 	-88
8362	12	 	 	-88
8364	1	-11	20	-11
8364	2	50	-11	-11
8364	3	50	-11	-11
8364	4	-11	-11	-11
8364	5	 	 	-11
8364	6	 	 	-11
8364	7	 	 	-11
8364	8	 	 	-11
8364	9	-88	-88	-88
8364	10	-88	-88	-88
8364	11	 	 	-88
8364	12	 	 	-88
8365	1	-11	15	-11
8365	2	20	-11	-11
8365	3	30	-11	-11
8365	4	-11	-11	-11
8365	5	 	 	-11
8365	6	 	 	-11
8365	7	 	 	-11
8365	8	 	 	-11
8365	9	20	20	-11
8365	10	-88	-88	-88
8365	11	 	 	-88
8365	12	 	 	-88
8366	1	-11	10	-11
8366	2	40	-11	-11
8366	3	60	-11	-11
8366	4	-11	-11	-11
8366	5	 	 	-11
8366	6	 	 	-11
8366	7	 	 	-11
8366	8	 	 	-11
8366	9	35	35	-11
8366	10	35	-11	-88
8366	11	 	 	-88
8366	12	 	 	-88
8367	1	-11	-11	-11
8367	2	30	-11	-11
8367	3	60	-11	-11
8367	4	-11	-11	-11
8367	5	 	 	-11
8367	6	 	 	-11
8367	7	 	 	-11
8367	8	 	 	-11
8367	9	-88	-88	-88
8367	10	-88	-88	-88
8367	11	 	 	-88
8367	12	 	 	-88
8368	1	-11	24	-11
8368	2	30	-11	-11
8368	3	60	-11	-11
8368	4	-11	-11	-11
8368	5	 	 	-11
8368	6	 	 	-11
8368	7	 	 	-11
8368	8	 	 	-11
8368	9	30	30	-11
8368	10	-11	-11	30
8368	11	 	 	-88
8368	12	 	 	-88
8369	1	-11	20	-11
8369	2	30	-11	-11
8369	3	40	-11	-11
8369	4	-11	-11	-11
8369	5	 	 	-11
8369	6	 	 	-11
8369	7	 	 	-11
8369	8	 	 	-11
8369	9	-11	-11	15
8369	10	-88	-88	88
8369	11	 	 	-88
8369	12	 	 	-88
8370	1	-11	-11	-11
8370	2	50	-11	-11
8370	3	70	-11	-11
8370	4	40	40	-11
8370	5	 	 	10
8370	6	 	 	15
8370	7	 	 	-11
8370	8	 	 	10
8370	9	25	25	-11
8370	10	30	30	-11
8370	11	 	 	-88
8370	12	 	 	-88
8371	1	-11	30	-11
8371	2	30	-11	-11
8371	3	50	-11	-11
8371	4	40	30	-11
8371	5	 	 	-11
8371	6	 	 	-11
8371	7	 	 	-11
8371	8	 	 	-11
8371	9	-88	-88	-88
8371	10	-88	-88	-88
8371	11	 	 	-88
8371	12	 	 	-88
8372	1	-11	30	-11
8372	2	40	-11	-11
8372	3	50	-11	-11
8372	4	-11	-11	-11
8372	5	 	 	-11
8372	6	 	 	-11
8372	7	 	 	-11
8372	8	 	 	-11
8372	9	-88	-88	-88
8372	10	-88	-88	-88
8372	11	 	 	-88
8372	12	 	 	-88
8373	1	-11	-11	-11
8373	2	-11	-11	-11
8373	3	-11	-11	-11
8373	4	-11	-11	-11
8373	5	 	 	-11
8373	6	 	 	-11
8373	7	 	 	-11
8373	8	 	 	-11
8373	9	-11	40	-11
8373	10	-88	-88	-88
8373	11	 	 	-88
8373	12	 	 	-88
8374	1	-11	-11	-11
8374	2	-11	-11	-11
8374	3	-77	-77	-77
8374	4	-77	-77	-77
8374	5	 	 	-88
8374	6	 	 	-88
8374	7	 	 	-88
8374	8	 	 	-88
8374	9	-88	-88	-88
8374	10	-88	-88	-88
8374	11	 	 	-88
8374	12	 	 	-88
8375	1	-11	-11	-11
8375	2	-11	-11	-11
8375	3	30	-11	-11
8375	4	-11	-11	-11
8375	5	 	 	-11
8375	6	 	 	-11
8375	7	 	 	-11
8375	8	 	 	-11
8375	9	-11	-11	-11
8375	10	-11	-11	-11
8375	11	 	 	-11
8375	12	 	 	-11
8376	1	-11	-11	-11
8376	2	40	40	-11
8376	3	60	-11	-11
8376	4	-11	-11	-11
8376	5	 	 	-11
8376	6	 	 	-11
8376	7	 	 	-11
8376	8	 	 	20
8376	9	-88	-88	-88
8376	10	-88	-88	-88
8376	11	 	 	-88
8376	12	 	 	-88
8377	1	-11	20	-11
8377	2	20	20	-11
8377	3	35	30	-11
8377	4	30	30	-11
8377	5	 	 	-11
8377	6	 	 	-11
8377	7	 	 	-11
8377	8	 	 	-11
8377	9	-88	-88	-88
8377	10	-88	-88	-88
8377	11	 	 	-88
8377	12	 	 	-88
8378	1	-11	15	-11
8378	2	35	35	-11
8378	3	40	-11	-11
8378	4	-11	-11	-11
8378	5	 	 	-11
8378	6	 	 	-11
8378	7	 	 	-11
8378	8	 	 	-11
8378	9	-88	-88	-88
8378	10	-88	-88	-88
8378	11	 	 	-88
8378	12	 	 	-88
8379	1	-11	10	-11
8379	2	30	-11	-11
8379	3	40	-11	-11
8379	4	-11	-11	-11
8379	5	 	 	-11
8379	6	 	 	-11
8379	7	 	 	-11
8379	8	 	 	-11
8379	9	-88	-88	-88
8379	10	-88	-88	-88
8379	11	 	 	-88
8379	12	 	 	-88
8380	1	-11	-11	-11
8380	2	-11	-11	-11
8380	3	50	-11	-11
8380	4	50	-11	-11
8380	5	 	 	-11
8380	6	 	 	-11
8380	7	 	 	-11
8380	8	 	 	-11
8380	9	-88	-88	-88
8380	10	-88	-88	-88
8380	11	 	 	-88
8380	12	 	 	-88
8381	1	-11	30	-11
8381	2	40	-11	-11
8381	3	50	50	-11
8381	4	-11	-11	-11
8381	5	 	 	30
8381	6	 	 	-11
8381	7	 	 	50
8381	8	 	 	25
8381	9	50	-11	-11
8381	10	60	60	-11
8381	11	 	 	-88
8381	12	 	 	-88
8382	1	-11	30	-11
8382	2	-11	-11	-11
8382	3	50	-11	-11
8382	4	-11	-11	-11
8382	5	 	 	-11
8382	6	 	 	-11
8382	7	 	 	-11
8382	8	 	 	-11
8382	9	-88	-88	-88
8382	10	-88	-88	-88
8382	11	 	 	-88
8382	12	 	 	-88
8383	1	-11	25	-11
8383	2	-11	-11	-11
8383	3	-11	-11	-11
8383	4	-11	-11	-11
8383	5	 	 	-11
8383	6	 	 	-11
8383	7	 	 	-11
8383	8	 	 	-11
8383	9	-88	-88	-88
8383	10	-88	-88	-88
8383	11	 	 	-88
8383	12	 	 	-88
8384	1	-11	-11	-11
8384	2	-11	-11	-11
8384	3	60	-11	-11
8384	4	-11	-11	-11
8384	5	 	 	-11
8384	6	 	 	-11
8384	7	 	 	-11
8384	8	 	 	-11
8384	9	-88	-88	-88
8384	10	-88	-88	-88
8384	11	 	 	-88
8384	12	 	 	-88
8385	1	-11	-11	-11
8385	2	-11	-11	-11
8385	3	60	-11	-11
8385	4	-11	-11	-11
8385	5	 	 	-11
8385	6	 	 	-11
8385	7	 	 	-11
8385	8	 	 	-11
8385	9	-88	-88	-88
8385	10	-88	-88	-88
8385	11	 	 	-88
8385	12	 	 	-88
8386	1	-11	-11	-11
8386	2	35	35	-11
8386	3	50	-11	-11
8386	4	-11	-11	-11
8386	5	 	 	-11
8386	6	 	 	-11
8386	7	 	 	-11
8386	8	 	 	-11
8386	9	-88	-88	-88
8386	10	-88	-88	-88
8386	11	 	 	-88
8386	12	 	 	-88
8387	1	-11	-11	-11
8387	2	-11	-11	-11
8387	3	90	-11	-11
8387	4	-11	-11	-11
8387	5	 	 	-11
8387	6	 	 	60
8387	7	 	 	40
8387	8	 	 	-11
8387	9	40	-11	-11
8387	10	-88	-88	-88
8387	11	 	 	-88
8387	12	 	 	-88
8388	1	-11	40	-11
8388	2	-11	-11	-11
8388	3	50	-11	-11
8388	4	-11	-11	-11
8388	5	 	 	-11
8388	6	 	 	-11
8388	7	 	 	-11
8388	8	 	 	-11
8388	9	-88	-88	-88
8388	10	-88	-88	-88
8388	11	 	 	-88
8388	12	 	 	-88
8389	1	-11	30	-11
8389	2	40	-11	-11
8389	3	60	-11	-11
8389	4	-11	-11	-11
8389	5	 	 	-11
8389	6	 	 	-11
8389	7	 	 	-11
8389	8	 	 	-11
8389	9	-88	-88	-88
8389	10	-88	-88	-88
8389	11	 	 	-88
8389	12	 	 	-88
8390	1	-11	-11	-11
8390	2	40	-11	-11
8390	3	50	-11	-11
8390	4	-11	-11	-11
8390	5	 	 	-11
8390	6	 	 	-11
8390	7	 	 	-11
8390	8	 	 	-11
8390	9	30	30	-11
8390	10	-88	-88	-88
8390	11	 	 	-88
8390	12	 	 	-88
8391	1	-11	-11	-11
8391	2	-11	-11	-11
8391	3	-11	-11	-11
8391	4	-11	-11	-11
8391	5	 	 	-11
8391	6	 	 	-11
8391	7	 	 	-11
8391	8	 	 	-11
8391	9	-88	-88	-88
8391	10	-88	-88	-88
8391	11	 	 	-88
8391	12	 	 	-88
8392	1	-11	-11	-11
8392	2	-11	-11	-11
8392	3	60	-11	-11
8392	4	-11	-11	-11
8392	5	 	 	-11
8392	6	 	 	-11
8392	7	 	 	-11
8392	8	 	 	-11
8392	9	-88	-88	-88
8392	10	-88	-88	-88
8392	11	 	 	-88
8392	12	 	 	-88
8393	1	-11	-11	-11
8393	2	-11	-11	-11
8393	3	30	-11	-11
8393	4	-11	-11	-11
8393	5	 	 	-11
8393	6	 	 	-11
8393	7	 	 	-11
8393	8	 	 	-11
8393	9	-88	-88	-88
8393	10	-88	-88	-88
8393	11	 	 	-88
8393	12	 	 	-88
8394	1	-11	30	-11
8394	2	30	30	-11
8394	3	60	-11	-11
8394	4	-11	-11	-11
8394	5	 	 	-11
8394	6	 	 	-11
8394	7	 	 	-11
8394	8	 	 	-11
8394	9	-88	-88	-88
8394	10	-88	-88	-88
8394	11	 	 	-88
8394	12	 	 	-88
8395	1	-11	-11	-11
8395	2	-11	-11	-11
8395	3	60	-11	-11
8395	4	-11	-11	-11
8395	5	 	 	-11
8395	6	 	 	-11
8395	7	 	 	-11
8395	8	 	 	-11
8395	9	-88	-88	-88
8395	10	-88	-88	-88
8395	11	 	 	-88
8395	12	 	 	-88
8396	1	-11	-11	-11
8396	2	35	35	-11
8396	3	50	-11	-11
8396	4	35	-11	-11
8396	5	 	 	-11
8396	6	 	 	-11
8396	7	 	 	-11
8396	8	 	 	-11
8396	9	-88	-88	-88
8396	10	-88	-88	-88
8396	11	 	 	-88
8396	12	 	 	-88
8397	1	-11	-11	-11
8397	2	-11	-11	-11
8397	3	-11	-11	-11
8397	4	50	-11	-11
8397	5	 	 	-11
8397	6	 	 	-11
8397	7	 	 	-11
8397	8	 	 	-11
8397	9	-88	-88	-88
8397	10	-88	-88	-88
8397	11	 	 	-88
8397	12	 	 	-88
8398	1	-11	-11	-11
8398	2	-11	-11	-11
8398	3	50	-11	-11
8398	4	35	35	-11
8398	5	 	 	-11
8398	6	 	 	-11
8398	7	 	 	-11
8398	8	 	 	-11
8398	9	-88	-88	-88
8398	10	-88	-88	-88
8398	11	 	 	-88
8398	12	 	 	-88
8399	1	-11	-11	-11
8399	2	-11	-11	-11
8399	3	60	-11	-11
8399	4	-11	-11	-11
8399	5	 	 	-11
8399	6	 	 	-11
8399	7	 	 	-11
8399	8	 	 	-11
8399	9	-88	-88	-88
8399	10	-88	-88	-88
8399	11	 	 	-88
8399	12	 	 	-88
8402	1	-11	10	-11
8402	2	15	-11	-11
8402	3	30	-11	-11
8402	4	-11	-11	-11
8402	5	 	 	-11
8402	6	 	 	-11
8402	7	 	 	-11
8402	8	 	 	-11
8402	9	35	-11	15
8402	10	-88	-88	-88
8402	11	 	 	-88
8402	12	 	 	-88
8403	1	-11	-11	-11
8403	2	-11	-11	-11
8403	3	-11	-11	-11
8403	4	-11	-11	-11
8403	5	 	 	-11
8403	6	 	 	-11
8403	7	 	 	-11
8403	8	 	 	-11
8403	9	-88	-88	-88
8403	10	-88	-88	-88
8403	11	 	 	-88
8403	12	 	 	-88
8404	1	-1188	-11	-11
8404	2	-11	-11	-11
8404	3	30	-11	-11
8404	4	-11	-11	-11
8404	5	 	 	-11
8404	6	 	 	-11
8404	7	 	 	-11
8404	8	 	 	-11
8404	9	-88	-88	-88
8404	10	-88	-88	-88
8404	11	 	 	-88
8404	12	 	 	-88
8405	1	-11	20	-11
8405	2	50	-11	-11
8405	3	60	-11	-11
8405	4	-11	-11	-11
8405	5	 	 	-11
8405	6	 	 	-11
8405	7	 	 	-11
8405	8	 	 	-11
8405	9	-88	-88	-88
8405	10	-88	-88	-88
8405	11	 	 	-88
8405	12	 	 	-88
8406	1	-11	15	-11
8406	2	-11	-11	-11
8406	3	30	-11	-11
8406	4	-11	-11	-11
8406	5	 	 	-11
8406	6	 	 	-11
8406	7	 	 	-11
8406	8	 	 	-11
8406	9	40	-11	-11
8406	10	-88	-88	-88
8406	11	 	 	-88
8406	12	 	 	-88
8407	1	-11	-11	-11
8407	2	-11	-11	-11
8407	3	-11	-11	-11
8407	4	-11	-11	-11
8407	5	 	 	-11
8407	6	 	 	-11
8407	7	 	 	-11
8407	8	 	 	-11
8407	9	-88	-88	-88
8407	10	-88	-88	-88
8407	11	 	 	-88
8407	12	 	 	-88
8408	1	-11	-11	-11
8408	2	-11	-11	-11
8408	3	-11	-11	-11
8408	4	-11	-11	-11
8408	5	 	 	-11
8408	6	 	 	-11
8408	7	 	 	10
8408	8	 	 	-11
8408	9	-88	-88	-88
8408	10	-88	-88	-88
8408	11	 	 	-88
8408	12	 	 	-88
8409	1	-11	5	-11
8409	2	30	-11	-11
8409	3	30	-11	-11
8409	4	-11	-11	-11
8409	5	 	 	-11
8409	6	 	 	-11
8409	7	 	 	-11
8409	8	 	 	-11
8409	9	30	-11	-11
8409	10	-88	-88	-88
8409	11	 	 	-88
8409	12	 	 	-88
8410	1	-11	25	-11
8410	2	40	-11	-11
8410	3	70	-11	-11
8410	4	-11	-11	-11
8410	5	 	 	-11
8410	6	 	 	-11
8410	7	 	 	-11
8410	8	 	 	-11
8410	9	50	-11	-11
8410	10	30	-11	-11
8410	11	 	 	-88
8410	12	 	 	-88
8411	1	-11	-11	-11
8411	2	-11	-11	-11
8411	3	40	-11	-11
8411	4	-11	-11	-11
8411	5	 	 	-11
8411	6	 	 	-11
8411	7	 	 	-11
8411	8	 	 	-11
8411	9	-88	-88	-88
8411	10	-88	-88	-88
8411	11	 	 	-88
8411	12	 	 	-88
8412	1	-11	-11	-11
8412	2	-11	-11	-11
8412	3	40	-11	-11
8412	4	-11	-11	-11
8412	5	 	 	-11
8412	6	 	 	-11
8412	7	 	 	-11
8412	8	 	 	-11
8412	9	-11	60	-11
8412	10	45	-11	-11
8412	11	 	 	-88
8412	12	 	 	-88
8413	1	-11	-11	-11
8413	2	-11	-11	-11
8413	3	35	-11	-11
8413	4	-11	-11	-11
8413	5	 	 	-11
8413	6	 	 	-11
8413	7	 	 	-11
8413	8	 	 	-11
8413	9	45	-11	-11
8413	10	-88	-88	-88
8413	11	 	 	-88
8413	12	 	 	-88
8414	1	-11	25	-11
8414	2	10	-11	-11
8414	3	30	-11	-11
8414	4	-11	-11	-11
8414	5	 	 	-11
8414	6	 	 	-11
8414	7	 	 	15
8414	8	 	 	-11
8414	9	35	-11	-11
8414	10	20	10	-11
8414	11	 	 	-88
8414	12	 	 	-88
8415	1	-11	-11	-11
8415	2	-11	-11	-11
8415	3	40	-11	-11
8415	4	-11	-11	-11
8415	5	 	 	-11
8415	6	 	 	-11
8415	7	 	 	-11
8415	8	 	 	-11
8415	9	-88	-88	-88
8415	10	-88	-88	-88
8415	11	 	 	-88
8415	12	 	 	-88
8416	1	-11	-11	-11
8416	2	-11	-11	-11
8416	3	-11	-11	-11
8416	4	-11	-11	-11
8416	5	 	 	-11
8416	6	 	 	-11
8416	7	 	 	-11
8416	8	 	 	-11
8416	9	-88	-88	-88
8416	10	-88	-88	-88
8416	11	 	 	-88
8416	12	 	 	-88
8417	1	-11	5	-11
8417	2	-11	-11	-11
8417	3	25	-11	-11
8417	4	-11	-11	-11
8417	5	 	 	-11
8417	6	 	 	-11
8417	7	 	 	-11
8417	8	 	 	-11
8417	9	-88	-88	-88
8417	10	-88	-88	-88
8417	11	 	 	-88
8417	12	 	 	-88
8418	1	-11	15	-11
8418	2	-11	-11	-11
8418	3	35	-11	-11
8418	4	-11	-11	-11
8418	5	 	 	-11
8418	6	 	 	-11
8418	7	 	 	-11
8418	8	 	 	-11
8418	9	-88	-88	-88
8418	10	-88	-88	-88
8418	11	 	 	-88
8418	12	 	 	-88
8419	1	-11	-11	-11
8419	2	-11	-11	-11
8419	3	30	20	-11
8419	4	-11	-11	-11
8419	5	 	 	-11
8419	6	 	 	-11
8419	7	 	 	-11
8419	8	 	 	-11
8419	9	-88	-88	-88
8419	10	-88	-88	-88
8419	11	 	 	-88
8419	12	 	 	-88
8420	1	-11	-11	-11
8420	2	-11	-11	-11
8420	3	50	-11	-11
8420	4	-11	-11	-11
8420	5	 	 	-11
8420	6	 	 	-11
8420	7	 	 	-11
8420	8	 	 	-11
8420	9	-88	-88	-88
8420	10	-88	-88	-88
8420	11	 	 	-88
8420	12	 	 	-88
8421	1	-11	-11	-11
8421	2	-11	-11	-11
8421	3	30	-11	-11
8421	4	-11	-11	-11
8421	5	 	 	-11
8421	6	 	 	-11
8421	7	 	 	-11
8421	8	 	 	-11
8421	9	-88	-88	-88
8421	10	-88	-88	-88
8421	11	 	 	-88
8421	12	 	 	-88
8422	1	-11	-11	-11
8422	2	-11	-11	-11
8422	3	30	-11	-11
8422	4	-11	-11	-11
8422	5	 	 	11
8422	6	 	 	-11
8422	7	 	 	-11
8422	8	 	 	-11
8422	9	20	-11	-11
8422	10	-88	-88	-88
8422	11	 	 	-88
8422	12	 	 	-88
8423	1	-11	-11	-11
8423	2	-11	-11	-11
8423	3	35	-11	-11
8423	4	-11	-11	-11
8423	5	 	 	-11
8423	6	 	 	-11
8423	7	 	 	-11
8423	8	 	 	-11
8423	9	25	-11	-11
8423	10	-88	-88	-88
8423	11	 	 	-88
8423	12	 	 	-88
8424	1	-11	20	-11
8424	2	30	-11	-11
8424	3	35	-11	-11
8424	4	30	30	-11
8424	5	 	 	10
8424	6	 	 	10
8424	7	 	 	-11
8424	8	 	 	10
8424	9	25	-11	-11
8424	10	25	25	-11
8424	11	 	 	-88
8424	12	 	 	-88
8425	1	-11	10	-11
8425	2	-11	-11	-11
8425	3	-11	-11	-11
8425	4	-11	-11	-11
8425	5	 	 	-11
8425	6	 	 	-11
8425	7	 	 	-11
8425	8	 	 	-11
8425	9	-88	-88	-88
8425	10	-88	-88	-88
8425	11	 	 	-88
8425	12	 	 	-88
8426	1	-11	-11	-11
8426	2	-11	-11	-11
8426	3	35	-11	-11
8426	4	-11	-11	-11
8426	5	 	 	-11
8426	6	 	 	-11
8426	7	 	 	-11
8426	8	 	 	-11
8426	9	40	-11	-11
8426	10	-88	-88	-88
8426	11	 	 	-88
8426	12	 	 	-88
8427	1	-11	-11	-11
8427	2	20	-11	-11
8427	3	40	-11	-11
8427	4	-11	-11	-11
8427	5	 	 	-11
8427	6	 	 	-11
8427	7	 	 	-11
8427	8	 	 	-11
8427	9	15	-11	-11
8427	10	-88	-88	-88
8427	11	 	 	-88
8427	12	 	 	-88
8428	1	-11	-11	-11
8428	2	25	-11	-11
8428	3	35	-11	-11
8428	4	-11	-11	-11
8428	5	 	 	-11
8428	6	 	 	-11
8428	7	 	 	-11
8428	8	 	 	-11
8428	9	20	-11	-11
8428	10	-88	-88	-88
8428	11	 	 	-88
8428	12	 	 	-88
8429	1	-11	-11	-11
8429	2	-11	-11	-11
8429	3	20	-11	-11
8429	4	-11	-11	-11
8429	5	 	 	-11
8429	6	 	 	-11
8429	7	 	 	-11
8429	8	 	 	-11
8429	9	-88	-88	-88
8429	10	-88	-88	-88
8429	11	 	 	-88
8429	12	 	 	-88
8430	1	-11	10	-11
8430	2	-11	-11	-11
8430	3	30	-11	-11
8430	4	-11	-11	-11
8430	5	 	 	-11
8430	6	 	 	-11
8430	7	 	 	-11
8430	8	 	 	-11
8430	9	-88	-88	-88
8430	10	-88	-88	-88
8430	11	 	 	-88
8430	12	 	 	-88
8431	1	-11	10	-11
8431	2	-11	-11	-11
8431	3	-50	-11	-11
8431	4	-11	-11	-11
8431	5	 	 	-11
8431	6	 	 	-11
8431	7	 	 	-11
8431	8	 	 	-11
8431	9	-88	-88	-88
8431	10	-88	-88	-88
8431	11	 	 	-88
8431	12	 	 	-88
8432	1	-11	-11	-11
8432	2	25	25	-11
8432	3	40	-11	-11
8432	4	30	30	-11
8432	5	 	 	20
8432	6	 	 	20
8432	7	 	 	20
8432	8	 	 	20
8432	9	-88	-88	-88
8432	10	-88	-88	-88
8432	11	 	 	-88
8432	12	 	 	-88
8433	1	-11	-22	-11
8433	2	30	-11	-11
8433	3	30	-11	-11
8433	4	-11	-11	-11
8433	5	 	 	-11
8433	6	 	 	-11
8433	7	 	 	-11
8433	8	 	 	-11
8433	9	-88	-88	-88
8433	10	-88	-88	-88
8433	11	 	 	-88
8433	12	 	 	-88
8434	1	-11	-11	-11
8434	2	-11	-11	-11
8434	3	40	-11	-11
8434	4	-11	-11	-11
8434	5	 	 	-11
8434	6	 	 	-11
8434	7	 	 	-11
8434	8	 	 	-11
8434	9	-88	-88	-88
8434	10	-88	-88	-88
8434	11	 	 	-88
8434	12	 	 	-88
8435	1	-11	30	-11
8435	2	30	-11	-11
8435	3	50	-11	-11
8435	4	-11	-11	-11
8435	5	 	 	-11
8435	6	 	 	-11
8435	7	 	 	-11
8435	8	 	 	-11
8435	9	-88	-88	-88
8435	10	-88	-88	-88
8435	11	 	 	-88
8435	12	 	 	-88
8436	1	-11	20	-11
8436	2	-11	-11	-11
8436	3	50	-11	-11
8436	4	-11	-11	-11
8436	5	 	 	-11
8436	6	 	 	-11
8436	7	 	 	-11
8436	8	 	 	-11
8436	9	-88	-88	-88
8436	10	-88	-88	-88
8436	11	 	 	-88
8436	12	 	 	-88
8437	1	-11	30	-11
8437	2	40	-11	-11
8437	3	50	-11	-11
8437	4	-11	-11	-11
8437	5	 	 	-11
8437	6	 	 	-11
8437	7	 	 	-11
8437	8	 	 	-11
8437	9	-11	30	-11
8437	10	70	-11	-11
8437	11	 	 	-88
8437	12	 	 	-88
8438	1	-11	20	-11
8438	2	-11	-11	-11
8438	3	-11	-11	-11
8438	4	-11	-11	-11
8438	5	 	 	-11
8438	6	 	 	-11
8438	7	 	 	-11
8438	8	 	 	-11
8438	9	30	-11	-11
8438	10	15	-11	-11
8438	11	 	 	-88
8438	12	 	 	-88
8439	1	-11	20	-11
8439	2	30	-11	-11
8439	3	50	-11	-11
8439	4	-11	-11	-11
8439	5	 	 	-11
8439	6	 	 	-11
8439	7	 	 	-11
8439	8	 	 	-11
8439	9	30	30	-11
8439	10	-88	-88	-88
8439	11	 	 	-88
8439	12	 	 	-88
8440	1	-11	-11	-11
8440	2	-11	-11	-11
8440	3	40	-11	-11
8440	4	-11	-11	-11
8440	5	 	 	-11
8440	6	 	 	-11
8440	7	 	 	-11
8440	8	 	 	-11
8440	9	-88	-88	-88
8440	10	-88	-88	-88
8440	11	 	 	-88
8440	12	 	 	-88
8441	1	-11	-11	-11
8441	2	-11	-11	-11
8441	3	60	-11	-11
8441	4	-11	-11	-11
8441	5	 	 	-11
8441	6	 	 	-11
8441	7	 	 	-11
8441	8	 	 	-11
8441	9	-88	-88	-88
8441	10	-88	-88	-88
8441	11	 	 	-88
8441	12	 	 	-88
8442	1	-11	-11	-11
8442	2	35	35	-11
8442	3	55	-11	-11
8442	4	-11	-11	-11
8442	5	 	 	-11
8442	6	 	 	-11
8442	7	 	 	-11
8442	8	 	 	-11
8442	9	60	60	-11
8442	10	30	30	-11
8442	11	 	 	-88
8442	12	 	 	-88
8443	1	-11	-11	-11
8443	2	40	40	-11
8443	3	60	-11	-11
8443	4	-11	-11	-11
8443	5	 	 	-11
8443	6	 	 	-11
8443	7	 	 	-11
8443	8	 	 	-11
8443	9	60	60	11
8443	10	30	30	11
8443	11	 	 	-88
8443	12	 	 	-88
8444	1	-11	-11	-11
8444	2	-11	-11	-11
8444	3	60	-11	-11
8444	4	35	35	-11
8444	5	 	 	-11
8444	6	 	 	-11
8444	7	 	 	-11
8444	8	 	 	-11
8444	9	-88	-88	-88
8444	10	-88	-88	-88
8444	11	 	 	-88
8444	12	 	 	-88
8445	1	-11	-11	-11
8445	2	35	35	-11
8445	3	60	-11	-11
8445	4	30	30	-11
8445	5	 	 	-11
8445	6	 	 	-11
8445	7	 	 	-11
8445	8	 	 	-11
8445	9	-88	-88	-88
8445	10	-88	-88	-88
8445	11	 	 	-88
8445	12	 	 	-88
8447	1	-11	-11	-11
8447	2	30	30	-11
8447	3	60	-11	-11
8447	4	-11	-11	-11
8447	5	 	 	-11
8447	6	 	 	-11
8447	7	 	 	-11
8447	8	 	 	-11
8447	9	-88	-88	-88
8447	10	-88	-88	-88
8447	11	 	 	-88
8447	12	 	 	-88
8448	1	-11	20	-11
8448	2	50	-11	-11
8448	3	30	-11	-11
8448	4	-11	-11	-11
8448	5	 	 	-11
8448	6	 	 	-11
8448	7	 	 	-11
8448	8	 	 	-11
8448	9	30	-11	-11
8448	10	-88	-88	-88
8448	11	 	 	-88
8448	12	 	 	-88
8449	1	-11	25	-11
8449	2	30	30	-11
8449	3	50	-11	-11
8449	4	-88	-88	-11
8449	5	 	 	-88
8449	6	 	 	-88
8449	7	 	 	-88
8449	8	 	 	-88
8449	9	-88	-88	-88
8449	10	-88	-88	-88
8449	11	 	 	-88
8449	12	 	 	88
8501	1	-11	12	-11
8501	2	40	-11	-11
8501	3	40	-11	-11
8501	4	-11	-11	-11
8501	5	 	 	-11
8501	6	 	 	10
8501	7	 	 	-11
8501	8	 	 	-11
8501	9	30	-11	-11
8501	10	-88	-88	-88
8501	11	 	 	-88
8501	12	 	 	-88
8502	1	-11	25	-11
8502	2	25	-11	-11
8502	3	50	-11	-11
8502	4	30	30	-11
8502	5	 	 	-11
8502	6	 	 	-11
8502	7	 	 	-11
8502	8	 	 	-11
8502	9	30	-11	-11
8502	10	25	25	20
8502	11	 	 	-88
8502	12	 	 	-88
8503	1	-88	20	-88
8503	2	20	-11	-11
8503	3	25	-11	-11
8503	4	20,5	20,5	-11
8503	5	 	 	15
8503	6	 	 	10
8503	7	 	 	10
8503	8	 	 	10
8503	9	-88	-88	-88
8503	10	-88	-88	-88
8503	11	 	 	-88
8503	12	 	 	-88
8504	1	-11	25	-11
8504	2	30	-11	-11
8504	3	40	-11	-11
8504	4	30	-11	-11
8504	5	 	 	-11
8504	6	 	 	-11
8504	7	 	 	-11
8504	8	 	 	-11
8504	9	35	-11	-11
8504	10	40	-11	-11
8504	11	 	 	-88
8504	12	 	 	-88
8505	1	-11	-11	-11
8505	2	30	-11	-11
8505	3	40	-11	-11
8505	4	-11	-11	-11
8505	5	 	 	-11
8505	6	 	 	-11
8505	7	 	 	-11
8505	8	 	 	-11
8505	9	-88	-88	-88
8505	10	-88	-88	-88
8505	11	 	 	-88
8505	12	 	 	-88
8506	1	-11	20	-11
8506	2	-11	-11	-11
8506	3	30	-11	-11
8506	4	-11	-11	-11
8506	5	 	 	-11
8506	6	 	 	-11
8506	7	 	 	10
8506	8	 	 	-11
8506	9	20	-11	-11
8506	10	10	10	-11
8506	11	 	 	-88
8506	12	 	 	-88
8507	1	-11	15	-11
8507	2	-88	-88	-88
8507	3	35	-11	-11
8507	4	-88	-88	-88
8507	5	 	 	-11
8507	6	 	 	-11
8507	7	 	 	-11
8507	8	 	 	-11
8507	9	-88	-88	-88
8507	10	-88	-88	-88
8507	11	 	 	-88
8507	12	 	 	-88
8508	1	11	10	11
8508	2	11	11	11
8508	3	20	22,5	11
8508	4	11	11	11
8508	5	 	 	-11
8508	6	 	 	-11
8508	7	 	 	-11
8508	8	 	 	-11
8508	9	-88	-88	-88
8508	10	-88	-88	-88
8508	11	 	 	-88
8508	12	 	 	-88
8509	1	-11	10	-11
8509	2	20	20	-11
8509	3	40	-11	-11
8509	4	-11	-11	-11
8509	5	 	 	10
8509	6	 	 	10
8509	7	 	 	-11
8509	8	 	 	10
8509	9	-88	-88	-88
8509	10	-88	-88	-88
8509	11	 	 	-88
8509	12	 	 	-88
8510	1	-11	10	-11
8510	2	-11	-11	-11
8510	3	20	-11	-11
8510	4	-11	-11	-11
8510	5	 	 	-11
8510	6	 	 	-11
8510	7	 	 	-11
8510	8	 	 	-11
8510	9	-88	-8	-88
8510	10	-88	-88	-88
8510	11	 	 	-88
8510	12	 	 	-88
8511	1	-11	12	-11
8511	2	-11	-11	-11
8511	3	20	-11	-11
8511	4	20	-11	-11
8511	5	 	 	-11
8511	6	 	 	-11
8511	7	 	 	-11
8511	8	 	 	-11
8511	9	-88	-88	-88
8511	10	-88	-88	-88
8511	11	 	 	-88
8511	12	 	 	-88
8512	1	-11	15	-11
8512	2	-11	-11	-11
8512	3	35	-11	-11
8512	4	-11	-11	-11
8512	5	 	 	-11
8512	6	 	 	40
8512	7	 	 	50
8512	8	 	 	-11
8512	9	-88	-88	-88
8512	10	-88	-88	-88
8512	11	 	 	-88
8512	12	 	 	-88
8513	1	-22	15	-22
8513	2	-88	-88	-88
8513	3	25	-88	-88
8513	4	-88	-88	-88
8513	5	 	 	-22
8513	6	 	 	-22
8513	7	 	 	-11
8513	8	 	 	-11
8513	9	-88	-88	-88
8513	10	-88	-88	-88
8513	11	 	 	-88
8513	12	 	 	-88
8514	1	-11	30	-11
8514	2	25	-11	-11
8514	3	30	-11	-11
8514	4	-88	-88	-88
8514	5	 	 	-11
8514	6	 	 	15
8514	7	 	 	15
8514	8	 	 	10
8514	9	20	-11	-11
8514	10	25	-11	15
8514	11	 	 	-88
8514	12	 	 	-88
8515	1	-11	30	-11
8515	2	40	-11	-11
8515	3	50	-11	-11
8515	4	-88	-88	-88
8515	5	 	 	-11
8515	6	 	 	-11
8515	7	 	 	-11
8515	8	 	 	-11
8515	9	30	30	-11
8515	10	40	-11	-11
8515	11	 	 	-88
8515	12	 	 	-88
8516	1	-11	20	-11
8516	2	-88	-88	-88
8516	3	35	-11	-11
8516	4	-88	-88	-88
8516	5	 	 	-88
8516	6	 	 	-88
8516	7	 	 	-88
8516	8	 	 	-88
8516	9	-88	-88	-88
8516	10	-88	-88	-88
8516	11	 	 	-88
8516	12	 	 	-88
8517	1	-11	-11	-11
8517	2	-11	-11	-11
8517	3	-11	-11	-11
8517	4	-11	-11	-11
8517	5	 	 	-11
8517	6	 	 	-11
8517	7	 	 	-11
8517	8	 	 	-11
8517	9	-88	-88	-88
8517	10	-88	-88	-88
8517	11	 	 	-88
8517	12	 	 	-88
8518	1	-11	20	-11
8518	2	-11	-11	-11
8518	3	-11	40	-11
8518	4	35	35	-11
8518	5	 	 	15
8518	6	 	 	-11
8518	7	 	 	-11
8518	8	 	 	10
8518	9	30	30	20
8518	10	40	-11	-11
8518	11	 	 	-88
8518	12	 	 	-88
8519	1	-11	-11	-11
8519	2	30	30	15
8519	3	40	-11	-11
8519	4	30	-11	-11
8519	5	 	 	-11
8519	6	 	 	-11
8519	7	 	 	-11
8519	8	 	 	-11
8519	9	25	-11	25
8519	10	-88	-88	-88
8519	11	 	 	-88
8519	12	 	 	-88
8520	1	-11	10	-11
8520	2	30	30	-11
8520	3	30	30	-11
8520	4	30	30	-11
8520	5	 	 	-11
8520	6	 	 	20
8520	7	 	 	20
8520	8	 	 	-11
8520	9	-88	-88	-88
8520	10	-88	-88	-88
8520	11	 	 	-88
8520	12	 	 	-88
8521	1	-11	-11	-11
8521	2	30	30	-11
8521	3	40	-11	-11
8521	4	30	30	-11
8521	5	 	 	-11
8521	6	 	 	-11
8521	7	 	 	-11
8521	8	 	 	-11
8521	9	-88	-88	-88
8521	10	-88	-88	-88
8521	11	 	 	-88
8521	12	 	 	-88
8522	1	-11	10	-11
8522	2	-11	-11	-11
8522	3	-11	-11	-11
8522	4	-11	-11	-11
8522	5	 	 	-11
8522	6	 	 	-11
8522	7	 	 	-11
8522	8	 	 	-11
8522	9	-88	-88	-88
8522	10	-88	-88	-88
8522	11	 	 	-88
8522	12	 	 	-88
8523	1	-11	-11	-11
8523	2	-11	-11	-11
8523	3	50	-11	-11
8523	4	-11	-11	-11
8523	5	 	 	-11
8523	6	 	 	-11
8523	7	 	 	-11
8523	8	 	 	-11
8523	9	-88	-88	-88
8523	10	-88	-88	-88
8523	11	 	 	-88
8523	12	 	 	-88
8601	1	-11	10	-11
8601	2	-11	-11	-11
8601	3	40	-11	-11
8601	4	30	-11	-11
8601	5	 	 	-11
8601	6	 	 	-11
8601	7	 	 	-11
8601	8	 	 	-11
8601	9	-88	-88	-88
8601	10	-88	-88	-88
8601	11	 	 	-88
8601	12	 	 	-88
8602	1	-11	-11	-11
8602	2	-11	-11	-11
8602	3	30	-11	-11
8602	4	-11	-11	-11
8602	5	 	 	-11
8602	6	 	 	-11
8602	7	 	 	-11
8602	8	 	 	-11
8602	9	-88	-88	-88
8602	10	-88	-88	-88
8602	11	 	 	-88
8602	12	 	 	-88
8603	1	20	15	-11
8603	2	20	15	10
8603	3	25	20	10
8603	4	-11	-11	-11
8603	5	 	 	-11
8603	6	 	 	-11
8603	7	 	 	-11
8603	8	 	 	-11
8603	9	-88	-88	-88
8603	10	-88	-88	-88
8603	11	 	 	-88
8603	12	 	 	-88
8604	1	-11	-11	-11
8604	2	-11	-11	-11
8604	3	35	-11	-11
8604	4	-11	-11	-11
8604	5	 	 	-11
8604	6	 	 	-11
8604	7	 	 	-11
8604	8	 	 	-11
8604	9	-88	-88	-88
8604	10	-88	-88	-88
8604	11	 	 	-88
8604	12	 	 	-88
8605	1	-11	20	-11
8605	2	35	-11	-77
8605	3	30	-11	-11
8605	4	-11	-11	-11
8605	5	 	 	-11
8605	6	 	 	-11
8605	7	 	 	-11
8605	8	 	 	-11
8605	9	-88	-88	-88
8605	10	-88	-88	-88
8605	11	 	 	-88
8605	12	 	 	-88
8606	1	-11	15	-11
8606	2	-11	-11	-11
8606	3	30	-11	-11
8606	4	-11	-11	-11
8606	5	 	 	-11
8606	6	 	 	10
8606	7	 	 	-11
8606	8	 	 	15
8606	9	-88	-88	-88
8606	10	-88	-88	-88
8606	11	 	 	-88
8606	12	 	 	-88
8607	1	-11	20	-11
8607	2	-11	-11	-11
8607	3	35	-11	-11
8607	4	35	-11	-11
8607	5	 	 	-11
8607	6	 	 	-11
8607	7	 	 	-11
8607	8	 	 	-11
8607	9	-88	-88	-88
8607	10	-88	-88	-88
8607	11	 	 	-88
8607	12	 	 	-88
8608	1	-11	30	-11
8608	2	50	45	-11
8608	3	50	-11	-11
8608	4	-11	-11	-11
8608	5	 	 	-11
8608	6	 	 	-11
8608	7	 	 	-11
8608	8	 	 	-11
8608	9	30	30	30
8608	10	-88	-88	-88
8608	11	 	 	-88
8608	12	 	 	-88
8609	1	-11	30	-11
8609	2	-11	-11	-11
8609	3	50	-11	-11
8609	4	-11	-11	-11
8609	5	 	 	-11
8609	6	 	 	-11
8609	7	 	 	-11
8609	8	 	 	-11
8609	9	-88	-88	-88
8609	10	-88	-88	-88
8609	11	 	 	-88
8609	12	 	 	-88
8610	1	-11	30	-11
8610	2	-11	-11	-11
8610	3	50	-88	-88
8610	4	-11	-11	-11
8610	5	 	 	-11
8610	6	 	 	-11
8610	7	 	 	-11
8610	8	 	 	-11
8610	9	-88	-88	-88
8610	10	-88	-88	-88
8610	11	 	 	-88
8610	12	 	 	-88
8611	1	-11	10	-11
8611	2	-11	-11	-11
8611	3	60	-11	-11
8611	4	60	60	-11
8611	5	 	 	-11
8611	6	 	 	-11
8611	7	 	 	-11
8611	8	 	 	-11
8611	9	-88	-88	-88
8611	10	-88	-88	-88
8611	11	 	 	-88
8611	12	 	 	-88
8612	1	-11	35	-11
8612	2	-11	-11	-11
8612	3	50	-11	-11
8612	4	-11	-11	-11
8612	5	 	 	-11
8612	6	 	 	-11
8612	7	 	 	20
8612	8	 	 	25
8612	9	-88	-88	-88
8612	10	-88	-88	-88
8612	11	 	 	-88
8612	12	 	 	-88
8613	1	-11	35	-11
8613	2	45	40	-11
8613	3	50	-11	-11
8613	4	-11	-11	-11
8613	5	 	 	-11
8613	6	 	 	-11
8613	7	 	 	-11
8613	8	 	 	20
8613	9	30	30	30
8613	10	-88	-88	-88
8613	11	 	 	-88
8613	12	 	 	-88
8614	1	-11	-11	-11
8614	2	-11	-11	-11
8614	3	50	-11	-11
8614	4	-11	-11	-11
8614	5	 	 	-88
8614	6	 	 	-88
8614	7	 	 	-88
8614	8	 	 	-88
8614	9	-88	-88	-88
8614	10	-88	-88	88
8614	11	 	 	-88
8614	12	 	 	-88
8615	1	-11	-11	-11
8615	2	40	-11	-11
8615	3	45	-11	-11
8615	4	-11	-11	-11
8615	5	 	 	-11
8615	6	 	 	-11
8615	7	 	 	-11
8615	8	 	 	-11
8615	9	-88	-88	-88
8615	10	-88	-88	-88
8615	11	 	 	-88
8615	12	 	 	-88
8616	1	-11	20	-88
8616	2	-11	-11	-88
8616	3	40	-11	-11
8616	4	-11	-11	-11
8616	5	 	 	-88
8616	6	 	 	-88
8616	7	 	 	-88
8616	8	 	 	-88
8616	9	-88	-88	-88
8616	10	-88	-88	-88
8616	11	 	 	-88
8616	12	 	 	-88
8617	1	-11	25	-11
8617	2	-11	-11	-11
8617	3	60	-11	-11
8617	4	-11	-11	-11
8617	5	 	 	-11
8617	6	 	 	-11
8617	7	 	 	-11
8617	8	 	 	-11
8617	9	-88	-88	-88
8617	10	-88	-88	-88
8617	11	 	 	-88
8617	12	 	 	-88
8618	1	-11	35	-11
8618	2	-11	-11	-11
8618	3	60	60	60
8618	4	-11	-11	-11
8618	5	 	 	-11
8618	6	 	 	-11
8618	7	 	 	-11
8618	8	 	 	-11
8618	9	-88	-88	-88
8618	10	-88	-88	-88
8618	11	 	 	-88
8618	12	 	 	-88
8619	1	-11	-11	-11
8619	2	-11	-11	-11
8619	3	50	-11	-11
8619	4	-11	-11	-11
8619	5	 	 	-11
8619	6	 	 	-11
8619	7	 	 	-11
8619	8	 	 	-11
8619	9	-88	-88	-88
8619	10	-88	-88	-88
8619	11	 	 	-88
8619	12	 	 	-88
8620	1	-11	-11	-11
8620	2	-11	-11	-11
8620	3	60	-11	-11
8620	4	-11	-11	-11
8620	5	 	 	-11
8620	6	 	 	-11
8620	7	 	 	-11
8620	8	 	 	-11
8620	9	-88	-88	-88
8620	10	-88	-88	-88
8620	11	 	 	-88
8620	12	 	 	-88
8621	1	-11	35	-11
8621	2	35	-11	-11
8621	3	60	-11	-11
8621	4	-11	-11	-11
8621	5	 	 	-11
8621	6	 	 	-11
8621	7	 	 	-11
8621	8	 	 	-11
8621	9	-88	-88	-88
8621	10	-88	-88	-88
8621	11	 	 	-88
8621	12	 	 	-88
8622	1	-11	-77	-11
8622	2	-77	-11	-11
8622	3	50	-11	-11
8622	4	-11	-11	-11
8622	5	 	 	-11
8622	6	 	 	-11
8622	7	 	 	-77
8622	8	 	 	-11
8622	9	-88	-88	-88
8622	10	-88	-88	-88
8622	11	 	 	-88
8622	12	 	 	-88
8623	1	-11	10	-11
8623	2	15	-11	-11
8623	3	35	-11	-11
8623	4	-88	-88	-88
8623	5	 	 	-11
8623	6	 	 	-11
8623	7	 	 	-11
8623	8	 	 	-11
8623	9	-88	-88	-88
8623	10	-88	-88	-88
8623	11	 	 	-88
8623	12	 	 	-88
8624	1	-88	-88	-88
8624	2	-88	-88	-88
8624	3	50	-11	-11
8624	4	-88	-88	-88
8624	5	 	 	-88
8624	6	 	 	-88
8624	7	 	 	-88
8624	8	 	 	-88
8624	9	-88	-88	-88
8624	10	-88	-88	-88
8624	11	 	 	-88
8624	12	 	 	-88
8625	1	-11	-11	-11
8625	2	-11	-11	-11
8625	3	-11	-11	-11
8625	4	-11	-11	-11
8625	5	 	 	-11
8625	6	 	 	-11
8625	7	 	 	-11
8625	8	 	 	-11
8625	9	-88	-88	-88
8625	10	-88	-88	-88
8625	11	 	 	-88
8625	12	 	 	-88
8626	1	-88	-88	-88
8626	2	-88	-88	-88
8626	3	50	-11	-11
8626	4	-88	-88	-88
8626	5	 	 	-88
8626	6	 	 	-88
8626	7	 	 	-88
8626	8	 	 	-88
8626	9	-88	-88	-88
8626	10	-88	-88	-88
8626	11	 	 	-88
8626	12	 	 	-88
8627	1	-11	-11	-11
8627	2	-11	-11	-11
8627	3	50	-11	-11
8627	4	30	-11	-11
8627	5	 	 	-11
8627	6	 	 	-11
8627	7	 	 	-11
8627	8	 	 	-11
8627	9	-88	-88	-88
8627	10	-88	-88	-88
8627	11	 	 	-88
8627	12	 	 	-88
8628	1	-11	20	-11
8628	2	30	-11	-11
8628	3	35	-11	-11
8628	4	-11	-11	-11
8628	5	 	 	-11
8628	6	 	 	-11
8628	7	 	 	-11
8628	8	 	 	-11
8628	9	-88	-88	-88
8628	10	-88	-88	-88
8628	11	 	 	-88
8628	12	 	 	-88
8629	1	-11	-11	-11
8629	2	-11	-11	-11
8629	3	40	-11	-11
8629	4	-11	-11	-11
8629	5	 	 	-11
8629	6	 	 	-11
8629	7	 	 	-11
8629	8	 	 	-11
8629	9	-88	-88	-88
8629	10	-88	-88	-88
8629	11	 	 	-88
8629	12	 	 	-88
8630	1	-11	15	-11
8630	2	40	40	-11
8630	3	35	35	-11
8630	4	-11	-11	-11
8630	5	 	 	-11
8630	6	 	 	-11
8630	7	 	 	-11
8630	8	 	 	-11
8630	9	-88	-88	-88
8630	10	-88	-88	-88
8630	11	 	 	-88
8630	12	 	 	-88
8631	1	-11	10	-11
8631	2	-11	-11	-11
8631	3	40	-11	-11
8631	4	-11	-11	-11
8631	5	 	 	-11
8631	6	 	 	-11
8631	7	 	 	-11
8631	8	 	 	-11
8631	9	-88	-88	-88
8631	10	-88	-88	-88
8631	11	 	 	-88
8631	12	 	 	-88
8632	1	-11	-11	-11
8632	2	30	30	30
8632	3	50	-11	-11
8632	4	-11	-11	-11
8632	5	 	 	-11
8632	6	 	 	-11
8632	7	 	 	10
8632	8	 	 	-11
8632	9	-88	-88	-88
8632	10	-88	-88	-88
8632	11	 	 	-88
8632	12	 	 	-88
8633	1	-11	15	-11
8633	2	-11	-11	-11
8633	3	40	-11	-11
8633	4	35	35	-11
8633	5	 	 	-11
8633	6	 	 	-11
8633	7	 	 	-11
8633	8	 	 	-11
8633	9	-88	-88	-88
8633	10	-88	-88	-88
8633	11	 	 	-88
8633	12	 	 	-88
8634	1	-11	-11	-11
8634	2	-11	-11	-11
8634	3	40	-11	-11
8634	4	-11	-11	-11
8634	5	 	 	-11
8634	6	 	 	-11
8634	7	 	 	-11
8634	8	 	 	-11
8634	9	-88	-88	-88
8634	10	-88	-88	-88
8634	11	 	 	-88
8634	12	 	 	-88
8635	1	-11	20	-11
8635	2	-11	-11	-11
8635	3	40	-11	-11
8635	4	-11	-11	-11
8635	5	 	 	-11
8635	6	 	 	-11
8635	7	 	 	-11
8635	8	 	 	-11
8635	9	-88	-88	-88
8635	10	-88	-88	-88
8635	11	 	 	-88
8635	12	 	 	-88
8636	1	-11	-11	-11
8636	2	-11	-11	-11
8636	3	30	-11	-11
8636	4	-11	-11	-11
8636	5	 	 	-11
8636	6	 	 	-11
8636	7	 	 	-11
8636	8	 	 	-11
8636	9	-88	-88	-88
8636	10	-88	-88	-88
8636	11	 	 	-88
8636	12	 	 	-88
8637	1	-11	-11	-11
8637	2	-11	-11	-11
8637	3	-11	-11	-11
8637	4	30	25	15
8637	5	 	 	-11
8637	6	 	 	-11
8637	7	 	 	-11
8637	8	 	 	-11
8637	9	-88	-88	-88
8637	10	-88	-88	-88
8637	11	 	 	-88
8637	12	 	 	-88
8638	1	-11	15	-11
8638	2	-11	-11	-11
8638	3	50	-11	-11
8638	4	-11	-11	-11
8638	5	 	 	-11
8638	6	 	 	-11
8638	7	 	 	-11
8638	8	 	 	-11
8638	9	-88	-88	-88
8638	10	-88	-88	-88
8638	11	 	 	-88
8638	12	 	 	-88
8639	1	-11	30	-11
8639	2	45	-11	-11
8639	3	45	-11	-11
8639	4	-11	-11	-11
8639	5	 	 	-11
8639	6	 	 	-11
8639	7	 	 	-11
8639	8	 	 	-11
8639	9	-88	-88	-88
8639	10	-88	-88	-88
8639	11	 	 	-88
8639	12	 	 	-88
8640	1	-11	-11	-11
8640	2	-11	-11	-11
8640	3	40	-11	-11
8640	4	-11	-11	-11
8640	5	 	 	-11
8640	6	 	 	-11
8640	7	 	 	-11
8640	8	 	 	-11
8640	9	-88	-88	-88
8640	10	-88	-88	-88
8640	11	 	 	-88
8640	12	 	 	-88
8641	1	-11	30	-11
8641	2	-11	-11	-11
8641	3	45	-11	-11
8641	4	-11	-11	-11
8641	5	 	 	-11
8641	6	 	 	-11
8641	7	 	 	-11
8641	8	 	 	-11
8641	9	-88	-88	-88
8641	10	-88	-88	-88
8641	11	 	 	-88
8641	12	 	 	-88
8642	1	-88	-88	-88
8642	2	-88	-88	-88
8642	3	45	-11	-11
8642	4	-88	-88	-88
8642	5	 	 	-88
8642	6	 	 	-88
8642	7	 	 	-88
8642	8	 	 	-88
8642	9	-88	-88	-88
8642	10	-88	-88	-88
8642	11	 	 	-88
8642	12	 	 	-88
8643	1	-11	40	-11
8643	2	40	-11	-11
8643	3	50	-11	-11
8643	4	-11	-11	-11
8643	5	 	 	-11
8643	6	 	 	-11
8643	7	 	 	-11
8643	8	 	 	-11
8643	9	-88	-88	-88
8643	10	-88	-88	-88
8643	11	 	 	-88
8643	12	 	 	-88
