PLACEID	RSID	CAPAC
202	1	9
202	2	8
202	3	8
202	4	9
202	5	8
202	6	10
202	7	4
202	8	7
202	9	6
202	10	3
302	1	8
302	2	8
302	3	8
302	4	8
302	5	8
304	1	8
304	2	8
304	3	8
304	4	8
304	5	8
304	6	7
304	7	3
305	1	9
305	2	8
305	3	9
305	4	8
309	1	10
309	2	9
309	3	8
309	4	7
309	5	4
310	1	3
310	2	10
310	3	6
311	1	4
311	2	9
312	1	9
312	2	8
312	3	8
312	4	7
312	5	7
312	6	7
313	1	8
313	2	6
313	3	7
313	4	10
314	1	9
314	2	8
314	3	10
314	4	10
314	5	10
314	6	7
314	7	3
401	1	4
401	2	7
401	3	8
401	4	3
402	1	9
402	2	9
402	3	4
402	4	7
402	5	3
404	1	8
404	2	9
404	3	9
404	4	10
404	5	3
405	1	4
405	2	9
405	3	10
405	4	3
406	1	8
406	2	9
406	3	8
406	4	7
406	5	7
406	6	4
406	7	3
407	1	9
407	2	3
407	3	7
408	1	9
408	2	9
408	3	4
408	4	9
408	5	3
408	6	7
408	7	7
502	1	10
502	2	10
502	3	3
503	1	8
503	2	8
503	3	7
503	4	10
503	5	8
503	6	3
503	7	4
505	1	4
505	2	7
505	3	9
505	4	9
505	5	4
506	1	8
506	2	9
506	3	8
506	4	7
506	5	3
601	1	1
601	2	9
601	3	7
601	4	3
601	5	3
701	1	9
701	2	9
701	3	7
701	4	7
701	5	3
701	6	7
701	7	3
701	8	3
701	9	7
702	1	9
702	2	8
702	3	8
702	4	8
702	5	7
702	6	7
702	7	7
702	8	7
702	9	3
703	1	 
703	2	 
703	3	 
707	1	1
707	2	2
707	3	10
707	4	10
707	5	10
707	6	3
708	1	9
708	2	10
708	3	10
708	4	10
708	5	7
708	6	10
708	7	3
709	1	9
709	2	8
709	3	8
709	4	10
709	5	10
709	6	3
709	7	3
709	8	7
709	9	4
709	10	8
710	1	3
710	2	3
710	3	3
710	4	7
710	5	7
711	1	3
711	2	3
711	3	7
711	4	9
711	5	4
711	6	8
711	7	7
711	8	7
712	1	9
712	2	2
712	3	10
712	4	7
712	5	7
712	6	7
712	7	7
712	8	7
712	9	3
713	1	10
713	2	10
713	3	10
713	4	10
713	5	10
713	6	7
713	7	7
714	1	9
714	2	4
714	3	3
714	4	8
714	5	10
714	6	10
715	1	10
715	2	9
715	3	10
715	4	3
715	5	10
715	6	7
715	7	7
716	1	9
716	2	8
716	3	8
716	4	10
716	5	3
716	6	7
716	7	7
717	1	8
717	2	10
717	3	8
717	4	8
717	5	7
717	6	7
717	7	7
717	8	10
717	9	3
718	1	9
718	2	9
718	3	7
718	4	7
718	5	7
718	6	7
719	1	9
719	2	8
719	3	8
719	4	8
719	5	7
719	6	7
719	7	7
719	8	7
719	9	3
801	1	4
801	2	3
801	3	3
801	4	3
801	5	9
801	6	3
801	7	7
801	8	7
801	9	7
801	10	7
801	11	7
801	12	8
801	13	7
801	14	7
802	1	10
802	2	4
802	3	8
802	4	10
802	5	10
802	6	10
802	7	10
802	8	4
802	9	8
802	10	8
803	1	10
803	2	4
803	3	4
803	4	8
803	5	3
803	6	7
803	7	7
804	1	4
804	2	3
804	3	7
804	4	7
804	5	7
804	6	8
804	7	8
804	8	7
804	9	7
804	10	8
804	11	8
901	1	8
901	2	4
901	3	8
901	4	10
901	5	8
901	6	9
901	7	8
901	8	7
1103	1	9
1103	2	9
1103	3	4
1103	4	10
1103	5	7
1103	6	4
1103	7	4
1103	8	10
1201	1	8
1201	2	8
1201	3	8
1201	4	3
1201	5	7
1201	6	7
1201	7	7
1201	8	7
1201	9	7
1201	10	7
1201	11	7
1201	12	7
1201	13	7
1201	14	7
1201	15	7
1201	16	4
1202	1	8
1202	2	8
1202	3	8
1202	4	4
1202	5	8
1202	6	7
1202	7	7
1202	8	7
1202	9	7
1202	10	7
1202	11	7
1202	12	7
1202	13	7
1202	14	7
1202	15	3
1203	1	8
1203	2	8
1203	3	8
1203	4	10
1203	5	7
1203	6	7
1203	7	7
1203	8	7
1203	9	7
1203	10	7
1203	11	7
1203	12	7
1203	13	7
1203	14	7
1203	15	7
1203	16	7
1204	1	8
1204	2	8
1204	3	8
1204	4	8
1204	5	7
1204	6	7
1204	7	3
1204	8	7
1204	9	8
1204	10	7
1205	1	3
1205	2	8
1205	3	10
1205	4	7
1205	5	7
1205	6	7
1205	7	7
1205	8	7
1205	9	7
1206	1	8
1206	2	8
1206	3	7
1206	4	8
1206	5	8
1206	6	8
1206	7	8
1206	8	7
1206	9	7
1206	10	7
1206	11	7
1206	12	7
1206	13	7
1206	14	7
1206	15	7
1206	16	7
1206	17	4
1207	1	8
1207	2	8
1207	3	8
1207	4	8
1207	5	8
1207	6	7
1207	7	7
1207	8	7
1207	9	7
1207	10	4
1207	11	7
1207	12	7
1207	13	7
1207	14	7
1207	15	7
1207	16	7
1208	1	8
1208	2	8
1208	3	8
1208	4	8
1208	5	8
1208	6	8
1208	7	7
1208	8	7
1208	9	7
1208	10	7
1208	11	7
1208	12	7
1208	13	7
1208	14	7
1208	15	7
1208	16	7
1208	17	7
1208	18	4
1208	19	3
1208	20	7
1209	1	6
1209	2	7
1209	3	8
1209	4	9
1209	5	7
1209	6	7
1209	7	7
1209	8	7
1210	1	8
1210	2	9
1210	3	8
1210	4	3
1210	5	7
1210	6	7
1210	7	7
1210	8	7
1210	9	8
1210	10	6
1210	11	7
1211	1	3
1211	2	9
1211	3	8
1211	4	10
1211	5	7
1211	6	7
1211	7	7
1211	8	7
1211	9	7
1211	10	7
1211	11	4
1211	12	7
1211	13	7
1211	14	7
1211	15	7
1211	16	6
1212	1	8
1212	2	8
1212	3	7
1212	4	7
1212	5	7
1212	6	7
1212	7	7
1212	8	7
1213	1	9
1213	2	8
1213	3	7
1213	4	7
1213	5	3
1213	6	7
1213	7	7
1213	8	7
1213	9	7
1213	10	7
1213	11	7
1213	12	7
1213	13	6
1215	1	8
1215	2	8
1215	3	8
1215	4	7
1215	5	7
1215	6	7
1215	7	7
1216	1	8
1216	2	8
1216	3	7
1216	4	7
1216	5	7
1216	6	7
1216	7	7
1216	8	7
1216	9	3
1216	10	7
1217	1	8
1217	2	10
1217	3	7
1217	4	7
1217	5	7
1217	6	7
1218	1	7
1218	2	8
1218	3	3
1218	4	8
1218	5	8
1218	6	7
1218	7	7
1218	8	7
1218	9	7
1218	10	7
1218	11	7
1219	1	7
1219	2	7
1219	3	7
1219	4	7
1219	5	7
1219	6	8
1219	7	8
1219	8	7
1219	9	7
1219	10	7
1219	11	7
1220	1	10
1220	2	8
1220	3	8
1220	4	9
1220	5	8
1220	6	8
1220	7	7
1220	8	7
1220	9	7
1221	1	9
1221	2	8
1221	3	7
1221	4	7
1221	5	7
1221	6	7
1221	7	7
1221	8	7
1221	9	7
1221	10	7
1222	1	3
1222	2	8
1222	3	10
1222	4	8
1222	5	4
1222	6	7
1222	7	7
1222	8	7
1222	9	7
1222	10	7
1223	1	8
1223	2	3
1223	3	3
1223	4	7
1223	5	7
1223	6	7
1223	7	7
1223	8	7
1223	9	7
1223	10	7
1224	1	8
1224	2	8
1224	3	7
1224	4	7
1224	5	7
1224	6	7
1224	7	7
1224	8	7
1224	9	7
1225	1	8
1225	2	8
1225	3	8
1225	4	8
1225	5	3
1225	6	4
1225	7	8
1225	8	7
1225	9	7
1225	10	7
1225	11	7
1225	12	7
1225	13	7
1225	14	7
1225	15	7
1225	16	7
1225	17	7
1225	18	7
1225	19	7
1226	1	8
1226	2	8
1226	3	8
1226	4	3
1226	5	3
1226	6	7
1226	7	7
1226	8	7
1226	9	7
1227	1	4
1227	2	3
1227	3	3
1227	4	8
1227	5	7
1227	6	7
1227	7	7
1227	8	7
1227	9	7
1227	10	7
1227	11	7
1227	12	7
1227	13	7
1227	14	7
1227	15	7
1227	16	7
1228	1	3
1228	2	8
1228	3	8
1228	4	4
1228	5	7
1228	6	7
1228	7	7
1228	8	7
1228	9	7
1228	10	7
1301	1	3
1301	2	3
1301	3	8
1301	4	8
1301	5	8
1301	6	8
1301	7	10
1301	8	10
1301	9	4
1301	10	7
1301	11	7
1301	12	7
1301	13	7
1303	1	8
1303	2	8
1303	3	3
1303	4	4
1303	5	8
1303	6	10
1303	7	10
1303	8	10
1303	9	10
1304	1	9
1304	2	10
1304	3	7
1304	4	7
1304	5	7
1304	6	7
1304	7	7
1304	8	7
1304	9	7
1304	10	7
1304	11	7
1304	12	8
1304	13	7
1304	14	7
1305	1	1
1305	2	3
1305	3	1
1305	4	10
1305	5	4
1305	6	7
1305	7	7
1305	8	7
1305	9	7
1306	1	8
1306	2	8
1306	3	8
1306	4	7
1306	5	7
1306	6	7
1306	7	7
1306	8	8
1307	1	4
1307	2	8
1307	3	3
1307	4	8
1307	5	7
1307	6	7
1307	7	7
1307	8	7
1307	9	7
1307	10	7
1307	11	7
1307	12	7
1307	13	7
1307	14	7
1307	15	7
1401	1	8
1401	2	8
1401	3	7
1401	4	7
1401	5	7
1401	6	3
1401	7	10
1401	8	7
1401	9	10
1401	10	10
1402	1	8
1402	2	10
1402	3	7
1402	4	7
1402	5	7
1402	6	10
1402	7	10
1402	8	3
1402	9	7
1402	10	3
1403	1	4
1403	2	8
1403	3	7
1403	4	7
1403	5	8
1403	6	8
1403	7	8
1403	8	3
1403	9	10
1403	10	3
1403	11	10
1403	12	8
1404	1	8
1404	2	10
1404	3	8
1404	4	10
1404	5	7
1404	6	7
1404	7	8
1404	8	8
1404	9	8
1404	10	10
1404	11	7
1404	12	7
1404	13	7
1404	14	7
1405	1	8
1405	2	3
1405	3	7
1405	4	7
1405	5	7
1405	6	7
1405	7	7
1405	8	7
1405	9	7
1405	10	7
1405	11	7
1406	1	8
1406	2	8
1406	3	3
1406	4	3
1406	5	7
1406	6	10
1406	7	10
1406	8	10
1406	9	10
1407	1	8
1407	2	4
1407	3	3
1407	4	7
1407	5	7
1407	6	7
1407	7	7
1407	8	7
1407	9	7
1407	10	8
1407	11	7
1407	12	7
1407	13	7
1408	1	8
1408	2	8
1408	3	8
1408	4	10
1408	5	10
1408	6	10
1408	7	8
1408	8	8
1408	9	10
1409	1	8
1409	2	8
1409	3	7
1409	4	7
1409	5	10
1409	6	8
1501	1	8
1501	2	10
1502	1	8
1502	2	10
1502	3	8
1502	4	7
1502	5	3
1502	6	3
1503	1	7
1503	2	8
1504	1	10
1504	2	8
1504	3	3
1504	4	4
1504	5	4
1505	1	9
1505	2	8
1505	3	8
1505	4	8
1505	5	7
1507	1	8
1507	2	88
1508	1	10
1508	2	3
1508	3	8
1508	4	7
1509	1	8
1509	2	7
1509	3	8
1510	1	8
1510	2	10
1510	3	7
1510	4	3
1601	1	10
1601	2	10
1601	3	9
1601	4	10
1601	5	4
1601	6	8
1601	7	7
1603	1	10
1603	2	9
1603	3	10
1604	1	9
1604	2	2
1604	3	6
1604	4	10
1604	5	7
1604	6	3
1604	7	10
1701	1	8
1701	2	8
1701	3	8
1701	4	7
1702	1	9
1702	2	9
1702	3	4
1702	4	10
1702	5	7
1702	6	7
1702	7	10
1702	8	10
1703	1	4
1703	2	8
1703	3	3
1703	4	3
1703	5	7
1703	6	8
1801	1	4
1801	2	9
1801	3	3
1801	4	4
1801	5	6
1801	6	7
1802	1	10
1802	2	10
1802	3	10
1802	4	4
1802	5	3
1802	6	3
1802	7	7
1802	8	7
2002	1	8
2002	2	8
2002	3	7
2002	4	7
2002	5	7
2002	6	10
2002	7	10
2004	1	8
2004	2	4
2004	3	10
2004	4	7
2004	5	3
2004	6	3
2004	7	10
2004	8	8
2004	9	7
2004	10	7
2004	11	7
2005	1	8
2005	2	8
2005	3	8
2005	4	8
2005	5	7
2005	6	7
2005	7	3
2005	8	3
2005	9	3
2005	10	8
2005	11	4
2005	12	8
2005	13	8
2005	14	8
2005	15	7
2005	16	7
2005	17	7
2005	18	7
2005	19	7
2005	20	7
2006	1	3
2006	2	8
2006	3	4
2006	4	9
2006	5	7
2006	6	10
2006	7	10
2007	1	10
2007	2	8
2007	3	7
2007	4	7
2007	5	3
2007	6	7
2007	7	8
2007	8	9
2007	9	6
2008	1	8
2008	2	10
2008	3	10
2008	4	10
2008	5	10
2008	6	7
2008	7	10
2008	8	10
2008	9	10
2008	10	9
2009	1	9
2009	2	4
2009	3	3
2009	4	3
2009	5	10
2009	6	7
2009	7	7
2009	8	10
2009	9	10
2010	1	8
2010	2	4
2010	3	10
2010	4	10
2010	5	10
2010	6	8
2010	7	10
2010	8	7
2010	9	8
2010	10	3
2011	1	9
2011	2	9
2011	3	7
2011	4	7
2011	5	7
2011	6	7
2012	1	10
2012	2	10
2012	3	6
2012	4	4
2012	5	7
2012	6	7
2012	7	7
2012	8	7
2012	9	7
2012	10	7
2012	11	7
2012	12	7
2014	1	8
2014	2	10
2014	3	10
2014	4	10
2014	5	10
2014	6	10
2014	7	10
2014	8	10
2014	9	10
2014	10	10
2015	1	8
2015	2	9
2015	3	8
2015	4	3
2015	5	7
2016	1	10
2016	2	8
2016	3	8
2016	4	7
2017	1	4
2017	2	8
2017	3	8
2017	4	7
2017	5	7
2017	6	8
2017	7	7
2017	8	7
2017	9	7
2017	10	7
2017	11	7
2017	12	3
2017	13	10
2017	14	7
2017	15	7
2018	1	8
2018	2	4
2018	3	10
2018	4	8
2018	5	7
2018	6	7
2018	7	7
2018	8	7
2018	9	7
2019	1	7
2019	2	10
2020	1	9
2020	2	6
2020	3	7
2020	4	4
2020	5	3
2020	6	4
2020	7	7
2020	8	10
2021	1	4
2021	2	7
2021	3	7
2021	4	10
2021	5	7
8003	1	9
8003	2	7
8003	3	8
8003	4	8
8003	5	3
8003	6	8
8003	7	7
8003	8	7
8003	9	7
8004	1	9
8004	2	9
8004	3	7
8004	4	3
8004	5	3
8005	1	3
8005	2	8
8005	3	4
8007	1	10
8007	2	8
8007	3	4
8007	4	4
8007	5	10
8007	6	3
8008	1	9
8008	2	8
8008	3	3
8008	4	9
8008	5	4
8008	6	8
8008	7	6
8008	8	10
8008	9	8
8008	10	7
8008	11	3
8008	12	7
8012	1	3
8012	2	3
8012	3	3
8012	4	9
8012	5	7
8012	6	7
8012	7	7
8012	8	7
8014	1	4
8014	2	8
8014	3	4
8014	4	10
8014	5	3
8014	6	7
8016	1	2
8016	2	2
8016	3	4
8016	4	3
8016	5	3
8016	6	7
8016	7	7
8016	8	7
8016	9	7
8016	10	7
8018	1	2
8018	2	2
8018	3	2
8018	4	3
8018	5	3
8018	6	7
8018	7	7
8018	8	7
8018	9	7
8018	10	7
8020	1	8
8020	2	9
8020	3	6
8020	4	7
8020	5	4
8020	6	3
8020	7	3
8020	8	7
8025	1	8
8025	2	8
8025	3	4
8025	4	3
8025	5	3
8025	6	7
8025	7	8
8026	1	8
8026	2	8
8026	3	8
8026	4	8
8026	5	3
8026	6	3
8026	7	3
8026	8	3
8026	9	4
8026	10	4
8026	11	10
8026	12	7
8029	1	7
8029	2	9
8029	3	4
8029	4	7
8029	5	3
8032	1	3
8032	2	3
8032	3	3
8032	4	8
8032	5	10
8032	6	7
8032	7	7
8032	8	7
8032	9	7
8032	10	7
8032	11	7
8032	12	7
8034	1	10
8034	2	10
8034	3	9
8034	4	2
8034	5	9
8034	6	8
8037	1	8
8037	2	4
8037	3	7
8037	4	3
8038	1	10
8038	2	3
8038	3	10
8039	1	8
8039	2	9
8039	3	10
8039	4	7
8039	5	7
8040	1	7
8040	2	2
8040	3	1
8041	1	9
8041	2	9
8041	3	3
8041	4	7
8041	5	10
8041	6	7
8046	1	8
8046	2	8
8046	3	8
8046	4	3
8046	5	4
8046	6	7
8046	7	7
8046	8	10
8046	9	7
8048	1	4
8048	2	3
8048	3	10
8048	4	9
8048	5	7
8059	1	8
8059	2	8
8059	3	4
8059	4	3
8059	5	7
8059	6	10
8059	7	7
8059	8	7
8059	9	7
8060	1	3
8060	2	4
8060	3	4
8060	4	6
8060	5	2
8060	6	7
8060	7	7
8060	8	7
8060	9	7
8062	1	10
8062	2	10
8062	3	2
8062	4	3
8064	1	2
8064	2	3
8064	3	4
8064	4	10
8066	1	8
8066	2	10
8067	1	2
8067	2	2
8067	3	2
8067	4	3
8067	5	3
8067	6	7
8067	7	7
8067	8	7
8067	9	7
8067	10	7
8069	1	2
8069	2	2
8069	3	2
8069	4	3
8069	5	4
8070	1	2
8070	2	4
8070	3	10
8070	4	3
8071	1	4
8071	2	9
8071	3	4
8071	4	10
8071	5	4
8071	6	3
8071	7	7
8072	1	10
8072	2	10
8072	3	1
8083	1	8
8083	2	7
8083	3	7
8083	4	7
8083	5	7
8083	6	7
8083	7	7
8084	1	8
8084	2	7
8084	3	8
8085	1	8
8085	2	8
8085	3	8
8085	4	8
8085	5	8
8085	6	8
8085	7	7
8085	8	7
8085	9	7
8086	1	8
8086	2	7
8086	3	7
8086	4	8
8086	5	4
8088	1	1
8088	2	6
8088	3	1
8088	4	3
8088	5	7
8088	6	7
8088	7	7
8088	8	7
8088	9	7
8088	10	7
8088	11	7
8088	12	7
8088	13	7
8090	1	2
8090	2	3
8090	3	1
8090	4	3
8090	5	3
8090	6	3
8090	7	4
8090	8	7
8090	9	10
8090	10	10
8091	1	3
8091	2	4
8091	3	9
8091	4	8
8091	5	7
8091	6	7
8091	7	7
8091	8	10
8091	9	7
8091	10	8
8092	1	8
8092	2	8
8092	3	4
8092	4	4
8092	5	3
8092	6	8
8092	7	7
8092	8	7
8092	9	7
8092	10	7
8092	11	7
8094	1	10
8094	2	10
8094	3	3
8094	4	3
8094	5	4
8094	6	7
8094	7	7
8094	8	7
8094	9	1
8094	10	7
8097	1	1
8097	2	1
8097	3	4
8097	4	3
8097	5	10
8097	6	10
8097	7	7
8097	8	7
8097	9	7
8097	10	7
8098	1	8
8098	2	7
8098	3	7
8098	4	7
8098	5	7
8098	6	7
8098	7	7
8098	8	7
8098	9	7
8098	10	7
8098	11	4
8098	12	8
8098	13	3
8099	1	2
8099	2	2
8099	3	2
8099	4	3
8099	5	3
8099	6	7
8099	7	7
8099	8	4
8099	9	7
8099	10	7
8107	1	8
8107	2	3
8107	3	10
8107	4	8
8107	5	7
8108	1	8
8108	2	8
8108	3	7
8108	4	3
8108	5	7
8108	6	7
8108	7	7
8108	8	7
8108	9	7
8108	10	7
8109	1	10
8109	2	3
8109	3	3
8109	4	3
8109	5	3
8109	6	4
8109	7	7
8109	8	4
8109	9	7
8109	10	7
8109	11	7
8109	12	7
8109	13	7
8109	14	7
8109	15	7
8110	1	8
8110	2	7
8110	3	3
8110	4	3
8110	5	4
8110	6	7
8111	1	8
8111	2	8
8111	3	8
8111	4	8
8111	5	7
8111	6	7
8111	7	7
8111	8	7
8111	9	7
8112	1	8
8112	2	8
8112	3	10
8112	4	10
8112	5	7
8112	6	10
8112	7	7
8112	8	10
8114	1	8
8114	2	4
8114	3	7
8114	4	7
8114	5	7
8114	6	7
8114	7	7
8114	8	8
8114	9	3
8115	1	8
8115	2	8
8115	3	8
8115	4	8
8115	5	7
8115	6	7
8115	7	7
8115	8	7
8115	9	7
8115	10	7
8115	11	7
8115	12	7
8115	13	7
8115	14	7
8115	15	7
8115	16	7
8115	17	7
8123	1	8
8123	2	8
8123	3	8
8123	4	3
8123	5	7
8123	6	7
8123	7	7
8123	8	7
8123	9	7
8123	10	7
8123	11	4
8123	12	10
8123	13	8
8123	14	7
8123	15	7
8123	16	7
8123	17	77
8123	18	8
8123	19	10
8123	20	10
8124	1	8
8124	2	7
8124	3	7
8124	4	7
8124	5	7
8124	6	7
8125	1	8
8125	2	8
8125	3	8
8125	4	8
8125	5	8
8125	6	10
8125	7	10
8125	8	10
8125	9	10
8125	10	10
8126	1	3
8126	2	3
8126	3	4
8126	4	8
8126	5	4
8126	6	10
8126	7	7
8126	8	7
8126	9	7
8126	10	7
8127	1	7
8127	2	10
8127	3	8
8127	4	7
8127	5	7
8127	6	8
8127	7	8
8127	8	7
8127	9	7
8127	10	4
8127	11	7
8127	12	7
8127	13	7
8127	14	10
8127	15	10
8128	1	8
8128	2	8
8128	3	8
8128	4	7
8128	5	7
8128	6	7
8128	7	10
8128	8	7
8128	9	7
8128	10	7
8129	1	7
8129	2	8
8129	3	8
8129	4	8
8129	5	8
8129	6	7
8129	7	8
8129	8	3
8130	1	1
8130	2	10
8130	3	10
8130	4	7
8135	1	8
8135	2	8
8135	3	7
8138	1	7
8138	2	7
8138	3	7
8138	4	4
8138	5	3
8138	6	2
8140	1	7
8140	2	10
8140	3	10
8140	4	7
8140	5	3
8141	1	8
8141	2	4
8141	3	8
8141	4	8
8141	5	3
8141	6	10
8141	7	7
8141	8	7
8142	1	8
8142	2	7
8142	3	4
8142	4	3
8142	5	8
8142	6	8
8143	1	9
8143	2	4
8143	3	8
8143	4	8
8143	5	7
8143	6	7
8143	7	3
8143	8	7
8143	9	7
8143	10	9
8144	1	9
8144	2	7
8144	3	10
8144	4	7
8145	1	8
8145	2	8
8145	3	8
8145	4	8
8145	5	8
8145	6	8
8145	7	8
8145	8	3
8145	9	7
8145	10	7
8145	11	7
8146	1	2
8146	2	7
8147	1	8
8147	2	8
8147	3	7
8147	4	4
8147	5	3
8147	6	8
8148	1	2
8148	2	2
8148	3	7
8148	4	4
8148	5	10
8148	6	4
8151	1	2
8151	2	2
8151	3	10
8151	4	7
8151	5	7
8152	1	8
8152	2	8
8152	3	4
8152	4	4
8152	5	7
8160	1	8
8160	2	8
8160	3	4
8160	4	7
8160	5	7
8160	6	7
8161	1	8
8161	2	8
8161	3	8
8161	4	3
8161	5	7
8161	6	7
8162	1	8
8162	2	7
8162	3	8
8162	4	8
8162	5	4
8163	1	9
8163	2	9
8166	1	8
8166	2	4
8166	3	8
8166	4	3
8166	5	7
8166	6	7
8166	7	7
8166	8	7
8168	1	2
8168	2	2
8168	3	7
8168	4	3
8169	1	4
8169	2	9
8169	3	7
8169	4	7
8170	1	8
8170	2	4
8170	3	7
8170	4	8
8171	1	9
8171	2	9
8171	3	9
8171	4	7
8171	5	3
8172	1	9
8172	2	7
8172	3	7
8175	1	8
8175	2	10
8177	1	4
8177	2	3
8177	3	10
8177	4	2
8180	1	2
8180	2	7
8180	3	3
8180	4	10
8180	5	7
8180	6	7
8181	1	3
8181	2	4
8181	3	9
8181	4	10
8181	5	6
8181	6	7
8181	7	7
8181	8	10
8182	1	8
8182	2	8
8182	3	7
8182	4	7
8182	5	4
8184	1	3
8184	2	8
8184	3	8
8185	1	2
8185	2	9
8185	3	9
8185	4	2
8185	5	10
8186	1	8
8186	2	8
8186	3	10
8186	4	8
8186	5	8
8186	6	7
8186	7	3
8188	1	3
8188	2	3
8188	3	8
8188	4	7
8188	5	7
8188	6	7
8188	7	7
8189	1	8
8189	2	8
8189	3	8
8189	4	10
8189	5	8
8189	6	3
8189	7	8
8189	8	8
8189	9	8
8189	10	8
8189	11	8
8189	12	8
8192	1	8
8192	2	4
8192	3	8
8192	4	8
8192	5	7
8192	6	7
8192	7	7
8192	8	7
8192	9	7
8192	10	7
8192	11	7
8192	12	7
8192	13	7
8192	14	8
8192	15	7
8192	16	7
8193	1	8
8193	2	8
8193	3	8
8193	4	8
8193	5	8
8193	6	8
8193	7	88
8193	8	88
8198	1	9
8198	2	4
8198	3	7
8198	4	3
8199	1	9
8199	2	8
8199	3	7
8199	4	7
8199	5	7
8201	1	7
8201	2	8
8201	3	8
8201	4	8
8201	5	3
8201	6	7
8202	1	1
8202	2	7
8202	3	10
8202	4	4
8202	5	3
8203	1	7
8203	2	1
8203	3	4
8203	4	3
8203	5	3
8204	1	4
8204	2	4
8204	3	3
8204	4	9
8204	5	7
8204	6	7
8204	7	7
8205	1	9
8205	2	10
8205	3	3
8205	4	7
8205	5	7
8206	1	8
8206	2	4
8206	3	7
8206	4	8
8207	1	7
8207	2	4
8207	3	8
8207	4	7
8207	5	3
8207	6	3
8209	1	4
8209	2	8
8209	3	10
8210	1	9
8210	2	7
8210	3	4
8211	1	8
8211	2	9
8211	3	9
8211	4	3
8212	1	6
8212	2	3
8213	1	10
8213	2	10
8213	3	3
8215	1	1
8215	2	7
8215	3	3
8215	4	3
8215	5	7
8216	1	1
8216	2	10
8216	3	10
8216	4	3
8216	5	3
8216	6	7
8216	7	7
8216	8	7
8217	1	4
8217	2	4
8217	3	3
8217	4	7
8217	5	7
8217	6	7
8217	7	7
8217	8	7
8217	9	7
8219	1	3
8219	2	3
8219	3	1
8219	4	10
8220	1	4
8220	2	7
8220	3	1
8220	4	2
8220	5	1
8220	6	8
8220	7	1
8220	8	4
8220	9	3
8220	10	7
8220	11	7
8223	1	1
8223	2	1
8223	3	7
8223	4	7
8223	5	10
8223	6	10
8223	7	3
8226	1	3
8226	2	3
8226	3	10
8226	4	7
8226	5	7
8226	6	1
8226	7	4
8226	8	4
8226	9	4
8227	1	1
8227	2	1
8227	3	1
8227	4	10
8227	5	7
8227	6	3
8227	7	4
8227	8	3
8227	9	7
8227	10	10
8228	1	8
8228	2	8
8228	3	8
8228	4	8
8228	5	8
8228	6	7
8228	7	7
8228	8	10
8228	9	10
8232	1	1
8232	2	3
8232	3	4
8232	4	7
8236	1	8
8236	2	4
8236	3	7
8236	4	3
8237	1	10
8237	2	9
8237	3	9
8237	4	8
8237	5	9
8237	6	6
8237	7	6
8237	8	10
8239	1	1
8248	1	8
8248	2	10
8250	1	10
8250	2	4
8251	1	8
8251	2	8
8251	3	10
8251	4	8
8251	5	3
8254	1	1
8254	2	4
8254	3	10
8254	4	10
8254	5	10
8254	6	1
8254	7	3
8254	8	7
8254	9	7
8254	10	7
8254	11	7
8254	12	7
8255	1	8
8255	2	4
8255	3	8
8255	4	8
8255	5	7
8255	6	3
8255	7	7
8255	8	7
8255	9	7
8255	10	7
8257	1	8
8257	2	10
8257	3	6
8257	4	9
8257	5	4
8258	1	2
8258	2	10
8258	3	7
8258	4	7
8258	5	7
8258	6	3
8258	7	7
8259	1	6
8259	2	1
8259	3	8
8259	4	7
8259	5	3
8259	6	3
8259	7	10
8259	8	7
8259	9	4
8260	1	4
8260	2	4
8260	3	3
8260	4	1
8260	5	7
8260	6	10
8261	1	4
8261	2	2
8261	3	2
8261	4	7
8261	5	7
8261	6	10
8261	7	3
8264	1	8
8264	2	3
8264	3	3
8264	4	7
8267	1	4
8267	2	4
8267	3	10
8267	4	3
8267	5	2
8267	6	2
8267	7	6
8267	8	7
8267	9	7
8267	10	7
8267	11	7
8267	12	7
8267	13	7
8267	14	7
8267	15	7
8269	1	10
8269	2	1
8269	3	7
8269	4	1
8269	5	3
8269	6	3
8269	7	7
8269	8	4
8269	9	1
8269	10	7
8269	11	7
8273	1	1
8273	2	1
8273	3	3
8273	4	1
8273	5	10
8274	1	7
8274	2	2
8274	3	2
8274	4	6
8274	5	3
8275	1	1
8275	2	1
8275	3	7
8275	4	7
8276	1	3
8276	2	2
8276	3	3
8276	4	3
8276	5	3
8276	6	7
8276	7	7
8276	8	7
8276	9	7
8276	10	8
8277	1	7
8277	2	2
8277	3	7
8277	4	7
8277	5	4
8277	6	3
8279	1	8
8279	2	3
8279	3	4
8279	4	10
8279	5	10
8279	6	8
8281	1	1
8281	2	4
8281	3	4
8281	4	10
8281	5	10
8281	6	3
8281	7	3
8281	8	7
8281	9	7
8281	10	7
8285	1	9
8285	2	8
8285	3	8
8285	4	8
8285	5	4
8285	6	3
8285	7	3
8285	8	8
8285	9	8
8285	10	7
8285	11	8
8286	1	4
8286	2	4
8286	3	8
8286	4	8
8286	5	3
8286	6	8
8286	7	7
8286	8	10
8286	9	10
8286	10	7
8286	11	8
8286	12	7
8286	13	7
8286	14	7
8286	15	7
8286	16	7
8287	1	9
8287	2	4
8287	3	8
8287	4	8
8287	5	8
8287	6	8
8287	7	8
8287	8	8
8290	1	2
8290	2	1
8290	3	1
8290	4	4
8290	5	3
8290	6	3
8290	7	7
8290	8	7
8290	9	7
8290	10	7
8290	11	7
8290	12	7
8290	13	7
8290	14	7
8290	15	7
8297	1	8
8297	2	8
8297	3	8
8297	4	3
8297	5	8
8297	6	4
8297	7	4
8297	8	7
8297	9	7
8297	10	7
8298	1	8
8298	2	3
8298	3	3
8298	4	3
8298	5	3
8298	6	4
8298	7	8
8298	8	8
8298	9	8
8298	10	8
8298	11	8
8298	12	8
8298	13	8
8298	14	8
8298	15	8
8298	16	8
8298	17	8
8298	18	8
8302	1	8
8302	2	10
8302	3	7
8302	4	7
8302	5	4
8302	6	8
8302	7	3
8304	1	1
8304	2	1
8304	3	1
8304	4	1
8304	5	6
8304	6	7
8304	7	7
8304	8	7
8304	9	7
8304	10	7
8304	11	7
8304	12	7
8304	13	7
8304	14	7
8304	15	7
8304	16	3
8304	17	7
8305	1	1
8305	2	1
8305	3	1
8305	4	1
8305	5	10
8305	6	4
8305	7	4
8305	8	4
8305	9	7
8305	10	7
8306	1	3
8306	2	3
8306	3	1
8306	4	1
8306	5	1
8306	6	1
8306	7	10
8306	8	7
8306	9	7
8306	10	7
8307	1	1
8307	2	1
8307	3	7
8307	4	10
8307	5	10
8310	1	8
8310	2	10
8310	3	7
8310	4	4
8310	5	8
8310	6	3
8311	1	8
8311	2	7
8311	3	7
8311	4	7
8311	5	7
8311	6	7
8311	7	7
8311	8	4
8311	9	3
8311	10	3
8316	1	8
8316	2	4
8316	3	3
8316	4	7
8316	5	7
8316	6	7
8316	7	7
8317	1	5
8317	2	2
8317	3	10
8317	4	10
8317	5	4
8318	1	9
8318	2	7
8318	3	3
8318	4	8
8319	1	10
8319	2	7
8319	3	4
8319	4	7
8319	5	8
8320	1	8
8320	2	7
8320	3	7
8320	4	4
8320	5	3
8320	6	3
8320	7	7
8321	1	8
8321	2	8
8321	3	10
8321	4	7
8322	1	8
8322	2	10
8322	3	10
8323	1	3
8323	2	8
8323	3	8
8323	4	7
8323	5	8
8323	6	7
8323	7	4
8325	1	6
8325	2	8
8325	3	10
8325	4	9
8325	5	10
8325	6	7
8325	7	7
8327	1	9
8327	2	9
8327	3	7
8328	1	8
8328	2	9
8328	3	8
8328	4	3
8328	5	7
8328	6	4
8328	7	4
8328	8	7
8333	1	8
8333	2	7
8333	3	10
8334	1	9
8334	2	7
8336	1	10
8336	2	10
8336	3	7
8337	1	9
8337	2	4
8337	3	7
8340	1	10
8340	2	7
8340	3	8
8341	1	7
8341	2	8
8341	3	8
8341	4	3
8342	1	8
8342	2	4
8342	3	3
8342	4	7
8343	1	8
8343	2	7
8343	3	7
8343	4	8
8343	5	3
8343	6	4
8345	1	10
8345	2	9
8345	3	9
8345	4	7
8345	5	7
8348	1	10
8348	2	10
8348	3	3
8348	4	7
8349	1	3
8349	2	10
8349	3	10
8349	4	10
8350	1	7
8350	2	4
8350	3	3
8350	4	3
8350	5	9
8353	1	8
8353	2	8
8353	3	9
8353	4	7
8353	5	3
8353	6	7
8357	1	8
8357	2	1
8357	3	2
8357	4	2
8357	5	4
8357	6	3
8357	7	6
8357	8	6
8357	9	7
8357	10	7
8357	11	7
8358	1	3
8358	2	9
8358	3	10
8358	4	10
8358	5	3
8360	1	8
8360	2	8
8360	3	7
8360	4	7
8360	5	3
8362	1	10
8362	2	8
8362	3	4
8364	1	9
8364	2	8
8364	3	7
8364	4	7
8364	5	7
8364	6	7
8364	7	7
8364	8	7
8364	9	7
8364	10	7
8365	1	9
8365	2	8
8365	3	8
8365	4	3
8365	5	7
8365	6	7
8365	7	7
8365	8	7
8365	9	7
8365	10	7
8365	11	7
8365	12	7
8365	13	7
8365	14	7
8365	15	7
8365	16	7
8365	17	7
8366	1	8
8366	2	8
8366	3	8
8366	4	4
8366	5	3
8366	6	7
8366	7	7
8366	8	7
8366	9	7
8366	10	7
8366	11	7
8366	12	7
8366	13	7
8366	14	7
8366	15	7
8367	1	10
8367	2	7
8367	3	8
8367	4	7
8367	5	7
8367	6	7
8367	7	7
8367	8	7
8367	9	7
8367	10	7
8368	1	7
8368	2	8
8368	3	7
8368	4	7
8368	5	7
8368	6	7
8368	7	7
8368	8	8
8368	9	7
8368	10	7
8368	11	7
8369	1	10
8369	2	9
8369	3	8
8369	4	8
8369	5	7
8369	6	7
8369	7	7
8369	8	7
8369	9	7
8369	10	7
8370	1	8
8370	2	8
8370	3	8
8370	4	4
8370	5	4
8370	6	3
8370	7	3
8370	8	8
8370	9	7
8370	10	7
8371	1	4
8371	2	8
8371	3	3
8371	4	3
8371	5	3
8371	6	7
8371	7	7
8371	8	7
8371	9	7
8371	10	7
8371	11	7
8371	12	7
8371	13	7
8371	14	7
8371	15	7
8371	16	7
8371	17	7
8371	18	7
8372	1	9
8372	2	8
8372	3	10
8372	4	10
8372	5	10
8372	6	4
8372	7	3
8372	8	7
8372	9	10
8372	10	10
8373	1	3
8373	2	3
8373	3	3
8373	4	8
8373	5	4
8373	6	7
8373	7	7
8373	8	7
8373	9	7
8373	10	7
8373	11	8
8373	12	8
8373	13	8
8373	14	8
8373	15	8
8373	16	8
8373	17	8
8374	1	9
8374	2	4
8374	3	3
8374	4	10
8375	1	10
8375	2	10
8375	3	10
8375	4	7
8376	1	3
8376	2	3
8376	3	8
8376	4	4
8376	5	8
8376	6	4
8376	7	7
8376	8	7
8376	9	7
8376	10	10
8377	1	8
8377	2	8
8377	3	8
8377	4	7
8377	5	7
8377	6	7
8377	7	8
8378	1	10
8378	2	1
8378	3	1
8378	4	1
8378	5	7
8378	6	7
8378	7	7
8378	8	7
8378	9	7
8378	10	7
8379	1	8
8379	2	8
8379	3	10
8379	4	10
8379	5	3
8379	6	7
8380	1	3
8380	2	7
8380	3	7
8380	4	10
8380	5	7
8381	1	8
8381	2	8
8381	3	8
8381	4	3
8381	5	4
8381	6	7
8381	7	7
8382	1	8
8382	2	4
8382	3	3
8382	4	10
8382	5	10
8382	6	7
8382	7	7
8383	1	1
8383	2	3
8383	3	4
8383	4	1
8383	5	6
8383	6	7
8383	7	3
8383	8	7
8384	1	1
8384	2	10
8384	3	10
8384	4	10
8384	5	7
8384	6	7
8384	7	7
8385	1	1
8385	2	10
8385	3	10
8385	4	7
8385	5	7
8385	6	8
8385	7	10
8385	8	10
8385	9	10
8386	1	4
8386	2	3
8386	3	1
8386	4	10
8386	5	7
8386	6	7
8386	7	7
8386	8	7
8386	9	7
8386	10	7
8387	1	4
8387	2	7
8387	3	7
8387	4	7
8387	5	7
8387	6	8
8387	7	3
8387	8	3
8388	1	7
8388	2	8
8388	3	8
8388	4	3
8389	1	8
8389	2	8
8389	3	7
8389	4	7
8389	5	4
8389	6	3
8390	1	8
8390	2	3
8390	3	10
8390	4	7
8391	1	10
8391	2	7
8391	3	3
8391	4	8
8391	5	4
8392	1	10
8392	2	10
8392	3	10
8392	4	8
8392	5	4
8392	6	3
8392	7	3
8393	1	8
8393	2	10
8393	3	7
8393	4	7
8393	5	3
8393	6	3
8393	7	4
8394	1	4
8394	2	10
8394	3	1
8394	4	7
8394	5	7
8394	6	7
8394	7	4
8394	8	7
8394	9	7
8394	10	7
8394	11	7
8394	12	7
8394	13	7
8394	14	7
8394	15	7
8395	1	4
8395	2	3
8395	3	3
8395	4	3
8395	5	1
8395	6	7
8395	7	7
8395	8	7
8395	9	7
8396	1	3
8396	2	3
8396	3	1
8396	4	1
8396	5	7
8396	6	7
8396	7	7
8397	1	1
8397	2	10
8397	3	7
8397	4	10
8397	5	10
8398	1	1
8398	2	4
8398	3	1
8398	4	1
8398	5	1
8398	6	7
8398	7	7
8398	8	7
8398	9	7
8398	10	7
8399	1	8
8399	2	7
8399	3	3
8399	4	3
8399	5	3
8399	6	4
8399	7	8
8402	1	9
8402	2	3
8402	3	3
8402	4	10
8402	5	7
8402	6	7
8402	7	7
8402	8	7
8403	1	8
8403	2	10
8403	3	10
8404	1	8
8404	2	9
8404	3	6
8404	4	4
8404	5	3
8405	1	7
8405	2	8
8405	3	9
8405	4	8
8405	5	7
8406	1	9
8406	2	8
8406	3	7
8406	4	7
8407	1	9
8407	2	7
8408	1	8
8408	2	7
8408	3	8
8408	4	8
8408	5	7
8408	6	8
8408	7	8
8408	8	8
8409	1	4
8409	2	8
8409	3	8
8409	4	7
8409	5	3
8409	6	9
8410	1	3
8410	2	4
8410	3	4
8410	4	7
8410	5	7
8410	6	7
8410	7	8
8411	1	10
8411	2	6
8411	3	10
8411	4	7
8411	5	7
8412	1	8
8412	2	7
8412	3	7
8412	4	7
8412	5	7
8412	6	3
8412	7	8
8412	8	4
8413	1	7
8413	2	6
8413	3	9
8413	4	10
8414	1	8
8414	2	8
8414	3	7
8414	4	7
8414	5	7
8415	1	7
8415	2	9
8415	3	9
8415	4	3
8416	1	10
8416	2	9
8417	1	4
8417	2	7
8417	3	8
8417	4	7
8417	5	3
8417	6	7
8418	1	9
8418	2	9
8418	3	7
8418	4	3
8419	1	8
8419	2	10
8419	3	7
8419	4	3
8420	1	8
8420	2	10
8420	3	7
8420	4	4
8420	5	3
8421	1	8
8421	2	7
8422	1	1
8422	2	9
8422	3	7
8422	4	3
8422	5	9
8423	1	10
8423	2	7
8424	1	8
8424	2	3
8424	3	7
8424	4	7
8425	1	8
8425	2	10
8425	3	9
8425	4	9
8426	1	4
8426	2	2
8426	3	7
8426	4	7
8426	5	3
8427	1	7
8427	2	4
8427	3	3
8427	4	9
8428	1	9
8428	2	1
8428	3	7
8429	1	8
8429	2	6
8429	3	10
8430	1	8
8430	2	8
8431	1	8
8431	2	8
8431	3	10
8431	4	8
8432	1	8
8432	2	8
8432	3	4
8432	4	3
8432	5	7
8432	6	7
8433	1	7
8433	2	3
8433	3	3
8433	4	10
8434	1	8
8434	2	7
8434	3	4
8434	4	8
8434	5	3
8435	1	8
8435	2	8
8435	3	8
8435	4	7
8435	5	3
8435	6	3
8436	1	4
8436	2	7
8436	3	3
8436	4	3
8436	5	8
8436	6	7
8437	1	8
8437	2	7
8437	3	7
8437	4	7
8437	5	7
8437	6	7
8437	7	7
8437	8	8
8437	9	4
8437	10	8
8437	11	3
8438	1	8
8438	2	8
8438	3	8
8438	4	3
8438	5	7
8439	1	8
8439	2	7
8439	3	7
8439	4	7
8439	5	7
8439	6	7
8439	7	7
8439	8	7
8440	1	1
8440	2	1
8440	3	1
8440	4	10
8440	5	1
8440	6	7
8440	7	3
8440	8	3
8440	9	7
8441	1	1
8441	2	4
8441	3	3
8441	4	3
8441	5	7
8441	6	10
8442	1	4
8442	2	1
8442	3	3
8442	4	3
8442	5	7
8442	6	7
8442	7	7
8442	8	7
8442	9	7
8443	1	1
8443	2	4
8443	3	3
8443	4	3
8443	5	2
8443	6	7
8443	7	7
8443	8	7
8443	9	7
8443	10	7
8443	11	7
8443	12	7
8443	13	7
8443	14	7
8443	15	7
8444	1	1
8444	2	1
8444	3	10
8444	4	7
8444	5	4
8444	6	10
8444	7	10
8444	8	7
8444	9	7
8444	10	7
8445	1	4
8445	2	1
8445	3	1
8445	4	7
8445	5	7
8445	6	7
8445	7	7
8445	8	7
8445	9	7
8445	10	7
8445	11	7
8447	1	1
8447	2	10
8447	3	1
8447	4	4
8447	5	3
8447	6	3
8447	7	1
8447	8	7
8447	9	7
8447	10	7
8447	11	7
8448	1	3
8448	2	8
8448	3	8
8448	4	7
8448	5	7
8448	6	7
8448	7	7
8448	8	7
8448	9	7
8449	1	8
8449	2	3
8449	3	8
8449	4	4
8449	5	10
8449	6	7
8449	7	7
8449	8	7
8449	9	7
8449	10	7
8449	11	7
8449	12	7
8449	13	7
8501	1	8
8501	2	8
8501	3	10
8501	4	10
8501	5	4
8501	6	8
8501	7	8
8502	1	8
8502	2	8
8502	3	8
8502	4	8
8502	5	10
8502	6	4
8502	7	8
8502	8	3
8502	9	8
8502	10	10
8502	11	10
8502	12	10
8502	13	7
8502	14	7
8503	1	8
8503	2	8
8503	3	3
8503	4	7
8504	1	8
8504	2	8
8504	3	4
8504	4	4
8504	5	3
8504	6	8
8504	7	7
8504	8	7
8504	9	7
8504	10	7
8504	11	7
8504	12	7
8504	13	7
8504	14	7
8505	1	8
8505	2	3
8505	3	3
8505	4	10
8506	1	4
8506	2	8
8506	3	3
8506	4	8
8506	5	8
8506	6	7
8507	1	3
8507	2	4
8507	3	9
8507	4	7
8507	5	7
8508	1	8
8508	2	3
8508	3	7
8509	1	8
8509	2	8
8509	3	8
8509	4	8
8509	5	8
8510	1	4
8510	2	8
8510	3	8
8510	4	7
8510	5	10
8511	1	3
8511	2	8
8511	3	4
8511	4	7
8512	1	10
8512	2	10
8512	3	3
8513	1	9
8513	2	8
8513	3	3
8513	4	3
8513	5	7
8514	1	9
8514	2	8
8514	3	10
8514	4	10
8514	5	4
8514	6	3
8515	1	9
8515	2	10
8515	3	10
8515	4	4
8515	5	3
8516	1	9
8516	2	4
8516	3	9
8516	4	8
8516	5	3
8516	6	8
8516	7	3
8516	8	10
8516	9	7
8517	1	10
8517	2	10
8517	3	3
8517	4	3
8518	1	8
8518	2	8
8518	3	7
8518	4	7
8518	5	7
8518	6	7
8518	7	8
8519	1	9
8519	2	9
8519	3	3
8519	4	3
8519	5	6
8519	6	7
8520	1	10
8520	2	7
8520	3	10
8520	4	3
8521	1	10
8521	2	8
8521	3	3
8521	4	7
8521	5	7
8521	6	7
8522	1	8
8522	2	8
8522	3	3
8523	1	10
8523	2	10
8523	3	10
8523	4	7
8523	5	7
8523	6	3
8523	7	8
8523	8	7
8523	9	7
8601	1	7
8601	2	8
8601	3	10
8601	4	8
8601	5	3
8602	1	3
8602	2	7
8602	3	8
8603	1	10
8603	2	9
8603	3	9
8603	4	3
8603	5	3
8603	6	4
8603	7	7
8604	1	8
8604	2	8
8604	3	3
8604	4	3
8604	5	4
8604	6	7
8604	7	7
8604	8	7
8604	9	7
8605	1	4
8605	2	8
8605	3	8
8605	4	7
8605	5	10
8605	6	8
8606	1	4
8606	2	8
8606	3	10
8606	4	7
8607	1	8
8607	2	7
8607	3	8
8607	4	10
8607	5	4
8607	6	10
8607	7	3
8607	8	8
8607	9	10
8607	10	10
8608	1	4
8608	2	10
8608	3	10
8608	4	7
8608	5	7
8608	6	7
8608	7	3
8608	8	7
8608	9	7
8609	1	8
8609	2	9
8609	3	10
8609	4	10
8609	5	3
8610	1	3
8610	2	10
8611	1	9
8611	2	9
8611	3	7
8611	4	3
8611	5	3
8612	1	7
8612	2	3
8612	3	4
8612	4	10
8612	5	7
8613	1	8
8613	2	8
8613	3	7
8613	4	8
8613	5	7
8613	6	3
8614	1	8
8614	2	7
8614	3	10
8614	4	4
8615	1	4
8615	2	3
8615	3	7
8615	4	7
8615	5	8
8616	1	4
8616	2	6
8616	3	8
8616	4	7
8616	5	7
8617	1	10
8617	2	3
8617	3	7
8618	1	8
8618	2	10
8618	3	10
8618	4	6
8618	5	7
8618	6	10
8618	7	10
8619	1	7
8619	2	10
8619	3	9
8619	4	8
8619	5	4
8620	1	9
8620	2	7
8620	3	10
8620	4	3
8620	5	4
8620	6	7
8620	7	8
8620	8	9
8620	9	3
8621	1	10
8621	2	9
8621	3	4
8621	4	7
8621	5	3
8621	6	8
8621	7	7
8621	8	8
8622	1	9
8622	2	8
8622	3	4
8622	4	3
8622	5	3
8622	6	7
8622	7	7
8622	8	7
8622	9	7
8623	1	4
8623	2	9
8623	3	3
8623	4	7
8624	1	9
8624	2	3
8624	3	4
8624	4	7
8624	5	10
8624	6	10
8625	1	7
8625	2	7
8625	3	10
8625	4	3
8625	5	4
8625	6	4
8625	7	8
8625	8	8
8626	1	8
8626	2	4
8626	3	3
8626	4	3
8626	5	10
8626	6	7
8626	7	7
8626	8	7
8626	9	7
8627	1	9
8627	2	3
8627	3	8
8627	4	7
8627	5	7
8628	1	8
8628	2	8
8628	3	7
8628	4	4
8628	5	8
8628	6	3
8628	7	4
8628	8	10
8628	9	10
8628	10	7
8629	1	8
8629	2	3
8629	3	8
8629	4	8
8629	5	10
8629	6	8
8629	7	4
8629	8	9
8629	9	8
8629	10	7
8630	1	8
8630	2	7
8630	3	7
8630	4	7
8630	5	7
8630	6	4
8630	7	3
8630	8	3
8630	9	3
8631	1	1
8631	2	1
8631	3	3
8631	4	10
8631	5	4
8632	1	2
8632	2	4
8632	3	3
8632	4	3
8632	5	3
8632	6	7
8632	7	7
8632	8	7
8632	9	7
8632	10	7
8633	1	1
8633	2	9
8633	3	7
8633	4	3
8633	5	4
8633	6	4
8633	7	10
8634	1	7
8634	2	10
8634	3	3
8634	4	4
8634	5	10
8635	1	1
8635	2	7
8635	3	4
8635	4	3
8635	5	3
8635	6	10
8635	7	2
8635	8	7
8636	1	9
8636	2	7
8636	3	3
8636	4	3
8636	5	4
8636	6	4
8637	1	7
8637	2	3
8637	3	3
8637	4	4
8637	5	7
8637	6	10
8637	7	7
8637	8	7
8638	1	1
8638	2	1
8638	3	6
8638	4	10
8638	5	1
8638	6	4
8638	7	10
8638	8	10
8639	1	1
8639	2	1
8639	3	7
8639	4	3
8639	5	8
8639	6	7
8639	7	7
8639	8	10
8639	9	10
8639	10	7
8640	1	4
8640	2	9
8640	3	3
8640	4	3
8640	5	7
8640	6	7
8640	7	4
8640	8	7
8641	1	3
8641	2	2
8641	3	10
8641	4	7
8641	5	7
8641	6	4
8641	7	3
8641	8	7
8642	1	8
8642	2	8
8642	3	3
8642	4	8
8642	5	4
8642	6	7
8642	7	7
8642	8	8
8642	9	7
8642	10	7
8643	1	3
8643	2	8
8643	3	10
8643	4	7
8643	5	10
8643	6	3
