CHILDCODE	NREGIDR5	MEMREGR5	NEG1DYR5	NEG1WGR5	NEG2DYR5	NEG2WGR5
10051	1	1	45	3600	0	 
10051	2	2	45	3600	0	 
10097	1	4	20	1600	30	2400
20001	1	2	104	14560	26	3380
20003	1	1	30	3900	20	2600
20003	2	2	15	1950	10	1300
20004	1	1	8	720	0	 
20004	2	2	8	720	2	180
20005	1	1	30	3720	0	 
20005	2	2	30	3720	0	 
20006	1	2	30	2400	20	2000
20006	2	1	30	2400	14	1400
20007	1	1	20	2000	10	1000
20007	2	2	30	3000	0	 
20007	3	3	30	3000	0	 
20009	1	2	20	1400	10	700
20009	2	3	10	700	10	700
20010	1	3	10	1000	0	 
20010	2	2	10	1000	0	 
20011	1	2	40	2800	0	 
20014	1	2	5	400	0	 
20014	2	1	5	400	0	 
20014	3	5	5	400	0	 
20015	1	3	20	2000	10	1000
20015	2	4	20	2000	10	1000
20016	1	3	30	2700	0	 
20016	2	4	30	2700	0	 
20017	1	2	30	2100	30	2100
20017	2	3	15	1050	15	1050
20018	1	2	7	700	0	 
20018	2	3	10	1000	0	 
20019	1	1	6	420	0	 
20019	2	2	30	2100	20	1400
20021	1	2	55	3900	0	 
20022	1	4	20	1600	15	700
20025	1	2	20	1400	20	1400
20025	2	1	30	2100	20	1400
20027	1	2	30	2100	21	1470
20028	1	4	30	2100	40	2800
20031	1	2	40	2800	20	1400
20031	2	3	30	2100	10	700
20032	1	2	20	1600	0	 
20035	1	1	8	800	0	 
20035	2	2	25	1600	0	 
20040	1	1	60	4500	0	 
20040	2	2	30	2250	0	 
20041	1	1	25	3000	0	 
20041	2	2	15	1800	5	550
20042	1	1	12	900	0	 
20042	2	2	28	2100	0	 
20044	1	1	50	4500	0	 
20044	2	2	35	3150	0	 
20044	3	3	20	1800	0	 
20044	4	5	20	1800	0	 
20045	1	1	10	800	10	900
20045	2	2	20	1500	10	800
20046	1	1	43	4300	3	245
20046	2	2	35	2100	5	250
20049	1	2	24	1500	14	1000
20050	1	1	30	2100	10	70
20050	2	2	20	1400	15	1200
20051	1	2	14	980	0	 
20051	2	3	20	1400	10	700
20052	1	2	30	3000	15	1500
20053	1	1	0	 	14	1400
20053	2	2	6	550	46	4650
20054	1	2	50	6000	0	 
20054	2	1	50	6000	20	2300
20056	1	2	21	2520	14	1680
20057	1	 	 	 	 	 
20059	1	1	30	2500	0	 
20059	2	2	15	1000	0	 
20062	1	1	21	1470	0	 
20062	2	2	28	1960	2	140
20063	1	1	20	1600	0	 
20063	2	2	10	800	0	 
20064	1	3	15	1050	10	600
20064	2	2	15	900	0	 
20066	1	2	14	1400	0	 
20068	1	2	2	1680	25	1750
20069	1	2	15	2250	8	960
20070	1	2	20	1600	15	1200
20070	3	3	20	1600	20	1600
20071	1	2	21	1491	0	 
20074	1	1	60	7200	0	 
20074	2	2	0	 	0	 
20074	3	4	5	600	0	 
20075	1	3	5	600	0	 
20076	1	2	7	700	0	 
20076	2	3	7	630	0	 
20078	1	1	45	1480	0	 
20078	2	2	22	950	0	 
20079	1	3	35	3150	10	900
20079	2	2	40	3600	20	1800
20080	1	3	40	3600	0	 
20081	1	2	30	3800	0	 
20081	2	1	30	3700	0	 
20082	1	2	21	1470	14	980
20082	2	3	28	1652	14	826
20083	1	2	8	1100	0	 
20083	2	1	7	900	0	 
20084	1	1	15	1050	10	700
20084	2	2	20	1400	0	 
20085	2	2	10	930	0	 
20086	1	1	5	600	0	 
20087	1	1	50	5000	0	 
20087	2	2	30	3000	0	 
20088	1	1	50	5500	30	3600
20088	2	2	50	5500	0	 
20089	1	2	50	4417	0	 
20089	2	5	45	3748	0	 
20090	1	1	12	1500	6	700
20092	1	9	20	2400	5	600
20092	2	8	30	3600	10	1200
20093	1	2	35	3000	8	800
20095	1	1	10	800	6	480
20095	2	2	10	800	0	 
20097	1	4	10	800	10	800
20097	2	3	20	1600	5	400
40001	1	4	56	6664	0	 
40001	2	3	50	5950	0	 
40002	1	2	30	3300	10	1100
40002	2	3	30	3300	10	1100
40004	1	3	60	3900	10	650
40004	2	2	50	3250	15	975
40005	1	3	30	2700	0	 
40005	2	4	40	3600	0	 
40005	3	2	30	2700	0	 
40006	1	2	36	3240	0	 
40006	2	3	20	1800	0	 
40007	1	2	50	3300	0	 
40007	2	1	50	3400	0	 
40008	1	2	50	2900	0	 
40008	2	1	50	3100	0	 
40009	1	1	40	3600	0	 
40009	2	2	25	2250	0	 
40010	1	3	56	5040	0	 
40010	2	4	23	2070	0	 
40011	1	3	46	4140	0	 
40011	2	4	23	2070	0	 
40012	1	2	34	2720	21	1680
40012	3	3	45	3825	12	700
40012	4	5	30	2550	6	580
40013	1	1	45	4500	0	 
40013	2	2	47	4700	0	 
40014	1	2	50	4500	20	1200
40014	2	3	49	4655	24	1800
40015	1	3	20	1400	20	1400
40015	2	2	10	700	10	700
40016	1	4	50	2750	20	1160
40016	2	5	45	2700	18	1440
40017	1	2	45	3375	0	 
40017	2	1	45	3375	0	 
40018	1	1	0	 	42	3600
40018	2	2	0	 	40	3500
40018	3	5	0	 	18	1500
40019	1	2	30	2100	0	 
40020	1	2	40	3200	60	4200
40021	1	1	12	1080	0	 
40021	2	2	5	450	0	 
40021	3	3	12	1080	0	 
40022	1	2	30	2500	0	 
40022	2	1	24	2000	0	 
40022	3	4	18	1500	0	 
40022	4	5	12	1000	0	 
40023	1	1	25	2000	16	1500
40023	2	2	25	2200	10	900
40023	3	3	20	1600	10	1000
40024	1	2	5	350	0	 
40024	2	3	18	1260	0	 
40024	3	4	20	1400	0	 
40025	1	1	28	3080	12	1440
40025	2	2	28	3080	12	1440
40028	1	3	30	1530	10	500
40028	2	4	30	1530	10	500
40029	1	1	35	2275	25	1500
40029	2	2	20	1200	20	1000
40029	3	5	35	1925	10	600
40030	1	2	60	6500	0	 
40031	1	4	18	1440	0	 
40031	2	5	15	1200	0	 
40031	3	2	10	800	0	 
40031	4	6	20	1600	0	 
40032	1	3	50	4250	25	2500
40032	2	4	48	2400	10	500
40034	1	2	24	2400	10	900
40034	2	1	18	2000	7	700
40036	1	2	28	1960	14	980
40036	2	1	28	1960	10	700
40037	1	2	32	3520	10	1100
40037	2	3	20	2000	10	1100
40038	1	2	14	1000	0	 
40038	2	1	14	1000	0	 
40039	1	3	20	2000	0	 
40039	2	4	18	1800	0	 
40041	1	1	50	5000	30	2800
40041	5	2	45	4000	10	850
40042	1	3	50	4400	0	 
40042	2	2	50	4500	0	 
40043	1	3	30	2100	10	700
40043	2	2	30	2100	0	 
40043	3	1	30	2100	0	 
40045	1	1	25	2000	0	 
40045	2	2	18	1440	0	 
40046	1	2	20	1200	0	 
40046	2	3	20	1200	0	 
40046	3	4	17	1100	0	 
40047	1	2	30	2100	20	1400
40047	2	1	30	2100	20	1400
40048	1	1	11	990	0	 
40048	2	3	18	1620	0	 
40049	1	2	30	2100	0	 
40049	2	3	30	2100	0	 
40050	1	1	50	4000	0	 
40050	2	2	30	2400	0	 
40051	1	3	60	5400	0	 
40051	2	4	30	2700	0	 
40052	1	1	30	2100	0	 
40052	2	2	30	2100	0	 
40053	1	3	50	5000	26	2600
40053	2	2	34	3400	10	500
40054	1	2	60	4800	20	1600
40055	1	1	20	1400	0	 
40055	2	2	20	1400	0	 
40056	1	3	32	2560	0	 
40056	2	4	23	1840	0	 
40064	1	1	40	4700	0	 
40069	1	4	75	9600	0	 
40073	1	2	50	4000	0	 
40075	1	3	36	3600	30	3200
40075	2	4	50	4500	10	1000
40082	1	4	40	3680	0	 
40082	2	3	30	2700	0	 
40084	1	2	60	8200	0	 
40087	1	1	40	4800	0	 
40087	2	2	20	2600	0	 
40088	1	2	40	3200	0	 
40088	2	1	30	2700	0	 
40088	3	3	30	2700	0	 
40089	1	8	60	6000	0	 
40090	1	1	50	4500	0	 
40090	2	7	20	1800	0	 
40091	1	2	24	2160	0	 
40091	2	3	36	3240	0	 
40092	1	1	26	2340	0	 
40092	2	2	30	2700	0	 
40093	1	2	74	10200	0	 
40093	2	1	26	3400	0	 
40094	1	2	34	3060	0	 
40094	2	3	11	990	0	 
40095	1	3	34	3060	0	 
40095	2	4	42	3780	0	 
40097	1	3	28	2800	0	 
40097	2	1	20	2000	0	 
40098	1	4	40	5100	0	 
40098	2	3	30	3700	0	 
40098	3	5	30	3800	0	 
40099	1	1	30	2700	0	 
40099	2	2	45	4050	0	 
40100	1	4	18	1620	0	 
40100	2	5	24	2160	0	 
50003	1	1	20	1800	0	 
50003	2	2	20	1850	0	 
50004	1	4	24	1600	0	 
50004	2	7	24	1560	0	 
50005	1	1	20	1800	0	 
50005	2	2	19	2100	0	 
50005	3	3	30	2700	0	 
50005	4	6	10	1200	0	 
50006	1	1	30	3000	0	 
50006	2	2	28	2800	0	 
50007	1	2	15	950	0	 
50008	1	3	30	3000	15	1500
50008	2	4	30	3000	15	1500
50009	1	1	30	3000	0	 
50009	2	2	30	3000	0	 
50010	1	3	28	2400	0	 
50010	2	4	20	2000	0	 
50010	3	5	20	2000	0	 
50010	4	6	20	2000	0	 
50011	1	3	28	2400	0	 
50011	2	4	28	3000	0	 
50013	1	1	28	2500	0	 
50013	2	2	28	3000	0	 
50014	1	3	60	6000	0	 
50016	1	2	28	1623	14	774
50016	2	1	25	2170	0	 
50018	1	14	16	1438	8	763
50018	2	2	17	1521	5	476
50019	1	1	60	6500	0	 
50020	1	6	30	2600	0	 
50021	1	2	42	4224	35	2557
50022	1	1	30	3000	0	 
50022	2	2	30	3000	0	 
50023	1	1	35	2500	0	 
50023	2	2	35	2500	0	 
50024	1	3	30	2500	0	 
50027	1	2	18	1925	0	 
50027	2	3	12	1405	0	 
50028	1	2	28	2000	0	 
50028	2	3	24	2000	0	 
50030	1	6	24	3000	0	 
50031	1	1	30	3000	0	 
50031	2	2	30	3000	0	 
50032	1	2	0	 	24	1466
50032	2	4	0	 	12	999
50033	1	2	30	3000	30	3000
50033	2	3	30	3000	30	3000
50034	1	2	15	1635	0	 
50035	1	2	33	3766	0	 
50035	2	3	33	3826	0	 
50036	1	0	30	2560	0	 
50036	2	1	30	2800	0	 
50037	1	4	50	4300	20	1800
50038	1	2	0	 	12	1347
50039	1	3	18	1984	14	1530
50040	1	2	20	1050	0	 
50042	1	1	30	3000	0	 
50043	2	4	35	2900	0	 
50044	1	4	20	1860	21	2245
50046	1	2	24	3125	0	 
50046	2	3	30	4136	0	 
50047	1	4	30	2100	0	 
50047	2	3	30	2100	0	 
50048	1	3	30	1800	0	 
50048	2	2	30	1800	0	 
50049	1	1	24	2000	0	 
50049	2	2	24	1800	0	 
50050	1	1	15	1200	0	 
50050	2	2	20	1600	0	 
50051	1	6	30	1800	0	 
50051	2	7	30	1800	0	 
50053	1	1	30	3000	0	 
50053	2	3	30	3000	0	 
50053	3	2	25	2700	0	 
50054	1	1	12	1680	0	 
50054	2	2	24	3360	0	 
50055	1	3	31	3410	0	 
50055	2	4	28	3080	0	 
50056	1	1	20	1400	0	 
50056	2	2	30	2100	0	 
50057	1	6	30	1500	0	 
50057	2	5	30	2400	0	 
50058	1	2	30	2700	0	 
50065	1	2	50	3400	62	4340
50067	1	2	20	1800	0	 
50067	2	1	10	600	0	 
50070	1	6	21	1680	14	1120
50070	2	5	7	540	0	 
50072	1	5	27	1750	0	 
50072	2	3	15	950	0	 
50073	1	3	30	2600	0	 
50073	2	2	20	1700	0	 
50075	1	3	40	3200	0	 
50075	2	4	35	2500	0	 
50077	1	2	30	2400	0	 
50079	1	6	14	1100	0	 
50079	2	5	21	1500	0	 
50081	1	2	33	3100	0	 
50081	2	1	33	3400	0	 
50082	1	3	40	3000	0	 
50082	2	4	30	2500	0	 
50083	1	4	30	2200	0	 
50083	2	5	20	1700	0	 
50084	1	2	20	1600	20	1600
50085	1	1	56	5600	25	2500
50085	2	2	34	3400	13	1300
50087	1	8	30	2400	20	1200
50089	1	3	24	1920	0	 
50089	2	4	18	1440	0	 
50093	1	3	35	2975	20	2000
50095	1	1	30	2400	0	 
50095	2	2	30	2700	0	 
50095	3	3	7	600	0	 
50098	1	3	40	3200	0	 
50098	2	4	30	2400	0	 
50099	1	4	40	3200	0	 
50099	2	3	30	2400	0	 
50100	1	11	20	1400	42	3360
50100	2	10	5	500	7	560
60001	1	 	 	 	 	 
60002	1	4	36	4680	14	1514
60004	1	2	30	3500	0	 
60004	2	3	36	4000	0	 
60005	1	2	37	4618	8	1252
60005	2	3	33	3830	11	1200
60006	1	3	42	5000	0	 
60006	2	6	42	5500	0	 
60007	1	2	24	2600	0	 
60008	1	4	21	2236	0	 
60010	1	2	27	2856	18	1978
60010	2	1	16	1745	0	 
60012	1	3	34	3546	18	1945
60014	1	2	51	6409	0	 
60015	1	2	30	3600	0	 
60015	2	1	36	4000	0	 
60016	1	3	30	1200	0	 
60016	2	6	40	3000	0	 
60018	1	1	43	5062	0	 
60018	2	2	53	6633	9	1018
60019	1	2	30	3000	0	 
60020	1	3	15	1700	0	 
60020	2	4	42	4600	0	 
60021	1	3	3	700	0	 
60023	1	1	18	2000	0	 
60023	2	4	18	2000	0	 
60024	1	1	20	1700	0	 
60024	2	2	20	1700	0	 
60025	1	8	30	1800	0	 
60026	1	9	8	1034	0	 
60026	2	8	23	2453	14	1487
60027	1	3	32	3468	23	2436
60028	1	2	28	2986	32	3759
60028	2	1	12	1432	8	1023
60029	1	4	27	2976	32	3452
60030	1	3	30	3450	0	 
60031	1	3	48	5771	0	 
60031	2	4	42	5699	0	 
60032	1	4	60	6489	0	 
60033	1	4	14	1719	0	 
60034	1	4	42	5066	0	 
60037	1	5	23	2436	18	2027
60037	2	3	28	3026	8	916
60037	3	8	26	2756	16	1764
60039	1	2	48	5106	0	 
60041	1	2	30	3500	0	 
60041	2	3	30	3000	0	 
60042	1	1	24	2200	0	 
60042	2	2	46	4500	0	 
60045	1	2	35	6000	0	 
60045	2	1	35	5500	0	 
60046	1	2	24	2200	0	 
60046	2	3	24	2200	0	 
60048	1	3	89	11817	6	731
60048	2	2	10	1326	0	 
60049	1	4	60	7956	16	1784
60051	1	5	24	2578	32	3324
60052	1	5	60	6500	30	3400
60054	1	5	30	4000	0	 
60054	2	4	14	1000	0	 
60055	1	 	 	 	 	 
60056	1	1	20	4000	0	 
60056	2	2	30	3500	0	 
60057	1	1	40	2500	0	 
60057	2	2	40	2500	0	 
60059	1	2	42	4900	0	 
60059	2	3	48	5600	0	 
60060	1	2	20	1150	0	 
60060	2	3	20	1150	0	 
60061	1	1	8	920	0	 
60061	2	2	10	1160	0	 
60063	1	5	45	5400	45	5400
60063	2	3	45	5400	45	5400
60068	1	1	30	3400	0	 
60075	1	7	30	3898	4	329
60075	2	8	30	3810	0	 
60076	1	4	72	9641	0	 
60077	1	8	25	2500	0	 
60078	1	4	35	7200	0	 
60079	1	4	42	5040	8	923
60080	1	3	52	6908	0	 
60081	1	4	10	1000	0	 
60082	1	3	50	6000	0	 
60083	1	29	30	3500	0	 
60083	2	30	30	3500	0	 
60084	1	2	50	5000	0	 
60085	1	4	50	4000	0	 
60086	1	2	30	3400	0	 
60089	1	4	15	550	0	 
60091	1	3	18	2000	0	 
60091	2	4	18	2000	0	 
60094	1	2	25	3100	0	 
60098	1	1	1989	16	0	 
60098	2	2	1127	11	0	 
60099	1	2	36	4000	0	 
60100	1	2	10	1250	0	 
60100	2	3	30	3000	0	 
60100	3	4	30	3200	0	 
70001	1	4	20	2520	30	3000
70002	1	7	23	2643	18	2140
70002	2	4	19	2218	13	1427
70003	1	5	67	7563	22	2890
70003	2	3	18	2168	0	 
70004	1	3	30	3000	60	6000
70006	1	2	15	750	0	 
70006	2	5	15	750	0	 
70007	1	2	40	3000	0	 
70007	2	4	60	6350	0	 
70010	1	2	63	7435	24	2832
70012	1	1	12	950	0	 
70013	1	3	49	6027	0	 
70014	1	3	30	3200	10	1000
70017	1	1	60	7742	0	 
70017	2	2	40	4040	0	 
70019	1	4	30	3747	0	 
70021	1	7	15	1200	0	 
70023	1	3	15	1150	0	 
70023	2	4	15	1150	0	 
70024	1	3	30	3742	0	 
70025	1	2	36	4238	26	2932
70026	1	2	43	5138	0	 
70027	1	1	48	5015	0	 
70028	1	2	20	2000	0	 
70029	1	2	15	1950	10	1300
70029	2	1	20	1950	10	1300
70030	1	1	40	4000	0	 
70030	2	2	50	4500	0	 
70031	1	1	32	3764	14	1648
70031	2	2	22	2653	18	2078
70033	1	3	20	2000	0	 
70033	2	2	30	3000	0	 
70034	1	6	40	4500	0	 
70034	2	8	20	1500	0	 
70034	3	11	45	4000	0	 
70036	1	4	36	2988	0	 
70036	2	2	24	1992	0	 
70036	3	3	21	1806	0	 
70042	1	2	40	4000	0	 
70043	1	2	48	5100	0	 
70045	1	1	30	2300	0	 
70045	2	2	30	2300	0	 
70047	1	2	30	3400	0	 
70048	1	6	36	3868	14	1654
70049	1	1	35	4500	20	3000
70049	2	2	25	3500	0	 
70050	1	1	50	5000	0	 
70050	2	2	50	5000	0	 
70051	1	3	72	9467	0	 
70051	2	4	24	2980	0	 
70052	1	3	64	7732	9	1032
70053	1	1	10	1500	0	 
70053	2	2	15	2250	0	 
70055	1	3	40	3000	60	6000
70056	1	6	45	4368	18	2328
70057	1	3	11	1700	0	 
70057	2	4	77	4500	0	 
70058	1	4	0	 	60	6000
70059	1	2	40	4000	0	 
70059	2	1	40	3000	0	 
70061	1	3	58	9576	0	 
70062	1	2	0	 	40	4000
70063	1	2	45	6000	0	 
70067	1	2	30	2700	0	 
70068	1	4	45	7000	0	 
70068	2	6	40	6000	0	 
70069	1	2	48	7000	0	 
70071	1	2	0	 	30	3000
70072	1	5	55	5643	0	 
70074	1	1	10	1360	0	 
70074	2	2	10	1360	0	 
70075	1	8	47	5170	0	 
70075	2	6	38	4180	0	 
70077	1	2	0	 	30	3000
70078	1	2	45	4835	5	598
70083	1	3	64	7146	21	1986
70085	1	4	42	4100	0	 
70086	1	5	41	3984	0	 
70087	1	3	32	3542	45	4873
70089	1	3	20	2600	0	 
70089	2	4	20	2600	0	 
70090	1	3	12	1128	0	 
70091	1	29	20	1946	34	3670
70092	1	1	35	4500	0	 
70092	2	2	30	4500	0	 
70093	1	2	30	2950	0	 
70093	2	3	24	1595	18	1707
70094	1	2	66	7380	0	 
70097	1	2	15	1430	0	 
70097	2	3	15	1364	0	 
70099	1	3	34	3250	0	 
70100	1	2	40	0	15	0
80001	1	1	50	4500	0	 
80001	2	2	50	4500	0	 
80005	1	1	40	2800	0	 
80005	2	2	50	3500	0	 
80007	1	4	50	3750	10	750
80009	1	 	 	 	 	 
80009	2	 	 	 	 	 
80009	3	 	 	 	 	 
80010	1	2	90	6300	0	 
80011	1	2	30	1500	0	 
80012	1	2	99	8415	0	 
80012	2	1	99	8415	0	 
80013	1	2	30	2700	0	 
80013	2	1	30	2700	0	 
80014	1	1	15	1510	0	 
80014	2	2	26	2203	0	 
80015	1	2	8	576	0	 
80021	1	4	15	1500	0	 
80022	1	1	4	450	0	 
80022	2	2	10	700	0	 
80023	1	1	9	701	0	 
80023	2	2	2	166	0	 
80025	1	1	25	1750	0	 
80025	2	3	25	1750	0	 
80026	1	2	35	2800	15	1500
80030	1	2	32	3924	0	 
80030	2	1	35	4235	0	 
80031	1	2	21	1500	0	 
80032	1	3	40	4000	0	 
80032	2	29	40	4000	0	 
80033	1	2	24	463	0	 
80033	2	1	2	0	0	 
80035	1	1	27	2295	0	 
80035	2	3	34	2890	0	 
80036	1	3	10	1200	0	 
80036	2	1	30	3600	0	 
80037	1	3	20	1800	0	 
80037	2	4	20	1800	0	 
80039	1	5	60	7200	0	 
80039	2	6	20	2400	0	 
80040	1	3	20	2200	0	 
80040	2	4	20	2200	0	 
80040	3	5	10	1100	0	 
80041	1	2	6	226	0	 
80041	2	3	2	226	0	 
80042	1	4	20	1600	0	 
80043	1	1	10	900	0	 
80043	2	2	30	3200	0	 
80044	1	4	32	3840	20	2000
80047	1	29	60	6000	25	2500
80048	1	2	30	3500	0	 
80052	1	3	27	2700	0	 
80052	2	4	29	2900	0	 
80053	1	4	30	3000	0	 
80054	1	5	30	3000	0	 
80054	2	4	30	3000	0	 
80055	1	3	15	1350	0	 
80056	1	2	30	3300	0	 
80056	2	1	30	3300	0	 
80057	1	3	6	540	0	 
80058	1	2	30	3000	0	 
80059	1	1	30	3000	0	 
80059	2	2	30	3000	0	 
80061	1	4	20	2000	0	 
80061	2	3	20	2000	0	 
80064	1	2	40	4500	0	 
80064	2	1	40	4500	0	 
80065	1	2	30	4500	0	 
80065	2	1	30	4500	0	 
80066	1	3	30	3150	0	 
80066	2	1	30	3150	0	 
80067	1	4	20	2200	0	 
80067	2	3	20	2200	0	 
80067	3	0	20	2200	0	 
80068	1	3	8	800	0	 
80068	2	5	9	800	0	 
80071	1	29	30	2700	0	 
80071	2	3	30	3000	0	 
80072	1	2	30	1800	0	 
80072	2	1	20	1600	0	 
80073	1	5	21	1200	0	 
80073	2	4	7	350	0	 
80075	1	1	15	1500	0	 
80075	2	2	15	1500	0	 
80076	1	2	10	800	0	 
80076	2	1	10	800	0	 
80078	1	4	10	1000	0	 
80078	2	3	10	1000	0	 
80079	1	3	25	2500	0	 
80079	2	4	25	2500	0	 
80080	1	4	35	2450	0	 
80080	2	3	35	2450	0	 
80083	1	1	50	6000	0	 
80083	2	2	50	6000	0	 
80085	1	2	20	1200	0	 
80086	1	3	20	2500	0	 
80087	1	3	14	1100	0	 
80089	1	3	75	5000	0	 
80090	1	4	70	5600	0	 
80093	1	4	20	600	0	 
80094	1	3	40	3800	0	 
80094	2	4	40	3800	0	 
80097	1	1	15	1350	10	1000
90001	3	3	21	2000	0	 
90001	4	4	21	2000	0	 
90001	5	1	21	2000	0	 
90002	1	1	15	465	0	 
90002	2	3	20	545	0	 
90008	1	7	27	3510	10	1500
90008	2	5	20	2600	10	1500
90009	1	3	10	1000	0	 
90009	2	2	10	1000	0	 
90010	1	5	25	4125	15	2100
90010	2	7	22	3630	20	2800
90011	1	1	100	10000	0	 
90011	3	2	100	20000	0	 
90011	4	3	100	10000	0	 
90013	1	3	32	19200	0	 
90013	2	3	25	15000	0	 
90014	1	1	0	 	90	18000
90014	2	2	0	 	90	13500
90015	1	3	40	2800	18	1980
90017	1	1	30	3900	20	3000
90017	2	2	30	3900	20	30000
90018	1	2	51	6630	19	2470
90019	1	4	30	4200	15	2250
90020	1	3	21	2429	0	 
90020	2	1	35	3427	0	 
90022	1	3	25	2000	10	1000
90024	1	5	30	2700	0	 
90024	2	6	12	800	0	 
90025	1	1	60	7500	0	 
90027	2	3	30	2400	0	 
90028	1	4	10	700	0	 
90028	3	3	10	700	0	 
90029	1	14	35	3000	0	 
90030	1	9	30	3600	15	1800
90030	2	1	40	4800	15	1800
90032	1	2	30	5860	0	 
90032	2	29	45	8659	0	 
90033	1	1	30	3600	20	2000
90033	2	2	30	3600	20	2000
90035	1	2	32	3136	17	1360
90036	1	1	60	6000	0	 
90036	2	2	60	6000	0	 
90037	1	4	60	4800	40	3200
90037	2	3	30	2700	0	 
90038	1	1	23	2053	0	 
90038	2	2	17	1441	4	218
90039	1	3	27	3240	0	 
90039	2	4	27	3240	0	 
90040	1	3	56	4353	0	 
90040	2	2	65	4875	0	 
90044	1	2	45	5850	55	5100
90049	1	2	35	0	0	 
90053	1	3	30	4200	20	2800
90053	2	4	25	3500	20	2800
90057	1	3	40	5600	0	 
90058	1	1	60	4800	0	 
90058	2	2	50	4500	0	 
90059	1	2	20	1600	6	450
90060	1	1	30	4500	0	 
90060	2	2	30	3000	0	 
90061	1	1	20	1400	0	 
90061	2	2	20	1350	0	 
90064	1	3	56	400	0	 
90064	2	4	56	3700	0	 
90066	1	2	16	1520	10	800
90069	1	2	30	4500	0	 
90069	2	1	30	4500	0	 
90072	1	1	35	3850	15	1500
90072	2	2	35	3850	15	1500
90074	1	2	45	4000	21	2000
90074	2	3	20	1600	15	1200
90075	1	2	14	100	0	 
90075	2	1	14	800	0	 
90076	1	2	17	1000	0	 
90080	1	1	30	3600	0	 
90080	2	2	30	3600	0	 
90081	1	2	30	2700	20	1600
90082	1	2	30	2700	0	 
90083	1	4	42	3500	0	 
90083	2	7	42	3600	0	 
90085	1	3	20	1400	10	800
90085	2	28	21	1680	0	 
90086	1	2	30	2700	0	 
90086	2	3	30	3000	0	 
90088	1	5	30	2000	0	 
90088	2	6	60	4000	0	 
90089	1	5	15	1500	0	 
90090	1	2	30	2800	0	 
90090	2	1	21	2400	0	 
90099	1	2	25	4200	25	4200
90100	1	1	20	2000	0	 
100100	1	2	80	6400	0	 
100100	2	3	80	6400	0	 
110001	1	1	50	8000	0	 
110001	2	2	50	8000	0	 
110002	1	1	12	1000	0	 
110002	2	2	12	800	0	 
110003	1	2	45	6000	5	386
110003	2	3	45	5600	5	386
110004	1	3	54	4934	34	2380
110004	2	6	58	4390	38	2462
110007	1	4	30	3600	50	6000
110007	2	5	40	4000	60	6000
110007	3	2	30	3000	40	4800
110007	4	3	20	2000	30	3000
110008	1	6	30	4431	13	1687
110011	1	1	30	3960	20	3700
110011	2	2	30	3600	20	2000
110012	1	3	19	2256	4	459
110012	2	4	23	2917	8	866
110013	1	2	42	4400	24	2600
110013	2	4	42	4400	24	2500
110013	3	5	42	4300	24	2500
110013	4	3	35	3600	20	2100
110014	1	4	48	8000	0	 
110014	2	5	48	5760	0	 
110014	3	6	48	7200	0	 
110014	4	7	48	5760	0	 
110015	1	1	24	3664	18	2111
110015	3	2	42	5082	0	 
110016	1	1	25	2586	0	 
110016	2	2	25	2438	0	 
110017	1	1	12	2000	0	 
110017	2	2	12	2214	0	 
110017	3	3	12	1995	0	 
110018	1	4	30	4901	0	 
110018	2	3	36	5576	0	 
110018	3	6	12	1350	0	 
110019	1	2	48	7920	0	 
110019	2	3	54	6893	0	 
110020	1	5	43	3800	15	1800
110020	2	6	45	4128	0	 
110021	1	2	12	1699	60	10703
110021	2	4	12	1324	54	8271
110022	1	1	38	4103	11	1365
110022	2	2	38	4103	11	1365
110023	1	5	22	1760	0	 
110023	2	6	22	1760	0	 
110024	1	4	30	3600	0	 
110024	2	5	50	6000	0	 
110025	1	3	12	2484	18	2133
110025	2	4	12	1820	18	2037
110027	1	5	21	2100	0	 
110028	1	3	45	5432	30	3458
110028	2	4	45	4964	30	3218
110029	1	2	34	4163	8	1041
110029	2	3	34	4163	8	1041
110030	1	1	13	1326	20	2328
110030	2	2	13	1326	20	2244
110031	1	3	36	5910	0	 
110031	2	4	18	2630	0	 
110033	1	1	33	6199	0	 
110033	2	2	31	5276	0	 
110034	1	1	24	4665	0	 
110034	2	2	18	3217	6	357
110034	3	3	24	3323	0	 
110036	1	1	24	1986	0	 
110036	2	2	23	1864	0	 
110037	1	2	6	650	35	3650
110037	2	3	4	320	35	3600
110037	3	4	6	5700	35	3650
110037	4	5	6	480	32	3450
110038	1	1	20	2421	6	734
110038	2	2	20	2320	6	702
110039	1	6	30	1570	8	700
110039	2	7	30	1500	8	640
110040	1	5	32	4368	6	746
110040	2	7	30	4013	6	746
110041	1	5	0	 	24	2388
110041	2	6	0	 	24	2255
110042	1	2	10	1265	0	 
110042	2	11	12	1927	9	1320
110042	3	5	6	2825	25	2825
110042	4	4	11	1265	0	 
110043	1	2	20	2400	25	3000
110043	2	3	0	 	0	 
110044	1	6	24	2738	0	 
110044	2	0	24	2280	0	 
110046	1	1	24	2617	9	876
110046	2	2	36	4016	9	853
110047	1	3	24	2082	18	1887
110047	2	4	24	2026	18	1993
110047	3	5	6	587	0	 
110048	1	4	42	2403	49	5069
110048	2	5	42	3201	49	3935
110052	1	2	18	2367	0	 
110052	2	3	18	2255	0	 
110053	1	1	32	4230	12	1684
110053	2	2	32	4230	12	1684
110056	1	3	40	5244	0	 
110056	2	4	40	4967	0	 
110057	1	1	48	6289	30	3068
110057	2	2	48	6205	30	3005
110058	1	1	42	6316	42	4269
110058	2	2	30	4543	36	3257
110059	1	3	38	4890	11	650
110061	1	2	28	4278	0	 
110061	2	1	17	2764	0	 
110063	1	1	30	3603	12	1020
110063	2	2	6	760	18	1391
110064	1	4	24	2767	36	2451
110064	2	3	24	2355	48	6643
110066	1	2	42	4800	18	1796
110066	2	3	48	5330	12	1059
110067	1	3	45	6540	15	2550
110067	2	4	42	6128	20	2550
110069	1	3	30	3958	39	4120
110070	1	4	24	2693	25	3204
110070	2	5	27	3202	29	3797
110071	1	2	18	2500	0	 
110071	2	3	18	2350	0	 
110072	1	3	30	3363	8	937
110072	2	4	24	2798	15	1215
110073	1	4	15	1950	0	 
110073	2	5	15	1500	0	 
110075	1	4	40	0	0	 
110075	2	6	40	0	0	 
110076	1	1	24	2353	12	1279
110076	2	2	24	2130	12	1292
110077	1	4	45	5400	0	 
110079	1	2	48	3680	0	 
110079	2	3	48	3450	0	 
110080	1	1	36	3680	0	 
110080	2	2	36	3540	0	 
110081	1	3	42	3978	24	1861
110082	1	1	0	 	0	 
110082	2	2	25	2868	0	 
110083	1	2	14	800	0	 
110083	2	3	14	800	0	 
110086	1	5	25	3250	0	 
110087	1	4	49	4786	30	2841
110087	2	3	43	4230	22	2177
110088	1	2	25	2700	0	 
110088	2	3	30	2950	0	 
110089	1	4	0	 	10	942
110089	2	2	19	1726	10	942
110091	1	1	5	604	6	447
110091	2	2	42	4027	6	447
110093	1	1	22	1782	34	2529
110093	2	2	15	1707	30	2391
110097	1	5	12	1500	50	7640
110097	2	8	15	1690	50	7500
110097	3	12	15	1680	45	6320
110100	1	2	0	 	25	2442
110100	2	3	0	 	31	2808
110102	1	1	48	9255	4	675
110102	2	2	46	8975	4	678
110103	1	1	6	760	6	685
110103	2	2	12	1428	6	785
110104	1	3	18	2865	0	 
110104	2	4	24	2400	0	 
120001	1	2	24	2400	0	 
120006	1	4	26	3120	0	 
120006	2	2	26	3120	0	 
120007	1	4	0	 	36	4452
120009	1	3	12	1298	27	2980
120012	1	4	0	 	42	4863
120012	2	6	0	 	45	4268
120021	1	3	0	 	42	6277
120025	1	2	50	6000	0	 
120025	2	3	50	6000	0	 
120039	1	6	18	2088	30	4105
120043	1	8	0	 	12	1665
120046	1	1	22	3532	23	3651
120046	2	2	21	3126	24	3532
120047	1	2	0	 	28	3158
120047	2	1	0	 	23	2685
120048	1	3	0	 	50	4500
120048	2	5	0	 	50	4500
120049	1	1	6	1207	24	2498
120049	2	2	6	1102	24	3230
120050	1	1	0	 	16	1864
120050	2	2	0	 	16	1743
120053	1	2	30	4500	0	 
120053	2	3	30	4500	0	 
120055	1	1	12	2303	36	4886
120055	2	2	12	2345	36	4920
120055	3	3	8	1234	36	4666
120057	1	6	65	6650	0	 
120057	2	7	55	4965	0	 
120058	1	3	18	2395	24	3672
120058	2	4	18	2347	24	3786
120059	1	2	30	7500	20	4000
120059	2	3	36	7000	20	6500
120059	3	4	12	3000	30	5500
120063	1	1	0	 	80	12000
120063	2	2	0	 	80	12000
120065	1	2	36	6370	30	5280
120066	1	3	30	2400	14	1120
120066	2	4	30	2400	14	1120
120068	1	1	0	 	30	6500
120068	2	2	0	 	30	6600
120072	2	2	14	1517	14	2180
120074	1	3	0	 	24	4611
120074	2	4	0	 	24	4569
120075	1	3	38	4867	28	3052
120075	2	4	38	4028	38	4578
120076	1	1	20	3566	24	4109
120076	3	2	18	3156	24	3985
120081	1	1	0	 	6	818
120081	2	3	0	 	6	816
120083	1	2	0	 	6	970
120086	1	1	42	8788	18	3634
120086	2	2	18	3784	6	951
120087	1	2	0	 	14	1735
120088	1	3	0	 	18	1943
120088	2	4	0	 	14	1662
120090	1	1	0	 	12	1714
120090	2	2	0	 	12	1578
120090	3	4	0	 	24	3781
120092	1	 	 	 	 	 
120094	1	1	0	 	18	2337
120094	2	2	0	 	18	2023
120095	1	1	0	 	18	3028
120095	2	4	0	 	12	1048
120096	1	2	0	 	12	1626
120097	1	2	5	723	12	1453
120097	2	3	5	712	12	1406
120098	1	5	0	 	54	6963
120098	2	7	0	 	12	1660
130002	1	4	24	4236	0	 
130006	1	2	0	 	24	4591
130006	2	3	12	1067	18	3598
130018	1	1	0	 	24	3840
130018	2	2	0	 	24	2880
130021	1	3	19	2674	9	1342
130021	2	4	19	2435	9	1129
130034	1	3	21	3625	0	 
130034	2	4	9	1601	0	 
130034	3	2	6	774	0	 
130036	1	2	18	4000	30	6000
130036	2	3	18	3200	30	4000
130042	1	2	0	 	24	3533
130042	2	3	0	 	31	3370
130042	3	5	0	 	31	3594
130051	1	2	42	6170	0	 
130054	1	2	0	 	6	534
130054	2	3	12	2142	12	1217
130054	3	4	18	2719	12	1172
130055	1	1	0	 	23	2460
130055	2	2	0	 	23	2308
130057	1	1	6	900	12	1480
130057	2	2	6	884	10	805
130059	1	1	0	 	18	3000
130059	2	2	0	 	18	2000
130059	3	3	0	 	18	3000
130059	4	5	0	 	18	2000
130061	1	3	0	 	90	10800
130061	2	4	0	 	90	10800
130062	1	1	20	2000	0	 
130062	2	2	20	2000	0	 
130063	1	4	18	1800	12	1350
130063	2	5	18	2700	12	1920
130063	3	7	18	2050	12	1680
130065	1	2	0	 	30	3600
130065	2	3	0	 	30	3600
130066	1	3	30	3900	0	 
130066	2	4	90	11700	0	 
130067	1	1	24	2862	36	4966
130067	2	2	24	2493	36	4504
130070	1	2	24	3570	30	4147
130070	2	3	24	3247	30	4021
130071	1	3	12	2409	60	8816
130072	1	14	36	2932	0	 
130072	2	13	30	2815	0	 
130073	1	2	24	3142	21	3090
130079	1	3	24	4234	24	4334
130079	2	4	30	3318	24	2975
130081	1	2	30	3000	0	 
130081	2	3	30	3000	0	 
130082	1	3	7	823	18	3339
130082	2	4	7	823	18	3339
130083	1	3	18	2629	55	7745
130083	2	4	38	6806	18	2629
130084	1	3	30	3000	0	 
130086	1	4	0	 	7	775
130088	1	1	30	3900	0	 
130088	2	2	30	3900	0	 
130089	1	2	0	 	24	3875
130089	2	3	0	 	48	7061
130092	1	3	6	710	48	6441
130092	2	4	30	4884	36	5252
130093	1	3	12	1647	14	1590
130094	1	5	13	1460	16	1853
130094	2	6	13	1371	16	1759
150004	1	2	20	1650	0	 
150006	1	3	0	 	15	1800
150006	2	4	0	 	15	1500
150007	1	1	14	2400	0	 
150007	2	2	14	2400	0	 
150009	1	1	0	 	16	1600
150009	2	2	0	 	16	1450
150011	1	1	6	600	0	 
150011	2	2	6	600	0	 
150011	3	5	6	600	0	 
150012	1	2	6	600	0	 
150017	1	3	15	900	0	 
150017	2	2	15	900	0	 
150017	3	1	15	900	0	 
150022	1	 	 	 	 	 
150023	1	2	14	1330	0	 
150023	2	3	34	3230	0	 
150024	1	2	24	2064	0	 
150026	1	5	15	1000	0	 
150027	1	1	22	1500	0	 
150027	2	2	22	1500	0	 
150028	1	2	34	800	0	 
150028	2	1	34	0	0	 
150030	1	1	28	2900	14	0
150031	1	2	2	0	0	 
150033	1	2	18	1500	0	 
150034	1	1	60	4200	30	1760
150035	1	3	21	1800	0	 
150035	2	4	21	1800	0	 
150036	1	1	12	300	0	 
150036	2	2	12	300	0	 
150039	1	2	21	2300	0	 
150039	2	5	21	2300	0	 
150040	1	2	21	1850	0	 
150040	2	1	21	1950	0	 
150040	3	3	21	1850	0	 
150041	1	4	15	1400	0	 
150042	1	3	15	1600	0	 
150042	2	4	15	1600	0	 
150044	1	 	 	 	 	 
150045	1	3	14	1200	0	 
150045	2	4	14	1200	0	 
150047	1	2	24	2400	0	 
150049	1	3	15	1500	0	 
150049	2	4	15	1500	0	 
150050	1	3	10	620	7	490
150050	2	4	10	580	7	460
150052	1	2	8	620	0	 
150053	1	2	18	2000	0	 
150053	2	3	18	2000	0	 
150056	1	1	8	620	0	 
150056	2	2	8	600	0	 
150060	1	3	30	1000	0	 
150060	2	4	30	1000	0	 
150063	1	1	20	1600	0	 
150063	2	2	20	1600	0	 
150063	3	3	20	1600	0	 
150064	1	4	7	300	14	650
150064	2	7	7	1100	14	2300
150066	1	3	21	1800	0	 
150069	1	4	15	0	0	 
150071	1	2	10	1300	0	 
150071	2	1	7	910	0	 
150072	1	2	21	2500	0	 
150072	2	1	21	2500	0	 
150073	1	4	20	1600	0	 
150076	1	2	35	900	0	 
150076	2	1	35	900	0	 
150076	3	3	28	900	0	 
150077	1	2	7	750	0	 
150077	2	3	7	750	0	 
150078	1	1	7	0	0	 
150078	2	2	7	0	0	 
150080	1	1	14	920	7	530
150080	2	2	14	840	7	480
150082	1	3	21	1650	0	 
150083	1	3	25	0	0	 
150083	2	4	25	0	0	 
150085	1	2	45	4500	0	 
150085	2	1	8	864	0	 
150089	1	1	8	740	0	 
150089	4	2	11	980	0	 
150090	1	6	12	1140	0	 
150091	1	2	28	1200	0	 
150096	1	1	40	4000	0	 
150096	2	2	40	4000	0	 
150096	3	3	14	1400	0	 
150097	1	2	35	2200	15	1200
150098	1	1	35	2975	0	 
150098	2	2	35	2975	0	 
150100	1	4	30	2800	0	 
160003	1	3	0	 	14	0
160016	1	3	0	 	8	380
160018	1	3	0	 	7	800
160018	2	4	0	 	7	800
160019	1	3	7	900	0	 
160019	2	4	14	900	0	 
160020	1	2	0	 	8	420
160021	1	5	7	398	0	 
160023	1	3	4	519	0	 
160026	1	1	3	360	0	 
160028	1	5	60	11600	120	23200
160029	1	1	7	0	8	0
160029	2	2	7	0	6	0
160030	1	2	12	0	10	0
160031	1	3	28	800	0	 
160031	2	4	28	720	0	 
160032	1	1	7	200	7	200
160032	2	2	7	200	7	200
160033	1	3	12	1250	0	 
160033	2	4	12	1200	0	 
160034	1	1	3	0	0	 
160034	2	2	3	0	0	 
160035	1	1	30	0	30	0
160035	2	2	30	0	30	0
160047	1	1	7	0	0	 
160047	2	2	7	0	0	 
160050	1	1	7	0	0	 
160050	2	2	7	0	0	 
160051	1	5	6	600	0	 
160051	2	3	6	600	0	 
160051	3	2	6	600	0	 
160052	1	2	36	0	0	 
160052	3	1	36	0	0	 
160053	1	2	8	0	0	 
160053	2	1	8	0	0	 
160056	1	2	7	0	0	 
160059	1	4	6	0	7	0
160059	2	3	6	0	7	0
160060	1	1	6	520	0	 
160065	1	1	7	650	0	 
160065	2	2	820	6	0	 
160066	1	1	0	 	30	3000
160066	2	2	0	 	30	3000
160067	1	1	10	500	0	 
160071	1	1	7	900	0	 
160071	2	2	7	900	0	 
160072	1	3	6	580	6	620
160072	2	4	6	760	6	850
160074	1	5	6	250	7	300
160074	2	6	6	250	7	300
160075	1	1	2	150	4	300
160086	1	3	30	2500	0	 
160086	2	4	30	2500	0	 
160087	1	2	50	5000	40	4000
160091	1	2	14	1300	0	 
160092	1	0	30	3310	0	 
160097	1	3	49	4947	0	 
160098	1	4	16	1500	0	 
160099	1	3	21	2200	0	 
160100	1	2	30	2800	0	 
170001	1	2	20	1500	0	 
170006	1	2	56	6950	74	8500
170008	1	5	12	1230	0	 
170009	1	2	40	4405	0	 
170009	2	1	30	3809	0	 
170010	1	5	30	3500	0	 
170010	2	6	30	3500	0	 
170011	1	2	50	6082	30	1938
170012	1	2	30	2400	0	 
170015	1	4	70	10500	30	4500
170015	2	3	70	10500	30	4500
170016	1	4	50	4898	0	 
170017	1	3	28	4200	0	 
170019	1	8	65	7500	0	 
170020	1	5	24	2650	18	1900
170020	2	2	24	2650	18	1900
170021	1	4	50	6000	0	 
170021	2	3	50	6000	0	 
170022	1	7	80	7747	0	 
170022	2	8	90	7750	0	 
170023	1	2	15	2500	0	 
170023	2	3	17	2500	0	 
170024	1	2	60	4200	60	4200
170026	1	2	35	4113	0	 
170026	2	1	10	1139	0	 
170027	1	4	50	7500	0	 
170027	2	5	50	7500	0	 
170028	1	3	43	5590	0	 
170029	1	2	60	5755	0	 
170030	1	2	36	4320	0	 
170032	1	1	64	8320	5	650
170035	1	2	27	4295	12	2200
170036	1	4	70	11061	0	 
170037	1	4	45	6300	0	 
170038	1	1	4	530	0	 
170038	2	2	62	7120	0	 
170039	1	2	40	4000	5	931
170039	2	3	40	4000	5	896
170039	3	4	10	1000	4	350
170043	1	32	70	9940	30	4050
170045	1	3	20	2400	0	 
170048	1	9	15	1800	0	 
170049	1	2	45	4700	0	 
170049	2	3	43	5450	0	 
170050	1	4	29	3770	5	750
170051	1	3	46	6750	0	 
170051	2	4	55	8047	0	 
170052	1	4	48	6240	28	3640
170053	1	4	100	15000	100	15000
170055	1	3	15	2000	0	 
170055	2	4	15	2000	0	 
170057	1	2	25	1500	0	 
170059	1	4	6	748	0	 
170060	1	2	8	1165	0	 
170060	2	1	5	755	0	 
170061	1	4	60	7200	14	1820
170061	2	3	35	4550	7	910
170062	1	6	40	4700	0	 
170062	2	7	48	5400	0	 
170063	1	3	20	2279	18	2413
170063	2	4	20	2279	18	2413
170064	1	7	22	2800	7	920
170065	1	3	34	4833	32	4434
170065	2	2	11	1468	24	3343
170066	1	3	60	7205	0	 
170066	2	4	55	6150	0	 
170067	1	0	6	502	25	3213
170067	2	4	14	1500	0	 
170069	1	3	48	5435	0	 
170069	2	2	46	4578	0	 
170070	1	5	30	3860	0	 
170072	1	4	32	3840	9	1080
170073	1	3	65	5513	0	 
170073	2	2	18	1323	0	 
170075	1	5	20	1600	0	 
170075	2	4	20	1600	0	 
170075	3	3	10	600	0	 
170075	4	2	15	1200	0	 
170078	1	6	38	3960	0	 
170079	1	4	38	4940	16	2160
170080	1	4	50	7000	0	 
170081	1	2	35	5400	0	 
170084	1	3	30	3400	14	950
170084	2	4	30	3400	14	950
170086	1	2	49	5880	6	760
170087	1	4	10	1200	0	 
170087	2	3	10	1200	0	 
170088	1	2	20	1000	0	 
170088	2	1	50	2500	0	 
170089	1	2	20	1200	0	 
170091	1	3	40	2500	0	 
170093	1	3	45	5678	0	 
170093	2	4	48	6574	0	 
170094	1	10	25	3000	0	 
170094	2	8	25	3000	0	 
170096	1	3	31	4723	18	2145
170097	1	31	20	8000	0	 
170097	2	30	20	8000	0	 
170097	3	29	20	8000	0	 
170098	1	2	47	6845	0	 
170100	1	4	50	4000	0	 
170100	2	3	50	4000	0	 
180005	1	2	10	800	0	 
180005	2	1	10	800	0	 
180006	1	 	 	 	 	 
180007	1	2	32	3840	8	1050
180008	1	3	55	6050	0	 
180008	2	4	44	4840	0	 
180012	1	4	30	4500	0	 
180012	2	3	30	4500	0	 
180012	3	2	30	4500	0	 
180013	1	2	45	3600	0	 
180013	2	1	25	2000	0	 
180014	1	2	15	2500	0	 
180018	1	1	7	950	0	 
180018	2	2	8	1025	0	 
180022	1	2	50	50500	5	430
180022	2	1	8	642	4	126
180023	1	2	50	3500	0	 
180023	2	1	50	3700	0	 
180024	1	1	40	3600	0	 
180024	2	2	40	3600	0	 
180025	1	4	60	7841	0	 
180025	2	3	6	717	0	 
180030	1	2	30	4575	0	 
180030	2	1	70	9537	0	 
180031	1	3	35	3710	0	 
180034	1	3	20	2400	0	 
180034	3	8	15	1800	0	 
180036	1	3	20	2100	0	 
180039	1	4	15	1361	0	 
180039	2	5	60	7702	0	 
180040	1	11	6	850	0	 
180040	2	12	18	2300	0	 
180040	3	0	12	1450	0	 
180041	1	2	20	1600	0	 
180043	1	3	15	1500	0	 
180044	1	2	40	3000	0	 
180045	1	6	28	3500	0	 
180046	1	2	32	2000	0	 
180046	2	3	30	2500	0	 
180047	1	2	30	2700	0	 
180047	2	3	30	3100	0	 
180048	1	2	30	2400	0	 
180048	2	13	30	2400	0	 
180049	1	1	15	1543	0	 
180049	2	2	15	1543	0	 
180050	1	4	12	1600	0	 
180051	1	1	60	8422	0	 
180051	2	2	30	4234	0	 
180051	3	3	45	6744	0	 
180053	1	2	36	3450	0	 
180054	1	2	29	2610	0	 
180054	2	4	29	2620	0	 
180055	1	4	31	4235	0	 
180056	1	2	45	7654	0	 
180057	1	3	54	7426	30	3473
180057	2	4	42	5512	36	3561
180058	1	2	28	3450	11	1345
180058	2	3	28	3450	15	1965
180059	1	2	15	1250	0	 
180059	2	1	15	1300	0	 
180060	1	1	60	7654	0	 
180061	1	2	27	3750	11	1365
180064	1	2	45	5123	0	 
180064	2	3	41	3876	0	 
180065	1	2	85	5610	0	 
180065	2	1	55	3300	0	 
180067	1	6	6	667	12	1968
180067	2	3	54	7139	18	2747
180068	1	8	30	2400	0	 
180068	2	7	30	2400	0	 
180069	1	3	35	3000	0	 
180069	2	2	30	2860	0	 
180070	1	3	30	4200	0	 
180070	2	2	25	3100	0	 
180071	1	30	35	4900	0	 
180071	2	31	35	4900	0	 
180071	3	32	30	4200	0	 
180072	1	3	20	1600	0	 
180072	2	2	20	1600	0	 
180076	1	2	7	580	14	1096
180076	2	4	15	1260	21	2050
180076	3	1	10	940	14	1450
180077	1	2	24	3572	16	1841
180077	2	3	24	3572	17	1920
180079	1	3	30	3569	0	 
180079	2	2	40	4576	0	 
180081	1	3	21	1800	0	 
180081	2	7	21	1850	0	 
180081	3	1	25	2100	0	 
180082	1	2	18	1750	0	 
180082	2	4	21	2250	0	 
180085	1	4	30	3421	0	 
180086	1	8	45	4678	0	 
180086	2	9	40	4685	0	 
180087	1	3	32	3840	12	1440
180089	1	2	90	10200	10	1100
180090	1	5	45	4587	0	 
180091	1	3	27	3560	0	 
180093	1	3	50	3000	0	 
180093	2	2	55	3300	0	 
180096	1	4	15	1500	0	 
180096	2	2	15	1500	0	 
180097	1	4	40	2400	0	 
180097	2	3	45	2700	0	 
180098	1	4	50	4000	0	 
180100	1	3	30	4250	20	2400
190002	1	4	26	2100	0	 
190002	2	3	20	1850	0	 
190003	1	3	50	5200	0	 
190004	1	6	40	2800	0	 
190004	2	5	50	3000	0	 
190005	1	1	22	2400	0	 
190005	2	2	28	3280	0	 
190006	1	3	34	3876	0	 
190006	2	2	32	3215	0	 
190007	1	2	45	3680	0	 
190007	2	3	36	3090	0	 
190009	1	4	37	4580	13	1750
190011	1	2	4	600	0	 
190013	1	3	25	3250	14	1920
190014	1	2	15	1500	0	 
190014	2	1	15	1500	0	 
190017	1	6	30	2890	0	 
190021	1	3	10	700	0	 
190025	1	4	20	1600	0	 
190025	2	3	20	1600	0	 
190026	1	1	40	4000	30	3500
190026	2	2	40	4000	30	3500
190030	1	3	32	4570	2	240
190030	2	4	20	240	4	480
190032	1	2	20	1200	0	 
190033	1	4	21	1800	20	2100
190034	1	3	25	0	0	 
190035	1	4	50	6000	0	 
190036	1	4	15	950	0	 
190037	1	5	16	1730	0	 
190037	2	3	16	0	0	 
190037	3	6	16	0	0	 
190039	1	4	15	1480	0	 
190040	1	10	50	5700	40	4680
190041	1	2	32	3120	0	 
190043	1	9	25	2000	0	 
190044	1	2	20	1600	0	 
190045	1	4	36	3240	0	 
190045	2	3	30	2800	0	 
190046	1	3	23	2800	6	730
190047	1	3	40	4800	0	 
190047	2	1	40	4800	0	 
190049	1	2	30	2800	0	 
190050	1	4	30	2800	0	 
190050	2	3	36	3100	0	 
190051	1	3	13	2000	0	 
190051	2	5	14	2000	0	 
190052	1	3	60	3600	0	 
190052	2	2	65	3900	0	 
190054	1	1	52	4500	0	 
190054	2	2	60	5400	0	 
190055	1	1	35	2900	0	 
190055	2	2	32	2800	0	 
190056	1	3	30	3200	0	 
190056	2	4	30	3200	0	 
190058	2	4	30	3800	0	 
190058	3	2	30	3800	0	 
190059	1	4	50	4000	0	 
190059	2	3	50	4000	0	 
190060	1	4	30	3300	0	 
190062	1	4	15	750	0	 
190062	2	3	25	1250	0	 
190063	1	6	28	2600	0	 
190063	2	5	25	2000	0	 
190064	1	1	28	2000	0	 
190064	2	2	28	2100	0	 
190064	3	3	30	2300	0	 
190065	1	3	30	2700	0	 
190065	2	4	30	2900	0	 
190066	1	1	30	2600	0	 
190066	2	2	36	3100	0	 
190067	1	2	60	6000	10	1100
190068	1	3	14	1350	10	1100
190069	1	2	35	3500	0	 
190069	2	1	35	3500	0	 
190070	1	6	40	3400	0	 
190070	2	7	30	3000	0	 
190071	1	2	30	3480	0	 
190071	2	3	30	3480	0	 
190071	3	1	30	3480	0	 
190072	1	7	30	1500	0	 
190072	2	13	30	1000	0	 
190073	1	4	10	900	0	 
190074	1	4	50	5000	0	 
190075	1	4	30	2600	0	 
190075	2	3	32	2700	0	 
190076	1	3	30	3400	0	 
190076	2	4	30	3400	0	 
190077	1	 	 	 	 	 
190077	2	 	 	 	 	 
190078	1	2	30	3300	0	 
190080	1	4	60	6200	0	 
190080	2	3	60	6200	0	 
190081	1	3	18	1600	0	 
190081	2	2	18	1580	0	 
190082	1	6	40	4500	0	 
190082	2	7	40	4500	0	 
190083	1	4	60	5400	0	 
190083	2	3	60	5400	0	 
190093	1	4	30	1800	0	 
190093	2	8	30	1800	0	 
190093	3	3	18	1000	0	 
190094	1	4	21	1500	0	 
190094	2	3	6	450	0	 
190095	1	2	10	1150	0	 
190095	2	3	10	1250	0	 
190095	3	4	15	1300	0	 
190096	1	0	50	3000	0	 
190096	2	10	50	3000	0	 
190098	1	19	15	1050	0	 
190098	2	20	15	1050	0	 
190099	1	2	15	1900	0	 
190099	2	3	15	2000	0	 
190100	1	4	21	2200	0	 
190100	2	7	21	2200	0	 
190100	3	10	21	0	0	 
200004	1	2	30	1450	0	 
200031	1	2	95	9975	0	 
200051	1	3	20	2000	0	 
