CHILDCODE	CROPIDR5	CROPR5	QNTHRVR5	TLOTSLR5	VLSLDR5	CRPCSTR5
10023	1	53	32	32	32000	30000
10031	1	77	200	200	1000000	500000
10051	1	53	100	80	80000	50000
10051	2	30	12	12	36000	10000
10052	1	53	150	100	100000	50000
10064	1	53	22	20	18000	5000
20002	1	30	.100000001490116	.100000001490116	1000	0
20003	1	30	2	2	20000	3000
20004	1	21	150	150	100000	30000
20004	2	30	3	3	10000	5000
20005	1	48	3	3	30000	6000
20006	1	30	6	6	60000	7000
20007	1	30	5	5	40000	5000
20008	1	30	1	1	12000	3000
20008	2	18	5	5	20000	10000
20009	1	30	3	3	10000	2000
20009	2	18	5	5	20000	10000
20010	1	44	.5	.5	2500	3000
20010	2	30	2.5	2.5	8000	1500
20011	1	30	8	8	96000	10000
20011	2	37	1	0	 	1000
20014	1	44	1	1	4000	2500
20014	2	30	4	4	32000	4000
20015	1	44	4	4	10000	10000
20015	2	30	4	4	32000	5000
20016	1	30	6	6	18000	3000
20018	1	18	9	9	36000	20000
20018	2	30	2	2	24000	4000
20019	1	30	6	6	48000	4000
20020	1	18	23	23	55200	45000
20022	1	21	0	0	 	10000
20022	2	18	12	12	48000	30000
20024	1	21	0	0	 	50000
20025	1	18	6	6	18000	25000
20030	1	37	.75	0	 	4000
20030	2	30	.100000001490116	0	 	1000
20031	1	18	12	12	36000	25000
20031	2	16	1.60000002384186	1.60000002384186	4400	3000
20033	1	18	8	8	27200	10000
20041	1	44	60	60	72000	25000
20043	1	71	245	245	2450000	2100000
20044	1	18	12	12	45600	25000
20049	1	71	70	70	500000	250000
20051	1	53	20	5	4500	10000
20051	2	44	20	20	2200	12000
20051	3	67	9	9	19800	9000
20053	1	37	23	23	23000	15000
20053	2	53	2	0	 	10000
20053	3	18	0	0	 	5000
20054	1	44	30	30	54000	45000
20057	1	44	50	50	50000	25000
20059	1	18	1	1	4000	1000
20061	1	18	8	8	15000	25000
20070	1	53	25	0	 	15000
20071	1	30	1.5	.5	2000	5000
20073	1	18	22	22	66000	45000
20074	1	18	15	15	60000	30000
20075	1	18	5	5	20000	5000
20076	1	18	6	6	21600	15000
20078	1	18	8	8	32000	30000
20080	1	18	60	50	45000	20000
20080	2	53	20	0	 	15000
20081	1	18	10	10	39000	30000
20082	1	53	10	0	 	5000
20083	1	44	30	30	33000	15000
20086	1	53	5	0	 	5000
20087	1	53	25	20	26000	10000
20087	2	44	70	70	98000	18000
20092	1	18	20	20	60000	35000
20095	1	16	4	4	16000	6000
20096	1	18	10	10	30000	15000
20097	1	53	16	8	8000	4000
20097	2	18	10	10	35000	15000
20098	1	21	70	70	70000	10000
30010	1	53	57	57	77000	24000
30010	2	30	4	4	24000	5000
30045	1	53	30	30	30	10000
30073	1	53	12	12	0	10000
30098	1	53	40	15	16850	22000
40001	1	30	70	70	7000	300
40002	1	30	.400000005960464	.400000005960464	4000	400
40003	1	53	17	0	 	6000
40004	1	53	60	50	50000	25000
40004	2	30	4	4	40000	5000
40005	1	53	30	25	37750	12000
40005	2	30	3	3	24000	1000
40005	3	30	.5	.300000011920929	2100	500
40006	1	53	10	5	7550	3500
40007	1	48	2	2	20000	3000
40008	1	53	5	0	 	6000
40008	2	30	3	3	27000	2000
40009	1	53	8	4	6400	3500
40010	1	53	12	8	13600	5000
40011	1	53	12	6	6600	4000
40011	2	30	4	4	32000	2000
40012	1	48	3	3	30000	1000
40012	2	53	8	0	 	10000
40012	3	30	.300000011920929	.200000002980232	1000	200
40013	1	53	1.5	0	 	5000
40013	2	30	3	3	24000	1000
40013	3	30	.200000002980232	0	 	200
40014	1	48	3	3	24000	1000
40014	3	53	4	0	 	2000
40014	4	30	.150000005960464	0	 	200
40015	1	53	21	0	 	15000
40015	2	57	.400000005960464	0	 	2000
40016	1	30	4	4	40000	4000
40016	2	53	7	0	 	3000
40017	1	30	0	0	 	300
40018	1	53	30	0	 	5000
40018	2	48	2	2	16000	3000
40019	1	53	4.5	0	 	4000
40020	1	48	4	4	24000	1000
40021	1	53	60	50	55000	30000
40021	2	30	5	5	40000	5000
40022	1	53	15	0	 	3000
40023	1	53	.300000011920929	0	 	8000
40023	2	30	.100000001490116	0	 	2000
40024	1	53	5	0	 	2000
40024	2	30	2	2	16000	1000
40025	1	30	.100000001490116	0	 	300
40025	2	30	.200000002980232	.200000002980232	2000	0
40027	1	30	2	2	20000	1600
40028	1	30	.150000005960464	.150000005960464	4000	500
40029	1	30	3.59999990463257	3.59999990463257	36000	5000
40029	2	53	25	0	 	10000
40030	1	30	1	1	10000	2000
40031	1	53	20	15	15000	5000
40031	2	68	1	0	 	500
40032	1	53	20	0	 	10000
40034	1	30	.5	.5	4000	200
40037	1	30	1.10000002384186	1.10000002384186	15000	3000
40037	2	45	0	0	 	2000
40037	3	53	10	0	 	5000
40038	1	53	1.25	0	 	5000
40039	1	53	30	15	15000	15000
40041	1	53	5	0	 	2000
40041	2	30	15	15	60000	10000
40042	1	48	3	3	25500	1000
40044	1	48	2	2	20000	8000
40044	2	53	5	0	 	5000
40045	2	48	6	6	60000	12000
40045	3	53	12	8	8800	6000
40046	1	30	1.5	1.5	9000	200
40047	1	30	4	4	32000	1000
40049	1	30	3	3	30000	1000
40049	2	73	4	4	20000	3000
40050	1	73	4	4	30000	4000
40050	2	25	.25	.150000005960464	1000	200
40050	3	30	2	2	16000	500
40051	1	53	30	20	22000	15000
40051	2	30	2	2	16000	1000
40052	1	30	4	4	36000	1000
40052	2	73	3	3	15000	2000
40052	3	25	1	1	3000	500
40053	1	30	3	3	24000	2000
40053	2	53	25	0	 	8000
40053	3	30	10	0	 	500
40054	1	30	3	3	24000	2000
40054	2	73	2	2	10000	1000
40054	3	53	4	0	 	3000
40054	4	25	1	1	3000	500
40055	1	53	2.5	0	 	2000
40055	2	30	3	3	24000	1000
40055	3	73	1.5	1.5	7500	500
40055	4	25	.5	.5	1000	100
40056	1	73	1	1	5000	800
40056	2	48	2	2	16000	2000
40057	1	53	16	0	 	15000
40065	1	53	20	0	 	20000
40065	2	30	.239999994635582	0	 	1000
40065	3	30	5	5	40000	5000
40069	1	30	2	2	30000	1000
40075	1	53	60	40	40000	30000
40082	1	30	1.60000002384186	1.60000002384186	20000	1000
40082	2	53	0	0	 	10000
40085	1	53	16	0	 	10000
40086	1	53	60	50	50000	25000
40087	1	53	30	15	15000	10000
40088	1	30	.200000002980232	.200000002980232	1600	300
40088	2	53	20	0	 	10000
40089	1	30	.400000005960464	.400000005960464	4000	200
40090	1	73	.600000023841858	.600000023841858	15000	2000
40091	1	53	6	0	 	3000
40091	2	48	2	2	16000	1000
40092	1	48	4	4	40000	3500
40092	2	73	1	1	5000	1000
40093	1	48	.5	.5	7500	500
40094	1	48	2	2	20000	2500
40094	2	53	12	8	8000	3000
40095	1	48	2	2	20000	3000
40095	2	73	1	1	5000	1500
40096	1	48	3	3	15000	5000
40097	1	53	10	0	 	5000
40097	2	30	2	2	4000	500
40098	1	53	8	0	 	3000
40098	2	30	2	2	16000	2000
40099	1	25	1	1	5500	800
40099	2	73	1	1	5000	1000
40099	3	53	12	8	8000	3000
40100	1	73	2	2	10000	1000
40100	2	48	3	3	30000	2500
40100	3	53	9	5	5000	2000
50001	1	53	80	60	65000	50000
50001	2	30	2	1	8000	3000
50001	3	30	10	8	25000	10000
50003	1	53	8	0	 	4200
50004	1	53	36	24	30000	19000
50004	2	30	4	3	24000	3000
50004	3	30	2	1	5000	1500
50005	1	53	80	40	56000	30000
50005	2	30	9	7	49000	8000
50006	1	53	16	10	10000	10000
50007	1	53	12	0	 	13000
50008	1	53	5	0	 	5000
50009	1	53	2	0	 	5000
50010	1	53	82	65	96000	30000
50010	2	30	6	5	40000	4000
50013	1	53	13	0	 	5000
50014	1	53	24	16	16320	8000
50014	2	30	2	1	7000	2000
50016	1	53	18	18	25400	15000
50019	1	53	4	4	4	5000
50022	1	37	7	7	14000	10000
50023	1	53	18	0	 	12500
50023	2	44	20	20	24000	10000
50029	1	18	24	24	76800	48700
50029	2	53	28	15	18600	14500
50029	3	44	22	22	26400	17500
50030	1	53	80	80	100000	48000
50031	1	53	19	0	 	11000
50031	2	18	2	2	10000	4000
50032	1	18	7	7	24500	16000
50033	1	53	7	0	 	10000
50034	1	53	8	0	 	5000
50041	1	53	25	25	30000	28000
50041	2	67	20	20	40000	22000
50041	3	74	1	1	12000	9000
50042	1	53	73	58	69000	25000
50042	2	30	7	5	30000	4000
50043	1	53	5	0	 	5000
50043	2	30	1	.5	4000	1200
50043	3	18	2	2	8000	4000
50046	1	53	10	4	4824	5500
50046	2	67	80	80	16000	8000
50047	1	53	8	4	4400	6000
50048	1	53	7	0	 	6000
50050	1	53	60	55	60500	25000
50051	1	53	6	0	 	6000
50052	1	53	16	10	16000	8000
50053	1	53	0	0	 	5000
50054	1	53	10	6	6600	4000
50057	1	53	56	36	36000	25000
50058	1	53	70	60	66000	35000
50058	2	30	6	6	20000	5000
50059	1	53	48	38	38000	20000
50067	1	53	30	20	20000	18000
50068	1	53	9	5	5500	5000
50069	1	53	150	130	143000	70000
50069	2	30	18	18	198000	30000
50070	1	53	6.40000009536743	0	 	5000
50072	1	53	28	0	 	15000
50072	2	30	2.5	2.5	10800	1500
50073	1	53	30	20	21000	30000
50073	2	30	1	.800000011920929	3000	1000
50075	1	53	130	110	110000	80000
50075	2	30	27	27	16200	20000
50077	1	53	10	0	 	8000
50079	1	53	6	0	 	4000
50080	1	53	75	55	55000	30000
50080	2	30	6	6	20000	2000
50084	1	53	20	10	10000	10000
50086	1	53	20	10	10000	10000
50089	1	53	50	40	40000	20000
50093	1	53	18	10	10000	8000
50094	1	53	125	110	110000	50000
50094	2	30	10	10	30000	10000
50098	1	53	60	40	40000	20000
50099	1	53	15	0	 	7000
50099	2	30	.300000011920929	0	 	500
50100	1	53	80	70	70000	45000
50100	2	30	4	4	28000	10000
60001	1	53	12	6	9000	8000
60002	1	53	150	140	154000	80000
60002	2	30	2	2	20000	4000
60003	1	53	80	60	60000	25000
60003	2	74	8	8	45000	15000
60004	1	53	7	0	 	4000
60005	1	53	19.2000007629395	11.1999998092651	14700	8000
60009	1	53	25	25	30000	8000
60010	1	53	3	3	0	1400
60012	1	53	9	0	 	4500
60015	1	53	32	25	28000	20000
60015	2	30	2	2	14000	2000
60016	1	53	24	14	14000	15000
60016	2	30	.5	0	 	200
60019	1	53	12	12	12	14000
60021	1	53	25	17	20400	15000
60021	2	30	1	.5	2000	1000
60022	1	53	12	0	 	7000
60023	1	53	3	0	 	2000
60024	1	53	48	38	38000	20000
60024	2	30	5	5	30000	3000
60025	1	53	27	25	26000	14500
60026	1	53	8	0	 	4300
60027	1	53	9	8	11400	7500
60029	1	53	5.40000009536743	0	 	3400
60030	1	53	2	2	2000	2000
60031	1	48	.349999994039536	.349999994039536	2500	300
60037	1	53	39	19	20854	24000
60037	2	32	3.5	3	4950	3200
60039	1	53	25.6000003814697	20.7999992370605	27300	15000
60039	2	30	3	2.5	17500	3500
60043	1	53	7	0	 	6000
60043	2	30	.800000011920929	0	 	1000
60045	1	53	26	18	210000	18000
60047	1	53	32	20	22000	16000
60048	1	53	12.75	0	 	6000
60049	1	53	12	0	 	6500
60049	2	60	.150000005960464	0	 	400
60051	1	53	5	0	 	3800
60054	1	53	41	12	14500	20000
60055	1	53	2.5	0	 	3000
60057	1	53	3	0	 	5000
60059	1	53	24	12	15000	15000
60059	2	30	.300000011920929	0	 	1200
60060	1	74	1	1	15000	2000
60061	1	53	36	18	18000	16000
60061	2	60	1	.75	4500	2500
60068	1	53	10	0	 	5000
60068	2	30	1	.5	4000	500
60069	1	53	7	0	 	6000
60070	1	53	16	0	 	10000
60070	2	30	.280000001192093	0	 	300
60071	1	53	24	12	15750	10000
60071	2	30	1	0	 	1000
60071	3	23	1	0	 	3000
60072	1	53	40	17	18000	18000
60072	2	32	4	4	12000	8000
60072	3	30	1	0	 	2000
60074	1	53	7.19999980926514	0	 	4000
60075	1	53	40	16	20000	25000
60076	1	53	20	12	15000	10000
60077	1	53	57	10	12500	30000
60077	2	30	4	3	12000	3000
60077	3	45	3	2	10000	1000
60078	1	53	10	0	 	10000
60079	1	53	20	9.60000038146973	12000	10000
60079	2	30	.239999994635582	0	 	500
60080	1	53	4	4	0	3000
60082	1	53	5	0	 	10000
60090	1	53	16	2200	2200	15000
60092	1	53	5	0	 	3500
60093	1	53	5	5	0	5000
70001	1	53	50	30	55000	40000
70002	1	53	4	0	 	2100
70003	1	53	32	17	19300	22000
70004	1	53	8	0	 	5000
70004	2	60	.0500000007450581	0	 	600
70005	1	53	9	0	 	5000
70006	1	53	9	0	 	6000
70007	1	53	0	0	 	5400
70008	1	53	9.60000038146973	0	 	0
70013	1	53	6.40000009536743	0	 	5500
70017	1	53	32	20	25000	15000
70020	1	53	0	0	 	5000
70021	1	48	.5	.5	4200	1000
70021	2	52	.25	.25	2000	400
70022	1	45	3	2	8000	4000
70023	1	45	2	2	8000	2000
70025	1	48	1300	1250	6250	2300
70026	1	53	8	0	 	6000
70027	1	53	18	10	13000	10000
70028	1	53	16	10	15000	8000
70029	1	53	24	16	16000	9000
70030	1	53	20	10	20000	20000
70032	1	53	8.80000019073486	4.80000019073486	5000	4000
70033	1	53	50	42	50400	42000
70033	2	60	2	2	13400	2000
70033	3	30	9	7	28000	5000
70034	1	53	20	0	 	12000
70034	2	30	.5	0	 	300
70036	1	53	16	16	20000	12000
70036	2	30	.400000005960464	0	 	240
70042	1	53	8	0	 	5000
70043	1	53	4	0	 	3000
70045	1	53	18	14	21000	14000
70046	1	53	15	14	15280	10000
70050	1	53	16	8	12000	10000
70051	1	53	28	18	22000	19300
70052	1	53	8	0	 	4000
70055	1	53	30	25	25000	15000
70055	2	60	.25	.25	1000	1000
70056	1	53	0	0	 	3400
70058	1	53	8	0	 	8000
70058	2	60	.180000007152557	.180000007152557	1800	1000
70059	1	53	18	17	17000	10000
70059	2	57	1	.5	3000	4000
70059	3	30	.5	0	 	1500
70061	1	53	14.3999996185303	6.40000009536743	8000	10000
70062	1	53	10	8	15000	5000
70062	2	60	.100000001490116	.100000001490116	1000	1000
70063	1	68	.5	0	 	5000
70063	2	60	.5	.25	12000	3000
70063	3	53	15	15	32000	12000
70064	1	53	16	15	16320	15000
70064	2	60	2	2	10000	15000
70065	1	53	147	137	164400	90000
70066	1	53	400	200	200000	200000
70066	2	60	5	0	 	5000
70066	3	57	10	5	30000	5000
70066	4	68	10	10	20000	6000
70067	1	53	5	0	 	3000
70068	1	53	18	17	22500	10000
70069	1	53	6	0	 	7000
70075	1	53	8	0	 	15000
70077	1	53	13	7	8000	6000
70079	1	53	4	0	 	5000
70080	1	53	22	20	32000	25000
70084	1	53	16	0	 	8000
70084	3	60	.879999995231628	.879999995231628	5000	1500
70086	1	53	6.40000009536743	0	 	3000
70092	1	53	9	5	7500	5000
70093	1	53	6	0	 	8000
70094	1	53	16	8	10000	10000
70095	1	53	8	0	 	15000
70096	1	53	32	8	45000	50000
70097	1	53	30	20	0	18000
70097	2	60	.349999994039536	.349999994039536	1000	2000
70099	1	53	8	5	6000	6000
70100	1	53	15	9	8100	10000
80002	1	53	105	90	132000	75000
80006	1	30	4	0	 	20000
80007	1	53	36.4799995422363	24.3199996948242	35264	40000
80013	1	53	24	14	21000	40000
80014	1	53	18.75	11.25	16875	15000
80018	1	53	42	40	40000	50000
80019	1	53	22.7999992370605	7.59999990463257	15000	20000
80019	2	73	16	16	112000	100000
80021	1	32	11	11	14000	20000
80022	1	53	2.25	0	 	5000
80023	1	53	8.39999961853027	0	 	10000
80025	1	73	5	5	30000	50000
80026	1	53	30	10	15000	25000
80031	2	37	50	50	150000	40000
80032	1	53	50	40	72000	60000
80033	1	44	16	16	64000	12000
80035	1	37	1	1	1200	2000
80036	1	37	10	10	10000	1000
80038	1	53	15	15	18000	20000
80038	2	16	10	10	100000	30000
80039	1	53	30	24	72000	140000
80040	1	37	0	0	 	40000
80043	1	53	11.6999998092651	7.80000019073486	8993	10500
80047	1	53	40.5	24	28800	20000
80048	1	53	40	34	136000	24000
80048	2	73	60	60	480000	170000
80050	1	53	22	17	68000	10000
80050	2	53	20	20	80000	12000
80052	1	53	18	18	0	22000
80052	2	32	30	30	78000	90000
80053	1	53	15.6000003814697	0	 	15000
80053	2	32	6	6	25200	20000
80054	1	53	0	0	 	10000
80055	1	53	54.5999984741211	39	50700	45000
80056	1	53	80	70	140000	110000
80056	2	60	5	5	2500	4000
80058	1	53	77	72	288000	90000
80059	1	53	60	56	160000	84000
80059	2	53	22	22	88000	13000
80063	1	53	40	30	60000	40000
80066	1	53	18	0	 	20000
80067	1	37	4	4	5500	9500
80068	1	44	3	3	35000	20000
80069	1	50	3	3	100000	145000
80069	2	68	2	2	30000	45000
80070	1	44	25	25	30000	10000
80070	2	73	25	25	150000	80000
80071	1	53	23.3999996185303	10	10000	50000
80072	1	53	72	7	65000	70000
80075	1	53	66	62	248000	118000
80076	1	53	9	0	 	15000
80076	2	32	13.5	13	26000	30000
80078	1	37	20	20	20000	40000
80080	1	53	8	8	8800	5000
80081	1	37	32	32	35200	28000
80082	1	37	2	2	2000	10000
80083	1	53	20	15	60000	60000
80084	1	37	32	32	38400	49000
80086	1	37	10	10	10000	10000
80088	1	37	15	15	15000	10000
80090	1	53	60	50	75000	50000
80091	1	37	12	12	12000	25000
80093	1	37	4	0	 	3000
80094	1	37	2	2	2200	2000
80095	1	37	10	10	10000	15000
80096	1	37	20	20	24000	15000
80097	1	37	2	2	3000	5000
80100	1	37	15	10	12000	25000
90003	1	60	6	6	30000	15000
90003	2	53	18.7199993133545	0	 	13000
90004	1	37	40	40	48000	20000
90006	1	37	5	5	7100	8000
90008	2	37	50	50	60000	20000
90009	1	37	12	12	13200	10000
90009	2	51	25	25	20000	25000
90010	1	 	 	 	 	 
90011	1	53	10	0	 	12000
90011	2	68	4	18000	18000	4500
90011	3	60	1	3000	3000	1500
90012	1	57	6	5.69999980926514	17100	5500
90014	1	53	20	20	0	20000
90016	1	37	3	3	7800	6000
90017	1	37	30	30	37500	12000
90020	1	 	 	 	 	 
90025	1	37	35	35	28000	20000
90026	1	53	50	0	 	20000
90026	2	25	150	150	400000	150000
90027	1	53	30	10	10000	30000
90027	2	73	2	2	18000	40000
90028	1	53	20	20	0	30000
90030	1	53	30	0	 	25500
90030	2	68	20	20	44000	15000
90031	1	53	30	10	15000	20000
90032	1	53	10	0	 	22000
90033	1	53	40	30	45000	30000
90034	1	53	1.39999997615814	1.39999997615814	2400	1200
90036	1	53	4	4	0	10000
90039	1	53	10	0	 	15000
90039	2	68	15	15	38000	24000
90040	1	53	24	14	15400	20000
90041	1	53	10	0	 	40000
90041	2	32	10	10	40000	35000
90044	1	53	10	0	 	8000
90044	2	73	44	44	72000	53000
90045	1	18	15	15	63000	25000
90046	1	30	90	45	900000	570000
90049	1	51	30	30	48000	25000
90049	2	53	20	5	6000	16000
90053	1	53	10	0	 	20000
90053	2	60	3	3	12500	4000
90057	1	53	8	0	 	10000
90057	2	60	5	5	20000	8000
90058	1	53	100	0	 	20000
90064	1	25	10	10	20000	10000
90067	1	53	112.5	11.25	121500	110000
90071	1	37	3	3	3000	1500
90080	1	37	10	10	13000	5000
90080	2	53	15	0	 	18000
90082	1	53	5	0	 	3500
90083	1	18	10	10	45000	20000
90083	2	53	30	0	 	25000
90086	1	51	30	30	90000	45000
90086	2	45	0	0	 	12000
90086	3	68	11	11	38500	15000
90088	1	23	4.5	4.5	15000	30000
90089	1	53	34	32	48000	25000
90100	1	18	18	18	75600	35000
100002	1	32	2	2	7000	50000
100094	1	53	60	50	160000	40000
110001	1	23	11	11	44000	104300
110002	1	23	9	9	36000	51000
110003	1	32	4	4	28400	27000
110004	1	23	45	44	114400	90500
110007	1	23	6	5	20000	6500
110007	2	52	30	29	125000	20000
110008	1	23	24	24	208400	31000
110011	1	23	6	6	24000	16000
110012	1	23	3	3	15000	3960
110013	1	32	20	20	400000	204000
110014	1	32	40	38	128000	196000
110014	3	52	10	10	4000	12000
110014	4	23	14	14	71400	37500
110015	1	32	3.20000004768372	2	10000	22000
110015	2	30	1	0	 	500
110015	3	53	16.7999992370605	11.8000001907349	40120	0
110016	1	32	24	23	116000	84000
110016	2	53	26	10	30000	45000
110017	1	32	14.6999998092651	14.6000003814697	183500	113100
110017	2	53	2	0	 	2000
110018	1	32	36	35.2000007629395	170150	118400
110018	2	23	7	7	28000	72400
110018	3	53	4.5	0	 	10000
110018	4	37	5	4	10000	500
110019	1	32	12	11.8000001907349	66000	61200
110020	1	32	14.3999996185303	14	56000	42000
110020	2	30	4	3.5	25000	36000
110020	3	13	12	12	42000	75000
110020	4	37	3	0	 	40000
110020	5	52	0	0	 	40000
110021	1	32	12	11.5	88000	87900
110022	1	32	6.19999980926514	6	25712	15000
110022	2	30	.400000005960464	0	 	4000
110023	1	32	10	10	70000	42000
110024	1	32	8	8	12500	24000
110025	1	32	24	24	48000	90000
110025	2	30	2	1.5	3000	15000
110025	3	53	10.5	0	 	10000
110027	1	32	5	5	7500	4000
110028	1	32	20	18	65000	48000
110029	1	32	17.5	17	76500	40000
110030	1	32	28.5	28	135000	140000
110031	1	32	48	47	212400	108900
110031	2	30	1.5	1	10000	2500
110031	3	53	15	11	12000	12600
110033	1	32	28	27	51300	55500
110033	2	53	16	0	 	18000
110034	1	32	8.5	8	36000	35200
110034	2	13	6	6	18000	23000
110034	3	30	.300000011920929	0	 	500
110037	1	23	2	.300000011920929	5600	22000
110039	1	23	.5	0	 	15000
110042	1	23	10	5	55000	140500
110043	1	16	30	30	360000	210000
110043	2	23	12	12	48000	32000
110043	3	65	6	6	21000	21000
110044	1	30	7	6.5	39600	28920
110046	1	13	6	6	18600	40000
110047	1	30	1.5	1	10000	27000
110048	1	13	15	15	45000	45100
110048	2	30	2	0	 	2500
110050	1	32	6	6	27000	52200
110050	2	30	5.40000009536743	5	42500	5200
110051	1	51	15	15	150000	100000
110051	2	16	40	40	520000	250000
110051	3	13	12	12	42000	24000
110052	1	30	.5	0	 	4600
110053	1	13	6	6	21000	7000
110053	2	30	1.5	1	9000	3000
110055	1	32	36	35.5	162000	113500
110055	2	25	7	7	28000	10500
110055	3	13	10	10	35000	30000
110055	4	30	5	3.5	33250	30000
110057	1	30	3	2.5	17500	6675
110057	2	52	12.5	0	 	6895
110059	1	30	8	3	27000	35000
110061	1	30	1	0	 	8000
110064	1	30	12	11	88000	30000
110066	1	18	8	8	32000	26800
110066	2	37	1	0	 	1420
110066	3	30	1	0	 	2600
110069	1	32	2.29999995231628	230	24000	50000
110069	2	30	.600000023841858	.600000023841858	2000	445
110070	1	32	30	20	36000	15000
110070	2	23	5	5	15000	9075
110070	3	52	6	6	12000	9200
110070	4	37	5	0	 	2000
110070	5	52	9	0	 	3300
110070	6	30	2	1	3000	2000
110071	1	32	8	8	36000	32000
110071	2	23	6	6	25200	18000
110071	3	30	1	0	 	1000
110073	1	32	8.60000038146973	7	24000	40000
110073	2	18	.200000002980232	0	 	35000
110074	1	13	6	6	12400	35000
110074	2	52	5	5	10000	15800
110075	1	23	4	3.5	17500	28000
110075	2	32	2	2	7000	25000
110075	3	32	1.5	0	 	16500
110077	1	23	50	49	245000	138600
110079	1	32	7	6	23500	34700
110080	1	32	6	5.5	27000	22500
110083	1	23	63	63	315000	100000
110083	2	32	5	3	15000	20000
110083	3	37	.5	0	 	2500
110083	4	30	.400000005960464	0	 	2500
110086	1	32	25	24	120000	85000
110086	2	30	8	0	 	65000
110088	1	23	13	12.5	25000	35000
110089	1	32	4.19999980926514	4.19999980926514	14000	36500
110089	2	52	4	4	6000	21500
110089	3	23	5	5	25000	57435
110091	1	32	11.5	11	41000	27000
110093	1	32	9	8.5	34000	20000
110093	2	30	.400000005960464	0	 	200
110094	1	32	9	8	18200	25000
110095	1	23	88	86	344000	180000
110097	1	32	9	8	28000	49000
110097	2	23	7	6	35000	18000
110100	1	32	34.5	.5	63000	1106000
110100	2	30	.5	0	 	600
110100	3	52	.5	0	 	500
110100	4	37	2	0	 	2000
110104	1	32	15	12	42000	20000
110104	2	50	50	49	24500	15000
110104	4	53	21	15	15000	12000
110104	5	30	1	0	 	1000
120002	1	30	2	2	1200	2800
120003	1	32	16	16	80000	50000
120004	1	32	12.1800003051758	12	46250	45930
120004	2	30	2	1.5	9000	500
120006	1	32	.860000014305115	0	 	27000
120007	1	30	0	0	 	15000
120008	1	32	26.2000007629395	25.2000007629395	125000	100000
120010	1	32	8.80000019073486	8.39999961853027	34200	43800
120010	2	30	2	2	14000	2000
120012	1	72	37	37	42000	40000
120012	2	32	3.20000004768372	3.20000004768372	12800	25000
120013	1	30	4	3	13500	12000
120013	2	33	0	0	 	35000
120014	1	32	94.5	94	462000	250000
120020	1	32	25.7999992370605	24	111600	100000
120020	2	25	400	400	240000	150000
120020	3	72	100	100	20000	25000
120020	4	74	30	30	60000	75000
120022	1	30	0	0	 	40000
120023	1	32	6.75	6	19800	30000
120025	1	32	3	0	 	75200
120027	1	32	10	9.60000038146973	38400	30500
120027	2	72	105	105	27930	37000
120033	1	32	16.5	16	71000	60000
120033	2	72	360	360	72000	50000
120035	1	32	8.80000019073486	8.80000019073486	38500	80000
120035	2	45	0	0	 	33000
120041	1	52	0	0	 	19100
120042	1	32	2.79999995231628	2.79999995231628	10500	15000
120042	2	72	30	30	30000	18000
120044	1	32	2	0	 	45000
120045	1	37	2	0	 	1350
120046	1	32	10	9	45000	42000
120047	1	32	.100000001490116	0	 	8500
120048	1	32	2.51999998092651	2.51999998092651	9600	73000
120048	2	30	.259999990463257	0	 	720
120048	3	52	.0500000007450581	0	 	80
120049	1	32	7.73999977111816	7.30999994277954	28900	38000
120051	1	32	11.5	11	50000	45000
120052	1	52	7	7	7000	8500
120052	2	32	12.8999996185303	12.8999996185303	60000	145000
120054	1	13	0	0	 	7000
120054	2	16	2.40000009536743	2.40000009536743	2400	34000
120056	1	44	30	30	36000	24000
120056	2	37	1	0	 	16500
120057	1	32	5	5	11500	15000
120058	1	53	30	20	72000	37500
120058	2	32	11	10	41400	25000
120059	1	32	12.8999996185303	12.8999996185303	73500	70000
120059	2	50	40	10	2000	43000
120061	1	32	19.7999992370605	19	76000	117260
120062	1	32	10.5	10	45000	56000
120065	1	30	.200000002980232	.200000002980232	0	6700
120066	1	45	30	30	60000	101000
120068	1	72	300	300	180000	120000
120068	2	74	112	112	56000	18500
120069	1	72	120	120	27100	48840
120069	2	32	7.98000001907349	7	32600	64000
120070	1	72	112	112	112000	107000
120070	2	74	84	84	142800	105000
120072	1	32	0	0	 	14600
120072	2	44	14	14	19500	14000
120073	1	32	3.77999997138977	3	10800	25000
120073	2	30	1	0	 	1000
120073	3	74	30	30	19200	46200
120074	1	72	500	500	35000	84000
120075	1	30	.300000011920929	.0500000007450581	690	9300
120077	1	47	4	4	23000	32000
120084	1	32	10.5	9.65999984741211	43700	81000
120084	2	30	.5	0	 	500
120085	1	32	8.39999961853027	5.46000003814697	23400	49800
120085	2	30	.699999988079071	0	 	1000
120088	1	45	15	15	9000	8400
120098	1	32	17.6000003814697	17	63000	95000
120099	1	32	6.44999980926514	6.44999980926514	27000	30600
120100	1	30	.5	0	 	5200
130002	1	32	9.89999961853027	9.89999961853027	35370	25000
130002	2	46	3.3199999332428	3.3199999332428	99600	24500
130002	3	53	11.1999998092651	0	 	10400
130002	4	57	6	0	 	4800
130002	5	30	.5	0	 	500
130003	1	32	1.5	1.29999995231628	5000	17000
130004	1	46	1.79999995231628	1.79999995231628	39600	20000
130004	2	32	2.5	2	8300	12500
130006	1	32	3.35999989509583	2.5	9000	30000
130006	2	53	21	10	15000	20000
130007	1	46	2.17000007629395	2.17000007629395	65100	28500
130007	2	32	3.83999991416931	2.79999995231628	10800	12000
130007	3	57	2	0	 	200
130008	1	30	22	0	 	16000
130009	1	32	6	5.40000009536743	21500	40000
130009	2	46	1.5	1.5	35000	15000
130010	1	25	1.29999995231628	1.29999995231628	20000	5000
130010	2	46	1	1	30000	15000
130010	3	53	4	0	 	5000
130011	1	46	2.40000009536743	2.40000009536743	67200	24000
130011	2	32	3	2.5	10000	8000
130012	1	46	2.59999990463257	2.59999990463257	72800	45000
130012	2	32	4.5	4	18000	16000
130013	1	32	6	5	21500	18000
130013	2	57	3	0	 	4500
130015	1	32	5.80000019073486	5	18500	21500
130018	1	32	5.88000011444092	5.03999996185303	25150	102500
130018	2	30	.300000011920929	0	 	0
130019	1	46	3	3	50000	28600
130019	2	44	0	0	 	4600
130020	1	32	2	1.75	5800	8000
130021	1	53	15	0	 	8630
130021	2	57	7	0	 	2000
130022	1	46	1	1	350000	150000
130022	2	53	30	0	 	18000
130022	3	32	30	10	40000	80000
130023	1	44	10	10	15000	20000
130025	1	32	15	14	42000	83000
130026	1	32	.449999988079071	0	 	21000
130029	1	32	1.5	1.25	4750	12400
130032	1	32	1.75	1.5	4300	12800
130033	1	46	3.59999990463257	3.59999990463257	108000	30000
130034	1	32	2.29999995231628	2	7000	11400
130034	2	19	.0500000007450581	0	 	500
130034	3	30	0	0	 	500
130034	4	37	0	0	 	500
130038	1	18	2	2	12000	10000
130040	1	18	10	2	16000	5500
130042	1	32	6	4	15200	30600
130042	2	30	.5	0	 	450
130042	3	19	.400000005960464	.400000005960464	720	60
130042	4	57	5	0	 	10000
130045	1	32	12.8000001907349	12	40000	26000
130045	2	57	3	0	 	500
130045	3	37	4	4	10000	2000
130045	4	30	2	0	 	1000
130046	1	32	4.5	4	16800	30000
130048	1	32	3.20000004768372	2.29999995231628	10000	9000
130048	2	30	.300000011920929	0	 	200
130048	3	30	.200000002980232	0	 	100
130049	1	32	4	2	7000	11000
130049	2	57	2	0	 	4000
130049	3	30	.150000005960464	0	 	600
130050	1	32	4.30000019073486	4	15200	20000
130053	1	16	2	2	20000	69000
130053	2	57	5	0	 	1000
130055	1	37	0	0	 	4500
130057	1	16	5	5	50000	30000
130057	2	25	20	20	16000	46800
130057	3	57	4	4	0	6000
130058	1	32	1.5	1.29999995231628	4500	37500
130058	2	25	80	80	60500	158000
130059	1	57	5	0	 	10500
130059	2	32	1	0	 	7000
130061	1	18	4	4	160000	78600
130061	2	57	11	6	13800	16802
130062	1	18	3	2.5	120000	22000
130063	1	46	4.75	4.75	92600	50000
130063	2	25	30	30	15000	13500
130063	3	16	3.09999990463257	3.09999990463257	21700	12000
130063	4	57	6	0	 	12000
130065	1	16	3	3	30000	9900
130065	2	57	10	0	 	3000
130066	1	32	.400000005960464	0	 	15000
130067	1	25	0	0	 	24400
130067	2	32	.899999976158142	0	 	7500
130068	1	53	15	0	 	7000
130068	2	18	4	4	20000	10000
130070	1	32	4.59999990463257	4	14000	21800
130072	1	57	1.5	0	 	15200
130072	2	53	4	0	 	10250
130073	1	32	1	0	 	8000
130074	1	32	2	1.25	4375	11200
130076	1	32	.600000023841858	0	 	5500
130078	1	53	15	0	 	9400
130078	2	57	4	0	 	5300
130080	1	52	.200000002980232	0	 	4200
130082	1	32	0	0	 	9000
130082	2	57	1	0	 	1000
130084	1	30	1	1	0	2800
130085	1	25	0	0	 	40000
130085	2	32	3	1	3500	20000
130086	1	52	.0500000007450581	0	 	6560
130086	2	57	3	0	 	6480
130086	3	72	18.6000003814697	18.5	6350	9780
130086	4	74	15.3000001907349	15	6410	4570
130088	1	32	2	1	0	11000
130088	2	57	.100000001490116	0	 	4200
130090	1	32	4.5	4	17200	19800
130090	2	57	4	0	 	3000
130094	1	32	.5	0	 	7000
140041	1	53	3.20000004768372	0	 	10000
150001	1	18	68	68	2850000	200000
150001	2	53	48	48	57500	25000
150002	1	18	16	16	52600	200000
150003	1	18	100	100	370000	180000
150003	2	53	70	17	96000	50000
150004	1	18	100	100	300000	155000
150004	2	53	10	0	 	20000
150007	1	18	3	3	10000	10000
150008	1	18	30	30	110000	80
150009	1	18	5	5	21000	18000
150010	1	18	20	20	80000	40000
150011	1	18	6	6	25800	18000
150012	1	18	14	14	58800	25000
150014	1	18	6	6	18000	12000
150015	1	18	20	20	60000	30000
150015	2	53	21	7	10000	15000
150016	1	53	30	30	36000	40000
150016	2	18	12	12	48000	20000
150017	1	74	10	10	35000	100000
150020	1	53	40	30	40500	15000
150022	1	18	22	22	70400	25000
150023	1	18	18	18	75600	40000
150023	2	53	50	40	50000	15000
150024	1	18	25	25	112500	75000
150024	2	52	22	15	18000	15000
150025	1	18	6	6	26000	20000
150025	2	52	8	8	0	12000
150026	1	18	20	20	70000	50000
150026	2	53	20	20	50000	20000
150027	1	18	20	20	80000	25000
150028	1	18	4	4	15000	22000
150029	1	18	14	14	49000	40000
150031	1	18	50	50	200000	110000
150031	2	53	21	0	 	20000
150033	1	53	49	12	50000	20000
150033	2	18	22	22	88000	30000
150034	1	18	12	12	38400	20000
150034	2	53	10	10	20000	5000
150035	1	18	35	35	143500	60000
150036	1	18	7	7	28	18000
150038	1	18	40	40	148000	70000
150038	2	53	21	0	 	15000
150039	1	18	146	146	598600	550000
150040	1	18	25	25	120000	50000
150041	1	18	18	18	73000	30000
150042	1	18	20	20	80000	40000
150042	2	53	10	0	 	15000
150044	1	18	15	15	60000	45000
150047	1	18	50	50	223500	100000
150048	1	18	10	10	40000	30000
150048	2	53	7	0	 	8000
150049	1	18	20	20	80000	40000
150049	2	53	14	0	 	10000
150050	1	18	12	12	36000	15000
150053	1	18	4	4	6000	13000
150054	1	18	14	14	56000	20000
150058	1	18	50	50	210000	120000
150058	2	52	70	50	60000	40000
150060	1	18	62	62	237250	237250
150062	1	 	 	 	 	 
150063	1	18	45	45	189000	180000
150064	1	18	100	90	120000	60000
150064	2	74	20	0	 	500
150067	1	53	63	63	123000	35000
150068	1	18	3	3	9000	20000
150068	2	53	12	12	17000	25000
150069	1	53	56	56	73000	50000
150069	2	18	5	5	15000	10000
150070	1	18	10	10	32000	18000
150070	2	16	12	12	90000	50000
150071	1	52	50	43	55900	20000
150071	2	18	1	1	4000	8000
150071	3	16	3	3	29000	10000
150072	1	53	35	35	30000	23000
150075	1	18	12	12	48000	20000
150076	1	18	16	16	60180	30000
150077	1	18	8	8	24000	20000
150078	1	18	10	10	40000	20000
150079	1	18	2	2	8000	15000
150082	1	18	72	72	288000	100000
150083	1	18	60	60	240000	120000
150083	2	53	56	34	51000	40000
150084	1	18	12	12	58000	25000
150084	2	53	8	4	12500	12000
150086	1	16	5	5	55000	90000
150087	1	18	2	2	5000	8000
150089	1	18	12	12	51000	43000
150090	1	18	10	10	42000	32000
150091	1	18	5	5	15000	40000
150092	1	18	50	50	200000	100000
150093	1	18	50	50	200000	140000
150094	1	18	10	10	40000	45000
150096	1	18	28	28	106800	130000
150097	1	18	35	35	143500	70000
150097	3	72	5	5	11000	12000
150098	1	18	8	8	33500	18000
150098	2	52	8.5	0	 	5000
150099	1	18	5	5	20000	40000
150099	2	53	35	35	60000	35000
150100	1	53	60	49	48000	20000
160002	1	53	40	40	20000	10000
160006	1	18	0	0	 	60000
160007	1	18	70	70	210000	120000
160014	1	18	12	12	52000	40000
160016	1	18	15	15	65000	20000
160016	2	53	10	3	9000	8000
160018	1	18	20	20	64000	80000
160019	1	18	6	6	21000	15000
160020	1	18	8	8	40000	60000
160021	1	18	19	19	70300	40000
160022	1	44	80	80	120000	62000
160022	2	18	10	10	38750	10000
160022	3	53	7	0	 	10000
160024	1	18	20	20	74000	35000
160026	1	18	15	15	60000	30000
160027	1	18	20	20	80000	60000
160027	2	44	30	30	45000	56000
160029	1	18	15	15	45000	80000
160029	2	16	10	9.89999961853027	90000	40000
160031	1	18	2	2	7000	10000
160032	1	18	12	12	42000	40000
160033	1	16	32	32	320000	150000
160033	2	18	50	50	200000	200000
160034	1	18	74	74	270000	150000
160034	2	16	22	1	27500	60000
160034	3	53	12	8	16000	25000
160035	1	37	10	5	7500	30000
160035	2	18	5	5	12500	20000
160037	1	16	6	6	60000	100000
160037	2	18	10	10	35000	22000
160038	1	18	0	0	 	50000
160041	1	16	30	30	250000	100000
160042	1	18	60	60	180000	70000
160043	1	18	43	43	160000	70000
160046	1	16	25	25	250000	110000
160046	2	18	16	16	48000	18000
160047	1	18	50	50	190000	50000
160047	2	16	45	45	444000	90000
160048	1	18	40	40	155000	100000
160050	1	18	50	50	175000	100000
160051	1	18	30	30	127000	108000
160051	2	16	8	8	80000	60000
160052	1	18	50	50	182000	80000
160052	2	16	20	19.5	180000	70000
160053	1	18	30	30	105000	80000
160053	2	16	0	0	 	40000
160055	1	18	20	20	90000	35000
160056	1	18	9	9	31500	30000
160058	1	18	50	50	150000	100000
160058	2	16	20	20	200000	50000
160058	3	30	.5	45	5000	1500
160059	1	18	46	46	161000	160000
160060	1	16	10	10	100000	53000
160060	2	18	5	5	18000	30000
160063	1	18	28	28	106400	60000
160063	2	16	30	30	300000	55000
160065	1	18	6	6	21000	40000
160066	1	18	8	8	34000	80000
160067	1	18	0	0	 	18000
160068	1	18	17	17	59500	45000
160068	2	16	12	11	120000	70000
160071	1	18	15	15	60000	80000
160072	1	18	0	0	 	35000
160073	1	16	30	30	360000	100000
160073	2	18	20	20	70000	35000
160074	1	18	30	30	110000	50000
160074	2	16	50	50	400000	120000
160075	1	18	7	7	24000	12000
160076	1	30	2	1.79999995231628	4000	9000
160077	1	44	20	20	45000	22000
160080	1	18	16	16	48000	30000
160081	1	18	70	70	280000	160000
160086	1	18	80	80	220000	100000
160086	2	32	6	6	22000	50000
160091	1	44	16	16000	16000	8000
160093	1	18	5	5	20000	6000
160095	1	53	35	0	 	20000
160097	1	18	30	30	140000	70000
160097	2	37	8	0	 	4000
160097	3	53	10	0	 	7000
160098	1	18	8	8	32000	25000
160099	1	18	12	12	48000	30000
160100	1	18	45	45	135000	80000
160100	2	30	5	0	 	10000
170001	1	53	30	0	 	15000
170001	2	44	20	20	24080	14000
170004	1	53	14	0	 	10000
170008	1	57	1	0	 	5000
170008	2	53	1	0	 	3000
170009	1	53	15	6	9000	4000
170010	1	53	0	0	 	18000
170010	2	44	8	8	7200	41000
170011	1	37	1	0	 	10000
170012	1	53	30	20	16000	12000
170015	1	53	20	20	24000	30000
170016	1	44	20	20	20000	15000
170017	1	44	12	12	15840	6000
170019	1	44	26	26	32500	15500
170019	2	37	4	0	 	2500
170020	1	44	2	2	2200	12000
170020	2	37	2	0	 	10000
170021	1	44	15	15	15000	10000
170022	1	37	.25	4	0	2000
170022	2	44	10	10	12000	9000
170023	1	37	2	0	 	5000
170024	1	44	1	1	1200	2500
170025	1	44	40	40	48000	20000
170026	1	37	.5	0	 	1500
170026	2	44	4	4	1300	6000
170027	1	44	10	10	20000	10000
170027	2	37	10	0	 	7000
170029	1	37	5	0	 	2000
170029	2	44	6	6	7200	5000
170030	1	44	20	20	2200	11500
170030	2	37	3	0	 	1700
170031	1	37	3	0	 	7000
170032	1	44	18	18	21600	13500
170032	2	37	4	0	 	3500
170032	3	67	1500	1500	280000	150000
170033	1	44	8	8	9000	2000
170035	1	53	0	0	 	5000
170035	2	16	0	0	 	15000
170035	3	72	20	20	7500	20000
170036	1	44	15	15	18000	8000
170037	1	44	0	0	 	3600
170039	1	37	2	0	 	5000
170040	1	44	20	20	25000	15000
170043	1	53	0	0	 	7000
170045	1	44	40	40	50000	30000
170046	1	44	5	5	6000	18000
170046	2	53	40	30	33000	25000
170046	3	72	15	15	12000	10000
170048	1	44	12	12	14400	10000
170048	2	53	12	6	7200	15000
170049	1	37	.400000005960464	0	 	3000
170050	1	44	18	18	21500	12000
170050	2	37	2	0	 	1800
170051	1	53	40	30	38000	20000
170051	2	37	4	0	 	2500
170053	1	44	0	0	 	17000
170053	2	53	2	0	 	9000
170053	3	37	.5	0	 	5000
170054	1	44	18	18	20000	12000
170055	1	44	2	2	2500	700
170057	1	44	30	30	40000	18000
170060	1	32	15	14.5	60000	30000
170061	1	53	15	15	21600	10500
170061	2	44	8	8	9600	3400
170062	1	32	4	4	8000	4500
170062	2	53	29	10	15000	12500
170063	1	44	2	2	1600	12000
170064	1	44	20	20	22000	12000
170064	2	37	25	25	24000	15000
170065	1	44	4	4	5600	13800
170066	1	53	20	16	20000	8000
170066	2	44	0	0	 	4000
170069	1	44	15	15	12450	1450
170070	1	18	20	20	58000	100000
170070	2	53	30	20	22000	15000
170072	1	44	34	34	48000	18500
170072	2	37	4	2	3900	1600
170073	1	44	7	7	8400	15000
170073	2	53	0	0	 	5250
170074	1	44	18	18	17500	8000
170078	1	44	12	12	15840	12000
170078	2	18	6	6	21000	17300
170079	1	44	28	28	39200	13500
170079	2	18	17	17	76500	27000
170080	1	44	12	12	14000	10000
170084	1	44	6	6	6	12000
170084	2	37	1	0	 	2000
170086	1	44	27	27	35100	17000
170086	2	37	8	6	8400	2500
170087	1	44	18	18	21500	9700
170087	2	37	3	2	3600	1450
170088	1	44	20	20	22000	18000
170089	1	44	15	15	20000	10000
170091	1	44	7	7	8400	19000
170091	2	37	2	0	 	2000
170092	1	44	25	25	32500	17000
170093	1	44	80	80	90000	20000
170094	1	44	18	18	21600	20000
170094	2	30	3	2	18000	5000
170095	1	44	5	5	8000	15000
170097	1	44	30	30	48000	25000
170098	1	44	10	10	13500	10000
170100	1	44	27	27	37800	15000
180001	1	53	50	10	15000	50000
180002	1	13	6	6	18000	10000
180005	1	53	40	30	35000	20000
180006	1	53	10	6	7500	23000
180007	1	44	12	12	15600	7500
180008	1	32	10	9	50000	38000
180009	1	13	2	2	6000	7890
180010	1	53	7	0	 	25000
180012	1	53	18	18	21600	15000
180013	1	13	0	0	 	5000
180015	1	53	8	6	7200	45300
180015	3	32	8	7	50400	66000
180022	1	13	1	1	1500	7000
180024	1	53	1	0	 	18000
180030	1	13	8	8	24000	12000
180031	1	13	1.60000002384186	1.60000002384186	6800	34000
180031	2	18	5	5	14500	82000
180032	1	13	1	1	3000	10000
180032	2	18	5	5	15000	25000
180032	3	30	1	.800000011920929	2500	7000
180033	1	23	60	60	180000	90000
180034	1	13	4	4	12000	9000
180035	1	30	10	9	50000	21000
180036	1	18	15	15	60000	100000
180036	2	53	15	10	10000	15000
180036	3	23	17	16	64000	25000
180039	1	13	20	20	60000	20000
180039	2	53	20	0	 	16000
180040	1	53	14	8	9600	20000
180040	2	37	9	5	12500	12000
180040	3	32	13	12	50000	28000
180042	1	53	20	16	24000	20000
180042	2	74	.300000011920929	.200000002980232	5000	2700
180043	1	37	2	1	3000	8000
180044	1	13	3	3	7500	6000
180046	1	13	1	1	2000	5000
180048	1	53	20	15	18000	20000
180049	1	53	15	12	15360	24000
180049	2	13	.5	.5	750	5400
180049	3	37	0	0	 	5000
180050	1	18	5	5	20000	54000
180050	2	53	3	0	 	15000
180050	3	13	5	5	18000	11000
180051	1	13	.600000023841858	.600000023841858	2100	8000
180051	2	30	.0599999986588955	0	 	5000
180052	1	53	60	50	75000	38000
180053	1	60	0	0	 	6000
180053	2	53	3.5	0	 	12000
180054	1	37	2	0	 	7000
180056	1	37	.200000002980232	0	 	6000
180056	2	60	.0500000007450581	0	 	4000
180056	3	13	.300000011920929	.300000011920929	900	8000
180057	1	53	36	24	43200	60000
180058	1	53	36	30	45000	18000
180059	1	53	25	20	30000	23000
180060	1	32	10	10	35000	16000
180060	2	53	10	0	 	6000
180060	3	13	5	5	15000	5000
180061	1	53	23	23	29900	11500
180061	2	13	6	6	18000	7500
180064	1	53	16	10	15000	6000
180067	1	53	13	8	13600	41000
180068	1	50	13	13	18200	8000
180068	2	53	20	15	24000	10000
180069	1	37	.5	0	 	8000
180071	1	37	10	6	15000	20000
180072	1	53	20	16	24000	10000
180073	1	53	1.5	0	 	5000
180074	1	13	10	10	30000	2540
180074	2	53	14	14	17000	11000
180075	1	37	5	4	13000	12000
180076	1	53	80	70	105000	45000
180077	1	30	4	3.5	29505	31000
180079	1	18	100	100	400000	100000
180080	1	32	13	12	36500	13000
180081	1	18	35	35	140000	100000
180082	1	18	25	25	100000	150000
180084	1	18	75	75	270000	600000
180084	2	52	20	20	50000	20000
180085	1	18	10	10	30000	20000
180085	2	53	5	0	 	6000
180087	1	53	18	18	25000	8000
180087	2	32	22	22	66000	30000
180093	1	18	28	28	117600	100000
180097	1	18	60	60	240000	180000
180098	1	18	10	10	40000	30000
180099	1	53	14	0	 	40000
180099	2	30	5	5	45000	50000
180100	1	18	140	140	530000	410000
180100	2	13	10	10	30000	40000
190001	1	53	50	40	60000	40000
190002	1	18	2	2	80000	60000
190002	2	53	10	0	 	15000
190003	1	18	6	6	220000	150000
190005	1	18	4	4	160000	100000
190006	1	18	5	5	150000	100000
190006	2	53	8	0	 	20000
190007	1	18	4	4	160000	70000
190007	2	53	20	16	24000	16000
190008	1	18	6	6	161400	150000
190008	2	53	30	15	30000	20000
190008	3	32	15	15	45000	15000
190009	1	53	45	40	57600	18000
190009	2	18	11	11	54500	23000
190010	1	53	45	45	76500	50000
190010	2	32	20	20	80000	27000
190011	1	18	2	2	90000	60000
190012	1	18	16	16	70000	30000
190012	2	53	9	9	21000	15000
190013	1	18	22	22	110000	30000
190013	2	53	45	40	56000	22000
190014	1	18	6	6	254000	120000
190014	2	53	16	10	16000	10000
190015	1	18	4	4	127000	50000
190015	2	53	5	5	7000	2500
190016	1	18	7	7	170000	80000
190016	2	53	30	20	30000	23000
190016	3	32	30	28	80000	40000
190017	1	18	1.5	1.5	60000	50000
190017	2	53	49	49	84000	50000
190017	3	72	3	3	8000	2500
190020	1	18	16	16	76800	30000
190020	2	53	52	52	80600	25000
190021	1	18	2	2	90000	70000
190022	2	18	1	1	43000	30000
190022	3	53	42	38	45600	20000
190024	1	18	3	3	120000	80000
190025	1	18	6	6	240000	200000
190025	2	53	11	6	7800	8000
190026	1	53	120	110	198000	90000
190026	2	18	6	6	227000	76000
190030	1	18	12	12	58000	22000
190030	2	53	36	30	42000	18000
190031	1	30	2	2	9000	10000
190031	2	13	4	4	12000	10000
190032	1	18	1	1	40000	60000
190032	2	53	30	30	45000	25000
190033	1	18	4	4	160000	150000
190033	2	53	20	18	32400	20000
190034	1	53	32	28	46200	45000
190034	2	18	12	12	381000	180000
190034	3	45	0	0	 	70000
190035	1	18	2	2	90000	75000
190036	1	18	10	10	380000	150000
190036	2	53	35	30	45000	25000
190037	1	18	50	50	186500	200000
190037	2	32	60	58	203000	200000
190037	3	53	45	19	36100	70000
190038	1	18	27	27	129600	30000
190038	2	53	43	39	56120	12000
190039	1	18	3	3	120000	60000
190041	1	18	9	9	200000	120000
190042	1	32	28	28	120000	65000
190042	2	53	75	75	116250	50000
190043	1	18	2	2	70000	50000
190043	2	16	25	25	37500	90000
190044	1	53	6	2	2400	10000
190044	2	23	10	10	40000	25000
190045	1	18	7	7	210000	150000
190046	1	32	18	18	72000	35000
190046	2	53	80	80	144000	45000
190047	1	53	154	136	204400	140000
190047	2	18	4	4	127000	70000
190049	1	53	14	7	10000	12000
190049	2	32	10	10	25000	15000
190049	3	18	.5	.5	20000	50000
190050	1	18	5	5	20000	10000
190050	2	53	15	10	13000	15000
190050	3	32	7	7	28000	20000
190051	1	53	35	29	40600	30000
190051	2	32	62	62	179800	120000
190052	1	53	20	15	24500	12000
190052	2	23	9	9	36000	19000
190053	1	32	40	39	183000	53000
190053	2	53	50	35	56000	36000
190053	3	18	6	6	90000	50000
190054	1	18	30	30	150000	80000
190054	2	53	8	0	 	10000
190055	1	18	2	2	80000	30000
190055	2	53	42	30	35000	15000
190056	1	18	1	1	45000	30000
190057	1	18	5	5	134500	50000
190058	1	18	2	2	70000	50000
190058	2	53	20	13	20800	25000
190059	1	18	6	6	240000	130000
190060	1	18	3	3	120000	50000
190060	2	53	10	0	 	30000
190062	1	18	2	2	80000	55000
190063	1	18	10	10	400000	170000
190063	2	53	40	35	50000	30000
190064	1	18	1	1	45000	20000
190065	1	50	25	25	100000	10000
190065	2	18	2.5	2.5	100000	80000
190065	3	53	11	6	7200	9000
190065	4	32	9	9	27000	15000
190066	1	18	2.09999990463257	2.09999990463257	87000	40000
190067	1	18	1	1	40000	20000
190068	1	18	8	8	320000	150000
190069	1	18	5	5	200000	100000
190069	2	53	9	0	 	8000
190070	1	53	0	0	 	5000
190071	1	53	3	0	 	8000
190073	1	18	2	2	80000	6000
190073	2	53	1	0	 	5000
190074	1	50	10	10	20000	6000
190074	2	53	15	10	13000	20000
190074	3	32	12	12	48000	15000
190075	1	18	2.10999989509583	2.10999989509583	80000	40000
190075	2	53	6	0	 	5000
190076	1	18	3	3	101000	37000
190076	2	53	10	5	8000	40000
190076	3	50	10	9.60000038146973	6000	10000
190077	1	32	45	45	157500	60000
190077	2	53	56	56	80640	35000
190078	1	18	8	8	320000	300000
190079	1	32	25	25	70000	34000
190079	2	53	57	57	78000	25000
190080	1	18	2	2	80000	30000
190081	1	32	10	10	25000	30000
190081	2	53	.5	0	 	10000
190081	3	30	.200000002980232	0	 	6000
190082	1	18	3	3	120000	90000
190083	1	18	2	2	80000	50000
190083	2	53	50	40	60000	35000
190084	1	18	1.5	1.5	65000	40000
190084	2	37	.200000002980232	0	 	2000
190085	1	32	28	28	75000	25000
190085	2	53	56	56	88000	40000
190087	1	18	18	18	81000	25000
190087	2	53	83	83	124500	40000
190088	1	18	2	2	80000	50000
190089	1	32	12	12	52000	20000
190089	2	53	57	57	76000	30000
190090	1	52	1.5	0	 	13000
190092	1	18	5	5	200000	120000
190092	2	53	30	22	30000	18000
190093	1	18	4	4	160000	70000
190093	2	53	30	25	40000	25000
190094	1	18	1	1	40000	25000
190094	2	67	50	50	125000	80000
190095	1	18	10	10	50000	50000
190095	2	53	45	30	51000	60000
190095	3	44	15	15	25500	15000
190095	4	50	15	15	30000	20000
190096	1	18	3	3	120000	80000
190096	2	32	9	8	24000	15000
190096	3	16	20	19	133000	60000
190097	1	53	11	5	7500	5000
190097	2	30	1	.5	2000	2000
190098	1	18	7	7	21000	36000
190099	1	32	13	13	48000	18000
190099	2	53	87	87	120000	45000
190100	1	18	7	7	95000	60000
190100	2	53	15	7	12600	10000
190100	3	50	30	30	30000	18000
200009	1	 	 	 	 	 
