CHILDCODE	ASSTIDR5	ASSETR5	NUMASTR5	ASACTR5	NMOWNR5	VLASTR5
10008	1	23	5	23	5	5000
10014	1	30	6	23	6	10000
10015	1	9	10	2	10	10000
10017	1	21	1	21	1	3000
10018	1	23	2	23	2	1000
10021	1	15	2	5	2	1000
10025	1	23	5	23	5	10000
10026	1	23	4	23	4	30000
10027	1	21	1	21	1	2000
10027	2	23	10	23	10	10000
10029	1	21	1	5	1	2000
10036	1	13	6	9	6	1500
10038	1	15	20	12	20	30000
10040	1	23	8	23	8	5000
10041	1	13	5	5	5	1000
10042	1	13	1	5	1	200
10043	1	30	1	24	1	250000
10044	1	21	1	5	1	3000
10046	1	23	4	23	4	20000
10050	1	30	1	24	1	70000
10051	1	1	6	11	6	800
10051	2	3	1	11	1	1000
10052	1	1	10	11	10	5000
10052	2	3	1	11	1	10000
10052	3	23	15	23	15	20000
10056	1	23	6	23	6	10000
10057	1	30	1	23	1	20000
10058	1	13	4	7	4	1000
10059	1	13	10	14	10	5000
10063	1	30	1	5	1	70000
10064	1	1	2	11	2	600
10065	1	21	1	5	1	2000
10066	1	17	20	16	20	10000
10070	1	21	2	5	2	2000
10076	1	23	4	23	4	10000
10081	1	17	10	16	10	10000
10083	1	13	2	5	2	200
10085	1	23	5	23	5	5000
10087	1	30	10	26	10	70000
10090	1	30	4	14	4	100000
10092	1	23	5	23	5	10000
10099	1	23	4	23	4	4000
20001	1	1	4	5	4	400
20002	1	1	4	11	4	300
20003	1	1	3	11	3	1000
20004	1	1	4	11	4	500
20005	1	1	4	11	4	300
20006	1	1	5	11	5	1500
20007	1	1	5	11	5	800
20008	1	1	5	11	5	500
20008	2	4	1	11	1	2000
20008	3	3	1	11	1	1000
20008	4	2	1	11	1	10000
20009	1	1	3	11	3	500
20010	1	1	3	11	3	400
20011	1	1	4	11	4	400
20011	2	4	3	11	3	1500
20014	1	1	2	11	2	500
20015	1	1	3	11	0	1200
20016	1	1	4	11	4	400
20017	1	1	3	5	3	500
20018	1	1	6	11	6	1000
20018	2	3	1	11	1	1000
20018	3	4	2	11	2	800
20019	1	1	2	5	2	700
20020	1	1	4	11	4	300
20021	1	1	3	11	3	150
20022	1	1	3	11	3	1000
20022	2	3	1	11	1	1000
20024	1	1	5	5	5	600
20024	2	7	1	11	1	100000
20024	3	4	3	11	3	10000
20025	1	1	3	11	3	600
20027	1	1	2	5	2	400
20028	1	1	3	5	3	500
20030	1	1	3	11	3	1500
20031	1	1	3	11	3	400
20031	2	4	3	11	3	1000
20033	1	1	3	11	3	1000
20033	2	3	1	11	1	1200
20035	1	1	1	5	1	100
20036	1	30	1	21	1	5000
20037	1	1	4	5	4	500
20039	1	1	2	11	2	100
20041	1	4	1	11	0	0
20041	2	3	1	11	1	1500
20043	1	7	1	11	1	300000
20043	2	4	2	11	2	70000
20043	3	1	6	11	6	2000
20043	4	3	1	11	1	10000
20044	1	1	3	11	3	350
20044	2	3	2	11	0	0
20045	1	1	4	11	4	1000
20046	1	1	2	5	2	400
20049	1	7	1	11	1	200000
20049	2	4	2	11	2	20000
20049	3	3	1	11	1	2000
20050	1	1	3	11	3	400
20051	1	1	3	11	3	4500
20051	2	4	4	11	4	1200
20051	3	5	20	11	20	4000
20053	1	4	3	11	3	9000
20053	2	1	6	11	6	800
20054	1	1	5	11	5	1500
20056	1	7	1	11	1	100000
20056	2	4	3	11	3	10000
20056	3	3	1	11	1	3000
20057	1	4	4	11	4	1200
20057	2	1	3	11	3	500
20058	1	1	3	11	3	500
20059	1	1	4	11	4	700
20060	1	13	10	7	10	3000
20061	1	1	3	11	3	300
20062	1	1	2	11	2	200
20063	1	1	3	5	3	500
20064	1	1	2	11	2	900
20065	1	1	5	11	5	2000
20066	1	25	1	24	1	150000
20068	1	1	3	11	2	200
20069	1	1	4	5	4	500
20070	1	1	5	11	5	2000
20070	2	3	1	11	0	500
20071	1	1	3	11	3	550
20072	1	22	3	22	3	4000
20073	1	1	4	11	4	1000
20074	1	1	4	11	4	1000
20074	2	3	1	11	0	0
20074	3	4	1	11	1	1500
20075	1	1	2	11	2	500
20075	2	4	1	11	1	500
20075	3	25	1	24	1	150000
20076	1	1	4	11	4	400
20076	2	3	1	11	0	3000
20078	1	1	4	11	4	300
20079	1	1	5	11	5	700
20080	1	1	3	11	3	400
20081	1	1	3	11	3	250
20082	1	1	3	11	3	500
20083	1	1	5	11	5	700
20083	2	7	1	11	1	200000
20084	1	1	3	5	3	500
20085	1	1	4	11	4	350
20086	1	1	3	11	3	1500
20086	2	7	1	11	0	0
20087	1	1	3	11	3	1200
20087	2	3	1	11	1	500
20088	1	1	4	29	4	500
20089	1	1	5	11	5	700
20091	1	1	4	5	4	1000
20092	1	1	4	11	4	700
20092	2	3	1	11	1	500
20093	1	1	3	5	3	500
20095	1	1	3	11	3	300
20095	2	3	1	11	1	1500
20096	1	1	3	11	3	500
20097	1	1	3	11	3	700
20097	2	3	1	11	1	3000
20097	3	5	1	11	1	5000
20098	1	1	4	11	4	1500
20099	1	1	2	5	2	500
30003	1	17	4	16	0	 
30007	1	13	15	7	15	2000
30008	1	21	8	21	8	40000
30010	1	1	5	11	5	2000
30010	2	23	15	23	15	2000
30011	1	 	 	 	 	 
30012	1	23	10	23	10	5000
30014	1	21	10	21	10	9000
30016	1	30	0	26	0	 
30017	1	 	 	 	 	 
30019	1	21	1	21	1	4000
30020	1	1	5	8	5	2000
30023	1	23	6	23	6	15000
30024	1	30	0	26	0	 
30027	1	30	0	28	0	 
30034	1	 	 	 	 	 
30035	1	13	5	5	5	2000
30037	1	30	3	26	0	 
30039	1	23	6	23	6	5000
30040	1	30	4	5	4	1000
30045	1	1	3	11	3	200
30045	2	7	1	11	0	 
30045	3	3	1	11	1	500
30048	1	 	 	 	 	 
30050	1	21	1	21	1	2000
30052	1	 	 	 	 	 
30054	1	30	1	26	1	20000
30055	1	30	0	26	0	 
30059	1	23	1	23	1	1000
30063	1	1	3	8	3	500
30064	1	21	1	21	1	2000
30065	1	25	1	24	1	20000
30066	1	21	3	21	3	8000
30067	1	13	4	7	4	2000
30068	1	21	1	21	1	1000
30070	1	30	5	5	5	3000
30071	1	25	1	24	1	3000
30072	1	30	6	5	6	2000
30073	1	1	5	11	5	2000
30075	1	30	1	26	1	75000
30075	2	30	1	23	1	1800
30078	1	23	1	23	1	600
30079	1	21	1	21	1	2000
30079	2	13	5	14	5	2000
30080	1	30	10	26	10	3000
30081	1	30	6	26	0	 
30084	1	23	1	23	1	200
30087	1	21	2	21	2	10000
30088	1	12	2	8	2	300
30091	1	21	1	21	1	3000
30091	2	13	8	7	8	6000
30092	1	1	2	8	2	400
30092	2	21	1	21	1	2500
30093	1	17	12	16	0	 
30094	1	12	2	32	2	6000
30095	1	21	1	21	1	2000
30096	1	1	4	11	4	2000
30097	1	21	1	21	0	 
30098	1	4	2	11	2	2500
30098	2	1	6	11	6	2000
30100	1	23	2	23	2	600
30100	2	21	1	21	1	500
30100	3	24	1	23	1	150
40001	1	1	5	11	5	700
40002	2	1	4	11	4	1000
40003	1	1	5	11	5	800
40003	2	3	1	11	1	700
40003	3	4	1	11	1	300
40004	1	1	4	11	4	2000
40005	1	1	5	11	5	2500
40005	2	4	1	11	1	5000
40005	3	3	1	11	1	700
40006	1	1	2	11	2	600
40007	1	1	6	11	6	700
40008	1	1	5	11	5	600
40008	2	4	1	11	1	200
40009	1	1	2	11	2	800
40009	2	4	1	11	1	400
40010	1	1	3	11	3	1200
40011	1	1	3	11	3	1200
40011	2	4	1	11	1	500
40011	3	3	1	11	1	1500
40012	1	1	3	11	3	3
40012	2	4	1	11	1	500
40013	1	1	4	11	4	300
40014	1	1	3	11	3	300
40014	2	4	1	11	1	250
40015	1	1	3	11	3	500
40016	1	1	3	11	3	500
40016	3	4	1	11	1	400
40017	1	1	3	5	3	1200
40018	1	1	6	11	6	800
40018	2	4	1	11	1	100
40019	1	1	3	11	2	500
40020	1	1	3	11	3	800
40021	1	1	12	11	12	4800
40021	2	4	1	11	1	300
40021	3	3	1	11	0	 
40022	1	1	5	11	5	700
40022	2	4	1	11	1	100
40023	1	1	6	11	6	700
40024	1	1	2	11	2	600
40025	1	1	4	11	4	1200
40027	1	1	4	11	4	1000
40028	1	1	4	11	4	1500
40029	1	1	6	11	6	3000
40030	1	1	5	11	5	800
40030	2	4	1	11	1	500
40031	1	1	3	11	3	900
40031	2	4	1	11	1	400
40031	3	3	1	11	1	2500
40032	1	1	4	5	4	500
40034	1	25	1	24	1	200000
40036	1	1	2	5	2	300
40037	1	1	4	11	4	1200
40038	1	1	4	11	4	1000
40039	1	1	2	11	2	500
40041	1	1	4	11	4	1000
40041	2	4	1	11	1	2000
40042	1	1	5	11	5	600
40043	1	1	3	11	3	1500
40044	1	1	4	11	4	500
40045	1	1	3	11	3	1000
40046	1	1	5	11	5	1000
40047	1	1	2	5	2	400
40048	1	13	3	7	3	1000
40049	1	1	3	11	3	900
40050	1	1	5	11	5	400
40051	1	1	6	11	6	1500
40052	1	1	2	11	2	600
40053	1	1	4	11	4	500
40054	1	1	3	11	3	700
40055	1	1	2	11	2	800
40056	1	1	5	11	5	2000
40057	1	1	2	11	2	1000
40058	1	13	4	23	4	2000
40059	1	25	1	24	1	120000
40060	1	30	1	31	1	500000
40061	1	1	3	11	3	200
40063	1	13	4	26	4	2000
40064	1	1	4	5	4	500
40065	1	1	5	11	5	1000
40068	1	1	3	11	3	300
40069	1	1	6	11	6	700
40074	1	13	3	5	3	500
40075	1	1	3	5	3	1000
40077	1	21	2	21	2	10000
40077	2	23	10	23	10	10000
40078	1	23	5	23	5	3000
40081	1	1	5	11	5	400
40082	1	1	5	11	5	1000
40084	1	1	5	11	5	600
40086	1	1	7	11	7	3000
40087	1	1	5	11	5	500
40088	1	1	4	11	4	1500
40089	1	1	4	11	4	500
40090	1	1	5	11	5	500
40091	1	1	2	11	2	1000
40092	1	1	5	11	5	3000
40093	1	1	5	11	5	700
40094	1	1	3	11	3	1500
40095	1	1	4	11	4	1600
40096	1	22	3	22	3	5000
40097	1	1	4	11	4	500
40098	1	1	6	11	6	800
40098	2	4	1	11	1	200
40099	1	1	5	11	5	2000
40099	2	4	1	11	1	500
40100	1	1	3	11	3	1500
40100	2	3	1	11	1	2000
50001	1	1	5	11	5	2000
50001	2	4	1	11	1	1700
50001	3	7	1	11	0	 
50001	4	3	1	11	0	 
50001	5	6	1	11	0	 
50002	1	1	5	8	5	2000
50003	1	1	4	11	4	1800
50003	2	6	1	11	0	 
50003	3	7	1	11	0	 
50004	1	1	4	11	4	2000
50004	2	6	1	11	0	 
50004	3	7	1	11	0	 
50004	4	3	1	11	0	 
50005	1	4	1	11	1	2000
50005	2	1	4	11	4	1400
50005	3	6	1	11	0	 
50005	4	7	1	11	0	 
50006	1	1	3	11	3	1200
50006	2	4	1	11	0	 
50006	3	3	1	11	0	 
50006	4	7	1	11	0	 
50006	5	6	1	11	0	 
50007	1	23	9	23	9	5000
50009	1	1	2	11	2	100
50010	1	1	2	11	2	200
50010	2	2	1	11	0	 
50010	3	3	1	11	0	 
50010	4	7	1	11	0	 
50011	1	1	2	8	2	300
50013	1	1	5	11	5	1200
50013	2	6	1	11	0	 
50013	3	7	1	11	0	 
50014	1	1	3	11	3	450
50014	2	3	1	11	0	 
50014	3	2	1	11	0	 
50014	4	6	1	11	0	 
50014	5	7	1	11	0	 
50014	6	30	11	26	11	40000
50015	1	23	8	23	8	4000
50016	1	1	6	11	6	1000
50016	2	7	1	11	0	 
50016	3	3	2	11	0	 
50018	1	25	1	24	1	430000
50020	1	25	1	24	1	80000
50021	1	1	3	11	3	300
50022	1	1	4	11	4	240
50023	1	1	5	11	5	1200
50024	1	1	5	11	5	300
50027	1	1	5	11	5	500
50027	2	13	10	7	8	2000
50028	1	1	5	8	5	1200
50029	1	7	1	11	0	 
50029	2	1	12	11	11	2100
50029	3	3	1	11	0	 
50030	1	1	10	11	10	2000
50030	2	21	1	21	1	2000
50031	1	7	1	11	0	 
50031	2	1	3	11	3	600
50032	1	1	10	11	10	10
50033	1	1	1	11	1	100
50034	1	1	6	11	6	700
50035	1	1	8	10	6	12000
50035	2	21	1	21	1	3000
50036	1	1	4	5	4	400
50037	1	1	4	5	4	200
50038	1	1	4	11	4	350
50038	2	30	2	30	2	2500
50039	1	30	3	30	3	4000
50040	1	9	5	2	5	4000
50041	1	1	6	11	6	2000
50041	2	7	2	11	0	 
50041	3	3	1	11	1	0
50042	1	1	5	11	5	2500
50042	2	3	1	11	0	 
50042	3	6	1	11	0	 
50042	4	7	1	11	0	 
50043	1	1	4	11	4	1300
50043	2	4	1	11	1	2000
50043	3	6	1	11	0	 
50043	4	7	1	11	0	 
50044	1	1	4	11	4	600
50044	2	8	3	23	3	1000
50045	1	23	6	23	6	2000
50046	1	7	1	11	0	 
50046	2	3	1	11	0	 
50046	3	1	7	11	7	1800
50047	1	1	3	11	3	1200
50048	1	1	3	11	3	1200
50049	1	1	5	11	5	500
50050	1	1	5	11	5	2500
50050	2	4	1	11	1	1000
50051	1	1	3	11	3	1000
50052	1	1	4	11	4	1600
50052	2	4	1	11	1	1000
50052	3	3	1	11	1	1200
50053	1	1	6	11	6	500
50054	1	1	3	11	3	1500
50054	2	4	1	11	1	500
50055	1	1	2	11	2	800
50056	1	1	3	5	2	600
50057	1	1	3	11	3	1200
50058	1	1	5	11	5	600
50059	1	1	6	11	6	2400
50060	1	1	2	11	2	1000
50061	1	25	1	24	0	 
50064	1	23	6	23	6	1000
50065	1	1	3	5	3	200
50066	1	19	20	19	20	10000
50067	1	1	3	11	3	1200
50068	1	1	2	11	2	600
50069	1	2	1	11	1	5000
50069	2	1	8	11	8	2000
50069	3	4	2	11	2	1500
50069	4	3	2	11	2	2000
50069	5	3	1	11	1	5000
50070	1	1	3	11	3	1200
50071	1	13	5	7	5	500
50072	1	1	5	11	5	600
50073	1	1	4	11	4	300
50074	1	1	4	11	4	500
50075	1	1	6	11	6	1000
50075	2	2	1	11	1	5000
50075	3	4	2	11	2	2000
50075	4	3	1	11	1	1500
50077	1	21	3	26	3	10000
50079	1	1	3	5	3	1000
50080	1	1	8	11	8	700
50080	2	3	1	11	1	1000
50081	1	1	4	5	4	500
50082	1	1	4	5	4	400
50083	1	1	4	11	4	400
50084	1	1	3	11	3	500
50085	1	17	4	24	4	50000
50086	1	1	4	11	4	500
50087	1	21	2	5	2	15000
50088	1	25	5	24	5	2000
50089	1	1	5	11	5	2500
50090	1	23	3	23	3	2000
50091	1	21	4	21	4	8000
50093	1	1	4	11	4	600
50094	1	1	6	11	6	800
50094	2	3	1	11	1	1500
50095	1	1	3	5	3	300
50096	1	21	3	21	3	6000
50097	1	9	10	2	0	 
50098	1	1	6	11	6	2000
50098	2	2	1	11	1	3000
50098	3	4	2	11	2	1000
50098	4	3	1	11	1	500
50099	1	1	4	11	4	500
50100	1	1	4	11	4	600
50100	2	3	1	11	1	1200
60001	1	1	2	11	2	100
60001	2	3	1	11	0	 
60001	3	7	1	11	0	 
60002	1	1	15	11	15	4000
60002	2	3	1	11	1	1200
60002	3	7	1	11	1	1000000
60003	1	4	1	11	1	0
60003	2	3	1	11	1	500
60003	3	1	2	11	2	100
60003	4	7	1	11	0	 
60004	2	3	1	11	1	500
60004	3	1	2	11	2	100
60004	4	7	1	11	0	 
60005	1	1	8	11	8	1600
60005	2	3	1	11	1	600
60005	3	7	1	11	0	 
60006	1	1	5	29	5	1200
60007	1	1	3	11	3	200
60009	1	1	3	11	0	 
60009	2	3	1	11	0	 
60009	3	7	1	11	0	 
60010	1	30	3	26	3	1200
60010	2	1	4	11	4	450
60012	1	1	5	11	5	650
60012	2	25	1	26	0	 
60013	1	23	8	23	8	10000
60014	1	1	4	11	4	800
60015	1	1	4	11	4	1500
60015	2	4	1	11	1	1000
60015	3	3	1	11	0	 
60015	4	7	1	11	0	 
60016	1	1	2	11	2	500
60016	2	7	1	11	0	 
60016	3	3	1	11	0	 
60017	1	1	4	5	4	1000
60018	1	1	8	11	8	1600
60019	1	1	2	11	2	200
60019	2	7	1	11	0	 
60019	3	3	1	11	0	 
60020	1	1	2	11	2	100
60021	1	1	4	11	4	800
60021	2	3	1	11	1	750
60021	3	30	10	17	10	5000
60021	4	7	1	11	0	 
60021	5	6	1	11	0	 
60022	1	1	12	11	12	2000
60023	1	1	2	11	2	100
60023	2	8	4	5	4	400
60023	3	3	1	11	0	 
60024	1	1	5	11	5	700
60024	2	3	1	11	0	 
60024	3	7	1	11	0	 
60024	4	6	1	11	0	 
60025	1	1	2	11	2	200
60025	2	7	1	11	0	 
60025	3	3	1	11	0	 
60026	1	1	2	29	2	200
60026	2	1	4	11	4	500
60027	1	1	5	11	5	450
60027	2	30	4	26	4	1600
60028	1	1	5	11	5	900
60028	2	7	0	11	0	 
60028	3	3	1	11	1	1500
60029	1	1	5	5	5	1200
60030	1	1	3	11	3	500
60030	2	88	 	 	 	 
60030	3	88	 	 	 	 
60031	1	1	6	11	6	1200
60032	1	1	2	11	2	200
60033	1	1	4	11	4	600
60035	1	8	3	5	3	1000
60037	1	1	12	11	12	3600
60037	2	4	2	11	2	2300
60037	3	3	1	11	1	800
60039	1	1	6	11	6	1300
60039	2	7	1	11	0	 
60039	3	30	1	24	1	80000
60040	1	30	1	26	1	2000000
60040	2	88	 	 	 	 
60041	1	30	9	5	9	1000
60042	1	1	2	11	2	200
60043	1	1	2	11	2	200
60043	2	4	1	11	1	0
60043	3	3	1	11	1	1000
60043	4	7	1	11	0	 
60044	1	1	6	5	6	1500
60045	1	7	1	11	0	 
60045	2	3	1	11	0	 
60046	1	1	7	11	7	3000
60047	1	1	3	11	3	200
60047	2	13	20	16	20	4500
60047	3	7	1	11	0	 
60048	1	1	9	11	9	12
60048	2	7	1	11	0	 
60048	3	3	1	11	0	 
60049	1	13	5	7	5	900
60049	2	1	8	11	8	1300
60049	3	1	2	29	2	160
60051	1	13	4	7	4	1300
60051	2	12	1	32	1	2000
60052	1	1	2	11	2	200
60052	2	13	5	7	5	1000
60053	1	21	15	21	15	10000
60054	1	1	4	11	4	800
60054	2	30	10	23	10	48000
60054	3	3	1	11	0	 
60054	4	6	1	11	0	 
60055	1	1	4	5	4	1500
60056	1	12	1	32	1	2000
60057	1	1	5	5	5	2000
60058	1	8	5	5	5	1500
60059	1	1	9	11	9	1800
60059	2	3	1	11	0	 
60059	3	7	1	11	0	 
60060	4	3	1	11	1	1000
60060	5	1	3	11	3	800
60061	1	1	6	11	6	1200
60061	2	17	1	26	0	 
60062	1	30	1	26	0	 
60062	2	22	5	22	5	600
60063	1	1	7	5	7	2000
60063	2	30	2	26	2	1500
60065	1	17	1	26	0	 
60065	2	1	3	5	3	400
60068	1	4	1	11	1	0
60068	2	1	2	11	2	100
60068	3	3	1	11	0	 
60068	6	7	1	11	0	 
60069	1	1	5	11	5	1200
60069	2	3	1	11	0	 
60069	3	7	1	11	0	 
60070	1	1	8	11	8	1200
60070	2	3	1	11	0	 
60070	3	7	1	11	0	 
60071	1	1	10	11	10	2000
60071	2	3	1	11	1	1000
60071	3	4	2	11	2	600
60072	1	1	6	11	6	1200
60072	2	4	1	11	1	1100
60072	3	3	1	11	1	600
60072	4	5	1	11	0	 
60072	5	7	1	11	0	 
60073	1	13	6	26	6	32000
60074	1	1	8	11	8	1600
60074	2	3	1	11	1	800
60074	3	4	2	11	2	600
60075	1	1	11	11	11	2500
60075	2	4	2	11	2	400
60075	3	7	1	11	0	 
60076	1	1	11	11	11	2200
60076	2	3	1	11	1	800
60076	3	13	8	7	8	2000
60077	1	1	7	11	7	1700
60077	2	2	1	11	1	12000
60077	3	3	1	11	1	2000
60077	4	6	1	11	0	 
60077	5	7	1	11	0	 
60078	1	1	8	5	8	2500
60079	1	1	6	11	6	1000
60079	2	7	1	11	0	 
60079	3	13	9	7	9	3000
60080	1	1	4	11	4	600
60080	2	13	6	14	6	8000
60081	1	1	3	13	3	200
60082	1	4	1	11	1	100
60082	2	1	3	11	3	200
60082	3	7	1	11	0	 
60082	4	3	1	11	1	500
60083	1	1	5	11	4	1200
60084	1	1	3	5	3	700
60085	1	8	6	26	6	1200
60086	1	1	2	11	2	100
60089	1	1	5	5	5	1500
60090	1	1	5	5	5	1000
60091	1	30	3	5	3	200
60092	1	25	1	24	1	45000
60093	1	1	5	11	5	2000
60093	2	30	6	11	6	10000
60094	1	1	2	11	0	 
60096	1	13	11	7	11	2000
60097	1	1	4	5	4	1500
60098	1	2	1	24	1	3000
60098	2	1	6	5	6	1200
60099	1	30	2	5	2	560
60100	1	1	5	29	3	1200
70001	1	7	1	11	1	100000
70001	2	1	3	11	3	1000
70001	3	3	1	11	0	0
70002	1	1	4	11	4	700
70002	2	1	2	29	2	350
70003	1	1	7	11	7	2300
70003	2	21	2	21	2	7500
70004	1	1	2	11	2	200
70004	2	7	1	11	0	0
70004	3	3	1	11	0	0
70004	4	24	1	23	1	30000
70005	1	1	2	11	2	300
70005	2	7	1	11	0	0
70005	3	3	1	11	0	0
70006	1	7	1	11	0	0
70006	2	1	3	11	3	1500
70006	3	6	1	11	0	0
70007	1	12	5	8	5	4000
70010	1	1	3	11	3	240
70010	2	1	1	29	1	80
70012	1	13	4	7	2	5000
70012	2	1	5	11	5	2000
70013	1	1	4	11	4	1200
70013	2	7	1	11	0	0
70014	1	1	2	11	2	200
70016	1	1	2	5	2	500
70017	1	1	6	11	6	1200
70017	2	4	3	11	3	2500
70017	3	3	1	11	0	0
70018	1	13	8	4	5	10000
70019	1	1	3	11	3	600
70020	1	1	4	11	4	1200
70020	2	7	1	11	0	0
70020	3	21	1	21	1	3000
70021	1	1	1	8	1	250
70021	2	3	1	13	0	0
70021	3	4	1	13	0	0
70022	1	13	2	7	0	0
70023	1	1	3	11	3	900
70024	1	1	6	11	6	1800
70024	2	21	1	21	1	10000
70025	1	30	2	26	2	700
70025	2	30	2	26	2	1200
70026	1	 	 	 	 	 
70026	2	 	 	 	 	 
70026	3	 	 	 	 	 
70027	1	7	1	11	0	0
70027	2	2	1	11	0	0
70027	3	21	1	21	1	2000
70028	1	1	10	11	10	15000
70028	2	7	1	11	0	0
70028	3	6	1	11	0	0
70029	1	1	5	11	5	2000
70029	2	3	1	11	0	0
70029	3	7	1	11	0	0
70030	1	1	3	11	3	1500
70030	2	7	1	11	0	0
70030	3	4	1	11	1	2000
70030	4	3	1	11	0	0
70031	1	1	5	11	5	650
70032	1	1	6	11	6	1200
70033	1	1	3	11	3	1000
70033	2	7	1	11	0	0
70033	3	6	1	11	0	0
70033	4	3	1	11	0	0
70034	1	1	5	11	5	1200
70034	2	3	0	11	0	0
70034	3	7	1	11	0	0
70035	1	15	15	12	15	8000
70036	1	1	9	11	9	2000
70036	2	3	1	11	0	0
70036	3	7	1	11	0	0
70038	1	30	2	26	2	200
70039	1	8	1	5	1	2000
70040	1	30	10	7	10	4000
70041	1	23	4	23	4	3000
70042	1	1	2	11	2	1200
70042	2	4	1	11	0	 
70043	1	4	1	11	0	0
70043	2	7	1	11	0	0
70043	3	1	1	11	1	300
70045	1	1	3	11	3	1000
70045	2	7	1	11	0	 
70045	3	3	3	11	3	1000
70045	4	7	1	11	0	 
70045	5	3	1	11	0	 
70046	1	1	5	11	5	2000
70046	2	7	1	11	0	0
70046	3	6	1	11	0	0
70048	1	1	1	29	1	100
70050	1	1	10	11	5	2000
70050	2	3	1	11	0	0
70050	3	7	1	11	0	0
70051	1	1	8	11	8	1640
70051	2	4	1	11	1	300
70051	3	7	1	11	0	0
70051	4	6	1	11	0	0
70051	5	3	1	11	1	1300
70052	1	1	4	11	4	700
70052	2	23	3	23	3	500
70054	1	 	 	 	 	 
70055	1	2	1	11	1	15000
70055	2	4	1	11	1	200
70055	3	3	1	11	0	0
70055	4	1	5	11	5	1000
70055	5	7	1	11	0	0
70055	6	30	1	26	1	300000
70056	1	1	6	11	6	800
70056	2	30	1	26	1	1500
70057	1	30	3	5	3	800
70058	1	1	5	11	5	1000
70058	2	3	1	11	0	0
70058	3	7	1	11	0	0
70059	1	1	2	11	2	800
70059	2	7	1	11	0	0
70059	3	8	1	11	0	0
70060	1	23	5	23	5	10000
70060	2	1	2	5	2	1000
70061	1	1	10	11	10	2000
70061	2	3	1	11	0	0
70061	3	7	1	11	0	0
70061	4	6	1	11	0	0
70062	1	1	5	11	5	500
70062	2	7	1	11	0	0
70063	1	1	3	11	3	800
70063	2	5	1	11	0	0
70063	3	4	1	11	0	0
70063	5	7	1	11	0	0
70064	1	1	5	11	5	5000
70064	2	6	1	11	0	0
70064	3	7	1	11	0	0
70065	1	1	4	11	4	1200
70065	2	7	1	11	0	0
70065	3	2	1	11	0	0
70065	4	12	1	11	0	0
70066	1	1	3	11	3	1200
70066	2	7	2	11	2	400000
70066	3	3	1	11	1	2000
70066	4	5	1	11	1	3000
70066	5	30	1	7	1	300000
70067	1	1	3	11	3	800
70067	2	7	1	11	0	0
70067	3	2	1	11	0	0
70068	1	1	2	11	2	700
70068	2	7	1	11	0	0
70068	3	4	1	11	1	2000
70069	1	1	2	11	2	600
70069	2	7	2	11	2	600
70069	3	3	1	11	0	0
70069	4	5	1	11	0	0
70070	1	1	4	11	4	500
70072	1	1	3	11	1	100
70074	1	1	3	11	3	1000
70075	1	1	8	11	6	1200
70076	1	23	5	23	5	8000
70077	1	1	3	11	3	200
70077	2	7	1	11	0	0
70078	1	1	5	11	5	600
70079	1	1	2	11	2	200
70079	2	7	1	11	0	0
70079	3	3	1	11	0	0
70080	1	1	5	11	5	2500
70080	2	7	1	11	1	0
70082	1	24	3	26	3	20000
70083	1	1	5	11	5	700
70084	1	1	6	11	6	1000
70084	2	21	1	21	1	4000
70084	3	25	1	24	1	120000
70085	1	21	2	21	2	4000
70086	1	1	4	11	4	700
70086	2	7	1	11	0	0
70087	1	1	4	11	4	450
70089	1	13	2	7	2	5000
70090	1	23	10	23	4	3500
70090	2	21	1	21	1	2500
70091	1	1	3	11	0	 
70091	2	1	1	29	1	80
70092	1	2	1	11	1	15000
70092	2	4	1	11	1	500
70092	3	1	4	11	4	2000
70093	1	1	3	11	3	1200
70093	2	7	1	11	0	0
70094	1	1	8	11	8	1800
70095	1	1	3	11	3	500
70095	2	3	1	11	0	 
70095	3	7	1	11	0	 
70095	4	23	12	23	12	8000
70096	1	1	4	11	4	1200
70096	3	7	1	11	0	0
70096	4	6	1	11	0	0
70096	5	3	1	11	1	1800
70097	1	13	5	7	5	1500
70097	2	1	6	11	6	700
70097	3	30	2	11	1	18000
70097	4	30	6	11	3	4000
70098	1	15	18	12	18	1200
70099	1	1	3	29	3	1500
70100	1	1	3	11	3	600
70100	2	7	1	11	0	0
70100	3	6	1	11	0	0
70100	4	18	1	11	0	0
70100	5	3	1	11	0	0
70100	6	7	1	11	0	0
80001	1	1	3	11	3	450
80002	1	1	9	11	9	500
80002	2	7	1	11	1	400000
80002	4	21	1	21	1	3000
80003	1	21	1	21	1	4000
80005	1	1	4	11	4	300
80007	1	1	6	11	6	1200
80008	1	1	5	88	5	600
80010	1	1	5	11	5	650
80011	1	1	3	11	3	180
80012	1	1	3	11	2	150
80013	1	1	4	11	4	300
80014	1	1	3	11	3	3
80015	1	30	3	32	3	3
80015	2	2	1	32	1	7000
80016	1	1	4	11	4	600
80017	1	1	3	11	3	150
80018	1	1	4	11	4	600
80019	1	1	9	11	9	1500
80019	2	21	1	21	1	1500
80020	1	1	4	11	4	600
80020	2	12	1	32	1	600
80020	3	30	1	24	1	90000
80021	1	21	1	21	1	3500
80021	2	1	3	11	3	300
80022	1	1	4	11	4	200
80022	2	2	1	11	1	5000
80023	1	2	1	32	1	8000
80023	2	1	4	11	4	150
80024	1	1	3	11	3	250
80025	1	1	5	11	5	600
80026	1	1	4	11	4	500
80027	1	21	1	21	1	2500
80028	1	1	5	11	5	600
80028	2	9	10	2	10	1500
80028	3	14	1	26	1	12000
80029	1	1	2	11	2	150
80029	2	14	2	26	2	30000
80029	3	9	2	2	2	200
80030	1	1	10	11	10	2000
80030	2	3	1	11	1	4500
80030	3	5	1	11	1	15000
80031	1	1	8	11	8	1000
80031	2	7	1	11	1	350000
80032	1	1	2	11	2	200
80033	1	1	3	11	3	120
80034	1	1	8	11	8	700
80034	2	7	1	11	1	250000
80035	1	1	4	11	4	280
80036	1	1	10	11	10	800
80037	1	1	6	11	6	400
80038	1	1	7	11	7	100
80038	2	3	1	11	1	600
80039	1	1	6	11	6	500
80040	1	1	15	11	15	1100
80041	1	1	5	11	5	150
80042	1	1	2	8	2	100
80043	1	1	3	11	3	400
80044	1	1	3	11	3	220
80046	1	1	5	7	5	1500
80046	2	30	1	24	1	250000
80047	1	1	5	11	5	800
80048	1	1	5	11	5	450
80048	2	30	1	24	1	150000
80049	1	1	4	11	4	600
80050	1	1	4	11	4	400
80050	2	21	1	21	1	5000
80051	1	1	4	11	4	400
80052	1	1	5	11	3	300
80053	1	1	5	11	5	800
80054	1	1	6	11	6	1500
80054	2	3	1	11	1	4500
80055	1	1	5	11	5	350
80056	1	1	6	11	6	700
80057	1	1	4	11	4	500
80058	1	1	6	11	6	750
80059	1	1	6	11	6	900
80059	2	21	1	21	1	3000
80060	1	1	3	11	3	200
80061	1	1	5	11	5	1200
80062	1	1	2	11	2	150
80063	1	1	4	11	4	300
80064	1	1	6	11	6	450
80065	1	1	4	11	4	400
80066	1	1	6	11	6	500
80067	1	1	3	11	3	250
80068	2	1	6	11	6	450
80068	3	21	1	21	1	2500
80068	4	12	1	32	1	150
80069	1	1	6	11	6	1300
80070	1	1	4	11	4	450
80071	1	1	4	11	4	1200
80072	1	1	6	11	6	1200
80072	2	3	1	11	1	700
80072	3	5	1	11	1	20000
80072	4	21	1	21	1	3500
80073	1	1	2	11	2	100
80074	1	1	3	11	3	200
80075	1	1	5	11	5	450
80076	1	1	3	11	3	190
80077	1	1	3	11	3	400
80078	1	1	8	11	8	600
80079	1	1	4	11	4	500
80080	1	1	7	11	7	500
80081	1	1	6	11	6	500
80081	2	5	1	11	1	25000
80081	3	30	1	24	1	100000
80082	1	1	10	11	10	1200
80083	1	1	5	11	5	450
80084	1	1	15	11	15	2000
80085	1	1	6	11	6	800
80086	1	1	10	11	10	700
80087	1	1	3	11	3	450
80088	1	1	8	11	8	500
80088	2	7	1	11	1	2000000
80089	1	1	6	11	6	250
80090	1	1	5	11	5	350
80091	1	1	10	11	10	1500
80091	2	21	1	21	1	2500
80092	1	1	3	11	3	500
80093	1	1	5	11	5	200
80094	1	1	10	11	10	1100
80095	1	1	8	11	8	550
80095	2	21	1	21	1	3000
80096	1	1	6	11	6	1000
80096	2	3	1	11	1	500
80097	1	1	5	11	5	800
80099	1	30	5	32	5	2000
80099	2	2	1	32	1	3000
80100	1	1	3	11	3	200
90001	1	1	3	11	3	600
90001	3	25	1	23	1	17000
90002	1	4	3	11	3	5000
90002	2	1	9	8	9	4000
90003	1	1	7	11	7	1300
90004	1	1	8	11	8	800
90005	1	23	3	23	3	2000
90006	1	1	6	11	6	1000
90007	1	21	1	21	1	5000
90008	1	1	10	11	10	500
90008	2	3	1	11	1	200
90009	1	1	10	11	10	3500
90010	1	1	4	11	4	600
90011	1	1	3	11	3	1000
90012	1	1	6	11	6	700
90013	1	1	4	11	4	100
90013	2	21	1	21	1	3500
90014	1	1	6	11	6	600
90014	2	25	1	24	0	50000
90015	1	1	3	11	3	150
90016	1	1	4	11	4	600
90017	1	1	8	11	8	1400
90017	2	5	1	11	1	60000
90018	1	1	4	11	4	100
90018	2	30	1	24	1	70000
90019	1	1	6	11	6	1200
90020	1	1	6	11	6	400
90021	1	13	5	7	5	1300
90021	2	1	3	11	3	500
90022	1	1	5	11	5	1200
90022	2	25	1	23	1	25000
90023	1	1	3	11	3	500
90024	1	1	4	11	4	1000
90025	1	1	7	11	6	800
90025	2	7	1	24	1	0
90026	1	1	20	11	20	4500
90026	2	3	1	11	1	3000
90026	3	5	3	11	3	150000
90026	4	7	1	11	1	300000
90026	5	4	3	11	3	20000
90027	1	1	7	11	7	2000
90027	2	3	1	11	1	6000
90028	1	1	5	11	5	820
90029	1	1	6	11	6	1200
90030	1	1	4	11	4	200
90030	2	3	1	11	1	500
90030	3	21	1	21	1	1
90030	4	5	1	11	1	20000
90031	1	1	7	11	7	500
90032	1	1	6	11	6	1500
90033	1	1	4	11	4	300
90034	1	1	6	11	6	1200
90035	1	1	4	8	4	280
90036	1	1	2	11	2	500
90037	1	1	3	11	3	500
90038	1	1	2	11	2	350
90039	1	1	6	11	6	500
90040	1	1	3	11	3	500
90041	1	1	3	11	3	400
90042	1	1	6	11	6	500
90042	2	21	1	21	1	2000
90043	1	23	3	23	3	900
90044	1	1	6	11	6	400
90045	1	1	4	11	4	600
90045	2	21	1	21	1	2500
90046	1	1	3	11	3	600
90047	1	1	3	11	3	150
90049	1	1	5	11	5	1200
90049	2	14	1	9	1	20000
90051	1	30	0	88	0	0
90052	1	15	4	12	4	1000
90053	1	1	6	11	6	800
90053	2	2	1	11	1	10000
90053	3	4	3	11	3	4000
90053	4	5	1	11	1	25000
90054	1	1	11	11	11	400
90055	1	1	5	11	5	1000
90057	1	1	3	11	3	300
90058	1	1	3	11	3	500
90059	1	1	2	11	2	100
90060	1	1	1	11	1	200
90061	1	1	5	11	5	800
90062	1	88	 	 	 	 
90063	1	21	1	21	1	2800
90064	1	1	6	11	6	800
90065	1	1	2	11	2	140
90066	1	1	4	11	4	500
90067	1	1	7	11	7	1200
90067	2	21	1	21	1	1200
90068	1	1	3	11	3	300
90069	1	1	4	11	4	600
90071	1	1	6	11	6	800
90072	1	1	4	11	4	280
90073	1	1	3	11	3	450
90074	1	1	3	11	3	500
90075	1	1	3	8	3	200
90076	1	1	3	11	3	150
90077	1	1	3	11	3	550
90077	2	21	1	21	1	3000
90079	1	1	4	11	4	600
90080	1	1	4	11	4	250
90081	1	1	5	11	5	250
90082	1	1	6	11	6	600
90083	1	1	3	11	3	800
90085	1	1	3	11	3	550
90086	1	1	9	11	9	2000
90086	2	3	2	11	2	4000
90087	1	1	4	11	4	900
90088	1	1	4	11	4	500
90089	1	1	8	11	8	1000
90090	1	1	4	11	4	500
90091	1	1	5	11	5	1200
90092	1	25	1	28	1	22000
90093	1	1	2	11	2	150
90094	1	23	3	23	3	1500
90095	1	21	1	21	1	3500
90095	2	30	1	24	0	 
90096	1	30	6	5	6	3400
90097	1	 	 	 	 	 
90098	1	1	1	11	1	100
90099	1	1	2	11	2	100
90100	1	1	8	11	8	1000
100008	1	21	1	21	1	4000
100010	1	30	1	26	1	10000
100019	1	21	1	21	1	3000
100021	1	21	1	21	1	1000
100024	1	2	1	12	1	6000
100024	2	15	4	12	4	3000
100025	1	21	1	21	1	3000
100028	1	2	4	12	4	2500
100028	2	30	6	26	6	1500
100030	1	21	1	21	1	4000
100035	1	30	1	24	1	60000
100036	1	21	2	21	2	4000
100037	1	21	1	21	1	2800
100039	1	13	4	5	4	1000
100042	1	30	200	26	200	5000
100042	2	1	4	11	4	200
100043	1	2	1	23	1	5000
100046	1	1	2	23	2	150
100046	2	25	1	23	1	30000
100049	1	13	8	8	8	10000
100049	2	21	1	21	1	3000
100050	1	15	5	12	5	800
100050	2	21	2	21	2	5500
100051	1	30	8	16	8	1500
100052	1	21	1	21	1	3000
100053	1	21	1	21	1	2500
100057	1	13	5	26	5	2000
100058	1	21	1	21	1	2500
100058	2	30	4	26	4	160
100060	1	13	4	8	4	1500
100061	1	25	1	24	1	15000
100061	2	21	1	21	1	2000
100062	1	24	5	26	5	7000
100063	1	23	1	23	1	800
100066	1	30	1	24	1	40000
100067	1	21	1	21	1	3500
100070	1	21	1	21	1	2000
100073	1	30	1	24	1	48000
100074	1	21	1	21	1	3500
100075	1	9	20	2	20	1000
100077	1	23	3	23	3	2500
100077	2	21	1	21	1	3500
100078	1	21	1	21	1	2000
100079	1	30	3	7	3	120
100089	1	30	6	26	6	200
100094	1	1	3	11	3	350
100100	1	1	4	11	4	200
110001	1	1	3	11	3	400
110001	2	7	1	11	0	0
110001	3	2	1	11	0	0
110001	4	4	1	11	0	0
110002	1	4	4	11	0	0
110002	2	7	1	11	0	0
110003	1	1	6	11	5	1500
110004	1	1	10	11	8	1000
110005	1	13	8	7	8	4000
110007	1	7	1	11	0	0
110007	2	2	1	11	0	0
110007	3	3	1	11	0	0
110007	4	4	1	11	0	0
110007	5	1	8	11	8	200
110007	6	30	24	26	24	80000
110008	1	2	1	11	0	0
110008	2	3	1	11	0	0
110008	3	6	1	11	0	0
110008	4	1	11	11	11	500
110011	1	7	1	11	0	0
110011	2	6	1	11	0	0
110011	3	1	4	11	4	100
110011	4	3	1	11	0	0
110012	1	2	1	11	0	0
110012	2	3	1	11	0	0
110012	3	6	1	11	0	0
110012	4	1	7	11	7	300
110013	1	1	7	11	7	600
110013	2	2	1	11	1	150000
110013	3	3	1	11	1	3000
110013	4	4	9	11	9	10000
110013	5	7	1	11	0	0
110014	1	7	1	11	1	250000
110014	2	30	6	11	6	100000
110014	3	30	1	11	1	60000
110014	4	4	1	11	1	20000
110014	5	3	1	11	1	1500
110014	6	1	40	11	40	6000
110015	1	1	8	11	8	600
110015	2	2	1	11	0	 
110015	3	3	1	11	0	 
110015	4	4	1	11	0	 
110015	5	7	1	11	0	 
110015	6	6	1	11	0	 
110016	1	4	5	11	5	10000
110016	2	2	1	11	1	20000
110016	3	3	1	11	1	2500
110016	4	1	8	11	8	2000
110017	1	1	4	11	4	360
110017	2	2	1	11	0	0
110017	3	3	1	11	0	0
110017	4	4	2	11	0	0
110017	5	7	1	11	0	0
110018	1	2	1	11	1	9000
110018	2	4	6	11	6	20000
110018	3	1	10	11	10	1200
110018	4	3	1	11	0	0
110018	5	7	1	11	0	0
110018	6	6	1	11	0	0
110019	1	1	6	11	6	400
110019	2	3	1	11	0	 
110019	3	2	1	11	0	 
110019	4	4	1	11	0	 
110019	5	7	1	11	0	 
110020	1	4	3	11	3	10000
110020	2	2	1	11	1	20000
110020	3	1	8	11	8	500
110021	1	1	4	11	4	500
110021	2	2	1	11	1	20000
110021	3	3	1	11	0	0
110021	4	4	2	11	0	0
110021	5	7	1	11	0	0
110022	1	1	5	11	5	750
110023	1	1	3	11	3	400
110023	2	4	3	11	3	300
110023	3	3	1	11	1	1000
110024	1	1	3	11	3	100
110024	2	4	3	11	0	0
110024	3	2	1	11	0	0
110025	1	1	6	11	6	400
110025	2	3	1	11	0	0
110025	3	7	1	11	0	0
110025	4	6	1	11	0	0
110025	5	4	3	11	0	0
110027	1	1	3	11	3	500
110027	2	4	3	11	0	0
110027	3	2	1	11	0	0
110028	1	1	10	11	8	1000
110028	2	4	4	11	4	5000
110028	3	5	1	11	1	40000
110028	4	3	1	11	1	2500
110029	1	3	1	11	1	5000
110029	2	1	6	11	6	1000
110029	3	7	1	11	0	0
110029	4	30	30	11	30	15000
110030	1	1	6	11	6	200
110030	2	2	1	11	0	0
110030	3	3	1	11	0	0
110030	4	4	3	11	0	0
110030	5	7	1	11	0	0
110031	1	2	1	11	1	20000
110031	2	4	6	11	6	20000
110031	3	1	8	11	8	2000
110031	4	3	1	11	0	0
110031	5	7	1	11	0	0
110031	6	6	1	11	0	0
110033	1	1	10	11	10	900
110033	2	3	1	11	0	0
110033	3	2	1	11	1	30000
110033	4	4	3	11	0	0
110033	5	7	1	11	0	0
110034	1	2	1	11	1	20000
110034	2	4	6	11	6	12000
110034	3	1	9	11	9	1000
110034	4	3	1	11	0	0
110034	5	6	1	11	0	0
110034	6	7	1	11	0	0
110035	1	30	100	14	100	2000
110037	1	1	6	11	6	550
110037	2	4	3	11	0	0
110038	1	1	4	11	4	500
110039	1	1	6	11	6	500
110040	1	1	4	11	4	500
110041	1	1	6	5	6	400
110042	1	1	19	11	19	575
110042	2	2	1	11	1	20000
110042	3	3	1	11	1	3500
110042	4	4	5	11	5	65
110042	5	6	1	11	1	30000
110042	6	7	1	11	0	0
110043	1	8	1	11	1	20000
110043	2	3	1	11	1	3000
110043	3	1	4	11	4	1000
110043	4	7	1	11	0	0
110044	1	1	6	11	6	300
110044	2	2	1	11	0	0
110044	3	3	1	11	0	0
110044	4	4	3	11	0	0
110044	5	7	1	11	0	0
110046	1	3	1	11	0	0
110046	2	1	5	11	5	1000
110046	3	7	1	11	0	0
110046	4	25	1	24	1	100000
110046	5	17	6	24	6	5000
110047	1	1	9	11	9	400
110047	2	2	1	11	0	 
110047	3	3	1	11	0	 
110047	4	4	3	11	0	 
110048	1	1	6	11	6	400
110048	2	2	1	11	1	30000
110048	3	4	4	11	4	9000
110048	4	3	1	11	1	3000
110048	5	8	4	11	4	3000
110050	1	1	9	11	9	500
110050	2	7	1	11	0	0
110050	3	2	1	11	0	0
110050	4	3	1	11	0	0
110050	5	4	3	11	0	0
110051	1	2	1	11	1	10000
110051	2	4	3	11	3	10000
110051	3	3	1	11	1	6000
110051	4	1	5	11	5	1000
110051	5	5	3	11	3	300000
110051	6	30	13	11	13	60000
110052	1	1	6	11	6	300
110052	2	4	3	11	0	0
110052	3	2	1	11	0	0
110052	4	3	1	11	0	0
110053	1	1	5	11	5	1500
110053	2	7	1	11	0	0
110053	3	3	1	11	0	0
110055	1	1	6	11	6	650
110055	2	2	1	11	1	15000
110055	3	3	1	11	1	1000
110055	4	4	2	11	2	2000
110055	5	5	1	11	1	50000
110057	1	1	3	11	2	60
110057	2	2	1	11	0	0
110057	3	3	1	11	0	0
110057	4	4	3	11	0	0
110057	5	7	1	11	0	0
110058	1	1	3	11	3	200
110058	2	8	1	11	0	0
110059	1	1	5	11	5	0
110059	2	3	1	11	0	0
110059	3	7	1	11	0	0
110061	1	1	3	11	3	300
110061	2	3	1	11	0	0
110061	3	2	1	11	0	0
110063	1	30	1	24	1	30000
110063	2	1	8	11	8	500
110064	1	1	4	11	4	570
110064	2	2	1	11	0	0
110064	3	3	1	11	0	0
110064	4	4	4	11	4	400
110064	5	8	4	11	4	370
110065	1	15	25	12	25	5000
110066	1	1	13	11	13	450
110066	2	2	1	11	0	0
110066	3	4	1	11	0	0
110066	4	7	1	11	0	0
110066	5	3	1	11	0	0
110067	1	15	15	12	15	10000
110067	2	30	2	23	2	15000
110068	1	15	15	12	15	20000
110068	2	2	1	12	1	10000
110069	1	1	4	11	0	0
110069	2	2	1	11	0	0
110069	3	3	1	11	0	0
110069	4	4	3	11	0	0
110069	5	7	1	11	0	0
110069	6	8	3	11	0	0
110070	1	1	4	11	4	400
110070	2	2	1	11	1	20000
110070	3	3	3	11	1	5000
110070	4	4	6	11	6	20000
110070	5	7	1	11	0	0
110070	6	8	4	11	0	0
110071	1	7	1	11	0	0
110071	2	3	1	11	0	0
110071	3	1	5	11	5	1800
110072	1	1	7	11	7	600
110073	1	7	1	11	1	10000
110073	2	1	8	11	8	500
110073	3	2	1	11	1	12000
110073	4	3	1	11	1	500
110073	5	4	2	11	2	18000
110074	1	1	10	11	10	1500
110074	2	4	4	11	4	18000
110074	3	2	1	11	1	15000
110075	1	1	10	11	10	2000
110076	1	1	8	11	8	1000
110077	1	1	8	11	8	325
110077	2	2	1	11	0	0
110077	3	3	1	11	0	0
110077	4	4	4	11	0	0
110077	5	7	1	11	0	0
110078	1	1	2	11	2	200
110079	1	1	10	11	10	2300
110080	1	1	7	11	7	1000
110081	1	2	1	11	0	0
110081	2	3	1	11	0	0
110081	3	4	2	11	0	0
110081	4	1	8	11	8	600
110082	1	1	2	11	2	400
110083	1	1	11	11	11	900
110083	2	2	1	11	1	30000
110083	3	3	1	11	1	1500
110083	4	4	6	11	6	9000
110083	5	7	1	11	0	0
110083	6	8	7	11	7	4200
110084	1	2	1	23	1	2500
110085	1	30	1	23	1	50000
110085	2	23	5	23	5	3500
110086	1	1	20	11	20	3500
110086	2	4	5	11	5	15000
110086	3	2	1	11	1	20000
110087	1	13	9	26	9	900
110088	1	1	4	11	4	500
110089	1	1	3	11	3	300
110089	2	3	1	11	1	500
110089	3	2	1	11	1	15000
110089	4	4	2	11	2	4000
110089	5	7	1	11	0	0
110091	1	1	5	11	4	800
110091	2	3	1	11	0	0
110091	3	7	1	11	0	0
110092	1	11	20	4	20	150000
110093	1	7	1	11	0	0
110093	2	6	1	11	0	0
110093	3	2	1	11	0	0
110093	4	4	2	11	0	0
110093	5	3	1	11	0	0
110093	6	1	7	11	7	500
110094	1	1	6	11	6	700
110094	2	4	3	11	0	8000
110095	1	22	15	22	15	4000
110095	2	7	1	11	0	0
110095	3	6	1	11	0	0
110095	4	3	1	11	0	0
110095	5	1	6	11	6	2000
110096	1	 	 	 	 	 
110097	1	7	1	11	0	0
110097	2	3	1	11	0	0
110097	3	1	6	11	0	0
110098	1	2	1	23	1	6000
110098	2	23	4	23	4	1000
110099	1	2	2	5	0	 
110100	1	1	8	11	7	100
110100	2	2	1	11	1	10000
110100	3	3	1	11	0	0
110100	4	7	1	11	0	0
110100	5	4	3	11	3	50
110100	6	8	9	11	9	100
110103	1	1	10	11	10	400
110103	2	30	7	26	7	200
110104	1	2	1	11	1	30000
110104	2	4	8	11	8	10000
110104	3	1	12	11	12	300
110104	4	3	1	11	0	0
110104	5	6	1	11	0	0
110104	6	7	1	11	0	0
120001	1	1	8	11	8	600
120002	1	1	5	11	5	300
120002	2	7	1	11	0	 
120003	1	7	1	11	1	500000
120003	2	4	1	11	1	30000
120003	3	1	10	11	8	2000
120003	4	3	1	11	1	2000
120004	1	1	3	11	3	300
120004	2	3	1	11	0	 
120004	3	4	1	11	0	 
120004	4	7	1	11	0	 
120004	5	30	1	24	1	100000
120005	1	1	4	11	4	800
120006	1	1	3	11	3	200
120006	2	4	3	11	0	 
120006	3	2	1	11	0	 
120007	1	7	1	11	0	 
120008	1	7	1	11	1	600000
120008	2	1	10	11	10	1000
120008	3	5	1	11	1	50000
120008	4	30	50	11	50	25000
120008	5	3	1	11	0	 
120009	1	25	1	24	1	60000
120010	1	1	6	11	6	400
120010	2	21	2	21	2	10000
120010	3	4	3	11	0	 
120010	4	7	1	11	0	 
120010	5	3	1	11	0	 
120012	1	7	1	11	0	 
120012	2	4	3	11	0	 
120012	3	2	1	11	0	 
120013	1	2	1	11	1	30000
120013	2	4	3	11	3	10000
120013	3	1	5	11	5	1500
120014	1	7	1	11	1	500000
120014	2	5	2	11	2	60000
120014	3	8	62	11	62	40000
120014	4	8	1	11	1	50000
120014	5	1	10	11	10	1500
120015	1	30	1	24	0	 
120018	1	1	6	11	6	200
120020	1	3	1	11	1	5000
120020	2	5	20	11	20	80000
120020	3	30	300	11	300	36000
120020	4	1	8	11	8	2000
120021	1	30	1	11	1	125000
120022	1	7	1	11	0	 
120023	1	1	5	11	5	1000
120023	2	3	1	11	0	 
120023	3	7	1	11	0	 
120025	1	1	8	11	3	550
120025	2	30	1	11	1	15000
120027	1	1	10	11	10	2000
120027	2	7	1	11	0	 
120027	3	3	1	11	0	 
120027	4	4	5	11	0	 
120028	1	1	3	11	2	100
120028	2	4	3	11	0	 
120029	1	1	6	11	6	500
120030	1	1	5	26	5	500
120032	1	24	76	23	76	12500
120033	1	5	1	11	1	50000
120033	2	30	12	11	12	24000
120033	3	1	4	11	4	400
120034	1	1	3	11	3	300
120034	2	13	4	7	4	2500
120035	1	30	6	26	6	3000
120035	2	4	6	11	6	4000
120035	3	1	10	11	10	2000
120035	4	7	1	11	0	 
120035	5	3	1	11	0	 
120035	6	6	1	11	0	 
120036	1	15	6	12	6	1300
120036	2	30	1	23	1	800
120036	3	30	1	12	1	3000
120036	4	30	150	23	0	 
120038	1	26	10	25	10	10000
120039	1	21	1	26	1	1500
120040	1	9	10	2	10	2000
120041	1	4	1	11	0	 
120041	2	3	1	11	0	 
120041	3	7	1	11	0	 
120042	1	13	6	7	6	500
120044	1	7	1	11	0	 
120044	2	25	1	24	1	600000
120045	1	1	12	11	12	2000
120045	2	7	1	11	0	 
120045	3	30	1	26	1	100000
120046	1	1	5	11	5	800
120046	2	3	1	11	0	 
120046	3	7	1	11	0	 
120047	1	1	5	11	5	230
120048	1	1	2	11	2	200
120048	2	3	1	11	0	 
120048	3	4	3	11	3	4000
120048	4	7	1	11	0	 
120048	5	8	20	11	20	500
120049	1	1	10	11	10	100
120049	2	7	1	11	0	 
120049	3	2	3	11	0	 
120049	4	4	3	11	0	 
120049	5	3	1	11	0	 
120049	6	5	1	11	1	5000
120050	1	13	6	7	6	800
120051	1	1	6	11	6	900
120051	2	7	1	11	0	 
120051	3	3	1	11	0	 
120052	1	1	3	11	3	300
120052	2	4	3	11	3	300
120052	3	2	1	11	1	20000
120052	4	8	15	11	15	500
120054	1	1	7	11	7	500
120054	2	7	1	11	0	 
120054	3	2	1	11	0	 
120054	4	4	1	11	0	 
120054	5	3	1	11	0	 
120056	1	5	4	11	4	5000
120056	2	1	15	11	15	1250
120056	3	3	1	11	1	2000
120057	1	1	10	5	10	300
120058	1	5	1	11	1	80000
120058	2	30	12	11	12	20000
120058	3	1	5	11	5	1000
120058	4	3	1	11	0	 
120058	5	7	1	11	0	 
120059	1	1	20	11	20	1000
120059	2	7	1	11	0	 
120059	3	2	1	11	0	 
120059	4	5	1	11	1	20000
120059	5	3	1	11	0	 
120059	6	4	1	11	0	 
120061	1	1	8	11	8	1500
120061	2	3	1	11	0	 
120061	3	7	1	11	0	 
120062	1	2	1	11	1	15000
120062	2	4	2	11	2	4000
120062	3	1	10	11	10	600
120063	1	1	1	5	1	100
120063	2	8	1	5	1	300
120065	1	1	21	11	21	2000
120065	2	2	3	11	0	 
120065	3	4	3	11	0	 
120065	4	7	1	11	0	 
120066	1	1	1	11	1	60
120066	2	8	4	11	4	440
120068	1	1	25	11	25	500
120068	2	7	1	11	1	200000
120068	3	3	1	11	1	2000
120068	4	4	3	11	0	 
120068	5	2	3	11	0	 
120069	1	1	3	11	0	 
120069	2	4	3	11	3	1500
120069	3	3	1	11	1	700
120069	4	7	1	11	0	 
120070	1	1	45	11	45	2000
120070	2	3	1	11	1	1000
120070	3	7	1	11	0	 
120071	1	12	2	32	2	6000
120072	1	1	1	11	1	100
120072	2	3	1	11	0	 
120072	3	7	1	11	0	 
120072	4	8	1	11	0	 
120073	1	1	2	11	2	200
120073	2	3	1	11	0	 
120073	3	4	2	11	2	2000
120073	4	7	1	11	0	 
120074	1	1	16	11	16	1000
120074	2	7	1	11	0	 
120074	3	3	1	11	0	 
120075	1	1	10	11	10	550
120076	1	30	12	26	12	4000
120079	1	23	6	23	6	1000
120080	1	1	6	11	6	200
120082	1	1	6	11	6	300
120083	1	1	5	11	5	300
120084	1	2	1	11	1	15000
120084	2	4	6	11	6	6000
120084	3	1	20	11	20	2000
120084	4	7	1	11	0	 
120084	5	3	1	11	0	 
120085	1	1	4	11	4	400
120085	2	3	1	11	1	8000
120085	3	4	3	11	3	1200
120085	4	7	1	11	0	 
120085	5	30	7	23	7	30000
120086	1	1	4	11	4	200
120087	1	1	1	11	1	100
120087	2	8	3	11	3	300
120088	1	1	1	11	1	100
120088	2	8	1	11	1	100
120089	1	1	4	11	4	200
120090	1	1	2	11	2	200
120090	2	8	8	11	8	800
120091	1	9	16	2	16	15000
120091	2	21	1	21	1	6000
120091	3	8	7	11	7	500
120092	1	1	1	5	1	90
120092	2	8	3	5	3	300
120093	1	30	5	7	5	600
120094	1	1	2	11	2	280
120094	2	8	2	11	2	1000
120095	1	1	4	11	4	400
120096	1	30	1	24	1	125000
120097	1	1	4	11	4	900
120098	1	1	2	11	2	200
120098	2	3	1	11	0	 
120098	3	2	1	11	0	 
120098	4	7	1	11	0	 
120099	1	1	3	11	3	300
120099	2	7	1	11	0	 
120099	3	8	6	11	6	500
120099	4	9	15	2	15	15000
120099	5	10	5	2	5	4500
120100	1	1	8	11	8	500
120100	2	7	1	11	0	 
120100	3	2	1	11	0	 
130002	1	2	1	11	1	30000
130002	2	4	3	11	3	5000
130002	3	5	1	11	1	40000
130002	4	1	5	11	5	400
130002	5	30	50	11	50	20000
130003	1	7	1	11	0	 
130003	2	4	2	11	0	 
130004	1	1	6	11	6	800
130004	2	5	1	11	1	4500
130004	3	4	3	11	3	2000
130004	4	30	50	11	50	3500
130005	1	1	3	11	3	300
130005	2	4	3	11	2	300
130005	3	2	1	11	0	 
130006	1	1	8	11	8	400
130006	2	7	1	11	0	 
130006	3	4	1	11	0	 
130006	4	5	1	11	0	 
130007	1	4	3	11	3	5000
130007	2	1	118	11	118	6000
130007	3	30	3	26	3	20000
130007	4	21	1	21	1	3000
130007	5	7	1	11	0	 
130008	1	7	1	11	0	 
130008	2	5	2	11	1	65000
130009	1	4	3	11	3	2500
130009	2	7	1	11	0	 
130009	3	5	1	11	1	80000
130009	4	8	60	11	0	 
130010	1	4	2	11	2	1000
130010	2	7	1	11	0	 
130011	1	1	6	11	6	950
130011	2	3	1	11	0	 
130011	3	30	40	11	40	7500
130011	4	7	1	11	0	 
130011	5	4	3	11	0	 
130012	1	5	1	11	1	30000
130012	2	3	1	11	0	 
130012	3	1	6	11	6	1000
130012	4	7	1	11	0	 
130013	1	1	5	11	5	600
130013	2	3	1	11	0	 
130013	3	7	1	11	0	 
130015	1	7	1	11	0	 
130015	2	4	2	11	0	 
130016	1	1	3	11	3	300
130018	1	5	1	11	1	70000
130018	2	2	1	11	1	8000
130018	3	4	6	11	6	8000
130018	4	1	8	11	8	500
130018	5	7	1	11	0	 
130019	1	8	4	11	4	400
130019	2	5	2	11	2	45000
130020	1	1	5	11	5	500
130020	2	7	1	11	0	 
130020	3	3	1	11	0	 
130021	1	1	6	11	6	600
130021	2	3	1	11	0	 
130021	3	7	1	11	0	 
130022	1	1	3	11	3	300
130022	2	4	3	11	3	500
130022	3	2	1	11	1	15000
130022	4	5	2	11	2	30000
130022	5	3	1	11	1	300
130023	1	30	20	26	20	55000
130024	1	8	8	11	8	500
130025	1	1	14	11	14	1400
130025	2	4	2	11	2	1300
130025	3	7	1	11	0	 
130025	4	23	1	11	1	2500
130025	5	30	4	11	4	750
130026	1	1	3	11	3	300
130026	2	4	3	11	3	1000
130026	3	2	1	11	0	 
130027	1	15	10	12	10	6000
130028	1	1	1	5	1	20
130029	1	1	3	11	3	300
130029	2	4	2	11	0	 
130029	3	7	1	11	0	 
130030	1	1	1	11	1	100
130032	1	1	9	11	9	1000
130032	2	7	1	11	0	 
130033	1	5	1	11	1	40000
130033	2	4	3	11	3	4000
130033	3	3	12	11	12	360
130033	4	1	4	11	4	100
130034	1	1	3	11	3	300
130034	2	3	1	11	0	 
130034	3	7	1	11	0	 
130036	1	1	3	26	3	150
130038	1	7	1	11	0	 
130038	2	1	3	11	3	350
130039	1	23	5	23	5	3000
130039	2	15	6	12	6	6500
130040	1	1	3	11	2	100
130040	2	3	1	11	0	 
130040	3	4	3	11	0	 
130042	1	1	12	11	12	300
130042	2	2	1	11	0	 
130042	3	7	1	11	0	 
130042	4	4	3	11	0	 
130045	1	1	3	11	3	300
130045	2	7	1	11	0	 
130045	3	30	30	23	30	2400
130045	4	30	2	26	2	150
130045	5	30	1	23	1	1800
130045	6	30	1	23	1	3000
130046	1	1	6	11	6	600
130046	2	3	1	11	0	 
130046	3	7	1	11	0	 
130046	4	4	3	11	0	 
130047	1	30	10	26	10	12000
130048	1	1	25	11	25	1000
130048	2	7	1	11	0	 
130048	3	4	3	11	0	 
130048	4	2	1	11	0	 
130049	1	1	13	11	13	500
130049	2	7	1	11	0	 
130049	3	2	1	11	0	 
130049	4	4	3	11	0	 
130050	1	1	4	11	4	500
130050	2	3	1	11	0	 
130050	3	7	1	11	0	 
130051	1	1	3	5	3	200
130053	1	1	3	11	3	300
130053	2	7	1	11	0	 
130053	3	4	2	11	2	1200
130054	1	1	5	11	5	300
130054	2	30	2	26	2	30000
130055	1	1	4	11	4	500
130055	2	3	1	11	0	 
130055	3	7	1	11	0	 
130056	1	1	4	11	4	500
130057	1	5	1	11	1	75000
130057	2	2	1	11	1	8000
130057	3	4	3	11	3	2000
130057	4	1	4	11	4	200
130057	5	7	1	11	0	 
130057	6	3	1	11	0	 
130058	1	23	7	23	7	1500
130058	2	1	5	11	5	300
130058	3	3	1	11	1	10000
130059	1	1	10	11	10	1000
130059	2	2	1	11	0	 
130059	3	4	1	11	0	 
130059	4	7	1	11	0	 
130060	1	1	6	11	6	200
130060	2	5	1	11	0	 
130060	3	7	1	11	0	 
130061	1	1	8	11	8	100
130061	2	7	1	11	0	 
130061	3	5	1	11	1	60000
130062	1	1	3	11	3	700
130062	2	4	3	11	3	3000
130062	3	5	1	11	1	50000
130062	4	3	1	11	1	200
130063	1	7	1	11	1	450000
130063	2	5	2	11	2	100000
130063	3	1	32	11	32	3000
130065	1	1	4	11	4	400
130065	2	7	1	11	0	 
130066	1	1	3	11	3	1000
130066	2	4	3	11	0	 
130066	3	7	1	11	0	 
130067	1	1	4	26	4	500
130067	2	7	1	11	0	 
130067	3	2	1	11	0	 
130067	4	4	3	11	0	 
130068	1	1	14	11	14	650
130068	2	4	3	11	3	2500
130070	1	1	5	11	5	500
130070	2	3	1	11	0	 
130070	3	7	1	11	0	 
130071	1	1	5	29	5	400
130072	1	1	4	11	4	400
130072	2	4	2	11	0	 
130072	3	3	1	11	0	 
130072	4	7	1	11	0	 
130073	1	1	4	11	4	300
130073	2	3	1	11	0	 
130073	3	7	1	11	0	 
130074	1	1	5	11	5	500
130074	2	4	1	11	0	 
130074	3	7	1	11	0	 
130076	1	7	1	11	0	 
130076	2	1	5	11	0	 
130078	1	1	5	11	5	400
130078	2	3	1	11	0	 
130078	3	7	1	11	0	 
130079	1	1	4	5	4	300
130080	1	7	1	11	0	 
130081	1	1	3	11	3	100
130082	1	1	10	11	10	1000
130082	2	7	1	11	0	 
130083	1	1	5	5	5	200
130084	1	30	4	26	4	26
130084	2	1	3	11	3	200
130085	1	1	3	11	3	100
130085	2	5	1	11	1	30000
130086	1	1	3	11	3	300
130086	2	7	1	11	0	 
130086	3	5	1	11	0	 
130088	1	1	3	11	3	100
130088	2	7	1	11	0	 
130088	3	8	11	11	11	450
130088	4	30	3	26	3	60000
130089	1	1	5	11	5	300
130090	1	1	4	11	4	300
130090	2	4	2	11	0	 
130090	3	3	1	11	0	 
130090	4	7	1	11	0	 
130091	1	1	2	11	2	200
130092	1	1	3	11	3	300
130093	1	1	2	11	2	100
130094	1	1	4	11	4	550
130094	2	3	1	11	0	 
130094	3	7	1	11	0	 
130094	4	4	3	11	0	 
130095	1	30	6	26	6	2500
130097	1	1	3	11	3	100
130098	1	1	10	11	10	600
140004	1	13	6	8	6	800
140005	1	25	1	24	1	40000
140008	1	25	2	31	2	800000
140009	1	25	2	24	2	600000
140009	2	21	2	21	2	8000
140010	1	21	1	21	1	3000
140011	1	9	12	2	12	12500
140012	1	25	1	24	1	45000
140013	1	1	1	5	1	100
140018	1	17	6	16	6	6000
140021	1	30	15	23	10	200000
140024	1	1	4	5	4	750
140025	1	30	120	23	120	80000
140026	1	17	30	26	30	10000
140028	1	30	7	23	7	5000
140030	1	25	1	24	1	40000
140032	1	23	4	23	4	1200
140033	1	23	27	23	27	2800
140033	3	2	25	23	25	12000
140037	1	17	30	16	30	15000
140038	1	13	15	16	15	2000
140042	1	25	1	24	1	30000
140044	1	25	1	25	1	550000
140046	1	30	9	23	9	120000
140048	1	21	1	21	1	1600
140048	2	11	20	4	0	 
140049	1	12	3	8	3	4000
140051	1	30	5	23	5	18000
140054	1	 	 	 	 	 
140057	1	23	8	17	8	8000
140059	1	30	15	23	15	200000
140062	1	23	11	23	11	25000
140062	2	25	1	24	1	100000
140063	1	25	1	24	0	 
140064	1	 	 	 	 	 
140069	1	26	20	25	20	20000
140072	1	25	1	24	0	 
140076	1	21	2	21	2	12000
140078	1	23	6	23	6	8000
140082	1	7	1	11	1	80000
140085	1	13	4	5	4	1000
140092	1	30	6	23	6	800
140092	2	21	1	21	1	1500
140094	1	21	1	21	0	 
140097	1	21	2	21	2	5000
140099	1	30	6	26	6	6000
150001	1	7	1	11	1	200000
150001	2	3	1	11	1	4000
150001	3	4	2	11	2	1800
150001	4	1	5	11	5	2500
150002	1	1	3	11	3	300
150002	2	4	3	11	0	 
150002	3	3	1	11	1	3000
150003	1	1	4	11	4	350
150003	2	2	1	11	1	10000
150003	3	3	1	11	1	2000
150003	4	4	2	11	2	1500
150003	5	8	5	11	5	400
150004	1	25	1	24	1	120000
150004	2	1	6	11	6	320
150005	1	1	4	5	4	140
150006	1	15	150	23	150	20000
150006	2	1	4	11	4	250
150007	1	4	2	11	0	 
150007	2	1	5	11	5	1500
150007	3	8	6	11	0	 
150007	4	3	1	11	0	 
150008	1	4	3	11	3	3000
150008	2	1	3	11	3	200
150008	3	2	1	11	1	8000
150008	4	3	1	11	1	500
150008	5	8	3	11	3	300
150009	1	1	4	11	4	200
150010	1	1	5	11	5	2000
150010	2	3	1	11	0	 
150010	3	4	4	11	2	3500
150011	1	1	5	5	5	380
150012	1	2	1	11	1	15000
150012	2	4	3	11	3	3000
150012	3	1	6	11	6	1800
150014	1	1	3	11	3	150
150014	2	8	2	11	2	250
150015	1	1	2	11	2	150
150015	2	8	2	11	2	80
150016	1	1	2	11	2	200
150016	2	2	1	11	1	10000
150016	3	4	2	11	2	2000
150016	4	8	4	11	4	200
150017	1	1	4	11	4	1000
150017	2	4	3	11	2	400
150017	3	3	3	11	3	1000
150017	4	8	4	11	0	 
150018	1	25	1	24	1	300000
150018	2	21	1	21	1	600
150020	1	23	25	23	25	30000
150022	1	1	4	11	4	1500
150022	2	2	1	11	1	12000
150022	3	3	1	11	1	3500
150022	4	4	4	11	4	8000
150023	1	7	1	11	0	 
150023	2	2	1	11	1	8000
150023	3	4	2	11	2	3000
150023	4	3	1	11	1	2000
150023	5	1	4	11	4	1500
150024	1	2	1	11	1	15000
150024	2	4	3	11	3	4500
150024	3	3	1	11	1	7500
150024	4	1	5	11	5	1200
150025	1	7	1	11	0	 
150025	2	2	1	11	1	4000
150025	3	3	1	11	1	1000
150025	4	1	4	5	4	1000
150026	1	1	3	11	3	400
150026	2	4	2	11	2	800
150026	3	2	1	11	1	1000
150026	4	3	1	11	0	 
150027	1	1	8	11	8	700
150027	2	2	1	11	1	15000
150027	3	4	1	11	1	1500
150027	4	3	1	11	0	 
150027	5	7	1	11	0	 
150028	1	1	8	11	5	1200
150028	2	4	2	11	1	1000
150028	3	3	1	11	0	 
150028	4	2	1	11	1	0
150028	5	7	1	11	0	 
150029	1	1	4	11	4	1200
150029	2	3	1	11	0	 
150029	3	4	2	11	2	2500
150029	4	7	1	11	0	 
150031	1	1	3	11	3	500
150031	2	2	1	11	1	5000
150031	3	3	5	11	5	600
150031	4	4	3	11	3	800
150031	5	7	1	11	1	200000
150031	6	8	5	11	5	300
150032	1	21	1	21	1	1000
150032	2	23	2	14	2	100000
150033	1	1	3	11	3	250
150033	2	2	1	11	1	10000
150033	3	3	1	11	1	300
150033	4	4	2	11	2	800
150033	5	8	4	11	4	400
150034	1	1	6	11	6	3400
150034	2	3	1	11	1	800
150034	3	4	2	11	2	1500
150035	1	2	1	11	1	30000
150035	2	4	4	11	4	3000
150035	3	3	1	11	1	2500
150035	4	1	5	11	5	200
150036	1	1	3	11	3	200
150036	2	2	1	11	1	6000
150036	3	3	1	11	1	600
150036	4	4	1	11	1	300
150036	5	5	1	11	1	6000
150036	6	8	4	11	4	250
150037	1	30	2	23	2	100000
150038	1	1	2	11	2	100
150038	2	3	1	11	1	400
150038	3	25	2	24	2	50000
150039	1	7	1	11	1	450000
150039	2	5	1	11	1	4500
150039	3	3	1	11	1	4000
150039	4	1	5	11	5	500
150040	1	1	3	5	3	150
150041	1	1	5	11	5	300
150042	1	1	3	11	3	250
150042	2	3	1	11	1	400
150042	3	4	2	11	2	600
150042	4	8	3	11	3	300
150044	1	1	8	11	8	1200
150044	2	3	2	11	0	 
150044	3	4	2	11	0	 
150044	4	7	1	11	0	 
150045	1	1	3	5	3	180
150046	1	9	7	2	7	3000
150047	1	7	1	11	0	 
150047	2	3	1	11	1	2000
150047	3	1	4	11	4	1000
150048	1	1	3	11	3	750
150048	2	3	1	11	1	1500
150048	3	4	2	11	0	 
150048	4	7	1	11	0	 
150049	1	1	3	11	3	300
150049	2	2	1	11	1	10000
150049	3	3	1	11	1	4000
150049	4	4	3	11	3	4000
150049	5	8	6	11	6	800
150050	1	1	3	11	3	500
150050	2	3	1	11	0	 
150050	3	7	1	11	0	 
150052	1	1	3	5	3	80
150053	1	7	1	11	0	 
150053	2	1	4	5	4	800
150055	1	1	4	26	0	 
150056	1	1	4	5	4	200
150058	1	2	1	11	1	20000
150058	2	7	1	11	0	 
150058	3	4	4	11	4	6500
150058	4	3	1	11	1	2000
150058	5	1	5	11	5	1600
150059	1	1	1	11	1	30
150060	1	1	7	11	7	2000
150060	2	3	1	11	1	4500
150060	3	7	1	11	0	 
150060	4	4	3	11	3	2000
150062	1	1	5	5	5	1200
150064	1	1	6	11	6	1500
150064	2	2	1	11	1	10000
150064	3	3	1	11	0	 
150064	4	4	4	11	4	4500
150064	5	7	1	11	0	 
150065	1	30	1	24	1	10000
150066	1	1	4	5	4	160
150067	2	1	3	11	3	500
150067	3	4	2	11	2	700
150067	4	3	1	11	1	300
150067	5	2	1	11	1	5000
150067	6	8	5	11	5	600
150068	1	1	4	11	4	1000
150068	2	3	1	11	0	 
150068	3	4	2	11	0	 
150068	4	7	1	11	1	0
150069	1	1	3	11	3	300
150069	2	2	1	11	1	15000
150069	3	3	1	11	1	2500
150069	4	4	3	11	3	1200
150069	5	8	5	11	5	250
150070	1	1	10	11	10	1400
150070	2	3	1	11	0	 
150070	3	4	2	11	2	1000
150071	1	5	1	11	1	6000
150071	2	7	1	11	1	300000
150071	3	1	6	11	6	2500
150072	1	1	10	11	10	2500
150072	2	3	1	11	0	 
150072	3	7	1	11	0	 
150072	4	4	2	11	0	 
150073	1	1	3	5	3	100
150075	1	1	4	11	4	1200
150075	2	3	1	11	0	 
150075	3	4	2	11	0	 
150075	4	7	1	11	0	 
150076	1	1	11	11	11	2800
150076	2	3	1	11	1	9500
150076	3	2	1	11	1	10000
150076	4	4	4	11	4	2500
150076	5	7	1	11	0	 
150077	1	1	3	11	3	300
150077	2	3	1	11	1	800
150077	3	4	1	11	1	800
150077	4	8	2	11	2	100
150078	1	1	3	11	3	300
150078	2	3	1	11	1	1000
150078	3	4	2	11	2	2000
150078	4	8	5	11	5	600
150079	1	1	3	11	1	200
150079	2	3	1	11	0	 
150079	3	4	1	11	0	 
150079	4	7	1	11	0	 
150081	1	30	1	26	1	600000
150082	1	1	6	11	6	450
150082	2	25	1	24	1	60000
150083	1	1	3	11	3	350
150083	2	2	1	11	1	10000
150083	3	3	1	11	1	1000
150083	4	4	3	11	3	1500
150083	5	8	5	11	5	200
150084	1	25	1	24	1	250000
150084	2	1	5	11	5	220
150085	1	25	1	24	0	 
150085	2	1	4	5	4	1000
150086	1	1	2	11	2	600
150086	2	3	1	11	0	 
150086	3	4	1	11	0	 
150086	4	7	1	11	0	 
150087	1	1	8	11	8	1000
150087	2	7	1	11	0	 
150087	3	3	1	11	0	 
150087	4	4	1	11	0	 
150088	1	7	1	24	0	 
150089	1	2	1	11	1	8000
150089	2	4	2	11	2	3000
150089	3	7	1	11	0	 
150089	4	3	1	11	1	3000
150089	5	1	6	11	6	1700
150090	1	7	1	11	0	 
150090	2	3	1	11	0	 
150090	3	1	3	5	3	750
150091	1	1	6	11	6	700
150091	2	4	2	11	0	 
150091	3	3	1	11	0	 
150091	4	7	1	11	0	 
150092	1	1	8	11	8	1000
150092	2	4	2	11	2	1500
150092	3	3	1	11	1	1800
150092	4	2	1	11	0	 
150092	5	7	1	11	0	 
150093	1	1	3	11	3	300
150093	2	3	1	11	1	1200
150093	3	8	5	11	5	600
150094	1	1	3	11	3	740
150094	2	3	1	11	0	 
150094	3	4	1	11	0	 
150094	4	7	1	11	0	 
150095	1	23	14	23	14	3000
150096	1	1	8	11	8	2000
150096	2	3	1	11	1	7000
150096	3	4	3	11	3	3000
150096	4	2	1	11	1	10000
150096	5	7	1	11	0	 
150097	1	1	4	11	4	200
150098	1	7	1	11	0	 
150098	2	4	1	11	1	1500
150098	3	1	4	5	4	1000
150098	4	21	1	21	1	3000
150099	1	1	3	11	3	200
150099	2	3	1	11	1	500
150099	3	4	2	11	2	800
150099	4	8	4	11	4	300
150100	1	1	6	11	6	800
150100	2	3	1	11	1	9500
150100	3	7	1	11	1	380000
160001	1	25	1	24	1	50000
160002	1	1	4	11	4	1500
160002	2	7	1	11	0	88
160002	3	3	1	11	0	88
160006	1	1	10	11	0	2000
160006	2	7	1	11	0	-88
160006	3	3	1	11	0	-88
160007	1	1	3	11	3	500
160007	2	2	1	11	1	12000
160007	3	4	3	11	3	3000
160007	4	3	1	11	1	5000
160007	6	8	4	11	4	600
160008	1	1	4	5	4	450
160009	1	1	3	5	3	600
160009	2	8	3	5	3	350
160010	1	13	3	5	2	300
160012	1	21	2	21	2	12500
160014	1	1	5	11	5	2000
160014	2	4	3	11	3	3200
160014	3	3	1	11	1	1500
160014	4	7	1	11	0	88
160016	1	5	1	11	1	18000
160016	2	4	4	11	4	6500
160016	3	1	5	11	5	600
160016	4	3	1	11	0	2000
160017	1	1	3	11	3	1000
160017	2	8	2	5	2	200
160018	1	1	2	11	2	700
160018	2	4	2	11	2	1000
160019	1	1	4	11	4	500
160019	2	4	2	11	0	1500
160019	3	7	1	11	0	-88
160020	1	1	5	11	4	1200
160020	2	4	3	11	0	2500
160021	1	1	4	11	4	1500
160021	2	3	1	11	0	88
160021	3	7	1	11	0	88
160022	1	1	3	11	3	800
160022	2	4	3	11	3	6000
160022	3	8	4	11	4	700
160024	1	1	3	11	3	1100
160024	2	1	1	11	0	88
160024	3	7	1	11	0	88
160026	1	7	1	11	0	88
160026	2	4	2	11	0	88
160026	3	1	3	11	3	1200
160027	1	5	1	11	1	35000
160027	2	3	1	11	1	8000
160027	3	4	4	11	4	5800
160029	1	1	5	11	3	1000
160029	2	3	1	11	1	7000
160029	3	4	4	11	4	15000
160029	4	8	5	11	5	300
160030	1	8	2	11	2	200
160031	1	1	3	11	3	800
160031	2	7	1	11	0	88
160031	3	3	1	11	1	2200
160032	1	4	1	11	1	1000
160033	1	5	1	11	1	50000
160033	2	4	7	11	7	7000
160033	3	3	1	11	1	8000
160033	4	1	8	11	8	4000
160034	1	2	1	11	1	10000
160034	2	3	1	11	1	10000
160034	3	1	10	11	10	3000
160034	4	4	2	11	2	3000
160035	1	1	1	11	1	300
160035	2	4	1	11	1	1000
160036	1	1	3	11	3	1500
160036	2	4	1	11	1	1300
160037	1	25	2	24	1	700000
160037	2	30	1	26	1	150000
160037	3	5	1	11	1	55000
160037	4	3	1	11	1	10000
160037	5	4	3	11	1	1500
160037	6	1	6	11	6	4500
160038	1	1	5	11	5	250
160038	2	4	2	11	0	-88
160038	3	7	1	11	0	-88
160039	1	30	11	23	1	5000
160040	1	13	15	4	15	20000
160040	2	1	5	11	5	400
160041	1	1	10	11	10	3000
160042	2	4	5	11	0	88
160042	3	1	3	11	0	88
160042	4	3	2	11	0	88
160043	1	1	6	11	6	2000
160043	2	3	1	11	1	3000
160043	3	4	3	11	3	2500
160044	1	5	1	11	1	18000
160044	2	4	3	11	2	1500
160044	3	1	5	11	5	200
160046	1	5	1	11	1	150000
160046	2	3	1	11	1	6000
160046	3	1	6	11	6	600
160047	1	1	4	11	4	1500
160047	2	3	1	11	1	5000
160047	3	4	3	11	3	4000
160047	4	7	1	11	0	0
160048	1	1	4	11	4	800
160048	2	3	1	11	1	8000
160048	3	4	4	11	4	8000
160048	4	8	5	11	5	500
160049	1	25	1	24	1	400000
160050	1	1	5	11	5	4500
160050	2	2	1	11	1	30000
160050	3	3	1	11	1	10000
160051	1	3	1	11	1	9000
160051	2	5	1	11	0	88
160051	3	4	4	11	4	4500
160051	4	1	8	11	8	3000
160052	1	1	2	11	2	300
160052	2	2	1	11	1	25000
160052	3	3	1	11	1	10000
160052	4	8	8	11	8	500
160053	1	1	3	11	3	900
160053	2	3	1	11	1	10000
160053	3	2	1	11	1	50000
160053	4	8	10	11	10	1000
160055	1	1	4	11	4	200
160055	2	4	2	11	0	-88
160055	3	3	1	11	0	-88
160056	1	1	4	11	4	9500
160056	2	7	1	11	0	0
160056	3	3	1	11	0	6000
160058	1	1	10	11	10	2000
160058	2	2	1	11	1	25000
160059	1	1	3	11	3	600
160059	2	3	1	11	1	5000
160059	3	4	2	11	2	6000
160059	4	8	3	11	3	150
160060	1	5	1	11	1	50000
160060	2	3	1	11	1	10000
160060	3	4	6	11	6	18000
160060	4	1	6	5	6	3500
160063	1	5	1	11	1	5000
160063	2	4	5	11	4	4500
160063	3	1	8	11	8	1500
160063	4	2	1	11	1	5000
160063	5	3	2	11	1	3500
160063	6	21	1	21	1	3000
160065	1	1	6	11	6	3000
160065	2	3	1	11	0	88
160065	3	4	4	11	3	4000
160065	4	7	1	11	0	88
160066	1	3	1	11	0	10000
160066	2	1	8	11	8	1500
160066	3	4	3	11	3	1500
160067	1	1	2	5	2	400
160068	1	1	8	11	8	4500
160068	2	3	4	11	4	3500
160068	3	4	3	11	3	5000
160069	1	30	2	30	2	5000
160070	1	23	3	23	3	300
160071	1	1	3	11	3	300
160071	2	4	6	11	0	 
160072	1	1	5	11	5	3400
160072	2	3	1	11	0	88
160072	3	7	1	11	0	88
160073	1	5	1	11	1	50000
160073	2	3	1	11	1	10000
160073	3	7	1	11	0	88
160074	1	1	3	11	3	900
160074	2	3	1	11	1	10000
160074	3	8	5	11	5	500
160074	4	4	3	11	0	0
160075	1	8	3	11	3	300
160076	1	3	5	11	5	1500
160077	1	1	6	11	6	400
160077	2	3	1	11	0	4000
160077	3	4	3	11	3	2000
160077	4	7	1	11	0	200000
160078	1	3	4	5	4	560
160079	1	1	3	5	3	450
160080	1	1	4	11	4	400
160080	2	21	3	21	3	15000
160081	1	2	1	11	1	5000
160081	2	4	4	11	4	5000
160081	3	5	1	11	1	12000
160081	4	1	6	11	6	1500
160081	5	3	1	11	1	2000
160082	1	21	1	21	1	3000
160083	1	1	3	5	3	250
160086	1	1	10	11	10	2000
160086	2	4	2	11	2	3000
160086	3	7	1	11	0	300000
160086	4	3	1	11	0	7000
160087	1	1	3	11	3	1000
160087	2	8	2	11	2	250
160090	1	1	3	11	3	600
160090	2	4	3	11	3	5000
160090	3	5	1	11	1	35000
160090	4	8	5	11	5	500
160091	1	4	2	11	2	88
160091	2	1	4	11	4	650
160093	1	1	2	11	2	300
160093	2	8	3	11	3	350
160097	1	5	2	11	2	40000
160097	2	7	1	11	0	88
160097	3	4	3	11	3	4500
160097	4	1	4	11	4	500
160098	1	1	6	11	6	500
160099	1	1	5	11	5	450
160100	1	1	5	11	5	4000
160100	2	3	1	11	1	3000
160100	3	4	4	11	4	7000
160100	4	7	1	11	0	88
170001	1	4	3	11	3	1000
170001	2	1	3	11	3	1000
170001	3	25	1	24	1	15000
170003	1	1	4	11	4	1100
170004	1	4	3	11	3	1500
170005	1	30	4	26	4	500
170007	1	13	4	7	0	 
170008	1	7	1	11	0	0
170008	2	4	1	11	0	0
170008	3	1	1	29	0	0
170009	1	1	2	11	2	400
170009	2	7	1	11	0	0
170010	1	7	1	11	0	0
170010	2	5	5	11	5	12000
170010	3	4	2	11	0	0
170011	1	4	3	11	3	2000
170011	2	1	1	11	1	1000
170012	1	4	2	11	0	0
170012	2	1	4	11	4	500
170013	1	1	5	11	5	700
170013	2	13	4	7	2	300
170014	1	1	5	11	5	500
170015	1	1	10	11	10	10000
170015	2	5	9	11	9	4000
170016	1	1	2	11	2	1000
170016	2	4	1	11	1	1200
170016	3	3	1	11	1	1000
170016	4	7	1	11	0	-77
170017	1	1	4	11	4	1600
170017	2	13	10	8	10	2500
170018	1	1	5	11	5	1500
170018	2	5	1	11	1	30000
170019	1	1	6	11	6	1300
170019	2	4	3	11	3	3000
170019	3	3	2	11	2	4000
170019	4	7	1	11	0	0
170020	1	7	1	11	0	0
170020	2	4	2	11	2	8000
170020	4	1	5	11	5	1200
170021	1	1	5	11	5	1000
170021	2	21	1	21	1	3500
170022	1	1	3	11	3	600
170022	2	4	3	11	3	900
170022	3	7	1	11	0	0
170022	5	8	2	11	2	200
170023	1	1	4	11	4	2500
170023	2	7	1	11	0	0
170023	3	3	1	11	0	0
170024	1	7	1	11	0	0
170024	2	1	5	11	5	200
170025	1	1	2	11	2	500
170026	1	1	3	11	3	600
170026	2	7	1	11	0	0
170027	1	1	10	11	10	2500
170027	2	4	2	11	2	2300
170027	3	5	1	11	1	20000
170027	4	7	1	11	0	0
170028	1	1	2	11	2	300
170029	1	1	3	11	3	500
170029	2	7	1	11	0	0
170030	1	1	5	11	5	1200
170030	2	4	3	11	3	2500
170030	3	7	1	11	0	0
170031	1	1	5	11	5	1700
170031	2	21	1	21	1	3000
170031	3	7	1	11	0	0
170032	1	1	6	11	6	1500
170032	2	4	5	11	4	3500
170032	3	7	1	11	0	0
170032	4	3	1	11	0	0
170033	1	1	7	11	7	600
170034	1	1	8	11	8	2500
170034	2	4	2	11	2	1600
170035	2	7	1	11	0	0
170035	3	5	8	11	8	20000
170035	4	4	3	11	2	8000
170036	1	1	2	11	2	300
170037	1	1	5	11	5	200
170038	1	1	3	29	3	450
170039	1	1	5	11	5	300
170039	2	7	1	11	0	0
170040	1	7	1	11	0	0
170040	2	4	3	11	3	12000
170040	3	5	8	11	8	20000
170041	1	30	16	7	16	12000
170042	1	17	6	16	6	8500
170043	1	7	1	11	0	0
170043	2	4	2	11	0	0
170044	1	1	3	11	3	800
170044	2	15	3	16	3	2000
170044	3	25	1	23	1	1
170045	1	1	5	11	5	455
170045	2	5	11	11	11	15000
170046	1	1	6	11	6	2000
170046	2	4	2	11	2	2000
170046	3	5	1	11	1	20000
170046	4	7	1	11	0	0
170046	5	6	1	11	1	10000
170048	1	1	4	11	4	400
170048	2	7	1	11	1	500000
170048	3	5	8	11	8	25000
170049	1	1	3	11	3	700
170049	2	4	1	11	1	1200
170049	3	7	1	11	0	0
170050	1	1	5	11	5	1400
170050	2	4	3	11	3	3500
170050	3	3	1	11	0	0
170050	4	7	1	11	0	0
170051	1	5	1	11	1	45000
170051	2	1	3	11	3	500
170051	3	4	1	11	1	500
170051	4	7	1	11	0	0
170052	1	1	6	11	6	1700
170052	2	4	4	11	4	3500
170052	3	3	1	11	1	4500
170053	1	1	7	11	7	2000
170053	2	4	5	11	5	4000
170053	3	25	1	24	1	100000
170053	4	7	1	11	0	0
170054	1	1	5	11	5	1800
170054	2	4	3	11	3	2000
170054	3	21	1	21	1	2000
170055	1	1	5	11	5	2100
170055	2	4	3	11	3	2700
170055	3	5	1	11	1	10000
170055	4	7	1	11	0	0
170056	1	13	3	7	3	1200
170057	1	1	3	11	3	250
170058	1	1	5	11	5	2500
170058	2	4	1	11	1	800
170058	3	5	1	11	1	25000
170059	1	4	2	11	2	12000
170059	2	1	6	29	6	2300
170060	1	1	5	11	5	500
170060	2	4	2	11	2	600
170060	3	5	21	11	21	20000
170061	1	1	5	11	5	1500
170061	2	4	2	11	2	4500
170061	3	5	1	11	1	55000
170061	4	3	1	11	0	0
170061	5	7	1	11	0	0
170062	1	1	3	11	3	600
170062	2	7	1	11	0	0
170062	3	4	3	11	3	2000
170063	1	4	5	11	5	20000
170063	2	5	15	11	15	21000
170063	3	1	5	11	5	1200
170064	1	1	5	11	5	1500
170064	2	3	1	11	1	2500
170064	3	4	3	11	3	3500
170064	4	7	1	11	0	0
170065	1	7	1	11	0	0
170065	2	4	3	11	3	10000
170065	3	8	8	11	8	2000
170066	1	5	1	11	1	20000
170066	2	7	1	11	0	0
170066	3	1	3	11	3	900
170067	1	1	5	11	5	2000
170067	2	4	1	11	1	600
170068	1	25	1	24	1	800000
170069	1	1	3	11	3	600
170069	2	7	1	11	0	0
170070	1	7	1	11	1	1
170070	2	4	2	11	0	0
170070	3	3	1	11	1	2500
170072	1	1	6	11	6	2400
170072	2	4	3	11	3	4700
170072	3	7	1	11	0	0
170073	1	7	1	11	0	0
170073	2	4	2	11	2	6000
170073	3	23	5	23	5	3000
170074	1	1	4	8	4	2500
170074	2	15	14	12	14	95000
170075	1	21	1	21	1	2000
170075	2	1	4	29	4	350
170076	1	1	10	11	10	1000
170076	2	13	6	7	6	600
170077	1	13	20	7	0	 
170078	1	1	3	11	3	600
170078	2	4	3	11	3	1100
170078	3	7	1	11	0	0
170079	1	1	5	11	5	1800
170079	2	4	3	11	3	5600
170079	3	7	1	11	0	0
170080	1	1	3	11	3	700
170080	2	4	3	11	3	2000
170080	3	7	1	11	0	0
170080	4	25	1	24	1	70900
170081	1	1	3	11	3	600
170081	2	9	6	2	6	3500
170082	1	9	6	2	6	20000
170082	2	30	1	9	1	2000
170082	3	21	1	21	1	2000
170083	1	9	5	2	2	200
170084	1	1	4	11	4	800
170084	2	4	3	11	3	2000
170084	3	7	1	11	0	0
170086	1	1	8	11	8	3300
170086	2	3	1	11	0	0
170086	3	4	4	11	4	6500
170086	4	7	1	11	0	0
170087	1	1	4	11	4	300
170087	2	7	1	11	0	0
170088	1	1	4	11	4	1500
170088	2	7	1	11	0	0
170089	1	1	4	11	4	580
170089	2	7	1	11	0	0
170091	1	1	6	11	6	500
170091	2	4	3	11	3	1500
170091	3	21	1	21	1	2000
170091	4	7	1	11	0	0
170092	1	1	5	11	5	1800
170092	2	4	3	11	3	5500
170092	3	7	1	11	0	0
170093	1	1	3	11	3	540
170093	2	4	3	11	3	1980
170093	3	7	1	11	0	0
170094	1	1	3	11	3	700
170094	2	4	3	11	3	1200
170094	3	7	1	11	0	 
170094	4	5	1	11	1	15000
170095	1	1	5	11	5	2300
170095	2	4	3	11	3	3200
170095	3	7	1	11	0	0
170096	1	1	2	29	2	200
170097	1	1	5	11	5	1700
170097	2	4	5	11	5	4000
170097	3	7	1	11	0	0
170098	1	1	3	11	3	500
170098	2	7	1	11	0	0
170099	1	5	12	11	12	30000
170099	2	4	3	11	3	2600
170099	3	1	5	11	3	3000
170100	1	1	4	11	4	200
170100	2	4	2	11	2	800
170100	3	7	1	11	0	0
180001	1	1	6	11	6	850
180001	2	7	1	11	1	400000
180002	1	1	3	11	3	700
180002	2	5	1	11	1	18000
180002	3	7	1	11	0	 
180003	1	1	2	11	2	250
180004	1	30	15	7	15	5000
180005	1	1	4	11	4	1000
180005	2	7	1	11	0	 
180006	1	4	5	11	5	4300
180006	2	5	15	11	15	50000
180006	3	1	4	11	4	860
180007	1	1	4	11	4	2400
180007	2	4	2	11	2	4500
180007	3	7	1	11	0	 
180008	1	7	1	11	0	 
180008	2	5	15	11	15	45000
180008	3	4	2	11	0	 
180009	1	1	3	11	3	800
180009	2	4	3	11	0	 
180009	3	7	1	11	0	 
180010	1	7	1	11	0	 
180010	2	5	10	11	5	30000
180011	1	1	3	11	3	500
180011	2	25	1	24	1	100000
180012	1	1	5	11	5	600
180012	2	5	1	11	1	17000
180012	3	7	1	11	0	 
180012	4	18	11	11	11	4000
180013	1	1	2	11	2	220
180014	1	1	3	5	3	580
180015	2	7	1	11	0	 
180015	3	5	12	11	12	53000
180015	4	4	3	11	3	3500
180016	1	15	2	11	2	0
180016	2	1	2	11	0	 
180017	1	1	5	11	5	1800
180017	2	21	1	21	1	6500
180018	1	1	4	11	4	2000
180018	2	4	3	11	0	 
180018	3	7	1	11	0	 
180019	1	1	3	11	3	550
180020	1	1	5	8	5	2500
180020	2	15	8	12	0	 
180021	1	1	3	5	3	300
180022	1	7	1	11	0	 
180022	2	4	2	11	0	 
180022	4	1	4	29	4	1600
180023	1	1	3	11	3	320
180023	2	4	2	11	2	1200
180023	3	5	1	11	1	10000
180024	1	1	5	11	5	550
180024	2	7	1	11	0	 
180025	1	1	3	11	3	600
180026	1	1	10	11	10	4500
180026	2	21	1	21	1	7000
180027	1	1	3	11	3	500
180028	1	1	3	11	3	500
180030	1	1	3	11	3	600
180030	2	4	2	11	0	 
180030	3	7	1	11	0	 
180031	1	7	1	11	0	 
180031	2	4	2	11	0	 
180032	1	1	3	11	3	500
180032	2	4	2	11	0	 
180032	3	7	1	11	0	 
180033	1	1	5	11	5	350
180033	2	7	1	11	1	400000
180034	1	1	2	11	2	300
180034	2	7	1	11	0	 
180035	1	1	4	11	4	350
180035	2	7	1	11	0	 
180035	3	21	1	21	1	1500
180036	1	1	4	11	4	600
180036	2	4	3	11	3	1500
180036	3	3	1	11	0	 
180036	4	7	1	11	0	 
180038	1	1	2	11	2	100
180039	1	1	3	11	3	300
180039	2	4	2	11	2	800
180039	3	7	1	11	0	 
180040	1	7	1	11	0	 
180040	2	5	14	11	14	60000
180040	3	4	2	11	0	 
180041	1	17	5	16	5	10000
180041	2	21	1	21	1	1500
180042	1	1	3	11	3	600
180042	2	7	1	11	0	 
180042	3	3	1	11	1	1100
180042	4	5	1	11	1	15000
180043	1	1	3	11	3	220
180043	2	7	1	11	0	 
180043	3	21	1	21	1	2000
180044	1	1	2	11	2	200
180044	2	7	1	11	0	 
180045	1	1	3	11	3	500
180045	2	7	1	11	0	 
180045	3	17	2	23	2	15000
180046	1	1	3	11	3	500
180046	2	4	1	11	1	700
180046	3	7	1	11	0	 
180047	1	1	4	11	4	500
180048	1	1	3	11	3	400
180048	2	7	1	11	0	 
180048	3	5	1	11	1	2500
180048	4	15	4	12	4	1500
180049	1	7	1	11	0	 
180049	2	5	14	11	14	50000
180049	3	4	4	11	4	2000
180050	1	7	1	11	0	 
180050	2	5	18	11	18	60000
180050	3	4	4	11	4	2500
180051	1	1	3	5	3	600
180051	2	4	3	11	3	2500
180051	3	7	1	11	0	 
180052	1	13	3	7	3	500
180052	2	7	1	11	0	 
180052	3	1	5	11	5	1500
180053	1	7	1	11	0	 
180053	2	4	1	11	0	 
180053	3	1	4	29	4	800
180054	1	1	4	11	4	600
180054	2	5	1	11	1	24000
180054	3	7	1	11	0	 
180055	1	1	6	11	6	4500
180055	2	4	4	11	3	5000
180055	3	7	1	11	0	 
180055	4	13	8	7	8	7500
180056	1	1	3	11	3	600
180056	2	4	2	11	2	1200
180056	3	7	1	11	0	 
180057	1	7	1	11	0	 
180057	2	4	3	11	3	6500
180057	3	1	8	11	8	2500
180058	1	1	12	11	12	3400
180058	2	4	2	11	2	5500
180058	3	7	1	11	0	 
180059	1	1	4	11	4	400
180059	2	7	1	11	0	 
180060	1	1	3	11	3	300
180060	2	4	3	11	0	 
180060	3	7	1	11	0	 
180061	1	1	4	11	4	1800
180061	2	5	1	11	1	45000
180061	3	7	1	11	0	 
180062	1	30	2	26	2	260
180063	1	1	3	23	3	3000
180063	2	25	1	23	1	30000
180063	3	30	4	23	3	5000
180064	1	1	3	11	3	300
180064	2	4	2	11	0	 
180064	3	7	1	11	0	 
180065	1	1	2	11	2	220
180066	1	25	1	23	1	60000
180067	1	7	1	11	0	 
180067	2	4	2	11	0	 
180067	3	1	3	29	3	470
180068	1	1	5	11	5	420
180068	2	5	11	11	0	 
180068	3	7	1	11	0	 
180069	1	1	3	11	3	400
180069	2	7	1	11	0	 
180070	1	1	4	11	4	400
180070	2	7	1	11	0	 
180071	1	4	2	11	0	 
180071	2	1	6	11	6	800
180072	1	1	4	11	4	320
180072	2	5	9	11	9	21000
180072	3	7	1	11	0	 
180073	1	1	3	5	3	500
180073	2	4	2	11	0	 
180073	3	7	1	11	0	 
180074	1	1	6	11	6	3600
180074	2	4	2	11	0	 
180074	3	7	1	11	0	 
180075	1	1	2	11	2	220
180075	2	7	1	11	0	 
180075	3	21	1	21	1	1300
180075	4	23	10	23	10	2500
180076	1	1	4	11	4	500
180076	2	7	1	11	1	450000
180076	3	5	1	11	0	 
180077	1	7	1	11	0	 
180077	2	4	2	11	0	 
180077	3	1	6	11	6	500
180079	1	1	3	11	3	300
180079	2	4	3	11	3	1400
180079	3	7	1	11	0	 
180080	1	1	8	11	8	2500
180080	2	5	1	11	1	50000
180080	3	7	1	11	0	 
180081	1	1	4	11	3	300
180081	2	4	2	11	2	700
180081	3	7	1	11	0	 
180081	4	3	1	11	0	 
180081	5	25	1	24	1	100000
180082	1	1	4	11	4	500
180082	2	4	1	11	1	600
180082	3	7	1	11	0	 
180082	4	21	1	21	1	3000
180083	1	1	2	11	2	210
180083	2	13	4	23	4	1500
180084	1	7	1	11	0	 
180084	2	5	30	11	30	100000
180084	3	4	2	11	2	4000
180085	1	1	3	11	3	300
180085	2	4	3	11	0	 
180085	3	7	1	11	0	 
180086	1	1	3	5	3	400
180087	1	1	8	11	8	4500
180087	2	4	3	11	0	 
180087	3	5	1	11	1	45000
180087	4	7	1	11	0	 
180088	1	1	3	5	3	400
180089	1	1	5	11	5	1500
180089	2	8	4	26	4	2000
180090	1	1	2	5	2	200
180091	1	1	8	8	8	2500
180093	1	1	5	11	5	320
180093	2	7	1	11	0	 
180094	1	1	3	5	3	340
180095	1	18	20	18	20	5000
180096	1	1	4	5	4	220
180097	1	1	3	11	3	220
180097	2	7	1	11	0	 
180098	1	1	4	11	4	450
180098	2	7	1	11	0	 
180099	1	17	2	23	2	300000
180099	2	7	1	11	0	 
180099	3	25	1	11	1	40000
180100	1	7	1	11	1	300000
180100	2	22	20	22	19	20000
180100	3	23	300	23	300	150000
190001	1	1	4	11	4	250
190001	2	7	1	11	1	300
190001	3	15	10	12	10	3000
190001	4	23	6	23	6	1500
190002	1	1	3	11	3	320
190002	2	4	2	11	2	15000
190002	3	7	1	11	0	 
190002	4	5	1	11	1	27000
190002	5	18	150	11	150	200000
190003	1	1	3	11	3	330
190003	2	7	1	11	0	 
190004	1	1	2	5	2	220
190005	1	1	3	5	3	400
190005	2	4	3	11	0	 
190005	3	7	1	11	0	 
190006	1	1	3	11	3	480
190006	2	4	2	11	2	800
190006	4	7	1	11	0	 
190006	6	3	1	11	1	1600
190007	1	1	3	11	3	600
190007	2	4	3	11	0	 
190007	3	7	1	11	0	 
190008	1	1	5	11	5	700
190008	2	3	1	11	1	2500
190008	3	7	1	11	0	 
190008	4	4	2	11	0	 
190009	1	1	10	11	10	3200
190009	2	5	1	11	1	65000
190009	3	7	1	11	0	 
190010	1	1	5	11	5	250
190010	2	5	30	11	30	1500000
190010	3	7	1	11	1	400000
190011	1	1	3	11	3	250
190011	2	4	1	11	0	 
190011	3	7	1	11	0	 
190012	1	1	3	11	3	340
190012	2	7	1	11	0	 
190012	3	21	1	21	1	1500
190013	1	1	9	11	9	3000
190013	2	5	1	11	1	80000
190013	3	7	1	11	0	 
190014	1	1	4	11	4	420
190014	2	4	3	11	0	 
190014	3	7	1	11	0	 
190014	4	5	2	11	2	70000
190015	1	1	4	11	4	500
190015	2	4	3	11	0	 
190015	3	7	1	11	0	 
190015	4	3	1	11	0	 
190016	1	1	4	11	4	450
190016	2	4	3	11	0	 
190016	3	7	1	11	0	 
190017	1	1	3	11	3	400
190017	2	4	3	11	0	 
190017	3	3	1	11	1	4000
190017	4	7	1	11	0	 
190018	1	13	10	7	10	8000
190020	1	1	9	11	9	4800
190020	2	4	5	11	2	7000
190020	3	5	1	11	1	85000
190020	4	7	1	11	0	 
190021	1	1	4	11	4	350
190021	2	3	1	11	0	 
190021	3	7	1	11	0	 
190022	1	1	3	11	3	300
190022	2	4	2	11	2	800
190022	3	7	1	11	0	 
190024	1	1	2	11	2	250
190024	2	4	2	11	0	 
190024	3	7	1	11	0	 
190024	4	30	3	23	3	250
190025	1	1	6	11	6	350
190025	2	7	1	11	0	 
190025	3	21	1	21	1	1500
190025	5	5	11	11	11	30000
190026	1	7	1	11	1	600000
190026	2	5	40	11	40	100000
190026	4	3	1	11	1	2300
190027	1	30	2	23	2	250
190029	1	1	10	8	10	3300
190030	1	1	8	11	8	8
190030	2	4	3	11	3	4500
190030	3	5	1	11	1	85000
190030	4	7	1	11	0	 
190031	1	1	3	11	3	400
190031	2	4	3	11	0	 
190031	3	7	1	11	0	 
190032	1	1	4	11	4	250
190032	2	4	1	11	1	200
190032	3	7	1	11	0	 
190032	4	5	9	11	9	20000
190033	1	1	5	11	5	450
190033	2	4	2	11	2	1500
190033	3	5	1	11	1	15000
190033	4	7	1	11	0	 
190034	1	1	3	11	3	400
190034	2	4	1	11	1	600
190034	3	3	1	11	1	1000
190034	4	7	1	11	0	 
190034	5	21	1	21	1	2000
190035	1	1	2	11	2	250
190035	2	5	6	11	6	50000
190035	3	7	1	11	0	 
190036	1	1	4	11	4	300
190036	2	4	2	11	0	 
190036	3	7	1	11	0	 
190036	4	5	1	11	1	16000
190037	1	7	1	11	1	65000
190037	2	5	12	11	12	50000
190037	3	4	4	11	4	15000
190038	1	1	12	11	12	3300
190038	2	4	2	11	2	4500
190038	3	5	1	11	1	80000
190038	4	7	1	11	0	 
190039	1	1	3	11	3	250
190039	2	5	6	11	6	30000
190039	3	7	1	11	0	 
190040	1	1	3	29	3	200
190041	1	1	3	11	3	450
190041	2	4	2	11	0	 
190041	3	7	1	11	0	 
190042	1	1	8	11	8	4500
190042	2	3	1	11	0	 
190042	3	5	1	11	1	70000
190042	4	7	1	11	0	 
190043	1	1	4	11	4	300
190043	2	7	1	11	0	 
190043	3	4	1	11	0	 
190044	1	1	2	11	2	250
190044	2	7	1	11	0	 
190045	1	1	4	11	4	380
190045	2	4	2	11	0	 
190045	3	7	1	11	0	 
190045	4	5	1	11	0	 
190046	1	1	10	11	10	8500
190046	2	4	2	11	2	12000
190046	3	5	1	11	1	75000
190046	4	7	1	11	0	 
190047	1	5	60	11	60	100000
190047	2	4	4	11	4	10000
190047	3	7	1	11	0	 
190049	1	1	3	11	3	600
190049	2	3	1	11	1	1000
190049	3	4	2	11	0	 
190049	4	7	1	11	1	450000
190050	1	1	4	11	4	450
190050	2	7	1	11	0	 
190050	3	3	1	11	0	 
190050	4	5	1	11	1	15000
190051	1	7	1	11	0	 
190051	2	8	2	11	2	32000
190051	3	3	1	11	1	1800
190052	1	1	4	11	4	250
190052	2	7	1	11	0	 
190053	1	7	1	11	0	 
190053	2	5	30	11	30	100000
190053	3	1	8	11	8	1200
190054	1	1	3	11	3	300
190054	2	5	1	11	1	20000
190054	3	4	3	11	3	1000
190054	4	7	1	11	0	 
190055	1	1	3	11	3	300
190055	2	3	1	11	1	2000
190055	3	5	1	11	1	23000
190055	4	7	1	11	1	250000
190056	1	1	3	11	2	400
190056	2	3	1	11	1	800
190056	3	7	1	11	0	 
190057	1	5	45	11	45	108000
190057	2	7	1	11	0	 
190057	3	1	5	11	5	2600
190058	1	7	1	11	0	 
190058	2	5	20	11	20	35000
190058	3	4	2	11	2	10000
190059	1	1	2	11	2	200
190059	2	4	2	11	2	2000
190059	3	6	1	11	1	500000
190059	4	7	1	11	0	 
190060	1	1	4	11	4	250
190060	2	7	1	11	0	 
190060	3	5	10	11	10	50000
190061	1	25	2	24	2	1800000
190062	1	1	4	11	4	230
190062	2	4	1	11	1	2000
190062	3	7	1	11	0	 
190063	1	1	4	11	4	450
190063	2	4	2	11	0	 
190063	3	7	1	11	0	 
190063	4	5	1	11	1	20000
190064	1	1	4	11	4	360
190064	2	4	1	11	0	 
190064	3	7	1	11	0	 
190065	1	3	1	11	1	1000
190065	2	1	4	11	4	350
190065	3	4	2	11	2	600
190065	4	7	1	11	0	 
190065	5	5	1	11	1	10000
190066	1	1	4	11	4	500
190066	2	4	2	11	0	 
190066	3	7	1	11	0	 
190066	4	5	1	11	1	10000
190067	1	1	5	11	5	350
190067	2	7	1	11	0	 
190068	1	1	5	11	5	470
190068	2	4	2	11	2	1500
190068	3	7	1	11	0	 
190068	4	3	1	11	1	1000
190069	1	1	4	11	4	260
190069	2	4	3	11	3	3000
190069	3	5	11	11	11	50000
190069	4	7	1	11	0	 
190070	1	1	4	11	4	350
190070	2	4	1	11	0	 
190070	3	7	1	11	0	 
190071	1	7	1	11	0	 
190071	2	4	1	11	0	 
190071	3	1	4	29	4	800
190072	1	1	4	11	4	450
190072	2	4	2	11	0	 
190072	3	7	1	11	0	 
190072	4	5	1	11	0	 
190073	1	1	4	11	4	370
190073	2	4	1	11	1	450
190073	3	7	1	11	0	 
190073	4	5	0	11	0	 
190074	1	1	2	11	2	190
190074	2	21	1	11	1	1500
190074	3	7	1	11	0	 
190075	1	1	3	11	3	400
190075	2	4	3	11	2	1000
190075	3	3	1	11	1	1000
190075	4	5	1	11	1	20000
190075	5	7	1	11	0	 
190076	1	7	1	11	0	 
190076	2	5	40	11	40	70000
190076	3	4	2	11	2	10000
190077	1	1	5	11	5	3500
190077	2	5	1	11	1	60000
190077	3	7	1	11	0	 
190078	1	1	6	11	6	250
190078	2	4	2	11	2	2500
190078	3	7	1	11	0	 
190078	4	5	15	11	15	100000
190079	1	1	7	11	7	2500
190079	2	4	2	11	0	 
190079	3	5	1	11	1	45000
190079	4	7	1	11	0	 
190080	1	1	2	11	2	200
190080	2	7	1	11	0	 
190080	3	5	7	11	7	50000
190080	9	21	1	21	1	1500
190081	1	1	3	5	3	300
190081	2	5	2	11	2	30000
190081	3	7	1	11	0	 
190082	1	1	4	11	4	400
190082	2	4	2	11	0	 
190082	3	7	1	11	0	 
190083	1	1	2	11	2	150
190083	2	4	2	11	2	1500
190083	3	5	15	11	15	100000
190083	4	7	1	11	0	 
190084	1	1	3	5	3	400
190084	2	4	3	11	0	 
190084	3	7	1	11	0	 
190085	1	1	12	11	12	2500
190085	2	4	2	11	2	5500
190085	3	7	1	11	0	 
190086	1	21	1	21	1	2000
190087	1	1	9	11	9	2800
190087	2	4	4	11	4	6000
190087	3	5	1	11	1	80000
190087	4	7	1	11	0	 
190088	1	1	3	11	3	400
190088	2	4	3	11	0	 
190088	3	7	1	11	0	 
190089	1	1	7	11	7	2500
190089	2	5	2	11	2	70000
190089	3	7	1	11	0	 
190090	1	7	1	11	0	 
190090	2	3	1	11	1	3000
190090	3	4	3	11	3	3000
190090	4	5	1	11	1	8000
190090	5	1	3	11	3	800
190091	1	1	3	5	3	300
190092	1	1	4	11	4	250
190092	2	7	1	11	0	 
190092	3	5	15	11	15	70000
190092	4	21	1	21	1	1500
190093	1	1	5	11	5	480
190093	2	4	3	11	0	 
190093	3	6	1	11	1	17000
190093	4	7	1	11	0	 
190093	5	3	1	11	1	700
190094	1	1	4	11	4	400
190094	2	4	2	11	2	1800
190094	3	7	1	11	0	 
190094	4	3	1	11	0	 
190095	1	1	5	11	5	450
190095	2	3	1	11	1	2000
190095	3	5	2	11	2	25000
190095	4	7	1	11	0	 
190095	5	4	3	11	0	 
190096	1	1	2	11	2	250
190096	2	7	1	11	0	 
190097	1	1	4	11	4	370
190097	2	4	1	11	0	 
190097	3	7	1	11	0	 
190097	4	5	1	11	1	17000
190098	1	7	1	11	0	 
190098	2	5	40	11	40	50000
190098	3	1	8	11	8	1500
190099	1	1	8	11	8	3000
190099	2	4	3	11	3	9000
190099	3	5	1	11	1	60000
190099	4	7	1	11	0	 
190100	1	1	5	11	5	470
190100	2	4	2	11	2	800
190100	3	5	2	11	2	40000
190100	4	7	1	11	0	 
200003	1	2	1	23	0	2000
200006	1	30	1	26	1	800000
200007	1	23	1	23	1	300
200008	1	23	4	23	4	3000
200010	1	13	5	16	5	3000
200013	1	23	8	23	8	2500
200013	2	25	1	23	1	200000
200014	1	12	0	8	0	0
200014	2	21	1	21	1	2000
200015	1	23	6	23	6	5000
200017	1	23	5	23	5	1500
200018	1	2	1	5	1	3000
200019	1	25	1	24	0	 
200020	1	25	1	24	1	140000
200022	1	25	1	23	1	10000
200023	1	23	4	23	4	200
200024	1	25	1	24	1	20000
200025	1	23	5	23	5	1500
200027	1	23	6	23	6	2000
200028	1	25	1	24	1	70000
200029	1	 	 	 	 	 
200030	1	18	4	18	4	600
200030	2	12	0	8	0	0
200031	1	1	4	5	4	650
200033	1	 	 	 	 	 
200036	1	 	 	 	 	 
200038	1	 	 	 	 	 
200040	1	25	1	24	1	500000
200042	1	30	0	7	0	0
200044	1	25	1	24	0	 
200045	1	11	8	4	8	15000
200047	1	30	10	26	0	 
200048	1	13	10	7	-77	 
200051	1	25	1	24	1	118000
200053	1	13	1	7	1	20000
200056	1	25	1	24	0	 
200061	1	25	1	24	0	 
200066	1	13	5	5	5	1000
200070	1	9	15	2	15	1200
200071	1	25	1	24	0	 
200072	1	23	4	23	4	5000
200075	2	25	1	24	1	20000
200076	1	25	1	24	1	100000
200077	1	13	8	7	8	2600
200078	1	17	1	16	1	30000
200080	1	 	 	 	 	 
200081	1	21	2	21	2	3000
200085	1	21	2	21	2	3000
200088	1	15	50	12	50	75000
200093	1	2	1	5	0	0
200096	1	25	1	24	0	0
200098	1	25	1	24	1	30000
200101	1	25	1	24	0	 
200105	1	 	 	 	 	 
