PLACEID	DISTIDR5	DISASTER	DISTYEAR	DISTMNTH	DISEFCT1	DISEFCT2	PRCEFFCT	RECVHLP1	RECVHLP2	RECVHLP3
202	1	13	2013	3	6	88	1	1	88	 
202	2	16	2013	3	15	88	1	0	 	 
202	3	13	2015	3	6	88	1	1	88	 
302	1	13	2014	4	6	88	2	1	88	 
302	2	16	2015	3	10	88	2	0	 	 
302	3	4	2016	3	4	10	1	1	88	 
304	1	11	2013	8	6	7	3	1	88	 
304	2	11	2014	8	6	7	3	1	88	 
304	3	11	2015	8	6	7	3	1	88	 
304	4	11	2016	8	6	7	3	1	88	 
305	1	16	2016	3	6	7	2	1	3	88
309	1	12	2016	4	6	88	2	0	 	 
310	1	4	2016	3	10	6	2	0	 	 
311	1	16	2014	3	19	10	2	3	88	 
311	2	16	2015	3	19	10	2	3	88	 
311	3	16	2016	3	19	10	2	3	88	 
312	1	16	2016	2	6	88	2	0	 	 
312	2	12	2016	4	6	88	3	0	 	 
313	1	4	2015	3	8	14	3	0	 	 
314	1	16	2014	3	10	88	2	0	 	 
314	2	16	2015	4	10	88	2	0	 	 
314	3	12	2015	11	5	88	1	0	 	 
503	1	16	2014	2	4	10	2	0	 	 
505	1	4	2013	11	8	88	1	1	88	 
506	1	11	2015	9	8	88	1	1	3	88
506	2	11	2016	9	8	88	2	1	3	88
507	1	10	2015	2	10	88	2	3	88	 
703	1	6	2015	4	8	88	1	1	3	88
710	1	14	2014	4	19	88	2	0	 	 
713	1	6	2014	2	6	7	2	4	88	 
903	1	10	2016	3	14	18	3	0	 	 
903	2	12	2016	4	15	5	1	0	 	 
903	3	7	2016	7	10	5	4	0	 	 
1228	1	13	2013	1	13	88	2	1	3	88
1228	2	4	2013	8	8	13	3	3	88	 
1505	1	3	2016	6	10	88	3	1	2	88
1507	1	13	2016	9	13	88	1	1	88	 
1510	1	6	2013	3	8	10	3	1	4	5
1510	2	6	2014	3	8	10	3	1	4	5
1510	3	6	2015	3	8	10	3	1	4	5
1510	4	6	2016	3	8	10	3	1	4	5
1511	1	6	2014	2	10	88	2	1	88	 
1511	2	13	2015	4	6	88	2	1	88	 
1511	3	16	2016	12	12	88	3	0	 	 
1601	1	3	2016	9	10	88	2	0	 	 
1601	2	7	2015	2	10	88	2	0	 	 
1601	3	6	2015	2	4	88	2	0	 	 
1801	1	3	2016	1	10	88	2	0	 	 
1801	2	7	2016	5	10	88	3	0	 	 
8008	1	3	2016	6	10	88	3	0	 	 
8008	2	12	2015	10	5	88	2	0	 	 
8008	3	13	2014	9	13	88	2	0	 	 
8008	4	13	2016	9	13	88	2	0	 	 
8012	1	13	2013	6	13	88	3	4	1	88
8014	1	4	2015	11	12	88	1	0	 	 
8020	1	16	2015	11	1	14	1	3	88	 
8029	1	7	2015	1	10	88	3	0	 	 
8037	1	16	2015	3	19	88	1	0	 	 
8039	1	16	2015	3	6	88	1	3	88	 
8064	1	12	2015	1	10	6	4	0	 	 
8064	2	7	2016	11	10	3	3	0	 	 
8064	3	7	2016	10	10	88	3	0	 	 
8064	4	8	2016	11	3	88	3	3	4	88
8070	1	10	2014	4	14	10	3	1	2	88
8079	1	13	2015	3	13	88	1	1	88	 
8079	2	13	2015	3	13	88	1	1	88	 
8079	3	6	2017	1	19	88	1	0	 	 
8129	1	13	2014	1	6	88	1	1	88	 
8129	2	13	2014	1	6	88	1	1	88	 
8141	1	13	2015	2	6	7	1	1	88	 
8142	1	3	2015	4	10	88	2	0	 	 
8145	1	13	2014	2	6	88	1	1	88	 
8145	2	13	2015	2	6	88	1	1	88	 
8145	3	13	2016	2	6	88	1	1	88	 
8146	1	13	2015	5	17	88	1	1	88	 
8148	1	7	16	1	5	10	3	0	 	 
8148	2	7	15	2	5	10	3	1	0	 
8148	3	7	14	1	5	10	3	0	 	 
8152	1	6	14	3	5	88	3	0	 	 
8152	2	7	15	5	10	88	4	0	 	 
8162	1	13	2015	9	6	7	1	1	88	 
8162	2	13	2016	10	6	7	1	1	88	 
8166	1	10	2014	6	10	88	3	1	88	 
8166	2	3	2014	3	10	88	2	0	 	 
8169	1	10	2014	1	10	6	3	0	 	 
8169	2	10	2015	1	10	6	3	0	 	 
8177	1	11	2013	6	8	88	1	0	 	 
8180	1	13	2014	2	6	88	1	1	88	 
8180	2	13	2015	2	6	88	1	1	88	 
8181	1	6	2013	4	10	6	2	0	 	 
8181	2	12	2013	5	5	6	2	0	 	 
8181	3	6	2014	3	10	6	2	0	 	 
8181	4	12	2014	5	5	6	2	0	 	 
8181	5	6	2015	5	10	6	2	0	 	 
8181	6	12	2015	5	5	6	2	0	 	 
8181	7	6	2016	3	10	6	2	0	 	 
8186	1	3	2016	3	10	88	3	0	 	 
8193	1	13	2015	5	13	88	2	1	88	 
8198	1	12	2014	5	5	88	1	0	 	 
8198	2	14	2015	3	9	88	1	0	 	 
8202	1	16	2014	1	6	8	1	1	88	 
8202	2	16	2015	1	6	8	1	1	88	 
8202	3	16	2016	1	6	8	1	1	88	 
8205	1	4	2015	4	10	6	1	0	 	 
8205	2	7	2016	8	10	6	1	0	 	 
8207	1	10	2014	5	10	88	4	0	 	 
8207	2	10	2015	5	10	88	3	0	 	 
8207	3	11	2015	6	10	19	2	0	 	 
8207	4	16	2015	6	10	19	2	0	 	 
8209	1	10	2014	8	10	88	3	1	88	 
8209	2	4	2015	11	10	88	2	1	3	88
8215	1	3	2016	5	10	88	1	0	 	 
8220	1	3	2016	1	10	88	1	0	 	 
8228	1	4	2014	3	10	12	2	3	88	 
8228	2	3	2016	5	10	14	4	3	0	 
8236	1	3	2015	6	6	7	3	0	 	 
8245	1	16	16	2	13	88	4	1	3	88
8252	1	6	2014	3	12	88	4	1	3	5
8252	2	6	2015	3	12	88	4	1	3	5
8252	3	6	2016	3	12	88	4	1	3	5
8262	1	13	2014	3	12	88	1	1	88	 
8262	2	13	2015	3	13	88	1	1	88	 
8262	3	13	2016	3	13	88	1	1	88	 
8274	1	16	2015	3	6	88	1	0	 	 
8316	1	6	2015	4	8	88	1	1	4	88
8316	2	13	2015	7	13	88	1	1	88	 
8318	1	16	2014	2	10	13	1	1	88	 
8318	2	16	2015	2	10	13	3	1	3	88
8318	3	16	2016	2	10	13	2	1	3	88
8318	4	12	2015	3	10	88	1	1	88	 
8319	1	6	2013	2	10	14	2	0	 	 
8319	2	16	2014	1	10	14	1	0	 	 
8319	3	16	2015	1	10	14	2	1	88	 
8319	4	16	2016	1	10	14	2	1	88	 
8321	1	13	2014	3	6	88	2	1	88	 
8322	1	16	2015	3	6	7	2	1	88	 
8322	2	13	2015	6	6	88	2	1	88	 
8322	3	13	2016	6	6	88	2	1	88	 
8323	1	13	2016	3	6	88	1	1	88	 
8325	1	13	2014	1	13	88	1	1	88	 
8325	2	13	2015	1	13	88	2	1	88	 
8328	1	7	16	6	10	12	2	0	 	 
8328	2	16	16	2	19	8	1	0	 	 
8333	1	10	2014	4	10	88	2	0	 	 
8333	2	10	2015	3	10	88	2	0	 	 
8334	1	10	2014	2	10	88	3	1	88	 
8340	1	13	2015	2	6	88	1	1	88	 
8345	1	13	2014	9	6	88	2	1	88	 
8345	2	10	2014	12	10	88	2	0	 	 
8348	1	2	2016	10	9	8	1	1	3	88
8357	1	6	2013	2	10	6	3	0	 	 
8357	2	6	2014	3	10	6	3	0	 	 
8357	3	6	2015	2	10	6	3	0	 	 
8357	4	6	2016	2	10	6	3	0	 	 
8358	1	13	2016	1	13	88	2	1	88	 
8361	1	13	2014	6	13	15	1	1	88	 
8386	1	13	2015	2	6	7	1	1	88	 
8402	1	13	2014	3	6	88	1	1	88	 
8402	2	13	2015	3	6	88	1	1	88	 
8406	1	13	2016	1	6	88	1	1	88	 
8407	1	11	2015	3	13	88	3	1	88	 
8407	2	11	2015	6	13	88	2	1	88	 
8407	3	11	2016	9	13	88	1	1	88	 
8407	4	11	2016	6	13	88	2	1	88	 
8408	1	13	2013	3	6	88	1	1	88	 
8408	2	13	2015	3	6	88	1	88	 	 
8409	1	13	2015	4	11	6	2	1	3	88
8418	1	10	2015	3	10	88	4	0	 	 
8418	2	10	2016	3	10	88	4	0	 	 
8420	1	10	2014	8	10	88	2	1	88	 
8420	2	10	2015	8	10	88	3	1	88	 
8420	3	10	2016	8	10	88	2	1	88	 
8421	1	11	2016	8	10	8	3	1	3	88
8422	1	10	2014	12	14	88	2	0	 	 
8426	1	6	2015	3	4	5	1	3	88	 
8426	2	13	2016	10	6	7	1	1	88	 
8431	1	13	2013	3	6	7	1	1	88	 
8431	2	13	2014	3	6	7	1	1	88	 
8431	3	13	2015	3	6	7	1	1	88	 
8431	4	13	2016	3	6	7	1	1	88	 
8431	5	16	2016	4	8	6	2	1	88	 
8450	1	13	2014	2	6	88	2	1	88	 
8450	2	13	2014	2	6	88	2	1	88	 
8450	3	13	2015	2	6	88	2	1	88	 
8450	4	13	2016	2	6	88	2	1	88	 
8451	1	13	2015	3	6	88	1	1	88	 
8453	1	13	2015	3	6	88	1	1	88	 
8455	1	13	2013	1	6	7	3	1	88	 
8457	1	13	2016	2	6	88	1	1	88	 
8458	1	13	2014	4	6	88	1	1	88	 
8459	1	13	2013	1	6	7	1	1	88	 
8459	2	13	2014	1	6	7	1	1	88	 
8459	3	13	2015	1	6	7	1	1	88	 
8460	1	13	2015	6	6	88	1	1	88	 
8462	1	13	2016	3	6	88	2	1	88	 
8468	1	16	2015	2	6	10	4	1	88	 
8468	2	4	2015	3	10	8	4	1	88	 
8468	3	10	2013	2	10	6	3	1	88	 
8469	1	10	2013	8	10	88	1	0	 	 
8469	2	10	2014	3	10	88	2	0	 	 
8471	1	4	2014	3	13	88	1	0	 	 
8471	2	13	2014	6	13	88	1	0	 	 
8471	3	13	2015	4	13	88	3	0	 	 
8474	1	11	2015	11	8	10	1	0	 	 
8476	1	13	2014	3	6	88	1	1	88	 
8477	1	16	2014	8	19	88	2	0	 	 
8477	2	10	2013	4	10	88	3	1	88	 
8477	3	10	2015	4	10	88	3	1	88	 
8478	1	14	2015	4	12	8	1	1	3	88
8479	1	6	2013	12	1	9	3	1	88	 
8479	2	16	2013	12	1	9	3	1	88	 
8480	1	13	2014	5	6	88	1	1	88	 
8480	2	13	2015	6	6	88	1	1	88	 
8480	3	13	2016	5	6	88	1	1	88	 
8481	1	10	2015	3	14	88	2	0	 	 
8481	2	12	2016	4	15	88	2	0	 	 
8502	1	6	2016	4	12	6	1	1	4	88
8507	1	3	2014	10	6	88	3	0	 	 
8507	2	6	2014	3	12	4	1	1	88	 
8509	1	6	2014	3	12	88	3	1	3	5
8509	2	6	2015	3	12	88	3	1	3	5
8509	3	6	2016	3	12	88	3	1	3	5
8510	1	6	2014	3	12	88	2	1	3	5
8510	2	6	2015	3	12	88	2	1	3	5
8510	3	6	2016	3	12	88	2	1	3	5
8513	1	13	2014	4	13	88	1	1	88	 
8524	1	3	2016	4	10	88	3	0	 	 
8529	1	6	2015	3	10	5	1	0	 	 
8536	1	7	2016	11	10	88	3	0	 	 
8536	2	3	2016	4	10	88	3	0	 	 
8539	1	13	2014	8	13	6	2	1	3	2
8539	2	2	2016	9	9	8	2	1	3	88
8539	3	12	2014	5	6	88	2	3	88	 
8539	4	13	2016	7	13	6	2	3	1	88
8606	1	7	16	6	6	88	3	1	2	88
8606	2	6	14	1	11	13	2	1	2	88
8609	1	16	2015	1	6	88	3	1	0	 
8612	1	16	2015	3	6	88	1	0	 	 
8617	1	4	2016	2	11	12	1	1	88	 
8617	2	7	2016	5	10	11	2	1	4	88
8634	1	7	2015	4	10	5	3	1	3	5
8634	2	3	2015	1	10	5	3	1	3	5
8636	1	11	2016	6	10	88	3	1	88	 
8638	1	88	 	 	 	 	 	 	 	 
8640	1	7	2015	3	16	88	1	0	 	 
8644	1	11	2016	7	8	88	1	0	 	 
8646	1	88	 	 	 	 	 	 	 	 
8647	1	16	2014	11	8	88	2	3	88	 
8658	1	8	2016	8	10	88	1	1	3	88
8659	1	7	2015	5	7	88	2	1	88	 
8665	1	11	2016	11	8	88	1	0	 	 
8730	1	13	2014	7	13	88	3	1	88	 
8730	2	13	2015	6	13	88	3	1	88	 
8750	1	11	2014	2	13	88	2	0	 	 
