PLACEID	RSID	CAPAC
202	1	4
202	2	3
202	3	3
202	4	2
202	5	2
202	6	7
202	7	7
302	1	7
302	2	2
302	3	8
302	4	9
302	5	6
302	6	3
302	7	7
304	1	4
304	2	10
304	3	2
304	4	9
304	5	2
304	6	7
305	1	10
305	2	10
305	3	2
309	1	9
309	2	4
309	3	7
309	4	2
309	5	3
310	1	2
310	2	9
310	3	10
310	4	4
310	5	3
311	1	10
311	2	10
311	3	2
311	4	9
311	5	4
311	6	7
311	7	3
312	1	2
312	2	10
312	3	9
312	4	3
312	5	7
313	1	2
313	2	7
313	3	4
314	1	7
314	2	2
314	3	2
314	4	3
314	5	3
404	1	10
404	2	10
404	3	10
405	1	4
405	2	2
405	3	7
405	4	7
406	1	2
406	2	2
406	3	10
406	4	3
503	1	1
503	2	2
503	3	7
503	4	3
505	1	4
505	2	6
505	3	6
505	4	2
505	5	10
505	6	7
506	1	3
506	2	10
506	3	2
506	4	2
507	1	10
507	2	4
507	3	10
507	4	7
507	5	7
507	6	7
601	1	3
601	2	1
601	3	4
601	4	7
601	5	7
701	1	9
701	2	9
701	3	10
701	4	7
702	1	2
702	2	2
702	3	9
702	4	10
702	5	7
702	6	10
702	7	3
703	1	3
703	2	10
703	3	7
703	4	9
703	5	9
703	6	10
707	1	9
707	2	9
707	3	10
707	4	7
707	5	10
707	6	4
707	7	10
708	1	7
708	2	10
708	3	9
708	4	9
709	1	9
709	2	9
709	3	7
710	1	3
710	2	3
710	3	9
710	4	9
710	5	10
710	6	10
711	1	10
711	2	7
711	3	10
711	4	10
712	1	9
712	2	10
712	3	10
712	4	10
712	5	10
713	1	9
713	2	9
713	3	9
713	4	9
713	5	7
714	1	10
714	2	7
714	3	9
714	4	9
715	1	10
715	2	10
715	3	3
715	4	7
715	5	10
716	1	3
716	2	10
716	3	10
716	4	10
716	5	7
716	6	10
717	1	10
717	2	10
717	3	10
717	4	9
718	1	9
718	2	7
718	3	7
719	1	10
719	2	3
719	3	3
719	4	10
719	5	10
719	6	7
801	1	9
801	2	10
801	3	3
801	4	3
801	5	7
801	6	10
801	7	7
802	1	9
802	2	9
802	3	9
802	4	10
802	5	7
803	1	10
803	2	10
803	3	10
803	4	7
803	5	7
804	1	9
804	2	9
804	3	4
804	4	9
804	5	2
804	6	7
804	7	7
903	1	6
903	2	7
903	3	10
1004	1	9
1004	2	7
1004	3	10
1005	1	10
1005	2	10
1005	3	10
1005	4	10
1104	1	10
1104	2	10
1104	3	9
1104	4	9
1104	5	9
1104	6	1
1201	1	8
1201	2	7
1201	3	8
1201	4	7
1202	1	10
1202	2	3
1202	3	9
1202	4	7
1203	1	8
1203	2	8
1203	3	8
1203	4	7
1203	5	10
1203	6	7
1204	1	8
1204	2	8
1204	3	8
1204	4	7
1204	5	7
1204	6	7
1204	7	7
1204	8	7
1204	9	7
1204	10	8
1204	11	8
1204	12	7
1205	1	8
1205	2	8
1205	3	8
1205	4	7
1205	5	8
1207	1	8
1207	2	8
1207	3	8
1207	4	7
1207	5	7
1207	6	7
1207	7	3
1207	8	4
1208	1	8
1208	2	8
1208	3	8
1208	4	7
1208	5	8
1208	6	7
1208	7	7
1208	8	8
1210	1	8
1210	2	8
1210	3	8
1210	4	7
1210	5	7
1210	6	10
1210	7	8
1210	8	7
1213	1	8
1213	2	8
1213	3	9
1213	4	7
1213	5	7
1213	6	7
1215	1	8
1215	2	9
1215	3	7
1215	4	7
1216	1	8
1216	2	8
1216	3	8
1216	4	8
1216	5	8
1216	6	7
1217	1	8
1217	2	7
1217	3	7
1219	1	8
1219	2	7
1219	3	7
1219	4	7
1219	5	7
1219	6	7
1220	1	9
1220	2	7
1220	3	8
1220	4	3
1223	1	8
1223	2	8
1223	3	10
1223	4	8
1224	1	8
1224	2	7
1224	3	8
1224	4	8
1224	5	7
1224	6	4
1225	1	9
1225	2	7
1225	3	3
1226	1	8
1226	2	8
1226	3	8
1226	4	8
1226	5	8
1226	6	7
1226	7	7
1226	8	7
1226	9	8
1227	1	7
1227	2	7
1227	3	7
1227	4	7
1227	5	7
1227	6	7
1227	7	7
1227	8	3
1227	9	4
1227	10	9
1227	11	9
1228	1	7
1228	2	9
1228	3	8
1228	4	3
1229	1	8
1229	2	8
1229	3	8
1229	4	10
1229	5	7
1230	1	9
1230	2	6
1230	3	9
1230	4	9
1230	5	9
1230	6	7
1230	7	7
1230	8	7
1230	9	7
1230	10	7
1230	11	7
1230	12	7
1230	13	7
1230	14	3
1230	15	4
1231	1	9
1231	2	9
1231	3	9
1231	4	6
1231	5	7
1231	6	7
1231	7	7
1232	1	7
1232	2	9
1232	3	8
1232	4	8
1232	5	4
1232	6	7
1232	7	7
1232	8	7
1232	9	7
1233	1	7
1233	2	8
1233	3	7
1233	4	7
1233	5	7
1234	1	3
1234	2	8
1234	3	7
1234	4	7
1234	5	7
1234	6	7
1234	7	4
1234	8	8
1235	1	7
1235	2	7
1235	3	8
1235	4	8
1235	5	7
1235	6	7
1235	7	8
1235	8	4
1235	9	7
1235	10	7
1236	1	8
1236	2	10
1236	3	10
1236	4	7
1236	5	7
1237	1	7
1237	2	7
1237	3	7
1237	4	7
1237	5	7
1237	6	10
1237	7	3
1237	8	1
1237	9	3
1301	1	2
1301	2	9
1301	3	7
1301	4	7
1301	5	7
1301	6	7
1301	7	3
1304	1	10
1304	2	9
1304	3	9
1304	4	10
1304	5	7
1304	6	7
1305	1	1
1305	2	1
1305	3	1
1305	4	3
1305	5	7
1305	6	7
1306	1	9
1306	2	7
1308	1	1
1308	2	1
1308	3	3
1308	4	10
1308	5	7
1308	6	7
1309	1	7
1309	2	10
1309	3	9
1309	4	10
1309	5	9
1310	1	7
1310	2	10
1310	3	8
1310	4	10
1310	5	8
1401	1	8
1401	2	8
1401	3	10
1401	4	9
1401	5	7
1404	1	4
1404	2	3
1404	3	9
1404	4	10
1404	5	10
1404	6	7
1404	7	7
1404	8	3
1405	1	4
1405	2	3
1405	3	10
1405	4	7
1405	5	10
1406	1	8
1406	2	8
1406	3	8
1406	4	10
1406	5	10
1406	6	7
1406	7	3
1406	8	7
1407	1	2
1407	2	3
1407	3	10
1407	4	7
1408	1	8
1408	2	10
1408	3	10
1408	4	10
1408	5	2
1408	6	3
1408	7	3
1408	8	7
1409	1	8
1409	2	8
1409	3	9
1409	4	8
1409	5	8
1409	6	7
1409	7	3
1410	1	4
1410	2	2
1410	3	8
1411	1	10
1411	2	7
1411	3	10
1411	4	7
1411	5	8
1411	6	3
1411	7	10
1411	8	3
1412	1	8
1412	2	8
1412	3	8
1412	4	8
1412	5	10
1413	1	7
1413	2	10
1413	3	3
1414	1	9
1414	2	10
1504	1	4
1504	2	4
1504	3	4
1504	4	10
1504	5	10
1505	1	9
1505	2	9
1505	3	7
1505	4	4
1505	5	3
1505	6	4
1507	1	9
1507	2	9
1507	3	4
1507	4	4
1508	1	4
1508	2	9
1508	3	3
1508	4	10
1509	1	10
1509	2	10
1510	1	3
1510	2	4
1510	3	3
1510	4	9
1510	5	10
1510	6	10
1511	1	3
1511	2	10
1511	3	9
1511	4	7
1601	1	10
1601	2	9
1601	3	9
1601	4	10
1601	5	7
1601	6	2
1601	7	3
1603	1	2
1603	2	3
1603	3	9
1603	4	8
1603	5	10
1603	6	10
1604	1	2
1604	2	3
1604	3	10
1604	4	10
1604	5	10
1702	1	8
1702	2	9
1702	3	7
1801	1	3
1801	2	3
1801	3	10
2002	1	9
2002	2	3
2002	3	8
2002	4	8
2002	5	7
2002	6	10
2002	7	10
2004	1	4
2004	2	3
2004	3	9
2004	4	8
2004	5	8
2004	6	7
2004	7	10
2005	1	3
2005	2	4
2005	3	9
2005	4	10
2005	5	7
2005	6	7
2005	7	10
2007	1	4
2007	2	4
2007	3	9
2007	4	3
2007	5	7
2007	6	7
2007	7	3
2008	1	8
2008	2	9
2008	3	7
2008	4	10
2008	5	7
2009	1	4
2009	2	9
2009	3	3
2009	4	10
2009	5	7
2009	6	7
2009	7	7
2009	8	7
2009	9	3
2010	1	3
2010	2	9
2010	3	8
2010	4	8
2010	5	7
2010	6	10
2011	1	3
2011	2	10
2011	3	10
2011	4	7
2011	5	7
2012	1	3
2012	2	4
2012	3	10
2012	4	9
2012	5	7
2014	1	9
2014	2	8
2014	3	3
2014	4	7
2015	1	4
2015	2	3
2015	3	3
2015	4	9
2015	5	7
2015	6	7
2015	7	7
2016	1	8
2016	2	8
2016	3	10
2016	4	9
2016	5	8
2016	6	3
2016	7	3
2017	1	2
2017	2	4
2017	3	3
2017	4	3
2017	5	7
2017	6	7
2017	7	7
2017	8	7
2017	9	7
2017	10	7
2018	1	9
2018	2	8
2018	3	10
2018	4	4
2018	5	7
2018	6	7
2018	7	7
2018	8	3
2018	9	3
2019	1	8
2019	2	10
2019	3	3
2019	4	7
2019	5	7
2019	6	3
2020	1	9
2020	2	8
2020	3	8
2020	4	3
2020	5	7
2021	1	10
2021	2	9
2021	3	8
2021	4	10
2021	5	10
2021	6	7
2022	1	7
2022	2	1
2022	3	3
2024	1	10
2024	2	7
2024	3	7
2024	4	10
2024	5	8
2025	1	1
2025	2	8
2025	3	1
2025	4	10
2025	5	7
8007	1	9
8007	2	8
8007	3	7
8007	4	10
8008	1	1
8008	2	3
8008	3	7
8008	4	7
8008	5	4
8008	6	10
8008	7	4
8008	8	7
8008	9	10
8008	10	10
8012	1	7
8012	2	10
8012	3	1
8013	1	9
8013	2	10
8013	3	10
8013	4	7
8014	1	9
8014	2	7
8014	3	10
8014	4	10
8015	1	9
8015	2	10
8015	3	7
8015	4	10
8015	5	10
8015	6	9
8018	1	3
8018	2	2
8018	3	4
8018	4	7
8018	5	7
8018	6	7
8018	7	7
8020	1	3
8020	2	4
8020	3	10
8020	4	3
8020	5	7
8020	6	7
8020	7	7
8020	8	7
8020	9	7
8024	1	7
8024	2	3
8024	3	3
8024	4	10
8024	5	4
8029	1	2
8029	2	7
8029	3	3
8029	4	7
8032	1	10
8032	2	10
8032	3	7
8032	4	10
8032	5	3
8032	6	7
8034	1	9
8034	2	9
8034	3	7
8034	4	7
8034	5	4
8034	6	7
8034	7	7
8034	8	10
8034	9	10
8037	1	9
8037	2	9
8037	3	10
8037	4	10
8037	5	7
8038	1	10
8038	2	10
8038	3	7
8038	4	7
8038	5	3
8038	6	4
8038	7	3
8039	1	2
8039	2	7
8039	3	7
8039	4	7
8039	5	7
8039	6	7
8039	7	7
8039	8	7
8046	1	9
8046	2	7
8046	3	7
8046	4	7
8046	5	7
8046	6	7
8046	7	7
8046	8	10
8048	1	3
8048	2	9
8048	3	4
8048	4	2
8048	5	7
8049	1	9
8049	2	7
8049	3	9
8049	4	9
8059	1	3
8059	2	3
8059	3	4
8059	4	2
8059	5	7
8059	6	7
8059	7	7
8060	1	10
8060	2	10
8060	3	3
8062	1	10
8062	2	7
8062	3	10
8062	4	4
8064	1	1
8064	2	1
8064	3	1
8064	4	9
8064	5	4
8064	6	3
8066	1	10
8066	2	7
8066	3	1
8066	4	3
8070	1	9
8070	2	7
8070	3	10
8071	1	9
8071	2	9
8079	1	1
8079	2	3
8079	3	7
8079	4	7
8079	5	8
8084	1	10
8084	2	7
8084	3	7
8084	4	9
8084	5	10
8084	6	7
8085	1	8
8085	2	7
8085	3	10
8088	1	8
8088	2	3
8088	3	7
8090	1	8
8090	2	10
8090	3	3
8090	4	10
8090	5	7
8092	1	7
8092	2	10
8092	3	10
8092	4	7
8094	1	10
8094	2	10
8094	3	7
8094	4	7
8094	5	3
8097	1	9
8097	2	7
8097	3	3
8098	1	1
8098	2	1
8098	3	10
8098	4	7
8098	5	7
8098	6	7
8099	1	10
8099	2	10
8099	3	7
8099	4	3
8101	1	7
8101	2	9
8101	3	7
8101	4	7
8101	5	7
8103	1	9
8103	2	9
8103	3	7
8107	1	9
8107	2	2
8107	3	3
8107	4	9
8107	5	7
8107	6	10
8108	1	1
8108	2	10
8108	3	7
8108	4	7
8108	5	4
8110	1	9
8110	2	9
8110	3	9
8110	4	7
8110	5	7
8110	6	10
8110	7	7
8112	1	8
8112	2	8
8112	3	7
8112	4	10
8113	1	9
8113	2	7
8114	1	4
8114	2	4
8114	3	10
8114	4	2
8114	5	7
8115	1	3
8115	2	9
8115	3	9
8115	4	7
8119	1	1
8119	2	7
8123	1	8
8123	2	3
8123	3	7
8123	4	10
8126	1	3
8126	2	3
8126	3	10
8126	4	10
8126	5	7
8126	6	7
8126	7	7
8126	8	7
8126	9	7
8127	1	8
8127	2	8
8127	3	8
8127	4	10
8127	5	10
8127	6	7
8127	7	7
8127	8	7
8128	1	8
8128	2	8
8128	3	8
8128	4	10
8129	1	1
8129	2	1
8129	3	8
8129	4	10
8129	5	7
8130	1	9
8130	2	7
8130	3	7
8130	4	4
8130	5	10
8130	6	3
8132	1	8
8132	2	9
8132	3	10
8132	4	7
8132	5	8
8132	6	7
8134	1	10
8134	2	10
8134	3	3
8134	4	7
8135	1	2
8135	2	7
8135	3	7
8135	4	10
8135	5	4
8138	1	9
8138	2	7
8138	3	9
8138	4	10
8138	5	10
8140	1	10
8141	1	2
8141	2	2
8141	3	2
8141	4	4
8141	5	3
8141	6	7
8141	7	7
8142	1	2
8142	2	10
8143	1	1
8143	2	9
8143	3	4
8143	4	3
8143	5	7
8143	6	7
8143	7	7
8145	1	4
8145	2	3
8145	3	3
8145	4	7
8145	5	7
8145	6	7
8145	7	7
8145	8	7
8145	9	2
8145	10	2
8146	1	2
8146	2	2
8146	3	3
8146	4	3
8146	5	7
8147	1	7
8147	2	1
8147	3	1
8147	4	10
8147	5	10
8148	1	1
8148	2	9
8148	3	3
8148	4	3
8148	5	7
8148	6	7
8148	7	7
8151	1	7
8151	2	3
8151	3	2
8151	4	7
8151	5	7
8152	1	9
8152	2	7
8152	3	8
8152	4	2
8160	1	7
8160	2	7
8160	3	4
8160	4	10
8160	5	3
8162	1	2
8162	2	2
8162	3	3
8162	4	7
8162	5	7
8166	1	4
8166	2	2
8166	3	4
8166	4	7
8169	1	2
8169	2	3
8169	3	7
8169	4	4
8169	5	2
8170	1	2
8170	2	2
8170	3	9
8170	4	10
8170	5	7
8170	6	7
8172	1	9
8172	2	9
8172	3	7
8172	4	7
8172	5	9
8177	1	4
8177	2	9
8177	3	7
8177	4	3
8180	1	4
8180	2	2
8180	3	7
8180	4	10
8180	5	3
8181	1	3
8181	2	4
8181	3	4
8181	4	7
8181	5	7
8181	6	3
8181	7	8
8181	8	8
8184	1	9
8184	2	7
8184	3	10
8184	4	4
8184	5	3
8185	1	10
8185	2	10
8185	3	7
8185	4	7
8186	1	9
8186	2	9
8186	3	7
8187	1	7
8187	2	7
8187	3	9
8187	4	9
8188	1	10
8188	2	10
8188	3	1
8188	4	1
8188	5	7
8189	1	3
8189	2	10
8189	3	3
8189	4	3
8189	5	7
8189	6	7
8189	7	7
8189	8	7
8189	9	2
8193	1	7
8193	2	7
8193	3	9
8193	4	7
8195	1	8
8195	2	7
8195	3	7
8195	4	8
8195	5	8
8195	6	7
8196	1	9
8196	2	3
8196	3	4
8196	4	7
8196	5	7
8197	1	1
8197	2	3
8197	3	1
8197	4	3
8198	1	3
8198	2	2
8198	3	7
8199	1	10
8199	2	3
8199	3	7
8199	4	7
8202	1	2
8202	2	3
8202	3	4
8202	4	7
8202	5	3
8203	1	2
8203	2	7
8203	3	10
8203	4	3
8203	5	4
8204	1	2
8204	2	7
8204	3	4
8204	4	3
8205	1	2
8205	2	2
8205	3	3
8205	4	7
8205	5	7
8205	6	4
8207	1	3
8207	2	7
8207	3	8
8207	4	2
8207	5	7
8209	1	10
8209	2	2
8209	3	2
8209	4	7
8209	5	7
8212	1	10
8212	2	10
8212	3	10
8215	1	9
8215	2	9
8215	3	1
8215	4	7
8215	5	10
8216	1	9
8216	2	9
8216	3	7
8216	4	10
8219	1	9
8219	2	7
8219	3	10
8220	1	1
8220	2	1
8220	3	3
8220	4	3
8220	5	4
8220	6	4
8220	7	7
8220	8	1
8223	1	8
8223	2	3
8223	3	10
8226	1	3
8226	2	2
8226	3	4
8226	4	8
8226	5	8
8226	6	10
8226	7	10
8226	8	7
8226	9	7
8226	10	7
8227	1	2
8227	2	4
8227	3	2
8227	4	2
8227	5	7
8227	6	3
8228	1	9
8228	2	7
8228	3	10
8236	1	2
8236	2	9
8236	3	2
8236	4	9
8236	5	7
8236	6	7
8237	1	10
8237	2	9
8237	3	1
8237	4	10
8237	5	7
8237	6	10
8237	7	3
8244	1	7
8244	2	7
8244	3	7
8244	4	7
8244	5	7
8244	6	7
8244	7	7
8244	8	9
8244	9	8
8245	1	2
8245	2	3
8245	3	7
8245	4	7
8245	5	7
8248	1	9
8248	2	7
8248	3	9
8252	1	9
8252	2	9
8252	3	10
8254	1	10
8254	2	9
8254	3	9
8254	4	4
8254	5	7
8254	6	7
8254	7	7
8254	8	7
8255	1	3
8255	2	4
8255	3	1
8255	4	3
8255	5	7
8255	6	7
8255	7	7
8255	8	7
8257	1	3
8257	2	9
8257	3	3
8257	4	10
8257	5	7
8257	6	7
8257	7	7
8258	1	9
8258	2	3
8258	3	7
8259	1	8
8259	2	9
8259	3	10
8259	4	10
8259	5	7
8260	1	7
8260	2	10
8260	3	7
8262	1	9
8262	2	10
8262	3	3
8264	1	9
8264	2	3
8264	3	9
8264	4	7
8264	5	7
8264	6	10
8264	7	3
8264	8	10
8267	1	10
8267	2	3
8267	3	10
8267	4	7
8267	5	4
8267	6	2
8269	1	7
8269	2	8
8269	3	7
8269	4	7
8273	1	1
8273	2	1
8273	3	2
8273	4	10
8273	5	7
8273	6	7
8273	7	10
8274	1	9
8274	2	10
8274	3	7
8274	4	7
8277	1	10
8277	2	10
8277	3	10
8278	1	10
8278	2	4
8278	3	3
8278	4	7
8278	5	7
8279	1	9
8279	2	4
8279	3	3
8279	4	2
8279	5	10
8281	1	8
8281	2	10
8281	3	9
8281	4	7
8285	1	9
8285	2	7
8285	3	7
8285	4	7
8286	1	7
8286	2	7
8286	3	7
8286	4	10
8286	5	4
8286	6	3
8286	7	3
8287	1	10
8287	2	9
8287	3	3
8290	1	8
8290	2	3
8290	3	7
8293	1	7
8293	2	7
8293	3	7
8293	4	4
8293	5	8
8297	1	4
8297	2	10
8297	3	10
8297	4	10
8297	5	7
8297	6	7
8297	7	7
8297	8	3
8297	9	7
8297	10	7
8302	1	9
8302	2	10
8302	3	10
8302	4	7
8305	1	1
8305	2	7
8306	1	8
8306	2	10
8306	3	2
8306	4	2
8306	5	8
8306	6	7
8306	7	3
8310	1	1
8310	2	7
8311	1	7
8311	2	7
8311	3	9
8311	4	10
8316	1	1
8316	2	2
8316	3	3
8316	4	4
8316	5	7
8317	1	10
8317	2	7
8317	3	3
8317	4	7
8318	1	1
8318	2	7
8318	3	7
8318	4	3
8319	1	8
8319	2	7
8319	3	7
8319	4	8
8320	1	9
8320	2	8
8320	3	10
8320	4	10
8320	5	7
8320	6	7
8321	1	9
8321	2	8
8321	3	7
8321	4	4
8321	5	7
8321	6	8
8322	1	9
8322	2	8
8322	3	7
8322	4	3
8323	1	9
8323	2	9
8323	3	9
8323	4	9
8323	5	7
8323	6	4
8323	7	7
8325	1	9
8325	2	4
8325	3	3
8325	4	7
8325	5	7
8325	6	7
8327	1	4
8327	2	3
8327	3	7
8327	4	10
8327	5	1
8328	1	7
8328	2	10
8328	3	4
8332	1	10
8332	2	3
8332	3	10
8332	4	10
8333	1	2
8333	2	9
8333	3	7
8334	1	7
8334	2	2
8334	3	2
8334	4	4
8340	1	9
8340	2	9
8340	3	9
8340	4	10
8340	5	7
8340	6	9
8340	7	7
8345	1	9
8345	2	9
8345	3	7
8348	1	2
8348	2	4
8348	3	3
8348	4	3
8348	5	7
8349	1	2
8349	2	7
8349	3	10
8350	1	9
8350	2	7
8350	3	7
8350	4	4
8350	5	3
8353	1	3
8353	2	3
8353	3	4
8353	4	10
8353	5	10
8353	6	7
8353	7	7
8353	8	7
8353	9	7
8353	10	7
8354	1	3
8354	2	3
8354	3	9
8354	4	10
8354	5	7
8354	6	7
8354	7	7
8354	8	7
8354	9	7
8354	10	7
8357	1	1
8357	2	3
8357	3	3
8357	4	3
8357	5	7
8358	1	1
8358	2	2
8358	3	7
8361	1	9
8361	2	7
8361	3	10
8363	1	10
8363	2	10
8363	3	7
8363	4	10
8363	5	10
8364	1	8
8364	2	4
8364	3	3
8364	4	1
8364	5	7
8364	6	7
8364	7	7
8364	8	7
8364	9	7
8364	10	7
8369	1	8
8369	2	7
8369	3	8
8370	1	1
8370	2	10
8370	3	7
8370	4	3
8371	1	10
8371	2	3
8371	3	10
8371	4	10
8371	5	10
8372	1	7
8372	2	10
8372	3	7
8372	4	7
8372	5	9
8372	6	9
8374	1	1
8374	2	7
8374	3	7
8374	4	10
8374	5	1
8374	6	3
8377	1	8
8377	2	10
8377	3	10
8379	1	4
8379	2	3
8379	3	7
8379	4	10
8379	5	7
8379	6	9
8379	7	9
8379	8	7
8380	1	10
8380	2	10
8380	3	4
8380	4	3
8380	5	8
8380	6	8
8380	7	8
8381	1	9
8381	2	7
8381	3	3
8381	4	8
8381	5	10
8383	1	9
8383	2	10
8383	3	7
8383	4	8
8384	1	8
8384	2	8
8384	3	7
8384	4	8
8386	1	4
8386	2	7
8386	3	7
8386	4	7
8386	5	10
8389	1	9
8389	2	10
8389	3	10
8389	4	7
8389	5	10
8389	6	10
8390	1	1
8390	2	7
8393	1	1
8393	2	3
8394	1	9
8394	2	9
8394	3	9
8394	4	3
8394	5	4
8394	6	7
8394	7	7
8394	8	7
8394	9	7
8394	10	7
8395	1	7
8395	2	7
8395	3	3
8395	4	10
8395	5	8
8395	6	4
8395	7	7
8395	8	7
8395	9	8
8395	10	7
8395	11	7
8396	1	10
8396	2	1
8396	3	1
8396	4	7
8399	1	9
8399	2	7
8402	1	2
8402	2	2
8402	3	3
8402	4	4
8402	5	3
8402	6	7
8403	1	10
8404	1	9
8404	2	10
8404	3	9
8404	4	3
8405	1	9
8405	2	9
8405	3	3
8405	4	7
8406	1	4
8406	2	8
8406	3	3
8406	4	7
8406	5	8
8406	6	7
8406	7	7
8407	1	2
8407	2	7
8407	3	9
8407	4	3
8407	5	7
8408	1	10
8408	2	7
8408	3	7
8409	1	10
8409	2	2
8409	3	7
8409	4	7
8409	5	7
8409	6	7
8409	7	7
8410	1	2
8410	2	7
8410	3	7
8411	1	9
8411	2	7
8411	3	7
8411	4	7
8411	5	7
8412	1	4
8412	2	7
8412	3	7
8412	4	7
8412	5	10
8412	6	10
8412	7	3
8413	1	9
8413	2	9
8413	3	7
8413	4	7
8413	5	9
8413	6	3
8415	1	2
8415	2	3
8415	3	7
8418	1	2
8418	2	2
8418	3	10
8418	4	10
8418	5	10
8419	1	8
8419	2	10
8419	3	10
8419	4	7
8420	1	9
8420	2	7
8420	3	7
8420	4	7
8421	1	7
8421	2	4
8421	3	10
8421	4	2
8421	5	2
8422	1	10
8422	2	10
8422	3	3
8424	1	2
8424	2	2
8424	3	4
8424	4	7
8424	5	7
8424	6	7
8426	1	7
8426	2	2
8426	3	4
8426	4	3
8426	5	7
8426	6	7
8427	1	1
8427	2	4
8427	3	7
8427	4	3
8427	5	7
8429	1	10
8429	2	10
8429	3	10
8431	1	4
8431	2	7
8431	3	3
8431	4	1
8431	5	9
8433	1	10
8433	2	10
8433	3	3
8433	4	3
8433	5	4
8434	1	1
8434	2	10
8434	3	7
8435	1	8
8435	2	8
8435	3	8
8436	1	10
8436	2	7
8440	1	8
8440	2	7
8440	3	8
8440	4	10
8440	5	10
8440	6	3
8441	1	8
8441	2	8
8441	3	10
8441	4	7
8441	5	7
8442	1	7
8442	2	8
8442	3	10
8442	4	7
8442	5	7
8442	6	4
8443	1	1
8443	2	10
8443	3	8
8443	4	7
8443	5	7
8444	1	10
8444	2	7
8444	3	8
8444	4	10
8447	1	8
8447	2	9
8447	3	7
8447	4	8
8447	5	3
8447	6	7
8447	7	7
8448	1	9
8448	2	9
8448	3	9
8448	4	7
8448	5	7
8448	6	7
8448	7	3
8448	8	4
8448	9	7
8448	10	7
8449	1	9
8449	2	9
8449	3	7
8449	4	7
8449	5	7
8449	6	7
8449	7	7
8449	8	4
8449	9	3
8449	10	9
8449	11	9
8449	12	9
8449	13	3
8450	1	4
8450	2	3
8450	3	3
8450	4	8
8450	5	7
8450	6	7
8450	7	7
8450	8	7
8450	9	7
8451	1	10
8451	2	4
8451	3	3
8451	4	7
8452	1	2
8452	2	10
8452	3	7
8453	1	2
8453	2	10
8453	3	7
8454	1	9
8454	2	9
8454	3	4
8454	4	7
8454	5	7
8455	1	9
8455	2	4
8455	3	3
8455	4	7
8455	5	7
8456	1	9
8456	2	9
8456	3	10
8456	4	10
8457	1	2
8457	2	7
8457	3	7
8457	4	7
8458	1	8
8458	2	8
8458	3	8
8458	4	8
8458	5	7
8458	6	7
8459	1	4
8459	2	7
8459	3	3
8459	4	9
8459	5	9
8460	1	1
8460	2	1
8460	3	7
8460	4	3
8460	5	3
8461	1	9
8461	2	7
8461	3	7
8461	4	9
8462	1	9
8462	2	10
8463	1	9
8463	2	10
8463	3	7
8463	4	4
8463	5	3
8463	6	3
8464	1	9
8464	2	7
8464	3	7
8464	4	7
8465	1	9
8465	2	9
8465	3	9
8465	4	9
8465	5	7
8466	1	2
8466	2	3
8466	3	7
8466	4	7
8467	1	7
8467	2	10
8467	3	10
8467	4	7
8467	5	7
8467	6	7
8467	7	7
8468	1	2
8468	2	3
8468	3	7
8468	4	10
8469	1	3
8469	2	4
8469	3	9
8469	4	7
8470	1	1
8470	2	7
8470	3	3
8471	1	2
8471	2	2
8471	3	10
8471	4	10
8471	5	4
8471	6	7
8471	7	7
8472	1	2
8472	2	2
8472	3	9
8472	4	7
8472	5	7
8472	6	4
8472	7	3
8473	1	2
8473	2	4
8473	3	3
8473	4	7
8473	5	7
8473	6	7
8474	1	2
8474	2	9
8474	3	4
8474	4	4
8474	5	7
8475	1	10
8475	2	7
8476	1	9
8476	2	7
8477	1	2
8477	2	10
8478	1	2
8478	2	3
8478	3	7
8478	4	7
8478	5	7
8479	1	10
8479	2	2
8479	3	10
8479	4	7
8480	1	2
8480	2	2
8480	3	7
8480	4	7
8480	5	7
8480	6	7
8481	1	7
8481	2	10
8481	3	9
8502	1	3
8502	2	9
8502	3	2
8502	4	7
8502	5	7
8502	6	10
8503	1	10
8503	2	10
8503	3	9
8503	4	1
8503	5	7
8503	6	1
8504	1	4
8504	2	1
8504	3	2
8504	4	3
8504	5	3
8504	6	7
8504	7	4
8504	8	10
8504	9	10
8505	1	7
8505	2	7
8505	3	2
8505	4	2
8505	5	3
8505	6	2
8505	7	10
8505	8	7
8505	9	7
8506	1	7
8506	2	9
8506	3	10
8507	1	1
8507	2	1
8507	3	7
8507	4	3
8507	5	4
8507	6	4
8508	1	9
8508	2	9
8508	3	10
8508	4	10
8508	5	10
8509	1	9
8509	2	10
8509	3	10
8510	1	9
8510	2	3
8510	3	7
8510	4	10
8510	5	10
8512	1	9
8512	2	7
8513	1	1
8514	1	9
8514	2	9
8514	3	9
8514	4	7
8515	1	9
8515	2	7
8515	3	9
8516	1	9
8516	2	9
8516	3	10
8520	1	10
8520	2	10
8520	3	7
8520	4	10
8520	5	10
8520	6	3
8520	7	3
8520	8	3
8521	1	10
8521	2	3
8521	3	3
8521	4	3
8521	5	4
8521	6	2
8521	7	7
8521	8	10
8524	1	9
8524	2	10
8524	3	7
8524	4	10
8524	5	9
8525	1	10
8525	2	3
8526	1	9
8526	2	10
8526	3	7
8527	1	1
8527	2	7
8527	3	10
8528	1	9
8528	2	7
8528	3	10
8529	1	9
8529	2	10
8529	3	3
8530	1	1
8530	2	1
8530	3	10
8530	4	10
8530	5	3
8531	1	10
8531	2	10
8532	1	1
8532	2	1
8532	3	3
8533	1	10
8534	1	10
8534	2	10
8534	3	10
8535	1	10
8535	2	3
8535	3	3
8535	4	10
8536	1	3
8536	2	10
8536	3	10
8536	4	10
8537	1	9
8537	2	10
8537	3	10
8537	4	10
8538	1	1
8538	2	9
8538	3	7
8538	4	9
8538	5	10
8539	1	9
8539	2	7
8539	3	10
8539	4	10
8539	5	7
8539	6	10
8539	7	3
8539	8	10
8540	1	7
8540	2	7
8540	3	10
8540	4	10
8541	1	1
8541	2	7
8541	3	7
8541	4	10
8542	1	7
8542	2	10
8542	3	1
8542	4	10
8601	1	7
8601	2	3
8601	3	2
8601	4	10
8601	5	3
8602	1	4
8602	2	2
8602	3	3
8602	4	3
8602	5	7
8602	6	7
8602	7	10
8604	1	3
8604	2	3
8604	3	4
8604	4	7
8604	5	4
8604	6	8
8604	7	10
8606	1	2
8606	2	3
8606	3	7
8606	4	10
8606	5	7
8606	6	7
8609	1	2
8609	2	7
8609	3	10
8609	4	7
8609	5	7
8609	6	3
8611	1	4
8611	2	6
8611	3	10
8611	4	7
8611	5	9
8611	6	3
8612	1	3
8612	2	2
8612	3	4
8612	4	7
8612	5	7
8612	6	7
8612	7	7
8613	1	4
8613	2	2
8613	3	7
8613	4	7
8613	5	7
8613	6	7
8613	7	7
8613	8	7
8613	9	7
8613	10	7
8613	11	3
8614	1	9
8614	2	7
8614	3	10
8614	4	4
8614	5	3
8614	6	3
8617	1	3
8617	2	1
8617	3	4
8617	4	7
8617	5	7
8620	1	9
8620	2	9
8620	3	9
8620	4	7
8620	5	10
8620	6	10
8624	1	9
8624	2	10
8624	3	10
8624	4	7
8625	1	9
8625	2	10
8625	3	7
8625	4	7
8625	5	3
8626	1	3
8626	2	3
8626	3	10
8626	4	7
8626	5	7
8628	1	9
8628	2	10
8628	3	7
8628	4	10
8628	5	7
8629	1	8
8629	2	3
8629	3	4
8629	4	7
8629	5	7
8629	6	7
8629	7	3
8630	1	7
8630	2	3
8630	3	3
8630	4	7
8630	5	10
8630	6	10
8632	1	2
8632	2	3
8632	3	4
8632	4	10
8632	5	7
8632	6	7
8632	7	7
8634	1	3
8634	2	7
8634	3	4
8636	1	1
8636	2	1
8636	3	1
8636	4	1
8636	5	1
8636	6	3
8636	7	3
8636	8	7
8637	1	4
8637	2	3
8637	3	10
8637	4	10
8637	5	10
8637	6	10
8637	7	7
8637	8	10
8637	9	7
8637	10	10
8638	1	7
8638	2	9
8638	3	4
8638	4	7
8638	5	3
8640	1	4
8640	2	7
8640	3	2
8640	4	10
8640	5	3
8642	1	3
8642	2	9
8642	3	10
8642	4	7
8642	5	10
8642	6	7
8644	1	3
8644	2	6
8644	3	6
8644	4	9
8645	1	4
8645	2	2
8645	3	3
8645	4	7
8645	5	7
8645	6	7
8645	7	7
8645	8	7
8645	9	7
8645	10	7
8646	1	9
8646	2	10
8647	1	9
8647	2	10
8647	3	4
8647	4	10
8647	5	10
8648	1	10
8648	2	7
8648	3	4
8648	4	3
8649	1	7
8649	2	8
8649	3	10
8649	4	3
8649	5	4
8649	6	10
8650	1	4
8650	2	3
8650	3	10
8650	4	7
8650	5	10
8650	6	7
8650	7	7
8651	1	4
8651	2	7
8651	3	10
8652	1	1
8652	2	4
8652	3	3
8652	4	3
8652	5	10
8652	6	7
8652	7	7
8652	8	7
8652	9	7
8652	10	7
8653	1	4
8653	2	2
8653	3	10
8653	4	7
8653	5	10
8653	6	2
8653	7	10
8653	8	3
8654	1	10
8654	2	10
8654	3	10
8654	4	10
8655	1	4
8655	2	3
8655	3	7
8656	1	4
8656	2	10
8656	3	10
8656	4	10
8656	5	3
8656	6	7
8656	7	7
8656	8	7
8656	9	7
8656	10	7
8657	1	6
8657	2	7
8657	3	10
8657	4	7
8658	1	2
8658	2	2
8658	3	3
8658	4	7
8659	1	2
8659	2	4
8659	3	3
8659	4	7
8659	5	6
8660	1	9
8660	2	9
8660	3	4
8660	4	3
8660	5	7
8660	6	10
8660	7	7
8660	8	7
8660	9	7
8660	10	7
8661	1	10
8661	2	7
8661	3	7
8661	4	10
8661	5	8
8661	6	8
8662	1	7
8662	2	1
8662	3	10
8662	4	10
8662	5	10
8663	1	10
8663	2	8
8663	3	8
8663	4	7
8663	5	10
8664	1	8
8664	2	7
8664	3	10
8664	4	10
8665	1	8
8665	2	7
8665	3	8
8666	1	10
8666	2	8
8666	3	10
8701	1	9
8701	2	1
8701	3	9
8701	4	4
8701	5	3
8701	6	7
8702	1	1
8702	2	7
8702	3	3
8703	1	1
8703	2	7
8705	1	3
8705	2	7
8705	3	10
8707	1	1
8707	2	1
8707	3	7
8708	1	7
8708	2	1
8708	3	3
8709	1	9
8709	2	10
8709	3	7
8709	4	10
8709	5	10
8709	6	7
8709	7	3
8709	8	10
8709	9	7
8709	10	10
8710	1	8
8710	2	10
8710	3	7
8711	1	9
8711	2	9
8711	3	9
8711	4	9
8711	5	7
8711	6	7
8712	1	9
8712	2	9
8712	3	9
8712	4	9
8712	5	3
8712	6	9
8713	1	9
8713	2	3
8713	3	3
8713	4	7
8713	5	9
8713	6	7
8714	1	9
8714	2	4
8714	3	10
8714	4	10
8714	5	7
8714	6	7
8714	7	7
8715	1	8
8715	2	10
8715	3	10
8716	1	9
8716	2	9
8716	3	10
8717	1	2
8717	2	8
8717	3	10
8717	4	2
8717	5	7
8717	6	7
8717	7	7
8717	8	7
8718	1	8
8718	2	10
8718	3	10
8719	1	10
8719	2	10
8720	1	9
8720	2	7
8720	3	8
8720	4	9
8720	5	7
8721	1	2
8721	2	2
8721	3	2
8721	4	7
8721	5	7
8722	1	1
8722	2	8
8722	3	8
8722	4	8
8722	5	7
8723	1	8
8723	2	8
8723	3	8
8723	4	7
8723	5	7
8725	1	1
8725	2	8
8725	3	1
8725	4	10
8725	5	1
8725	6	7
8725	7	7
8725	8	7
8725	9	7
8725	10	7
8725	11	3
8725	12	7
8725	13	7
8726	1	8
8726	2	7
8726	3	10
8726	4	8
8726	5	3
8726	6	8
8726	7	7
8727	1	9
8727	2	10
8727	3	7
8727	4	7
8728	1	8
8728	2	10
8728	3	8
8728	4	7
8729	1	8
8729	2	8
8730	1	10
8730	2	10
8730	3	8
8730	4	7
8730	5	7
8730	6	7
8731	1	9
8731	2	9
8731	3	8
8731	4	7
8731	5	7
8732	1	10
8732	2	10
8732	3	7
8732	4	7
8732	5	7
8732	6	8
8733	1	8
8733	2	8
8733	3	8
8733	4	8
8733	5	10
8733	6	10
8733	7	7
8733	8	7
8734	1	9
8734	2	9
8734	3	8
8734	4	10
8734	5	9
8734	6	3
8734	7	7
8734	8	7
8734	9	7
8734	10	3
8735	1	7
8735	2	3
8735	3	9
8735	4	3
8736	1	10
8736	2	7
8736	3	7
8736	4	7
8737	1	7
8737	2	7
8737	3	10
8737	4	8
8737	5	10
8738	1	7
8738	2	10
8738	3	8
8738	4	4
8738	5	7
8738	6	8
8738	7	8
8738	8	3
8738	9	7
8738	10	8
8739	1	9
8739	2	8
8739	3	3
8739	4	7
8740	1	8
8740	2	8
8740	3	10
8740	4	3
8741	1	7
8741	2	3
8741	3	4
8741	4	7
8741	5	8
8741	6	8
8741	7	8
8741	8	8
8741	9	7
8741	10	7
8742	1	10
8742	2	7
8742	3	3
8743	1	8
8743	2	10
8743	3	10
8743	4	7
8743	5	7
8744	1	1
8744	2	10
8744	3	7
8745	1	10
8745	2	7
8745	3	10
8746	1	4
8746	2	10
8746	3	10
8747	1	7
8747	2	10
8747	3	1
8748	1	9
8748	2	7
8748	3	10
8749	1	10
8749	2	10
8749	3	10
8749	4	10
8750	1	10
8750	2	10
8750	3	7
8751	1	1
8751	2	10
8751	3	8
8751	4	7
8751	5	7
8752	1	1
8752	2	7
8752	3	3
8753	1	10
8753	2	7
8754	1	1
8754	2	9
8755	1	9
8755	2	9
8755	3	7
8756	1	10
8756	2	9
8756	3	1
8756	4	10
8756	5	10
8757	1	7
8757	2	7
8757	3	10
8758	1	9
8758	2	9
8758	3	9
8758	4	7
8759	1	1
8760	1	8
8760	2	10
8760	3	8
8760	4	7
8760	5	10
8761	1	1
8761	2	3
8761	3	7
8761	4	10
8762	1	4
8762	2	4
8762	3	9
8762	4	10
8762	5	10
8763	1	79
8763	2	8
8763	3	7
8764	1	10
8764	2	10
8764	3	7
8764	4	4
8764	5	10
8764	6	7
8764	7	10
