PLACEID	SCPRIDR5	PRBLCTLY
202	1	1
202	2	1
202	3	1
202	4	1
202	5	0
202	6	1
202	7	1
202	8	1
202	9	0
202	10	1
202	11	88
302	1	0
302	2	0
302	3	0
302	4	0
302	5	0
302	6	0
302	7	0
302	8	0
302	9	0
302	10	88
302	11	88
304	1	0
304	2	0
304	3	0
304	4	0
304	5	0
304	6	0
304	7	0
304	8	1
304	9	0
304	10	1
304	11	88
305	1	0
305	2	0
305	3	0
305	4	0
305	5	0
305	6	0
305	7	0
305	8	1
305	9	0
305	10	1
305	11	88
309	1	0
309	2	0
309	3	0
309	4	0
309	5	0
309	6	0
309	7	0
309	8	1
309	9	0
309	10	88
309	11	88
310	1	0
310	2	0
310	3	0
310	4	0
310	5	0
310	6	0
310	7	0
310	8	0
310	9	0
310	10	0
310	11	88
311	1	0
311	2	0
311	3	0
311	4	0
311	5	0
311	6	0
311	7	0
311	8	0
311	9	0
311	10	1
311	11	88
312	1	0
312	2	0
312	3	0
312	4	0
312	5	0
312	6	0
312	7	0
312	8	0
312	9	1
312	10	88
312	11	88
313	1	0
313	2	1
313	3	0
313	4	0
313	5	0
313	6	0
313	7	0
313	8	1
313	9	0
313	10	88
313	11	88
314	1	0
314	2	0
314	3	0
314	4	0
314	5	0
314	6	0
314	7	0
314	8	1
314	9	0
314	10	1
314	11	88
404	1	0
404	2	0
404	3	0
404	4	0
404	5	0
404	6	0
404	7	0
404	8	0
404	9	0
404	10	88
404	11	88
405	1	0
405	2	0
405	3	0
405	4	0
405	5	0
405	6	0
405	7	0
405	8	0
405	9	0
405	10	88
405	11	88
406	1	0
406	2	0
406	3	0
406	4	0
406	5	0
406	6	0
406	7	0
406	8	1
406	9	0
406	10	1
406	11	88
503	1	0
503	2	0
503	3	0
503	4	0
503	5	0
503	6	0
503	7	0
503	8	0
503	9	0
503	10	88
503	11	88
505	1	1
505	2	0
505	3	0
505	4	0
505	5	0
505	6	0
505	7	0
505	8	0
505	9	0
505	10	88
505	11	88
506	1	1
506	2	0
506	3	0
506	4	0
506	5	0
506	6	0
506	7	0
506	8	0
506	9	0
506	10	1
506	11	88
507	1	0
507	2	0
507	3	0
507	4	0
507	5	0
507	6	0
507	7	0
507	8	0
507	9	0
507	10	88
507	11	88
601	1	1
601	2	1
601	3	0
601	4	0
601	5	0
601	6	0
601	7	0
601	8	1
601	9	0
601	10	1
601	11	88
701	1	1
701	2	88
701	3	0
701	4	0
701	5	0
701	6	1
701	7	1
701	8	1
701	9	0
701	10	0
701	11	0
702	1	1
702	2	88
702	3	1
702	4	1
702	5	0
702	6	0
702	7	1
702	8	0
702	9	0
702	10	88
702	11	88
703	1	0
703	2	0
703	3	0
703	4	0
703	5	1
703	6	0
703	7	0
703	8	0
703	9	0
703	10	0
703	11	0
707	1	1
707	2	0
707	3	1
707	4	1
707	5	0
707	6	0
707	7	1
707	8	1
707	9	1
707	10	0
707	11	0
708	1	0
708	2	88
708	3	0
708	4	0
708	5	0
708	6	1
708	7	1
708	8	1
708	9	0
708	10	0
708	11	0
709	1	1
709	2	0
709	3	0
709	4	1
709	5	0
709	6	0
709	7	0
709	8	1
709	9	0
709	10	1
709	11	0
710	1	0
710	2	0
710	3	0
710	4	0
710	5	0
710	6	0
710	7	0
710	8	0
710	9	0
710	10	1
710	11	0
711	1	1
711	2	88
711	3	0
711	4	0
711	5	0
711	6	0
711	7	0
711	8	1
711	9	0
711	10	0
711	11	0
712	1	0
712	2	88
712	3	0
712	4	0
712	5	0
712	6	0
712	7	0
712	8	0
712	9	0
712	10	0
712	11	0
713	1	1
713	2	88
713	3	0
713	4	1
713	5	0
713	6	1
713	7	1
713	8	1
713	9	0
713	10	1
713	11	1
714	1	1
714	2	88
714	3	1
714	4	1
714	5	0
714	6	1
714	7	1
714	8	1
714	9	0
714	10	0
714	11	88
715	1	1
715	2	0
715	3	0
715	4	0
715	5	0
715	6	1
715	7	1
715	8	1
715	9	1
715	10	0
715	11	0
716	1	1
716	2	0
716	3	0
716	4	1
716	5	0
716	6	1
716	7	1
716	8	1
716	9	1
716	10	0
716	11	0
717	1	0
717	2	0
717	3	1
717	4	0
717	5	0
717	6	0
717	7	1
717	8	1
717	9	0
717	10	88
717	11	88
718	1	1
718	2	88
718	3	0
718	4	0
718	5	0
718	6	0
718	7	1
718	8	1
718	9	0
718	10	0
718	11	0
719	1	1
719	2	88
719	3	0
719	4	0
719	5	0
719	6	0
719	7	0
719	8	1
719	9	0
719	10	0
719	11	0
801	1	1
801	2	0
801	3	0
801	4	1
801	5	0
801	6	1
801	7	1
801	8	1
801	9	1
801	10	1
801	11	0
802	1	1
802	2	0
802	3	1
802	4	0
802	5	0
802	6	1
802	7	1
802	8	1
802	9	0
802	10	0
802	11	0
803	1	1
803	2	0
803	3	0
803	4	0
803	5	0
803	6	0
803	7	1
803	8	1
803	9	0
803	10	0
803	11	0
804	1	1
804	2	0
804	3	0
804	4	0
804	5	0
804	6	1
804	7	1
804	8	1
804	9	0
804	10	0
804	11	0
903	1	0
903	2	1
903	3	0
903	4	0
903	5	1
903	6	0
903	7	0
903	8	1
903	9	0
903	10	0
903	11	0
1004	1	1
1004	2	1
1004	3	0
1004	4	1
1004	5	1
1004	6	0
1004	7	1
1004	8	0
1004	9	1
1004	10	88
1004	11	88
1005	1	0
1005	2	0
1005	3	0
1005	4	0
1005	5	0
1005	6	0
1005	7	0
1005	8	0
1005	9	0
1005	10	0
1005	11	0
1104	1	0
1104	2	0
1104	3	0
1104	4	0
1104	5	0
1104	6	0
1104	7	0
1104	8	0
1104	9	0
1104	10	1
1104	11	0
1201	1	0
1201	2	0
1201	3	0
1201	4	0
1201	5	0
1201	6	0
1201	7	0
1201	8	0
1201	9	0
1201	10	0
1201	11	0
1202	1	1
1202	2	0
1202	3	0
1202	4	1
1202	5	0
1202	6	1
1202	7	1
1202	8	1
1202	9	0
1202	10	1
1202	11	0
1203	1	1
1203	2	0
1203	3	0
1203	4	0
1203	5	0
1203	6	0
1203	7	1
1203	8	1
1203	9	0
1203	10	88
1203	11	88
1204	1	0
1204	2	0
1204	3	0
1204	4	1
1204	5	0
1204	6	1
1204	7	1
1204	8	1
1204	9	0
1204	10	1
1204	11	1
1205	1	1
1205	2	0
1205	3	1
1205	4	1
1205	5	0
1205	6	1
1205	7	1
1205	8	1
1205	9	1
1205	10	1
1205	11	88
1207	1	1
1207	2	0
1207	3	0
1207	4	1
1207	5	1
1207	6	0
1207	7	0
1207	8	0
1207	9	0
1207	10	88
1207	11	88
1208	1	1
1208	2	0
1208	3	1
1208	4	1
1208	5	0
1208	6	1
1208	7	1
1208	8	1
1208	9	1
1208	10	1
1208	11	1
1210	1	1
1210	2	0
1210	3	0
1210	4	0
1210	5	0
1210	6	0
1210	7	1
1210	8	1
1210	9	0
1210	10	1
1210	11	1
1213	1	1
1213	2	0
1213	3	1
1213	4	1
1213	5	1
1213	6	1
1213	7	1
1213	8	0
1213	9	1
1213	10	1
1213	11	1
1215	1	1
1215	2	0
1215	3	0
1215	4	0
1215	5	0
1215	6	0
1215	7	1
1215	8	0
1215	9	0
1215	10	88
1215	11	88
1216	1	1
1216	2	0
1216	3	0
1216	4	0
1216	5	0
1216	6	0
1216	7	1
1216	8	0
1216	9	0
1216	10	88
1216	11	88
1217	1	1
1217	2	0
1217	3	0
1217	4	0
1217	5	0
1217	6	1
1217	7	1
1217	8	1
1217	9	1
1217	10	88
1217	11	88
1219	1	1
1219	2	0
1219	3	0
1219	4	0
1219	5	0
1219	6	0
1219	7	1
1219	8	0
1219	9	0
1219	10	88
1219	11	88
1220	1	0
1220	2	0
1220	3	0
1220	4	0
1220	5	0
1220	6	0
1220	7	1
1220	8	0
1220	9	0
1220	10	0
1220	11	0
1223	1	1
1223	2	0
1223	3	0
1223	4	0
1223	5	0
1223	6	0
1223	7	1
1223	8	1
1223	9	0
1223	10	88
1223	11	88
1224	1	1
1224	2	0
1224	3	0
1224	4	1
1224	5	0
1224	6	1
1224	7	1
1224	8	0
1224	9	0
1224	10	1
1224	11	88
1225	1	0
1225	2	0
1225	3	0
1225	4	0
1225	5	0
1225	6	0
1225	7	1
1225	8	0
1225	9	0
1225	10	0
1225	11	0
1226	1	1
1226	2	0
1226	3	0
1226	4	0
1226	5	0
1226	6	0
1226	7	0
1226	8	0
1226	9	0
1226	10	1
1226	11	1
1227	1	1
1227	2	0
1227	3	0
1227	4	0
1227	5	0
1227	6	1
1227	7	1
1227	8	1
1227	9	1
1227	10	1
1227	11	88
1228	1	1
1228	2	0
1228	3	1
1228	4	1
1228	5	1
1228	6	1
1228	7	1
1228	8	1
1228	9	0
1228	10	0
1228	11	0
1229	1	1
1229	2	0
1229	3	0
1229	4	0
1229	5	0
1229	6	0
1229	7	1
1229	8	1
1229	9	0
1229	10	0
1229	11	88
1230	1	1
1230	2	0
1230	3	0
1230	4	1
1230	5	0
1230	6	1
1230	7	1
1230	8	1
1230	9	1
1230	10	1
1230	11	1
1231	1	1
1231	2	0
1231	3	1
1231	4	1
1231	5	1
1231	6	1
1231	7	1
1231	8	1
1231	9	1
1231	10	1
1231	11	1
1232	1	1
1232	2	0
1232	3	0
1232	4	1
1232	5	0
1232	6	1
1232	7	1
1232	8	0
1232	9	0
1232	10	1
1232	11	1
1233	1	0
1233	2	0
1233	3	0
1233	4	0
1233	5	0
1233	6	0
1233	7	1
1233	8	0
1233	9	0
1233	10	1
1233	11	1
1234	1	1
1234	2	0
1234	3	1
1234	4	0
1234	5	0
1234	6	1
1234	7	1
1234	8	1
1234	9	0
1234	10	1
1234	11	88
1235	1	1
1235	2	0
1235	3	1
1235	4	1
1235	5	0
1235	6	0
1235	7	1
1235	8	1
1235	9	0
1235	10	88
1235	11	88
1236	1	1
1236	2	0
1236	3	0
1236	4	0
1236	5	0
1236	6	0
1236	7	1
1236	8	0
1236	9	0
1236	10	88
1236	11	88
1237	1	1
1237	2	0
1237	3	0
1237	4	0
1237	5	0
1237	6	1
1237	7	1
1237	8	1
1237	9	0
1237	10	0
1237	11	0
1301	1	1
1301	2	0
1301	3	1
1301	4	1
1301	5	0
1301	6	1
1301	7	1
1301	8	1
1301	9	1
1301	10	0
1301	11	0
1304	1	1
1304	2	0
1304	3	1
1304	4	1
1304	5	1
1304	6	1
1304	7	1
1304	8	1
1304	9	0
1304	10	0
1304	11	0
1305	1	1
1305	2	0
1305	3	0
1305	4	1
1305	5	1
1305	6	1
1305	7	1
1305	8	1
1305	9	1
1305	10	1
1305	11	0
1306	1	0
1306	2	0
1306	3	0
1306	4	0
1306	5	1
1306	6	0
1306	7	0
1306	8	0
1306	9	0
1306	10	0
1306	11	1
1308	1	1
1308	2	0
1308	3	0
1308	4	0
1308	5	1
1308	6	1
1308	7	1
1308	8	1
1308	9	0
1308	10	1
1308	11	0
1309	1	0
1309	2	0
1309	3	0
1309	4	0
1309	5	0
1309	6	0
1309	7	0
1309	8	0
1309	9	0
1309	10	0
1309	11	0
1310	1	0
1310	2	0
1310	3	0
1310	4	0
1310	5	0
1310	6	0
1310	7	0
1310	8	0
1310	9	0
1310	10	0
1310	11	0
1401	1	1
1401	2	0
1401	3	0
1401	4	1
1401	5	0
1401	6	1
1401	7	1
1401	8	1
1401	9	1
1401	10	88
1401	11	88
1404	1	1
1404	2	0
1404	3	0
1404	4	1
1404	5	0
1404	6	1
1404	7	1
1404	8	1
1404	9	1
1404	10	0
1404	11	0
1405	1	1
1405	2	0
1405	3	0
1405	4	1
1405	5	0
1405	6	1
1405	7	1
1405	8	1
1405	9	1
1405	10	0
1405	11	0
1406	1	1
1406	2	0
1406	3	0
1406	4	1
1406	5	0
1406	6	1
1406	7	1
1406	8	1
1406	9	0
1406	10	0
1406	11	0
1407	1	1
1407	2	0
1407	3	1
1407	4	1
1407	5	0
1407	6	1
1407	7	1
1407	8	1
1407	9	1
1407	10	0
1407	11	0
1408	1	0
1408	2	0
1408	3	0
1408	4	1
1408	5	0
1408	6	0
1408	7	1
1408	8	1
1408	9	0
1408	10	0
1408	11	0
1409	1	1
1409	2	0
1409	3	0
1409	4	1
1409	5	0
1409	6	1
1409	7	1
1409	8	1
1409	9	1
1409	10	88
1409	11	88
1410	1	1
1410	2	0
1410	3	1
1410	4	1
1410	5	0
1410	6	1
1410	7	1
1410	8	1
1410	9	0
1410	10	0
1410	11	0
1411	1	1
1411	2	0
1411	3	1
1411	4	1
1411	5	0
1411	6	1
1411	7	1
1411	8	1
1411	9	1
1411	10	0
1411	11	0
1412	1	1
1412	2	0
1412	3	0
1412	4	0
1412	5	0
1412	6	0
1412	7	1
1412	8	1
1412	9	0
1412	10	0
1412	11	0
1413	1	1
1413	2	0
1413	3	1
1413	4	1
1413	5	0
1413	6	0
1413	7	1
1413	8	1
1413	9	1
1413	10	88
1413	11	88
1414	1	0
1414	2	0
1414	3	0
1414	4	1
1414	5	0
1414	6	0
1414	7	0
1414	8	1
1414	9	0
1414	10	0
1414	11	0
1504	1	0
1504	2	0
1504	3	0
1504	4	0
1504	5	0
1504	6	0
1504	7	0
1504	8	1
1504	9	0
1504	10	0
1504	11	0
1505	1	1
1505	2	0
1505	3	0
1505	4	0
1505	5	0
1505	6	0
1505	7	0
1505	8	1
1505	9	0
1505	10	0
1505	11	0
1507	1	1
1507	2	0
1507	3	0
1507	4	0
1507	5	0
1507	6	0
1507	7	0
1507	8	1
1507	9	0
1507	10	0
1507	11	0
1508	1	1
1508	2	0
1508	3	0
1508	4	0
1508	5	0
1508	6	0
1508	7	0
1508	8	0
1508	9	0
1508	10	0
1508	11	0
1509	1	0
1509	2	0
1509	3	0
1509	4	0
1509	5	0
1509	6	0
1509	7	0
1509	8	0
1509	9	0
1509	10	0
1509	11	0
1510	1	1
1510	2	0
1510	3	1
1510	4	0
1510	5	0
1510	6	1
1510	7	1
1510	8	1
1510	9	1
1510	10	0
1510	11	0
1511	1	0
1511	2	0
1511	3	0
1511	4	0
1511	5	0
1511	6	1
1511	7	0
1511	8	0
1511	9	0
1511	10	0
1511	11	0
1601	1	0
1601	2	0
1601	3	0
1601	4	0
1601	5	0
1601	6	0
1601	7	0
1601	8	1
1601	9	0
1601	10	0
1601	11	0
1603	1	1
1603	2	1
1603	3	0
1603	4	0
1603	5	0
1603	6	0
1603	7	0
1603	8	1
1603	9	0
1603	10	0
1603	11	0
1604	1	0
1604	2	0
1604	3	0
1604	4	0
1604	5	0
1604	6	0
1604	7	0
1604	8	1
1604	9	0
1604	10	0
1604	11	0
1702	1	0
1702	2	0
1702	3	0
1702	4	0
1702	5	0
1702	6	0
1702	7	0
1702	8	1
1702	9	0
1702	10	0
1702	11	0
1801	1	1
1801	2	1
1801	3	0
1801	4	0
1801	5	0
1801	6	0
1801	7	0
1801	8	1
1801	9	0
1801	10	0
1801	11	0
2002	1	1
2002	2	0
2002	3	0
2002	4	0
2002	5	0
2002	6	0
2002	7	1
2002	8	1
2002	9	0
2002	10	0
2002	11	88
2004	1	1
2004	2	1
2004	3	1
2004	4	0
2004	5	0
2004	6	1
2004	7	1
2004	8	1
2004	9	1
2004	10	88
2004	11	88
2005	1	1
2005	2	88
2005	3	1
2005	4	0
2005	5	0
2005	6	1
2005	7	0
2005	8	1
2005	9	1
2005	10	88
2005	11	88
2007	1	1
2007	2	0
2007	3	0
2007	4	0
2007	5	0
2007	6	0
2007	7	1
2007	8	1
2007	9	0
2007	10	88
2007	11	88
2008	1	0
2008	2	0
2008	3	0
2008	4	0
2008	5	0
2008	6	0
2008	7	0
2008	8	1
2008	9	0
2008	10	0
2008	11	0
2009	1	1
2009	2	88
2009	3	0
2009	4	0
2009	5	0
2009	6	0
2009	7	0
2009	8	1
2009	9	1
2009	10	88
2009	11	88
2010	1	1
2010	2	88
2010	3	0
2010	4	0
2010	5	0
2010	6	0
2010	7	1
2010	8	1
2010	9	0
2010	10	0
2010	11	0
2011	1	1
2011	2	88
2011	3	0
2011	4	0
2011	5	0
2011	6	0
2011	7	1
2011	8	1
2011	9	0
2011	10	0
2011	11	0
2012	1	1
2012	2	88
2012	3	0
2012	4	0
2012	5	0
2012	6	0
2012	7	0
2012	8	1
2012	9	0
2012	10	0
2012	11	0
2014	1	0
2014	2	0
2014	3	0
2014	4	0
2014	5	0
2014	6	0
2014	7	0
2014	8	0
2014	9	0
2014	10	0
2014	11	0
2015	1	1
2015	2	88
2015	3	0
2015	4	0
2015	5	0
2015	6	0
2015	7	1
2015	8	1
2015	9	1
2015	10	88
2015	11	88
2016	1	1
2016	2	88
2016	3	0
2016	4	0
2016	5	0
2016	6	0
2016	7	1
2016	8	1
2016	9	88
2016	10	88
2016	11	88
2017	1	1
2017	2	88
2017	3	1
2017	4	1
2017	5	0
2017	6	1
2017	7	1
2017	8	1
2017	9	1
2017	10	88
2017	11	88
2018	1	1
2018	2	88
2018	3	0
2018	4	1
2018	5	0
2018	6	1
2018	7	1
2018	8	1
2018	9	1
2018	10	88
2018	11	88
2019	1	1
2019	2	88
2019	3	0
2019	4	0
2019	5	0
2019	6	0
2019	7	0
2019	8	1
2019	9	0
2019	10	88
2019	11	88
2020	1	1
2020	2	88
2020	3	1
2020	4	0
2020	5	0
2020	6	0
2020	7	0
2020	8	1
2020	9	1
2020	10	0
2020	11	0
2021	1	1
2021	2	88
2021	3	0
2021	4	0
2021	5	0
2021	6	0
2021	7	0
2021	8	1
2021	9	0
2021	10	0
2021	11	0
2022	1	0
2022	2	0
2022	3	0
2022	4	0
2022	5	0
2022	6	0
2022	7	0
2022	8	0
2022	9	0
2022	10	0
2022	11	0
2024	1	1
2024	2	0
2024	3	0
2024	4	1
2024	5	0
2024	6	0
2024	7	0
2024	8	1
2024	9	0
2024	10	0
2024	11	0
2025	1	1
2025	2	0
2025	3	0
2025	4	0
2025	5	1
2025	6	0
2025	7	0
2025	8	1
2025	9	0
2025	10	0
2025	11	0
8007	1	1
8007	2	0
8007	3	0
8007	4	0
8007	5	0
8007	6	0
8007	7	0
8007	8	0
8007	9	0
8007	10	0
8007	11	0
8008	1	0
8008	2	1
8008	3	0
8008	4	0
8008	5	0
8008	6	0
8008	7	0
8008	8	1
8008	9	0
8008	10	1
8008	11	0
8012	1	1
8012	2	0
8012	3	0
8012	4	1
8012	5	0
8012	6	1
8012	7	1
8012	8	1
8012	9	0
8012	10	0
8012	11	0
8013	1	0
8013	2	0
8013	3	0
8013	4	0
8013	5	0
8013	6	0
8013	7	0
8013	8	0
8013	9	0
8013	10	0
8013	11	0
8014	1	0
8014	2	0
8014	3	0
8014	4	1
8014	5	0
8014	6	0
8014	7	0
8014	8	0
8014	9	1
8014	10	0
8014	11	0
8015	1	0
8015	2	0
8015	3	0
8015	4	0
8015	5	0
8015	6	0
8015	7	0
8015	8	0
8015	9	0
8015	10	0
8015	11	0
8018	1	0
8018	2	0
8018	3	0
8018	4	0
8018	5	0
8018	6	0
8018	7	0
8018	8	1
8018	9	0
8018	10	0
8018	11	0
8020	1	1
8020	2	88
8020	3	0
8020	4	0
8020	5	0
8020	6	1
8020	7	1
8020	8	1
8020	9	1
8020	10	88
8020	11	88
8024	1	1
8024	2	0
8024	3	1
8024	4	1
8024	5	1
8024	6	1
8024	7	1
8024	8	1
8024	9	0
8024	10	0
8024	11	0
8029	1	0
8029	2	0
8029	3	0
8029	4	0
8029	5	0
8029	6	0
8029	7	0
8029	8	0
8029	9	0
8029	10	0
8029	11	0
8032	1	1
8032	2	0
8032	3	0
8032	4	0
8032	5	0
8032	6	0
8032	7	1
8032	8	1
8032	9	0
8032	10	0
8032	11	0
8034	1	0
8034	2	1
8034	3	0
8034	4	0
8034	5	0
8034	6	0
8034	7	0
8034	8	1
8034	9	0
8034	10	0
8034	11	0
8037	1	0
8037	2	0
8037	3	0
8037	4	0
8037	5	0
8037	6	0
8037	7	0
8037	8	0
8037	9	0
8037	10	88
8037	11	88
8038	1	0
8038	2	0
8038	3	0
8038	4	0
8038	5	1
8038	6	0
8038	7	0
8038	8	1
8038	9	0
8038	10	0
8038	11	0
8039	1	1
8039	2	88
8039	3	0
8039	4	0
8039	5	1
8039	6	1
8039	7	1
8039	8	1
8039	9	0
8039	10	1
8039	11	88
8046	1	1
8046	2	88
8046	3	0
8046	4	1
8046	5	0
8046	6	1
8046	7	0
8046	8	0
8046	9	0
8046	10	1
8046	11	1
8048	1	1
8048	2	0
8048	3	0
8048	4	0
8048	5	0
8048	6	0
8048	7	0
8048	8	0
8048	9	0
8048	10	0
8048	11	0
8049	1	1
8049	2	0
8049	3	0
8049	4	0
8049	5	0
8049	6	0
8049	7	0
8049	8	1
8049	9	0
8049	10	0
8049	11	0
8059	1	1
8059	2	1
8059	3	1
8059	4	0
8059	5	0
8059	6	1
8059	7	1
8059	8	1
8059	9	1
8059	10	0
8059	11	0
8060	1	1
8060	2	88
8060	3	0
8060	4	1
8060	5	1
8060	6	1
8060	7	1
8060	8	1
8060	9	1
8060	10	0
8060	11	0
8062	1	1
8062	2	0
8062	3	1
8062	4	1
8062	5	0
8062	6	0
8062	7	0
8062	8	0
8062	9	0
8062	10	0
8062	11	0
8064	1	1
8064	2	1
8064	3	0
8064	4	1
8064	5	0
8064	6	0
8064	7	0
8064	8	1
8064	9	0
8064	10	0
8064	11	0
8066	1	0
8066	2	0
8066	3	0
8066	4	0
8066	5	0
8066	6	0
8066	7	0
8066	8	0
8066	9	0
8066	10	0
8066	11	0
8070	1	1
8070	2	1
8070	3	0
8070	4	1
8070	5	0
8070	6	0
8070	7	0
8070	8	0
8070	9	0
8070	10	0
8070	11	0
8071	1	0
8071	2	0
8071	3	0
8071	4	0
8071	5	1
8071	6	0
8071	7	0
8071	8	0
8071	9	0
8071	10	0
8071	11	0
8079	1	1
8079	2	1
8079	3	1
8079	4	1
8079	5	0
8079	6	1
8079	7	0
8079	8	1
8079	9	1
8079	10	0
8079	11	0
8084	1	1
8084	2	88
8084	3	0
8084	4	0
8084	5	0
8084	6	0
8084	7	1
8084	8	1
8084	9	0
8084	10	88
8084	11	88
8085	1	0
8085	2	0
8085	3	0
8085	4	0
8085	5	0
8085	6	0
8085	7	0
8085	8	0
8085	9	0
8085	10	0
8085	11	0
8088	1	1
8088	2	0
8088	3	0
8088	4	1
8088	5	0
8088	6	0
8088	7	0
8088	8	0
8088	9	0
8088	10	0
8088	11	0
8090	1	1
8090	2	0
8090	3	1
8090	4	1
8090	5	0
8090	6	1
8090	7	1
8090	8	1
8090	9	1
8090	10	0
8090	11	0
8092	1	1
8092	2	0
8092	3	1
8092	4	1
8092	5	0
8092	6	1
8092	7	0
8092	8	1
8092	9	1
8092	10	0
8092	11	0
8094	1	1
8094	2	0
8094	3	0
8094	4	0
8094	5	0
8094	6	0
8094	7	0
8094	8	0
8094	9	0
8094	10	0
8094	11	0
8097	1	0
8097	2	0
8097	3	0
8097	4	1
8097	5	0
8097	6	1
8097	7	1
8097	8	0
8097	9	0
8097	10	1
8097	11	0
8098	1	1
8098	2	0
8098	3	1
8098	4	1
8098	5	0
8098	6	1
8098	7	1
8098	8	1
8098	9	1
8098	10	0
8098	11	0
8099	1	1
8099	2	0
8099	3	1
8099	4	1
8099	5	0
8099	6	1
8099	7	1
8099	8	1
8099	9	0
8099	10	0
8099	11	0
8101	1	1
8101	2	0
8101	3	0
8101	4	1
8101	5	0
8101	6	0
8101	7	1
8101	8	1
8101	9	0
8101	10	0
8101	11	0
8103	1	1
8103	2	0
8103	3	0
8103	4	0
8103	5	0
8103	6	0
8103	7	0
8103	8	1
8103	9	0
8103	10	1
8103	11	0
8107	1	1
8107	2	0
8107	3	0
8107	4	1
8107	5	0
8107	6	1
8107	7	0
8107	8	1
8107	9	0
8107	10	0
8107	11	0
8108	1	0
8108	2	0
8108	3	0
8108	4	0
8108	5	0
8108	6	0
8108	7	0
8108	8	0
8108	9	0
8108	10	0
8108	11	0
8110	1	1
8110	2	0
8110	3	0
8110	4	1
8110	5	0
8110	6	0
8110	7	1
8110	8	0
8110	9	0
8110	10	88
8110	11	88
8112	1	1
8112	2	0
8112	3	0
8112	4	1
8112	5	0
8112	6	1
8112	7	1
8112	8	1
8112	9	1
8112	10	0
8112	11	0
8113	1	1
8113	2	0
8113	3	0
8113	4	0
8113	5	1
8113	6	1
8113	7	1
8113	8	1
8113	9	0
8113	10	0
8113	11	0
8114	1	1
8114	2	0
8114	3	0
8114	4	1
8114	5	0
8114	6	1
8114	7	1
8114	8	1
8114	9	0
8114	10	0
8114	11	0
8115	1	1
8115	2	0
8115	3	0
8115	4	1
8115	5	0
8115	6	1
8115	7	1
8115	8	1
8115	9	0
8115	10	0
8115	11	0
8119	1	1
8119	2	0
8119	3	0
8119	4	1
8119	5	0
8119	6	0
8119	7	1
8119	8	0
8119	9	0
8119	10	1
8119	11	0
8123	1	1
8123	2	0
8123	3	1
8123	4	1
8123	5	0
8123	6	1
8123	7	1
8123	8	1
8123	9	1
8123	10	0
8123	11	0
8126	1	1
8126	2	0
8126	3	1
8126	4	1
8126	5	0
8126	6	1
8126	7	1
8126	8	1
8126	9	1
8126	10	1
8126	11	88
8127	1	1
8127	2	0
8127	3	0
8127	4	0
8127	5	0
8127	6	0
8127	7	1
8127	8	1
8127	9	1
8127	10	88
8127	11	88
8128	1	1
8128	2	0
8128	3	0
8128	4	0
8128	5	0
8128	6	0
8128	7	1
8128	8	1
8128	9	1
8128	10	0
8128	11	0
8129	1	1
8129	2	1
8129	3	0
8129	4	0
8129	5	0
8129	6	0
8129	7	0
8129	8	0
8129	9	0
8129	10	0
8129	11	0
8130	1	1
8130	2	0
8130	3	1
8130	4	1
8130	5	0
8130	6	1
8130	7	1
8130	8	1
8130	9	1
8130	10	0
8130	11	0
8132	1	1
8132	2	0
8132	3	1
8132	4	0
8132	5	0
8132	6	0
8132	7	0
8132	8	1
8132	9	1
8132	10	0
8132	11	0
8134	1	0
8134	2	0
8134	3	0
8134	4	0
8134	5	0
8134	6	0
8134	7	0
8134	8	0
8134	9	0
8134	10	0
8134	11	0
8135	1	1
8135	2	0
8135	3	0
8135	4	0
8135	5	0
8135	6	0
8135	7	0
8135	8	1
8135	9	0
8135	10	1
8135	11	88
8138	1	0
8138	2	0
8138	3	0
8138	4	0
8138	5	0
8138	6	0
8138	7	0
8138	8	0
8138	9	0
8138	10	0
8138	11	0
8140	1	1
8140	2	0
8140	3	1
8140	4	1
8140	5	0
8140	6	1
8140	7	1
8140	8	0
8140	9	0
8140	10	0
8140	11	0
8141	1	1
8141	2	1
8141	3	1
8141	4	1
8141	5	0
8141	6	1
8141	7	1
8141	8	1
8141	9	0
8141	10	1
8141	11	88
8142	1	0
8142	2	1
8142	3	0
8142	4	0
8142	5	0
8142	6	0
8142	7	0
8142	8	1
8142	9	0
8142	10	88
8142	11	88
8143	1	1
8143	2	0
8143	3	0
8143	4	0
8143	5	0
8143	6	0
8143	7	0
8143	8	1
8143	9	0
8143	10	1
8143	11	88
8145	1	1
8145	2	88
8145	3	1
8145	4	1
8145	5	0
8145	6	1
8145	7	1
8145	8	1
8145	9	0
8145	10	1
8145	11	88
8146	1	1
8146	2	0
8146	3	0
8146	4	0
8146	5	0
8146	6	1
8146	7	1
8146	8	1
8146	9	0
8146	10	1
8146	11	88
8147	1	1
8147	2	0
8147	3	0
8147	4	0
8147	5	0
8147	6	0
8147	7	0
8147	8	1
8147	9	1
8147	10	1
8147	11	0
8148	1	1
8148	2	1
8148	3	1
8148	4	1
8148	5	0
8148	6	0
8148	7	0
8148	8	1
8148	9	1
8148	10	88
8148	11	88
8151	1	1
8151	2	1
8151	3	0
8151	4	1
8151	5	0
8151	6	0
8151	7	1
8151	8	1
8151	9	0
8151	10	88
8151	11	88
8152	1	1
8152	2	0
8152	3	0
8152	4	0
8152	5	0
8152	6	0
8152	7	0
8152	8	0
8152	9	0
8152	10	0
8152	11	0
8160	1	1
8160	2	0
8160	3	0
8160	4	0
8160	5	0
8160	6	0
8160	7	0
8160	8	1
8160	9	0
8160	10	1
8160	11	88
8162	1	1
8162	2	0
8162	3	0
8162	4	0
8162	5	0
8162	6	1
8162	7	1
8162	8	1
8162	9	0
8162	10	1
8162	11	0
8166	1	1
8166	2	1
8166	3	1
8166	4	1
8166	5	0
8166	6	1
8166	7	1
8166	8	1
8166	9	0
8166	10	88
8166	11	88
8169	1	0
8169	2	0
8169	3	0
8169	4	0
8169	5	0
8169	6	0
8169	7	0
8169	8	0
8169	9	0
8169	10	0
8169	11	0
8170	1	0
8170	2	0
8170	3	0
8170	4	0
8170	5	0
8170	6	0
8170	7	0
8170	8	0
8170	9	0
8170	10	0
8170	11	0
8172	1	1
8172	2	0
8172	3	0
8172	4	0
8172	5	0
8172	6	0
8172	7	0
8172	8	0
8172	9	0
8172	10	88
8172	11	88
8177	1	0
8177	2	0
8177	3	0
8177	4	0
8177	5	0
8177	6	0
8177	7	0
8177	8	0
8177	9	0
8177	10	88
8177	11	88
8180	1	0
8180	2	0
8180	3	0
8180	4	0
8180	5	0
8180	6	0
8180	7	0
8180	8	0
8180	9	0
8180	10	0
8180	11	0
8181	1	1
8181	2	1
8181	3	0
8181	4	0
8181	5	0
8181	6	0
8181	7	0
8181	8	0
8181	9	0
8181	10	88
8181	11	88
8184	1	1
8184	2	0
8184	3	0
8184	4	0
8184	5	0
8184	6	0
8184	7	0
8184	8	1
8184	9	0
8184	10	0
8184	11	0
8185	1	0
8185	2	0
8185	3	0
8185	4	0
8185	5	0
8185	6	0
8185	7	0
8185	8	1
8185	9	0
8185	10	88
8185	11	88
8186	1	0
8186	2	0
8186	3	0
8186	4	0
8186	5	0
8186	6	0
8186	7	0
8186	8	1
8186	9	0
8186	10	0
8186	11	0
8187	1	1
8187	2	0
8187	3	0
8187	4	1
8187	5	0
8187	6	1
8187	7	1
8187	8	1
8187	9	0
8187	10	1
8187	11	1
8188	1	1
8188	2	88
8188	3	0
8188	4	1
8188	5	1
8188	6	0
8188	7	1
8188	8	0
8188	9	0
8188	10	0
8188	11	0
8189	1	1
8189	2	0
8189	3	0
8189	4	1
8189	5	0
8189	6	1
8189	7	1
8189	8	1
8189	9	0
8189	10	0
8189	11	0
8193	1	1
8193	2	0
8193	3	0
8193	4	1
8193	5	0
8193	6	1
8193	7	1
8193	8	1
8193	9	1
8193	10	88
8193	11	88
8195	1	1
8195	2	0
8195	3	0
8195	4	1
8195	5	0
8195	6	1
8195	7	1
8195	8	1
8195	9	0
8195	10	0
8195	11	0
8196	1	1
8196	2	0
8196	3	0
8196	4	1
8196	5	0
8196	6	0
8196	7	1
8196	8	1
8196	9	0
8196	10	1
8196	11	0
8197	1	1
8197	2	0
8197	3	0
8197	4	1
8197	5	1
8197	6	1
8197	7	1
8197	8	1
8197	9	1
8197	10	1
8197	11	1
8198	1	0
8198	2	0
8198	3	0
8198	4	0
8198	5	0
8198	6	0
8198	7	0
8198	8	0
8198	9	0
8198	10	0
8198	11	0
8199	1	1
8199	2	0
8199	3	0
8199	4	0
8199	5	0
8199	6	0
8199	7	0
8199	8	0
8199	9	0
8199	10	88
8199	11	88
8202	1	1
8202	2	0
8202	3	1
8202	4	0
8202	5	0
8202	6	1
8202	7	1
8202	8	1
8202	9	0
8202	10	1
8202	11	88
8203	1	1
8203	2	0
8203	3	0
8203	4	1
8203	5	1
8203	6	0
8203	7	0
8203	8	1
8203	9	0
8203	10	0
8203	11	0
8204	1	0
8204	2	1
8204	3	0
8204	4	0
8204	5	0
8204	6	0
8204	7	0
8204	8	0
8204	9	0
8204	10	88
8204	11	88
8205	1	0
8205	2	0
8205	3	0
8205	4	0
8205	5	0
8205	6	0
8205	7	0
8205	8	1
8205	9	0
8205	10	1
8205	11	88
8207	1	1
8207	2	0
8207	3	0
8207	4	0
8207	5	0
8207	6	0
8207	7	0
8207	8	1
8207	9	0
8207	10	1
8207	11	88
8209	1	1
8209	2	0
8209	3	0
8209	4	0
8209	5	0
8209	6	0
8209	7	0
8209	8	0
8209	9	0
8209	10	0
8209	11	0
8212	1	1
8212	2	0
8212	3	0
8212	4	1
8212	5	0
8212	6	0
8212	7	1
8212	8	1
8212	9	0
8212	10	88
8212	11	88
8215	1	0
8215	2	1
8215	3	0
8215	4	0
8215	5	1
8215	6	0
8215	7	0
8215	8	1
8215	9	0
8215	10	0
8215	11	0
8216	1	1
8216	2	0
8216	3	1
8216	4	1
8216	5	0
8216	6	1
8216	7	1
8216	8	1
8216	9	1
8216	10	0
8216	11	0
8219	1	0
8219	2	0
8219	3	0
8219	4	0
8219	5	0
8219	6	0
8219	7	0
8219	8	0
8219	9	0
8219	10	0
8219	11	0
8220	1	0
8220	2	1
8220	3	0
8220	4	0
8220	5	0
8220	6	0
8220	7	0
8220	8	1
8220	9	0
8220	10	0
8220	11	0
8223	1	1
8223	2	88
8223	3	0
8223	4	0
8223	5	0
8223	6	1
8223	7	1
8223	8	1
8223	9	0
8223	10	0
8223	11	0
8226	1	1
8226	2	88
8226	3	0
8226	4	0
8226	5	0
8226	6	0
8226	7	0
8226	8	0
8226	9	0
8226	10	0
8226	11	0
8227	1	0
8227	2	88
8227	3	0
8227	4	0
8227	5	0
8227	6	0
8227	7	0
8227	8	0
8227	9	88
8227	10	88
8227	11	88
8228	1	0
8228	2	0
8228	3	0
8228	4	0
8228	5	0
8228	6	0
8228	7	0
8228	8	1
8228	9	0
8228	10	0
8228	11	0
8236	1	1
8236	2	0
8236	3	0
8236	4	0
8236	5	0
8236	6	0
8236	7	0
8236	8	0
8236	9	0
8236	10	1
8236	11	0
8237	1	0
8237	2	1
8237	3	0
8237	4	0
8237	5	0
8237	6	0
8237	7	0
8237	8	1
8237	9	0
8237	10	0
8237	11	0
8244	1	1
8244	2	88
8244	3	0
8244	4	0
8244	5	0
8244	6	1
8244	7	1
8244	8	0
8244	9	0
8244	10	0
8244	11	0
8245	1	0
8245	2	0
8245	3	0
8245	4	0
8245	5	0
8245	6	0
8245	7	1
8245	8	0
8245	9	0
8245	10	88
8245	11	88
8248	1	1
8248	2	1
8248	3	0
8248	4	1
8248	5	1
8248	6	0
8248	7	0
8248	8	1
8248	9	1
8248	10	0
8248	11	0
8252	1	1
8252	2	0
8252	3	1
8252	4	0
8252	5	0
8252	6	1
8252	7	1
8252	8	1
8252	9	0
8252	10	0
8252	11	0
8254	1	1
8254	2	88
8254	3	0
8254	4	0
8254	5	0
8254	6	0
8254	7	0
8254	8	1
8254	9	0
8254	10	0
8254	11	0
8255	1	1
8255	2	1
8255	3	1
8255	4	1
8255	5	0
8255	6	1
8255	7	1
8255	8	1
8255	9	1
8255	10	88
8255	11	88
8257	1	1
8257	2	88
8257	3	0
8257	4	1
8257	5	0
8257	6	0
8257	7	1
8257	8	1
8257	9	0
8257	10	0
8257	11	0
8258	1	1
8258	2	0
8258	3	1
8258	4	0
8258	5	0
8258	6	0
8258	7	0
8258	8	0
8258	9	1
8258	10	0
8258	11	0
8259	1	1
8259	2	88
8259	3	0
8259	4	0
8259	5	0
8259	6	0
8259	7	1
8259	8	1
8259	9	0
8259	10	0
8259	11	0
8260	1	1
8260	2	0
8260	3	0
8260	4	0
8260	5	0
8260	6	0
8260	7	0
8260	8	1
8260	9	0
8260	10	88
8260	11	88
8262	1	1
8262	2	0
8262	3	1
8262	4	1
8262	5	0
8262	6	1
8262	7	1
8262	8	1
8262	9	0
8262	10	0
8262	11	0
8264	1	1
8264	2	0
8264	3	0
8264	4	0
8264	5	0
8264	6	0
8264	7	0
8264	8	1
8264	9	1
8264	10	0
8264	11	0
8267	1	1
8267	2	88
8267	3	0
8267	4	1
8267	5	0
8267	6	1
8267	7	1
8267	8	1
8267	9	1
8267	10	0
8267	11	0
8269	1	1
8269	2	0
8269	3	0
8269	4	1
8269	5	1
8269	6	1
8269	7	1
8269	8	1
8269	9	0
8269	10	1
8269	11	1
8273	1	1
8273	2	88
8273	3	0
8273	4	1
8273	5	0
8273	6	0
8273	7	0
8273	8	1
8273	9	0
8273	10	1
8273	11	1
8274	1	1
8274	2	88
8274	3	0
8274	4	1
8274	5	0
8274	6	0
8274	7	1
8274	8	1
8274	9	0
8274	10	0
8274	11	0
8277	1	1
8277	2	0
8277	3	0
8277	4	1
8277	5	0
8277	6	1
8277	7	1
8277	8	1
8277	9	0
8277	10	88
8277	11	88
8278	1	1
8278	2	0
8278	3	1
8278	4	0
8278	5	0
8278	6	1
8278	7	1
8278	8	1
8278	9	1
8278	10	0
8278	11	0
8279	1	0
8279	2	0
8279	3	0
8279	4	1
8279	5	0
8279	6	0
8279	7	1
8279	8	1
8279	9	1
8279	10	0
8279	11	0
8281	1	1
8281	2	1
8281	3	0
8281	4	1
8281	5	1
8281	6	1
8281	7	1
8281	8	1
8281	9	0
8281	10	0
8281	11	0
8285	1	1
8285	2	0
8285	3	0
8285	4	1
8285	5	0
8285	6	1
8285	7	1
8285	8	1
8285	9	0
8285	10	0
8285	11	0
8286	1	1
8286	2	0
8286	3	0
8286	4	1
8286	5	0
8286	6	1
8286	7	1
8286	8	1
8286	9	0
8286	10	0
8286	11	0
8287	1	0
8287	2	0
8287	3	0
8287	4	0
8287	5	0
8287	6	0
8287	7	0
8287	8	1
8287	9	0
8287	10	0
8287	11	0
8290	1	1
8290	2	88
8290	3	0
8290	4	1
8290	5	0
8290	6	1
8290	7	1
8290	8	1
8290	9	0
8290	10	88
8290	11	88
8293	1	1
8293	2	0
8293	3	1
8293	4	0
8293	5	1
8293	6	0
8293	7	0
8293	8	0
8293	9	0
8293	10	88
8293	11	88
8297	1	1
8297	2	0
8297	3	1
8297	4	0
8297	5	0
8297	6	1
8297	7	1
8297	8	1
8297	9	0
8297	10	0
8297	11	0
8302	1	1
8302	2	0
8302	3	0
8302	4	0
8302	5	1
8302	6	0
8302	7	1
8302	8	1
8302	9	0
8302	10	0
8302	11	0
8305	1	1
8305	2	0
8305	3	0
8305	4	1
8305	5	0
8305	6	0
8305	7	1
8305	8	1
8305	9	0
8305	10	0
8305	11	0
8306	1	1
8306	2	0
8306	3	0
8306	4	1
8306	5	0
8306	6	1
8306	7	1
8306	8	1
8306	9	0
8306	10	0
8306	11	0
8310	1	1
8310	2	0
8310	3	0
8310	4	1
8310	5	0
8310	6	1
8310	7	0
8310	8	1
8310	9	0
8310	10	0
8310	11	0
8311	1	1
8311	2	0
8311	3	0
8311	4	1
8311	5	0
8311	6	0
8311	7	0
8311	8	0
8311	9	0
8311	10	0
8311	11	0
8316	1	1
8316	2	0
8316	3	1
8316	4	1
8316	5	0
8316	6	1
8316	7	1
8316	8	1
8316	9	1
8316	10	0
8316	11	0
8317	1	0
8317	2	0
8317	3	0
8317	4	0
8317	5	0
8317	6	0
8317	7	0
8317	8	1
8317	9	0
8317	10	88
8317	11	88
8318	1	1
8318	2	1
8318	3	0
8318	4	0
8318	5	0
8318	6	0
8318	7	1
8318	8	1
8318	9	0
8318	10	0
8318	11	0
8319	1	1
8319	2	1
8319	3	1
8319	4	1
8319	5	0
8319	6	1
8319	7	1
8319	8	1
8319	9	1
8319	10	1
8319	11	1
8320	1	1
8320	2	0
8320	3	1
8320	4	1
8320	5	0
8320	6	1
8320	7	1
8320	8	1
8320	9	0
8320	10	88
8320	11	88
8321	1	1
8321	2	88
8321	3	0
8321	4	0
8321	5	0
8321	6	0
8321	7	1
8321	8	1
8321	9	0
8321	10	1
8321	11	88
8322	1	1
8322	2	88
8322	3	0
8322	4	1
8322	5	0
8322	6	0
8322	7	1
8322	8	0
8322	9	0
8322	10	1
8322	11	88
8323	1	1
8323	2	0
8323	3	1
8323	4	1
8323	5	0
8323	6	1
8323	7	1
8323	8	1
8323	9	0
8323	10	88
8323	11	88
8325	1	1
8325	2	88
8325	3	0
8325	4	0
8325	5	0
8325	6	1
8325	7	1
8325	8	1
8325	9	0
8325	10	1
8325	11	88
8327	1	1
8327	2	88
8327	3	0
8327	4	0
8327	5	0
8327	6	0
8327	7	1
8327	8	1
8327	9	0
8327	10	1
8327	11	88
8328	1	1
8328	2	1
8328	3	0
8328	4	0
8328	5	0
8328	6	0
8328	7	0
8328	8	0
8328	9	0
8328	10	0
8328	11	0
8332	1	0
8332	2	88
8332	3	0
8332	4	0
8332	5	0
8332	6	1
8332	7	1
8332	8	1
8332	9	0
8332	10	0
8332	11	0
8333	1	0
8333	2	0
8333	3	0
8333	4	0
8333	5	0
8333	6	0
8333	7	0
8333	8	0
8333	9	0
8333	10	88
8333	11	88
8334	1	0
8334	2	0
8334	3	0
8334	4	0
8334	5	0
8334	6	0
8334	7	0
8334	8	1
8334	9	0
8334	10	1
8334	11	88
8340	1	0
8340	2	88
8340	3	0
8340	4	0
8340	5	0
8340	6	0
8340	7	0
8340	8	0
8340	9	0
8340	10	88
8340	11	88
8345	1	0
8345	2	0
8345	3	0
8345	4	0
8345	5	0
8345	6	0
8345	7	0
8345	8	0
8345	9	0
8345	10	0
8345	11	0
8348	1	0
8348	2	0
8348	3	0
8348	4	0
8348	5	0
8348	6	1
8348	7	1
8348	8	0
8348	9	0
8348	10	1
8348	11	88
8349	1	0
8349	2	0
8349	3	0
8349	4	0
8349	5	0
8349	6	0
8349	7	0
8349	8	1
8349	9	0
8349	10	1
8349	11	88
8350	1	0
8350	2	88
8350	3	0
8350	4	0
8350	5	0
8350	6	0
8350	7	0
8350	8	0
8350	9	0
8350	10	1
8350	11	88
8353	1	1
8353	2	88
8353	3	1
8353	4	0
8353	5	0
8353	6	0
8353	7	1
8353	8	1
8353	9	1
8353	10	0
8353	11	0
8354	1	1
8354	2	0
8354	3	1
8354	4	1
8354	5	0
8354	6	1
8354	7	1
8354	8	1
8354	9	1
8354	10	0
8354	11	0
8357	1	1
8357	2	1
8357	3	0
8357	4	0
8357	5	0
8357	6	0
8357	7	0
8357	8	0
8357	9	0
8357	10	0
8357	11	0
8358	1	0
8358	2	1
8358	3	0
8358	4	0
8358	5	0
8358	6	0
8358	7	0
8358	8	1
8358	9	0
8358	10	88
8358	11	88
8361	1	1
8361	2	1
8361	3	1
8361	4	1
8361	5	0
8361	6	0
8361	7	1
8361	8	1
8361	9	1
8361	10	0
8361	11	0
8363	1	1
8363	2	0
8363	3	0
8363	4	1
8363	5	0
8363	6	0
8363	7	1
8363	8	1
8363	9	0
8363	10	0
8363	11	0
8364	1	1
8364	2	0
8364	3	0
8364	4	1
8364	5	0
8364	6	0
8364	7	1
8364	8	1
8364	9	1
8364	10	0
8364	11	0
8369	1	0
8369	2	0
8369	3	0
8369	4	0
8369	5	0
8369	6	0
8369	7	1
8369	8	0
8369	9	0
8369	10	1
8369	11	88
8370	1	1
8370	2	0
8370	3	1
8370	4	0
8370	5	0
8370	6	1
8370	7	1
8370	8	1
8370	9	1
8370	10	0
8370	11	0
8371	1	1
8371	2	0
8371	3	1
8371	4	0
8371	5	0
8371	6	1
8371	7	1
8371	8	1
8371	9	0
8371	10	0
8371	11	0
8372	1	0
8372	2	0
8372	3	0
8372	4	0
8372	5	0
8372	6	0
8372	7	0
8372	8	0
8372	9	0
8372	10	0
8372	11	0
8374	1	1
8374	2	0
8374	3	0
8374	4	1
8374	5	1
8374	6	0
8374	7	0
8374	8	1
8374	9	0
8374	10	0
8374	11	0
8377	1	1
8377	2	0
8377	3	0
8377	4	0
8377	5	0
8377	6	0
8377	7	0
8377	8	0
8377	9	0
8377	10	0
8377	11	0
8379	1	1
8379	2	0
8379	3	0
8379	4	1
8379	5	0
8379	6	1
8379	7	1
8379	8	1
8379	9	1
8379	10	0
8379	11	0
8380	1	1
8380	2	0
8380	3	0
8380	4	1
8380	5	0
8380	6	1
8380	7	1
8380	8	0
8380	9	1
8380	10	0
8380	11	0
8381	1	1
8381	2	0
8381	3	0
8381	4	0
8381	5	0
8381	6	0
8381	7	0
8381	8	0
8381	9	0
8381	10	0
8381	11	0
8383	1	1
8383	2	0
8383	3	0
8383	4	0
8383	5	0
8383	6	0
8383	7	0
8383	8	0
8383	9	0
8383	10	0
8383	11	0
8384	1	1
8384	2	0
8384	3	0
8384	4	0
8384	5	0
8384	6	0
8384	7	0
8384	8	0
8384	9	0
8384	10	88
8384	11	88
8386	1	1
8386	2	0
8386	3	1
8386	4	0
8386	5	0
8386	6	1
8386	7	1
8386	8	0
8386	9	0
8386	10	0
8386	11	0
8389	1	1
8389	2	0
8389	3	0
8389	4	1
8389	5	0
8389	6	0
8389	7	1
8389	8	1
8389	9	1
8389	10	0
8389	11	0
8390	1	1
8390	2	0
8390	3	1
8390	4	1
8390	5	0
8390	6	1
8390	7	1
8390	8	1
8390	9	0
8390	10	0
8390	11	0
8393	1	1
8393	2	0
8393	3	1
8393	4	1
8393	5	1
8393	6	1
8393	7	1
8393	8	1
8393	9	0
8393	10	0
8393	11	0
8394	1	1
8394	2	0
8394	3	1
8394	4	1
8394	5	1
8394	6	1
8394	7	1
8394	8	1
8394	9	1
8394	10	1
8394	11	1
8395	1	1
8395	2	0
8395	3	0
8395	4	0
8395	5	0
8395	6	1
8395	7	1
8395	8	0
8395	9	0
8395	10	0
8395	11	0
8396	1	1
8396	2	0
8396	3	0
8396	4	0
8396	5	0
8396	6	0
8396	7	0
8396	8	0
8396	9	0
8396	10	0
8396	11	0
8399	1	1
8399	2	0
8399	3	0
8399	4	1
8399	5	1
8399	6	1
8399	7	1
8399	8	1
8399	9	0
8399	10	0
8399	11	0
8402	1	1
8402	2	1
8402	3	1
8402	4	0
8402	5	0
8402	6	1
8402	7	1
8402	8	1
8402	9	0
8402	10	1
8402	11	88
8403	1	0
8403	2	1
8403	3	0
8403	4	0
8403	5	0
8403	6	0
8403	7	0
8403	8	0
8403	9	0
8403	10	88
8403	11	88
8404	1	0
8404	2	0
8404	3	0
8404	4	0
8404	5	0
8404	6	0
8404	7	0
8404	8	0
8404	9	0
8404	10	88
8404	11	88
8405	1	1
8405	2	88
8405	3	1
8405	4	1
8405	5	0
8405	6	1
8405	7	1
8405	8	1
8405	9	0
8405	10	1
8405	11	88
8406	1	1
8406	2	88
8406	3	0
8406	4	0
8406	5	0
8406	6	0
8406	7	0
8406	8	0
8406	9	0
8406	10	88
8406	11	88
8407	1	1
8407	2	1
8407	3	0
8407	4	0
8407	5	0
8407	6	0
8407	7	0
8407	8	1
8407	9	0
8407	10	0
8407	11	0
8408	1	1
8408	2	88
8408	3	0
8408	4	0
8408	5	0
8408	6	0
8408	7	1
8408	8	0
8408	9	0
8408	10	0
8408	11	0
8409	1	0
8409	2	0
8409	3	0
8409	4	0
8409	5	0
8409	6	0
8409	7	0
8409	8	0
8409	9	0
8409	10	1
8409	11	88
8410	1	1
8410	2	88
8410	3	0
8410	4	0
8410	5	0
8410	6	0
8410	7	1
8410	8	1
8410	9	0
8410	10	88
8410	11	88
8411	1	1
8411	2	0
8411	3	0
8411	4	1
8411	5	0
8411	6	1
8411	7	1
8411	8	0
8411	9	0
8411	10	88
8411	11	88
8412	1	1
8412	2	88
8412	3	1
8412	4	1
8412	5	1
8412	6	1
8412	7	1
8412	8	1
8412	9	1
8412	10	1
8412	11	88
8413	1	0
8413	2	88
8413	3	0
8413	4	0
8413	5	0
8413	6	0
8413	7	0
8413	8	0
8413	9	0
8413	10	88
8413	11	88
8415	1	0
8415	2	0
8415	3	0
8415	4	0
8415	5	0
8415	6	0
8415	7	0
8415	8	0
8415	9	0
8415	10	88
8415	11	88
8418	1	0
8418	2	0
8418	3	0
8418	4	0
8418	5	0
8418	6	0
8418	7	0
8418	8	0
8418	9	0
8418	10	88
8418	11	88
8419	1	1
8419	2	1
8419	3	0
8419	4	0
8419	5	0
8419	6	0
8419	7	0
8419	8	1
8419	9	0
8419	10	1
8419	11	88
8420	1	1
8420	2	0
8420	3	0
8420	4	0
8420	5	0
8420	6	0
8420	7	0
8420	8	0
8420	9	0
8420	10	88
8420	11	88
8421	1	1
8421	2	1
8421	3	0
8421	4	0
8421	5	0
8421	6	0
8421	7	0
8421	8	1
8421	9	0
8421	10	1
8421	11	88
8422	1	0
8422	2	0
8422	3	0
8422	4	0
8422	5	0
8422	6	0
8422	7	0
8422	8	0
8422	9	0
8422	10	88
8422	11	88
8424	1	1
8424	2	88
8424	3	1
8424	4	0
8424	5	0
8424	6	1
8424	7	1
8424	8	0
8424	9	1
8424	10	1
8424	11	88
8426	1	1
8426	2	0
8426	3	1
8426	4	0
8426	5	0
8426	6	0
8426	7	0
8426	8	1
8426	9	0
8426	10	88
8426	11	88
8427	1	1
8427	2	1
8427	3	1
8427	4	1
8427	5	0
8427	6	1
8427	7	1
8427	8	1
8427	9	0
8427	10	1
8427	11	88
8429	1	0
8429	2	0
8429	3	0
8429	4	0
8429	5	0
8429	6	0
8429	7	0
8429	8	0
8429	9	0
8429	10	1
8429	11	0
8431	1	1
8431	2	88
8431	3	0
8431	4	0
8431	5	0
8431	6	0
8431	7	0
8431	8	0
8431	9	0
8431	10	88
8431	11	88
8433	1	0
8433	2	88
8433	3	0
8433	4	0
8433	5	0
8433	6	0
8433	7	0
8433	8	0
8433	9	0
8433	10	88
8433	11	88
8434	1	1
8434	2	0
8434	3	1
8434	4	0
8434	5	0
8434	6	1
8434	7	0
8434	8	1
8434	9	0
8434	10	0
8434	11	0
8435	1	1
8435	2	0
8435	3	0
8435	4	1
8435	5	1
8435	6	0
8435	7	0
8435	8	0
8435	9	0
8435	10	0
8435	11	0
8436	1	1
8436	2	0
8436	3	0
8436	4	0
8436	5	0
8436	6	0
8436	7	0
8436	8	1
8436	9	0
8436	10	0
8436	11	0
8440	1	1
8440	2	0
8440	3	0
8440	4	1
8440	5	0
8440	6	0
8440	7	1
8440	8	1
8440	9	0
8440	10	0
8440	11	0
8441	1	1
8441	2	0
8441	3	0
8441	4	0
8441	5	0
8441	6	0
8441	7	0
8441	8	1
8441	9	0
8441	10	0
8441	11	0
8442	1	1
8442	2	0
8442	3	0
8442	4	0
8442	5	0
8442	6	1
8442	7	1
8442	8	1
8442	9	0
8442	10	0
8442	11	0
8443	1	1
8443	2	0
8443	3	0
8443	4	0
8443	5	0
8443	6	0
8443	7	1
8443	8	0
8443	9	0
8443	10	0
8443	11	0
8444	1	0
8444	2	0
8444	3	0
8444	4	0
8444	5	0
8444	6	0
8444	7	0
8444	8	0
8444	9	0
8444	10	0
8444	11	0
8447	1	1
8447	2	0
8447	3	0
8447	4	0
8447	5	0
8447	6	1
8447	7	1
8447	8	1
8447	9	0
8447	10	1
8447	11	0
8448	1	1
8448	2	88
8448	3	0
8448	4	1
8448	5	0
8448	6	1
8448	7	1
8448	8	1
8448	9	1
8448	10	1
8448	11	1
8449	1	1
8449	2	0
8449	3	1
8449	4	1
8449	5	0
8449	6	1
8449	7	1
8449	8	1
8449	9	1
8449	10	1
8449	11	1
8450	1	1
8450	2	88
8450	3	1
8450	4	1
8450	5	1
8450	6	1
8450	7	1
8450	8	1
8450	9	0
8450	10	1
8450	11	88
8451	1	1
8451	2	88
8451	3	0
8451	4	1
8451	5	0
8451	6	1
8451	7	1
8451	8	1
8451	9	0
8451	10	1
8451	11	88
8452	1	1
8452	2	88
8452	3	0
8452	4	0
8452	5	0
8452	6	0
8452	7	1
8452	8	0
8452	9	0
8452	10	88
8452	11	88
8453	1	1
8453	2	88
8453	3	0
8453	4	0
8453	5	0
8453	6	0
8453	7	0
8453	8	1
8453	9	0
8453	10	1
8453	11	88
8454	1	1
8454	2	88
8454	3	0
8454	4	0
8454	5	0
8454	6	0
8454	7	0
8454	8	1
8454	9	0
8454	10	1
8454	11	88
8455	1	1
8455	2	88
8455	3	1
8455	4	0
8455	5	0
8455	6	1
8455	7	1
8455	8	0
8455	9	0
8455	10	88
8455	11	88
8456	1	0
8456	2	0
8456	3	0
8456	4	0
8456	5	0
8456	6	0
8456	7	0
8456	8	0
8456	9	0
8456	10	88
8456	11	88
8457	1	1
8457	2	1
8457	3	0
8457	4	0
8457	5	0
8457	6	0
8457	7	0
8457	8	1
8457	9	0
8457	10	1
8457	11	0
8458	1	1
8458	2	0
8458	3	1
8458	4	0
8458	5	0
8458	6	1
8458	7	1
8458	8	1
8458	9	0
8458	10	88
8458	11	88
8459	1	1
8459	2	1
8459	3	0
8459	4	0
8459	5	0
8459	6	1
8459	7	1
8459	8	0
8459	9	0
8459	10	1
8459	11	88
8460	1	1
8460	2	88
8460	3	1
8460	4	1
8460	5	0
8460	6	1
8460	7	1
8460	8	1
8460	9	0
8460	10	1
8460	11	88
8461	1	0
8461	2	0
8461	3	1
8461	4	0
8461	5	0
8461	6	1
8461	7	1
8461	8	1
8461	9	0
8461	10	88
8461	11	88
8462	1	1
8462	2	0
8462	3	0
8462	4	0
8462	5	0
8462	6	0
8462	7	0
8462	8	1
8462	9	1
8462	10	1
8462	11	88
8463	1	1
8463	2	0
8463	3	0
8463	4	1
8463	5	0
8463	6	1
8463	7	1
8463	8	1
8463	9	0
8463	10	1
8463	11	88
8464	1	0
8464	2	88
8464	3	0
8464	4	0
8464	5	0
8464	6	0
8464	7	1
8464	8	1
8464	9	0
8464	10	88
8464	11	88
8465	1	0
8465	2	0
8465	3	0
8465	4	0
8465	5	0
8465	6	0
8465	7	0
8465	8	0
8465	9	0
8465	10	1
8465	11	88
8466	1	1
8466	2	88
8466	3	0
8466	4	1
8466	5	88
8466	6	1
8466	7	1
8466	8	1
8466	9	0
8466	10	1
8466	11	88
8467	1	0
8467	2	0
8467	3	0
8467	4	0
8467	5	0
8467	6	0
8467	7	0
8467	8	0
8467	9	0
8467	10	88
8467	11	88
8468	1	1
8468	2	1
8468	3	1
8468	4	0
8468	5	0
8468	6	1
8468	7	1
8468	8	1
8468	9	0
8468	10	1
8468	11	88
8469	1	0
8469	2	0
8469	3	0
8469	4	1
8469	5	0
8469	6	0
8469	7	0
8469	8	1
8469	9	0
8469	10	88
8469	11	88
8470	1	0
8470	2	88
8470	3	0
8470	4	0
8470	5	0
8470	6	0
8470	7	0
8470	8	0
8470	9	0
8470	10	0
8470	11	88
8471	1	1
8471	2	0
8471	3	0
8471	4	0
8471	5	1
8471	6	0
8471	7	0
8471	8	0
8471	9	0
8471	10	88
8471	11	88
8472	1	0
8472	2	0
8472	3	0
8472	4	0
8472	5	0
8472	6	0
8472	7	0
8472	8	0
8472	9	0
8472	10	1
8472	11	88
8473	1	0
8473	2	88
8473	3	0
8473	4	0
8473	5	0
8473	6	0
8473	7	0
8473	8	0
8473	9	0
8473	10	1
8473	11	88
8474	1	1
8474	2	88
8474	3	0
8474	4	0
8474	5	0
8474	6	0
8474	7	0
8474	8	0
8474	9	0
8474	10	88
8474	11	88
8475	1	1
8475	2	0
8475	3	0
8475	4	0
8475	5	0
8475	6	0
8475	7	0
8475	8	0
8475	9	0
8475	10	88
8475	11	88
8476	1	1
8476	2	0
8476	3	0
8476	4	0
8476	5	0
8476	6	0
8476	7	0
8476	8	1
8476	9	0
8476	10	1
8476	11	88
8477	1	0
8477	2	0
8477	3	0
8477	4	0
8477	5	0
8477	6	0
8477	7	0
8477	8	0
8477	9	0
8477	10	0
8477	11	0
8478	1	1
8478	2	0
8478	3	1
8478	4	0
8478	5	0
8478	6	0
8478	7	0
8478	8	1
8478	9	0
8478	10	88
8478	11	88
8479	1	1
8479	2	1
8479	3	0
8479	4	0
8479	5	0
8479	6	0
8479	7	0
8479	8	0
8479	9	0
8479	10	88
8479	11	88
8480	1	1
8480	2	1
8480	3	0
8480	4	0
8480	5	0
8480	6	0
8480	7	0
8480	8	0
8480	9	0
8480	10	0
8480	11	0
8481	1	1
8481	2	1
8481	3	0
8481	4	0
8481	5	0
8481	6	0
8481	7	0
8481	8	1
8481	9	0
8481	10	0
8481	11	0
8502	1	0
8502	2	88
8502	3	1
8502	4	1
8502	5	1
8502	6	1
8502	7	1
8502	8	1
8502	9	0
8502	10	0
8502	11	0
8503	1	1
8503	2	0
8503	3	0
8503	4	0
8503	5	0
8503	6	1
8503	7	1
8503	8	1
8503	9	0
8503	10	1
8503	11	1
8504	1	1
8504	2	0
8504	3	0
8504	4	0
8504	5	0
8504	6	0
8504	7	1
8504	8	1
8504	9	0
8504	10	0
8504	11	0
8505	1	1
8505	2	0
8505	3	1
8505	4	1
8505	5	0
8505	6	0
8505	7	0
8505	8	0
8505	9	0
8505	10	0
8505	11	0
8506	1	1
8506	2	0
8506	3	0
8506	4	1
8506	5	0
8506	6	0
8506	7	0
8506	8	0
8506	9	0
8506	10	0
8506	11	0
8507	1	0
8507	2	0
8507	3	0
8507	4	0
8507	5	0
8507	6	0
8507	7	0
8507	8	1
8507	9	0
8507	10	0
8507	11	0
8508	1	0
8508	2	0
8508	3	0
8508	4	0
8508	5	0
8508	6	0
8508	7	0
8508	8	0
8508	9	0
8508	10	0
8508	11	0
8509	1	1
8509	2	0
8509	3	1
8509	4	0
8509	5	0
8509	6	1
8509	7	1
8509	8	1
8509	9	0
8509	10	0
8509	11	0
8510	1	1
8510	2	0
8510	3	1
8510	4	0
8510	5	0
8510	6	1
8510	7	1
8510	8	1
8510	9	0
8510	10	0
8510	11	0
8512	1	1
8512	2	0
8512	3	0
8512	4	1
8512	5	0
8512	6	0
8512	7	0
8512	8	1
8512	9	0
8512	10	0
8512	11	0
8513	1	1
8513	2	0
8513	3	1
8513	4	1
8513	5	0
8513	6	0
8513	7	1
8513	8	1
8513	9	0
8513	10	0
8513	11	0
8514	1	1
8514	2	0
8514	3	0
8514	4	0
8514	5	0
8514	6	1
8514	7	1
8514	8	1
8514	9	0
8514	10	0
8514	11	0
8515	1	1
8515	2	88
8515	3	0
8515	4	0
8515	5	0
8515	6	1
8515	7	1
8515	8	1
8515	9	0
8515	10	0
8515	11	0
8516	1	0
8516	2	1
8516	3	0
8516	4	0
8516	5	0
8516	6	1
8516	7	0
8516	8	1
8516	9	1
8516	10	0
8516	11	0
8520	1	1
8520	2	88
8520	3	0
8520	4	0
8520	5	0
8520	6	1
8520	7	1
8520	8	1
8520	9	0
8520	10	0
8520	11	0
8521	1	1
8521	2	88
8521	3	0
8521	4	1
8521	5	0
8521	6	1
8521	7	1
8521	8	1
8521	9	1
8521	10	1
8521	11	0
8524	1	1
8524	2	1
8524	3	0
8524	4	0
8524	5	0
8524	6	0
8524	7	0
8524	8	1
8524	9	0
8524	10	0
8524	11	0
8525	1	1
8525	2	0
8525	3	0
8525	4	0
8525	5	1
8525	6	0
8525	7	0
8525	8	0
8525	9	0
8525	10	0
8525	11	0
8526	1	1
8526	2	0
8526	3	1
8526	4	1
8526	5	0
8526	6	0
8526	7	1
8526	8	1
8526	9	0
8526	10	0
8526	11	0
8527	1	1
8527	2	0
8527	3	1
8527	4	1
8527	5	1
8527	6	1
8527	7	1
8527	8	1
8527	9	0
8527	10	0
8527	11	0
8528	1	1
8528	2	0
8528	3	0
8528	4	0
8528	5	0
8528	6	0
8528	7	0
8528	8	1
8528	9	0
8528	10	0
8528	11	0
8529	1	1
8529	2	1
8529	3	1
8529	4	1
8529	5	1
8529	6	1
8529	7	1
8529	8	1
8529	9	0
8529	10	1
8529	11	0
8530	1	1
8530	2	0
8530	3	1
8530	4	0
8530	5	1
8530	6	0
8530	7	0
8530	8	1
8530	9	0
8530	10	0
8530	11	0
8531	1	1
8531	2	0
8531	3	1
8531	4	0
8531	5	0
8531	6	1
8531	7	0
8531	8	1
8531	9	1
8531	10	0
8531	11	0
8532	1	0
8532	2	0
8532	3	0
8532	4	0
8532	5	0
8532	6	0
8532	7	0
8532	8	0
8532	9	0
8532	10	0
8532	11	0
8533	1	1
8533	2	0
8533	3	0
8533	4	1
8533	5	0
8533	6	1
8533	7	1
8533	8	1
8533	9	0
8533	10	0
8533	11	0
8534	1	1
8534	2	0
8534	3	0
8534	4	1
8534	5	0
8534	6	0
8534	7	0
8534	8	0
8534	9	0
8534	10	0
8534	11	0
8535	1	1
8535	2	0
8535	3	0
8535	4	0
8535	5	0
8535	6	0
8535	7	0
8535	8	1
8535	9	0
8535	10	0
8535	11	0
8536	1	0
8536	2	1
8536	3	0
8536	4	0
8536	5	0
8536	6	0
8536	7	1
8536	8	1
8536	9	0
8536	10	0
8536	11	0
8537	1	1
8537	2	0
8537	3	0
8537	4	0
8537	5	0
8537	6	0
8537	7	0
8537	8	1
8537	9	0
8537	10	0
8537	11	0
8538	1	0
8538	2	0
8538	3	0
8538	4	0
8538	5	0
8538	6	0
8538	7	0
8538	8	0
8538	9	0
8538	10	0
8538	11	0
8539	1	1
8539	2	1
8539	3	1
8539	4	0
8539	5	0
8539	6	0
8539	7	1
8539	8	1
8539	9	0
8539	10	0
8539	11	0
8540	1	1
8540	2	0
8540	3	1
8540	4	0
8540	5	1
8540	6	1
8540	7	1
8540	8	1
8540	9	0
8540	10	0
8540	11	0
8541	1	0
8541	2	0
8541	3	0
8541	4	0
8541	5	0
8541	6	0
8541	7	0
8541	8	1
8541	9	1
8541	10	0
8541	11	0
8542	1	0
8542	2	0
8542	3	0
8542	4	0
8542	5	0
8542	6	0
8542	7	0
8542	8	0
8542	9	0
8542	10	0
8542	11	0
8601	1	1
8601	2	88
8601	3	1
8601	4	1
8601	5	1
8601	6	1
8601	7	1
8601	8	1
8601	9	1
8601	10	88
8601	11	88
8602	1	1
8602	2	1
8602	3	0
8602	4	0
8602	5	0
8602	6	0
8602	7	0
8602	8	1
8602	9	1
8602	10	88
8602	11	88
8604	1	1
8604	2	88
8604	3	1
8604	4	0
8604	5	0
8604	6	1
8604	7	1
8604	8	1
8604	9	0
8604	10	0
8604	11	0
8606	1	1
8606	2	1
8606	3	1
8606	4	1
8606	5	0
8606	6	0
8606	7	0
8606	8	1
8606	9	1
8606	10	88
8606	11	88
8609	1	1
8609	2	0
8609	3	0
8609	4	1
8609	5	0
8609	6	0
8609	7	0
8609	8	1
8609	9	0
8609	10	0
8609	11	0
8611	1	1
8611	2	88
8611	3	1
8611	4	1
8611	5	0
8611	6	0
8611	7	1
8611	8	1
8611	9	0
8611	10	0
8611	11	0
8612	1	1
8612	2	88
8612	3	1
8612	4	1
8612	5	0
8612	6	1
8612	7	1
8612	8	1
8612	9	1
8612	10	0
8612	11	0
8613	1	1
8613	2	0
8613	3	0
8613	4	0
8613	5	0
8613	6	1
8613	7	1
8613	8	1
8613	9	1
8613	10	0
8613	11	0
8614	1	1
8614	2	88
8614	3	0
8614	4	0
8614	5	88
8614	6	0
8614	7	1
8614	8	1
8614	9	0
8614	10	0
8614	11	0
8617	1	1
8617	2	1
8617	3	1
8617	4	1
8617	5	1
8617	6	0
8617	7	0
8617	8	1
8617	9	0
8617	10	0
8617	11	0
8620	1	1
8620	2	88
8620	3	0
8620	4	0
8620	5	0
8620	6	0
8620	7	0
8620	8	1
8620	9	0
8620	10	0
8620	11	0
8624	1	1
8624	2	0
8624	3	0
8624	4	0
8624	5	0
8624	6	0
8624	7	0
8624	8	1
8624	9	0
8624	10	0
8624	11	0
8625	1	1
8625	2	88
8625	3	0
8625	4	1
8625	5	0
8625	6	0
8625	7	0
8625	8	1
8625	9	0
8625	10	0
8625	11	0
8626	1	1
8626	2	1
8626	3	1
8626	4	0
8626	5	0
8626	6	1
8626	7	1
8626	8	0
8626	9	0
8626	10	0
8626	11	0
8628	1	1
8628	2	88
8628	3	0
8628	4	1
8628	5	0
8628	6	0
8628	7	1
8628	8	1
8628	9	0
8628	10	88
8628	11	88
8629	1	1
8629	2	88
8629	3	0
8629	4	0
8629	5	0
8629	6	0
8629	7	0
8629	8	1
8629	9	0
8629	10	0
8629	11	0
8630	1	1
8630	2	88
8630	3	1
8630	4	1
8630	5	0
8630	6	1
8630	7	1
8630	8	1
8630	9	1
8630	10	0
8630	11	0
8632	1	1
8632	2	88
8632	3	1
8632	4	1
8632	5	0
8632	6	1
8632	7	1
8632	8	1
8632	9	1
8632	10	0
8632	11	0
8634	1	1
8634	2	1
8634	3	0
8634	4	1
8634	5	0
8634	6	0
8634	7	0
8634	8	1
8634	9	0
8634	10	88
8634	11	88
8636	1	1
8636	2	0
8636	3	0
8636	4	0
8636	5	0
8636	6	0
8636	7	0
8636	8	1
8636	9	0
8636	10	0
8636	11	0
8637	1	0
8637	2	0
8637	3	0
8637	4	0
8637	5	0
8637	6	0
8637	7	0
8637	8	1
8637	9	0
8637	10	0
8637	11	0
8638	1	1
8638	2	0
8638	3	0
8638	4	0
8638	5	0
8638	6	0
8638	7	0
8638	8	1
8638	9	0
8638	10	0
8638	11	0
8640	1	0
8640	2	0
8640	3	0
8640	4	0
8640	5	0
8640	6	0
8640	7	0
8640	8	1
8640	9	0
8640	10	0
8640	11	0
8642	1	1
8642	2	88
8642	3	0
8642	4	0
8642	5	0
8642	6	1
8642	7	1
8642	8	1
8642	9	0
8642	10	0
8642	11	0
8644	1	1
8644	2	88
8644	3	0
8644	4	0
8644	5	88
8644	6	0
8644	7	0
8644	8	1
8644	9	0
8644	10	0
8644	11	0
8645	1	1
8645	2	0
8645	3	1
8645	4	0
8645	5	0
8645	6	1
8645	7	1
8645	8	1
8645	9	0
8645	10	0
8645	11	0
8646	1	1
8646	2	0
8646	3	0
8646	4	0
8646	5	0
8646	6	0
8646	7	0
8646	8	0
8646	9	0
8646	10	88
8646	11	88
8647	1	1
8647	2	88
8647	3	0
8647	4	0
8647	5	0
8647	6	0
8647	7	0
8647	8	1
8647	9	0
8647	10	0
8647	11	0
8648	1	1
8648	2	0
8648	3	0
8648	4	1
8648	5	0
8648	6	0
8648	7	0
8648	8	1
8648	9	0
8648	10	0
8648	11	0
8649	1	1
8649	2	1
8649	3	0
8649	4	1
8649	5	1
8649	6	1
8649	7	1
8649	8	1
8649	9	0
8649	10	88
8649	11	88
8650	1	1
8650	2	88
8650	3	0
8650	4	1
8650	5	0
8650	6	1
8650	7	1
8650	8	1
8650	9	0
8650	10	88
8650	11	88
8651	1	1
8651	2	88
8651	3	0
8651	4	0
8651	5	0
8651	6	0
8651	7	0
8651	8	1
8651	9	0
8651	10	0
8651	11	0
8652	1	1
8652	2	88
8652	3	1
8652	4	0
8652	5	0
8652	6	1
8652	7	1
8652	8	0
8652	9	1
8652	10	0
8652	11	0
8653	1	1
8653	2	1
8653	3	0
8653	4	0
8653	5	0
8653	6	0
8653	7	1
8653	8	0
8653	9	0
8653	10	1
8653	11	88
8654	1	0
8654	2	88
8654	3	0
8654	4	0
8654	5	0
8654	6	0
8654	7	0
8654	8	0
8654	9	0
8654	10	0
8654	11	0
8655	1	1
8655	2	0
8655	3	1
8655	4	1
8655	5	0
8655	6	1
8655	7	1
8655	8	1
8655	9	1
8655	10	0
8655	11	0
8656	1	1
8656	2	88
8656	3	0
8656	4	1
8656	5	0
8656	6	0
8656	7	1
8656	8	1
8656	9	0
8656	10	0
8656	11	0
8657	1	1
8657	2	0
8657	3	0
8657	4	1
8657	5	0
8657	6	1
8657	7	1
8657	8	1
8657	9	1
8657	10	0
8657	11	0
8658	1	1
8658	2	1
8658	3	1
8658	4	1
8658	5	0
8658	6	1
8658	7	0
8658	8	0
8658	9	0
8658	10	0
8658	11	0
8659	1	1
8659	2	1
8659	3	0
8659	4	1
8659	5	0
8659	6	1
8659	7	1
8659	8	1
8659	9	0
8659	10	0
8659	11	0
8660	1	1
8660	2	0
8660	3	1
8660	4	1
8660	5	0
8660	6	1
8660	7	1
8660	8	1
8660	9	1
8660	10	0
8660	11	0
8661	1	1
8661	2	0
8661	3	1
8661	4	1
8661	5	0
8661	6	1
8661	7	1
8661	8	1
8661	9	0
8661	10	0
8661	11	0
8662	1	0
8662	2	0
8662	3	0
8662	4	0
8662	5	0
8662	6	0
8662	7	0
8662	8	1
8662	9	0
8662	10	0
8662	11	0
8663	1	0
8663	2	0
8663	3	0
8663	4	0
8663	5	0
8663	6	1
8663	7	0
8663	8	1
8663	9	0
8663	10	0
8663	11	0
8664	1	1
8664	2	0
8664	3	0
8664	4	0
8664	5	0
8664	6	0
8664	7	0
8664	8	0
8664	9	0
8664	10	0
8664	11	0
8665	1	1
8665	2	0
8665	3	0
8665	4	1
8665	5	0
8665	6	1
8665	7	1
8665	8	1
8665	9	0
8665	10	0
8665	11	0
8666	1	1
8666	2	0
8666	3	0
8666	4	0
8666	5	0
8666	6	0
8666	7	0
8666	8	1
8666	9	0
8666	10	0
8666	11	0
8701	1	1
8701	2	0
8701	3	0
8701	4	0
8701	5	0
8701	6	0
8701	7	1
8701	8	1
8701	9	1
8701	10	1
8701	11	0
8702	1	1
8702	2	0
8702	3	0
8702	4	1
8702	5	1
8702	6	1
8702	7	1
8702	8	1
8702	9	0
8702	10	1
8702	11	0
8703	1	1
8703	2	0
8703	3	0
8703	4	0
8703	5	1
8703	6	0
8703	7	1
8703	8	1
8703	9	0
8703	10	0
8703	11	0
8705	1	1
8705	2	0
8705	3	0
8705	4	1
8705	5	0
8705	6	1
8705	7	1
8705	8	1
8705	9	0
8705	10	0
8705	11	0
8707	1	1
8707	2	0
8707	3	1
8707	4	1
8707	5	0
8707	6	1
8707	7	1
8707	8	1
8707	9	1
8707	10	1
8707	11	1
8708	1	1
8708	2	0
8708	3	1
8708	4	1
8708	5	1
8708	6	1
8708	7	1
8708	8	1
8708	9	1
8708	10	1
8708	11	0
8709	1	0
8709	2	0
8709	3	0
8709	4	0
8709	5	0
8709	6	0
8709	7	0
8709	8	0
8709	9	0
8709	10	0
8709	11	0
8710	1	0
8710	2	0
8710	3	0
8710	4	0
8710	5	0
8710	6	0
8710	7	0
8710	8	0
8710	9	0
8710	10	0
8710	11	0
8711	1	1
8711	2	0
8711	3	0
8711	4	0
8711	5	0
8711	6	1
8711	7	1
8711	8	1
8711	9	0
8711	10	0
8711	11	0
8712	1	1
8712	2	0
8712	3	0
8712	4	1
8712	5	0
8712	6	1
8712	7	1
8712	8	1
8712	9	1
8712	10	0
8712	11	0
8713	1	1
8713	2	0
8713	3	1
8713	4	1
8713	5	0
8713	6	0
8713	7	1
8713	8	1
8713	9	0
8713	10	0
8713	11	0
8714	1	1
8714	2	0
8714	3	0
8714	4	0
8714	5	0
8714	6	0
8714	7	1
8714	8	1
8714	9	0
8714	10	0
8714	11	0
8715	1	0
8715	2	0
8715	3	0
8715	4	0
8715	5	0
8715	6	0
8715	7	0
8715	8	0
8715	9	0
8715	10	0
8715	11	0
8716	1	1
8716	2	0
8716	3	0
8716	4	1
8716	5	0
8716	6	1
8716	7	0
8716	8	1
8716	9	0
8716	10	0
8716	11	0
8717	1	1
8717	2	0
8717	3	1
8717	4	0
8717	5	0
8717	6	1
8717	7	1
8717	8	1
8717	9	1
8717	10	0
8717	11	0
8718	1	0
8718	2	0
8718	3	0
8718	4	0
8718	5	0
8718	6	0
8718	7	0
8718	8	0
8718	9	0
8718	10	0
8718	11	0
8719	1	1
8719	2	0
8719	3	0
8719	4	0
8719	5	0
8719	6	0
8719	7	0
8719	8	1
8719	9	1
8719	10	0
8719	11	0
8720	1	1
8720	2	0
8720	3	0
8720	4	0
8720	5	0
8720	6	0
8720	7	0
8720	8	1
8720	9	0
8720	10	0
8720	11	0
8721	1	1
8721	2	0
8721	3	0
8721	4	0
8721	5	0
8721	6	0
8721	7	1
8721	8	0
8721	9	0
8721	10	0
8721	11	0
8722	1	0
8722	2	0
8722	3	0
8722	4	0
8722	5	0
8722	6	0
8722	7	0
8722	8	0
8722	9	0
8722	10	0
8722	11	0
8723	1	0
8723	2	0
8723	3	0
8723	4	0
8723	5	0
8723	6	0
8723	7	0
8723	8	0
8723	9	0
8723	10	88
8723	11	88
8725	1	1
8725	2	0
8725	3	0
8725	4	1
8725	5	0
8725	6	1
8725	7	1
8725	8	0
8725	9	0
8725	10	1
8725	11	1
8726	1	1
8726	2	0
8726	3	1
8726	4	1
8726	5	0
8726	6	1
8726	7	1
8726	8	1
8726	9	0
8726	10	0
8726	11	0
8727	1	0
8727	2	0
8727	3	0
8727	4	0
8727	5	0
8727	6	0
8727	7	1
8727	8	0
8727	9	0
8727	10	0
8727	11	0
8728	1	0
8728	2	0
8728	3	0
8728	4	0
8728	5	0
8728	6	0
8728	7	0
8728	8	0
8728	9	0
8728	10	0
8728	11	0
8729	1	1
8729	2	0
8729	3	0
8729	4	0
8729	5	0
8729	6	1
8729	7	1
8729	8	0
8729	9	0
8729	10	0
8729	11	0
8730	1	1
8730	2	0
8730	3	0
8730	4	1
8730	5	0
8730	6	0
8730	7	0
8730	8	0
8730	9	0
8730	10	0
8730	11	0
8731	1	1
8731	2	0
8731	3	0
8731	4	1
8731	5	0
8731	6	1
8731	7	1
8731	8	1
8731	9	1
8731	10	1
8731	11	1
8732	1	1
8732	2	0
8732	3	1
8732	4	0
8732	5	0
8732	6	0
8732	7	1
8732	8	0
8732	9	0
8732	10	0
8732	11	0
8733	1	1
8733	2	0
8733	3	0
8733	4	1
8733	5	0
8733	6	1
8733	7	1
8733	8	1
8733	9	0
8733	10	0
8733	11	0
8734	1	1
8734	2	0
8734	3	0
8734	4	1
8734	5	0
8734	6	1
8734	7	1
8734	8	1
8734	9	1
8734	10	0
8734	11	0
8735	1	1
8735	2	0
8735	3	1
8735	4	1
8735	5	0
8735	6	1
8735	7	1
8735	8	1
8735	9	1
8735	10	0
8735	11	0
8736	1	1
8736	2	0
8736	3	0
8736	4	0
8736	5	0
8736	6	0
8736	7	1
8736	8	1
8736	9	0
8736	10	0
8736	11	0
8737	1	1
8737	2	0
8737	3	0
8737	4	0
8737	5	0
8737	6	0
8737	7	0
8737	8	0
8737	9	0
8737	10	0
8737	11	0
8738	1	1
8738	2	0
8738	3	0
8738	4	1
8738	5	0
8738	6	1
8738	7	1
8738	8	1
8738	9	0
8738	10	0
8738	11	0
8739	1	1
8739	2	0
8739	3	1
8739	4	0
8739	5	0
8739	6	1
8739	7	1
8739	8	1
8739	9	0
8739	10	1
8739	11	1
8740	1	1
8740	2	88
8740	3	0
8740	4	1
8740	5	0
8740	6	1
8740	7	1
8740	8	1
8740	9	0
8740	10	0
8740	11	0
8741	1	1
8741	2	0
8741	3	0
8741	4	1
8741	5	0
8741	6	1
8741	7	0
8741	8	1
8741	9	1
8741	10	0
8741	11	0
8742	1	0
8742	2	0
8742	3	0
8742	4	0
8742	5	0
8742	6	0
8742	7	0
8742	8	0
8742	9	0
8742	10	0
8742	11	0
8743	1	0
8743	2	0
8743	3	0
8743	4	0
8743	5	0
8743	6	0
8743	7	0
8743	8	0
8743	9	0
8743	10	0
8743	11	0
8744	1	0
8744	2	0
8744	3	0
8744	4	0
8744	5	0
8744	6	0
8744	7	0
8744	8	0
8744	9	0
8744	10	0
8744	11	0
8745	1	1
8745	2	0
8745	3	0
8745	4	1
8745	5	0
8745	6	1
8745	7	1
8745	8	1
8745	9	1
8745	10	0
8745	11	0
8746	1	1
8746	2	0
8746	3	0
8746	4	1
8746	5	1
8746	6	1
8746	7	1
8746	8	1
8746	9	1
8746	10	0
8746	11	0
8747	1	1
8747	2	0
8747	3	0
8747	4	1
8747	5	0
8747	6	1
8747	7	1
8747	8	1
8747	9	0
8747	10	0
8747	11	0
8748	1	1
8748	2	0
8748	3	0
8748	4	0
8748	5	0
8748	6	0
8748	7	0
8748	8	0
8748	9	1
8748	10	0
8748	11	0
8749	1	1
8749	2	0
8749	3	0
8749	4	1
8749	5	0
8749	6	0
8749	7	0
8749	8	0
8749	9	0
8749	10	0
8749	11	0
8750	1	1
8750	2	0
8750	3	0
8750	4	1
8750	5	1
8750	6	0
8750	7	0
8750	8	1
8750	9	0
8750	10	0
8750	11	0
8751	1	0
8751	2	0
8751	3	0
8751	4	0
8751	5	0
8751	6	0
8751	7	0
8751	8	1
8751	9	0
8751	10	0
8751	11	0
8752	1	0
8752	2	0
8752	3	0
8752	4	0
8752	5	0
8752	6	1
8752	7	1
8752	8	0
8752	9	0
8752	10	0
8752	11	0
8753	1	1
8753	2	0
8753	3	0
8753	4	1
8753	5	0
8753	6	1
8753	7	1
8753	8	1
8753	9	0
8753	10	0
8753	11	0
8754	1	1
8754	2	0
8754	3	0
8754	4	1
8754	5	0
8754	6	0
8754	7	0
8754	8	1
8754	9	0
8754	10	0
8754	11	0
8755	1	1
8755	2	0
8755	3	0
8755	4	0
8755	5	0
8755	6	1
8755	7	1
8755	8	1
8755	9	0
8755	10	1
8755	11	0
8756	1	1
8756	2	0
8756	3	0
8756	4	1
8756	5	0
8756	6	0
8756	7	0
8756	8	1
8756	9	0
8756	10	0
8756	11	0
8757	1	0
8757	2	0
8757	3	0
8757	4	0
8757	5	0
8757	6	0
8757	7	0
8757	8	0
8757	9	0
8757	10	0
8757	11	0
8758	1	1
8758	2	0
8758	3	0
8758	4	1
8758	5	0
8758	6	1
8758	7	1
8758	8	1
8758	9	0
8758	10	0
8758	11	0
8759	1	1
8759	2	0
8759	3	0
8759	4	1
8759	5	1
8759	6	1
8759	7	1
8759	8	1
8759	9	1
8759	10	1
8759	11	1
8760	1	1
8760	2	0
8760	3	1
8760	4	0
8760	5	0
8760	6	0
8760	7	1
8760	8	0
8760	9	0
8760	10	0
8760	11	0
8761	1	1
8761	2	0
8761	3	1
8761	4	1
8761	5	1
8761	6	1
8761	7	1
8761	8	1
8761	9	1
8761	10	0
8761	11	0
8762	1	1
8762	2	0
8762	3	0
8762	4	0
8762	5	1
8762	6	0
8762	7	0
8762	8	0
8762	9	0
8762	10	0
8762	11	0
8763	1	1
8763	2	0
8763	3	0
8763	4	1
8763	5	0
8763	6	1
8763	7	1
8763	8	1
8763	9	1
8763	10	0
8763	11	0
8764	1	1
8764	2	0
8764	3	0
8764	4	1
8764	5	1
8764	6	0
8764	7	1
8764	8	1
8764	9	1
8764	10	0
8764	11	0
