PLACEID	DWAGIDR5	EARNMALE	EARNFMLE
202	1	-1111	-1111
202	2	35	-1111
202	3	-1111	-1111
202	4	30	-1111
302	1	-1111	-1111
302	2	12	-1111
302	3	30	-1111
302	4	-8888	-8888
304	1	-1111	0
304	2	25	-1111
304	3	40	-1111
304	4	-8888	-8888
305	1	-1111	-1111
305	2	25	-1111
305	3	35	-1111
305	4	-8888	-8888
309	1	-1111	-1111
309	2	24	24
309	3	40	-1111
309	4	-8888	-8888
310	1	-1111	0
310	2	-1111	-1111
310	3	-1111	-1111
310	4	-8888	-8888
311	1	-1111	-1111
311	2	10	10
311	3	30	-1111
311	4	-8888	-8888
312	1	-1111	-1111
312	2	15	-1111
312	3	35	-1111
312	4	-8888	-8888
313	1	-1111	-1111
313	2	25	-1111
313	3	50	-1111
313	4	-1111	-1111
314	1	-1111	-1111
314	2	25	-1111
314	3	40	-1111
314	4	-8888	-8888
404	1	-1111	-1111
404	2	20	20
404	3	-8888	-8888
404	4	-8888	-8888
405	1	-2222	-2222
405	2	30	30
405	3	60	-1111
405	4	-8888	-8888
406	1	-1111	-1111
406	2	25	25
406	3	50	-1111
406	4	-8888	-8888
503	1	-1111	-1111
503	2	20	20
503	3	20	-1111
503	4	-8888	-8888
505	1	-1111	-1111
505	2	20	20
505	3	30	-1111
505	4	-8888	-8888
506	1	-1111	-1111
506	2	20	20
506	3	-8888	-8888
506	4	-8888	-8888
507	1	-8888	-8888
507	2	15	15
507	3	-1111	-1111
507	4	-8888	-8888
601	1	-1111	-1111
601	2	40	-1111
601	3	60	-1111
601	4	40	-1111
701	1	-8888	-8888
701	2	-8888	-8888
701	3	40	-1111
701	4	20	-1111
702	1	-8888	-8888
702	2	-8888	-8888
702	3	50	-1111
702	4	35	-1111
703	1	-8888	-8888
703	2	-8888	-8888
703	3	40	-1111
703	4	30	-1111
707	1	-8888	-8888
707	2	-8888	-8888
707	3	50	-1111
707	4	30	-1111
708	1	-8888	-8888
708	2	-8888	-8888
708	3	60	-1111
708	4	40	-1111
709	1	-8888	-8888
709	2	-8888	-8888
709	3	80	-1111
709	4	60	50
710	1	-8888	-8888
710	2	-8888	-8888
710	3	60	-1111
710	4	40	-1111
711	1	40	-1111
711	2	25	-1111
711	3	60	-1111
711	4	30	-1111
712	1	-8888	-8888
712	2	-8888	-8888
712	3	50	-1111
712	4	30	-1111
713	1	-1111	-1111
713	2	-1111	-1111
713	3	60	-1111
713	4	30	30
714	1	-8888	-8888
714	2	-8888	-8888
714	3	50	-1111
714	4	40	40
715	1	-8888	-8888
715	2	0	-8888
715	3	40	-1111
715	4	30	-1111
716	1	-8888	-8888
716	2	-888	-8888
716	3	50	-1111
716	4	40	-1111
717	1	-8888	-8888
717	2	-8888	-8888
717	3	60	-1111
717	4	40	-1111
718	1	-8888	-8888
718	2	-8888	-8888
718	3	60	-1111
718	4	35	-1111
719	1	-8888	-8888
719	2	-8888	-8888
719	3	50	-1111
719	4	30	-1111
801	1	-8888	-8888
801	2	-8888	-8888
801	3	60	-1111
801	4	40	-1111
802	1	-8888	-8888
802	2	-8888	-8888
802	3	80	-1111
802	4	50	-1111
803	1	-8888	-8888
803	2	-8888	-8888
803	3	100	-1111
803	4	50	-1111
804	1	-8888	-8888
804	2	-8888	-8888
804	3	50	-1111
804	4	30	20
903	1	-8888	-8888
903	2	300	150
903	3	-8888	-8888
903	4	-8888	-8888
1004	1	-8888	-8888
1004	2	-8888	-8888
1004	3	-8888	-8888
1004	4	150	150
1005	1	-7777	-7777
1005	2	40	25
1005	3	-7777	-7777
1005	4	-7777	-7777
1104	1	20	-1111
1104	2	20	20
1104	3	-1111	-1111
1104	4	-1111	-1111
1201	1	-1111	-1111
1201	2	-1111	-1111
1201	3	50	-1111
1201	4	30	30
1202	1	-1111	-1111
1202	2	-1111	-1111
1202	3	50	-1111
1202	4	40	40
1203	1	-1111	-1111
1203	2	-1111	-1111
1203	3	40	-1111
1203	4	25	25
1204	1	-1111	-1111
1204	2	-1111	-1111
1204	3	40	-1111
1204	4	30	30
1205	1	-1111	-1111
1205	2	-1111	-1111
1205	3	40	-1111
1205	4	20	20
1207	1	-1111	-1111
1207	2	-1111	-1111
1207	3	25	30
1207	4	-1111	-1111
1208	1	-1111	-1111
1208	2	-1111	-1111
1208	3	30	-1111
1208	4	30	30
1210	1	-1111	-1111
1210	2	-1111	-1111
1210	3	50	-1111
1210	4	-1111	-1111
1213	1	-1111	-1111
1213	2	-1111	-1111
1213	3	40	40
1213	4	35	-1111
1215	1	-1111	-1111
1215	2	-1111	-1111
1215	3	50	-1111
1215	4	-1111	-1111
1216	1	-1111	-1111
1216	2	-1111	-1111
1216	3	50	-1111
1216	4	30	-1111
1217	1	-1111	-1111
1217	2	-1111	-1111
1217	3	50	-1111
1217	4	-1111	-1111
1219	1	-1111	-1111
1219	2	-1111	-1111
1219	3	50	-1111
1219	4	40	-1111
1220	1	-1111	-1111
1220	2	-1111	-1111
1220	3	50	-1111
1220	4	30	30
1223	1	-1111	-1111
1223	2	-1111	-1111
1223	3	50	-1111
1223	4	30	-1111
1224	1	-1111	-1111
1224	2	-1111	-1111
1224	3	25	25
1224	4	20	20
1225	1	-1111	-1111
1225	2	-1111	-1111
1225	3	50	-1111
1225	4	40	-1111
1226	1	-1111	-1111
1226	2	-1111	-1111
1226	3	40	30
1226	4	50	-1111
1227	1	-1111	-1111
1227	2	-1111	-1111
1227	3	60	60
1227	4	35	-1111
1228	1	-1111	-1111
1228	2	-1111	-1111
1228	3	-1111	-1111
1228	4	-7777	-7777
1229	1	-1111	-1111
1229	2	-1111	-1111
1229	3	60	-1111
1229	4	20	20
1230	1	-1111	-1111
1230	2	-1111	-1111
1230	3	30	25
1230	4	70	60
1231	1	-1111	-1111
1231	2	-1111	-11111
1231	3	-7777	-7777
1231	4	-1111	-1111
1232	1	-1111	-1111
1232	2	-1111	-1111
1232	3	25	25
1232	4	-1111	-1111
1233	1	-1111	-1111
1233	2	-1111	-1111
1233	3	-1111	-1111
1233	4	40	-1111
1234	1	-1111	-1111
1234	2	-1111	-1111
1234	3	60	-1111
1234	4	25	25
1235	1	-1111	-1111
1235	2	-1111	-1111
1235	3	35	-1111
1235	4	20	-1111
1236	1	-1111	-1111
1236	2	-1111	-1111
1236	3	50	-1111
1236	4	30	30
1237	1	-1111	-1111
1237	2	-1111	-1111
1237	3	50	-1111
1237	4	30	30
1301	1	-1111	-1111
1301	2	0	-1111
1301	3	-150	-1111
1301	4	120	-1111
1304	1	-1111	-1111
1304	2	-1111	-1111
1304	3	120	-77
1304	4	70	-77
1305	1	-1111	-1111
1305	2	-1111	-1111
1305	3	60	-1111
1305	4	40	30
1306	1	-8888	-8888
1306	2	-8888	-8888
1306	3	-7777	-1111
1306	4	-7777	-7777
1308	1	-1111	-1111
1308	2	-1111	-1111
1308	3	100	-1111
1308	4	80	-1111
1309	1	-1111	-1111
1309	2	-1111	-1111
1309	3	80	-1111
1309	4	60	-1111
1310	1	-1111	-1111
1310	2	-1111	-1111
1310	3	80	-1111
1310	4	60	-1111
1401	1	-88	-88
1401	2	-88	-88
1401	3	80	-1111
1401	4	-1111	-1111
1404	1	-8888	-8888
1404	2	-8888	-8888
1404	3	80	60
1404	4	25	25
1405	1	-88	-88
1405	2	-88	-88
1405	3	80	-7777
1405	4	-7777	-7777
1406	1	-8888	-8888
1406	2	-8888	-8888
1406	3	90	-8888
1406	4	60	-8888
1407	1	-8888	-8888
1407	2	-8888	-8888
1407	3	80	50
1407	4	15	15
1408	1	-88	-88
1408	2	-88	-88
1408	3	80	-1111
1408	4	-8888	-8888
1409	1	-8888	-8888
1409	2	-8888	-8888
1409	3	80	-1111
1409	4	-1111	-1111
1410	1	-1111	-1111
1410	2	-1111	-1111
1410	3	80	80
1410	4	25	25
1411	1	-8888	-8888
1411	2	-8888	-8888
1411	3	80	-1111
1411	4	-1111	-1111
1412	1	-8888	-8888
1412	2	-8888	-8888
1412	3	-8888	-8888
1412	4	-8888	-8888
1413	1	-888.799987792969	-888.799987792969
1413	2	-888.799987792969	-888.799987792969
1413	3	80	111.099998474121
1413	4	30	30
1414	1	-8888	-8888
1414	2	-8888	-8888
1414	3	50	-8888
1414	4	-8888	-8888
1504	1	30	30
1504	2	30	30
1504	3	25	25
1504	4	-1111	-1111
1505	1	30	20
1505	2	30	20
1505	3	25	15
1505	4	-1111	-1111
1507	1	25	20
1507	2	20	15
1507	3	-1111	-1111
1507	4	-1111	-1111
1508	1	40	-1111
1508	2	20	-1111
1508	3	-1111	-1111
1508	4	-1111	-1111
1509	1	-1111	-1111
1509	2	20	20
1509	3	-1111	-1111
1509	4	-1111	-1111
1510	1	20	20
1510	2	30	30
1510	3	30	30
1510	4	-1111	-1111
1511	1	-8888	-8888
1511	2	40	30
1511	3	-8888	-8888
1511	4	-8888	-8888
1601	1	-1111	-1111
1601	2	35	-1111
1601	3	40	-1111
1601	4	-1111	-1111
1603	1	-8888	-8888
1603	2	40	-1111
1603	3	30	-1111
1603	4	-8888	-8888
1604	1	-8888	-8888
1604	2	35	30
1604	3	30	-1111
1604	4	-1111	-1111
1702	1	-8888	-8888
1702	2	35	-1111
1702	3	50	-1111
1702	4	-1111	-1111
1801	1	-1111	-1111
1801	2	35	30
1801	3	70	-1111
1801	4	-1111	-1111
2002	1	-88	-88
2002	2	-88	-88
2002	3	70	-1111
2002	4	25	25
2004	1	-88	-88
2004	2	-88	-88
2004	3	70	-7777
2004	4	25	25
2005	1	-88	-88
2005	2	-88	-88
2005	3	80	-1111
2005	4	30	30
2007	1	-8888	-8888
2007	2	-8888	-8888
2007	3	70	-1111
2007	4	-1111	-1111
2008	1	-8888	-8888
2008	2	-8888	-8888
2008	3	40	40
2008	4	20	20
2009	1	-8888	-8888
2009	2	-8888	-8888
2009	3	80	-1111
2009	4	30	30
2010	1	-8888	-8888
2010	2	-8888	-8888
2010	3	80	-1111
2010	4	-1111	-1111
2011	1	-8888	-8888
2011	2	-8888	-8888
2011	3	70	-1111
2011	4	25	-1111
2012	1	-8888	-8888
2012	2	-8888	-8888
2012	3	80	-1111
2012	4	25	25
2014	1	-8888	-8888
2014	2	-8888	-8888
2014	3	80	30
2014	4	-1111	-1111
2015	1	-8888	-8888
2015	2	-8888	-8888
2015	3	70	-1111
2015	4	25	25
2016	1	-88	-88
2016	2	-88	-88
2016	3	60	-1111
2016	4	-8888	-8888
2017	1	-8888	-8888
2017	2	-8888	-8888
2017	3	60	60
2017	4	25	25
2018	1	-8888	-8888
2018	2	-8888	-8888
2018	3	60	-1111
2018	4	25	25
2019	1	-8888	-8888
2019	2	-8888	-8888
2019	3	50	-1111
2019	4	-1111	-1111
2020	1	-8888	-8888
2020	2	-8888	-8888
2020	3	80	-1111
2020	4	20	20
2021	1	-8888	-8888
2021	2	-8888	-8888
2021	3	80	-1111
2021	4	30	30
2022	1	-1111	-1111
2022	2	-1111	-1111
2022	3	50	-1111
2022	4	-1111	-1111
2024	1	-1111	-1111
2024	2	-1111	-1111
2024	3	-1111	-1111
2024	4	50	40
2025	1	-1111	-1111
2025	2	-1111	-1111
2025	3	-1111	-1111
2025	4	-7777	-1111
8007	1	-1111	-1111
8007	2	-1111	-1111
8007	3	30	15
8007	4	-1111	-1111
8008	1	200	-1111
8008	2	200	-1111
8008	3	150	-1111
8008	4	-1111	-1111
8012	1	-8888	-8888
8012	2	-8888	-8888
8012	3	40	-8888
8012	4	-8888	-8888
8013	1	50	-1111
8013	2	-1111	-1111
8013	3	80	-1111
8013	4	50	-1111
8014	1	30	-1111
8014	2	30	-1111
8014	3	-1111	-1111
8014	4	-1111	-1111
8015	1	400	-1111
8015	2	300	-1111
8015	3	-1111	-1111
8015	4	-1111	-1111
8018	1	-1111	-1111
8018	2	35	30
8018	3	50	-1111
8018	4	20	20
8020	1	-8888	-8888
8020	2	-8888	-8888
8020	3	80	70
8020	4	40	40
8024	1	-1111	-1111
8024	2	80	50
8024	3	50	-1111
8024	4	40	-1111
8029	1	-1111	-1111
8029	2	30	20
8029	3	-1111	-1111
8029	4	-1111	-1111
8032	1	80	60
8032	2	50	60
8032	3	100	-1111
8032	4	60	-1111
8034	1	-1111	-1111
8034	2	25	25
8034	3	-7777	-1111
8034	4	-1111	-1111
8037	1	-1111	-1111
8037	2	15	-1111
8037	3	30	-1111
8037	4	-8888	-8888
8038	1	80	60
8038	2	40	40
8038	3	60	60
8038	4	40	40
8039	1	-8888	-8888
8039	2	-8888	-8888
8039	3	65	-1111
8039	4	25	-1111
8046	1	-1111	-1111
8046	2	-1111	-1111
8046	3	25	25
8046	4	-1111	-1111
8048	1	-1111	-1111
8048	2	25	25
8048	3	-1111	-1111
8048	4	-1111	-1111
8049	1	-1111	-1111
8049	2	-1111	-1111
8049	3	50	30
8049	4	30	25
8059	1	-1111	-1111
8059	2	35	35
8059	3	70	-1111
8059	4	25	25
8060	1	-8888	-8888
8060	2	-1111	-1111
8060	3	-7777	-7777
8060	4	15	15
8062	1	-1111	-1111
8062	2	-1111	-1111
8062	3	30	-1111
8062	4	-1111	-1111
8064	1	30	25
8064	2	50	-1111
8064	3	25	-1111
8064	4	-1111	-1111
8066	1	30	-22222
8066	2	30	-2222
8066	3	-7777	-7777
8066	4	-7777	-7777
8070	1	-8888	-8888
8070	2	300	300
8070	3	-8888	-8888
8070	4	-8888	-8888
8071	1	-1111	-1111
8071	2	25	25
8071	3	-1111	-1111
8071	4	-1111	-1111
8079	1	-1111	-1111
8079	2	-1111	-1111
8079	3	25	-1111
8079	4	25	20
8084	1	-1111	-1111
8084	2	-1111	-1111
8084	3	40	-1111
8084	4	-1111	-1111
8085	1	-2222	-2222
8085	2	35	35
8085	3	30	30
8085	4	40	40
8088	1	-1111	-1111
8088	2	-1111	-1111
8088	3	40	-1111
8088	4	40	-1111
8090	1	-1111	-1111
8090	2	-1111	-1111
8090	3	25	20
8090	4	25	20
8092	1	8888	8888
8092	2	8888	8888
8092	3	8888	8888
8092	4	8888	8888
8094	1	-1111	-1111
8094	2	-1111	-1111
8094	3	-1111	-1111
8094	4	-1111	-1111
8097	1	-1111	-1111
8097	2	-1111	-1111
8097	3	60	-1111
8097	4	50	-1111
8098	1	-1111	-1111
8098	2	-1111	-1111
8098	3	100	100
8098	4	80	80
8099	1	-77	-77
8099	2	-77	-77
8099	3	-77	-77
8099	4	-77	-77
8101	1	-1111	-1111
8101	2	-1111	-1111
8101	3	60	-7777
8101	4	10	10
8103	1	-1111	-1111
8103	2	-1111	-1111
8103	3	80	-1111
8103	4	50	-1111
8107	1	-1111	-1111
8107	2	-1111	-1111
8107	3	400	-1111
8107	4	300	-1111
8108	1	-1111	-1111
8108	2	-1111	-1111
8108	3	70	-1111
8108	4	-1111	-1111
8110	1	-1111	-1111
8110	2	-1111	-1111
8110	3	-1111	-1111
8110	4	-1111	-1111
8112	1	-88	-88
8112	2	-88	-88
8112	3	90	-1111
8112	4	-88	-88
8113	1	-1111	-1111
8113	2	-1111	-1111
8113	3	80	-1111
8113	4	40	-1111
8114	1	-1111	-1111
8114	2	0	-1111
8114	3	100	-1111
8114	4	80	-1111
8115	1	-1111	-1111
8115	2	-1111	-1111
8115	3	60	-1111
8115	4	50	-1111
8119	1	-1111	-1111
8119	2	-1111	-1111
8119	3	80	-1111
8119	4	60	30
8123	1	-1111	-1111
8123	2	-1111	-1111
8123	3	100	100
8123	4	35	35
8126	1	-8888	-8888
8126	2	-8888	-8888
8126	3	95	60
8126	4	35	35
8127	1	-88	-88
8127	2	-88	-88
8127	3	80	60
8127	4	-1111	-1111
8128	1	-8888	-8888
8128	2	-8888	-8888
8128	3	-8888	-8888
8128	4	-8888	-8888
8129	1	35	35
8129	2	40	40
8129	3	50	-1111
8129	4	-1111	-1111
8130	1	-7777	-7777
8130	2	40	30
8130	3	60	-7777
8130	4	-7777	-7777
8132	1	-1111	-1111
8132	2	50	50
8132	3	-1111	-1111
8132	4	35	35
8134	1	-8888	-88888
8134	2	-8888	-88888
8134	3	80	-1111
8134	4	30	30
8135	1	-1111	-1111
8135	2	20	-1111
8135	3	25	-1111
8135	4	-1111	-1111
8138	1	-1111	-1111
8138	2	660	-1111
8138	3	-1111	-1111
8138	4	-1111	-1111
8140	1	-1111	-1111
8140	2	50	25
8140	3	30	50
8140	4	-1111	-1111
8141	1	30	30
8141	2	30	30
8141	3	70	-1111
8141	4	35	-1111
8142	1	-1111	-1111
8142	2	20	20
8142	3	40	-1111
8142	4	-8888	-8888
8143	1	-1111	-1111
8143	2	25	-1111
8143	3	40	-1111
8143	4	30	-1111
8145	1	-8888	-8888
8145	2	-8888	-8888
8145	3	50	50
8145	4	30	30
8146	1	-1111	-1111
8146	2	30	-1111
8146	3	30	30
8146	4	35	35
8147	1	-8888	-8888
8147	2	-8888	-8888
8147	3	50	45
8147	4	20	20
8148	1	-1111	-1111
8148	2	45	45
8148	3	70	-1111
8148	4	15	15
8151	1	50	-1111
8151	2	40	30
8151	3	40	-1111
8151	4	-7777	-7777
8152	1	-8888	-8888
8152	2	25	20
8152	3	-8888	-8888
8152	4	-8888	-8888
8160	1	-1111	-1111
8160	2	30	20
8160	3	50	-1111
8160	4	-8888	-8888
8162	1	-1111	-1111
8162	2	25	25
8162	3	30	-1111
8162	4	30	-1111
8166	1	-1111	0
8166	2	25	25
8166	3	35	35
8166	4	40	40
8169	1	-1111	-1111
8169	2	15	15
8169	3	30	-1111
8169	4	-8888	-8888
8170	1	-1111	-1111
8170	2	20	20
8170	3	40	-1111
8170	4	40	-1111
8172	1	-8888	-8888
8172	2	25	25
8172	3	50	-1111
8172	4	-8888	-8888
8177	1	-1111	-1111
8177	2	25	25
8177	3	40	-1111
8177	4	30	-1111
8180	1	-1111	-1111
8180	2	40	-1111
8180	3	40	30
8180	4	30	-1111
8181	1	-1111	-1111
8181	2	40	-1111
8181	3	50	-1111
8181	4	40	-1111
8184	1	20	20
8184	2	20	20
8184	3	-1111	-1111
8184	4	-1111	-1111
8185	1	-8888	-8888
8185	2	-8888	-8888
8185	3	40	-1111
8185	4	-8888	-8888
8186	1	-1111	-1111
8186	2	35	25
8186	3	-1111	-1111
8186	4	-1111	-1111
8187	1	-1111	-1111
8187	2	-1111	-1111
8187	3	-7777	-1111
8187	4	-1111	-1111
8188	1	-8888	-8888
8188	2	-8888	-8888
8188	3	90	-1111
8188	4	70	-1111
8189	1	80	80
8189	2	40	40
8189	3	80	-1111
8189	4	40	-1111
8193	1	-8888	-8888
8193	2	-8888	-8888
8193	3	40	-8888
8193	4	-1111	-1111
8195	1	-1111	-1111
8195	2	-1111	-1111
8195	3	-7777	-7777
8195	4	-7777	-7777
8196	1	-1111	-1111
8196	2	-1111	-1111
8196	3	100	-1111
8196	4	50	40
8197	1	-1111	-1111
8197	2	-1111	-1111
8197	3	100	-1111
8197	4	45	30
8198	1	-1111	-1111
8198	2	25	25
8198	3	-8888	-8888
8198	4	-8888	-8888
8199	1	-1111	-1111
8199	2	-1111	-1111
8199	3	50	-1111
8199	4	50	40
8202	1	-1111	-1111
8202	2	40	-1111
8202	3	60	60
8202	4	30	-1111
8203	1	-1111	-1111
8203	2	50	50
8203	3	80	-1111
8203	4	25	20
8204	1	-1111	-1111
8204	2	25	-1111
8204	3	25	-1111
8204	4	30	-1111
8205	1	-1111	-1111
8205	2	30	20
8205	3	40	-1111
8205	4	-8888	-8888
8207	1	-1111	-1111
8207	2	25	25
8207	3	30	-1111
8207	4	-8888	-8888
8209	1	25	25
8209	2	25	25
8209	3	-8888	-8888
8209	4	-8888	-8888
8212	1	-1111	-1111
8212	2	-8888	-8888
8212	3	60	-1111
8212	4	40	-1111
8215	1	70	90
8215	2	50	30
8215	3	-8888	-8888
8215	4	-8888	-8888
8216	1	-8888	-8888
8216	2	-8888	-8888
8216	3	45	45
8216	4	-7777	-7777
8219	1	-1111	-1111
8219	2	35	30
8219	3	40	30
8219	4	-1111	-1111
8220	1	60	60
8220	2	30	25
8220	3	50	25
8220	4	-1111	-1111
8223	1	-8888	-8888
8223	2	-8888	-8888
8223	3	-1111	-1111
8223	4	-1111	-1111
8226	1	-8888	-8888
8226	2	-8888	-8888
8226	3	60	-1111
8226	4	20	20
8227	1	-88	-88
8227	2	-88	-88
8227	3	60	50
8227	4	-88	-88
8228	1	80	80
8228	2	50	30
8228	3	70	-1111
8228	4	-1111	-1111
8236	1	-1111	-1111
8236	2	30	30
8236	3	50	-1111
8236	4	30	-1111
8237	1	50	50
8237	2	-7777	-7777
8237	3	30	50
8237	4	-7777	-7777
8244	1	-1111	-1111
8244	2	-1111	-1111
8244	3	30	-1111
8244	4	30	30
8245	1	-7777	-7777
8245	2	30	20
8245	3	40	-1111
8245	4	-7777	-7777
8248	1	50	-1111
8248	2	25	-1111
8248	3	40	-1111
8248	4	-1111	-1111
8252	1	250	200
8252	2	300	200
8252	3	30	-7777
8252	4	20	20
8254	1	-8888	-888
8254	2	-8888	-8888
8254	3	-8888	-8888
8254	4	-1111	-1111
8255	1	-1111	-1111
8255	2	40	40
8255	3	70	70
8255	4	30	30
8257	1	-8888	-8888
8257	2	-8888	-8888
8257	3	-1111	-1111
8257	4	30	30
8258	1	-1111	-1111
8258	2	-1111	-1111
8258	3	90	-1111
8258	4	25	25
8259	1	-8888	-8888
8259	2	-8888	-8888
8259	3	80	-1111
8259	4	-1111	-1111
8260	1	-1111	1111
8260	2	35	35
8260	3	50	-1111
8260	4	-1111	-1111
8262	1	-1111	-1111
8262	2	30	30
8262	3	-1111	-1111
8262	4	-1111	-1111
8264	1	-1111	-1111
8264	2	40	30
8264	3	50	30
8264	4	30	-1111
8267	1	-8888	-8888
8267	2	-8888	-8888
8267	3	60	-1111
8267	4	40	-1111
8269	1	-8888	-8888
8269	2	-8888	-8888
8269	3	500	-1111
8269	4	300	400
8273	1	-8888	-8888
8273	2	-8888	-8888
8273	3	80	-1111
8273	4	40	-1111
8274	1	-8888	-8888
8274	2	-8888	-8888
8274	3	40	-1111
8274	4	50	-1111
8277	1	-2222	-2222
8277	2	35	35
8277	3	-1111	-1111
8277	4	30	-1111
8278	1	35	30
8278	2	40	40
8278	3	35	35
8278	4	30	30
8279	1	-1111	-1111
8279	2	-1111	-1111
8279	3	50	-1111
8279	4	-1111	-8888
8281	1	-8888	-8888
8281	2	30	30
8281	3	-1111	-1111
8281	4	-8888	-8888
8285	1	-1111	0
8285	2	-1111	-1111
8285	3	80	-1111
8285	4	40	-1111
8286	1	-1111	-1111
8286	2	-1111	-1111
8286	3	80	80
8286	4	60	60
8287	1	-1111	-8888
8287	2	-8888	-8888
8287	3	-1111	-1111
8287	4	-1111	-1111
8290	1	-1111	-1111
8290	2	-1111	-1111
8290	3	50	-1111
8290	4	30	-1111
8293	1	-1111	-1111
8293	2	-1111	-1111
8293	3	50	-1111
8293	4	35	-1111
8297	1	-8888	-8888
8297	2	-8888	-8888
8297	3	150	-8888
8297	4	60	-8888
8302	1	-1111	-1111
8302	2	-1111	-1111
8302	3	80	-1111
8302	4	50	50
8305	1	-1111	-1111
8305	2	-1111	-1111
8305	3	80	-1111
8305	4	50	-1111
8306	1	-8888	-8888
8306	2	-8888	-8888
8306	3	90	-8888
8306	4	-8888	-8888
8310	1	-1111	-1111
8310	2	-1111	-1111
8310	3	100	-1111
8310	4	80	-1111
8311	1	-1111	-1111
8311	2	-1111	-1111
8311	3	80	-1111
8311	4	60	-1111
8316	1	-8888	-8888
8316	2	30	1111
8316	3	30	-1111
8316	4	15	-1111
8317	1	60	40
8317	2	60	40
8317	3	50	-1111
8317	4	30	-1111
8318	1	40	30
8318	2	40	30
8318	3	50	40
8318	4	25	-1111
8319	1	40	25
8319	2	35	25
8319	3	50	-1111
8319	4	25	-1111
8320	1	-8888	-8888
8320	2	-8888	-8888
8320	3	70	-7777
8320	4	30	30
8321	1	-8888	-8888
8321	2	-8888	-8888
8321	3	60	-1111
8321	4	50	-1111
8322	1	-8888	-8888
8322	2	-8888	-8888
8322	3	50	-1111
8322	4	30	-1111
8323	1	-8888	-8888
8323	2	-8888	-8888
8323	3	40	-1111
8323	4	30	-1111
8325	1	-8888	-8888
8325	2	-8888	-8888
8325	3	50	-1111
8325	4	40	10
8327	1	1.70000004768372	1.70000004768372
8327	2	-8888	-8888
8327	3	90	90
8327	4	40	40
8328	1	50	-1111
8328	2	30	25
8328	3	60	-1111
8328	4	30	30
8332	1	-1111	-1111
8332	2	35	20
8332	3	50	-1111
8332	4	35	-1111
8333	1	-1111	-1111
8333	2	20	20
8333	3	-8888	-8888
8333	4	-8888	-8888
8334	1	-1111	-1111
8334	2	25	25
8334	3	20	-1111
8334	4	-8888	-8888
8340	1	-8888	-8888
8340	2	-8888	-8888
8340	3	-8888	-8888
8340	4	-8888	-8888
8345	1	-8888	-8888
8345	2	20	-1111
8345	3	-1111	-1111
8345	4	-8888	-8888
8348	1	-1111	-1111
8348	2	35	35
8348	3	45	-1111
8348	4	25	20
8349	1	-1111	0
8349	2	30	-1111
8349	3	40	-1111
8349	4	30	-1111
8350	1	-8888	-8888
8350	2	20	20
8350	3	30	-1111
8350	4	20	-1111
8353	1	-8888	-8888
8353	2	-8888	-8888
8353	3	70	-1111
8353	4	30	30
8354	1	-8888	-8888
8354	2	-8888	-8888
8354	3	60	-1111
8354	4	30	30
8357	1	-1111	-1111
8357	2	35	30
8357	3	-1111	-1111
8357	4	40	-1111
8358	1	-1111	-1111
8358	2	40	30
8358	3	-1111	-1111
8358	4	-1111	-1111
8361	1	50	50
8361	2	30	30
8361	3	-8888	-8888
8361	4	-8888	-8888
8363	1	-1111	-1111
8363	2	-1111	-1111
8363	3	120	-1111
8363	4	60	-1111
8364	1	-7777	-7777
8364	2	-7777	-7777
8364	3	70	60
8364	4	-7777	-7777
8369	1	-1111	-1111
8369	2	-1111	-1111
8369	3	50	-1111
8369	4	40	-1111
8370	1	-8888	-8888
8370	2	-8888	-8888
8370	3	50	40
8370	4	25	20
8371	1	-1111	-1111
8371	2	-1111	-1111
8371	3	100	-1111
8371	4	80	-1111
8372	1	-1111	-1111
8372	2	-1111	-1111
8372	3	100	80
8372	4	80	80
8374	1	-7777	-7777
8374	2	-7777	-7777
8374	3	80	-7777
8374	4	40	30
8377	1	-8888	-8888
8377	2	-8888	-8888
8377	3	-8888	-8888
8377	4	-8888	-8888
8379	1	-88	-88
8379	2	-88	-88
8379	3	80	70
8379	4	-1111	-1111
8380	1	-1111	-1111
8380	2	-1111	-1111
8380	3	50	-1111
8380	4	10	-1111
8381	1	-2222	-2222
8381	2	30	30
8381	3	-7777	-7777
8381	4	-1111	-1111
8383	1	-1111	-1111
8383	2	-1111	-1111
8383	3	40	-1111
8383	4	-1111	-1111
8384	1	-1111	-1111
8384	2	-1111	-1111
8384	3	50	-1111
8384	4	-1111	-1111
8386	1	-1111	-1111
8386	2	-1111	-1111
8386	3	50	-1111
8386	4	40	40
8389	1	-1111	-1111
8389	2	-1111	-1111
8389	3	100	60
8389	4	80	40
8390	1	-1111	-1111
8390	2	-1111	-1111
8390	3	120	-1111
8390	4	80	50
8393	1	-8888	-8888
8393	2	-8888	-8888
8393	3	-7777	-7777
8393	4	-7777	-7777
8394	1	-1111	-1111
8394	2	-1111	-1111
8394	3	30	30
8394	4	40	40
8395	1	-1111	-1111
8395	2	-1111	-1111
8395	3	25	-1111
8395	4	-1111	-1111
8396	1	-1111	-1111
8396	2	-1111	-1111
8396	3	80	80
8396	4	-1111	-1111
8399	1	-8888	-8888
8399	2	-8888	-8888
8399	3	-7777	-7777
8399	4	40	40
8402	1	30	-1111
8402	2	35	25
8402	3	50	-1111
8402	4	30	30
8403	1	-1111	-1111
8403	2	30	30
8403	3	-8888	-8888
8403	4	-8888	-8888
8404	1	-1111	-1111
8404	2	15	-1111
8404	3	-8888	-8888
8404	4	-8888	-8888
8405	1	-8888	-8888
8405	2	-8888	-8888
8405	3	50	-1111
8405	4	35	8
8406	1	-8888	-8888
8406	2	-8888	-8888
8406	3	40	-1111
8406	4	30	-1111
8407	1	15	12
8407	2	15	12
8407	3	35	-1111
8407	4	-8888	-8888
8408	1	-8888	-8888
8408	2	-8888	-8888
8408	3	50	-1111
8408	4	-8888	-8888
8409	1	-1111	-1111
8409	2	30	-1111
8409	3	50	-1111
8409	4	30	-1111
8410	1	-8888	-8888
8410	2	-8888	-8888
8410	3	45	-1111
8410	4	40	20
8411	1	-8888	-8888
8411	2	-8888	-8888
8411	3	50	-1111
8411	4	-8888	-8888
8412	1	-8888	-8888
8412	2	-8888	-8888
8412	3	90	-1111
8412	4	45	-1111
8413	1	-8888	-8888
8413	2	-8888	-8888
8413	3	30	-1111
8413	4	45	-1111
8415	1	-1111	-1111
8415	2	25	25
8415	3	40	-1111
8415	4	-8888	-8888
8418	1	-1111	-1111
8418	2	25	25
8418	3	-8888	-8888
8418	4	-8888	-8888
8419	1	-1111	-1111
8419	2	30	30
8419	3	40	-1111
8419	4	50	-1111
8420	1	-1111	-1111
8420	2	35	25
8420	3	30	-1111
8420	4	20	15
8421	1	30	20
8421	2	30	20
8421	3	50	-1111
8421	4	-8888	-8888
8422	1	20	15
8422	2	20	15
8422	3	-8888	-8888
8422	4	-8888	-8888
8424	1	-8888	-8888
8424	2	-8888	-8888
8424	3	30	-1111
8424	4	30	30
8426	1	-1111	-1111
8426	2	25	25
8426	3	20	-1111
8426	4	25	7
8427	1	-8888	-8888
8427	2	30	30
8427	3	50	-1111
8427	4	40	-1111
8429	1	-1111	-1111
8429	2	20	-1111
8429	3	-8888	-8888
8429	4	-8888	-8888
8431	1	-8888	-8888
8431	2	-8888	-8888
8431	3	50	45
8431	4	40	-11111
8433	1	-8888	-8888
8433	2	45	-8888
8433	3	50	-8888
8433	4	40	-8888
8434	1	-1111	-1111
8434	2	-1111	-1111
8434	3	-1111	-1111
8434	4	40	30
8435	1	-8888	-8888
8435	2	-8888	-8888
8435	3	80	-1111
8435	4	50	-1111
8436	1	-1111	-1111
8436	2	-1111	-1111
8436	3	-7777	-7777
8436	4	-7777	-7777
8440	1	-8888	-8888
8440	2	-8888	-8888
8440	3	80	40
8440	4	-1111	-1111
8441	1	-88	-88
8441	2	-88	-88
8441	3	80	-88
8441	4	-88	-88
8442	1	-1111	-1111
8442	2	-1111	-1111
8442	3	-1111	-1111
8442	4	45	45
8443	1	-1111	-1111
8443	2	-1111	-1111
8443	3	60	-1111
8443	4	40	-1111
8444	1	-1111	-1111
8444	2	-1111	-1111
8444	3	700	-1111
8444	4	30	-1111
8447	1	-1111	-1111
8447	2	-1111	-1111
8447	3	35	35
8447	4	-1111	-1111
8448	1	-1111	-1111
8448	2	-1111	-1111
8448	3	40	50
8448	4	30	30
8449	1	-1111	-1111
8449	2	-1111	-1111
8449	3	30	30
8449	4	60	30
8450	1	-8888	-8888
8450	2	-8888	-8888
8450	3	40	40
8450	4	40	40
8451	1	-8888	-8888
8451	2	-8888	-8888
8451	3	40	-1111
8451	4	30	20
8452	1	-8888	-8888
8452	2	-8888	-8888
8452	3	40	-1111
8452	4	35	-1111
8453	1	-8888	-8888
8453	2	-8888	-8888
8453	3	40	-1111
8453	4	35	25
8454	1	-8888	-8888
8454	2	-8888	-8888
8454	3	40	-1111
8454	4	40	-1111
8455	1	-8888	-8888
8455	2	-8888	-8888
8455	3	50	-1111
8455	4	50	-1111
8456	1	-8888	-8888
8456	2	-8888	-8888
8456	3	-8888	-8888
8456	4	40	-1111
8457	1	35	-1111
8457	2	40	27.5
8457	3	50	-1111
8457	4	-1111	-1111
8458	1	30	-1111
8458	2	25	-1111
8458	3	40	-1111
8458	4	15	-1111
8459	1	-1111	-1111
8459	2	30	30
8459	3	50	-1111
8459	4	50	-1111
8460	1	-8888	-8888
8460	2	-8888	-8888
8460	3	40	-1111
8460	4	50	-1111
8461	1	-8888	-8888
8461	2	-8888	-8888
8461	3	60	50
8461	4	30	20
8462	1	-8888	-88888
8462	2	-8888	-8888
8462	3	50	-1111
8462	4	25	25
8463	1	-8888	-8888
8463	2	-8888	-88888
8463	3	80	-1111
8463	4	80	50
8464	1	-8888	-8888
8464	2	-8888	-8888
8464	3	-1111	-1111
8464	4	-8888	-8888
8465	1	-8888	-8888
8465	2	-8888	-8888
8465	3	-8888	-8888
8465	4	-8888	-8888
8466	1	-8888	-8888
8466	2	-8888	-8888
8466	3	50	-1111
8466	4	25	-1111
8467	1	-1111	-1111
8467	2	30	-1111
8467	3	-8888	-8888
8467	4	-8888	-8888
8468	1	20	-1111
8468	2	25	25
8468	3	40	-1111
8468	4	15	15
8469	1	-1111	-1111
8469	2	75	75
8469	3	40	-1111
8469	4	40	-1111
8470	1	-8888	-8888
8470	2	-8888	-8888
8470	3	40	-1111
8470	4	30	-1111
8471	1	-1111	-1111
8471	2	20	20
8471	3	15	-1111
8471	4	-8888	-8888
8472	1	-1111	-1111
8472	2	20	20
8472	3	60	-1111
8472	4	-8888	-8888
8473	1	-8888	-8888
8473	2	30	30
8473	3	35	-1111
8473	4	40	-1111
8474	1	-8888	-8888
8474	2	25	25
8474	3	40	-1111
8474	4	30	-1111
8475	1	-1111	-1111
8475	2	20	20
8475	3	-8888	-8888
8475	4	25	-1111
8476	1	-1111	-1111
8476	2	25	-1111
8476	3	30	-1111
8476	4	40	-1111
8477	1	-1111	-1111
8477	2	20	20
8477	3	-8888	-8888
8477	4	-8888	-8888
8478	1	-1111	-1111
8478	2	20	20
8478	3	50	-1111
8478	4	30	-1111
8479	1	-1111	-1111
8479	2	30	25
8479	3	45	-1111
8479	4	-8888	-8888
8480	1	-1111	-1111
8480	2	25	25
8480	3	30	30
8480	4	-8888	-8888
8481	1	-1111	30
8481	2	35	30
8481	3	-1111	-8888
8481	4	-1111	-8888
8502	1	40	-1111
8502	2	30	30
8502	3	80	-1111
8502	4	50	-1111
8503	1	350	-1111
8503	2	30	30
8503	3	60	-1111
8503	4	30	-1111
8504	1	-8888	-8888
8504	2	-8888	-8888
8504	3	50	-1111
8504	4	20	-1111
8505	1	80	-77
8505	2	50	-77
8505	3	40	-77
8505	4	20	-77
8506	1	-1111	-1111
8506	2	-1111	-1111
8506	3	40	25
8506	4	25	20
8507	1	25	20
8507	2	30	20
8507	3	40	-7777
8507	4	-1111	-1111
8508	1	-1111	-1111
8508	2	150	-1111
8508	3	-1111	-1111
8508	4	-1111	-1111
8509	1	250	20
8509	2	30	20
8509	3	30	-7777
8509	4	20	20
8510	1	25	20
8510	2	30	20
8510	3	30	25
8510	4	20	20
8512	1	35	30
8512	2	35	30
8512	3	25	25
8512	4	20	25
8513	1	-1111	-1111
8513	2	35	-1111
8513	3	50	-1111
8513	4	20	-1111
8514	1	-8888	-8888
8514	2	-8888	-8888
8514	3	90	-1111
8514	4	50	50
8515	1	-8888	-8888
8515	2	-8888	-8888
8515	3	50	-1111
8515	4	35	-1111
8516	1	-1111	-1111
8516	2	300	300
8516	3	-1111	-1111
8516	4	-1111	-1111
8520	1	-8888	-8888
8520	2	-8888	-8888
8520	3	100	-1111
8520	4	50	-1111
8521	1	-8888	-8888
8521	2	-8888	-8888
8521	3	80	-1111
8521	4	60	-1111
8524	1	-1111	-1111
8524	2	10	10
8524	3	50	-1111
8524	4	40	40
8525	1	-1111	-1111
8525	2	-1111	-1111
8525	3	-1111	-1111
8525	4	-1111	-1111
8526	1	-1111	-1111
8526	2	-1111	-1111
8526	3	50	50
8526	4	150	180
8527	1	-1111	-1111
8527	2	-1111	-1111
8527	3	33	25
8527	4	-11111	-1111
8528	1	25	25
8528	2	20	15
8528	3	-1111	-1111
8528	4	-1111	-1111
8529	1	40	-1111
8529	2	-1111	-1111
8529	3	10	-1111
8529	4	40	-1111
8530	1	-1111	-1111
8530	2	30	30
8530	3	45	-2222
8530	4	-1111	-1111
8531	1	-1111	-1111
8531	2	30	25
8531	3	30	-1111
8531	4	-1111	-1111
8532	1	-8888	-8888
8532	2	35	30
8532	3	-8888	-8888
8532	4	-8888	-8888
8533	1	-1111	-1111
8533	2	-1111	-1111
8533	3	50	50
8533	4	20	20
8534	1	30	-1111
8534	2	20	-1111
8534	3	-1111	-1111
8534	4	-1111	-1111
8535	1	-1111	-1111
8535	2	-1111	-1111
8535	3	30	-1111
8535	4	20	15
8536	1	50	50
8536	2	35	30
8536	3	40	-1111
8536	4	-1111	-1111
8537	1	600	-1111
8537	2	40	-1111
8537	3	-1111	-1111
8537	4	-1111	-1111
8538	1	-1111	-1111
8538	2	25	20
8538	3	-1111	-1111
8538	4	-1111	-1111
8539	1	-1111	-1111
8539	2	-1111	-1111
8539	3	-1111	-1111
8539	4	150	-1111
8540	1	-1111	-1111
8540	2	350	350
8540	3	-1111	-1111
8540	4	-1111	-1111
8541	1	20	20
8541	2	20	20
8541	3	30	30
8541	4	30	30
8542	1	25	25
8542	2	25	25
8542	3	-7777	-7777
8542	4	-7777	-7777
8601	1	-8888	-8888
8601	2	-8888	-8888
8601	3	50	-1111
8601	4	15	20
8602	1	-1111	-1111
8602	2	40	40
8602	3	50	-1111
8602	4	40	-1111
8604	1	-8888	-8888
8604	2	30	25
8604	3	70	-1111
8604	4	25	25
8606	1	30	30
8606	2	20	20
8606	3	30	30
8606	4	-1111	-1111
8609	1	-8888	-8888
8609	2	-8888	-8888
8609	3	40	-1111
8609	4	30	-1111
8611	1	-8888	-8888
8611	2	-8888	-8888
8611	3	70	-1111
8611	4	-1111	-1111
8612	1	-8888	-8888
8612	2	-8888	-8888
8612	3	70	-1111
8612	4	25	25
8613	1	-8888	-8888
8613	2	50	45
8613	3	100	100
8613	4	40	40
8614	1	-888803	-8888
8614	2	-8888	-8888
8614	3	70	-1111
8614	4	30	30
8617	1	40	40
8617	2	30	30
8617	3	80	70
8617	4	30	30
8620	1	-88	-8888
8620	2	-88	-8888
8620	3	55	-8888
8620	4	-11111	-1111
8624	1	-8888	-8888
8624	2	-8888	-8888
8624	3	-8888	-8888
8624	4	-1111	-1111
8625	1	-8888	-8888
8625	2	-8888	-8888
8625	3	-1111	-1111
8625	4	-1111	-1111
8626	1	-8888	-8888
8626	2	-8888	-8888
8626	3	80	-1111
8626	4	-1111	-1111
8628	1	-8888	-8888
8628	2	-8888	-8888
8628	3	-1111	-1111
8628	4	-1111	-1111
8629	1	-1111	-1111
8629	2	30	30
8629	3	60	-1111
8629	4	20	20
8630	1	-8888	-8888
8630	2	-8888	-8888
8630	3	80	-7777
8630	4	30	30
8632	1	-1111	-1111
8632	2	35	-1111
8632	3	70	-1111
8632	4	25	25
8634	1	40	40
8634	2	40	30
8634	3	70	-1111
8634	4	-1111	-1111
8636	1	-1111	-1111
8636	2	35	25
8636	3	-1111	-1111
8636	4	-1111	-1111
8637	1	-1111	-1111
8637	2	40	25
8637	3	-1111	-1111
8637	4	40	-1111
8638	1	-1111	-1111
8638	2	50	35
8638	3	60	-1111
8638	4	-1111	-1111
8640	1	-1111	-1111
8640	2	30	20
8640	3	50	-1111
8640	4	-1111	-1111
8642	1	-8888	-8888
8642	2	-8888	-8888
8642	3	70	-1111
8642	4	-1111	-1111
8644	1	-8888	-8888
8644	2	-8888	-8888
8644	3	50	40
8644	4	-8888	-8888
8645	1	-8888	-8888
8645	2	-8888	-8888
8645	3	120	120
8645	4	45	45
8646	1	-88	-88
8646	2	-88	-88
8646	3	-88	-88
8646	4	-88	-88
8647	1	-8888	-8888
8647	2	-8888	-8888
8647	3	80	-8888
8647	4	-11111	-1111
8648	1	-8888	-8888
8648	2	-8888	-8888
8648	3	50	-1111
8648	4	45	-1111
8649	1	80	-7777
8649	2	40	40
8649	3	80	-7777
8649	4	30	30
8650	1	-88	-88
8650	2	-88	-88
8650	3	60	-11
8650	4	30	30
8651	1	50	50
8651	2	50	40
8651	3	80	-1111
8651	4	20	20
8652	1	-8888	-8888
8652	2	-8888	-8888
8652	3	70	-1111
8652	4	40	40
8653	1	-1111	-1111
8653	2	45	45
8653	3	50	-1111
8653	4	-1111	-1111
8654	1	-8888	-8888
8654	2	-8888	-8888
8654	3	-8888	-8888
8654	4	-8888	-8888
8655	1	-8888	-8888
8655	2	-8888	-8888
8655	3	60	60
8655	4	30	30
8656	1	-8888	-8888
8656	2	-8888	-8888
8656	3	60	-1111
8656	4	30	30
8657	1	39	30
8657	2	35	28
8657	3	35	30
8657	4	-1111	-1111
8658	1	-1111	-1111
8658	2	40	-1111
8658	3	70	-1111
8658	4	-1111	-1111
8659	1	-1111	-1111
8659	2	40	30
8659	3	50	-1111
8659	4	-1111	-1111
8660	1	-8888	-8888
8660	2	30	25
8660	3	60	-8888
8660	4	-1111	-1111
8661	1	-1111	-1111
8661	2	-1111	-1111
8661	3	-1111	-1111
8661	4	50	40
8662	1	-8888	-8888
8662	2	-8888	-8888
8662	3	60	-8888
8662	4	25	20
8663	1	110	110
8663	2	40	40
8663	3	50	-1111
8663	4	-1111	-1111
8664	1	-7777	-7777
8664	2	40	40
8664	3	-7777	-7777
8664	4	-1111	-1111
8665	1	-1111	-1111
8665	2	-1111	-1111
8665	3	50	-1111
8665	4	-1111	-1111
8666	1	-1111	-1111
8666	2	-1111	-1111
8666	3	50	-1111
8666	4	30	-1111
8701	1	-1111	-1111
8701	2	-1111	-1111
8701	3	-1111	-1111
8701	4	50	40
8702	1	-1111	-1111
8702	2	-1111	-1111
8702	3	100	-1111
8702	4	50	-1111
8703	1	-1111	-1111
8703	2	-1111	-1111
8703	3	100	-1111
8703	4	60	-1111
8705	1	-8888	-8888
8705	2	-8888	-8888
8705	3	70	70
8705	4	40	40
8707	1	-8888	-8888
8707	2	-8888	-8888
8707	3	80	-1111
8707	4	30	25
8708	1	-8888	-8888
8708	2	-8888	-8888
8708	3	80	-1111
8708	4	30	25
8709	1	-1111	-1111
8709	2	-1111	-1111
8709	3	200	100
8709	4	40	40
8710	1	-8888	-8888
8710	2	-8888	-8888
8710	3	30	500
8710	4	-1111	-1111
8711	1	-8888	-8888
8711	2	-8888	-8888
8711	3	70	60
8711	4	-1111	-1111
8712	1	-8888	-8888
8712	2	-8888	-8888
8712	3	60	50
8712	4	-8888	-8888
8713	1	-8888	-8888
8713	2	-8888	-8888
8713	3	60	-1111
8713	4	-7777	-7777
8714	1	-8888	-8888
8714	2	-8888	-8888
8714	3	90	90
8714	4	30	30
8715	1	-8888	-8888
8715	2	-8888	-8888
8715	3	-8888	-8888
8715	4	-8888	-8888
8716	1	-8888	-8888
8716	2	-8888	-8888
8716	3	-1111	-1111
8716	4	-1111	-1111
8717	1	-8888	-8888
8717	2	-8888	-8888
8717	3	90	90
8717	4	30	30
8718	1	-8888	-8888
8718	2	-8888	-8888
8718	3	-1111	-1111
8718	4	-1111	-1111
8719	1	-8888	-8888
8719	2	-8888	-8888
8719	3	100	-1111
8719	4	-1111	-1111
8720	1	50	50
8720	2	25	25
8720	3	-1111	-1111
8720	4	-1111	-1111
8721	1	-8888	-8888
8721	2	-8888	-8888
8721	3	70	-1111
8721	4	-1111	-1111
8722	1	-1111	-1111
8722	2	-1111	-1111
8722	3	50	-1111
8722	4	35	15
8723	1	-1111	-1111
8723	2	-1111	-1111
8723	3	40	-1111
8723	4	30	-1111
8725	1	-1111	-1111
8725	2	-1111	-1111
8725	3	50	50
8725	4	-1111	-1111
8726	1	-1111	-1111
8726	2	-1111	-1111
8726	3	50	-1111
8726	4	50	-1111
8727	1	-1111	-1111
8727	2	-1111	-1111
8727	3	40	-1111
8727	4	30	-1111
8728	1	-1111	-1111
8728	2	-1111	-1111
8728	3	-1111	-1111
8728	4	-1111	-1111
8729	1	-1111	-1111
8729	2	-1111	-1111
8729	3	60	-1111
8729	4	-1111	-1111
8730	1	-1111	-1111
8730	2	-1111	-1111
8730	3	-1111	-1111
8730	4	-1111	-1111
8731	1	-1111	-1111
8731	2	-1111	-1111
8731	3	50	-1111
8731	4	30	-1111
8732	1	-1111	-1111
8732	2	-1111	-1111
8732	3	-1111	-1111
8732	4	-1111	-1111
8733	1	-8888	-8888
8733	2	-8888	-8888
8733	3	80	-8888
8733	4	-8888	-8888
8734	1	-8888	-8888
8734	2	-8888	-8888
8734	3	90	60
8734	4	40	40
8735	1	-1111	-1111
8735	2	-1111	-1111
8735	3	70	-1111
8735	4	60	-1111
8736	1	-1111	-1111
8736	2	-1111	-1111
8736	3	60	-1111
8736	4	60	-1111
8737	1	-1111	-1111
8737	2	-1111	-1111
8737	3	-1111	-1111
8737	4	-1111	-1111
8738	1	-8888	-8888
8738	2	-8888	-8888
8738	3	28	-1111
8738	4	20	20
8739	1	-1111	-1111
8739	2	-1111	-1111
8739	3	-1111	-1111
8739	4	50	-1111
8740	1	-8888	-8888
8740	2	-8888	-8888
8740	3	50	-7777
8740	4	30	30
8741	1	-1111	-1111
8741	2	-1111	-1111
8741	3	45	-1111
8741	4	18	-1111
8742	1	-1111	-8888
8742	2	40	30
8742	3	-1111	-8888
8742	4	30	30
8743	1	-8888	-8888
8743	2	-8888	-8888
8743	3	-1111	-1111
8743	4	-1111	-1111
8744	1	-1111	-1111
8744	2	30	30
8744	3	70	-1111
8744	4	-1111	-1111
8745	1	-1111	-8888
8745	2	-1111	-8888
8745	3	40	40
8745	4	20	20
8746	1	-1111	-1111
8746	2	-1111	-1111
8746	3	-1111	-1111
8746	4	20	20
8747	1	-1111	-8888
8747	2	-1111	-8888
8747	3	50	50
8747	4	30	30
8748	1	-1111	-1111
8748	2	30	30
8748	3	20	-1111
8748	4	-1111	-1111
8749	1	30	30
8749	2	30	30
8749	3	-1111	-1111
8749	4	-1111	-1111
8750	1	25	25
8750	2	-1111	-1111
8750	3	20	-1111
8750	4	18	18
8751	1	-8888	-8888
8751	2	250	250
8751	3	20	-1111
8751	4	-8888	-8888
8752	1	-1111	-1111
8752	2	-1111	-1111
8752	3	60	40
8752	4	40	35
8753	1	-8888	-8888
8753	2	-8888	-8888
8753	3	-7777	-7777
8753	4	-7777	-7777
8754	1	-1111	-1111
8754	2	-1111	-1111
8754	3	-1111	-1111
8754	4	50	-1111
8755	1	-8888	-8888
8755	2	-8888	-8888
8755	3	80	-1111
8755	4	40	30
8756	1	-1111	-1111
8756	2	-1111	-1111
8756	3	-1111	-1111
8756	4	-1111	-1111
8757	1	-1111	-1111
8757	2	-1111	-1111
8757	3	40	-1111
8757	4	35	-1111
8758	1	-8888	-8888
8758	2	-8888	-8888
8758	3	100	-1111
8758	4	50	-1111
8759	1	-1111	-1111
8759	2	-1111	-1111
8759	3	80	-1111
8759	4	50	20
8760	1	-1111	-1111
8760	2	-1111	-1111
8760	3	120	100
8760	4	80	-7777
8761	1	-1111	-8888
8761	2	-1111	-8888
8761	3	45	40
8761	4	30	30
8762	1	25	25
8762	2	25	25
8762	3	-1111	-1111
8762	4	-1111	-1111
8763	1	-1111	-1111
8763	2	-1111	-1111
8763	3	250	-1111
8763	4	50	-1111
8764	1	-1111	-1111
8764	2	-1111	-1111
8764	3	100	40
8764	4	80	25
