CHILDCODE	IMEVIDR4	RKEVR4	LOSS10R4	LOSS11R4	LOSS12R4	LOSS13R4
11001	1	88	 	 	 	 
11001	2	88	 	 	 	 
11001	3	88	 	 	 	 
11002	1	88	 	 	 	 
11002	2	88	 	 	 	 
11002	3	88	 	 	 	 
11003	1	88	 	 	 	 
11003	2	88	 	 	 	 
11003	3	88	 	 	 	 
11004	1	29	 	 	4	 
11004	2	61	 	 	3	3
11004	3	88	 	 	 	 
11005	1	38	 	 	2	2
11005	2	37	 	 	2	 
11005	3	42	 	 	2	 
11006	1	14	 	 	3	3
11006	2	42	 	 	2	2
11006	3	39	 	 	 	1
11007	1	88	 	 	 	 
11007	2	88	 	 	 	 
11007	3	88	 	 	 	 
11008	1	29	 	 	 	1
11008	2	88	 	 	 	 
11008	3	88	 	 	 	 
11009	1	88	 	 	 	 
11009	2	88	 	 	 	 
11009	3	88	 	 	 	 
11010	1	88	 	 	 	 
11010	2	88	 	 	 	 
11010	3	88	 	 	 	 
11011	1	42	 	 	 	2
11011	2	47	 	 	1	1
11011	3	39	1	 	 	 
11012	1	42	 	 	3	3
11012	2	37	 	 	 	2
11012	3	13	 	 	1	1
11013	1	29	 	 	2	 
11013	2	88	 	 	 	 
11013	3	88	 	 	 	 
11015	1	28	 	2	 	 
11015	2	42	 	 	2	2
11015	3	88	 	 	 	 
11016	1	88	 	 	 	 
11016	2	88	 	 	 	 
11016	3	88	 	 	 	 
11017	1	88	 	 	 	 
11017	2	88	 	 	 	 
11017	3	88	 	 	 	 
11018	1	37	88	88	88	4
11018	2	14	4	 	 	 
11018	3	88	 	 	 	 
11019	1	39	 	 	1	1
11019	2	88	 	 	 	 
11019	3	88	 	 	 	 
11020	1	42	 	 	3	3
11020	2	29	 	 	3	 
11020	3	28	 	 	3	 
11021	1	29	 	 	 	1
11021	2	37	 	 	2	2
11021	3	88	 	 	 	 
11022	1	38	 	 	 	 
11022	2	42	 	 	3	3
11022	3	47	 	 	 	 
11024	1	88	 	 	 	 
11024	2	88	 	 	 	 
11024	3	88	 	 	 	 
11025	1	88	 	 	 	 
11025	2	88	 	 	 	 
11025	3	88	 	 	 	 
11026	1	88	 	 	 	 
11026	2	88	 	 	 	 
11026	3	88	 	 	 	 
11028	1	25	 	4	 	 
11028	2	48	4	 	 	 
11028	3	42	 	 	2	 
11029	1	88	 	 	 	 
11029	2	88	 	 	 	 
11029	3	88	 	 	 	 
11030	1	37	 	 	 	2
11030	2	42	 	 	2	 
11030	3	88	 	 	 	 
11031	1	37	2	2	2	2
11031	2	39	1	1	1	1
11031	3	29	 	3	2	 
11032	1	61	 	 	3	 
11032	2	39	 	 	2	 
11032	3	29	 	1	 	 
11033	1	42	3	3	3	3
11033	2	39	2	2	2	2
11033	3	29	 	1	 	 
11034	1	88	 	 	 	 
11034	2	88	 	 	 	 
11034	3	88	 	 	 	 
11035	1	39	 	 	 	3
11035	2	38	 	 	2	 
11035	3	29	 	4	 	 
11037	1	88	 	 	 	 
11037	2	88	 	 	 	 
11037	3	88	 	 	 	 
11038	1	88	 	 	 	 
11038	2	88	 	 	 	 
11038	3	88	 	 	 	 
11039	1	37	 	 	 	1
11039	2	88	 	 	 	 
11039	3	88	 	 	 	 
11040	1	88	 	 	 	 
11040	2	88	 	 	 	 
11040	3	88	 	 	 	 
11041	1	88	 	 	 	 
11041	2	88	 	 	 	 
11041	3	88	 	 	 	 
11042	1	25	1	1	1	1
11042	2	16	 	 	 	1
11042	3	29	 	2	 	 
11043	1	39	 	 	2	 
11043	2	16	 	 	2	2
11043	3	88	 	 	 	 
11044	1	39	 	 	 	4
11044	2	88	 	 	 	 
11044	3	88	 	 	 	 
11047	1	36	2	 	 	 
11047	2	88	 	 	 	 
11047	3	88	 	 	 	 
11048	1	88	 	 	 	 
11048	2	88	 	 	 	 
11048	3	88	 	 	 	 
11050	1	25	 	 	 	1
11050	2	88	 	 	 	 
11050	3	88	 	 	 	 
11052	1	16	 	 	 	1
11052	2	13	 	 	 	1
11052	3	88	 	 	 	 
11061	1	88	 	 	 	 
11061	2	88	 	 	 	 
11061	3	88	 	 	 	 
11063	1	39	 	4	4	4
11063	2	14	 	 	2	 
11063	3	29	 	2	 	 
11069	1	88	 	 	 	 
11069	2	88	 	 	 	 
11069	3	88	 	 	 	 
11074	1	88	 	 	 	 
11074	2	88	 	 	 	 
11074	3	88	 	 	 	 
11088	1	42	 	 	 	2
11088	2	1	 	 	 	2
11088	3	29	 	 	 	1
21002	1	34	3	 	 	 
21002	2	88	 	 	 	 
21002	3	88	 	 	 	 
21004	1	13	 	 	 	2
21004	2	31	 	 	 	1
21004	3	88	 	 	 	 
21005	1	88	 	 	 	 
21005	2	88	 	 	 	 
21005	3	88	 	 	 	 
21007	1	88	 	 	 	 
21007	2	88	 	 	 	 
21007	3	88	 	 	 	 
21008	1	16	2	2	2	2
21008	2	38	1	1	1	 
21008	3	88	 	 	 	 
21009	1	12	 	 	 	 
21009	2	29	 	 	 	1
21009	3	88	 	 	 	 
21011	1	12	1	1	1	1
21011	2	88	 	 	 	 
21011	3	88	 	 	 	 
21012	1	1	 	 	 	3
21012	2	88	 	 	 	 
21012	3	88	 	 	 	 
21013	1	25	 	2	2	 
21013	2	16	2	2	 	 
21013	3	88	 	 	 	 
21014	1	88	 	 	 	 
21014	2	88	 	 	 	 
21014	3	88	 	 	 	 
21015	1	1	 	 	1	 
21015	2	88	 	 	 	 
21015	3	88	 	 	 	 
21017	1	88	 	 	 	 
21017	2	88	 	 	 	 
21017	3	88	 	 	 	 
21018	1	88	 	 	 	 
21018	2	88	 	 	 	 
21018	3	88	 	 	 	 
21020	1	88	 	 	 	 
21020	2	88	 	 	 	 
21020	3	88	 	 	 	 
21022	1	24	1	1	1	1
21022	2	28	1	1	1	 
21022	3	29	1	1	1	 
21023	1	1	 	 	1	 
21023	2	48	 	 	2	 
21023	3	88	 	 	 	 
21024	1	45	 	 	3	 
21024	2	25	 	2	1	 
21024	3	29	 	1	 	 
21025	1	37	4	3	2	3
21025	2	29	 	 	 	4
21025	3	24	2	 	 	 
21026	1	88	 	 	 	 
21026	2	88	 	 	 	 
21026	3	88	 	 	 	 
21027	1	88	 	 	 	 
21027	2	88	 	 	 	 
21027	3	88	 	 	 	 
21029	1	38	1	 	1	 
21029	2	88	 	 	 	 
21029	3	88	 	 	 	 
21030	1	88	 	 	 	 
21030	2	88	 	 	 	 
21030	3	88	 	 	 	 
21031	1	1	 	1	 	 
21031	2	12	1	1	1	1
21031	3	88	 	 	 	 
21032	1	24	 	2	2	 
21032	2	37	 	1	 	 
21032	3	88	 	 	 	 
21033	1	24	 	 	3	 
21033	2	29	 	 	 	2
21033	3	12	1	1	1	1
21034	1	88	 	 	 	 
21034	2	88	 	 	 	 
21034	3	88	 	 	 	 
21036	1	42	 	 	 	3
21036	2	88	 	 	 	 
21036	3	88	 	 	 	 
21037	1	39	 	 	3	 
21037	2	28	 	 	2	 
21037	3	88	 	 	 	 
21038	1	88	 	 	 	 
21038	2	88	 	 	 	 
21038	3	88	 	 	 	 
21039	1	88	 	 	 	 
21039	2	88	 	 	 	 
21039	3	88	 	 	 	 
21041	1	29	 	 	2	2
21041	2	34	 	2	 	 
21041	3	48	 	 	1	 
21042	1	24	 	 	 	4
21042	2	29	 	 	 	4
21042	3	47	1	1	1	1
21044	1	24	3	 	 	 
21044	2	47	1	1	1	1
21044	3	88	 	 	 	 
21046	1	13	 	 	 	2
21046	2	88	 	 	 	 
21046	3	88	 	 	 	 
21047	1	48	3	 	 	 
21047	2	88	 	 	 	 
21047	3	88	 	 	 	 
21048	1	12	 	 	2	2
21048	2	47	1	1	1	1
21048	3	88	 	 	 	 
21049	1	88	 	 	 	 
21049	2	88	 	 	 	 
21049	3	88	 	 	 	 
21056	1	88	 	 	 	 
21056	2	88	 	 	 	 
21056	3	88	 	 	 	 
21069	1	38	 	 	 	1
21069	2	28	 	1	 	 
21069	3	24	1	1	1	1
21072	1	38	1	1	1	1
21072	2	29	 	1	 	 
21072	3	36	 	 	 	1
21083	1	88	 	 	 	 
21083	2	88	 	 	 	 
21083	3	88	 	 	 	 
21090	1	29	 	 	 	4
21090	2	12	1	2	1	1
21090	3	47	1	1	1	1
21094	1	45	 	 	2	 
21094	2	16	 	 	 	1
21094	3	29	 	 	 	1
31001	1	42	 	 	2	2
31001	2	40	2	 	 	 
31001	3	88	 	 	 	 
31002	1	88	 	 	 	 
31002	2	88	 	 	 	 
31002	3	88	 	 	 	 
31004	1	88	 	 	 	 
31004	2	88	 	 	 	 
31004	3	88	 	 	 	 
31005	1	88	 	 	 	 
31005	2	88	 	 	 	 
31005	3	88	 	 	 	 
31006	1	39	 	 	4	 
31006	2	88	 	 	 	 
31006	3	88	 	 	 	 
31007	1	61	 	 	 	2
31007	2	88	 	 	 	 
31007	3	88	 	 	 	 
31008	1	88	 	 	 	 
31008	2	88	 	 	 	 
31008	3	88	 	 	 	 
31010	1	88	 	 	 	 
31010	2	88	 	 	 	 
31010	3	88	 	 	 	 
31011	1	1	2	 	 	 
31011	2	88	 	 	 	 
31011	3	88	 	 	 	 
31012	1	48	 	2	 	 
31012	2	37	 	 	 	 
31012	3	88	 	 	 	 
31013	1	88	 	 	 	 
31013	2	88	 	 	 	 
31013	3	88	 	 	 	 
31018	1	88	 	 	 	 
31018	2	88	 	 	 	 
31018	3	88	 	 	 	 
31020	1	37	 	 	 	2
31020	2	88	 	 	 	 
31020	3	88	 	 	 	 
31021	1	88	 	 	 	 
31021	2	88	 	 	 	 
31021	3	88	 	 	 	 
31023	1	88	 	 	 	 
31023	2	88	 	 	 	 
31023	3	88	 	 	 	 
31024	1	41	 	 	 	1
31024	2	88	 	 	 	 
31024	3	88	 	 	 	 
31025	1	88	 	 	 	 
31025	2	88	 	 	 	 
31025	3	88	 	 	 	 
31027	1	88	 	 	 	 
31027	2	88	 	 	 	 
31027	3	88	 	 	 	 
31028	1	88	 	 	 	 
31028	2	88	 	 	 	 
31028	3	88	 	 	 	 
31029	1	88	 	 	 	 
31029	2	88	 	 	 	 
31029	3	88	 	 	 	 
31031	1	88	 	 	 	 
31031	2	88	 	 	 	 
31031	3	88	 	 	 	 
31032	1	88	 	 	 	 
31032	2	88	 	 	 	 
31032	3	88	 	 	 	 
31035	1	88	 	 	 	 
31035	2	88	 	 	 	 
31035	3	88	 	 	 	 
31036	1	39	 	 	 	4
31036	2	16	 	 	 	2
31036	3	42	2	2	2	2
31037	1	88	 	 	 	 
31037	2	88	 	 	 	 
31037	3	88	 	 	 	 
31038	1	13	4	 	 	 
31038	2	88	 	 	 	 
31038	3	88	 	 	 	 
31039	1	35	 	 	2	 
31039	2	38	4	4	 	 
31039	3	88	 	 	 	 
31040	1	34	 	 	4	 
31040	2	88	 	 	 	 
31040	3	88	 	 	 	 
31041	1	38	 	 	 	2
31041	2	88	 	 	 	 
31041	3	88	 	 	 	 
31043	1	37	3	 	 	 
31043	2	88	 	 	 	 
31043	3	88	 	 	 	 
31044	1	88	 	 	 	 
31044	2	88	 	 	 	 
31044	3	88	 	 	 	 
31045	1	37	3	3	3	3
31045	2	38	1	 	 	 
31045	3	88	 	 	 	 
31046	1	37	1	2	1	1
31046	2	88	 	 	 	 
31046	3	88	 	 	 	 
31048	1	88	 	 	 	 
31048	2	88	 	 	 	 
31048	3	88	 	 	 	 
31049	1	29	 	 	4	 
31049	2	88	 	 	 	 
31049	3	88	 	 	 	 
31050	1	14	 	 	 	1
31050	2	30	 	 	3	 
31050	3	41	 	 	 	1
31052	1	88	 	 	 	 
31052	2	88	 	 	 	 
31052	3	88	 	 	 	 
31058	1	88	 	 	 	 
31058	2	88	 	 	 	 
31058	3	88	 	 	 	 
31059	1	39	 	 	1	1
31059	2	88	 	 	 	 
31059	3	88	 	 	 	 
31060	1	45	 	 	 	3
31060	2	88	 	 	 	 
31060	3	88	 	 	 	 
31079	1	37	 	 	2	2
31079	2	14	 	2	 	 
31079	3	88	 	 	 	 
31096	1	88	 	 	 	 
31096	2	88	 	 	 	 
31096	3	88	 	 	 	 
31098	1	38	1	1	 	 
31098	2	45	 	 	 	2
31098	3	88	 	 	 	 
31108	1	88	 	 	 	 
31108	2	88	 	 	 	 
31108	3	88	 	 	 	 
31134	1	88	 	 	 	 
31134	2	88	 	 	 	 
31134	3	88	 	 	 	 
41001	1	88	 	 	 	 
41001	2	88	 	 	 	 
41001	3	88	 	 	 	 
41002	1	88	 	 	 	 
41002	2	88	 	 	 	 
41002	3	88	 	 	 	 
41003	1	45	 	 	 	4
41003	2	38	 	 	 	1
41003	3	88	 	 	 	 
41004	1	34	 	 	4	2
41004	2	16	 	 	3	2
41004	3	47	1	1	1	1
41005	1	47	1	1	1	1
41005	2	88	 	 	 	 
41005	3	88	 	 	 	 
41006	1	88	 	 	 	 
41006	2	88	 	 	 	 
41006	3	88	 	 	 	 
41007	1	88	 	 	 	 
41007	2	88	 	 	 	 
41007	3	88	 	 	 	 
41009	1	12	1	1	1	1
41009	2	47	1	1	1	1
41009	3	10	 	 	1	1
41010	1	88	 	 	 	 
41010	2	88	 	 	 	 
41010	3	88	 	 	 	 
41011	1	16	 	 	3	 
41011	2	88	 	 	 	 
41011	3	88	 	 	 	 
41012	1	88	 	 	 	 
41012	2	88	 	 	 	 
41012	3	88	 	 	 	 
41013	1	1	 	 	 	1
41013	2	88	 	 	 	 
41013	3	88	 	 	 	 
41014	1	37	3	 	 	 
41014	2	88	 	 	 	 
41014	3	88	 	 	 	 
41015	1	88	 	 	 	 
41015	2	88	 	 	 	 
41015	3	88	 	 	 	 
41016	1	25	 	3	 	 
41016	2	88	 	 	 	 
41016	3	88	 	 	 	 
41017	1	88	 	 	 	 
41017	2	88	 	 	 	 
41017	3	88	 	 	 	 
41019	1	88	 	 	 	 
41019	2	88	 	 	 	 
41019	3	88	 	 	 	 
41021	1	29	4	3	3	1
41021	2	16	4	 	 	3
41021	3	12	1	1	2	2
41022	1	88	 	 	 	 
41022	2	88	 	 	 	 
41022	3	88	 	 	 	 
41023	1	42	 	 	 	2
41023	2	88	 	 	 	 
41023	3	88	 	 	 	 
41024	1	88	 	 	 	 
41024	2	88	 	 	 	 
41024	3	88	 	 	 	 
41025	1	88	 	 	 	 
41025	2	88	 	 	 	 
41025	3	88	 	 	 	 
41026	1	88	 	 	 	 
41026	2	88	 	 	 	 
41026	3	88	 	 	 	 
41027	1	12	1	1	1	1
41027	2	47	1	1	1	1
41027	3	88	 	 	 	 
41028	1	31	 	 	4	 
41028	2	47	88	1	88	88
41028	3	88	 	 	 	 
41030	1	88	 	 	 	 
41030	2	88	 	 	 	 
41030	3	88	 	 	 	 
41031	1	47	 	 	2	2
41031	2	88	 	 	 	 
41031	3	88	 	 	 	 
41032	1	1	 	1	 	 
41032	2	88	 	 	 	 
41032	3	88	 	 	 	 
41034	1	12	1	1	2	1
41034	2	47	1	1	1	1
41034	3	88	 	 	 	 
41036	1	88	 	 	 	 
41036	2	88	 	 	 	 
41036	3	88	 	 	 	 
41037	1	88	 	 	 	 
41037	2	88	 	 	 	 
41037	3	88	 	 	 	 
41038	1	48	4	 	 	 
41038	2	12	1	88	88	88
41038	3	88	 	 	 	 
41039	1	38	 	 	1	 
41039	2	88	 	 	 	 
41039	3	88	 	 	 	 
41041	1	88	 	 	 	 
41041	2	88	 	 	 	 
41041	3	88	 	 	 	 
41042	1	28	 	 	 	2
41042	2	29	 	 	2	2
41042	3	25	 	 	2	 
41043	1	13	1	1	2	2
41043	2	37	2	1	1	1
41043	3	12	1	1	2	1
41046	1	88	 	 	 	 
41046	2	88	 	 	 	 
41046	3	88	 	 	 	 
41047	1	88	 	 	 	 
41047	2	88	 	 	 	 
41047	3	88	 	 	 	 
41049	1	88	 	 	 	 
41049	2	88	 	 	 	 
41049	3	88	 	 	 	 
41050	1	45	 	 	 	1
41050	2	39	 	 	1	 
41050	3	88	 	 	 	 
41059	1	88	 	 	 	 
41059	2	88	 	 	 	 
41059	3	88	 	 	 	 
41092	1	32	1	 	 	 
41092	2	37	1	1	1	1
41092	3	47	1	1	2	2
41106	1	88	 	 	 	 
41106	2	88	 	 	 	 
41106	3	88	 	 	 	 
41109	1	1	 	3	 	 
41109	2	37	 	 	 	1
41109	3	88	 	 	 	 
41110	1	34	 	3	3	3
41110	2	37	1	 	 	 
41110	3	88	 	 	 	 
41114	1	88	 	 	 	 
41114	2	88	 	 	 	 
41114	3	88	 	 	 	 
41130	1	47	1	1	2	2
41130	2	88	 	 	 	 
41130	3	88	 	 	 	 
51002	1	88	 	 	 	 
51002	2	88	 	 	 	 
51002	3	88	 	 	 	 
51004	1	88	 	 	 	 
51004	2	88	 	 	 	 
51004	3	88	 	 	 	 
51005	1	88	 	 	 	 
51005	2	88	 	 	 	 
51005	3	88	 	 	 	 
51006	1	1	 	1	 	 
51006	2	37	 	 	1	 
51006	3	88	 	 	 	 
51008	1	45	2	 	 	 
51008	2	88	 	 	 	 
51008	3	88	 	 	 	 
51009	1	88	 	 	 	 
51009	2	88	 	 	 	 
51009	3	88	 	 	 	 
51010	1	88	 	 	 	 
51010	2	88	 	 	 	 
51010	3	88	 	 	 	 
51011	1	12	77	88	1	1
51011	2	88	 	 	 	 
51011	3	88	 	 	 	 
51013	1	88	 	 	 	 
51013	2	88	 	 	 	 
51013	3	88	 	 	 	 
51015	1	37	 	2	 	 
51015	2	88	 	 	 	 
51015	3	88	 	 	 	 
51016	1	88	 	 	 	 
51016	2	88	 	 	 	 
51016	3	88	 	 	 	 
51017	1	88	 	 	 	 
51017	2	88	 	 	 	 
51017	3	88	 	 	 	 
51018	1	88	 	 	 	 
51018	2	88	 	 	 	 
51018	3	88	 	 	 	 
51019	1	88	 	 	 	 
51019	2	88	 	 	 	 
51019	3	88	 	 	 	 
51020	1	88	 	 	 	 
51020	2	88	 	 	 	 
51020	3	88	 	 	 	 
51021	1	88	 	 	 	 
51021	2	88	 	 	 	 
51021	3	88	 	 	 	 
51022	1	88	 	 	 	 
51022	2	88	 	 	 	 
51022	3	88	 	 	 	 
51023	1	38	2	2	2	2
51023	2	88	 	 	 	 
51023	3	88	 	 	 	 
51024	1	1	 	 	77	 
51024	2	37	 	 	 	1
51024	3	88	 	 	 	 
51025	1	88	 	 	 	 
51025	2	88	 	 	 	 
51025	3	88	 	 	 	 
51026	1	12	 	 	1	1
51026	2	13	1	1	 	 
51026	3	88	 	 	 	 
51027	1	88	 	 	 	 
51027	2	88	 	 	 	 
51027	3	88	 	 	 	 
51028	1	14	 	 	3	 
51028	2	88	 	 	 	 
51028	3	88	 	 	 	 
51029	1	88	 	 	 	 
51029	2	88	 	 	 	 
51029	3	88	 	 	 	 
51030	1	88	 	 	 	 
51030	2	88	 	 	 	 
51030	3	88	 	 	 	 
51031	1	1	 	 	 	1
51031	2	37	 	 	1	1
51031	3	88	 	 	 	 
51032	1	88	 	 	 	 
51032	2	88	 	 	 	 
51032	3	88	 	 	 	 
51033	1	13	1	1	1	1
51033	2	88	 	 	 	 
51033	3	88	 	 	 	 
51034	1	88	 	 	 	 
51034	2	88	 	 	 	 
51034	3	88	 	 	 	 
51035	1	88	 	 	 	 
51035	2	88	 	 	 	 
51035	3	88	 	 	 	 
51036	1	36	 	1	 	 
51036	2	88	 	 	 	 
51036	3	88	 	 	 	 
51037	1	12	 	 	 	1
51037	2	13	1	1	1	1
51037	3	35	 	2	 	 
51038	1	88	 	 	 	 
51038	2	88	 	 	 	 
51038	3	88	 	 	 	 
51040	1	88	 	 	 	 
51040	2	88	 	 	 	 
51040	3	88	 	 	 	 
51041	1	25	 	2	 	 
51041	2	88	 	 	 	 
51041	3	88	 	 	 	 
51042	1	88	 	 	 	 
51042	2	88	 	 	 	 
51042	3	88	 	 	 	 
51043	1	88	 	 	 	 
51043	2	88	 	 	 	 
51043	3	88	 	 	 	 
51044	1	14	 	 	3	 
51044	2	88	 	 	 	 
51044	3	88	 	 	 	 
51045	1	29	1	1	1	 
51045	2	88	 	 	 	 
51045	3	88	 	 	 	 
51046	1	37	 	3	 	 
51046	2	88	 	 	 	 
51046	3	88	 	 	 	 
51047	1	88	 	 	 	 
51047	2	88	 	 	 	 
51047	3	88	 	 	 	 
51048	1	88	 	 	 	 
51048	2	88	 	 	 	 
51048	3	88	 	 	 	 
51049	1	88	 	 	 	 
51049	2	88	 	 	 	 
51049	3	88	 	 	 	 
51050	1	38	4	 	 	 
51050	2	88	 	 	 	 
51050	3	88	 	 	 	 
51057	1	88	 	 	 	 
51057	2	88	 	 	 	 
51057	3	88	 	 	 	 
51070	1	88	 	 	 	 
51070	2	88	 	 	 	 
51070	3	88	 	 	 	 
61001	1	88	 	 	 	 
61001	2	88	 	 	 	 
61001	3	88	 	 	 	 
61003	1	37	 	1	 	 
61003	2	88	 	 	 	 
61003	3	88	 	 	 	 
61004	1	37	2	 	 	 
61004	2	88	 	 	 	 
61004	3	88	 	 	 	 
61006	1	88	 	 	 	 
61006	2	88	 	 	 	 
61006	3	88	 	 	 	 
61009	1	45	 	3	 	 
61009	2	88	 	 	 	 
61009	3	88	 	 	 	 
61011	1	88	 	 	 	 
61011	2	88	 	 	 	 
61011	3	88	 	 	 	 
61012	1	29	2	2	 	 
61012	2	16	2	2	 	 
61012	3	47	1	1	 	 
61013	1	88	 	 	 	 
61013	2	88	 	 	 	 
61013	3	88	 	 	 	 
61014	1	88	 	 	 	 
61014	2	88	 	 	 	 
61014	3	88	 	 	 	 
61015	1	31	 	2	3	 
61015	2	13	 	2	2	 
61015	3	88	 	 	 	 
61016	1	37	 	 	1	 
61016	2	39	 	2	 	 
61016	3	88	 	 	 	 
61017	1	88	 	 	 	 
61017	2	88	 	 	 	 
61017	3	88	 	 	 	 
61018	1	88	 	 	 	 
61018	2	88	 	 	 	 
61018	3	88	 	 	 	 
61019	1	88	 	 	 	 
61019	2	88	 	 	 	 
61019	3	88	 	 	 	 
61020	1	88	 	 	 	 
61020	2	88	 	 	 	 
61020	3	88	 	 	 	 
61021	1	45	 	3	 	 
61021	2	88	 	 	 	 
61021	3	88	 	 	 	 
61023	1	39	3	 	 	 
61023	2	88	 	 	 	 
61023	3	88	 	 	 	 
61024	1	16	2	2	 	 
61024	2	88	 	 	 	 
61024	3	88	 	 	 	 
61025	1	88	 	 	 	 
61025	2	88	 	 	 	 
61025	3	88	 	 	 	 
61026	1	88	 	 	 	 
61026	2	88	 	 	 	 
61026	3	88	 	 	 	 
61028	1	88	 	 	 	 
61028	2	88	 	 	 	 
61028	3	88	 	 	 	 
61029	1	1	 	 	 	2
61029	2	88	 	 	 	 
61029	3	88	 	 	 	 
61030	1	88	 	 	 	 
61030	2	88	 	 	 	 
61030	3	88	 	 	 	 
61031	1	88	 	 	 	 
61031	2	88	 	 	 	 
61031	3	88	 	 	 	 
61032	1	31	 	 	4	 
61032	2	88	 	 	 	 
61032	3	88	 	 	 	 
61033	1	88	 	 	 	 
61033	2	88	 	 	 	 
61033	3	88	 	 	 	 
61034	1	88	 	 	 	 
61034	2	88	 	 	 	 
61034	3	88	 	 	 	 
61035	1	88	 	 	 	 
61035	2	88	 	 	 	 
61035	3	88	 	 	 	 
61036	1	88	 	 	 	 
61036	2	88	 	 	 	 
61036	3	88	 	 	 	 
61037	1	37	 	 	2	 
61037	2	88	 	 	 	 
61037	3	88	 	 	 	 
61038	1	14	 	 	 	1
61038	2	88	 	 	 	 
61038	3	88	 	 	 	 
61039	1	88	 	 	 	 
61039	2	88	 	 	 	 
61039	3	88	 	 	 	 
61040	1	88	 	 	 	 
61040	2	88	 	 	 	 
61040	3	88	 	 	 	 
61041	1	29	 	 	2	 
61041	2	38	 	 	1	 
61041	3	88	 	 	 	 
61042	1	88	 	 	 	 
61042	2	88	 	 	 	 
61042	3	88	 	 	 	 
61043	1	88	 	 	 	 
61043	2	88	 	 	 	 
61043	3	88	 	 	 	 
61044	1	45	 	4	4	 
61044	2	88	 	 	 	 
61044	3	88	 	 	 	 
61046	1	39	 	 	 	1
61046	2	45	 	 	 	2
61046	3	88	 	 	 	 
61047	1	88	 	 	 	 
61047	2	88	 	 	 	 
61047	3	88	 	 	 	 
61048	1	13	2	 	 	 
61048	2	88	 	 	 	 
61048	3	88	 	 	 	 
61049	1	88	 	 	 	 
61049	2	88	 	 	 	 
61049	3	88	 	 	 	 
61050	1	16	 	 	 	1
61050	2	88	 	 	 	 
61050	3	88	 	 	 	 
61052	1	88	 	 	 	 
61052	2	88	 	 	 	 
61052	3	88	 	 	 	 
61055	1	1	 	 	 	2
61055	2	37	 	 	2	 
61055	3	88	 	 	 	 
61056	1	88	 	 	 	 
61056	2	88	 	 	 	 
61056	3	88	 	 	 	 
61057	1	29	 	 	3	 
61057	2	88	 	 	 	 
61057	3	88	 	 	 	 
61076	1	88	 	 	 	 
61076	2	88	 	 	 	 
61076	3	88	 	 	 	 
61079	1	88	 	 	 	 
61079	2	88	 	 	 	 
61079	3	88	 	 	 	 
61104	1	14	 	 	 	1
61104	2	41	 	 	2	 
61104	3	38	 	 	 	1
71001	1	88	 	 	 	 
71001	2	88	 	 	 	 
71001	3	88	 	 	 	 
71002	1	37	2	2	2	2
71002	2	38	 	 	 	4
71002	3	88	 	 	 	 
71003	1	37	4	 	 	 
71003	2	39	 	 	 	3
71003	3	88	 	 	 	 
71004	1	88	 	 	 	 
71004	2	88	 	 	 	 
71004	3	88	 	 	 	 
71005	1	14	 	 	 	2
71005	2	29	 	 	2	 
71005	3	88	 	 	 	 
71006	1	88	 	 	 	 
71006	2	88	 	 	 	 
71006	3	88	 	 	 	 
71007	1	13	 	1	1	 
71007	2	88	 	 	 	 
71007	3	88	 	 	 	 
71008	1	10	1	1	1	1
71008	2	13	 	 	1	 
71008	3	88	 	 	 	 
71009	1	12	 	 	 	1
71009	2	47	 	1	1	1
71009	3	88	 	 	 	 
71010	1	88	 	 	 	 
71010	2	88	 	 	 	 
71010	3	88	 	 	 	 
71011	1	45	2	 	 	 
71011	2	88	 	 	 	 
71011	3	88	 	 	 	 
71013	1	12	 	 	1	 
71013	2	13	 	 	 	1
71013	3	37	1	 	 	 
71015	1	88	 	 	 	 
71015	2	88	 	 	 	 
71015	3	88	 	 	 	 
71019	1	88	 	 	 	 
71019	2	88	 	 	 	 
71019	3	88	 	 	 	 
71020	1	34	 	 	 	2
71020	2	88	 	 	 	 
71020	3	88	 	 	 	 
71021	1	1	 	 	 	1
71021	2	13	1	 	1	 
71021	3	39	 	 	 	1
71023	1	88	 	 	 	 
71023	2	88	 	 	 	 
71023	3	88	 	 	 	 
71024	1	88	 	 	 	 
71024	2	88	 	 	 	 
71024	3	88	 	 	 	 
71025	1	41	 	2	 	 
71025	2	88	 	 	 	 
71025	3	88	 	 	 	 
71026	1	88	 	 	 	 
71026	2	88	 	 	 	 
71026	3	88	 	 	 	 
71027	1	88	 	 	 	 
71027	2	88	 	 	 	 
71027	3	88	 	 	 	 
71028	1	12	 	 	 	2
71028	2	13	 	 	 	1
71028	3	41	 	 	2	 
71031	1	16	 	 	4	3
71031	2	14	4	 	 	 
71031	3	88	 	 	 	 
71032	1	13	3	 	 	 
71032	2	88	 	 	 	 
71032	3	88	 	 	 	 
71033	1	37	2	2	2	2
71033	2	38	1	2	 	 
71033	3	88	 	 	 	 
71034	1	88	 	 	 	 
71034	2	88	 	 	 	 
71034	3	88	 	 	 	 
71035	1	88	 	 	 	 
71035	2	88	 	 	 	 
71035	3	88	 	 	 	 
71036	1	88	 	 	 	 
71036	2	88	 	 	 	 
71036	3	88	 	 	 	 
71037	1	88	 	 	 	 
71037	2	88	 	 	 	 
71037	3	88	 	 	 	 
71038	1	12	 	 	1	2
71038	2	13	1	1	2	1
71038	3	47	1	1	1	2
71039	1	88	 	 	 	 
71039	2	88	 	 	 	 
71039	3	88	 	 	 	 
71041	1	88	 	 	 	 
71041	2	88	 	 	 	 
71041	3	88	 	 	 	 
71042	1	13	1	1	 	 
71042	2	14	 	1	 	 
71042	3	47	1	1	1	1
71043	1	88	 	 	 	 
71043	2	88	 	 	 	 
71043	3	88	 	 	 	 
71044	1	37	1	1	1	1
71044	2	88	 	 	 	 
71044	3	88	 	 	 	 
71045	1	88	 	 	 	 
71045	2	88	 	 	 	 
71045	3	88	 	 	 	 
71046	1	88	 	 	 	 
71046	2	88	 	 	 	 
71046	3	88	 	 	 	 
71047	1	29	 	2	 	 
71047	2	25	 	2	 	 
71047	3	42	 	 	77	 
71048	1	88	 	 	 	 
71048	2	88	 	 	 	 
71048	3	88	 	 	 	 
71049	1	29	 	 	 	4
71049	2	88	 	 	 	 
71049	3	88	 	 	 	 
71073	1	88	 	 	 	 
71073	2	88	 	 	 	 
71073	3	88	 	 	 	 
71091	1	14	 	 	1	1
71091	2	39	 	1	 	 
71091	3	48	 	1	 	 
71097	1	88	 	 	 	 
71097	2	88	 	 	 	 
71097	3	88	 	 	 	 
71112	1	12	 	 	 	1
71112	2	88	 	 	 	 
71112	3	88	 	 	 	 
71120	1	12	 	 	1	 
71120	2	14	 	 	1	 
71120	3	37	 	 	1	 
71121	1	14	 	 	1	 
71121	2	39	 	 	 	1
71121	3	47	 	 	 	1
81001	1	88	 	 	 	 
81001	2	88	 	 	 	 
81001	3	88	 	 	 	 
81003	1	42	 	 	3	3
81003	2	88	 	 	 	 
81003	3	88	 	 	 	 
81004	1	36	2	 	 	 
81004	2	34	 	 	 	3
81004	3	88	 	 	 	 
81005	1	16	 	 	 	2
81005	2	88	 	 	 	 
81005	3	88	 	 	 	 
81006	1	88	 	 	 	 
81006	2	88	 	 	 	 
81006	3	88	 	 	 	 
81007	1	14	4	4	 	 
81007	2	88	 	 	 	 
81007	3	88	 	 	 	 
81008	1	48	 	 	 	4
81008	2	88	 	 	 	 
81008	3	88	 	 	 	 
81009	1	88	 	 	 	 
81009	2	88	 	 	 	 
81009	3	88	 	 	 	 
81010	1	88	 	 	 	 
81010	2	88	 	 	 	 
81010	3	88	 	 	 	 
81011	1	88	 	 	 	 
81011	2	88	 	 	 	 
81011	3	88	 	 	 	 
81012	1	88	 	 	 	 
81012	2	88	 	 	 	 
81012	3	88	 	 	 	 
81013	1	40	 	2	 	 
81013	2	88	 	 	 	 
81013	3	88	 	 	 	 
81017	1	14	 	 	4	 
81017	2	88	 	 	 	 
81017	3	88	 	 	 	 
81018	1	88	 	 	 	 
81018	2	88	 	 	 	 
81018	3	88	 	 	 	 
81019	1	41	 	 	1	 
81019	2	88	 	 	 	 
81019	3	88	 	 	 	 
81020	1	37	 	 	3	3
81020	2	36	 	 	 	1
81020	3	88	 	 	 	 
81021	1	37	 	 	 	2
81021	2	88	 	 	 	 
81021	3	88	 	 	 	 
81022	1	88	 	 	 	 
81022	2	88	 	 	 	 
81022	3	88	 	 	 	 
81023	1	88	 	 	 	 
81023	2	88	 	 	 	 
81023	3	88	 	 	 	 
81024	1	88	 	 	 	 
81024	2	88	 	 	 	 
81024	3	88	 	 	 	 
81025	1	37	 	 	 	3
81025	2	38	 	 	 	2
81025	3	61	 	 	 	1
81026	1	88	 	 	 	 
81026	2	88	 	 	 	 
81026	3	88	 	 	 	 
81028	1	39	 	 	1	1
81028	2	13	 	 	 	1
81028	3	47	 	1	1	1
81029	1	88	 	 	 	 
81029	2	88	 	 	 	 
81029	3	88	 	 	 	 
81030	1	29	2	 	 	3
81030	2	88	 	 	 	 
81030	3	88	 	 	 	 
81031	1	42	 	 	 	2
81031	2	88	 	 	 	 
81031	3	88	 	 	 	 
81032	1	88	 	 	 	 
81032	2	88	 	 	 	 
81032	3	88	 	 	 	 
81034	1	88	 	 	 	 
81034	2	88	 	 	 	 
81034	3	88	 	 	 	 
81035	1	88	 	 	 	 
81035	2	88	 	 	 	 
81035	3	88	 	 	 	 
81036	1	42	 	 	 	1
81036	2	88	 	 	 	 
81036	3	88	 	 	 	 
81038	1	16	 	 	 	3
81038	2	88	 	 	 	 
81038	3	88	 	 	 	 
81039	1	13	 	2	2	 
81039	2	47	1	1	1	1
81039	3	14	 	 	88	 
81041	1	47	2	2	1	1
81041	2	88	 	 	 	 
81041	3	88	 	 	 	 
81042	1	88	 	 	 	 
81042	2	88	 	 	 	 
81042	3	88	 	 	 	 
81043	1	34	 	 	 	2
81043	2	88	 	 	 	 
81043	3	88	 	 	 	 
81045	1	34	 	 	4	 
81045	2	16	 	 	4	 
81045	3	88	 	 	 	 
81046	1	1	 	 	1	 
81046	2	88	 	 	 	 
81046	3	88	 	 	 	 
81047	1	88	 	 	 	 
81047	2	88	 	 	 	 
81047	3	88	 	 	 	 
81049	1	30	 	 	 	1
81049	2	37	 	 	2	 
81049	3	38	 	 	 	1
81050	1	88	 	 	 	 
81050	2	88	 	 	 	 
81050	3	88	 	 	 	 
81073	1	88	 	 	 	 
81073	2	88	 	 	 	 
81073	3	88	 	 	 	 
81092	1	88	 	 	 	 
81092	2	88	 	 	 	 
81092	3	88	 	 	 	 
81105	1	88	 	 	 	 
81105	2	88	 	 	 	 
81105	3	88	 	 	 	 
81108	1	16	 	 	2	 
81108	2	88	 	 	 	 
81108	3	88	 	 	 	 
81120	1	42	 	 	 	2
81120	2	88	 	 	 	 
81120	3	88	 	 	 	 
81130	1	37	 	2	 	 
81130	2	14	2	2	2	2
81130	3	1	2	2	2	2
81139	1	42	 	 	 	1
81139	2	88	 	 	 	 
81139	3	88	 	 	 	 
81145	1	88	 	 	 	 
81145	2	88	 	 	 	 
81145	3	88	 	 	 	 
81150	1	88	 	 	 	 
81150	2	88	 	 	 	 
81150	3	88	 	 	 	 
81152	1	35	 	1	 	 
81152	2	45	 	2	 	 
81152	3	88	 	 	 	 
91001	1	14	4	 	 	 
91001	2	29	 	2	 	 
91001	3	88	 	 	 	 
91003	1	14	 	3	 	 
91003	2	29	2	 	 	 
91003	3	88	 	 	 	 
91006	1	88	 	 	 	 
91006	2	88	 	 	 	 
91006	3	88	 	 	 	 
91008	1	14	 	1	 	 
91008	2	88	 	 	 	 
91008	3	88	 	 	 	 
91009	1	88	 	 	 	 
91009	2	88	 	 	 	 
91009	3	88	 	 	 	 
91010	1	29	 	3	 	 
91010	2	14	 	3	 	 
91010	3	88	 	 	 	 
91011	1	88	 	 	 	 
91011	2	88	 	 	 	 
91011	3	88	 	 	 	 
91012	1	14	 	 	1	 
91012	2	26	 	1	 	 
91012	3	88	 	 	 	 
91013	1	88	 	 	 	 
91013	2	88	 	 	 	 
91013	3	88	 	 	 	 
91014	1	14	 	 	1	 
91014	2	1	 	1	 	 
91014	3	88	 	 	 	 
91015	1	14	 	 	4	 
91015	2	88	 	 	 	 
91015	3	88	 	 	 	 
91016	1	88	 	 	 	 
91016	2	88	 	 	 	 
91016	3	88	 	 	 	 
91017	1	88	 	 	 	 
91017	2	88	 	 	 	 
91017	3	88	 	 	 	 
91019	1	88	 	 	 	 
91019	2	88	 	 	 	 
91019	3	88	 	 	 	 
91020	1	88	 	 	 	 
91020	2	88	 	 	 	 
91020	3	88	 	 	 	 
91021	1	88	 	 	 	 
91021	2	88	 	 	 	 
91021	3	88	 	 	 	 
91022	1	14	1	1	2	1
91022	2	1	 	 	2	2
91022	3	24	 	 	 	2
91024	1	32	 	 	 	1
91024	2	29	 	 	 	3
91024	3	14	1	 	 	 
91025	1	14	 	 	 	1
91025	2	88	 	 	 	 
91025	3	88	 	 	 	 
91026	1	14	 	1	 	 
91026	2	29	 	 	2	2
91026	3	88	 	 	 	 
91027	1	39	 	 	3	 
91027	2	29	 	 	3	 
91027	3	41	 	 	 	 
91028	1	29	 	3	 	 
91028	2	26	2	 	 	 
91028	3	39	2	2	2	2
91029	1	24	 	 	 	2
91029	2	1	 	1	 	 
91029	3	14	 	 	 	1
91030	1	28	 	 	 	2
91030	2	41	 	 	2	 
91030	3	88	 	 	 	 
91031	1	88	 	 	 	 
91031	2	88	 	 	 	 
91031	3	88	 	 	 	 
91032	1	88	 	 	 	 
91032	2	88	 	 	 	 
91032	3	88	 	 	 	 
91033	1	14	 	1	 	 
91033	2	1	 	 	 	1
91033	3	88	 	 	 	 
91036	1	14	3	 	 	 
91036	2	29	 	 	 	2
91036	3	88	 	 	 	 
91037	1	88	 	 	 	 
91037	2	88	 	 	 	 
91037	3	88	 	 	 	 
91039	1	88	 	 	 	 
91039	2	88	 	 	 	 
91039	3	88	 	 	 	 
91041	1	88	 	 	 	 
91041	2	88	 	 	 	 
91041	3	88	 	 	 	 
91042	1	29	 	 	 	1
91042	2	34	 	 	1	 
91042	3	88	 	 	 	 
91045	1	88	 	 	 	 
91045	2	88	 	 	 	 
91045	3	88	 	 	 	 
91046	1	88	 	 	 	 
91046	2	88	 	 	 	 
91046	3	88	 	 	 	 
91047	1	88	 	 	 	 
91047	2	88	 	 	 	 
91047	3	88	 	 	 	 
91048	1	37	 	 	 	4
91048	2	88	 	 	 	 
91048	3	88	 	 	 	 
91049	1	88	 	 	 	 
91049	2	88	 	 	 	 
91049	3	88	 	 	 	 
91050	1	88	 	 	 	 
91050	2	88	 	 	 	 
91050	3	88	 	 	 	 
91052	1	29	 	 	3	 
91052	2	24	 	 	 	2
91052	3	28	 	 	 	2
91053	1	14	 	2	 	 
91053	2	29	 	 	2	 
91053	3	31	 	 	 	 
91056	1	29	 	 	3	 
91056	2	1	 	 	2	 
91056	3	24	 	 	2	 
91057	1	29	 	3	 	 
91057	2	14	 	3	 	 
91057	3	1	 	 	2	 
91061	1	88	 	 	 	 
91061	2	88	 	 	 	 
91061	3	88	 	 	 	 
91062	1	1	1	 	 	 
91062	2	14	1	 	 	 
91062	3	88	 	 	 	 
91064	1	14	 	 	 	1
91064	2	88	 	 	 	 
91064	3	88	 	 	 	 
91070	1	88	 	 	 	 
91070	2	88	 	 	 	 
91070	3	88	 	 	 	 
91071	1	88	 	 	 	 
91071	2	88	 	 	 	 
91071	3	88	 	 	 	 
101001	1	88	 	 	 	 
101001	2	88	 	 	 	 
101001	3	88	 	 	 	 
101004	1	31	 	 	3	 
101004	2	88	 	 	 	 
101004	3	88	 	 	 	 
101005	1	45	 	4	 	 
101005	2	88	 	 	 	 
101005	3	88	 	 	 	 
101010	1	31	 	 	1	1
101010	2	88	 	 	 	 
101010	3	88	 	 	 	 
101011	1	88	 	 	 	 
101011	2	88	 	 	 	 
101011	3	88	 	 	 	 
101013	1	88	 	 	 	 
101013	2	88	 	 	 	 
101013	3	88	 	 	 	 
101014	1	88	 	 	 	 
101014	2	88	 	 	 	 
101014	3	88	 	 	 	 
101015	1	40	3	 	 	 
101015	2	88	 	 	 	 
101015	3	88	 	 	 	 
101016	1	88	 	 	 	 
101016	2	88	 	 	 	 
101016	3	88	 	 	 	 
101017	1	45	 	 	 	3
101017	2	37	 	 	2	 
101017	3	88	 	 	 	 
101018	1	29	 	 	3	2
101018	2	88	 	 	 	 
101018	3	88	 	 	 	 
101019	1	16	 	 	 	4
101019	2	88	 	 	 	 
101019	3	88	 	 	 	 
101020	1	14	1	 	 	1
101020	2	88	 	 	 	 
101020	3	88	 	 	 	 
101021	1	1	 	 	 	1
101021	2	88	 	 	 	 
101021	3	88	 	 	 	 
101022	1	14	3	 	 	 
101022	2	88	 	 	 	 
101022	3	88	 	 	 	 
101023	1	88	 	 	 	 
101023	2	88	 	 	 	 
101023	3	88	 	 	 	 
101024	1	26	 	 	2	 
101024	2	27	 	2	 	 
101024	3	88	 	 	 	 
101025	1	37	 	3	 	 
101025	2	88	 	 	 	 
101025	3	88	 	 	 	 
101026	1	88	 	 	 	 
101026	2	88	 	 	 	 
101026	3	88	 	 	 	 
101027	1	88	 	 	 	 
101027	2	88	 	 	 	 
101027	3	88	 	 	 	 
101028	1	88	 	 	 	 
101028	2	88	 	 	 	 
101028	3	88	 	 	 	 
101029	1	88	 	 	 	 
101029	2	88	 	 	 	 
101029	3	88	 	 	 	 
101030	1	88	 	 	 	 
101030	2	88	 	 	 	 
101030	3	88	 	 	 	 
101031	1	38	2	2	2	2
101031	2	88	 	 	 	 
101031	3	88	 	 	 	 
101034	1	88	 	 	 	 
101034	2	88	 	 	 	 
101034	3	88	 	 	 	 
101035	1	88	 	 	 	 
101035	2	88	 	 	 	 
101035	3	88	 	 	 	 
101036	1	88	 	 	 	 
101036	2	88	 	 	 	 
101036	3	88	 	 	 	 
101037	1	39	 	 	 	3
101037	2	25	 	3	 	 
101037	3	14	 	 	2	 
101038	1	38	 	 	 	1
101038	2	88	 	 	 	 
101038	3	88	 	 	 	 
101039	1	25	1	 	1	 
101039	2	13	 	 	2	2
101039	3	88	 	 	 	 
101040	1	88	 	 	 	 
101040	2	88	 	 	 	 
101040	3	88	 	 	 	 
101041	1	26	1	 	 	 
101041	2	1	 	 	1	 
101041	3	88	 	 	 	 
101042	1	88	 	 	 	 
101042	2	88	 	 	 	 
101042	3	88	 	 	 	 
101043	1	14	 	 	4	 
101043	2	29	 	 	 	3
101043	3	88	 	 	 	 
101044	1	14	 	2	1	 
101044	2	88	 	 	 	 
101044	3	88	 	 	 	 
101045	1	38	 	 	 	2
101045	2	1	 	 	1	 
101045	3	88	 	 	 	 
101047	1	14	 	 	 	4
101047	2	27	 	 	2	 
101047	3	88	 	 	 	 
101048	1	29	 	 	2	 
101048	2	14	 	 	2	 
101048	3	88	 	 	 	 
101049	1	88	 	 	 	 
101049	2	88	 	 	 	 
101049	3	88	 	 	 	 
101050	1	88	 	 	 	 
101050	2	88	 	 	 	 
101050	3	88	 	 	 	 
101051	1	88	 	 	 	 
101051	2	88	 	 	 	 
101051	3	88	 	 	 	 
101054	1	37	 	 	 	2
101054	2	88	 	 	 	 
101054	3	88	 	 	 	 
101064	1	14	2	 	 	 
101064	2	88	 	 	 	 
101064	3	88	 	 	 	 
101067	1	88	 	 	 	 
101067	2	88	 	 	 	 
101067	3	88	 	 	 	 
101075	1	34	3	 	 	 
101075	2	42	1	1	2	3
101075	3	88	 	 	 	 
101083	1	27	 	 	 	2
101083	2	37	2	 	 	 
101083	3	88	 	 	 	 
111001	1	37	 	 	 	1
111001	2	14	 	 	 	1
111001	3	88	 	 	 	 
111002	1	14	 	 	4	3
111002	2	88	 	 	 	 
111002	3	88	 	 	 	 
111003	1	14	 	2	 	3
111003	2	88	 	 	 	 
111003	3	88	 	 	 	 
111004	1	14	 	2	 	 
111004	2	39	3	 	 	 
111004	3	88	 	 	 	 
111005	1	88	 	 	 	 
111005	2	88	 	 	 	 
111005	3	88	 	 	 	 
111006	1	14	 	2	 	 
111006	2	88	 	 	 	 
111006	3	88	 	 	 	 
111008	1	14	 	2	 	 
111008	2	29	 	1	 	 
111008	3	88	 	 	 	 
111009	1	14	 	 	 	4
111009	2	88	 	 	 	 
111009	3	88	 	 	 	 
111010	1	37	2	 	 	 
111010	2	42	2	2	2	2
111010	3	13	 	 	1	 
111011	1	14	 	 	3	1
111011	2	38	 	 	2	2
111011	3	88	 	 	 	 
111012	1	45	1	 	 	 
111012	2	88	 	 	 	 
111012	3	88	 	 	 	 
111013	1	88	 	 	 	 
111013	2	88	 	 	 	 
111013	3	88	 	 	 	 
111014	1	88	 	 	 	 
111014	2	88	 	 	 	 
111014	3	88	 	 	 	 
111015	1	88	 	 	 	 
111015	2	88	 	 	 	 
111015	3	88	 	 	 	 
111016	1	14	 	 	3	 
111016	2	27	 	 	1	 
111016	3	88	 	 	 	 
111017	1	88	 	 	 	 
111017	2	88	 	 	 	 
111017	3	88	 	 	 	 
111018	1	13	2	 	 	 
111018	2	88	 	 	 	 
111018	3	88	 	 	 	 
111019	1	88	 	 	 	 
111019	2	88	 	 	 	 
111019	3	88	 	 	 	 
111021	1	14	1	 	 	 
111021	2	88	 	 	 	 
111021	3	88	 	 	 	 
111022	1	88	 	 	 	 
111022	2	88	 	 	 	 
111022	3	88	 	 	 	 
111025	1	88	 	 	 	 
111025	2	88	 	 	 	 
111025	3	88	 	 	 	 
111027	1	39	 	 	 	3
111027	2	14	 	2	 	 
111027	3	88	 	 	 	 
111028	1	88	 	 	 	 
111028	2	88	 	 	 	 
111028	3	88	 	 	 	 
111030	1	14	 	2	 	 
111030	2	28	 	 	1	 
111030	3	88	 	 	 	 
111031	1	88	 	 	 	 
111031	2	88	 	 	 	 
111031	3	88	 	 	 	 
111032	1	39	 	 	2	 
111032	2	14	 	 	 	1
111032	3	88	 	 	 	 
111033	1	88	 	 	 	 
111033	2	88	 	 	 	 
111033	3	88	 	 	 	 
111034	1	88	 	 	 	 
111034	2	88	 	 	 	 
111034	3	88	 	 	 	 
111035	1	39	1	 	 	 
111035	2	88	 	 	 	 
111035	3	88	 	 	 	 
111036	1	88	 	 	 	 
111036	2	88	 	 	 	 
111036	3	88	 	 	 	 
111038	1	88	 	 	 	 
111038	2	88	 	 	 	 
111038	3	88	 	 	 	 
111039	1	14	 	3	 	 
111039	2	88	 	 	 	 
111039	3	88	 	 	 	 
111040	1	45	 	 	 	3
111040	2	88	 	 	 	 
111040	3	88	 	 	 	 
111042	1	14	 	 	 	2
111042	2	88	 	 	 	 
111042	3	88	 	 	 	 
111043	1	88	 	 	 	 
111043	2	88	 	 	 	 
111043	3	88	 	 	 	 
111044	1	88	 	 	 	 
111044	2	88	 	 	 	 
111044	3	88	 	 	 	 
111045	1	14	 	3	2	 
111045	2	88	 	 	 	 
111045	3	88	 	 	 	 
111047	1	14	 	 	2	 
111047	2	37	 	 	1	 
111047	3	25	 	1	 	 
111048	1	14	 	 	 	2
111048	2	88	 	 	 	 
111048	3	88	 	 	 	 
111050	1	14	 	 	3	 
111050	2	88	 	 	 	 
111050	3	88	 	 	 	 
111057	1	14	3	 	 	2
111057	2	88	 	 	 	 
111057	3	88	 	 	 	 
111065	1	14	 	3	 	2
111065	2	88	 	 	 	 
111065	3	88	 	 	 	 
111069	1	14	 	1	 	 
111069	2	88	 	 	 	 
111069	3	88	 	 	 	 
111086	1	14	1	 	 	 
111086	2	88	 	 	 	 
111086	3	88	 	 	 	 
111109	1	88	 	 	 	 
111109	2	88	 	 	 	 
111109	3	88	 	 	 	 
111111	1	36	 	 	4	 
111111	2	14	 	 	2	 
111111	3	88	 	 	 	 
111119	1	14	 	 	 	3
111119	2	37	 	 	3	 
111119	3	88	 	 	 	 
121001	1	13	 	2	 	 
121001	2	14	 	2	2	 
121001	3	88	 	 	 	 
121003	1	88	 	 	 	 
121003	2	88	 	 	 	 
121003	3	88	 	 	 	 
121004	1	88	 	 	 	 
121004	2	88	 	 	 	 
121004	3	88	 	 	 	 
121005	1	36	1	1	1	 
121005	2	88	 	 	 	 
121005	3	88	 	 	 	 
121006	1	29	 	 	 	1
121006	2	88	 	 	 	 
121006	3	88	 	 	 	 
121007	1	14	2	2	 	 
121007	2	88	 	 	 	 
121007	3	88	 	 	 	 
121009	1	14	 	2	 	 
121009	2	29	 	 	 	1
121009	3	88	 	 	 	 
121011	1	37	2	2	2	2
121011	2	14	 	 	3	 
121011	3	88	 	 	 	 
121012	1	88	 	 	 	 
121012	2	88	 	 	 	 
121012	3	88	 	 	 	 
121013	1	88	 	 	 	 
121013	2	88	 	 	 	 
121013	3	88	 	 	 	 
121014	1	34	3	 	 	 
121014	2	14	 	 	 	1
121014	3	88	 	 	 	 
121019	1	31	 	 	 	1
121019	2	88	 	 	 	 
121019	3	88	 	 	 	 
121020	1	14	 	 	2	1
121020	2	29	 	 	1	 
121020	3	88	 	 	 	 
121021	1	34	 	3	 	 
121021	2	14	 	 	1	2
121021	3	45	 	 	 	1
121022	1	45	 	2	 	 
121022	2	88	 	 	 	 
121022	3	88	 	 	 	 
121023	1	88	 	 	 	 
121023	2	88	 	 	 	 
121023	3	88	 	 	 	 
121025	1	45	2	 	 	 
121025	2	88	 	 	 	 
121025	3	88	 	 	 	 
121028	1	29	 	2	 	 
121028	2	88	 	 	 	 
121028	3	88	 	 	 	 
121030	1	14	 	2	 	 
121030	2	88	 	 	 	 
121030	3	88	 	 	 	 
121031	1	39	 	 	3	2
121031	2	88	 	 	 	 
121031	3	88	 	 	 	 
121032	1	37	 	 	2	 
121032	2	88	 	 	 	 
121032	3	88	 	 	 	 
121033	1	29	 	 	1	 
121033	2	14	 	 	 	1
121033	3	88	 	 	 	 
121034	1	38	1	1	2	1
121034	2	37	 	 	 	1
121034	3	88	 	 	 	 
121035	1	14	 	 	 	1
121035	2	88	 	 	 	 
121035	3	88	 	 	 	 
121036	1	14	 	 	2	 
121036	2	88	 	 	 	 
121036	3	88	 	 	 	 
121037	1	28	 	 	2	 
121037	2	29	 	 	2	 
121037	3	88	 	 	 	 
121038	1	14	 	1	 	1
121038	2	88	 	 	 	 
121038	3	88	 	 	 	 
121039	1	34	 	 	4	 
121039	2	29	 	 	 	2
121039	3	88	 	 	 	 
121040	1	14	3	 	 	 
121040	2	88	 	 	 	 
121040	3	88	 	 	 	 
121041	1	88	 	 	 	 
121041	2	88	 	 	 	 
121041	3	88	 	 	 	 
121042	1	29	 	2	 	 
121042	2	14	 	3	 	 
121042	3	88	 	 	 	 
121043	1	14	 	 	 	2
121043	2	29	 	 	3	3
121043	3	88	 	 	 	 
121044	1	14	 	 	2	2
121044	2	29	 	1	 	1
121044	3	88	 	 	 	 
121045	1	88	 	 	 	 
121045	2	88	 	 	 	 
121045	3	88	 	 	 	 
121047	1	45	 	 	 	3
121047	2	14	 	 	 	1
121047	3	88	 	 	 	 
121048	1	14	1	 	 	 
121048	2	29	 	 	 	1
121048	3	88	 	 	 	 
121049	1	14	 	 	3	 
121049	2	88	 	 	 	 
121049	3	88	 	 	 	 
121050	1	1	 	 	 	1
121050	2	29	 	1	 	 
121050	3	88	 	 	 	 
121052	1	38	 	3	3	 
121052	2	88	 	 	 	 
121052	3	88	 	 	 	 
121057	1	1	 	1	 	 
121057	2	88	 	 	 	 
121057	3	88	 	 	 	 
121061	1	14	 	 	 	2
121061	2	16	 	 	 	1
121061	3	88	 	 	 	 
121063	1	88	 	 	 	 
121063	2	88	 	 	 	 
121063	3	88	 	 	 	 
121074	1	14	 	 	1	 
121074	2	29	 	 	1	 
121074	3	88	 	 	 	 
121088	1	88	 	 	 	 
121088	2	88	 	 	 	 
121088	3	88	 	 	 	 
121094	1	14	 	 	 	2
121094	2	39	 	3	 	 
121094	3	88	 	 	 	 
121109	1	14	 	 	1	2
121109	2	88	 	 	 	 
121109	3	88	 	 	 	 
121124	1	14	2	 	2	 
121124	2	29	 	2	 	 
121124	3	88	 	 	 	 
131001	1	13	 	 	2	3
131001	2	88	 	 	 	 
131001	3	88	 	 	 	 
131002	1	88	 	 	 	 
131002	2	88	 	 	 	 
131002	3	88	 	 	 	 
131004	1	88	 	 	 	 
131004	2	88	 	 	 	 
131004	3	88	 	 	 	 
131005	1	29	 	 	1	1
131005	2	39	 	 	1	 
131005	3	88	 	 	 	 
131006	1	29	 	 	 	2
131006	2	88	 	 	 	 
131006	3	88	 	 	 	 
131007	1	88	 	 	 	 
131007	2	88	 	 	 	 
131007	3	88	 	 	 	 
131008	1	45	 	2	 	 
131008	2	29	1	1	 	 
131008	3	88	 	 	 	 
131009	1	42	1	1	1	1
131009	2	88	 	 	 	 
131009	3	88	 	 	 	 
131010	1	1	 	1	 	 
131010	2	29	 	 	 	1
131010	3	88	 	 	 	 
131011	1	29	 	 	 	 
131011	2	88	 	 	 	 
131011	3	88	 	 	 	 
131012	1	88	 	 	 	 
131012	2	88	 	 	 	 
131012	3	88	 	 	 	 
131013	1	29	 	 	 	1
131013	2	88	 	 	 	 
131013	3	88	 	 	 	 
131014	1	36	 	 	2	 
131014	2	28	 	 	 	1
131014	3	42	1	1	1	1
131017	1	30	 	 	 	1
131017	2	88	 	 	 	 
131017	3	88	 	 	 	 
131019	1	88	 	 	 	 
131019	2	88	 	 	 	 
131019	3	88	 	 	 	 
131020	1	29	 	 	 	1
131020	2	88	 	 	 	 
131020	3	88	 	 	 	 
131021	1	29	 	 	 	1
131021	2	88	 	 	 	 
131021	3	88	 	 	 	 
131022	1	36	 	1	 	 
131022	2	39	 	 	 	1
131022	3	88	 	 	 	 
131023	1	37	 	2	 	 
131023	2	39	 	4	 	 
131023	3	88	 	 	 	 
131024	1	88	 	 	 	 
131024	2	88	 	 	 	 
131024	3	88	 	 	 	 
131025	1	1	1	 	 	 
131025	2	29	 	 	 	1
131025	3	88	 	 	 	 
131026	1	88	 	 	 	 
131026	2	88	 	 	 	 
131026	3	88	 	 	 	 
131028	1	29	 	 	 	2
131028	2	88	 	 	 	 
131028	3	88	 	 	 	 
131030	1	37	2	1	1	1
131030	2	42	1	1	1	1
131030	3	29	 	 	 	1
131031	1	88	 	 	 	 
131031	2	88	 	 	 	 
131031	3	88	 	 	 	 
131033	1	29	 	 	2	 
131033	2	28	1	1	1	1
131033	3	13	2	2	 	 
131036	1	88	 	 	 	 
131036	2	88	 	 	 	 
131036	3	88	 	 	 	 
131037	1	14	 	2	2	 
131037	2	30	3	 	 	 
131037	3	88	 	 	 	 
131038	1	29	 	2	2	 
131038	2	27	1	1	1	1
131038	3	30	1	1	1	1
131039	1	36	 	 	 	1
131039	2	39	 	 	1	1
131039	3	88	 	 	 	 
131040	1	61	 	1	1	1
131040	2	12	1	 	 	 
131040	3	88	 	 	 	 
131041	1	29	 	 	 	1
131041	2	88	 	 	 	 
131041	3	88	 	 	 	 
131042	1	25	 	 	1	1
131042	2	37	 	2	 	 
131042	3	88	 	 	 	 
131043	1	38	1	1	1	1
131043	2	31	 	 	1	 
131043	3	88	 	 	 	 
131044	1	88	 	 	 	 
131044	2	88	 	 	 	 
131044	3	88	 	 	 	 
131046	1	88	 	 	 	 
131046	2	88	 	 	 	 
131046	3	88	 	 	 	 
131047	1	29	 	 	1	 
131047	2	30	 	 	1	 
131047	3	88	 	 	 	 
131048	1	88	 	 	 	 
131048	2	88	 	 	 	 
131048	3	88	 	 	 	 
131050	1	88	 	 	 	 
131050	2	88	 	 	 	 
131050	3	88	 	 	 	 
131051	1	16	1	1	1	1
131051	2	37	1	1	1	1
131051	3	42	1	1	1	1
131052	1	25	1	 	 	 
131052	2	88	 	 	 	 
131052	3	88	 	 	 	 
131053	1	88	 	 	 	 
131053	2	88	 	 	 	 
131053	3	88	 	 	 	 
131054	1	88	 	 	 	 
131054	2	88	 	 	 	 
131054	3	88	 	 	 	 
131056	1	88	 	 	 	 
131056	2	88	 	 	 	 
131056	3	88	 	 	 	 
131058	1	88	 	 	 	 
131058	2	88	 	 	 	 
131058	3	88	 	 	 	 
141001	1	88	 	 	 	 
141001	2	88	 	 	 	 
141001	3	88	 	 	 	 
141002	1	36	 	 	 	2
141002	2	88	 	 	 	 
141002	3	88	 	 	 	 
141003	1	88	 	 	 	 
141003	2	88	 	 	 	 
141003	3	88	 	 	 	 
141004	1	1	 	3	 	 
141004	2	42	2	2	2	2
141004	3	36	 	1	 	 
141005	1	28	2	2	2	2
141005	2	39	 	 	1	 
141005	3	47	1	1	1	1
141006	1	36	 	 	2	 
141006	2	42	 	 	1	1
141006	3	28	1	1	1	1
141007	1	88	 	 	 	 
141007	2	88	 	 	 	 
141007	3	88	 	 	 	 
141008	1	16	 	3	2	2
141008	2	88	 	 	 	 
141008	3	88	 	 	 	 
141009	1	27	 	2	 	 
141009	2	88	 	 	 	 
141009	3	88	 	 	 	 
141010	1	39	3	3	3	3
141010	2	38	2	3	2	2
141010	3	42	2	2	2	2
141012	1	12	 	 	1	 
141012	2	37	1	1	1	1
141012	3	13	 	 	 	1
141013	1	45	 	 	4	 
141013	2	37	 	 	3	 
141013	3	12	 	1	1	1
141014	1	26	 	1	1	1
141014	2	42	1	1	1	1
141014	3	25	 	 	1	 
141015	1	38	2	 	 	 
141015	2	16	1	1	1	1
141015	3	42	1	1	1	1
141016	1	13	 	 	 	1
141016	2	12	 	 	1	 
141016	3	47	 	 	 	1
141017	1	88	 	 	 	 
141017	2	88	 	 	 	 
141017	3	88	 	 	 	 
141018	1	88	 	 	 	 
141018	2	88	 	 	 	 
141018	3	88	 	 	 	 
141019	1	88	 	 	 	 
141019	2	88	 	 	 	 
141019	3	88	 	 	 	 
141020	1	25	 	 	1	1
141020	2	88	 	 	 	 
141020	3	88	 	 	 	 
141025	1	39	 	 	 	 
141025	2	1	 	 	 	 
141025	3	88	 	 	 	 
141026	1	88	 	 	 	 
141026	2	88	 	 	 	 
141026	3	88	 	 	 	 
141027	1	39	 	 	 	1
141027	2	88	 	 	 	 
141027	3	88	 	 	 	 
141028	1	13	1	2	2	2
141028	2	12	1	1	1	1
141028	3	 	 	 	 	 
141029	1	42	1	1	1	1
141029	2	37	 	1	1	 
141029	3	88	 	 	 	 
141030	1	28	 	 	 	1
141030	2	29	1	1	1	1
141030	3	88	 	 	 	 
141031	1	88	 	 	 	 
141031	2	88	 	 	 	 
141031	3	88	 	 	 	 
141032	1	13	1	1	1	1
141032	2	47	 	 	 	 
141032	3	88	 	 	 	 
141033	1	41	 	2	 	 
141033	2	88	 	 	 	 
141033	3	88	 	 	 	 
141034	1	45	 	3	3	 
141034	2	29	 	1	1	 
141034	3	88	 	 	 	 
141035	1	88	 	 	 	 
141035	2	88	 	 	 	 
141035	3	88	 	 	 	 
141036	1	34	 	 	1	 
141036	2	37	1	1	1	 
141036	3	40	1	1	1	 
141037	1	88	 	 	 	 
141037	2	88	 	 	 	 
141037	3	88	 	 	 	 
141039	1	88	 	 	 	 
141039	2	88	 	 	 	 
141039	3	88	 	 	 	 
141040	1	88	 	 	 	 
141040	2	88	 	 	 	 
141040	3	88	 	 	 	 
141041	1	41	 	 	1	 
141041	2	40	 	 	2	 
141041	3	88	 	 	 	 
141042	1	88	 	 	 	 
141042	2	88	 	 	 	 
141042	3	88	 	 	 	 
141043	1	13	 	 	1	1
141043	2	88	 	 	 	 
141043	3	88	 	 	 	 
141044	1	88	 	 	 	 
141044	2	88	 	 	 	 
141044	3	88	 	 	 	 
141045	1	42	1	1	1	1
141045	2	88	 	 	 	 
141045	3	88	 	 	 	 
141047	1	28	1	1	1	1
141047	2	88	 	 	 	 
141047	3	88	 	 	 	 
141048	1	28	1	1	1	1
141048	2	30	1	1	1	1
141048	3	27	 	 	1	 
141049	1	14	3	 	 	 
141049	2	88	 	 	 	 
141049	3	88	 	 	 	 
141050	1	1	 	1	 	 
141050	2	88	 	 	 	 
141050	3	88	 	 	 	 
141051	1	88	 	 	 	 
141051	2	88	 	 	 	 
141051	3	88	 	 	 	 
141052	1	39	 	 	2	 
141052	2	12	1	1	1	1
141052	3	42	1	1	1	1
141062	1	37	 	1	1	2
141062	2	42	1	2	2	2
141062	3	47	1	1	2	1
141066	1	27	1	 	 	 
141066	2	88	 	 	 	 
141066	3	88	 	 	 	 
141073	1	88	 	 	 	 
141073	2	88	 	 	 	 
141073	3	88	 	 	 	 
141076	1	88	 	 	 	 
141076	2	88	 	 	 	 
141076	3	88	 	 	 	 
151001	1	13	 	 	 	2
151001	2	12	1	1	1	1
151001	3	88	 	 	 	 
151002	1	88	 	 	 	 
151002	2	88	 	 	 	 
151002	3	88	 	 	 	 
151003	1	88	 	 	 	 
151003	2	88	 	 	 	 
151003	3	88	 	 	 	 
151004	1	37	 	 	4	 
151004	2	88	 	 	 	 
151004	3	88	 	 	 	 
151005	1	28	 	 	 	1
151005	2	25	 	 	1	 
151005	3	24	 	1	 	 
151006	1	88	 	 	 	 
151006	2	88	 	 	 	 
151006	3	88	 	 	 	 
151007	1	88	 	 	 	 
151007	2	88	 	 	 	 
151007	3	88	 	 	 	 
151008	1	39	 	 	2	 
151008	2	88	 	 	 	 
151008	3	88	 	 	 	 
151010	1	88	 	 	 	 
151010	2	88	 	 	 	 
151010	3	88	 	 	 	 
151011	1	88	 	 	 	 
151011	2	88	 	 	 	 
151011	3	88	 	 	 	 
151012	1	31	 	4	 	 
151012	2	28	 	 	 	1
151012	3	88	 	 	 	 
151013	1	1	 	 	 	2
151013	2	29	 	 	 	1
151013	3	28	 	 	 	1
151014	1	28	 	 	 	2
151014	2	25	 	1	 	 
151014	3	88	 	 	 	 
151015	1	88	 	 	 	 
151015	2	88	 	 	 	 
151015	3	88	 	 	 	 
151016	1	88	 	 	 	 
151016	2	88	 	 	 	 
151016	3	88	 	 	 	 
151017	1	88	 	 	 	 
151017	2	88	 	 	 	 
151017	3	88	 	 	 	 
151018	1	28	 	 	 	2
151018	2	88	 	 	 	 
151018	3	88	 	 	 	 
151019	1	88	 	 	 	 
151019	2	88	 	 	 	 
151019	3	88	 	 	 	 
151020	1	36	 	 	 	2
151020	2	88	 	 	 	 
151020	3	88	 	 	 	 
151021	1	37	 	2	 	 
151021	2	88	 	 	 	 
151021	3	88	 	 	 	 
151022	1	88	 	 	 	 
151022	2	88	 	 	 	 
151022	3	88	 	 	 	 
151023	1	88	 	 	 	 
151023	2	88	 	 	 	 
151023	3	88	 	 	 	 
151024	1	38	2	 	 	 
151024	2	88	 	 	 	 
151024	3	88	 	 	 	 
151025	1	29	 	2	 	 
151025	2	88	 	 	 	 
151025	3	88	 	 	 	 
151028	1	88	 	 	 	 
151028	2	88	 	 	 	 
151028	3	88	 	 	 	 
151029	1	39	 	 	 	3
151029	2	29	 	 	 	1
151029	3	88	 	 	 	 
151030	1	13	 	 	 	1
151030	2	88	 	 	 	 
151030	3	88	 	 	 	 
151031	1	88	 	 	 	 
151031	2	88	 	 	 	 
151031	3	88	 	 	 	 
151032	1	88	 	 	 	 
151032	2	88	 	 	 	 
151032	3	88	 	 	 	 
151034	1	88	 	 	 	 
151034	2	88	 	 	 	 
151034	3	88	 	 	 	 
151035	1	88	 	 	 	 
151035	2	88	 	 	 	 
151035	3	88	 	 	 	 
151036	1	14	4	 	 	 
151036	2	45	 	 	4	4
151036	3	88	 	 	 	 
151037	1	39	 	 	4	 
151037	2	12	3	 	 	 
151037	3	29	 	 	 	2
151038	1	88	 	 	 	 
151038	2	88	 	 	 	 
151038	3	88	 	 	 	 
151039	1	42	 	 	 	2
151039	2	41	1	 	 	 
151039	3	88	 	 	 	 
151040	1	13	 	 	 	2
151040	2	88	 	 	 	 
151040	3	88	 	 	 	 
151041	1	38	 	 	 	2
151041	2	28	 	 	 	2
151041	3	88	 	 	 	 
151042	1	45	 	 	 	3
151042	2	88	 	 	 	 
151042	3	88	 	 	 	 
151043	1	88	 	 	 	 
151043	2	88	 	 	 	 
151043	3	88	 	 	 	 
151044	1	39	 	 	 	4
151044	2	88	 	 	 	 
151044	3	88	 	 	 	 
151045	1	88	 	 	 	 
151045	2	88	 	 	 	 
151045	3	88	 	 	 	 
151046	1	29	2	 	 	 
151046	2	88	 	 	 	 
151046	3	88	 	 	 	 
151047	1	88	 	 	 	 
151047	2	88	 	 	 	 
151047	3	88	 	 	 	 
151049	1	88	 	 	 	 
151049	2	88	 	 	 	 
151049	3	88	 	 	 	 
151051	1	88	 	 	 	 
151051	2	88	 	 	 	 
151051	3	88	 	 	 	 
151075	1	14	 	 	4	 
151075	2	29	 	 	 	1
151075	3	88	 	 	 	 
151079	1	14	 	1	 	 
151079	2	88	 	 	 	 
151079	3	88	 	 	 	 
151081	1	88	 	 	 	 
151081	2	88	 	 	 	 
151081	3	88	 	 	 	 
151082	1	88	 	 	 	 
151082	2	88	 	 	 	 
151082	3	88	 	 	 	 
161001	1	88	 	 	 	 
161001	2	88	 	 	 	 
161001	3	88	 	 	 	 
161002	1	1	2	 	 	 
161002	2	88	 	 	 	 
161002	3	88	 	 	 	 
161003	1	29	 	 	 	3
161003	2	88	 	 	 	 
161003	3	88	 	 	 	 
161004	1	45	 	 	4	 
161004	2	88	 	 	 	 
161004	3	88	 	 	 	 
161005	1	88	 	 	 	 
161005	2	88	 	 	 	 
161005	3	88	 	 	 	 
161006	1	45	 	 	 	3
161006	2	88	 	 	 	 
161006	3	88	 	 	 	 
161007	1	88	 	 	 	 
161007	2	88	 	 	 	 
161007	3	88	 	 	 	 
161008	1	88	 	 	 	 
161008	2	88	 	 	 	 
161008	3	88	 	 	 	 
161009	1	88	 	 	 	 
161009	2	88	 	 	 	 
161009	3	88	 	 	 	 
161010	1	88	 	 	 	 
161010	2	88	 	 	 	 
161010	3	88	 	 	 	 
161011	1	88	 	 	 	 
161011	2	88	 	 	 	 
161011	3	88	 	 	 	 
161012	1	29	1	 	 	 
161012	2	88	 	 	 	 
161012	3	88	 	 	 	 
161013	1	88	 	 	 	 
161013	2	88	 	 	 	 
161013	3	88	 	 	 	 
161014	1	34	 	3	 	 
161014	2	35	 	 	4	 
161014	3	88	 	 	 	 
161015	1	88	 	 	 	 
161015	2	88	 	 	 	 
161015	3	88	 	 	 	 
161016	1	13	 	1	 	 
161016	2	29	1	 	 	 
161016	3	88	 	 	 	 
161017	1	88	 	 	 	 
161017	2	88	 	 	 	 
161017	3	88	 	 	 	 
161018	1	37	 	 	 	2
161018	2	38	 	 	 	2
161018	3	88	 	 	 	 
161019	1	88	 	 	 	 
161019	2	88	 	 	 	 
161019	3	88	 	 	 	 
161020	1	88	 	 	 	 
161020	2	88	 	 	 	 
161020	3	88	 	 	 	 
161021	1	37	 	 	 	3
161021	2	88	 	 	 	 
161021	3	88	 	 	 	 
161022	1	88	 	 	 	 
161022	2	88	 	 	 	 
161022	3	88	 	 	 	 
161024	1	13	 	 	1	1
161024	2	30	 	 	 	2
161024	3	88	 	 	 	 
161025	1	88	 	 	 	 
161025	2	88	 	 	 	 
161025	3	88	 	 	 	 
161027	1	29	 	 	 	4
161027	2	37	1	1	1	1
161027	3	88	 	 	 	 
161028	1	39	1	1	1	1
161028	2	88	 	 	 	 
161028	3	88	 	 	 	 
161029	1	88	 	 	 	 
161029	2	88	 	 	 	 
161029	3	88	 	 	 	 
161030	1	88	 	 	 	 
161030	2	88	 	 	 	 
161030	3	88	 	 	 	 
161031	1	34	 	 	2	 
161031	2	41	 	 	2	 
161031	3	61	 	 	 	1
161032	1	29	 	 	 	1
161032	2	42	 	 	1	 
161032	3	88	 	 	 	 
161033	1	37	4	 	 	 
161033	2	39	 	1	 	 
161033	3	88	 	 	 	 
161035	1	29	 	 	 	1
161035	2	88	 	 	 	 
161035	3	88	 	 	 	 
161037	1	88	 	 	 	 
161037	2	88	 	 	 	 
161037	3	88	 	 	 	 
161038	1	88	 	 	 	 
161038	2	88	 	 	 	 
161038	3	88	 	 	 	 
161039	1	88	 	 	 	 
161039	2	88	 	 	 	 
161039	3	88	 	 	 	 
161040	1	88	 	 	 	 
161040	2	88	 	 	 	 
161040	3	88	 	 	 	 
161041	1	39	 	 	 	2
161041	2	88	 	 	 	 
161041	3	88	 	 	 	 
161042	1	37	 	 	 	2
161042	2	14	 	 	 	1
161042	3	88	 	 	 	 
161043	1	37	3	 	 	 
161043	2	14	2	 	 	 
161043	3	88	 	 	 	 
161044	1	88	 	 	 	 
161044	2	88	 	 	 	 
161044	3	88	 	 	 	 
161045	1	88	 	 	 	 
161045	2	88	 	 	 	 
161045	3	88	 	 	 	 
161048	1	88	 	 	 	 
161048	2	88	 	 	 	 
161048	3	88	 	 	 	 
161049	1	45	 	 	 	3
161049	2	88	 	 	 	 
161049	3	88	 	 	 	 
161050	1	88	 	 	 	 
161050	2	88	 	 	 	 
161050	3	88	 	 	 	 
171003	1	88	 	 	 	 
171003	2	88	 	 	 	 
171003	3	88	 	 	 	 
171004	1	40	3	 	 	 
171004	2	1	 	 	 	1
171004	3	88	 	 	 	 
171005	1	34	4	 	 	 
171005	2	88	 	 	 	 
171005	3	88	 	 	 	 
171006	1	88	 	 	 	 
171006	2	88	 	 	 	 
171006	3	88	 	 	 	 
171008	1	37	 	 	 	77
171008	2	88	 	 	 	 
171008	3	88	 	 	 	 
171009	1	37	1	1	1	1
171009	2	47	1	1	1	1
171009	3	88	 	 	 	 
171011	1	39	2	2	3	3
171011	2	88	 	 	 	 
171011	3	88	 	 	 	 
171012	1	88	 	 	 	 
171012	2	88	 	 	 	 
171012	3	88	 	 	 	 
171013	1	39	 	 	 	1
171013	2	88	 	 	 	 
171013	3	88	 	 	 	 
171014	1	34	3	2	2	2
171014	2	36	 	 	 	1
171014	3	88	 	 	 	 
171015	1	42	1	1	2	2
171015	2	88	 	 	 	 
171015	3	88	 	 	 	 
171017	1	42	1	1	1	1
171017	2	88	 	 	 	 
171017	3	88	 	 	 	 
171018	1	88	 	 	 	 
171018	2	88	 	 	 	 
171018	3	88	 	 	 	 
171019	1	88	 	 	 	 
171019	2	88	 	 	 	 
171019	3	88	 	 	 	 
171021	1	37	 	 	 	2
171021	2	88	 	 	 	 
171021	3	88	 	 	 	 
171022	1	 	 	 	 	 
171022	2	 	 	 	 	 
171022	3	 	 	 	 	 
171023	1	88	 	 	 	 
171023	2	88	 	 	 	 
171023	3	88	 	 	 	 
171025	1	88	 	 	 	 
171025	2	88	 	 	 	 
171025	3	88	 	 	 	 
171027	1	88	 	 	 	 
171027	2	88	 	 	 	 
171027	3	88	 	 	 	 
171030	1	88	 	 	 	 
171030	2	88	 	 	 	 
171030	3	88	 	 	 	 
171031	1	88	 	 	 	 
171031	2	88	 	 	 	 
171031	3	88	 	 	 	 
171033	1	16	 	 	 	3
171033	2	42	 	 	 	2
171033	3	12	 	 	2	2
171034	1	40	 	 	 	3
171034	2	88	 	 	 	 
171034	3	88	 	 	 	 
171035	1	48	1	1	1	1
171035	2	88	 	 	 	 
171035	3	88	 	 	 	 
171037	1	88	 	 	 	 
171037	2	88	 	 	 	 
171037	3	88	 	 	 	 
171038	1	88	 	 	 	 
171038	2	88	 	 	 	 
171038	3	88	 	 	 	 
171040	1	88	 	 	 	 
171040	2	88	 	 	 	 
171040	3	88	 	 	 	 
171041	1	39	 	 	 	4
171041	2	16	 	 	2	3
171041	3	88	 	 	 	 
171042	1	42	2	2	2	2
171042	2	88	 	 	 	 
171042	3	88	 	 	 	 
171043	1	38	 	3	 	3
171043	2	88	 	 	 	 
171043	3	88	 	 	 	 
171044	1	42	1	1	1	1
171044	2	88	 	 	 	 
171044	3	88	 	 	 	 
171045	1	12	 	2	2	2
171045	2	42	 	 	 	1
171045	3	88	 	 	 	 
171046	1	88	 	 	 	 
171046	2	88	 	 	 	 
171046	3	88	 	 	 	 
171048	1	88	 	 	 	 
171048	2	88	 	 	 	 
171048	3	88	 	 	 	 
171049	1	42	2	2	2	2
171049	2	1	1	 	 	 
171049	3	23	 	1	 	 
171051	1	88	 	 	 	 
171051	2	88	 	 	 	 
171051	3	88	 	 	 	 
171053	1	42	 	 	2	3
171053	2	88	 	 	 	 
171053	3	88	 	 	 	 
171057	1	88	 	 	 	 
171057	2	88	 	 	 	 
171057	3	88	 	 	 	 
171059	1	48	 	 	 	3
171059	2	42	 	 	2	2
171059	3	88	 	 	 	 
171060	1	88	 	 	 	 
171060	2	88	 	 	 	 
171060	3	88	 	 	 	 
171063	1	16	 	3	2	2
171063	2	42	3	3	 	 
171063	3	88	 	 	 	 
171080	1	88	 	 	 	 
171080	2	88	 	 	 	 
171080	3	88	 	 	 	 
181001	1	47	1	1	1	1
181001	2	12	1	1	1	1
181001	3	42	1	1	1	1
181002	1	37	3	3	3	3
181002	2	88	 	 	 	 
181002	3	88	 	 	 	 
181003	1	88	 	 	 	 
181003	2	88	 	 	 	 
181003	3	88	 	 	 	 
181005	1	88	 	 	 	 
181005	2	88	 	 	 	 
181005	3	88	 	 	 	 
181006	1	88	 	 	 	 
181006	2	88	 	 	 	 
181006	3	88	 	 	 	 
181008	1	34	3	 	 	 
181008	2	48	2	 	 	 
181008	3	16	 	3	 	 
181009	1	48	 	 	 	1
181009	2	88	 	 	 	 
181009	3	88	 	 	 	 
181011	1	42	 	 	1	 
181011	2	39	 	 	1	 
181011	3	47	 	 	 	1
181013	1	61	 	 	2	1
181013	2	47	1	1	1	1
181013	3	37	 	 	1	1
181014	1	88	 	 	 	 
181014	2	88	 	 	 	 
181014	3	88	 	 	 	 
181015	1	88	 	 	 	 
181015	2	88	 	 	 	 
181015	3	88	 	 	 	 
181016	1	88	 	 	 	 
181016	2	88	 	 	 	 
181016	3	88	 	 	 	 
181017	1	42	1	1	1	1
181017	2	88	 	 	 	 
181017	3	88	 	 	 	 
181018	1	16	 	 	 	1
181018	2	47	 	1	1	1
181018	3	88	 	 	 	 
181019	1	88	 	 	 	 
181019	2	88	 	 	 	 
181019	3	88	 	 	 	 
181020	1	88	 	 	 	 
181020	2	88	 	 	 	 
181020	3	88	 	 	 	 
181021	1	16	 	 	1	1
181021	2	42	 	 	1	 
181021	3	47	1	1	1	1
181023	1	88	 	 	 	 
181023	2	88	 	 	 	 
181023	3	88	 	 	 	 
181026	1	88	 	 	 	 
181026	2	88	 	 	 	 
181026	3	88	 	 	 	 
181029	1	88	 	 	 	 
181029	2	88	 	 	 	 
181029	3	88	 	 	 	 
181030	1	42	 	 	1	1
181030	2	88	 	 	 	 
181030	3	88	 	 	 	 
181033	1	39	2	1	1	1
181033	2	47	1	1	1	1
181033	3	88	 	 	 	 
181036	1	88	 	 	 	 
181036	2	88	 	 	 	 
181036	3	88	 	 	 	 
181037	1	41	 	 	 	3
181037	2	39	 	 	 	3
181037	3	88	 	 	 	 
181039	1	88	 	 	 	 
181039	2	88	 	 	 	 
181039	3	88	 	 	 	 
181042	1	47	1	1	2	1
181042	2	37	 	 	 	1
181042	3	40	2	 	 	 
181043	1	42	3	3	2	2
181043	2	39	 	 	1	 
181043	3	48	 	 	 	1
181044	1	47	 	 	2	2
181044	2	36	 	 	1	 
181044	3	42	 	 	1	1
181045	1	42	 	 	 	2
181045	2	37	 	 	1	1
181045	3	12	 	1	1	 
181046	1	13	1	1	1	1
181046	2	88	 	 	 	 
181046	3	88	 	 	 	 
181047	1	88	 	 	 	 
181047	2	88	 	 	 	 
181047	3	88	 	 	 	 
181049	1	16	1	 	 	 
181049	2	88	 	 	 	 
181049	3	88	 	 	 	 
181050	1	38	2	 	 	 
181050	2	16	 	2	2	2
181050	3	88	 	 	 	 
181056	1	88	 	 	 	 
181056	2	88	 	 	 	 
181056	3	88	 	 	 	 
181058	1	88	 	 	 	 
181058	2	88	 	 	 	 
181058	3	88	 	 	 	 
181059	1	88	 	 	 	 
181059	2	88	 	 	 	 
181059	3	88	 	 	 	 
181069	1	37	3	2	2	2
181069	2	16	 	2	 	 
181069	3	47	1	 	 	 
181073	1	1	 	 	 	1
181073	2	47	1	1	1	1
181073	3	39	 	4	4	3
181078	1	88	 	 	 	 
181078	2	88	 	 	 	 
181078	3	88	 	 	 	 
191001	1	88	 	 	 	 
191001	2	88	 	 	 	 
191001	3	88	 	 	 	 
191003	1	88	 	 	 	 
191003	2	88	 	 	 	 
191003	3	88	 	 	 	 
191004	1	14	 	2	 	 
191004	2	88	 	 	 	 
191004	3	88	 	 	 	 
191005	1	38	 	 	 	2
191005	2	1	1	 	 	 
191005	3	14	 	 	 	2
191006	1	1	1	 	 	 
191006	2	16	 	 	1	1
191006	3	28	 	 	 	1
191007	1	38	 	1	 	 
191007	2	37	1	1	1	1
191007	3	10	1	1	1	1
191008	1	38	2	2	2	3
191008	2	45	 	 	 	1
191008	3	37	2	 	 	 
191009	1	38	77	2	2	2
191009	2	45	 	 	 	2
191009	3	37	 	 	 	2
191011	1	39	1	1	1	1
191011	2	42	 	3	3	3
191011	3	88	 	 	 	 
191012	1	88	 	 	 	 
191012	2	88	 	 	 	 
191012	3	88	 	 	 	 
191013	1	37	 	 	 	1
191013	2	38	 	 	 	1
191013	3	88	 	 	 	 
191014	1	88	 	 	 	 
191014	2	88	 	 	 	 
191014	3	88	 	 	 	 
191015	1	38	 	 	1	4
191015	2	37	 	 	 	2
191015	3	88	 	 	 	 
191016	1	16	 	 	 	1
191016	2	88	 	 	 	 
191016	3	88	 	 	 	 
191017	1	48	 	 	 	3
191017	2	61	1	1	1	1
191017	3	88	 	 	 	 
191018	1	88	 	 	 	 
191018	2	88	 	 	 	 
191018	3	88	 	 	 	 
191020	1	48	 	 	 	1
191020	2	1	 	 	 	1
191020	3	88	 	 	 	 
191021	1	88	 	 	 	 
191021	2	88	 	 	 	 
191021	3	88	 	 	 	 
191022	1	88	 	 	 	 
191022	2	88	 	 	 	 
191022	3	88	 	 	 	 
191023	1	88	 	 	 	 
191023	2	88	 	 	 	 
191023	3	88	 	 	 	 
191024	1	88	 	 	 	 
191024	2	88	 	 	 	 
191024	3	88	 	 	 	 
191025	1	39	 	 	 	4
191025	2	88	 	 	 	 
191025	3	88	 	 	 	 
191026	1	38	 	 	 	2
191026	2	42	2	2	1	1
191026	3	88	 	 	 	 
191027	1	37	 	 	2	 
191027	2	88	 	 	 	 
191027	3	88	 	 	 	 
191028	1	88	 	 	 	 
191028	2	88	 	 	 	 
191028	3	88	 	 	 	 
191029	1	88	 	 	 	 
191029	2	88	 	 	 	 
191029	3	88	 	 	 	 
191030	1	88	 	 	 	 
191030	2	88	 	 	 	 
191030	3	88	 	 	 	 
191033	1	88	 	 	 	 
191033	2	88	 	 	 	 
191033	3	88	 	 	 	 
191035	1	16	 	 	 	3
191035	2	13	 	 	 	2
191035	3	39	 	 	 	1
191036	1	88	 	 	 	 
191036	2	88	 	 	 	 
191036	3	88	 	 	 	 
191037	1	38	1	 	 	 
191037	2	39	1	 	 	 
191037	3	1	 	1	 	 
191038	1	38	 	 	2	 
191038	2	16	 	 	2	 
191038	3	88	 	 	 	 
191039	1	16	 	 	3	 
191039	2	37	 	 	 	2
191039	3	42	 	 	1	 
191040	1	88	 	 	 	 
191040	2	88	 	 	 	 
191040	3	88	 	 	 	 
191041	1	88	 	 	 	 
191041	2	88	 	 	 	 
191041	3	88	 	 	 	 
191043	1	88	 	 	 	 
191043	2	88	 	 	 	 
191043	3	88	 	 	 	 
191044	1	88	 	 	 	 
191044	2	88	 	 	 	 
191044	3	88	 	 	 	 
191045	1	32	 	 	 	2
191045	2	48	 	 	 	2
191045	3	88	 	 	 	 
191046	1	88	 	 	 	 
191046	2	88	 	 	 	 
191046	3	88	 	 	 	 
191047	1	88	 	 	 	 
191047	2	88	 	 	 	 
191047	3	88	 	 	 	 
191048	1	41	 	 	3	3
191048	2	39	 	 	 	3
191048	3	36	 	 	 	3
191050	1	88	 	 	 	 
191050	2	88	 	 	 	 
191050	3	88	 	 	 	 
191052	1	16	3	3	3	2
191052	2	38	1	1	1	1
191052	3	88	 	 	 	 
191055	1	38	1	1	1	1
191055	2	37	1	1	1	1
191055	3	1	 	 	1	 
191057	1	16	 	 	1	1
191057	2	38	 	 	1	1
191057	3	88	 	 	 	 
201002	1	48	 	 	 	1
201002	2	88	 	 	 	 
201002	3	88	 	 	 	 
201003	1	88	 	 	 	 
201003	2	88	 	 	 	 
201003	3	88	 	 	 	 
201005	1	16	 	 	3	3
201005	2	12	 	 	2	2
201005	3	48	 	 	 	2
201006	1	25	1	1	1	1
201006	2	88	 	 	 	 
201006	3	88	 	 	 	 
201007	1	88	 	 	 	 
201007	2	88	 	 	 	 
201007	3	88	 	 	 	 
201008	1	88	 	 	 	 
201008	2	88	 	 	 	 
201008	3	88	 	 	 	 
201010	1	37	 	 	 	1
201010	2	38	 	 	2	2
201010	3	47	1	1	1	1
201011	1	37	 	 	 	2
201011	2	88	 	 	 	 
201011	3	88	 	 	 	 
201013	1	16	 	 	3	 
201013	2	12	 	 	1	1
201013	3	41	 	 	1	 
201014	1	88	 	 	 	 
201014	2	88	 	 	 	 
201014	3	88	 	 	 	 
201015	1	88	 	 	 	 
201015	2	88	 	 	 	 
201015	3	88	 	 	 	 
201016	1	88	 	 	 	 
201016	2	88	 	 	 	 
201016	3	88	 	 	 	 
201017	1	39	2	2	2	3
201017	2	42	 	 	 	1
201017	3	48	 	 	 	1
201023	1	88	 	 	 	 
201023	2	88	 	 	 	 
201023	3	88	 	 	 	 
201024	1	48	1	 	 	 
201024	2	88	 	 	 	 
201024	3	88	 	 	 	 
201030	1	48	 	 	 	1
201030	2	37	1	1	1	1
201030	3	42	1	2	1	2
201031	1	88	 	 	 	 
201031	2	88	 	 	 	 
201031	3	88	 	 	 	 
201032	1	88	 	 	 	 
201032	2	88	 	 	 	 
201032	3	88	 	 	 	 
201034	1	48	 	 	 	1
201034	2	88	 	 	 	 
201034	3	88	 	 	 	 
201037	1	34	 	 	 	 
201037	2	48	 	 	 	2
201037	3	88	 	 	 	 
201039	1	88	 	 	 	 
201039	2	88	 	 	 	 
201039	3	88	 	 	 	 
201042	1	12	 	 	2	 
201042	2	16	 	 	 	3
201042	3	39	 	 	2	2
201044	1	48	 	 	 	1
201044	2	88	 	 	 	 
201044	3	88	 	 	 	 
201045	1	37	2	2	3	3
201045	2	39	2	2	3	3
201045	3	88	 	 	 	 
201046	1	88	 	 	 	 
201046	2	88	 	 	 	 
201046	3	88	 	 	 	 
201049	1	34	 	3	3	3
201049	2	16	 	3	3	3
201049	3	39	 	 	 	2
201050	1	88	 	 	 	 
201050	2	88	 	 	 	 
201050	3	88	 	 	 	 
201051	1	47	1	1	77	77
201051	2	88	 	 	 	 
201051	3	88	 	 	 	 
201052	1	48	 	1	 	1
201052	2	42	 	 	 	1
201052	3	88	 	 	 	 
201056	1	42	2	2	3	3
201056	2	47	 	2	 	 
201056	3	12	 	2	 	 
201059	1	88	 	 	 	 
201059	2	88	 	 	 	 
201059	3	88	 	 	 	 
201064	1	88	 	 	 	 
201064	2	88	 	 	 	 
201064	3	88	 	 	 	 
201065	1	88	 	 	 	 
201065	2	88	 	 	 	 
201065	3	88	 	 	 	 
201068	1	16	 	3	3	3
201068	2	42	1	2	2	2
201068	3	88	 	 	 	 
201073	1	37	 	1	1	2
201073	2	42	1	1	1	1
201073	3	35	 	 	 	2
201074	1	37	3	 	 	 
201074	2	42	 	 	 	2
201074	3	88	 	 	 	 
201082	1	88	 	 	 	 
201082	2	88	 	 	 	 
201082	3	88	 	 	 	 
201084	1	88	 	 	 	 
201084	2	88	 	 	 	 
201084	3	88	 	 	 	 
201086	1	88	 	 	 	 
201086	2	88	 	 	 	 
201086	3	88	 	 	 	 
201104	1	45	 	3	 	3
201104	2	38	 	1	 	 
201104	3	37	 	 	1	 
